   0.0000000e+00   2.2382118e-01
   1.0000000e+01  -1.4977916e-01
   2.0000000e+01  -3.5792825e-02
   3.0000000e+01   1.0517885e+00
   4.0000000e+01   5.9691068e+00
   5.0000000e+01   1.1280675e+01
   6.0000000e+01   1.5025464e+01
   7.0000000e+01   1.7831610e+01
   8.0000000e+01   1.9927660e+01
   9.0000000e+01   2.1557047e+01
   1.0000000e+02   2.2837847e+01
   1.1000000e+02   2.3744723e+01
   1.2000000e+02   2.4557257e+01
   1.3000000e+02   2.5132555e+01
   1.4000000e+02   2.5652632e+01
   1.5000000e+02   2.6076814e+01
   1.6000000e+02   2.6390736e+01
   1.7000000e+02   2.6718168e+01
   1.8000000e+02   2.6989284e+01
   1.9000000e+02   2.7273765e+01
   2.0000000e+02   2.7490885e+01
   2.1000000e+02   2.7666410e+01
   2.2000000e+02   2.7867121e+01
   2.3000000e+02   2.7978230e+01
   2.4000000e+02   2.8105387e+01
   2.5000000e+02   2.8226642e+01
   2.6000000e+02   2.8266864e+01
   2.7000000e+02   2.8410702e+01
   2.8000000e+02   2.8756353e+01
   2.9000000e+02   3.1625836e+01
   3.0000000e+02   3.3440603e+01
   3.1000000e+02   3.4710992e+01
   3.2000000e+02   3.5649089e+01
   3.3000000e+02   3.6503696e+01
   3.4000000e+02   3.6242114e+01
   3.5000000e+02   3.3804218e+01
   3.6000000e+02   3.2724329e+01
   3.7000000e+02   3.1876138e+01
   3.8000000e+02   3.1316698e+01
   3.9000000e+02   3.0941983e+01
   4.0000000e+02   3.0692410e+01
   4.1000000e+02   3.0493800e+01
   4.2000000e+02   3.0819427e+01
   4.3000000e+02   3.2101150e+01
   4.4000000e+02   3.2946293e+01
   4.5000000e+02   3.3596468e+01
   4.6000000e+02   3.3878046e+01
   4.7000000e+02   3.3492565e+01
   4.8000000e+02   3.4063206e+01
   4.9000000e+02   3.3490562e+01
   5.0000000e+02   3.4039797e+01
   5.1000000e+02   3.3537007e+01
   5.2000000e+02   3.3678116e+01
   5.3000000e+02   3.3979434e+01
   5.4000000e+02   3.3132920e+01
   5.5000000e+02   3.3959155e+01
   5.6000000e+02   3.4153084e+01
   5.7000000e+02   3.3203919e+01
   5.8000000e+02   3.3391009e+01
   5.9000000e+02   3.3756010e+01
   6.0000000e+02   3.3411848e+01
   6.1000000e+02   3.3118353e+01
   6.2000000e+02   3.3914864e+01
   6.3000000e+02   3.3005155e+01
   6.4000000e+02   3.3303109e+01
   6.5000000e+02   3.3871337e+01
   6.6000000e+02   3.2947797e+01
   6.7000000e+02   3.3239414e+01
   6.8000000e+02   3.3574975e+01
   6.9000000e+02   3.3991681e+01
