   0.0000000e+00   1.0826978e-02
   1.0000000e+01  -1.0066059e-02
   2.0000000e+01  -1.9626577e-02
   3.0000000e+01   9.2391464e-02
   4.0000000e+01   4.1852735e-01
   5.0000000e+01   1.9137263e-01
   6.0000000e+01  -3.9873477e-02
   7.0000000e+01  -1.3054140e-01
   8.0000000e+01  -2.5232999e-01
   9.0000000e+01  -6.6848568e-02
   1.0000000e+02   3.2092229e-01
   1.1000000e+02   4.3324438e-01
   1.2000000e+02   2.3665294e-01
   1.3000000e+02   2.9783677e-02
   1.4000000e+02   8.1988359e-02
   1.5000000e+02   2.1145626e-01
   1.6000000e+02   3.1619552e-01
   1.7000000e+02   3.4906862e-01
   1.8000000e+02   3.6247917e-01
   1.9000000e+02   3.8866623e-01
   2.0000000e+02   4.3294102e-01
   2.1000000e+02   5.4283295e-01
   2.2000000e+02   6.3227689e-01
   2.3000000e+02   7.4831773e-01
   2.4000000e+02   8.2300632e-01
   2.5000000e+02   8.5849765e-01
   2.6000000e+02   8.5116951e-01
   2.7000000e+02   8.5874663e-01
   2.8000000e+02   8.4705251e-01
   2.9000000e+02   8.4664785e-01
   3.0000000e+02   8.5524435e-01
   3.1000000e+02   8.6836291e-01
   3.2000000e+02   8.6705199e-01
   3.3000000e+02   8.5797466e-01
   3.4000000e+02   8.3753973e-01
   3.5000000e+02   8.4317539e-01
   3.6000000e+02   8.2999626e-01
   3.7000000e+02   8.2736661e-01
   3.8000000e+02   8.2615389e-01
   3.9000000e+02   8.2545589e-01
   4.0000000e+02   8.2727638e-01
   4.1000000e+02   8.4471229e-01
   4.2000000e+02   8.6664702e-01
   4.3000000e+02   8.5325594e-01
   4.4000000e+02   8.6360500e-01
   4.5000000e+02   8.8856246e-01
   4.6000000e+02   8.8105164e-01
   4.7000000e+02   8.9273633e-01
   4.8000000e+02   8.9288174e-01
   4.9000000e+02   9.1376641e-01
   5.0000000e+02   9.0446754e-01
   5.1000000e+02   8.9943017e-01
   5.2000000e+02   8.8799434e-01
   5.3000000e+02   8.8082308e-01
   5.4000000e+02   8.9456064e-01
   5.5000000e+02   9.1297928e-01
   5.6000000e+02   9.1155484e-01
   5.7000000e+02   9.2498887e-01
   5.8000000e+02   9.0591368e-01
   5.9000000e+02   9.1820752e-01
   6.0000000e+02   9.0933574e-01
   6.1000000e+02   9.1697760e-01
   6.2000000e+02   9.3230443e-01
   6.3000000e+02   9.1769936e-01
   6.4000000e+02   9.2855348e-01
   6.5000000e+02   9.3173567e-01
   6.6000000e+02   9.3667391e-01
   6.7000000e+02   9.4046872e-01
   6.8000000e+02   9.3415164e-01
   6.9000000e+02   9.3941247e-01
   7.0000000e+02   9.3837622e-01
   7.1000000e+02   9.3922946e-01
   7.2000000e+02   9.4708354e-01
   7.3000000e+02   9.3851887e-01
   7.4000000e+02   9.4525886e-01
   7.5000000e+02   9.6519232e-01
   7.6000000e+02   9.6749539e-01
   7.7000000e+02   9.5387842e-01
   7.8000000e+02   9.6928702e-01
   7.9000000e+02   9.8725262e-01
   8.0000000e+02   9.9874202e-01
   8.1000000e+02   9.9111295e-01
   8.2000000e+02   9.8751670e-01
   8.3000000e+02   9.8312564e-01
   8.4000000e+02   1.0046874e+00
   8.5000000e+02   1.0162974e+00
   8.6000000e+02   1.0180729e+00
   8.7000000e+02   1.0237542e+00
