   0.0000000e+00   2.2123327e+01
   1.0000000e+01   2.2120734e+01
   2.0000000e+01   2.2118155e+01
   3.0000000e+01   2.2115220e+01
   4.0000000e+01   2.2129234e+01
   5.0000000e+01   2.2123116e+01
   6.0000000e+01   2.2129063e+01
   7.0000000e+01   2.2132003e+01
   8.0000000e+01   2.2135533e+01
   9.0000000e+01   2.2150084e+01
   1.0000000e+02   2.2157532e+01
   1.1000000e+02   2.2171744e+01
   1.2000000e+02   2.2204080e+01
   1.3000000e+02   2.2233910e+01
   1.4000000e+02   2.2275188e+01
   1.5000000e+02   2.2301444e+01
   1.6000000e+02   2.2325104e+01
   1.7000000e+02   2.2369895e+01
   1.8000000e+02   2.2407071e+01
   1.9000000e+02   2.2443718e+01
   2.0000000e+02   2.2462036e+01
   2.1000000e+02   2.2498285e+01
   2.2000000e+02   2.2530227e+01
   2.3000000e+02   2.2557868e+01
   2.4000000e+02   2.2582181e+01
   2.5000000e+02   2.2613358e+01
   2.6000000e+02   2.2636570e+01
   2.7000000e+02   2.2681792e+01
   2.8000000e+02   2.2710458e+01
   2.9000000e+02   2.2738030e+01
   3.0000000e+02   2.2769547e+01
   3.1000000e+02   2.2794025e+01
   3.2000000e+02   2.2827590e+01
   3.3000000e+02   2.2856162e+01
   3.4000000e+02   2.2894094e+01
   3.5000000e+02   2.2935057e+01
   3.6000000e+02   2.2952560e+01
   3.7000000e+02   2.2987530e+01
   3.8000000e+02   2.3009288e+01
   3.9000000e+02   2.3041897e+01
   4.0000000e+02   2.3034941e+01
   4.1000000e+02   2.3058843e+01
   4.2000000e+02   2.3063362e+01
   4.3000000e+02   2.3084979e+01
   4.4000000e+02   2.3094507e+01
   4.5000000e+02   2.3110212e+01
   4.6000000e+02   2.3131182e+01
   4.7000000e+02   2.3160556e+01
   4.8000000e+02   2.3190353e+01
   4.9000000e+02   2.3195917e+01
   5.0000000e+02   2.3228573e+01
   5.1000000e+02   2.3234835e+01
   5.2000000e+02   2.3272790e+01
   5.3000000e+02   2.3270239e+01
   5.4000000e+02   2.3279687e+01
   5.5000000e+02   2.3305449e+01
   5.6000000e+02   2.3317067e+01
   5.7000000e+02   2.3329840e+01
   5.8000000e+02   2.3341305e+01
   5.9000000e+02   2.3373495e+01
   6.0000000e+02   2.3381055e+01
   6.1000000e+02   2.3395175e+01
   6.2000000e+02   2.3413591e+01
   6.3000000e+02   2.3426918e+01
   6.4000000e+02   2.3437028e+01
   6.5000000e+02   2.3455762e+01
   6.6000000e+02   2.3451363e+01
   6.7000000e+02   2.3457702e+01
   6.8000000e+02   2.3471746e+01
   6.9000000e+02   2.3489154e+01
