   0.0000000e+00   2.0670890e+01
   1.0000000e+01   2.0671062e+01
   2.0000000e+01   2.0665435e+01
   3.0000000e+01   2.0671901e+01
   4.0000000e+01   2.0670094e+01
   5.0000000e+01   2.0657231e+01
   6.0000000e+01   2.0653056e+01
   7.0000000e+01   2.0659389e+01
   8.0000000e+01   2.0673737e+01
   9.0000000e+01   2.0670764e+01
   1.0000000e+02   2.0690983e+01
   1.1000000e+02   2.0686904e+01
   1.2000000e+02   2.0689796e+01
   1.3000000e+02   2.0715552e+01
   1.4000000e+02   2.0738597e+01
   1.5000000e+02   2.0760445e+01
   1.6000000e+02   2.0805492e+01
   1.7000000e+02   2.0812912e+01
   1.8000000e+02   2.0856888e+01
   1.9000000e+02   2.0876372e+01
   2.0000000e+02   2.0901914e+01
   2.1000000e+02   2.0941483e+01
   2.2000000e+02   2.0964073e+01
   2.3000000e+02   2.0995691e+01
   2.4000000e+02   2.1030383e+01
   2.5000000e+02   2.1068444e+01
   2.6000000e+02   2.1094673e+01
   2.7000000e+02   2.1135122e+01
   2.8000000e+02   2.1175265e+01
   2.9000000e+02   2.1207262e+01
   3.0000000e+02   2.1240164e+01
   3.1000000e+02   2.1279209e+01
   3.2000000e+02   2.1313536e+01
   3.3000000e+02   2.1354903e+01
   3.4000000e+02   2.1372411e+01
   3.5000000e+02   2.1403271e+01
   3.6000000e+02   2.1431739e+01
   3.7000000e+02   2.1463354e+01
   3.8000000e+02   2.1499857e+01
   3.9000000e+02   2.1521371e+01
   4.0000000e+02   2.1541007e+01
   4.1000000e+02   2.1582046e+01
   4.2000000e+02   2.1604911e+01
   4.3000000e+02   2.1620668e+01
   4.4000000e+02   2.1651610e+01
   4.5000000e+02   2.1683974e+01
   4.6000000e+02   2.1700984e+01
   4.7000000e+02   2.1728401e+01
   4.8000000e+02   2.1756538e+01
   4.9000000e+02   2.1780432e+01
   5.0000000e+02   2.1802823e+01
   5.1000000e+02   2.1826700e+01
   5.2000000e+02   2.1840014e+01
   5.3000000e+02   2.1862219e+01
   5.4000000e+02   2.1888215e+01
   5.5000000e+02   2.1907328e+01
   5.6000000e+02   2.1926026e+01
   5.7000000e+02   2.1949868e+01
   5.8000000e+02   2.1965949e+01
   5.9000000e+02   2.1994663e+01
   6.0000000e+02   2.2007532e+01
   6.1000000e+02   2.2020955e+01
   6.2000000e+02   2.2043681e+01
   6.3000000e+02   2.2058911e+01
   6.4000000e+02   2.2083408e+01
   6.5000000e+02   2.2105322e+01
   6.6000000e+02   2.2113034e+01
   6.7000000e+02   2.2132785e+01
   6.8000000e+02   2.2146357e+01
   6.9000000e+02   2.2166185e+01
   7.0000000e+02   2.2178099e+01
   7.1000000e+02   2.2191439e+01
   7.2000000e+02   2.2212240e+01
   7.3000000e+02   2.2235819e+01
   7.4000000e+02   2.2243944e+01
   7.5000000e+02   2.2267109e+01
   7.6000000e+02   2.2280973e+01
   7.7000000e+02   2.2280771e+01
   7.8000000e+02   2.2306348e+01
   7.9000000e+02   2.2321996e+01
   8.0000000e+02   2.2351053e+01
   8.1000000e+02   2.2357068e+01
   8.2000000e+02   2.2372432e+01
   8.3000000e+02   2.2379834e+01
   8.4000000e+02   2.2401388e+01
   8.5000000e+02   2.2417155e+01
   8.6000000e+02   2.2427252e+01
   8.7000000e+02   2.2439636e+01
