   0.0000000e+00  -5.2281217e-03
   1.0000000e+01  -3.9143699e-03
   2.0000000e+01  -1.2375720e-03
   3.0000000e+01  -1.1124120e-03
   4.0000000e+01   6.2463060e-03
   5.0000000e+01   4.2694557e-03
   6.0000000e+01   6.7668484e-03
   7.0000000e+01   7.5534378e-03
   8.0000000e+01   8.6912057e-03
   9.0000000e+01   1.4228158e-02
   1.0000000e+02   1.2722641e-02
   1.1000000e+02   1.3447559e-02
   1.2000000e+02   3.6379877e-02
   1.3000000e+02   5.2709061e-02
   1.4000000e+02   7.9106154e-02
   1.5000000e+02   1.1480140e-01
   1.6000000e+02   1.5045133e-01
   1.7000000e+02   1.8375406e-01
   1.8000000e+02   2.1520771e-01
   1.9000000e+02   2.7251504e-01
   2.0000000e+02   3.2589678e-01
   2.1000000e+02   3.6344117e-01
   2.2000000e+02   4.1858209e-01
   2.3000000e+02   4.6585029e-01
   2.4000000e+02   5.0469971e-01
   2.5000000e+02   5.4749633e-01
   2.6000000e+02   5.8491315e-01
   2.7000000e+02   6.3653101e-01
   2.8000000e+02   6.8817725e-01
   2.9000000e+02   7.3939005e-01
   3.0000000e+02   7.7978456e-01
   3.1000000e+02   8.1275338e-01
   3.2000000e+02   8.7622334e-01
   3.3000000e+02   9.0171746e-01
   3.4000000e+02   9.2855615e-01
   3.5000000e+02   9.5687269e-01
   3.6000000e+02   1.0002202e+00
   3.7000000e+02   1.0323711e+00
   3.8000000e+02   1.0845538e+00
   3.9000000e+02   1.1047076e+00
   4.0000000e+02   1.1378494e+00
   4.1000000e+02   1.1713718e+00
   4.2000000e+02   1.1929181e+00
   4.3000000e+02   1.2369848e+00
   4.4000000e+02   1.2715741e+00
   4.5000000e+02   1.2845794e+00
   4.6000000e+02   1.3340076e+00
   4.7000000e+02   1.3465467e+00
   4.8000000e+02   1.3698958e+00
   4.9000000e+02   1.3928989e+00
   5.0000000e+02   1.4117919e+00
   5.1000000e+02   1.4445698e+00
   5.2000000e+02   1.4670032e+00
   5.3000000e+02   1.4939842e+00
   5.4000000e+02   1.5123968e+00
   5.5000000e+02   1.5400156e+00
   5.6000000e+02   1.5560574e+00
   5.7000000e+02   1.5816654e+00
   5.8000000e+02   1.5978840e+00
   5.9000000e+02   1.6209705e+00
   6.0000000e+02   1.6435111e+00
   6.1000000e+02   1.6614238e+00
   6.2000000e+02   1.6910352e+00
   6.3000000e+02   1.6941959e+00
   6.4000000e+02   1.7205062e+00
   6.5000000e+02   1.7407379e+00
   6.6000000e+02   1.7640388e+00
   6.7000000e+02   1.7866966e+00
   6.8000000e+02   1.8001041e+00
   6.9000000e+02   1.8126916e+00
   7.0000000e+02   1.8338711e+00
   7.1000000e+02   1.8550902e+00
   7.2000000e+02   1.8646118e+00
   7.3000000e+02   1.8838878e+00
   7.4000000e+02   1.8954184e+00
   7.5000000e+02   1.9133005e+00
   7.6000000e+02   1.9300730e+00
   7.7000000e+02   1.9404367e+00
   7.8000000e+02   1.9611525e+00
   7.9000000e+02   1.9557694e+00
   8.0000000e+02   1.9945852e+00
