   0.0000000e+00   2.8307656e+01
   1.0000000e+01   2.8305308e+01
   2.0000000e+01   2.8307112e+01
   3.0000000e+01   2.8310633e+01
   4.0000000e+01   2.8317669e+01
   5.0000000e+01   2.8309976e+01
   6.0000000e+01   2.8316579e+01
   7.0000000e+01   2.8355372e+01
   8.0000000e+01   2.8420271e+01
   9.0000000e+01   2.8506469e+01
   1.0000000e+02   2.8644907e+01
   1.1000000e+02   2.8834636e+01
   1.2000000e+02   2.9046019e+01
   1.3000000e+02   2.9300128e+01
   1.4000000e+02   2.9604359e+01
   1.5000000e+02   2.9918385e+01
   1.6000000e+02   3.0267152e+01
   1.7000000e+02   3.0629661e+01
   1.8000000e+02   3.1003301e+01
   1.9000000e+02   3.1445294e+01
   2.0000000e+02   3.1838683e+01
   2.1000000e+02   3.2239845e+01
   2.2000000e+02   3.2638651e+01
   2.3000000e+02   3.3041060e+01
   2.4000000e+02   3.3430412e+01
   2.5000000e+02   3.3804454e+01
   2.6000000e+02   3.4193812e+01
   2.7000000e+02   3.4574393e+01
   2.8000000e+02   3.4974120e+01
   2.9000000e+02   3.5337441e+01
   3.0000000e+02   3.5682159e+01
   3.1000000e+02   3.6032829e+01
   3.2000000e+02   3.6380949e+01
   3.3000000e+02   3.6734523e+01
   3.4000000e+02   3.7098361e+01
   3.5000000e+02   3.7479889e+01
   3.6000000e+02   3.7844530e+01
   3.7000000e+02   3.8263407e+01
   3.8000000e+02   3.8639047e+01
   3.9000000e+02   3.9005446e+01
   4.0000000e+02   3.9346866e+01
   4.1000000e+02   3.9674884e+01
   4.2000000e+02   3.9967804e+01
   4.3000000e+02   4.0267016e+01
   4.4000000e+02   4.0541523e+01
   4.5000000e+02   4.0796356e+01
   4.6000000e+02   4.1071539e+01
   4.7000000e+02   4.1318570e+01
   4.8000000e+02   4.1562330e+01
   4.9000000e+02   4.1794482e+01
   5.0000000e+02   4.2028466e+01
   5.1000000e+02   4.2253041e+01
   5.2000000e+02   4.2493051e+01
   5.3000000e+02   4.2705249e+01
   5.4000000e+02   4.2935549e+01
   5.5000000e+02   4.3165266e+01
   5.6000000e+02   4.3362907e+01
   5.7000000e+02   4.3572989e+01
   5.8000000e+02   4.3758851e+01
   5.9000000e+02   4.3964571e+01
   6.0000000e+02   4.4151983e+01
   6.1000000e+02   4.4334243e+01
   6.2000000e+02   4.4495539e+01
   6.3000000e+02   4.4667909e+01
   6.4000000e+02   4.4835742e+01
   6.5000000e+02   4.4994341e+01
   6.6000000e+02   4.5138844e+01
   6.7000000e+02   4.5274835e+01
   6.8000000e+02   4.5415195e+01
   6.9000000e+02   4.5559744e+01
