   0.0000000e+00   2.4997135e+01
   1.0000000e+01   2.4990374e+01
   2.0000000e+01   2.4996275e+01
   3.0000000e+01   2.5007933e+01
   4.0000000e+01   2.5016201e+01
   5.0000000e+01   2.5015843e+01
   6.0000000e+01   2.5023641e+01
   7.0000000e+01   2.5024656e+01
   8.0000000e+01   2.5054623e+01
   9.0000000e+01   2.5071682e+01
   1.0000000e+02   2.5117920e+01
   1.1000000e+02   2.5155083e+01
   1.2000000e+02   2.5236316e+01
   1.3000000e+02   2.5314874e+01
   1.4000000e+02   2.5423533e+01
   1.5000000e+02   2.5535467e+01
   1.6000000e+02   2.5658178e+01
   1.7000000e+02   2.5810112e+01
   1.8000000e+02   2.5932987e+01
   1.9000000e+02   2.6103297e+01
   2.0000000e+02   2.6268056e+01
   2.1000000e+02   2.6422987e+01
   2.2000000e+02   2.6585079e+01
   2.3000000e+02   2.6736997e+01
   2.4000000e+02   2.6891093e+01
   2.5000000e+02   2.7040816e+01
   2.6000000e+02   2.7195975e+01
   2.7000000e+02   2.7331665e+01
   2.8000000e+02   2.7500965e+01
   2.9000000e+02   2.7647031e+01
   3.0000000e+02   2.7776319e+01
   3.1000000e+02   2.7910155e+01
   3.2000000e+02   2.8056192e+01
   3.3000000e+02   2.8174961e+01
   3.4000000e+02   2.8294827e+01
   3.5000000e+02   2.8408795e+01
   3.6000000e+02   2.8526455e+01
   3.7000000e+02   2.8649275e+01
   3.8000000e+02   2.8774790e+01
   3.9000000e+02   2.8865644e+01
   4.0000000e+02   2.8974708e+01
   4.1000000e+02   2.9075408e+01
   4.2000000e+02   2.9152690e+01
   4.3000000e+02   2.9264331e+01
   4.4000000e+02   2.9362623e+01
   4.5000000e+02   2.9439195e+01
   4.6000000e+02   2.9544661e+01
   4.7000000e+02   2.9627417e+01
   4.8000000e+02   2.9705997e+01
   4.9000000e+02   2.9785146e+01
   5.0000000e+02   2.9859970e+01
   5.1000000e+02   2.9939651e+01
   5.2000000e+02   3.0010871e+01
   5.3000000e+02   3.0081790e+01
   5.4000000e+02   3.0141656e+01
   5.5000000e+02   3.0223760e+01
   5.6000000e+02   3.0287228e+01
   5.7000000e+02   3.0343913e+01
   5.8000000e+02   3.0410074e+01
   5.9000000e+02   3.0477555e+01
   6.0000000e+02   3.0534393e+01
   6.1000000e+02   3.0584102e+01
   6.2000000e+02   3.0651180e+01
   6.3000000e+02   3.0692408e+01
   6.4000000e+02   3.0755508e+01
   6.5000000e+02   3.0791456e+01
   6.6000000e+02   3.0855459e+01
   6.7000000e+02   3.0905973e+01
   6.8000000e+02   3.0947977e+01
   6.9000000e+02   3.0982511e+01
   7.0000000e+02   3.1029028e+01
   7.1000000e+02   3.1081317e+01
   7.2000000e+02   3.1116010e+01
   7.3000000e+02   3.1159025e+01
   7.4000000e+02   3.1195025e+01
   7.5000000e+02   3.1232753e+01
   7.6000000e+02   3.1278090e+01
   7.7000000e+02   3.1307653e+01
   7.8000000e+02   3.1348424e+01
   7.9000000e+02   3.1369210e+01
   8.0000000e+02   3.1406650e+01
