   0.0000000e+00  -1.7317646e-03
   1.0000000e+01  -8.4932081e-03
   2.0000000e+01  -2.5918729e-03
   3.0000000e+01   9.0657231e-03
   4.0000000e+01   1.7334219e-02
   5.0000000e+01   1.6975368e-02
   6.0000000e+01   2.4773331e-02
   7.0000000e+01   2.5789192e-02
   8.0000000e+01   5.5755590e-02
   9.0000000e+01   7.2814681e-02
   1.0000000e+02   1.1905299e-01
   1.1000000e+02   1.5621524e-01
   1.2000000e+02   2.3744898e-01
   1.3000000e+02   3.1600698e-01
   1.4000000e+02   4.2466613e-01
   1.5000000e+02   5.3659931e-01
   1.6000000e+02   6.5931100e-01
   1.7000000e+02   8.1124435e-01
   1.8000000e+02   9.3411939e-01
   1.9000000e+02   1.1044301e+00
   2.0000000e+02   1.2691888e+00
   2.1000000e+02   1.4241195e+00
   2.2000000e+02   1.5862116e+00
   2.3000000e+02   1.7381295e+00
   2.4000000e+02   1.8922259e+00
   2.5000000e+02   2.0419484e+00
   2.6000000e+02   2.1971078e+00
   2.7000000e+02   2.3327974e+00
   2.8000000e+02   2.5020980e+00
   2.9000000e+02   2.6481639e+00
   3.0000000e+02   2.7774515e+00
   3.1000000e+02   2.9112882e+00
   3.2000000e+02   3.0573244e+00
   3.3000000e+02   3.1760940e+00
   3.4000000e+02   3.2959601e+00
   3.5000000e+02   3.4099278e+00
   3.6000000e+02   3.5275881e+00
   3.7000000e+02   3.6504079e+00
   3.8000000e+02   3.7759225e+00
   3.9000000e+02   3.8667771e+00
   4.0000000e+02   3.9758403e+00
   4.1000000e+02   4.0765408e+00
   4.2000000e+02   4.1538231e+00
   4.3000000e+02   4.2654635e+00
   4.4000000e+02   4.3637556e+00
   4.5000000e+02   4.4403279e+00
   4.6000000e+02   4.5457940e+00
   4.7000000e+02   4.6285498e+00
   4.8000000e+02   4.7071299e+00
   4.9000000e+02   4.7862788e+00
   5.0000000e+02   4.8611032e+00
   5.1000000e+02   4.9407834e+00
   5.2000000e+02   5.0120033e+00
   5.3000000e+02   5.0829225e+00
   5.4000000e+02   5.1427885e+00
   5.5000000e+02   5.2248927e+00
   5.6000000e+02   5.2883605e+00
   5.7000000e+02   5.3450457e+00
   5.8000000e+02   5.4112070e+00
   5.9000000e+02   5.4786880e+00
   6.0000000e+02   5.5355261e+00
   6.1000000e+02   5.5852351e+00
   6.2000000e+02   5.6523124e+00
   6.3000000e+02   5.6935406e+00
   6.4000000e+02   5.7566409e+00
   6.5000000e+02   5.7925888e+00
   6.6000000e+02   5.8565914e+00
   6.7000000e+02   5.9071061e+00
   6.8000000e+02   5.9491093e+00
   6.9000000e+02   5.9836441e+00
   7.0000000e+02   6.0301611e+00
   7.1000000e+02   6.0824493e+00
   7.2000000e+02   6.1171429e+00
   7.3000000e+02   6.1601572e+00
   7.4000000e+02   6.1961579e+00
   7.5000000e+02   6.2338857e+00
   7.6000000e+02   6.2792226e+00
   7.7000000e+02   6.3087859e+00
   7.8000000e+02   6.3495567e+00
   7.9000000e+02   6.3703431e+00
   8.0000000e+02   6.4077825e+00
