   0.0000000e+00  -1.4592159e-03
   1.0000000e+01  -1.1395999e-02
   2.0000000e+01  -2.3093218e-01
   3.0000000e+01  -4.0968762e-01
   4.0000000e+01  -5.0203339e-01
   5.0000000e+01  -6.3789741e-01
   6.0000000e+01  -6.9795261e-01
   7.0000000e+01  -7.5404162e-01
   8.0000000e+01  -8.6289893e-01
   9.0000000e+01  -9.3002138e-01
   1.0000000e+02  -9.5003985e-01
   1.1000000e+02  -9.6772470e-01
   1.2000000e+02  -9.8022162e-01
   1.3000000e+02  -9.7695810e-01
   1.4000000e+02  -9.8251954e-01
   1.5000000e+02  -9.4481044e-01
   1.6000000e+02  -9.3398941e-01
   1.7000000e+02  -9.0306122e-01
   1.8000000e+02  -8.7886881e-01
   1.9000000e+02  -8.5519710e-01
   2.0000000e+02  -8.3886495e-01
   2.1000000e+02  -8.1022876e-01
   2.2000000e+02  -7.8988782e-01
   2.3000000e+02  -7.5280740e-01
   2.4000000e+02  -7.1615047e-01
   2.5000000e+02  -7.0759870e-01
   2.6000000e+02  -6.9912697e-01
   2.7000000e+02  -7.0745209e-01
   2.8000000e+02  -6.9898491e-01
   2.9000000e+02  -6.8623305e-01
   3.0000000e+02  -7.0306522e-01
   3.1000000e+02  -6.9575824e-01
   3.2000000e+02  -6.8602435e-01
   3.3000000e+02  -6.9351818e-01
   3.4000000e+02  -6.9242041e-01
   3.5000000e+02  -6.9340277e-01
   3.6000000e+02  -6.8028657e-01
   3.7000000e+02  -6.8736717e-01
   3.8000000e+02  -6.9097640e-01
   3.9000000e+02  -6.8970536e-01
   4.0000000e+02  -6.7118465e-01
   4.1000000e+02  -6.7215818e-01
   4.2000000e+02  -6.5751344e-01
   4.3000000e+02  -6.4962001e-01
   4.4000000e+02  -6.3476228e-01
   4.5000000e+02  -6.4600261e-01
   4.6000000e+02  -6.1951368e-01
   4.7000000e+02  -6.1506951e-01
   4.8000000e+02  -5.8885690e-01
   4.9000000e+02  -5.9267472e-01
   5.0000000e+02  -5.8767061e-01
   5.1000000e+02  -5.7516895e-01
   5.2000000e+02  -5.7569797e-01
   5.3000000e+02  -5.8127123e-01
   5.4000000e+02  -5.7227177e-01
   5.5000000e+02  -5.5001988e-01
   5.6000000e+02  -5.4984223e-01
   5.7000000e+02  -5.4774468e-01
   5.8000000e+02  -5.3403914e-01
   5.9000000e+02  -5.3911881e-01
   6.0000000e+02  -5.3136840e-01
   6.1000000e+02  -5.3348831e-01
   6.2000000e+02  -5.3006646e-01
   6.3000000e+02  -5.2844442e-01
   6.4000000e+02  -5.0922855e-01
   6.5000000e+02  -5.0828203e-01
   6.6000000e+02  -5.0470910e-01
