   0.0000000e+00   2.9289970e+01
   1.0000000e+01   2.9238462e+01
   2.0000000e+01   2.9229466e+01
   3.0000000e+01   2.9350374e+01
   4.0000000e+01   3.0081671e+01
   5.0000000e+01   3.1612053e+01
   6.0000000e+01   3.2968806e+01
   7.0000000e+01   3.4053085e+01
   8.0000000e+01   3.4908130e+01
   9.0000000e+01   3.5664687e+01
   1.0000000e+02   3.6371945e+01
   1.1000000e+02   3.6890865e+01
   1.2000000e+02   3.7411907e+01
   1.3000000e+02   3.7833153e+01
   1.4000000e+02   3.8303561e+01
   1.5000000e+02   3.8522816e+01
   1.6000000e+02   3.8891349e+01
   1.7000000e+02   3.9102332e+01
   1.8000000e+02   3.9309651e+01
   1.9000000e+02   3.9494794e+01
   2.0000000e+02   3.9647078e+01
   2.1000000e+02   3.9790825e+01
   2.2000000e+02   3.9886869e+01
   2.3000000e+02   4.0023028e+01
   2.4000000e+02   4.0117688e+01
   2.5000000e+02   4.0202491e+01
   2.6000000e+02   4.0335167e+01
   2.7000000e+02   4.0409671e+01
   2.8000000e+02   4.0569061e+01
   2.9000000e+02   4.1400485e+01
   3.0000000e+02   4.2010188e+01
   3.1000000e+02   4.2464000e+01
   3.2000000e+02   4.2910227e+01
   3.3000000e+02   4.3218464e+01
   3.4000000e+02   4.3379092e+01
   3.5000000e+02   4.2954478e+01
   3.6000000e+02   4.2701179e+01
   3.7000000e+02   4.2502210e+01
   3.8000000e+02   4.2409635e+01
   3.9000000e+02   4.2353366e+01
   4.0000000e+02   4.2274796e+01
   4.1000000e+02   4.2256054e+01
   4.2000000e+02   4.2265261e+01
   4.3000000e+02   4.2555490e+01
   4.4000000e+02   4.2830826e+01
   4.5000000e+02   4.3067925e+01
   4.6000000e+02   4.3256387e+01
   4.7000000e+02   4.3271390e+01
   4.8000000e+02   4.3463498e+01
   4.9000000e+02   4.3445373e+01
   5.0000000e+02   4.3601029e+01
   5.1000000e+02   4.3605815e+01
   5.2000000e+02   4.3593182e+01
   5.3000000e+02   4.3711543e+01
   5.4000000e+02   4.3664581e+01
   5.5000000e+02   4.3750865e+01
   5.6000000e+02   4.3907377e+01
   5.7000000e+02   4.3791585e+01
   5.8000000e+02   4.3771549e+01
   5.9000000e+02   4.3902225e+01
   6.0000000e+02   4.3922342e+01
   6.1000000e+02   4.3855940e+01
   6.2000000e+02   4.4013671e+01
   6.3000000e+02   4.3981637e+01
   6.4000000e+02   4.3960728e+01
   6.5000000e+02   4.4141879e+01
   6.6000000e+02   4.4034193e+01
   6.7000000e+02   4.4059684e+01
   6.8000000e+02   4.4157792e+01
   6.9000000e+02   4.4278913e+01
