   0.0000000e+00   2.4855939e+01
   1.0000000e+01   2.4876882e+01
   2.0000000e+01   2.4889765e+01
   3.0000000e+01   2.4912211e+01
   4.0000000e+01   2.4937723e+01
   5.0000000e+01   2.4946384e+01
   6.0000000e+01   2.4963387e+01
   7.0000000e+01   2.4994921e+01
   8.0000000e+01   2.5007898e+01
   9.0000000e+01   2.5033252e+01
   1.0000000e+02   2.5059363e+01
   1.1000000e+02   2.5069386e+01
   1.2000000e+02   2.5079958e+01
   1.3000000e+02   2.5098410e+01
   1.4000000e+02   2.5119055e+01
   1.5000000e+02   2.5131637e+01
   1.6000000e+02   2.5137709e+01
   1.7000000e+02   2.5158171e+01
   1.8000000e+02   2.5185107e+01
   1.9000000e+02   2.5210593e+01
   2.0000000e+02   2.5232785e+01
   2.1000000e+02   2.5260871e+01
   2.2000000e+02   2.5286969e+01
   2.3000000e+02   2.5327685e+01
   2.4000000e+02   2.5348709e+01
   2.5000000e+02   2.5394333e+01
   2.6000000e+02   2.5442848e+01
   2.7000000e+02   2.5487493e+01
   2.8000000e+02   2.5541907e+01
   2.9000000e+02   2.5590847e+01
   3.0000000e+02   2.5650406e+01
   3.1000000e+02   2.5703863e+01
   3.2000000e+02   2.5770761e+01
   3.3000000e+02   2.5835442e+01
   3.4000000e+02   2.5907840e+01
   3.5000000e+02   2.5998236e+01
   3.6000000e+02   2.6055325e+01
   3.7000000e+02   2.6141117e+01
   3.8000000e+02   2.6234005e+01
   3.9000000e+02   2.6321809e+01
   4.0000000e+02   2.6382370e+01
   4.1000000e+02   2.6480831e+01
   4.2000000e+02   2.6571018e+01
   4.3000000e+02   2.6654748e+01
   4.4000000e+02   2.6762116e+01
   4.5000000e+02   2.6848920e+01
   4.6000000e+02   2.6957311e+01
   4.7000000e+02   2.7061173e+01
   4.8000000e+02   2.7179719e+01
   4.9000000e+02   2.7272038e+01
   5.0000000e+02   2.7376609e+01
   5.1000000e+02   2.7490779e+01
   5.2000000e+02   2.7601067e+01
   5.3000000e+02   2.7694701e+01
   5.4000000e+02   2.7816150e+01
   5.5000000e+02   2.7945089e+01
   5.6000000e+02   2.8054180e+01
   5.7000000e+02   2.8167860e+01
   5.8000000e+02   2.8277926e+01
   5.9000000e+02   2.8392055e+01
   6.0000000e+02   2.8513615e+01
   6.1000000e+02   2.8625367e+01
   6.2000000e+02   2.8721617e+01
   6.3000000e+02   2.8843361e+01
   6.4000000e+02   2.8959823e+01
   6.5000000e+02   2.9073593e+01
   6.6000000e+02   2.9184098e+01
   6.7000000e+02   2.9298611e+01
   6.8000000e+02   2.9399640e+01
   6.9000000e+02   2.9499412e+01
