   0.0000000e+00   2.3614592e+01
   1.0000000e+01   2.3596573e+01
   2.0000000e+01   2.3641989e+01
   3.0000000e+01   2.3664928e+01
   4.0000000e+01   2.3731982e+01
   5.0000000e+01   2.4263225e+01
   6.0000000e+01   2.4895265e+01
   7.0000000e+01   2.5561789e+01
   8.0000000e+01   2.6268157e+01
   9.0000000e+01   2.6941500e+01
   1.0000000e+02   2.7637604e+01
   1.1000000e+02   2.8230258e+01
   1.2000000e+02   2.8724080e+01
   1.3000000e+02   2.8794209e+01
   1.4000000e+02   2.8839473e+01
   1.5000000e+02   2.8906836e+01
   1.6000000e+02   2.8963325e+01
   1.7000000e+02   2.9024401e+01
   1.8000000e+02   2.8924360e+01
   1.9000000e+02   2.8957544e+01
   2.0000000e+02   2.8976538e+01
   2.1000000e+02   2.9021781e+01
   2.2000000e+02   2.9076928e+01
   2.3000000e+02   2.9009010e+01
   2.4000000e+02   2.9077622e+01
   2.5000000e+02   2.9063835e+01
   2.6000000e+02   2.9033195e+01
   2.7000000e+02   2.8999871e+01
   2.8000000e+02   2.9105486e+01
   2.9000000e+02   2.9097943e+01
   3.0000000e+02   2.9138422e+01
   3.1000000e+02   2.9139482e+01
   3.2000000e+02   2.9176959e+01
   3.3000000e+02   2.9184213e+01
   3.4000000e+02   2.9216321e+01
   3.5000000e+02   2.9178125e+01
   3.6000000e+02   2.9164052e+01
   3.7000000e+02   2.9166204e+01
   3.8000000e+02   2.9185821e+01
   3.9000000e+02   2.9204086e+01
   4.0000000e+02   2.9225024e+01
   4.1000000e+02   2.9222448e+01
   4.2000000e+02   2.9185083e+01
   4.3000000e+02   2.9209701e+01
   4.4000000e+02   2.9218957e+01
   4.5000000e+02   2.9178835e+01
   4.6000000e+02   2.9206546e+01
   4.7000000e+02   2.9232100e+01
   4.8000000e+02   2.9246441e+01
   4.9000000e+02   2.9204738e+01
   5.0000000e+02   2.9197307e+01
   5.1000000e+02   2.9214789e+01
   5.2000000e+02   2.9212196e+01
   5.3000000e+02   2.9174950e+01
   5.4000000e+02   2.9198601e+01
   5.5000000e+02   2.9214060e+01
   5.6000000e+02   2.9232386e+01
   5.7000000e+02   2.9257445e+01
   5.8000000e+02   2.9235461e+01
   5.9000000e+02   2.9203071e+01
   6.0000000e+02   2.9178841e+01
   6.1000000e+02   2.9176045e+01
   6.2000000e+02   2.9192083e+01
   6.3000000e+02   2.9194844e+01
   6.4000000e+02   2.9232098e+01
   6.5000000e+02   2.9230971e+01
   6.6000000e+02   2.9249686e+01
