   0.0000000e+00   3.3113780e+01
   1.0000000e+01   3.3237307e+01
   2.0000000e+01   3.2842792e+01
   3.0000000e+01   3.5449150e+01
   4.0000000e+01   4.1273915e+01
   5.0000000e+01   4.5801640e+01
   6.0000000e+01   4.9288963e+01
   7.0000000e+01   5.4436135e+01
   8.0000000e+01   5.8682456e+01
   9.0000000e+01   6.1814865e+01
   1.0000000e+02   6.4433336e+01
   1.1000000e+02   6.6066691e+01
   1.2000000e+02   6.7356130e+01
   1.3000000e+02   6.8345080e+01
   1.4000000e+02   6.9114598e+01
   1.5000000e+02   6.9791407e+01
   1.6000000e+02   7.0304047e+01
   1.7000000e+02   7.0681212e+01
   1.8000000e+02   6.9755732e+01
   1.9000000e+02   6.9510418e+01
   2.0000000e+02   6.9327107e+01
   2.1000000e+02   6.9306633e+01
   2.2000000e+02   6.8549899e+01
   2.3000000e+02   6.8639822e+01
   2.4000000e+02   6.7556184e+01
   2.5000000e+02   6.8843218e+01
   2.6000000e+02   6.7357408e+01
   2.7000000e+02   6.7881954e+01
   2.8000000e+02   6.8648941e+01
   2.9000000e+02   6.7239163e+01
   3.0000000e+02   6.8034971e+01
   3.1000000e+02   6.7413551e+01
   3.2000000e+02   6.7196983e+01
   3.3000000e+02   6.7433780e+01
   3.4000000e+02   6.6900401e+01
   3.5000000e+02   6.7433088e+01
   3.6000000e+02   6.6799268e+01
   3.7000000e+02   6.7115330e+01
   3.8000000e+02   6.5364614e+01
   3.9000000e+02   6.7662484e+01
   4.0000000e+02   6.5050694e+01
   4.1000000e+02   6.7168000e+01
   4.2000000e+02   6.5674112e+01
   4.3000000e+02   6.6178790e+01
   4.4000000e+02   6.6415742e+01
   4.5000000e+02   6.5918773e+01
   4.6000000e+02   6.5454637e+01
   4.7000000e+02   6.7243473e+01
   4.8000000e+02   6.5179176e+01
   4.9000000e+02   6.5063716e+01
   5.0000000e+02   6.7317314e+01
   5.1000000e+02   6.4261021e+01
   5.2000000e+02   6.4785677e+01
   5.3000000e+02   6.5973979e+01
   5.4000000e+02   6.3605416e+01
   5.5000000e+02   6.6566994e+01
   5.6000000e+02   6.4003321e+01
   5.7000000e+02   6.5144619e+01
   5.8000000e+02   6.5560957e+01
   5.9000000e+02   6.3271532e+01
   6.0000000e+02   6.5412593e+01
   6.1000000e+02   6.3852185e+01
   6.2000000e+02   6.4658846e+01
   6.3000000e+02   6.5057182e+01
   6.4000000e+02   6.2511336e+01
   6.5000000e+02   6.4308682e+01
   6.6000000e+02   6.4898712e+01
   6.7000000e+02   6.3715015e+01
   6.8000000e+02   6.2751497e+01
   6.9000000e+02   6.3192185e+01
   7.0000000e+02   6.3460708e+01
   7.1000000e+02   6.3762870e+01
   7.2000000e+02   6.3454043e+01
   7.3000000e+02   6.3675417e+01
   7.4000000e+02   6.2615664e+01
   7.5000000e+02   6.3076540e+01
   7.6000000e+02   6.3403786e+01
   7.7000000e+02   6.3467883e+01
   7.8000000e+02   6.2579786e+01
   7.9000000e+02   6.3189786e+01
   8.0000000e+02   6.3474333e+01
