   0.0000000e+00   2.3468163e+01
   1.0000000e+01   2.3471623e+01
   2.0000000e+01   2.3467154e+01
   3.0000000e+01   2.3457067e+01
   4.0000000e+01   2.3466391e+01
   5.0000000e+01   2.3454402e+01
   6.0000000e+01   2.3461137e+01
   7.0000000e+01   2.3453821e+01
   8.0000000e+01   2.3431199e+01
   9.0000000e+01   2.3432501e+01
   1.0000000e+02   2.3429592e+01
   1.1000000e+02   2.3435482e+01
   1.2000000e+02   2.3441937e+01
   1.3000000e+02   2.3464368e+01
   1.4000000e+02   2.3479369e+01
   1.5000000e+02   2.3513348e+01
   1.6000000e+02   2.3551644e+01
   1.7000000e+02   2.3586931e+01
   1.8000000e+02   2.3620800e+01
   1.9000000e+02   2.3675857e+01
   2.0000000e+02   2.3716421e+01
   2.1000000e+02   2.3780820e+01
   2.2000000e+02   2.3810607e+01
   2.3000000e+02   2.3858039e+01
   2.4000000e+02   2.3909896e+01
   2.5000000e+02   2.3956995e+01
   2.6000000e+02   2.4007476e+01
   2.7000000e+02   2.4049026e+01
   2.8000000e+02   2.4099035e+01
   2.9000000e+02   2.4146397e+01
   3.0000000e+02   2.4186140e+01
   3.1000000e+02   2.4235216e+01
   3.2000000e+02   2.4267094e+01
   3.3000000e+02   2.4315235e+01
   3.4000000e+02   2.4345180e+01
   3.5000000e+02   2.4378587e+01
   3.6000000e+02   2.4428608e+01
   3.7000000e+02   2.4449000e+01
   3.8000000e+02   2.4488781e+01
   3.9000000e+02   2.4513356e+01
   4.0000000e+02   2.4547539e+01
   4.1000000e+02   2.4582332e+01
   4.2000000e+02   2.4609874e+01
   4.3000000e+02   2.4629061e+01
   4.4000000e+02   2.4665813e+01
   4.5000000e+02   2.4672127e+01
   4.6000000e+02   2.4709183e+01
   4.7000000e+02   2.4738537e+01
   4.8000000e+02   2.4762859e+01
   4.9000000e+02   2.4789038e+01
   5.0000000e+02   2.4803262e+01
   5.1000000e+02   2.4831428e+01
   5.2000000e+02   2.4865042e+01
   5.3000000e+02   2.4863169e+01
   5.4000000e+02   2.4884148e+01
   5.5000000e+02   2.4910742e+01
   5.6000000e+02   2.4926605e+01
   5.7000000e+02   2.4951765e+01
   5.8000000e+02   2.4970289e+01
   5.9000000e+02   2.4979520e+01
   6.0000000e+02   2.5010090e+01
   6.1000000e+02   2.5022967e+01
   6.2000000e+02   2.5039759e+01
   6.3000000e+02   2.5043685e+01
   6.4000000e+02   2.5067476e+01
   6.5000000e+02   2.5086411e+01
   6.6000000e+02   2.5092283e+01
