   0.0000000e+00  -1.4235952e-02
   1.0000000e+01   2.5932223e-02
   2.0000000e+01  -2.4078082e-01
   3.0000000e+01   1.2795050e+00
   4.0000000e+01   6.9530344e+00
   5.0000000e+01   1.2787862e+01
   6.0000000e+01   1.7178542e+01
   7.0000000e+01   2.2167988e+01
   8.0000000e+01   2.7173568e+01
   9.0000000e+01   3.0856832e+01
   1.0000000e+02   3.3727615e+01
   1.1000000e+02   3.5622898e+01
   1.2000000e+02   3.7047966e+01
   1.3000000e+02   3.8126077e+01
   1.4000000e+02   3.8956754e+01
   1.5000000e+02   3.9602853e+01
   1.6000000e+02   4.0095402e+01
   1.7000000e+02   4.0499977e+01
   1.8000000e+02   3.9945558e+01
   1.9000000e+02   3.8924578e+01
   2.0000000e+02   3.8742905e+01
   2.1000000e+02   3.9014225e+01
   2.2000000e+02   3.7795747e+01
   2.3000000e+02   3.8080313e+01
   2.4000000e+02   3.7257071e+01
   2.5000000e+02   3.7619897e+01
   2.6000000e+02   3.6940256e+01
   2.7000000e+02   3.6898299e+01
   2.8000000e+02   3.7723777e+01
   2.9000000e+02   3.6720927e+01
   3.0000000e+02   3.6770375e+01
   3.1000000e+02   3.7031724e+01
   3.2000000e+02   3.5960336e+01
   3.3000000e+02   3.6536305e+01
   3.4000000e+02   3.5706445e+01
   3.5000000e+02   3.6536061e+01
   3.6000000e+02   3.5666029e+01
   3.7000000e+02   3.6310473e+01
   3.8000000e+02   3.4458201e+01
   3.9000000e+02   3.6028324e+01
   4.0000000e+02   3.4593172e+01
   4.1000000e+02   3.5344705e+01
   4.2000000e+02   3.5165260e+01
   4.3000000e+02   3.4878489e+01
   4.4000000e+02   3.5096047e+01
   4.5000000e+02   3.5269607e+01
   4.6000000e+02   3.4056069e+01
   4.7000000e+02   3.5744479e+01
   4.8000000e+02   3.4481558e+01
   4.9000000e+02   3.3672576e+01
   5.0000000e+02   3.5549909e+01
   5.1000000e+02   3.4198262e+01
   5.2000000e+02   3.2884843e+01
   5.3000000e+02   3.4647389e+01
   5.4000000e+02   3.2712568e+01
   5.5000000e+02   3.4624219e+01
   5.6000000e+02   3.3777384e+01
   5.7000000e+02   3.3090181e+01
   5.8000000e+02   3.4611863e+01
   5.9000000e+02   3.2325245e+01
   6.0000000e+02   3.3499077e+01
   6.1000000e+02   3.2887899e+01
   6.2000000e+02   3.2932319e+01
   6.3000000e+02   3.3722470e+01
   6.4000000e+02   3.1520094e+01
   6.5000000e+02   3.2320574e+01
   6.6000000e+02   3.3484624e+01
   6.7000000e+02   3.2775485e+01
   6.8000000e+02   3.1537803e+01
   6.9000000e+02   3.1495591e+01
   7.0000000e+02   3.1898309e+01
   7.1000000e+02   3.2233163e+01
   7.2000000e+02   3.2176336e+01
   7.3000000e+02   3.2233353e+01
   7.4000000e+02   3.1469302e+01
   7.5000000e+02   3.1457771e+01
   7.6000000e+02   3.1866967e+01
   7.7000000e+02   3.2093628e+01
   7.8000000e+02   3.1214585e+01
   7.9000000e+02   3.1510444e+01
   8.0000000e+02   3.1955154e+01
