   0.0000000e+00   2.1250535e+01
   1.0000000e+01   2.1252558e+01
   2.0000000e+01   2.1247397e+01
   3.0000000e+01   2.1270523e+01
   4.0000000e+01   2.1354572e+01
   5.0000000e+01   2.4002598e+01
   6.0000000e+01   2.7211934e+01
   7.0000000e+01   2.9743951e+01
   8.0000000e+01   3.1646773e+01
   9.0000000e+01   3.3032426e+01
   1.0000000e+02   3.4249409e+01
   1.1000000e+02   3.5039664e+01
   1.2000000e+02   3.5678207e+01
   1.3000000e+02   3.6210646e+01
   1.4000000e+02   3.6627909e+01
   1.5000000e+02   3.6997080e+01
   1.6000000e+02   3.7294123e+01
   1.7000000e+02   3.7555635e+01
   1.8000000e+02   3.7772393e+01
   1.9000000e+02   3.7989839e+01
   2.0000000e+02   3.8156020e+01
   2.1000000e+02   3.8235059e+01
   2.2000000e+02   3.7786069e+01
   2.3000000e+02   3.7692983e+01
   2.4000000e+02   3.7715974e+01
   2.5000000e+02   3.7165037e+01
   2.6000000e+02   3.7319938e+01
   2.7000000e+02   3.7328775e+01
   2.8000000e+02   3.7229917e+01
   2.9000000e+02   3.7347630e+01
   3.0000000e+02   3.7148603e+01
   3.1000000e+02   3.7365614e+01
   3.2000000e+02   3.7413797e+01
   3.3000000e+02   3.7212409e+01
   3.4000000e+02   3.7020312e+01
   3.5000000e+02   3.6884685e+01
   3.6000000e+02   3.7074908e+01
   3.7000000e+02   3.6935471e+01
   3.8000000e+02   3.6711183e+01
   3.9000000e+02   3.6381702e+01
   4.0000000e+02   3.6542772e+01
   4.1000000e+02   3.6751158e+01
   4.2000000e+02   3.6565179e+01
   4.3000000e+02   3.6407074e+01
   4.4000000e+02   3.6284009e+01
   4.5000000e+02   3.6363176e+01
   4.6000000e+02   3.6380412e+01
   4.7000000e+02   3.6539348e+01
   4.8000000e+02   3.6169793e+01
   4.9000000e+02   3.6225322e+01
   5.0000000e+02   3.6057053e+01
   5.1000000e+02   3.5950039e+01
   5.2000000e+02   3.6100602e+01
   5.3000000e+02   3.5845146e+01
   5.4000000e+02   3.6035862e+01
   5.5000000e+02   3.5960900e+01
   5.6000000e+02   3.5809496e+01
   5.7000000e+02   3.5920931e+01
   5.8000000e+02   3.5709397e+01
   5.9000000e+02   3.5768571e+01
   6.0000000e+02   3.5576674e+01
   6.1000000e+02   3.5809369e+01
   6.2000000e+02   3.5956688e+01
   6.3000000e+02   3.5663717e+01
   6.4000000e+02   3.5679000e+01
   6.5000000e+02   3.5826221e+01
   6.6000000e+02   3.5666922e+01
   6.7000000e+02   3.5445032e+01
   6.8000000e+02   3.5277987e+01
   6.9000000e+02   3.5275644e+01
   7.0000000e+02   3.5432916e+01
   7.1000000e+02   3.5559144e+01
   7.2000000e+02   3.5651851e+01
   7.3000000e+02   3.5546339e+01
   7.4000000e+02   3.5109393e+01
   7.5000000e+02   3.4709306e+01
   7.6000000e+02   3.5020774e+01
   7.7000000e+02   3.5399574e+01
   7.8000000e+02   3.5324337e+01
   7.9000000e+02   3.4850632e+01
   8.0000000e+02   3.4783826e+01
   8.1000000e+02   3.5163140e+01
   8.2000000e+02   3.5377289e+01
   8.3000000e+02   3.5067289e+01
   8.4000000e+02   3.4880427e+01
   8.5000000e+02   3.4991985e+01
   8.6000000e+02   3.5130600e+01
   8.7000000e+02   3.4935371e+01
