   0.0000000e+00   2.3778320e+01
   1.0000000e+01   2.3773235e+01
   2.0000000e+01   2.3230147e+01
   3.0000000e+01   2.2697582e+01
   4.0000000e+01   2.2511125e+01
   5.0000000e+01   2.2278562e+01
   6.0000000e+01   2.2227960e+01
   7.0000000e+01   2.2198669e+01
   8.0000000e+01   2.2054612e+01
   9.0000000e+01   2.1939814e+01
   1.0000000e+02   2.1978301e+01
   1.1000000e+02   2.2039474e+01
   1.2000000e+02   2.2078083e+01
   1.3000000e+02   2.2099848e+01
   1.4000000e+02   2.2148861e+01
   1.5000000e+02   2.2204617e+01
   1.6000000e+02   2.2275791e+01
   1.7000000e+02   2.2332622e+01
   1.8000000e+02   2.2357050e+01
   1.9000000e+02   2.2376333e+01
   2.0000000e+02   2.2387813e+01
   2.1000000e+02   2.2421078e+01
   2.2000000e+02   2.2442579e+01
   2.3000000e+02   2.2480360e+01
   2.4000000e+02   2.2508470e+01
   2.5000000e+02   2.2514481e+01
   2.6000000e+02   2.2487122e+01
   2.7000000e+02   2.2453365e+01
   2.8000000e+02   2.2414672e+01
   2.9000000e+02   2.2391823e+01
   3.0000000e+02   2.2361113e+01
   3.1000000e+02   2.2354088e+01
   3.2000000e+02   2.2336312e+01
   3.3000000e+02   2.2319336e+01
   3.4000000e+02   2.2304249e+01
   3.5000000e+02   2.2297486e+01
   3.6000000e+02   2.2299046e+01
   3.7000000e+02   2.2286413e+01
   3.8000000e+02   2.2287890e+01
   3.9000000e+02   2.2297023e+01
   4.0000000e+02   2.2307458e+01
   4.1000000e+02   2.2309490e+01
   4.2000000e+02   2.2313274e+01
   4.3000000e+02   2.2328107e+01
   4.4000000e+02   2.2334416e+01
   4.5000000e+02   2.2330801e+01
   4.6000000e+02   2.2343197e+01
   4.7000000e+02   2.2357585e+01
   4.8000000e+02   2.2369243e+01
   4.9000000e+02   2.2363343e+01
   5.0000000e+02   2.2363956e+01
   5.1000000e+02   2.2372995e+01
   5.2000000e+02   2.2365992e+01
   5.3000000e+02   2.2365272e+01
   5.4000000e+02   2.2373582e+01
   5.5000000e+02   2.2374111e+01
   5.6000000e+02   2.2372670e+01
   5.7000000e+02   2.2373844e+01
   5.8000000e+02   2.2376689e+01
   5.9000000e+02   2.2381780e+01
   6.0000000e+02   2.2379592e+01
   6.1000000e+02   2.2373541e+01
   6.2000000e+02   2.2374652e+01
   6.3000000e+02   2.2372345e+01
   6.4000000e+02   2.2381166e+01
   6.5000000e+02   2.2378645e+01
   6.6000000e+02   2.2377596e+01
