   0.0000000e+00   4.3865697e-03
   1.0000000e+01  -9.4769439e-03
   2.0000000e+01   2.9162020e-03
   3.0000000e+01  -1.2484077e-02
   4.0000000e+01   4.6731138e-02
   5.0000000e+01   4.9936770e-01
   6.0000000e+01   1.4026884e+00
   7.0000000e+01   2.5585842e+00
   8.0000000e+01   3.5218693e+00
   9.0000000e+01   4.3489245e+00
   1.0000000e+02   5.0545914e+00
   1.1000000e+02   5.5672633e+00
   1.2000000e+02   6.0331623e+00
   1.3000000e+02   6.1689265e+00
   1.4000000e+02   6.1406650e+00
   1.5000000e+02   6.1489595e+00
   1.6000000e+02   6.1188291e+00
   1.7000000e+02   6.1176323e+00
   1.8000000e+02   5.9864028e+00
   1.9000000e+02   5.8569373e+00
   2.0000000e+02   5.8543308e+00
   2.1000000e+02   5.8354665e+00
   2.2000000e+02   5.9404487e+00
   2.3000000e+02   5.8730094e+00
   2.4000000e+02   5.8492548e+00
   2.5000000e+02   5.8435116e+00
   2.6000000e+02   5.7797949e+00
   2.7000000e+02   5.6784684e+00
   2.8000000e+02   5.7328375e+00
   2.9000000e+02   5.7393104e+00
   3.0000000e+02   5.7441749e+00
   3.1000000e+02   5.7553442e+00
   3.2000000e+02   5.7613441e+00
   3.3000000e+02   5.7584899e+00
   3.4000000e+02   5.7733659e+00
   3.5000000e+02   5.7450494e+00
   3.6000000e+02   5.6680222e+00
   3.7000000e+02   5.6276660e+00
   3.8000000e+02   5.6507317e+00
   3.9000000e+02   5.6581991e+00
   4.0000000e+02   5.6773006e+00
   4.1000000e+02   5.6703588e+00
   4.2000000e+02   5.6139182e+00
   4.3000000e+02   5.5923539e+00
   4.4000000e+02   5.6075856e+00
   4.5000000e+02   5.5520608e+00
   4.6000000e+02   5.5517425e+00
   4.7000000e+02   5.5632849e+00
   4.8000000e+02   5.5801566e+00
   4.9000000e+02   5.5506239e+00
   5.0000000e+02   5.5029757e+00
   5.1000000e+02   5.5085131e+00
   5.2000000e+02   5.5105148e+00
   5.3000000e+02   5.4509676e+00
   5.4000000e+02   5.4518735e+00
   5.5000000e+02   5.4666477e+00
   5.6000000e+02   5.4900351e+00
   5.7000000e+02   5.4923508e+00
   5.8000000e+02   5.4965579e+00
   5.9000000e+02   5.4450845e+00
   6.0000000e+02   5.3891314e+00
   6.1000000e+02   5.3707051e+00
   6.2000000e+02   5.3791646e+00
   6.3000000e+02   5.3918096e+00
   6.4000000e+02   5.4122994e+00
   6.5000000e+02   5.4318563e+00
   6.6000000e+02   5.4423042e+00
