   0.0000000e+00  -2.3950485e-03
   1.0000000e+01  -4.7429142e-03
   2.0000000e+01  -2.9386827e-03
   3.0000000e+01   5.8136618e-04
   4.0000000e+01   7.6177271e-03
   5.0000000e+01  -7.5008068e-05
   6.0000000e+01   6.5275321e-03
   7.0000000e+01   4.5320953e-02
   8.0000000e+01   1.1022010e-01
   9.0000000e+01   1.9641825e-01
   1.0000000e+02   3.3485569e-01
   1.1000000e+02   5.2458536e-01
   1.2000000e+02   7.3596779e-01
   1.3000000e+02   9.9007673e-01
   1.4000000e+02   1.2943082e+00
   1.5000000e+02   1.6083338e+00
   1.6000000e+02   1.9571011e+00
   1.7000000e+02   2.3196101e+00
   1.8000000e+02   2.6932496e+00
   1.9000000e+02   3.1352430e+00
   2.0000000e+02   3.5286323e+00
   2.1000000e+02   3.9297935e+00
   2.2000000e+02   4.3285997e+00
   2.3000000e+02   4.7310090e+00
   2.4000000e+02   5.1203611e+00
   2.5000000e+02   5.4944033e+00
   2.6000000e+02   5.8837607e+00
   2.7000000e+02   6.2643418e+00
   2.8000000e+02   6.6640688e+00
   2.9000000e+02   7.0273895e+00
   3.0000000e+02   7.3721083e+00
   3.1000000e+02   7.7227778e+00
   3.2000000e+02   8.0708976e+00
   3.3000000e+02   8.4244716e+00
   3.4000000e+02   8.7883098e+00
   3.5000000e+02   9.1698374e+00
   3.6000000e+02   9.5344791e+00
   3.7000000e+02   9.9533563e+00
   3.8000000e+02   1.0328996e+01
   3.9000000e+02   1.0695395e+01
   4.0000000e+02   1.1036815e+01
   4.1000000e+02   1.1364833e+01
   4.2000000e+02   1.1657753e+01
   4.3000000e+02   1.1956965e+01
   4.4000000e+02   1.2231472e+01
   4.5000000e+02   1.2486305e+01
   4.6000000e+02   1.2761488e+01
   4.7000000e+02   1.3008519e+01
   4.8000000e+02   1.3252279e+01
   4.9000000e+02   1.3484431e+01
   5.0000000e+02   1.3718415e+01
   5.1000000e+02   1.3942990e+01
   5.2000000e+02   1.4182999e+01
   5.3000000e+02   1.4395198e+01
   5.4000000e+02   1.4625498e+01
   5.5000000e+02   1.4855215e+01
   5.6000000e+02   1.5052856e+01
   5.7000000e+02   1.5262938e+01
   5.8000000e+02   1.5448800e+01
   5.9000000e+02   1.5654520e+01
   6.0000000e+02   1.5841932e+01
   6.1000000e+02   1.6024192e+01
   6.2000000e+02   1.6185488e+01
   6.3000000e+02   1.6357858e+01
   6.4000000e+02   1.6525690e+01
   6.5000000e+02   1.6684290e+01
   6.6000000e+02   1.6828792e+01
   6.7000000e+02   1.6964784e+01
   6.8000000e+02   1.7105144e+01
   6.9000000e+02   1.7249693e+01
