   0.0000000e+00  -1.1356430e-02
   1.0000000e+01   6.1597610e-03
   2.0000000e+01  -3.1203657e-03
   3.0000000e+01   1.6133472e-02
   4.0000000e+01   2.5747925e-02
   5.0000000e+01   3.3269326e-02
   6.0000000e+01   3.9443200e-02
   7.0000000e+01   5.7634593e-02
   8.0000000e+01   7.0868298e-02
   9.0000000e+01   9.2805381e-02
   1.0000000e+02   1.2104677e-01
   1.1000000e+02   1.3732889e-01
   1.2000000e+02   1.5531602e-01
   1.3000000e+02   1.7357309e-01
   1.4000000e+02   2.0534962e-01
   1.5000000e+02   2.2627443e-01
   1.6000000e+02   2.4968841e-01
   1.7000000e+02   2.9329523e-01
   1.8000000e+02   3.2790622e-01
   1.9000000e+02   3.6314408e-01
   2.0000000e+02   3.9785359e-01
   2.1000000e+02   4.4216450e-01
   2.2000000e+02   4.6369047e-01
   2.3000000e+02   5.0863968e-01
   2.4000000e+02   5.3524654e-01
   2.5000000e+02   5.6270597e-01
   2.6000000e+02   6.0068613e-01
   2.7000000e+02   6.4518471e-01
   2.8000000e+02   6.7452474e-01
   2.9000000e+02   7.0808294e-01
   3.0000000e+02   7.4396656e-01
   3.1000000e+02   7.8598049e-01
   3.2000000e+02   8.1005351e-01
   3.3000000e+02   8.4738099e-01
   3.4000000e+02   8.8297713e-01
   3.5000000e+02   9.2714415e-01
   3.6000000e+02   9.5687357e-01
   3.7000000e+02   9.9343447e-01
   3.8000000e+02   1.0315714e+00
   3.9000000e+02   1.0743156e+00
   4.0000000e+02   1.1006132e+00
   4.1000000e+02   1.1422748e+00
   4.2000000e+02   1.1668764e+00
   4.3000000e+02   1.2092542e+00
   4.4000000e+02   1.2277776e+00
   4.5000000e+02   1.2610141e+00
   4.6000000e+02   1.3004341e+00
   4.7000000e+02   1.3253973e+00
   4.8000000e+02   1.3438575e+00
   4.9000000e+02   1.3808099e+00
   5.0000000e+02   1.4111286e+00
   5.1000000e+02   1.4370050e+00
   5.2000000e+02   1.4730794e+00
   5.3000000e+02   1.4825319e+00
   5.4000000e+02   1.5240528e+00
   5.5000000e+02   1.5440211e+00
   5.6000000e+02   1.5837846e+00
   5.7000000e+02   1.6129310e+00
   5.8000000e+02   1.6361546e+00
   5.9000000e+02   1.6683126e+00
   6.0000000e+02   1.7090952e+00
   6.1000000e+02   1.7181234e+00
   6.2000000e+02   1.7471359e+00
   6.3000000e+02   1.7754475e+00
   6.4000000e+02   1.7933921e+00
   6.5000000e+02   1.8296427e+00
   6.6000000e+02   1.8538591e+00
   6.7000000e+02   1.8777270e+00
   6.8000000e+02   1.8945242e+00
   6.9000000e+02   1.9209108e+00
