   0.0000000e+00   3.4575183e+01
   1.0000000e+01   3.4269244e+01
   2.0000000e+01   3.4260520e+01
   3.0000000e+01   3.4878688e+01
   4.0000000e+01   3.8273448e+01
   5.0000000e+01   4.3587506e+01
   6.0000000e+01   4.7427756e+01
   7.0000000e+01   5.0007396e+01
   8.0000000e+01   5.1740892e+01
   9.0000000e+01   5.3006864e+01
   1.0000000e+02   5.3898243e+01
   1.1000000e+02   5.4595912e+01
   1.2000000e+02   5.5105089e+01
   1.3000000e+02   5.5542185e+01
   1.4000000e+02   5.5990537e+01
   1.5000000e+02   5.6194166e+01
   1.6000000e+02   5.6460225e+01
   1.7000000e+02   5.6624053e+01
   1.8000000e+02   5.6861387e+01
   1.9000000e+02   5.7028506e+01
   2.0000000e+02   5.7194648e+01
   2.1000000e+02   5.7328993e+01
   2.2000000e+02   5.7413753e+01
   2.3000000e+02   5.7522641e+01
   2.4000000e+02   5.7615931e+01
   2.5000000e+02   5.7672075e+01
   2.6000000e+02   5.7740473e+01
   2.7000000e+02   5.7836330e+01
   2.8000000e+02   5.7987084e+01
   2.9000000e+02   6.0169268e+01
   3.0000000e+02   6.2124575e+01
   3.1000000e+02   6.3425922e+01
   3.2000000e+02   6.4337545e+01
   3.3000000e+02   6.4938465e+01
   3.4000000e+02   6.4923932e+01
   3.5000000e+02   6.2747342e+01
   3.6000000e+02   6.1317965e+01
   3.7000000e+02   6.0443877e+01
   3.8000000e+02   6.0001780e+01
   3.9000000e+02   5.9728856e+01
   4.0000000e+02   5.9559345e+01
   4.1000000e+02   5.9479747e+01
   4.2000000e+02   5.9612101e+01
   4.3000000e+02   6.0713998e+01
   4.4000000e+02   6.1691079e+01
   4.5000000e+02   6.2304253e+01
   4.6000000e+02   6.2636526e+01
   4.7000000e+02   6.2208696e+01
   4.8000000e+02   6.2572644e+01
   4.9000000e+02   6.2291235e+01
   5.0000000e+02   6.2531257e+01
   5.1000000e+02   6.2410863e+01
   5.2000000e+02   6.2122533e+01
   5.3000000e+02   6.2492768e+01
   5.4000000e+02   6.1934107e+01
   5.5000000e+02   6.2330058e+01
   5.6000000e+02   6.2810209e+01
   5.7000000e+02   6.2022273e+01
   5.8000000e+02   6.1903994e+01
   5.9000000e+02   6.2292062e+01
   6.0000000e+02   6.2177180e+01
   6.1000000e+02   6.1760043e+01
   6.2000000e+02   6.2394452e+01
   6.3000000e+02   6.2091184e+01
   6.4000000e+02   6.1761657e+01
   6.5000000e+02   6.2515447e+01
   6.6000000e+02   6.1877182e+01
   6.7000000e+02   6.1900608e+01
   6.8000000e+02   6.2220155e+01
   6.9000000e+02   6.2655945e+01
