   0.0000000e+00   2.2578573e+01
   1.0000000e+01   2.2600253e+01
   2.0000000e+01   2.2598137e+01
   3.0000000e+01   2.2624560e+01
   4.0000000e+01   2.2649432e+01
   5.0000000e+01   2.2671516e+01
   6.0000000e+01   2.2693871e+01
   7.0000000e+01   2.2730555e+01
   8.0000000e+01   2.2744483e+01
   9.0000000e+01   2.2786530e+01
   1.0000000e+02   2.2825405e+01
   1.1000000e+02   2.2849315e+01
   1.2000000e+02   2.2895035e+01
   1.3000000e+02   2.2921843e+01
   1.4000000e+02   2.2983661e+01
   1.5000000e+02   2.3011750e+01
   1.6000000e+02   2.3056422e+01
   1.7000000e+02   2.3091710e+01
   1.8000000e+02   2.3131173e+01
   1.9000000e+02   2.3167565e+01
   2.0000000e+02   2.3202505e+01
   2.1000000e+02   2.3245430e+01
   2.2000000e+02   2.3283127e+01
   2.3000000e+02   2.3309132e+01
   2.4000000e+02   2.3330195e+01
   2.5000000e+02   2.3368049e+01
   2.6000000e+02   2.3399099e+01
   2.7000000e+02   2.3432972e+01
   2.8000000e+02   2.3460695e+01
   2.9000000e+02   2.3490789e+01
   3.0000000e+02   2.3520899e+01
   3.1000000e+02   2.3549749e+01
   3.2000000e+02   2.3583522e+01
   3.3000000e+02   2.3621312e+01
   3.4000000e+02   2.3664761e+01
   3.5000000e+02   2.3699922e+01
   3.6000000e+02   2.3723879e+01
   3.7000000e+02   2.3756053e+01
   3.8000000e+02   2.3790728e+01
   3.9000000e+02   2.3834858e+01
   4.0000000e+02   2.3847303e+01
   4.1000000e+02   2.3879500e+01
   4.2000000e+02   2.3888633e+01
   4.3000000e+02   2.3930783e+01
   4.4000000e+02   2.3944459e+01
   4.5000000e+02   2.3980237e+01
   4.6000000e+02   2.4015966e+01
   4.7000000e+02   2.4028926e+01
   4.8000000e+02   2.4050620e+01
   4.9000000e+02   2.4076956e+01
   5.0000000e+02   2.4098967e+01
   5.1000000e+02   2.4128540e+01
   5.2000000e+02   2.4161155e+01
   5.3000000e+02   2.4175225e+01
   5.4000000e+02   2.4215364e+01
   5.5000000e+02   2.4241797e+01
   5.6000000e+02   2.4274179e+01
   5.7000000e+02   2.4298019e+01
   5.8000000e+02   2.4328169e+01
   5.9000000e+02   2.4365407e+01
   6.0000000e+02   2.4387731e+01
   6.1000000e+02   2.4411299e+01
   6.2000000e+02   2.4425775e+01
   6.3000000e+02   2.4458936e+01
   6.4000000e+02   2.4476652e+01
   6.5000000e+02   2.4509445e+01
   6.6000000e+02   2.4528587e+01
   6.7000000e+02   2.4552688e+01
   6.8000000e+02   2.4589331e+01
   6.9000000e+02   2.4616874e+01
