   0.0000000e+00   1.0668740e-02
   1.0000000e+01  -1.1961738e-02
   2.0000000e+01   1.5801521e-03
   3.0000000e+01  -9.1955162e-03
   4.0000000e+01   8.8771725e-01
   5.0000000e+01   4.9117258e+00
   6.0000000e+01   8.7272739e+00
   7.0000000e+01   1.1499153e+01
   8.0000000e+01   1.3664768e+01
   9.0000000e+01   1.5431713e+01
   1.0000000e+02   1.6978142e+01
   1.1000000e+02   1.8099364e+01
   1.2000000e+02   1.8652358e+01
   1.3000000e+02   1.7428886e+01
   1.4000000e+02   1.6351695e+01
   1.5000000e+02   1.5790117e+01
   1.6000000e+02   1.5339498e+01
   1.7000000e+02   1.5079037e+01
   1.8000000e+02   1.3980185e+01
   1.9000000e+02   1.3751230e+01
   2.0000000e+02   1.3623274e+01
   2.1000000e+02   1.3613673e+01
   2.2000000e+02   1.3644676e+01
   2.3000000e+02   1.3020916e+01
   2.4000000e+02   1.3164050e+01
   2.5000000e+02   1.2913620e+01
   2.6000000e+02   1.2592779e+01
   2.7000000e+02   1.2193629e+01
   2.8000000e+02   1.2693538e+01
   2.9000000e+02   1.2546867e+01
   3.0000000e+02   1.2642053e+01
   3.1000000e+02   1.2525597e+01
   3.2000000e+02   1.2505999e+01
   3.3000000e+02   1.2485137e+01
   3.4000000e+02   1.2482114e+01
   3.5000000e+02   1.2201569e+01
   3.6000000e+02   1.1886248e+01
   3.7000000e+02   1.1937702e+01
   3.8000000e+02   1.2023631e+01
   3.9000000e+02   1.2072598e+01
   4.0000000e+02   1.2118283e+01
   4.1000000e+02   1.1981035e+01
   4.2000000e+02   1.1663736e+01
   4.3000000e+02   1.1715152e+01
   4.4000000e+02   1.1714761e+01
   4.5000000e+02   1.1506792e+01
   4.6000000e+02   1.1579789e+01
   4.7000000e+02   1.1667538e+01
   4.8000000e+02   1.1731118e+01
   4.9000000e+02   1.1395041e+01
   5.0000000e+02   1.1346078e+01
   5.1000000e+02   1.1442494e+01
   5.2000000e+02   1.1303544e+01
   5.3000000e+02   1.1156390e+01
   5.4000000e+02   1.1249362e+01
   5.5000000e+02   1.1317962e+01
   5.6000000e+02   1.1379586e+01
   5.7000000e+02   1.1423689e+01
   5.8000000e+02   1.1213366e+01
   5.9000000e+02   1.1015276e+01
   6.0000000e+02   1.0788928e+01
   6.1000000e+02   1.0872078e+01
   6.2000000e+02   1.0975098e+01
   6.3000000e+02   1.1053250e+01
   6.4000000e+02   1.1124345e+01
   6.5000000e+02   1.1163894e+01
   6.6000000e+02   1.1204438e+01
