   0.0000000e+00   1.3802186e-01
   1.0000000e+01  -1.6791698e-01
   2.0000000e+01  -1.7664085e-01
   3.0000000e+01   4.4152737e-01
   4.0000000e+01   3.8362874e+00
   5.0000000e+01   9.1503455e+00
   6.0000000e+01   1.2990595e+01
   7.0000000e+01   1.5570235e+01
   8.0000000e+01   1.7303731e+01
   9.0000000e+01   1.8569703e+01
   1.0000000e+02   1.9461082e+01
   1.1000000e+02   2.0158751e+01
   1.2000000e+02   2.0667928e+01
   1.3000000e+02   2.1105024e+01
   1.4000000e+02   2.1553376e+01
   1.5000000e+02   2.1757005e+01
   1.6000000e+02   2.2023064e+01
   1.7000000e+02   2.2186892e+01
   1.8000000e+02   2.2424226e+01
   1.9000000e+02   2.2591345e+01
   2.0000000e+02   2.2757487e+01
   2.1000000e+02   2.2891832e+01
   2.2000000e+02   2.2976592e+01
   2.3000000e+02   2.3085480e+01
   2.4000000e+02   2.3178770e+01
   2.5000000e+02   2.3234914e+01
   2.6000000e+02   2.3303312e+01
   2.7000000e+02   2.3399169e+01
   2.8000000e+02   2.3549924e+01
   2.9000000e+02   2.5732107e+01
   3.0000000e+02   2.7687414e+01
   3.1000000e+02   2.8988761e+01
   3.2000000e+02   2.9900384e+01
   3.3000000e+02   3.0501304e+01
   3.4000000e+02   3.0486771e+01
   3.5000000e+02   2.8310181e+01
   3.6000000e+02   2.6880804e+01
   3.7000000e+02   2.6006717e+01
   3.8000000e+02   2.5564619e+01
   3.9000000e+02   2.5291695e+01
   4.0000000e+02   2.5122184e+01
   4.1000000e+02   2.5042586e+01
   4.2000000e+02   2.5174940e+01
   4.3000000e+02   2.6276837e+01
   4.4000000e+02   2.7253918e+01
   4.5000000e+02   2.7867092e+01
   4.6000000e+02   2.8199365e+01
   4.7000000e+02   2.7771535e+01
   4.8000000e+02   2.8135483e+01
   4.9000000e+02   2.7854074e+01
   5.0000000e+02   2.8094097e+01
   5.1000000e+02   2.7973703e+01
   5.2000000e+02   2.7685372e+01
   5.3000000e+02   2.8055607e+01
   5.4000000e+02   2.7496946e+01
   5.5000000e+02   2.7892897e+01
   5.6000000e+02   2.8373049e+01
   5.7000000e+02   2.7585112e+01
   5.8000000e+02   2.7466833e+01
   5.9000000e+02   2.7854901e+01
   6.0000000e+02   2.7740019e+01
   6.1000000e+02   2.7322883e+01
   6.2000000e+02   2.7957291e+01
   6.3000000e+02   2.7654023e+01
   6.4000000e+02   2.7324496e+01
   6.5000000e+02   2.8078286e+01
   6.6000000e+02   2.7440021e+01
   6.7000000e+02   2.7463447e+01
   6.8000000e+02   2.7782994e+01
   6.9000000e+02   2.8218784e+01
