   0.0000000e+00   3.6140164e-03
   1.0000000e+01  -6.0730684e-03
   2.0000000e+01  -5.3360101e-03
   3.0000000e+01  -1.5560487e-02
   4.0000000e+01  -1.3839949e-02
   5.0000000e+01  -1.9249159e-02
   6.0000000e+01  -1.3178508e-02
   7.0000000e+01  -1.6764167e-01
   8.0000000e+01  -1.1637270e+00
   9.0000000e+01  -4.8435259e+00
   1.0000000e+02  -1.1908701e+01
   1.1000000e+02  -1.7761552e+01
   1.2000000e+02  -2.2128645e+01
   1.3000000e+02  -2.6321974e+01
   1.4000000e+02  -3.0725182e+01
   1.5000000e+02  -3.3145038e+01
   1.6000000e+02  -3.4718776e+01
   1.7000000e+02  -3.5854711e+01
   1.8000000e+02  -3.6867937e+01
   1.9000000e+02  -3.7460396e+01
   2.0000000e+02  -3.8046842e+01
   2.1000000e+02  -3.8443847e+01
   2.2000000e+02  -3.8848863e+01
   2.3000000e+02  -3.9126040e+01
   2.4000000e+02  -3.8796537e+01
   2.5000000e+02  -3.9035100e+01
   2.6000000e+02  -3.9100196e+01
   2.7000000e+02  -3.8994780e+01
   2.8000000e+02  -3.9498495e+01
   2.9000000e+02  -3.9656953e+01
   3.0000000e+02  -4.0044619e+01
   3.1000000e+02  -4.0355197e+01
   3.2000000e+02  -4.0229889e+01
   3.3000000e+02  -3.9605055e+01
   3.4000000e+02  -3.9986985e+01
   3.5000000e+02  -3.9444985e+01
   3.6000000e+02  -3.9134127e+01
   3.7000000e+02  -3.8936412e+01
   3.8000000e+02  -3.9181034e+01
   3.9000000e+02  -3.9194386e+01
   4.0000000e+02  -3.9349697e+01
   4.1000000e+02  -3.9265466e+01
   4.2000000e+02  -3.9484612e+01
   4.3000000e+02  -3.9300299e+01
   4.4000000e+02  -3.9447737e+01
   4.5000000e+02  -3.9320358e+01
   4.6000000e+02  -3.9454848e+01
   4.7000000e+02  -3.9524369e+01
   4.8000000e+02  -3.9703412e+01
   4.9000000e+02  -3.9654689e+01
   5.0000000e+02  -3.9597900e+01
   5.1000000e+02  -3.9787471e+01
   5.2000000e+02  -3.9720679e+01
   5.3000000e+02  -3.9898579e+01
   5.4000000e+02  -4.0019171e+01
   5.5000000e+02  -4.0108418e+01
   5.6000000e+02  -4.0268149e+01
   5.7000000e+02  -3.9970374e+01
   5.8000000e+02  -4.0232447e+01
   5.9000000e+02  -4.0196495e+01
   6.0000000e+02  -4.0242927e+01
   6.1000000e+02  -4.0135370e+01
   6.2000000e+02  -4.0040126e+01
   6.3000000e+02  -4.0161366e+01
   6.4000000e+02  -4.0313663e+01
   6.5000000e+02  -3.9956290e+01
   6.6000000e+02  -3.9921196e+01
   6.7000000e+02  -4.0140019e+01
   6.8000000e+02  -3.9944805e+01
   6.9000000e+02  -4.0028288e+01
   7.0000000e+02  -3.9803669e+01
   7.1000000e+02  -3.9963015e+01
   7.2000000e+02  -3.9662912e+01
   7.3000000e+02  -3.9893910e+01
   7.4000000e+02  -4.0353812e+01
   7.5000000e+02  -4.0599052e+01
   7.6000000e+02  -4.0656965e+01
   7.7000000e+02  -4.0488029e+01
   7.8000000e+02  -4.0225236e+01
   7.9000000e+02  -3.9914629e+01
   8.0000000e+02  -3.9622344e+01
   8.1000000e+02  -3.9212050e+01
   8.2000000e+02  -3.8826544e+01
   8.3000000e+02  -3.8395531e+01
   8.4000000e+02  -3.8105300e+01
   8.5000000e+02  -3.7770437e+01
   8.6000000e+02  -3.7405565e+01
   8.7000000e+02  -3.7006352e+01
   8.8000000e+02  -3.6697921e+01
   8.9000000e+02  -3.6477052e+01
   9.0000000e+02  -3.6437375e+01
   9.1000000e+02  -3.6261609e+01
   9.2000000e+02  -3.6077888e+01
   9.3000000e+02  -3.6070450e+01
   9.4000000e+02  -3.6028261e+01
   9.5000000e+02  -3.5881471e+01
   9.6000000e+02  -3.6034839e+01
   9.7000000e+02  -3.6029927e+01
   9.8000000e+02  -3.5901149e+01
   9.9000000e+02  -3.5903499e+01
   1.0000000e+03  -3.5956795e+01
   1.0100000e+03  -3.5870956e+01
   1.0200000e+03  -3.5872694e+01
   1.0300000e+03  -3.5552289e+01
   1.0400000e+03  -3.5649475e+01
   1.0500000e+03  -3.5628183e+01
   1.0600000e+03  -3.5624307e+01
   1.0700000e+03  -3.5352508e+01
   1.0800000e+03  -3.5436661e+01
   1.0900000e+03  -3.5382310e+01
   1.1000000e+03  -3.5340351e+01
   1.1100000e+03  -3.5453522e+01
   1.1200000e+03  -3.5507728e+01
   1.1300000e+03  -3.5509927e+01
   1.1400000e+03  -3.5466899e+01
   1.1500000e+03  -3.5470354e+01
   1.1600000e+03  -3.5409272e+01
   1.1700000e+03  -3.5298895e+01
   1.1800000e+03  -3.5153901e+01
   1.1900000e+03  -3.4867850e+01
   1.2000000e+03  -3.4680440e+01
   1.2100000e+03  -3.4439329e+01
   1.2200000e+03  -3.4157050e+01
