   0.0000000e+00   1.2750150e+01
   1.0000000e+01   1.2738586e+01
   2.0000000e+01   1.2740954e+01
   3.0000000e+01   1.2733511e+01
   4.0000000e+01   1.2739426e+01
   5.0000000e+01   1.2746820e+01
   6.0000000e+01   1.2747542e+01
   7.0000000e+01   1.2765466e+01
   8.0000000e+01   1.2812853e+01
   9.0000000e+01   1.3103485e+01
   1.0000000e+02   1.3778024e+01
   1.1000000e+02   1.4496436e+01
   1.2000000e+02   1.4901317e+01
   1.3000000e+02   1.5062456e+01
   1.4000000e+02   1.5198256e+01
   1.5000000e+02   1.5252400e+01
   1.6000000e+02   1.5266547e+01
   1.7000000e+02   1.5298336e+01
   1.8000000e+02   1.5292862e+01
   1.9000000e+02   1.5358333e+01
   2.0000000e+02   1.5372658e+01
   2.1000000e+02   1.5395865e+01
   2.2000000e+02   1.5434530e+01
   2.3000000e+02   1.5466927e+01
   2.4000000e+02   1.5509702e+01
   2.5000000e+02   1.5571913e+01
   2.6000000e+02   1.5574175e+01
   2.7000000e+02   1.5582216e+01
   2.8000000e+02   1.5600355e+01
   2.9000000e+02   1.5567084e+01
   3.0000000e+02   1.5470260e+01
   3.1000000e+02   1.5373778e+01
   3.2000000e+02   1.5437596e+01
   3.3000000e+02   1.5481823e+01
   3.4000000e+02   1.5509191e+01
   3.5000000e+02   1.5564297e+01
   3.6000000e+02   1.5648507e+01
   3.7000000e+02   1.5701680e+01
   3.8000000e+02   1.5652897e+01
   3.9000000e+02   1.5670937e+01
   4.0000000e+02   1.5686126e+01
   4.1000000e+02   1.5688705e+01
   4.2000000e+02   1.5693931e+01
   4.3000000e+02   1.5703841e+01
   4.4000000e+02   1.5703498e+01
   4.5000000e+02   1.5653465e+01
   4.6000000e+02   1.5662362e+01
   4.7000000e+02   1.5672107e+01
   4.8000000e+02   1.5687479e+01
   4.9000000e+02   1.5656172e+01
   5.0000000e+02   1.5702706e+01
   5.1000000e+02   1.5703260e+01
   5.2000000e+02   1.5741345e+01
   5.3000000e+02   1.5642559e+01
   5.4000000e+02   1.5692629e+01
   5.5000000e+02   1.5644738e+01
   5.6000000e+02   1.5661811e+01
   5.7000000e+02   1.5694840e+01
   5.8000000e+02   1.5700207e+01
   5.9000000e+02   1.5693277e+01
   6.0000000e+02   1.5677979e+01
   6.1000000e+02   1.5680627e+01
   6.2000000e+02   1.5646080e+01
   6.3000000e+02   1.5666976e+01
   6.4000000e+02   1.5619025e+01
   6.5000000e+02   1.5593786e+01
   6.6000000e+02   1.5639997e+01
   6.7000000e+02   1.5673675e+01
   6.8000000e+02   1.5688337e+01
   6.9000000e+02   1.5652394e+01
   7.0000000e+02   1.5648882e+01
   7.1000000e+02   1.5686690e+01
   7.2000000e+02   1.5660944e+01
   7.3000000e+02   1.5642093e+01
   7.4000000e+02   1.5535512e+01
   7.5000000e+02   1.5468380e+01
   7.6000000e+02   1.5349496e+01
   7.7000000e+02   1.5290784e+01
   7.8000000e+02   1.5281327e+01
   7.9000000e+02   1.5216774e+01
   8.0000000e+02   1.5156901e+01
   8.1000000e+02   1.5171756e+01
   8.2000000e+02   1.5210377e+01
   8.3000000e+02   1.5148946e+01
   8.4000000e+02   1.5155790e+01
   8.5000000e+02   1.5216097e+01
   8.6000000e+02   1.5241625e+01
   8.7000000e+02   1.5259106e+01
   8.8000000e+02   1.5414843e+01
   8.9000000e+02   1.5424139e+01
   9.0000000e+02   1.5451441e+01
   9.1000000e+02   1.5519949e+01
   9.2000000e+02   1.5547259e+01
   9.3000000e+02   1.5543416e+01
   9.4000000e+02   1.5575925e+01
   9.5000000e+02   1.5583928e+01
   9.6000000e+02   1.5537577e+01
   9.7000000e+02   1.5517844e+01
   9.8000000e+02   1.5493344e+01
   9.9000000e+02   1.5489245e+01
   1.0000000e+03   1.5510082e+01
   1.0100000e+03   1.5500254e+01
   1.0200000e+03   1.5531146e+01
   1.0300000e+03   1.5493550e+01
   1.0400000e+03   1.5502751e+01
   1.0500000e+03   1.5474918e+01
   1.0600000e+03   1.5548592e+01
   1.0700000e+03   1.5608450e+01
   1.0800000e+03   1.5580759e+01
   1.0900000e+03   1.5597936e+01
   1.1000000e+03   1.5552622e+01
   1.1100000e+03   1.5561663e+01
   1.1200000e+03   1.5536725e+01
   1.1300000e+03   1.5493012e+01
   1.1400000e+03   1.5477769e+01
   1.1500000e+03   1.5420999e+01
   1.1600000e+03   1.5349497e+01
   1.1700000e+03   1.5313849e+01
   1.1800000e+03   1.5249621e+01
   1.1900000e+03   1.5282835e+01
   1.2000000e+03   1.5211993e+01
   1.2100000e+03   1.5255278e+01
   1.2200000e+03   1.5254275e+01
