   0.0000000e+00   1.3420808e+01
   1.0000000e+01   1.3403894e+01
   2.0000000e+01   1.3415807e+01
   3.0000000e+01   1.3396725e+01
   4.0000000e+01   1.3406596e+01
   5.0000000e+01   1.3399552e+01
   6.0000000e+01   1.3433334e+01
   7.0000000e+01   1.3478490e+01
   8.0000000e+01   1.3542850e+01
   9.0000000e+01   1.4023033e+01
   1.0000000e+02   1.4858831e+01
   1.1000000e+02   1.5389090e+01
   1.2000000e+02   1.6202757e+01
   1.3000000e+02   1.6149738e+01
   1.4000000e+02   1.6326791e+01
   1.5000000e+02   1.6455704e+01
   1.6000000e+02   1.6687512e+01
   1.7000000e+02   1.6788719e+01
   1.8000000e+02   1.6967200e+01
   1.9000000e+02   1.6501142e+01
   2.0000000e+02   1.7015779e+01
   2.1000000e+02   1.6366950e+01
   2.2000000e+02   1.6673216e+01
   2.3000000e+02   1.7092053e+01
   2.4000000e+02   1.6857487e+01
   2.5000000e+02   1.6397668e+01
   2.6000000e+02   1.7125330e+01
   2.7000000e+02   1.6893465e+01
   2.8000000e+02   1.6922735e+01
   2.9000000e+02   1.7076448e+01
   3.0000000e+02   1.7394677e+01
   3.1000000e+02   1.8456166e+01
   3.2000000e+02   1.7175845e+01
   3.3000000e+02   1.6842178e+01
   3.4000000e+02   1.6963347e+01
   3.5000000e+02   1.7651537e+01
   3.6000000e+02   1.7359320e+01
   3.7000000e+02   1.7092467e+01
   3.8000000e+02   1.7238327e+01
   3.9000000e+02   1.7446959e+01
   4.0000000e+02   1.6764787e+01
   4.1000000e+02   1.7374393e+01
   4.2000000e+02   1.6458744e+01
   4.3000000e+02   1.7633261e+01
   4.4000000e+02   1.6960054e+01
   4.5000000e+02   1.6705207e+01
   4.6000000e+02   1.7557486e+01
   4.7000000e+02   1.7614804e+01
   4.8000000e+02   1.6330549e+01
   4.9000000e+02   1.7685242e+01
   5.0000000e+02   1.7694799e+01
   5.1000000e+02   1.8172251e+01
   5.2000000e+02   1.8523215e+01
   5.3000000e+02   1.7930199e+01
   5.4000000e+02   1.7723036e+01
   5.5000000e+02   1.7807980e+01
   5.6000000e+02   1.8190046e+01
   5.7000000e+02   1.8267558e+01
   5.8000000e+02   1.8335089e+01
   5.9000000e+02   1.8325622e+01
   6.0000000e+02   1.7569136e+01
   6.1000000e+02   1.7864234e+01
   6.2000000e+02   1.7890317e+01
   6.3000000e+02   1.8108887e+01
   6.4000000e+02   1.8190962e+01
   6.5000000e+02   1.7818151e+01
   6.6000000e+02   1.7575545e+01
   6.7000000e+02   1.8121838e+01
   6.8000000e+02   1.8435524e+01
   6.9000000e+02   1.7993855e+01
   7.0000000e+02   1.8192455e+01
   7.1000000e+02   1.8310464e+01
   7.2000000e+02   1.7660295e+01
   7.3000000e+02   1.8695325e+01
   7.4000000e+02   1.8883993e+01
   7.5000000e+02   1.9079983e+01
   7.6000000e+02   1.8315020e+01
   7.7000000e+02   1.9713516e+01
   7.8000000e+02   1.9396079e+01
   7.9000000e+02   1.7467069e+01
   8.0000000e+02   1.9147553e+01
   8.1000000e+02   1.9173491e+01
   8.2000000e+02   1.9251171e+01
   8.3000000e+02   1.9104149e+01
   8.4000000e+02   1.9210431e+01
   8.5000000e+02   1.9558666e+01
   8.6000000e+02   1.9370873e+01
   8.7000000e+02   1.9123560e+01
   8.8000000e+02   1.8101807e+01
   8.9000000e+02   1.8810705e+01
   9.0000000e+02   1.8740535e+01
   9.1000000e+02   1.8401116e+01
   9.2000000e+02   1.8349028e+01
   9.3000000e+02   1.8632366e+01
   9.4000000e+02   1.8647866e+01
   9.5000000e+02   1.8836746e+01
   9.6000000e+02   1.8596156e+01
   9.7000000e+02   1.8357954e+01
   9.8000000e+02   1.9288256e+01
   9.9000000e+02   1.9154114e+01
   1.0000000e+03   1.8611403e+01
   1.0100000e+03   1.8583042e+01
   1.0200000e+03   1.8752323e+01
   1.0300000e+03   1.8844921e+01
   1.0400000e+03   1.9068816e+01
   1.0500000e+03   1.9405722e+01
   1.0600000e+03   1.8879647e+01
   1.0700000e+03   1.9178861e+01
   1.0800000e+03   1.8775376e+01
   1.0900000e+03   1.9082362e+01
   1.1000000e+03   1.9595133e+01
   1.1100000e+03   1.9219374e+01
   1.1200000e+03   1.8874072e+01
   1.1300000e+03   1.9727829e+01
   1.1400000e+03   2.0179485e+01
   1.1500000e+03   2.0365208e+01
   1.1600000e+03   2.0743470e+01
   1.1700000e+03   2.0798038e+01
   1.1800000e+03   2.0567834e+01
   1.1900000e+03   2.0782438e+01
   1.2000000e+03   2.0252905e+01
   1.2100000e+03   2.1245274e+01
   1.2200000e+03   2.1044534e+01
