   0.0000000e+00   1.4562359e+01
   1.0000000e+01   1.4551042e+01
   2.0000000e+01   1.4558526e+01
   3.0000000e+01   1.4554580e+01
   4.0000000e+01   1.4564211e+01
   5.0000000e+01   1.4554846e+01
   6.0000000e+01   1.4485772e+01
   7.0000000e+01   1.4746546e+01
   8.0000000e+01   1.4682449e+01
   9.0000000e+01   1.5245050e+01
   1.0000000e+02   1.6622671e+01
   1.1000000e+02   1.7827102e+01
   1.2000000e+02   1.8860045e+01
   1.3000000e+02   1.6255236e+01
   1.4000000e+02   2.0353642e+01
   1.5000000e+02   1.2413503e+01
   1.6000000e+02   1.3456573e+01
   1.7000000e+02   1.3583849e+01
   1.8000000e+02   1.5452831e+01
   1.9000000e+02   1.3230201e+01
   2.0000000e+02   1.3016576e+01
   2.1000000e+02   1.2467315e+01
   2.2000000e+02   1.1829202e+01
   2.3000000e+02   1.4713667e+01
   2.4000000e+02   1.5029295e+01
   2.5000000e+02   1.3968764e+01
   2.6000000e+02   1.5090766e+01
   2.7000000e+02   1.4892516e+01
   2.8000000e+02   1.6178634e+01
   2.9000000e+02   1.5627761e+01
   3.0000000e+02   1.7008761e+01
   3.1000000e+02   1.5841052e+01
   3.2000000e+02   1.4362798e+01
   3.3000000e+02   1.3375055e+01
   3.4000000e+02   1.7101988e+01
   3.5000000e+02   1.3554261e+01
   3.6000000e+02   1.2545978e+01
   3.7000000e+02   1.5006689e+01
   3.8000000e+02   1.6844468e+01
   3.9000000e+02   2.0507885e+01
   4.0000000e+02   1.8726732e+01
   4.1000000e+02   2.3211717e+01
   4.2000000e+02   1.8598839e+01
   4.3000000e+02   2.0090404e+01
   4.4000000e+02   1.9294511e+01
   4.5000000e+02   1.9354728e+01
   4.6000000e+02   1.6602130e+01
   4.7000000e+02   1.9570792e+01
   4.8000000e+02   2.3295514e+01
   4.9000000e+02   2.2848261e+01
   5.0000000e+02   2.2725578e+01
   5.1000000e+02   2.4163983e+01
   5.2000000e+02   2.5123086e+01
   5.3000000e+02   2.6119868e+01
   5.4000000e+02   2.4381004e+01
   5.5000000e+02   2.3656560e+01
   5.6000000e+02   2.3447182e+01
   5.7000000e+02   2.3526425e+01
   5.8000000e+02   2.4164414e+01
   5.9000000e+02   2.4918551e+01
   6.0000000e+02   2.7955009e+01
   6.1000000e+02   2.6682567e+01
   6.2000000e+02   2.9747122e+01
   6.3000000e+02   2.8773481e+01
   6.4000000e+02   2.7075377e+01
   6.5000000e+02   2.7603674e+01
   6.6000000e+02   2.7571410e+01
   6.7000000e+02   2.8418735e+01
   6.8000000e+02   2.8483816e+01
   6.9000000e+02   2.9268733e+01
   7.0000000e+02   2.9356233e+01
   7.1000000e+02   2.9730976e+01
   7.2000000e+02   2.7196764e+01
   7.3000000e+02   2.7402045e+01
   7.4000000e+02   2.6880321e+01
   7.5000000e+02   2.7280939e+01
   7.6000000e+02   2.8033467e+01
   7.7000000e+02   2.8037262e+01
   7.8000000e+02   2.8166131e+01
   7.9000000e+02   2.8219113e+01
   8.0000000e+02   2.7193574e+01
   8.1000000e+02   2.7860178e+01
   8.2000000e+02   2.7908273e+01
   8.3000000e+02   2.5857168e+01
   8.4000000e+02   2.7754664e+01
   8.5000000e+02   2.4537325e+01
   8.6000000e+02   2.7472137e+01
   8.7000000e+02   2.6840303e+01
   8.8000000e+02   2.7083839e+01
   8.9000000e+02   2.7653444e+01
   9.0000000e+02   2.6956391e+01
   9.1000000e+02   2.7474906e+01
   9.2000000e+02   2.6636349e+01
   9.3000000e+02   2.6912324e+01
   9.4000000e+02   2.6918732e+01
   9.5000000e+02   2.6943696e+01
   9.6000000e+02   2.6486262e+01
   9.7000000e+02   2.6990375e+01
   9.8000000e+02   2.7360428e+01
   9.9000000e+02   2.6738475e+01
   1.0000000e+03   2.7202995e+01
   1.0100000e+03   2.7235848e+01
   1.0200000e+03   2.6910533e+01
   1.0300000e+03   2.6811130e+01
   1.0400000e+03   2.6753925e+01
   1.0500000e+03   2.7252886e+01
   1.0600000e+03   2.6390294e+01
   1.0700000e+03   2.6312541e+01
   1.0800000e+03   2.7510014e+01
   1.0900000e+03   2.6845670e+01
   1.1000000e+03   2.6890589e+01
   1.1100000e+03   2.6596265e+01
   1.1200000e+03   2.6834550e+01
   1.1300000e+03   2.7152487e+01
   1.1400000e+03   2.7106548e+01
   1.1500000e+03   2.6852797e+01
   1.1600000e+03   2.7134934e+01
   1.1700000e+03   2.7307495e+01
   1.1800000e+03   2.7320564e+01
   1.1900000e+03   2.7443192e+01
   1.2000000e+03   2.6404424e+01
   1.2100000e+03   2.7175631e+01
   1.2200000e+03   2.6400469e+01
