   0.0000000e+00  -3.4335761e-03
   1.0000000e+01  -8.0008570e-03
   2.0000000e+01   4.1262417e-03
   3.0000000e+01   5.5308011e-03
   4.0000000e+01   7.0178393e-03
   5.0000000e+01  -2.1074286e-03
   6.0000000e+01  -1.1150276e-02
   7.0000000e+01  -2.1388381e-02
   8.0000000e+01  -7.6377404e-02
   9.0000000e+01  -4.1327840e-01
   1.0000000e+02  -1.7026753e+00
   1.1000000e+02  -2.8066424e+00
   1.2000000e+02  -3.7758802e+00
   1.3000000e+02  -4.3539197e+00
   1.4000000e+02  -4.7502483e+00
   1.5000000e+02  -5.2439305e+00
   1.6000000e+02  -5.6045448e+00
   1.7000000e+02  -5.8705368e+00
   1.8000000e+02  -6.0836588e+00
   1.9000000e+02  -6.2095142e+00
   2.0000000e+02  -6.3449334e+00
   2.1000000e+02  -6.3524446e+00
   2.2000000e+02  -6.5080131e+00
   2.3000000e+02  -6.5900737e+00
   2.4000000e+02  -6.5410729e+00
   2.5000000e+02  -6.5841061e+00
   2.6000000e+02  -6.4845284e+00
   2.7000000e+02  -6.5777313e+00
   2.8000000e+02  -6.6479659e+00
   2.9000000e+02  -6.7084341e+00
   3.0000000e+02  -6.6707381e+00
   3.1000000e+02  -6.7260380e+00
   3.2000000e+02  -6.9250000e+00
   3.3000000e+02  -6.8799036e+00
   3.4000000e+02  -6.7630471e+00
   3.5000000e+02  -6.8822974e+00
   3.6000000e+02  -6.7926248e+00
   3.7000000e+02  -6.9175456e+00
   3.8000000e+02  -6.7889173e+00
   3.9000000e+02  -6.7955445e+00
   4.0000000e+02  -6.7914977e+00
   4.1000000e+02  -6.9763173e+00
   4.2000000e+02  -6.7897302e+00
   4.3000000e+02  -6.8978719e+00
   4.4000000e+02  -6.9278566e+00
   4.5000000e+02  -6.9332776e+00
   4.6000000e+02  -6.9231791e+00
   4.7000000e+02  -6.9535381e+00
   4.8000000e+02  -6.8739231e+00
   4.9000000e+02  -6.9800391e+00
   5.0000000e+02  -6.8976110e+00
   5.1000000e+02  -6.9675386e+00
   5.2000000e+02  -6.9668765e+00
   5.3000000e+02  -7.0126120e+00
   5.4000000e+02  -7.1432269e+00
   5.5000000e+02  -6.9506748e+00
   5.6000000e+02  -7.2572674e+00
   5.7000000e+02  -7.2950619e+00
   5.8000000e+02  -7.0709654e+00
   5.9000000e+02  -7.0856251e+00
   6.0000000e+02  -7.0708760e+00
   6.1000000e+02  -7.0878234e+00
   6.2000000e+02  -7.2406168e+00
   6.3000000e+02  -7.2352747e+00
   6.4000000e+02  -7.0850208e+00
   6.5000000e+02  -7.4182427e+00
   6.6000000e+02  -7.2208160e+00
   6.7000000e+02  -7.2558584e+00
   6.8000000e+02  -7.1227959e+00
   6.9000000e+02  -7.2576197e+00
   7.0000000e+02  -7.3899970e+00
   7.1000000e+02  -7.1342527e+00
   7.2000000e+02  -7.2996869e+00
   7.3000000e+02  -7.1381842e+00
   7.4000000e+02  -7.1805376e+00
   7.5000000e+02  -7.3011570e+00
   7.6000000e+02  -7.3754596e+00
   7.7000000e+02  -7.4878597e+00
   7.8000000e+02  -7.6119750e+00
   7.9000000e+02  -7.5311110e+00
   8.0000000e+02  -7.4796294e+00
   8.1000000e+02  -7.4948311e+00
   8.2000000e+02  -7.3675904e+00
   8.3000000e+02  -7.4731424e+00
   8.4000000e+02  -7.2652886e+00
   8.5000000e+02  -7.1566724e+00
   8.6000000e+02  -7.1814652e+00
   8.7000000e+02  -7.1704532e+00
   8.8000000e+02  -6.9296347e+00
   8.9000000e+02  -7.0440030e+00
   9.0000000e+02  -7.0144952e+00
   9.1000000e+02  -6.8953094e+00
   9.2000000e+02  -7.0352356e+00
   9.3000000e+02  -6.7303252e+00
   9.4000000e+02  -6.9299046e+00
   9.5000000e+02  -6.5690118e+00
   9.6000000e+02  -6.7910296e+00
   9.7000000e+02  -6.8089711e+00
   9.8000000e+02  -6.9105815e+00
   9.9000000e+02  -6.9343007e+00
   1.0000000e+03  -6.8594710e+00
   1.0100000e+03  -6.9323516e+00
   1.0200000e+03  -6.7949183e+00
   1.0300000e+03  -6.7381405e+00
   1.0400000e+03  -6.8045176e+00
   1.0500000e+03  -6.7715452e+00
   1.0600000e+03  -6.8565211e+00
   1.0700000e+03  -6.7464892e+00
   1.0800000e+03  -6.8228292e+00
   1.0900000e+03  -6.7124696e+00
   1.1000000e+03  -6.6853789e+00
   1.1100000e+03  -6.8149266e+00
   1.1200000e+03  -6.9190782e+00
   1.1300000e+03  -6.9015787e+00
   1.1400000e+03  -6.9227157e+00
   1.1500000e+03  -6.9477277e+00
   1.1600000e+03  -6.8397919e+00
   1.1700000e+03  -6.9644931e+00
   1.1800000e+03  -6.9762136e+00
   1.1900000e+03  -7.0866492e+00
   1.2000000e+03  -6.9878400e+00
   1.2100000e+03  -6.8881491e+00
   1.2200000e+03  -6.8940563e+00
