   0.0000000e+00  -1.3452277e-02
   1.0000000e+01   1.4701407e-04
   2.0000000e+01  -1.5484628e-02
   3.0000000e+01   1.3183504e-02
   4.0000000e+01   1.9668188e-02
   5.0000000e+01   2.8783205e-03
   6.0000000e+01   2.5673897e-02
   7.0000000e+01   1.8674919e-02
   8.0000000e+01   1.6253919e-02
   9.0000000e+01   6.6155099e-03
   1.0000000e+02  -5.2058015e-03
   1.1000000e+02   8.2684001e-05
   1.2000000e+02  -6.6148065e-02
   1.3000000e+02  -2.5040764e-01
   1.4000000e+02  -7.8758479e-01
   1.5000000e+02  -1.7047794e+00
   1.6000000e+02  -3.0185394e+00
   1.7000000e+02  -3.6797839e+00
   1.8000000e+02  -4.2405816e+00
   1.9000000e+02  -4.7443148e+00
   2.0000000e+02  -5.0434638e+00
   2.1000000e+02  -5.4113623e+00
   2.2000000e+02  -5.7311501e+00
   2.3000000e+02  -5.9264575e+00
   2.4000000e+02  -6.0703939e+00
   2.5000000e+02  -6.0970841e+00
   2.6000000e+02  -6.2712070e+00
   2.7000000e+02  -6.3225365e+00
   2.8000000e+02  -6.4521151e+00
   2.9000000e+02  -6.5123156e+00
   3.0000000e+02  -6.5853007e+00
   3.1000000e+02  -6.6335849e+00
   3.2000000e+02  -6.7034692e+00
   3.3000000e+02  -6.7492007e+00
   3.4000000e+02  -6.7650268e+00
   3.5000000e+02  -6.7730572e+00
   3.6000000e+02  -6.8385602e+00
   3.7000000e+02  -6.8939351e+00
   3.8000000e+02  -6.8867183e+00
   3.9000000e+02  -7.0114685e+00
   4.0000000e+02  -6.7952523e+00
   4.1000000e+02  -6.8467180e+00
   4.2000000e+02  -6.8748353e+00
   4.3000000e+02  -7.0966044e+00
   4.4000000e+02  -7.0941259e+00
   4.5000000e+02  -7.1960127e+00
   4.6000000e+02  -7.1251036e+00
   4.7000000e+02  -7.1147487e+00
   4.8000000e+02  -7.1126338e+00
   4.9000000e+02  -7.1992623e+00
   5.0000000e+02  -7.0421191e+00
   5.1000000e+02  -7.0446946e+00
   5.2000000e+02  -7.0984983e+00
   5.3000000e+02  -7.2743546e+00
   5.4000000e+02  -7.1569438e+00
   5.5000000e+02  -7.1595040e+00
   5.6000000e+02  -7.1844946e+00
   5.7000000e+02  -7.4293245e+00
   5.8000000e+02  -7.1400035e+00
   5.9000000e+02  -7.1457164e+00
   6.0000000e+02  -7.3567237e+00
   6.1000000e+02  -7.1568104e+00
   6.2000000e+02  -7.2851453e+00
   6.3000000e+02  -7.2984153e+00
   6.4000000e+02  -7.3267663e+00
   6.5000000e+02  -7.3309487e+00
   6.6000000e+02  -7.3018237e+00
   6.7000000e+02  -7.3809334e+00
   6.8000000e+02  -7.4220005e+00
   6.9000000e+02  -7.3592026e+00
