   0.0000000e+00  -1.4318794e-03
   1.0000000e+01   6.3335880e-03
   2.0000000e+01   1.0177814e-03
   3.0000000e+01  -5.9573469e-03
   4.0000000e+01  -1.0987226e-02
   5.0000000e+01  -3.3632507e-03
   6.0000000e+01   4.1104685e-03
   7.0000000e+01   1.7289407e-01
   8.0000000e+01   7.8306423e-01
   9.0000000e+01   4.3804324e+00
   1.0000000e+02   1.0460951e+01
   1.1000000e+02   1.6498246e+01
   1.2000000e+02   2.0396147e+01
   1.3000000e+02   2.2429742e+01
   1.4000000e+02   2.5068594e+01
   1.5000000e+02   2.5798376e+01
   1.6000000e+02   2.6231225e+01
   1.7000000e+02   2.6364496e+01
   1.8000000e+02   2.6851174e+01
   1.9000000e+02   2.6722571e+01
   2.0000000e+02   2.7850557e+01
   2.1000000e+02   2.7574621e+01
   2.2000000e+02   2.7807861e+01
   2.3000000e+02   2.8262558e+01
   2.4000000e+02   2.7430881e+01
   2.5000000e+02   2.8346959e+01
   2.6000000e+02   2.8397548e+01
   2.7000000e+02   2.8270257e+01
   2.8000000e+02   2.8764214e+01
   2.9000000e+02   2.9126288e+01
   3.0000000e+02   2.9534009e+01
   3.1000000e+02   2.9364503e+01
   3.2000000e+02   2.8433557e+01
   3.3000000e+02   2.8206693e+01
   3.4000000e+02   2.9558164e+01
   3.5000000e+02   2.7182361e+01
   3.6000000e+02   2.7875437e+01
   3.7000000e+02   2.7832203e+01
   3.8000000e+02   2.8073991e+01
   3.9000000e+02   2.7967117e+01
   4.0000000e+02   2.8581864e+01
   4.1000000e+02   2.7831336e+01
   4.2000000e+02   2.7266173e+01
   4.3000000e+02   2.7355205e+01
   4.4000000e+02   2.7461027e+01
   4.5000000e+02   2.6956469e+01
   4.6000000e+02   2.8318811e+01
   4.7000000e+02   2.7461246e+01
   4.8000000e+02   2.7255088e+01
   4.9000000e+02   2.7555451e+01
   5.0000000e+02   2.7036245e+01
   5.1000000e+02   2.7854426e+01
   5.2000000e+02   2.8458897e+01
   5.3000000e+02   2.8639449e+01
   5.4000000e+02   2.9023923e+01
   5.5000000e+02   2.8565504e+01
   5.6000000e+02   2.9232848e+01
   5.7000000e+02   2.9765442e+01
   5.8000000e+02   2.9630695e+01
   5.9000000e+02   2.9743952e+01
   6.0000000e+02   2.8827086e+01
   6.1000000e+02   2.9229884e+01
   6.2000000e+02   2.9698344e+01
   6.3000000e+02   2.9079458e+01
   6.4000000e+02   2.8796979e+01
   6.5000000e+02   2.9896632e+01
   6.6000000e+02   2.9890458e+01
   6.7000000e+02   2.8920281e+01
   6.8000000e+02   2.9257384e+01
   6.9000000e+02   2.9288338e+01
   7.0000000e+02   2.9043856e+01
   7.1000000e+02   2.9636561e+01
   7.2000000e+02   2.8740061e+01
   7.3000000e+02   2.9751851e+01
   7.4000000e+02   3.0125573e+01
   7.5000000e+02   3.1143319e+01
   7.6000000e+02   3.0260271e+01
   7.7000000e+02   3.0308233e+01
   7.8000000e+02   3.0643878e+01
   7.9000000e+02   3.0557588e+01
   8.0000000e+02   3.0287428e+01
   8.1000000e+02   2.9913172e+01
   8.2000000e+02   3.0169492e+01
   8.3000000e+02   2.9879124e+01
   8.4000000e+02   3.0648218e+01
   8.5000000e+02   3.0129938e+01
   8.6000000e+02   3.0580684e+01
   8.7000000e+02   2.9719806e+01
   8.8000000e+02   2.9521450e+01
   8.9000000e+02   2.9841124e+01
   9.0000000e+02   2.9816267e+01
   9.1000000e+02   2.9718185e+01
   9.2000000e+02   3.0148600e+01
   9.3000000e+02   3.0001280e+01
   9.4000000e+02   2.9817500e+01
   9.5000000e+02   3.0139920e+01
   9.6000000e+02   2.9282917e+01
   9.7000000e+02   3.0331038e+01
   9.8000000e+02   3.0065838e+01
   9.9000000e+02   3.0391807e+01
   1.0000000e+03   2.9968077e+01
   1.0100000e+03   3.0482130e+01
   1.0200000e+03   2.9561439e+01
   1.0300000e+03   3.0010922e+01
   1.0400000e+03   3.0412235e+01
   1.0500000e+03   3.0509798e+01
   1.0600000e+03   3.0391187e+01
   1.0700000e+03   3.0203530e+01
   1.0800000e+03   3.0448410e+01
   1.0900000e+03   2.9828090e+01
   1.1000000e+03   3.0838337e+01
   1.1100000e+03   3.0186237e+01
   1.1200000e+03   3.0463736e+01
   1.1300000e+03   3.0615183e+01
   1.1400000e+03   3.0950995e+01
   1.1500000e+03   3.0653557e+01
   1.1600000e+03   3.0783786e+01
   1.1700000e+03   3.1577524e+01
   1.1800000e+03   3.0548350e+01
   1.1900000e+03   3.0703156e+01
   1.2000000e+03   3.1043457e+01
   1.2100000e+03   3.1443659e+01
   1.2200000e+03   3.1380829e+01
