   0.0000000e+00  -1.0864318e-04
   1.0000000e+01   9.0659352e-06
   2.0000000e+01  -1.7028892e-02
   3.0000000e+01  -1.0205536e-02
   4.0000000e+01  -2.1161487e-02
   5.0000000e+01  -2.7263467e-02
   6.0000000e+01  -1.8640541e-02
   7.0000000e+01  -1.1455722e-02
   8.0000000e+01  -1.1087202e-02
   9.0000000e+01  -3.6084323e-02
   1.0000000e+02  -8.7225374e-02
   1.1000000e+02  -2.0336228e-01
   1.2000000e+02  -6.7682922e-01
   1.3000000e+02  -2.0431009e+00
   1.4000000e+02  -5.6659388e+00
   1.5000000e+02  -8.6798284e+00
   1.6000000e+02  -1.1700009e+01
   1.7000000e+02  -1.4783118e+01
   1.8000000e+02  -1.7546196e+01
   1.9000000e+02  -2.0068452e+01
   2.0000000e+02  -2.1759755e+01
   2.1000000e+02  -2.2733964e+01
   2.2000000e+02  -2.3715934e+01
   2.3000000e+02  -2.3873867e+01
   2.4000000e+02  -2.4328769e+01
   2.5000000e+02  -2.4490487e+01
   2.6000000e+02  -2.5082974e+01
   2.7000000e+02  -2.5429459e+01
   2.8000000e+02  -2.5582797e+01
   2.9000000e+02  -2.5000967e+01
   3.0000000e+02  -2.4630674e+01
   3.1000000e+02  -2.5013377e+01
   3.2000000e+02  -2.5168805e+01
   3.3000000e+02  -2.5188965e+01
   3.4000000e+02  -2.4685413e+01
   3.5000000e+02  -2.4994577e+01
   3.6000000e+02  -2.4360456e+01
   3.7000000e+02  -2.5033933e+01
   3.8000000e+02  -2.4905068e+01
   3.9000000e+02  -2.4348681e+01
   4.0000000e+02  -2.6135691e+01
   4.1000000e+02  -2.5370228e+01
   4.2000000e+02  -2.5603578e+01
   4.3000000e+02  -2.5837192e+01
   4.4000000e+02  -2.6257514e+01
   4.5000000e+02  -2.6480127e+01
   4.6000000e+02  -2.6201418e+01
   4.7000000e+02  -2.5777530e+01
   4.8000000e+02  -2.5855861e+01
   4.9000000e+02  -2.5379725e+01
   5.0000000e+02  -2.5178674e+01
   5.1000000e+02  -2.5583834e+01
   5.2000000e+02  -2.4536184e+01
   5.3000000e+02  -2.5644609e+01
   5.4000000e+02  -2.5450742e+01
   5.5000000e+02  -2.6497347e+01
   5.6000000e+02  -2.6623435e+01
   5.7000000e+02  -2.5295106e+01
   5.8000000e+02  -2.5769890e+01
   5.9000000e+02  -2.6064925e+01
   6.0000000e+02  -2.5756552e+01
   6.1000000e+02  -2.4648401e+01
   6.2000000e+02  -2.6525324e+01
   6.3000000e+02  -2.6345839e+01
   6.4000000e+02  -2.5862691e+01
   6.5000000e+02  -2.6197068e+01
   6.6000000e+02  -2.5818744e+01
   6.7000000e+02  -2.5819926e+01
   6.8000000e+02  -2.5722346e+01
   6.9000000e+02  -2.6325738e+01
