   0.0000000e+00   2.5986237e-03
   1.0000000e+01  -2.8674654e-03
   2.0000000e+01  -1.2231933e-02
   3.0000000e+01  -1.6807269e-02
   4.0000000e+01  -2.3112778e-02
   5.0000000e+01  -4.6898887e-02
   6.0000000e+01  -3.9204323e-02
   7.0000000e+01  -4.1324191e-02
   8.0000000e+01  -3.8861578e-02
   9.0000000e+01  -4.8974731e-02
   1.0000000e+02  -5.0337513e-02
   1.1000000e+02  -6.1563320e-02
   1.2000000e+02  -5.6195316e-02
   1.3000000e+02  -8.2864933e-02
   1.4000000e+02  -1.1710710e-01
   1.5000000e+02  -1.0255956e-01
   1.6000000e+02  -9.4404134e-02
   1.7000000e+02  -9.9870242e-02
   1.8000000e+02  -1.2487297e-01
   1.9000000e+02  -1.6860546e-01
   2.0000000e+02  -1.3510738e-01
   2.1000000e+02  -3.6833245e-02
   2.2000000e+02   1.4880186e-01
   2.3000000e+02   3.8740311e-01
   2.4000000e+02   6.2533125e-01
   2.5000000e+02   9.2381209e-01
   2.6000000e+02   1.2413081e+00
   2.7000000e+02   1.5901836e+00
   2.8000000e+02   1.8984599e+00
   2.9000000e+02   2.1335740e+00
   3.0000000e+02   2.3378058e+00
   3.1000000e+02   2.4548835e+00
   3.2000000e+02   2.4563984e+00
   3.3000000e+02   2.4968161e+00
   3.4000000e+02   2.5537565e+00
   3.5000000e+02   2.5511064e+00
   3.6000000e+02   2.5330651e+00
   3.7000000e+02   2.4303479e+00
   3.8000000e+02   2.2693684e+00
   3.9000000e+02   2.1161618e+00
   4.0000000e+02   2.3032657e+00
   4.1000000e+02   2.7594856e+00
   4.2000000e+02   3.2192713e+00
   4.3000000e+02   3.5374053e+00
   4.4000000e+02   3.4878883e+00
   4.5000000e+02   3.3139369e+00
   4.6000000e+02   3.0144538e+00
   4.7000000e+02   2.6720725e+00
   4.8000000e+02   2.3776100e+00
   4.9000000e+02   2.0572440e+00
   5.0000000e+02   1.5651687e+00
   5.1000000e+02   1.5507514e+00
   5.2000000e+02   1.5041468e+00
   5.3000000e+02   1.3334418e+00
   5.4000000e+02   9.3498533e-01
   5.5000000e+02   7.7269194e-01
   5.6000000e+02   6.2291472e-01
   5.7000000e+02  -4.1801766e-03
   5.8000000e+02  -1.2504665e-01
   5.9000000e+02  -2.2963416e-01
   6.0000000e+02  -2.0474059e-01
   6.1000000e+02  -6.0095259e-01
   6.2000000e+02  -7.2497551e-01
   6.3000000e+02  -7.3960571e-01
   6.4000000e+02  -1.1948511e+00
   6.5000000e+02  -1.6128355e+00
   6.6000000e+02  -1.8695643e+00
   6.7000000e+02  -2.1327849e+00
   6.8000000e+02  -2.3643609e+00
   6.9000000e+02  -2.6071617e+00
