   0.0000000e+00   1.4100256e+01
   1.0000000e+01   1.4093357e+01
   2.0000000e+01   1.4091069e+01
   3.0000000e+01   1.4092475e+01
   4.0000000e+01   1.4094197e+01
   5.0000000e+01   1.4086923e+01
   6.0000000e+01   1.4080663e+01
   7.0000000e+01   1.4106019e+01
   8.0000000e+01   1.4203164e+01
   9.0000000e+01   1.4629167e+01
   1.0000000e+02   1.4494074e+01
   1.1000000e+02   1.4147414e+01
   1.2000000e+02   1.4130543e+01
   1.3000000e+02   1.4411829e+01
   1.4000000e+02   1.4917085e+01
   1.5000000e+02   1.5465152e+01
   1.6000000e+02   1.6250735e+01
   1.7000000e+02   1.7229963e+01
   1.8000000e+02   1.8318833e+01
   1.9000000e+02   1.9518500e+01
   2.0000000e+02   2.0608158e+01
   2.1000000e+02   2.1613797e+01
   2.2000000e+02   2.2506784e+01
   2.3000000e+02   2.3260470e+01
   2.4000000e+02   2.3793531e+01
   2.5000000e+02   2.4206222e+01
   2.6000000e+02   2.4532954e+01
   2.7000000e+02   2.4785504e+01
   2.8000000e+02   2.5143957e+01
   2.9000000e+02   2.5540530e+01
   3.0000000e+02   2.5967986e+01
   3.1000000e+02   2.6896983e+01
   3.2000000e+02   2.7486132e+01
   3.3000000e+02   2.7749178e+01
   3.4000000e+02   2.8082651e+01
   3.5000000e+02   2.8154182e+01
   3.6000000e+02   2.8065002e+01
   3.7000000e+02   2.7850795e+01
   3.8000000e+02   2.7731662e+01
   3.9000000e+02   2.7621823e+01
   4.0000000e+02   2.7555863e+01
   4.1000000e+02   2.7251412e+01
   4.2000000e+02   2.7077730e+01
   4.3000000e+02   2.6907508e+01
   4.4000000e+02   2.6771085e+01
   4.5000000e+02   2.6664180e+01
   4.6000000e+02   2.6517072e+01
   4.7000000e+02   2.6402574e+01
   4.8000000e+02   2.6293410e+01
   4.9000000e+02   2.6202943e+01
   5.0000000e+02   2.6081098e+01
   5.1000000e+02   2.5963203e+01
   5.2000000e+02   2.5932285e+01
   5.3000000e+02   2.5916624e+01
   5.4000000e+02   2.5919940e+01
   5.5000000e+02   2.5904035e+01
   5.6000000e+02   2.6024660e+01
   5.7000000e+02   2.6021224e+01
   5.8000000e+02   2.6024930e+01
   5.9000000e+02   2.6100093e+01
   6.0000000e+02   2.6122488e+01
   6.1000000e+02   2.6191239e+01
   6.2000000e+02   2.6225658e+01
   6.3000000e+02   2.6213421e+01
   6.4000000e+02   2.6370937e+01
   6.5000000e+02   2.6607821e+01
   6.6000000e+02   2.6583357e+01
   6.7000000e+02   2.6514922e+01
   6.8000000e+02   2.6515399e+01
   6.9000000e+02   2.6687529e+01
   7.0000000e+02   2.6771328e+01
   7.1000000e+02   2.6813845e+01
   7.2000000e+02   2.6778440e+01
   7.3000000e+02   2.6796150e+01
   7.4000000e+02   2.7550140e+01
   7.5000000e+02   2.8226952e+01
   7.6000000e+02   2.9196864e+01
   7.7000000e+02   3.0258111e+01
   7.8000000e+02   3.1276295e+01
   7.9000000e+02   3.2312752e+01
   8.0000000e+02   3.3231281e+01
   8.1000000e+02   3.4106791e+01
   8.2000000e+02   3.4921991e+01
   8.3000000e+02   3.5530763e+01
   8.4000000e+02   3.5949862e+01
   8.5000000e+02   3.6257864e+01
   8.6000000e+02   3.6633643e+01
   8.7000000e+02   3.6741594e+01
   8.8000000e+02   3.6698427e+01
   8.9000000e+02   3.6574080e+01
   9.0000000e+02   3.6437727e+01
   9.1000000e+02   3.6283611e+01
   9.2000000e+02   3.6091536e+01
   9.3000000e+02   3.5907419e+01
   9.4000000e+02   3.5587937e+01
   9.5000000e+02   3.5375629e+01
   9.6000000e+02   3.5270467e+01
   9.7000000e+02   3.5255418e+01
   9.8000000e+02   3.5250763e+01
   9.9000000e+02   3.5216580e+01
   1.0000000e+03   3.5261270e+01
   1.0100000e+03   3.5326767e+01
   1.0200000e+03   3.5409882e+01
   1.0300000e+03   3.5414060e+01
   1.0400000e+03   3.5383128e+01
   1.0500000e+03   3.5411973e+01
   1.0600000e+03   3.5423824e+01
   1.0700000e+03   3.5194819e+01
   1.0800000e+03   3.4990308e+01
   1.0900000e+03   3.4943439e+01
   1.1000000e+03   3.4934547e+01
   1.1100000e+03   3.4978394e+01
   1.1200000e+03   3.5072471e+01
   1.1300000e+03   3.5293383e+01
   1.1400000e+03   3.5511613e+01
   1.1500000e+03   3.5778069e+01
   1.1600000e+03   3.6134315e+01
   1.1700000e+03   3.6600014e+01
   1.1800000e+03   3.7222430e+01
   1.1900000e+03   3.7726677e+01
   1.2000000e+03   3.8188207e+01
   1.2100000e+03   3.8596892e+01
   1.2200000e+03   3.9054498e+01
