   0.0000000e+00  -1.2108885e-03
   1.0000000e+01  -1.1788955e-02
   2.0000000e+01  -1.6032268e-02
   3.0000000e+01  -8.9789102e-03
   4.0000000e+01  -4.5847105e-03
   5.0000000e+01  -6.0340518e-03
   6.0000000e+01  -1.8322049e-03
   7.0000000e+01  -6.7408909e-03
   8.0000000e+01  -2.1951159e-02
   9.0000000e+01  -3.2522959e-02
   1.0000000e+02  -3.7605212e-02
   1.1000000e+02  -4.9754052e-02
   1.2000000e+02  -1.9321140e-01
   1.3000000e+02  -5.5291847e-01
   1.4000000e+02  -1.7636921e+00
   1.5000000e+02  -4.5631547e+00
   1.6000000e+02  -6.6447641e+00
   1.7000000e+02  -9.2400174e+00
   1.8000000e+02  -1.1023926e+01
   1.9000000e+02  -1.5313399e+01
   2.0000000e+02  -1.7407365e+01
   2.1000000e+02  -1.8507660e+01
   2.2000000e+02  -1.9429187e+01
   2.3000000e+02  -1.9392001e+01
   2.4000000e+02  -1.9656627e+01
   2.5000000e+02  -2.0185509e+01
   2.6000000e+02  -2.0569619e+01
   2.7000000e+02  -2.0590554e+01
   2.8000000e+02  -2.1097634e+01
   2.9000000e+02  -2.0927862e+01
   3.0000000e+02  -2.1018999e+01
   3.1000000e+02  -2.1093991e+01
   3.2000000e+02  -2.1162458e+01
   3.3000000e+02  -2.1507697e+01
   3.4000000e+02  -2.0884528e+01
   3.5000000e+02  -2.0857727e+01
   3.6000000e+02  -2.0482898e+01
   3.7000000e+02  -2.1020561e+01
   3.8000000e+02  -2.1453422e+01
   3.9000000e+02  -2.0816686e+01
   4.0000000e+02  -2.1396958e+01
   4.1000000e+02  -2.1778978e+01
   4.2000000e+02  -2.2080133e+01
   4.3000000e+02  -2.2125765e+01
   4.4000000e+02  -2.1883461e+01
   4.5000000e+02  -2.1699244e+01
   4.6000000e+02  -2.1903194e+01
   4.7000000e+02  -2.1468448e+01
   4.8000000e+02  -2.1787894e+01
   4.9000000e+02  -2.1563335e+01
   5.0000000e+02  -2.1337101e+01
   5.1000000e+02  -2.1645044e+01
   5.2000000e+02  -2.1372977e+01
   5.3000000e+02  -2.1712273e+01
   5.4000000e+02  -2.1508199e+01
   5.5000000e+02  -2.1502710e+01
   5.6000000e+02  -2.1404777e+01
   5.7000000e+02  -2.1223203e+01
   5.8000000e+02  -2.1916752e+01
   5.9000000e+02  -2.1658594e+01
   6.0000000e+02  -2.1950266e+01
   6.1000000e+02  -2.1650376e+01
   6.2000000e+02  -2.1915282e+01
   6.3000000e+02  -2.1898311e+01
   6.4000000e+02  -2.1502854e+01
   6.5000000e+02  -2.1450163e+01
   6.6000000e+02  -2.1530060e+01
   6.7000000e+02  -2.1654955e+01
   6.8000000e+02  -2.1494272e+01
   6.9000000e+02  -2.1491643e+01
