   0.0000000e+00  -4.9797537e-03
   1.0000000e+01  -3.6979922e-03
   2.0000000e+01  -1.2834944e-02
   3.0000000e+01  -2.0206376e-02
   4.0000000e+01  -1.8600454e-02
   5.0000000e+01  -4.1934270e-02
   6.0000000e+01  -5.0065590e-02
   7.0000000e+01   2.1143078e-02
   8.0000000e+01  -1.4803351e-02
   9.0000000e+01   1.3255758e-02
   1.0000000e+02   7.4045617e-02
   1.1000000e+02   2.5321763e-01
   1.2000000e+02   3.7751899e-01
   1.3000000e+02   1.5557024e+00
   1.4000000e+02   4.3222671e+00
   1.5000000e+02   7.0017115e+00
   1.6000000e+02   7.2582602e+00
   1.7000000e+02   7.1287271e+00
   1.8000000e+02   7.3446206e+00
   1.9000000e+02   6.2494099e+00
   2.0000000e+02   5.6106552e+00
   2.1000000e+02   5.5794440e+00
   2.2000000e+02   4.9790614e+00
   2.3000000e+02   4.7328785e+00
   2.4000000e+02   5.2246044e+00
   2.5000000e+02   4.9918925e+00
   2.6000000e+02   4.4939642e+00
   2.7000000e+02   4.6060326e+00
   2.8000000e+02   4.5242781e+00
   2.9000000e+02   4.7263605e+00
   3.0000000e+02   4.7180593e+00
   3.1000000e+02   4.4565927e+00
   3.2000000e+02   4.6309662e+00
   3.3000000e+02   4.7221502e+00
   3.4000000e+02   4.8024598e+00
   3.5000000e+02   4.5081803e+00
   3.6000000e+02   4.6732182e+00
   3.7000000e+02   5.1992252e+00
   3.8000000e+02   5.2636753e+00
   3.9000000e+02   5.2927698e+00
   4.0000000e+02   4.6893602e+00
   4.1000000e+02   4.4407398e+00
   4.2000000e+02   3.9643803e+00
   4.3000000e+02   4.0632120e+00
   4.4000000e+02   4.5200758e+00
   4.5000000e+02   4.7853681e+00
   4.6000000e+02   4.8027219e+00
   4.7000000e+02   5.2029062e+00
   4.8000000e+02   5.1822808e+00
   4.9000000e+02   5.2893813e+00
   5.0000000e+02   5.4754072e+00
   5.1000000e+02   4.6643433e+00
   5.2000000e+02   4.7811458e+00
   5.3000000e+02   5.0918619e+00
   5.4000000e+02   5.5806699e+00
   5.5000000e+02   4.9638469e+00
   5.6000000e+02   4.6439317e+00
   5.7000000e+02   5.5507763e+00
   5.8000000e+02   4.4990619e+00
   5.9000000e+02   4.1093042e+00
   6.0000000e+02   4.7158809e+00
   6.1000000e+02   5.7389020e+00
   6.2000000e+02   4.5408644e+00
   6.3000000e+02   4.9081445e+00
   6.4000000e+02   6.0691417e+00
   6.5000000e+02   5.8077306e+00
   6.6000000e+02   5.7142642e+00
   6.7000000e+02   5.7008383e+00
   6.8000000e+02   6.3455761e+00
   6.9000000e+02   5.8422566e+00
