   0.0000000e+00   1.6946345e-02
   1.0000000e+01  -9.9660006e-03
   2.0000000e+01  -1.5491084e-03
   3.0000000e+01  -1.9923534e-02
   4.0000000e+01  -7.2646654e-03
   5.0000000e+01  -8.9531173e-03
   6.0000000e+01  -1.6609526e-02
   7.0000000e+01  -2.1506331e-02
   8.0000000e+01   8.8443122e-06
   9.0000000e+01  -7.7262797e-02
   1.0000000e+02  -5.8572380e-02
   1.1000000e+02  -6.3190398e-02
   1.2000000e+02  -7.3778335e-02
   1.3000000e+02  -9.1501666e-02
   1.4000000e+02  -2.3326489e-02
   1.5000000e+02   2.7704084e-01
   1.6000000e+02   8.4529913e-01
   1.7000000e+02   1.5999760e+00
   1.8000000e+02   2.4989152e+00
   1.9000000e+02   3.5783300e+00
   2.0000000e+02   4.5791528e+00
   2.1000000e+02   5.5178014e+00
   2.2000000e+02   6.3736241e+00
   2.3000000e+02   7.1341847e+00
   2.4000000e+02   7.6522264e+00
   2.5000000e+02   8.0092350e+00
   2.6000000e+02   8.3287129e+00
   2.7000000e+02   8.5216391e+00
   2.8000000e+02   8.8738529e+00
   2.9000000e+02   9.2344699e+00
   3.0000000e+02   9.6627764e+00
   3.1000000e+02   1.0613477e+01
   3.2000000e+02   1.1343065e+01
   3.3000000e+02   1.1550363e+01
   3.4000000e+02   1.1949231e+01
   3.5000000e+02   1.2016979e+01
   3.6000000e+02   1.1793054e+01
   3.7000000e+02   1.1555829e+01
   3.8000000e+02   1.1347236e+01
   3.9000000e+02   1.1197046e+01
   4.0000000e+02   1.1003879e+01
   4.1000000e+02   1.0678903e+01
   4.2000000e+02   1.0442067e+01
   4.3000000e+02   1.0227370e+01
   4.4000000e+02   1.0004989e+01
   4.5000000e+02   9.8588084e+00
   4.6000000e+02   9.6808588e+00
   4.7000000e+02   9.5515276e+00
   4.8000000e+02   9.3695693e+00
   4.9000000e+02   9.2037972e+00
   5.0000000e+02   9.0469764e+00
   5.1000000e+02   8.8890257e+00
   5.2000000e+02   8.7801498e+00
   5.3000000e+02   8.7131414e+00
   5.4000000e+02   8.7298709e+00
   5.5000000e+02   8.6954331e+00
   5.6000000e+02   8.7838144e+00
   5.7000000e+02   8.8226564e+00
   5.8000000e+02   8.8367720e+00
   5.9000000e+02   8.9484216e+00
   6.0000000e+02   9.0041488e+00
   6.1000000e+02   9.0816360e+00
   6.2000000e+02   9.1699752e+00
   6.3000000e+02   9.2078339e+00
   6.4000000e+02   9.3581435e+00
   6.5000000e+02   9.6616968e+00
   6.6000000e+02   9.6676496e+00
   6.7000000e+02   9.6454530e+00
   6.8000000e+02   9.6877253e+00
   6.9000000e+02   9.9196143e+00
   7.0000000e+02   1.0077713e+01
   7.1000000e+02   1.0203649e+01
   7.2000000e+02   1.0177627e+01
   7.3000000e+02   1.0211763e+01
   7.4000000e+02   1.1207990e+01
   7.5000000e+02   1.2003946e+01
   7.6000000e+02   1.3206168e+01
   7.7000000e+02   1.4590196e+01
   7.8000000e+02   1.5846806e+01
   7.9000000e+02   1.7157654e+01
   8.0000000e+02   1.8388357e+01
   8.1000000e+02   1.9509046e+01
   8.2000000e+02   2.0690994e+01
   8.3000000e+02   2.1544410e+01
   8.4000000e+02   2.2167042e+01
   8.5000000e+02   2.2815298e+01
   8.6000000e+02   2.3369353e+01
   8.7000000e+02   2.3713575e+01
   8.8000000e+02   2.3884208e+01
   8.9000000e+02   2.3958028e+01
   9.0000000e+02   2.3999366e+01
   9.1000000e+02   2.4017973e+01
   9.2000000e+02   2.3975018e+01
   9.3000000e+02   2.3843422e+01
   9.4000000e+02   2.3585630e+01
   9.5000000e+02   2.3358235e+01
   9.6000000e+02   2.3347663e+01
   9.7000000e+02   2.3362509e+01
   9.8000000e+02   2.3389550e+01
   9.9000000e+02   2.3358403e+01
   1.0000000e+03   2.3371312e+01
   1.0100000e+03   2.3428468e+01
   1.0200000e+03   2.3496369e+01
   1.0300000e+03   2.3485266e+01
   1.0400000e+03   2.3482206e+01
   1.0500000e+03   2.3555212e+01
   1.0600000e+03   2.3557009e+01
   1.0700000e+03   2.3325288e+01
   1.0800000e+03   2.3133743e+01
   1.0900000e+03   2.3084693e+01
   1.1000000e+03   2.3034773e+01
   1.1100000e+03   2.3058007e+01
   1.1200000e+03   2.3183358e+01
   1.1300000e+03   2.3430942e+01
   1.1400000e+03   2.3639830e+01
   1.1500000e+03   2.3952446e+01
   1.1600000e+03   2.4339376e+01
   1.1700000e+03   2.4809099e+01
   1.1800000e+03   2.5454780e+01
   1.1900000e+03   2.6005045e+01
   1.2000000e+03   2.6508330e+01
   1.2100000e+03   2.6999080e+01
   1.2200000e+03   2.7505875e+01
