   0.0000000e+00   1.3067704e+01
   1.0000000e+01   1.3072944e+01
   2.0000000e+01   1.3070791e+01
   3.0000000e+01   1.3084841e+01
   4.0000000e+01   1.3089474e+01
   5.0000000e+01   1.3082667e+01
   6.0000000e+01   1.3095258e+01
   7.0000000e+01   1.3076137e+01
   8.0000000e+01   1.3085355e+01
   9.0000000e+01   1.3072905e+01
   1.0000000e+02   1.3011692e+01
   1.1000000e+02   1.3029333e+01
   1.2000000e+02   1.3108292e+01
   1.3000000e+02   1.3392449e+01
   1.4000000e+02   1.4091420e+01
   1.5000000e+02   1.4823956e+01
   1.6000000e+02   1.5809862e+01
   1.7000000e+02   1.6439982e+01
   1.8000000e+02   1.7034516e+01
   1.9000000e+02   1.7923429e+01
   2.0000000e+02   1.7874685e+01
   2.1000000e+02   1.8005192e+01
   2.2000000e+02   1.8376636e+01
   2.3000000e+02   1.8230645e+01
   2.4000000e+02   1.7964034e+01
   2.5000000e+02   1.8008031e+01
   2.6000000e+02   1.8554553e+01
   2.7000000e+02   1.8332554e+01
   2.8000000e+02   1.8559573e+01
   2.9000000e+02   1.8677167e+01
   3.0000000e+02   1.8368017e+01
   3.1000000e+02   1.8630618e+01
   3.2000000e+02   1.8724438e+01
   3.3000000e+02   1.8489255e+01
   3.4000000e+02   1.8359623e+01
   3.5000000e+02   1.8549976e+01
   3.6000000e+02   1.9035895e+01
   3.7000000e+02   1.8760116e+01
   3.8000000e+02   1.8681940e+01
   3.9000000e+02   1.9048905e+01
   4.0000000e+02   1.9290123e+01
   4.1000000e+02   1.8969591e+01
   4.2000000e+02   1.8845884e+01
   4.3000000e+02   1.8689058e+01
   4.4000000e+02   1.8745791e+01
   4.5000000e+02   1.8763988e+01
   4.6000000e+02   1.8752348e+01
   4.7000000e+02   1.8767043e+01
   4.8000000e+02   1.8597518e+01
   4.9000000e+02   1.8718551e+01
   5.0000000e+02   1.8475539e+01
   5.1000000e+02   1.7968347e+01
   5.2000000e+02   1.8507651e+01
   5.3000000e+02   1.8511028e+01
   5.4000000e+02   1.7787805e+01
   5.5000000e+02   1.8338916e+01
   5.6000000e+02   1.8745284e+01
   5.7000000e+02   1.8100179e+01
   5.8000000e+02   1.8391240e+01
   5.9000000e+02   1.8812339e+01
   6.0000000e+02   1.8692435e+01
   6.1000000e+02   1.8472430e+01
   6.2000000e+02   1.8701168e+01
   6.3000000e+02   1.8121486e+01
   6.4000000e+02   1.7854049e+01
   6.5000000e+02   1.8132304e+01
   6.6000000e+02   1.7642340e+01
   6.7000000e+02   1.7821079e+01
   6.8000000e+02   1.7822487e+01
   6.9000000e+02   1.8123940e+01
