   0.0000000e+00  -2.8917198e-03
   1.0000000e+01  -6.8100456e-04
   2.0000000e+01  -3.2971651e-03
   3.0000000e+01  -7.8704840e-03
   4.0000000e+01   5.3617426e-03
   5.0000000e+01  -4.9250779e-03
   6.0000000e+01  -2.5829178e-03
   7.0000000e+01   1.3447109e-03
   8.0000000e+01   5.8991992e-03
   9.0000000e+01  -1.4441882e-02
   1.0000000e+02  -2.9990323e-02
   1.1000000e+02  -4.6327542e-02
   1.2000000e+02  -1.7818179e-01
   1.3000000e+02  -4.1372419e-01
   1.4000000e+02  -1.3038191e+00
   1.5000000e+02  -3.7371913e+00
   1.6000000e+02  -5.9008489e+00
   1.7000000e+02  -8.0236787e+00
   1.8000000e+02  -9.4357575e+00
   1.9000000e+02  -1.1286516e+01
   2.0000000e+02  -1.2115174e+01
   2.1000000e+02  -1.2646496e+01
   2.2000000e+02  -1.3085845e+01
   2.3000000e+02  -1.3680150e+01
   2.4000000e+02  -1.3375907e+01
   2.5000000e+02  -1.3558969e+01
   2.6000000e+02  -1.4193210e+01
   2.7000000e+02  -1.4388307e+01
   2.8000000e+02  -1.4421100e+01
   2.9000000e+02  -1.4070624e+01
   3.0000000e+02  -1.4334600e+01
   3.1000000e+02  -1.4242056e+01
   3.2000000e+02  -1.3988184e+01
   3.3000000e+02  -1.4194496e+01
   3.4000000e+02  -1.4458241e+01
   3.5000000e+02  -1.4417917e+01
   3.6000000e+02  -1.4390507e+01
   3.7000000e+02  -1.4164634e+01
   3.8000000e+02  -1.4400404e+01
   3.9000000e+02  -1.4225760e+01
   4.0000000e+02  -1.4982393e+01
   4.1000000e+02  -1.5234169e+01
   4.2000000e+02  -1.5577659e+01
   4.3000000e+02  -1.5082436e+01
   4.4000000e+02  -1.5214019e+01
   4.5000000e+02  -1.4466811e+01
   4.6000000e+02  -1.4475033e+01
   4.7000000e+02  -1.4382191e+01
   4.8000000e+02  -1.4509045e+01
   4.9000000e+02  -1.4141788e+01
   5.0000000e+02  -1.3851983e+01
   5.1000000e+02  -1.4784476e+01
   5.2000000e+02  -1.5294183e+01
   5.3000000e+02  -1.4430980e+01
   5.4000000e+02  -1.4109004e+01
   5.5000000e+02  -1.4831180e+01
   5.6000000e+02  -1.4425141e+01
   5.7000000e+02  -1.4017396e+01
   5.8000000e+02  -1.4521490e+01
   5.9000000e+02  -1.4783503e+01
   6.0000000e+02  -1.4758743e+01
   6.1000000e+02  -1.4032698e+01
   6.2000000e+02  -1.4871898e+01
   6.3000000e+02  -1.4391046e+01
   6.4000000e+02  -1.4034367e+01
   6.5000000e+02  -1.3921490e+01
   6.6000000e+02  -1.4151696e+01
   6.7000000e+02  -1.3796513e+01
   6.8000000e+02  -1.4149792e+01
   6.9000000e+02  -1.3896031e+01
