   0.0000000e+00  -1.3285370e-04
   1.0000000e+01  -3.7717871e-03
   2.0000000e+01  -7.0931636e-04
   3.0000000e+01   4.1841352e-03
   4.0000000e+01   5.9043415e-03
   5.0000000e+01   3.2868226e-03
   6.0000000e+01   4.0075668e-03
   7.0000000e+01   2.2351145e-01
   8.0000000e+01   3.7125575e-02
   9.0000000e+01  -5.0156664e-01
   1.0000000e+02  -2.5507514e+00
   1.1000000e+02  -5.1839430e+00
   1.2000000e+02  -7.5837711e+00
   1.3000000e+02  -9.1025860e+00
   1.4000000e+02  -1.0792731e+01
   1.5000000e+02  -1.1911160e+01
   1.6000000e+02  -1.2730745e+01
   1.7000000e+02  -1.3336054e+01
   1.8000000e+02  -1.3637387e+01
   1.9000000e+02  -1.3733760e+01
   2.0000000e+02  -1.4008874e+01
   2.1000000e+02  -1.3980179e+01
   2.2000000e+02  -1.3887345e+01
   2.3000000e+02  -1.4122561e+01
   2.4000000e+02  -1.3909000e+01
   2.5000000e+02  -1.3606963e+01
   2.6000000e+02  -1.3790691e+01
   2.7000000e+02  -1.3689842e+01
   2.8000000e+02  -1.3829803e+01
   2.9000000e+02  -1.3998301e+01
   3.0000000e+02  -1.4258937e+01
   3.1000000e+02  -1.4472949e+01
   3.2000000e+02  -1.4151571e+01
   3.3000000e+02  -1.3818551e+01
   3.4000000e+02  -1.4145743e+01
   3.5000000e+02  -1.3587979e+01
   3.6000000e+02  -1.3482771e+01
   3.7000000e+02  -1.3530035e+01
   3.8000000e+02  -1.3445410e+01
   3.9000000e+02  -1.3486396e+01
   4.0000000e+02  -1.3589367e+01
   4.1000000e+02  -1.3462460e+01
   4.2000000e+02  -1.3492725e+01
   4.3000000e+02  -1.3549361e+01
   4.4000000e+02  -1.3507878e+01
   4.5000000e+02  -1.3571958e+01
   4.6000000e+02  -1.3600870e+01
   4.7000000e+02  -1.3511625e+01
   4.8000000e+02  -1.3530757e+01
   4.9000000e+02  -1.3637002e+01
   5.0000000e+02  -1.3559148e+01
   5.1000000e+02  -1.3677997e+01
   5.2000000e+02  -1.3684344e+01
   5.3000000e+02  -1.3868932e+01
   5.4000000e+02  -1.3725837e+01
   5.5000000e+02  -1.3948757e+01
   5.6000000e+02  -1.3965244e+01
   5.7000000e+02  -1.3962187e+01
   5.8000000e+02  -1.4128298e+01
   5.9000000e+02  -1.4116805e+01
   6.0000000e+02  -1.3996893e+01
   6.1000000e+02  -1.4134894e+01
   6.2000000e+02  -1.3883384e+01
   6.3000000e+02  -1.4037394e+01
   6.4000000e+02  -1.4213400e+01
   6.5000000e+02  -1.4067965e+01
   6.6000000e+02  -1.4122692e+01
   6.7000000e+02  -1.4162677e+01
   6.8000000e+02  -1.4061721e+01
   6.9000000e+02  -1.4224489e+01
   7.0000000e+02  -1.4109089e+01
   7.1000000e+02  -1.4196093e+01
   7.2000000e+02  -1.4059112e+01
   7.3000000e+02  -1.4262180e+01
   7.4000000e+02  -1.4936793e+01
   7.5000000e+02  -1.5026210e+01
   7.6000000e+02  -1.4836350e+01
   7.7000000e+02  -1.5139295e+01
   7.8000000e+02  -1.4714203e+01
   7.9000000e+02  -1.4983713e+01
   8.0000000e+02  -1.4933127e+01
   8.1000000e+02  -1.4813073e+01
   8.2000000e+02  -1.4688297e+01
   8.3000000e+02  -1.4533670e+01
   8.4000000e+02  -1.4303663e+01
   8.5000000e+02  -1.4185123e+01
   8.6000000e+02  -1.4191250e+01
   8.7000000e+02  -1.4076249e+01
   8.8000000e+02  -1.3780250e+01
   8.9000000e+02  -1.3751280e+01
   9.0000000e+02  -1.3770341e+01
   9.1000000e+02  -1.3509407e+01
   9.2000000e+02  -1.3500652e+01
   9.3000000e+02  -1.3437216e+01
   9.4000000e+02  -1.3104963e+01
   9.5000000e+02  -1.3451410e+01
   9.6000000e+02  -1.3332088e+01
   9.7000000e+02  -1.3529984e+01
   9.8000000e+02  -1.3560918e+01
   9.9000000e+02  -1.3442825e+01
   1.0000000e+03  -1.3533812e+01
   1.0100000e+03  -1.3676884e+01
   1.0200000e+03  -1.3558442e+01
   1.0300000e+03  -1.3730823e+01
   1.0400000e+03  -1.3634650e+01
   1.0500000e+03  -1.3606543e+01
   1.0600000e+03  -1.3593016e+01
   1.0700000e+03  -1.3158264e+01
   1.0800000e+03  -1.3347805e+01
   1.0900000e+03  -1.3421206e+01
   1.1000000e+03  -1.3471660e+01
   1.1100000e+03  -1.3470751e+01
   1.1200000e+03  -1.3667801e+01
   1.1300000e+03  -1.3674582e+01
   1.1400000e+03  -1.3749488e+01
   1.1500000e+03  -1.3820095e+01
   1.1600000e+03  -1.3736331e+01
   1.1700000e+03  -1.3800195e+01
   1.1800000e+03  -1.3859830e+01
   1.1900000e+03  -1.3777150e+01
   1.2000000e+03  -1.3767722e+01
   1.2100000e+03  -1.3591034e+01
   1.2200000e+03  -1.3619848e+01
