   0.0000000e+00   1.3556190e+01
   1.0000000e+01   1.3564223e+01
   2.0000000e+01   1.3550430e+01
   3.0000000e+01   1.3547249e+01
   4.0000000e+01   1.3543500e+01
   5.0000000e+01   1.3513647e+01
   6.0000000e+01   1.3509939e+01
   7.0000000e+01   1.3571838e+01
   8.0000000e+01   1.3513076e+01
   9.0000000e+01   1.3509941e+01
   1.0000000e+02   1.3497868e+01
   1.1000000e+02   1.3490593e+01
   1.2000000e+02   1.3521806e+01
   1.3000000e+02   1.3716738e+01
   1.4000000e+02   1.3663625e+01
   1.5000000e+02   1.2269472e+01
   1.6000000e+02   1.1517721e+01
   1.7000000e+02   1.0992632e+01
   1.8000000e+02   1.1008146e+01
   1.9000000e+02   1.1220076e+01
   2.0000000e+02   1.1497924e+01
   2.1000000e+02   1.4660773e+01
   2.2000000e+02   1.4585147e+01
   2.3000000e+02   1.6134328e+01
   2.4000000e+02   1.5901226e+01
   2.5000000e+02   1.6486485e+01
   2.6000000e+02   1.6138107e+01
   2.7000000e+02   1.6597919e+01
   2.8000000e+02   1.6723508e+01
   2.9000000e+02   1.6457516e+01
   3.0000000e+02   1.6511699e+01
   3.1000000e+02   1.4545814e+01
   3.2000000e+02   1.5244638e+01
   3.3000000e+02   1.7132462e+01
   3.4000000e+02   1.7194968e+01
   3.5000000e+02   1.7670564e+01
   3.6000000e+02   1.8120165e+01
   3.7000000e+02   1.7565420e+01
   3.8000000e+02   1.7120556e+01
   3.9000000e+02   1.6209608e+01
   4.0000000e+02   1.7490173e+01
   4.1000000e+02   1.0826030e+01
   4.2000000e+02   1.3216864e+01
   4.3000000e+02   1.7306010e+01
   4.4000000e+02   1.8367709e+01
   4.5000000e+02   1.7325997e+01
   4.6000000e+02   1.7169688e+01
   4.7000000e+02   1.7732284e+01
   4.8000000e+02   1.3824968e+01
   4.9000000e+02   1.8177823e+01
   5.0000000e+02   1.6892302e+01
   5.1000000e+02   1.7550801e+01
   5.2000000e+02   1.7882127e+01
   5.3000000e+02   1.6735520e+01
   5.4000000e+02   1.5787251e+01
   5.5000000e+02   1.5833746e+01
   5.6000000e+02   1.1506460e+01
   5.7000000e+02   1.2881365e+01
   5.8000000e+02   1.1557416e+01
   5.9000000e+02   1.1306031e+01
   6.0000000e+02   1.4284652e+01
   6.1000000e+02   1.2015816e+01
   6.2000000e+02   1.1724794e+01
   6.3000000e+02   1.4817365e+01
   6.4000000e+02   1.3823009e+01
   6.5000000e+02   1.4487873e+01
   6.6000000e+02   1.6568340e+01
   6.7000000e+02   1.4918888e+01
   6.8000000e+02   1.5973295e+01
   6.9000000e+02   1.6985082e+01
