   0.0000000e+00   1.4325164e+01
   1.0000000e+01   1.4319465e+01
   2.0000000e+01   1.4304748e+01
   3.0000000e+01   1.4310643e+01
   4.0000000e+01   1.4307362e+01
   5.0000000e+01   1.4280548e+01
   6.0000000e+01   1.4269861e+01
   7.0000000e+01   1.4302179e+01
   8.0000000e+01   1.4292542e+01
   9.0000000e+01   1.4291270e+01
   1.0000000e+02   1.4283857e+01
   1.1000000e+02   1.4285894e+01
   1.2000000e+02   1.4278232e+01
   1.3000000e+02   1.4255516e+01
   1.4000000e+02   1.4222667e+01
   1.5000000e+02   1.4205103e+01
   1.6000000e+02   1.4091088e+01
   1.7000000e+02   1.3737202e+01
   1.8000000e+02   1.3356467e+01
   1.9000000e+02   1.2763124e+01
   2.0000000e+02   1.2118986e+01
   2.1000000e+02   1.1511063e+01
   2.2000000e+02   1.0955525e+01
   2.3000000e+02   1.0445957e+01
   2.4000000e+02   1.0059487e+01
   2.5000000e+02   9.7148444e+00
   2.6000000e+02   9.3878969e+00
   2.7000000e+02   9.1127860e+00
   2.8000000e+02   8.8058194e+00
   2.9000000e+02   8.6053323e+00
   3.0000000e+02   8.4233205e+00
   3.1000000e+02   8.2557369e+00
   3.2000000e+02   8.1265316e+00
   3.3000000e+02   7.9988394e+00
   3.4000000e+02   7.8812161e+00
   3.5000000e+02   7.7893651e+00
   3.6000000e+02   7.6365072e+00
   3.7000000e+02   7.4870052e+00
   3.8000000e+02   7.3996567e+00
   3.9000000e+02   7.3659070e+00
   4.0000000e+02   7.2784485e+00
   4.1000000e+02   7.0826311e+00
   4.2000000e+02   6.8891492e+00
   4.3000000e+02   6.7235089e+00
   4.4000000e+02   6.6330328e+00
   4.5000000e+02   6.6891963e+00
   4.6000000e+02   6.6718680e+00
   4.7000000e+02   6.6847992e+00
   4.8000000e+02   6.6672966e+00
   4.9000000e+02   6.6740331e+00
   5.0000000e+02   6.6752674e+00
   5.1000000e+02   6.6521367e+00
   5.2000000e+02   6.4649269e+00
   5.3000000e+02   6.3816711e+00
   5.4000000e+02   6.3854156e+00
   5.5000000e+02   6.2940930e+00
   5.6000000e+02   6.1448144e+00
   5.7000000e+02   6.2375718e+00
   5.8000000e+02   6.2012544e+00
   5.9000000e+02   6.0679956e+00
   6.0000000e+02   5.9364746e+00
   6.1000000e+02   5.9207035e+00
   6.2000000e+02   5.9506439e+00
   6.3000000e+02   5.8415849e+00
   6.4000000e+02   5.8461493e+00
   6.5000000e+02   5.8475700e+00
   6.6000000e+02   5.8414441e+00
   6.7000000e+02   5.8704305e+00
   6.8000000e+02   5.8118104e+00
   6.9000000e+02   5.7858869e+00
