   0.0000000e+00   2.7163493e-03
   1.0000000e+01  -1.1157141e-02
   2.0000000e+01  -1.2746018e-02
   3.0000000e+01  -5.9910440e-03
   4.0000000e+01  -4.2705608e-03
   5.0000000e+01  -9.9121891e-03
   6.0000000e+01  -1.8495018e-02
   7.0000000e+01  -8.0381909e-03
   8.0000000e+01   5.9517332e-02
   9.0000000e+01  -3.2998285e+00
   1.0000000e+02  -6.7808758e+00
   1.1000000e+02  -1.0392110e+01
   1.2000000e+02  -1.2632307e+01
   1.3000000e+02  -1.4673373e+01
   1.4000000e+02  -1.7399056e+01
   1.5000000e+02  -1.9135790e+01
   1.6000000e+02  -1.9936745e+01
   1.7000000e+02  -2.1155674e+01
   1.8000000e+02  -2.1435281e+01
   1.9000000e+02  -2.2130194e+01
   2.0000000e+02  -2.2234431e+01
   2.1000000e+02  -2.2932211e+01
   2.2000000e+02  -2.2652130e+01
   2.3000000e+02  -2.2438607e+01
   2.4000000e+02  -2.2975595e+01
   2.5000000e+02  -2.3313777e+01
   2.6000000e+02  -2.3840853e+01
   2.7000000e+02  -2.3505918e+01
   2.8000000e+02  -2.4319508e+01
   2.9000000e+02  -2.4439893e+01
   3.0000000e+02  -2.4830491e+01
   3.1000000e+02  -2.4782738e+01
   3.2000000e+02  -2.5830218e+01
   3.3000000e+02  -2.5154302e+01
   3.4000000e+02  -2.5216067e+01
   3.5000000e+02  -2.4696749e+01
   3.6000000e+02  -2.4133711e+01
   3.7000000e+02  -2.4164930e+01
   3.8000000e+02  -2.4161300e+01
   3.9000000e+02  -2.4125205e+01
   4.0000000e+02  -2.4010338e+01
   4.1000000e+02  -2.3810511e+01
   4.2000000e+02  -2.4347430e+01
   4.3000000e+02  -2.4208482e+01
   4.4000000e+02  -2.4125908e+01
   4.5000000e+02  -2.4134830e+01
   4.6000000e+02  -2.4309744e+01
   4.7000000e+02  -2.4622450e+01
   4.8000000e+02  -2.4576609e+01
   4.9000000e+02  -2.5017019e+01
   5.0000000e+02  -2.4509819e+01
   5.1000000e+02  -2.4619568e+01
   5.2000000e+02  -2.4488184e+01
   5.3000000e+02  -2.4829021e+01
   5.4000000e+02  -2.5006260e+01
   5.5000000e+02  -2.5041544e+01
   5.6000000e+02  -2.4968719e+01
   5.7000000e+02  -2.5152552e+01
   5.8000000e+02  -2.5490854e+01
   5.9000000e+02  -2.5701238e+01
   6.0000000e+02  -2.5520304e+01
   6.1000000e+02  -2.5847190e+01
   6.2000000e+02  -2.5684667e+01
   6.3000000e+02  -2.5827418e+01
   6.4000000e+02  -2.6089465e+01
   6.5000000e+02  -2.6001862e+01
   6.6000000e+02  -2.5741169e+01
   6.7000000e+02  -2.5924071e+01
   6.8000000e+02  -2.5585506e+01
   6.9000000e+02  -2.6216999e+01
   7.0000000e+02  -2.6296376e+01
   7.1000000e+02  -2.6388331e+01
   7.2000000e+02  -2.5807942e+01
   7.3000000e+02  -2.5655875e+01
   7.4000000e+02  -2.6433860e+01
   7.5000000e+02  -2.6863755e+01
   7.6000000e+02  -2.7775902e+01
   7.7000000e+02  -2.7922571e+01
   7.8000000e+02  -2.7777871e+01
   7.9000000e+02  -2.7631020e+01
   8.0000000e+02  -2.7437674e+01
   8.1000000e+02  -2.7317994e+01
   8.2000000e+02  -2.7248857e+01
   8.3000000e+02  -2.6743130e+01
   8.4000000e+02  -2.6437729e+01
   8.5000000e+02  -2.6249345e+01
   8.6000000e+02  -2.6257092e+01
   8.7000000e+02  -2.5831573e+01
   8.8000000e+02  -2.5117596e+01
   8.9000000e+02  -2.4851693e+01
   9.0000000e+02  -2.5018850e+01
   9.1000000e+02  -2.4902060e+01
   9.2000000e+02  -2.4856357e+01
   9.3000000e+02  -2.4917672e+01
   9.4000000e+02  -2.4692907e+01
   9.5000000e+02  -2.4603097e+01
   9.6000000e+02  -2.5002172e+01
   9.7000000e+02  -2.4973104e+01
   9.8000000e+02  -2.4996475e+01
   9.9000000e+02  -2.5189129e+01
   1.0000000e+03  -2.5264124e+01
   1.0100000e+03  -2.5486074e+01
   1.0200000e+03  -2.5234929e+01
   1.0300000e+03  -2.5379165e+01
   1.0400000e+03  -2.5019163e+01
   1.0500000e+03  -2.5109822e+01
   1.0600000e+03  -2.5465440e+01
   1.0700000e+03  -2.4885581e+01
   1.0800000e+03  -2.4791554e+01
   1.0900000e+03  -2.5237500e+01
   1.1000000e+03  -2.5311189e+01
   1.1100000e+03  -2.5493246e+01
   1.1200000e+03  -2.5568731e+01
   1.1300000e+03  -2.5838304e+01
   1.1400000e+03  -2.5918226e+01
   1.1500000e+03  -2.6265403e+01
   1.1600000e+03  -2.6175361e+01
   1.1700000e+03  -2.5813929e+01
   1.1800000e+03  -2.6430394e+01
   1.1900000e+03  -2.6208708e+01
   1.2000000e+03  -2.6024952e+01
   1.2100000e+03  -2.6045831e+01
   1.2200000e+03  -2.5995667e+01
