   0.0000000e+00  -1.2236125e-03
   1.0000000e+01  -6.4556116e-03
   2.0000000e+01  -6.7462331e-03
   3.0000000e+01  -4.8075857e-03
   4.0000000e+01   9.8369255e-04
   5.0000000e+01  -1.0002586e-02
   6.0000000e+01  -1.6266142e-02
   7.0000000e+01  -9.4062989e-04
   8.0000000e+01  -1.0806354e-02
   9.0000000e+01  -3.8361532e-02
   1.0000000e+02  -9.9736397e-02
   1.1000000e+02  -2.5890889e-01
   1.2000000e+02  -9.9257602e-01
   1.3000000e+02  -2.6284027e+00
   1.4000000e+02  -7.4881903e+00
   1.5000000e+02  -1.1666405e+01
   1.6000000e+02  -1.5778027e+01
   1.7000000e+02  -1.7634421e+01
   1.8000000e+02  -1.9337484e+01
   1.9000000e+02  -1.9996789e+01
   2.0000000e+02  -2.0885038e+01
   2.1000000e+02  -2.1788136e+01
   2.2000000e+02  -2.2916463e+01
   2.3000000e+02  -2.3862554e+01
   2.4000000e+02  -2.3908073e+01
   2.5000000e+02  -2.4154036e+01
   2.6000000e+02  -2.4566267e+01
   2.7000000e+02  -2.4052738e+01
   2.8000000e+02  -2.4748419e+01
   2.9000000e+02  -2.4394410e+01
   3.0000000e+02  -2.4908168e+01
   3.1000000e+02  -2.4852237e+01
   3.2000000e+02  -2.4657302e+01
   3.3000000e+02  -2.4577901e+01
   3.4000000e+02  -2.4583613e+01
   3.5000000e+02  -2.4566443e+01
   3.6000000e+02  -2.4968231e+01
   3.7000000e+02  -2.4464271e+01
   3.8000000e+02  -2.4366218e+01
   3.9000000e+02  -2.5124940e+01
   4.0000000e+02  -2.4835630e+01
   4.1000000e+02  -2.5211382e+01
   4.2000000e+02  -2.5176926e+01
   4.3000000e+02  -2.5606855e+01
   4.4000000e+02  -2.5312488e+01
   4.5000000e+02  -2.5384897e+01
   4.6000000e+02  -2.5469001e+01
   4.7000000e+02  -2.5225175e+01
   4.8000000e+02  -2.5033836e+01
   4.9000000e+02  -2.5668799e+01
   5.0000000e+02  -2.4931085e+01
   5.1000000e+02  -2.5126948e+01
   5.2000000e+02  -2.5523287e+01
   5.3000000e+02  -2.5395858e+01
   5.4000000e+02  -2.5244571e+01
   5.5000000e+02  -2.5765307e+01
   5.6000000e+02  -2.5482562e+01
   5.7000000e+02  -2.5051787e+01
   5.8000000e+02  -2.5734178e+01
   5.9000000e+02  -2.5594224e+01
   6.0000000e+02  -2.5495743e+01
   6.1000000e+02  -2.5922587e+01
   6.2000000e+02  -2.5989126e+01
   6.3000000e+02  -2.5860263e+01
   6.4000000e+02  -2.5107387e+01
   6.5000000e+02  -2.5459613e+01
   6.6000000e+02  -2.5554304e+01
   6.7000000e+02  -2.5876971e+01
   6.8000000e+02  -2.5846674e+01
   6.9000000e+02  -2.5460104e+01
