   0.0000000e+00  -2.5833505e-03
   1.0000000e+01  -9.4828527e-03
   2.0000000e+01  -1.1770738e-02
   3.0000000e+01  -1.0364609e-02
   4.0000000e+01  -8.6431915e-03
   5.0000000e+01  -1.5916909e-02
   6.0000000e+01  -2.2177213e-02
   7.0000000e+01   3.1791328e-03
   8.0000000e+01   1.0032392e-01
   9.0000000e+01   5.2632737e-01
   1.0000000e+02   3.9123383e-01
   1.1000000e+02   4.4574132e-02
   1.2000000e+02   2.7703511e-02
   1.3000000e+02   3.0898893e-01
   1.4000000e+02   8.1424498e-01
   1.5000000e+02   1.3623125e+00
   1.6000000e+02   2.1478957e+00
   1.7000000e+02   3.1271235e+00
   1.8000000e+02   4.2159932e+00
   1.9000000e+02   5.4156600e+00
   2.0000000e+02   6.5053182e+00
   2.1000000e+02   7.5109569e+00
   2.2000000e+02   8.4039440e+00
   2.3000000e+02   9.1576306e+00
   2.4000000e+02   9.6906914e+00
   2.5000000e+02   1.0103382e+01
   2.6000000e+02   1.0430114e+01
   2.7000000e+02   1.0682664e+01
   2.8000000e+02   1.1041118e+01
   2.9000000e+02   1.1437690e+01
   3.0000000e+02   1.1865146e+01
   3.1000000e+02   1.2794144e+01
   3.2000000e+02   1.3383292e+01
   3.3000000e+02   1.3646339e+01
   3.4000000e+02   1.3979812e+01
   3.5000000e+02   1.4051343e+01
   3.6000000e+02   1.3962162e+01
   3.7000000e+02   1.3747956e+01
   3.8000000e+02   1.3628822e+01
   3.9000000e+02   1.3518983e+01
   4.0000000e+02   1.3453024e+01
   4.1000000e+02   1.3148573e+01
   4.2000000e+02   1.2974891e+01
   4.3000000e+02   1.2804668e+01
   4.4000000e+02   1.2668245e+01
   4.5000000e+02   1.2561340e+01
   4.6000000e+02   1.2414232e+01
   4.7000000e+02   1.2299734e+01
   4.8000000e+02   1.2190571e+01
   4.9000000e+02   1.2100104e+01
   5.0000000e+02   1.1978258e+01
   5.1000000e+02   1.1860363e+01
   5.2000000e+02   1.1829445e+01
   5.3000000e+02   1.1813784e+01
   5.4000000e+02   1.1817100e+01
   5.5000000e+02   1.1801195e+01
   5.6000000e+02   1.1921821e+01
   5.7000000e+02   1.1918384e+01
   5.8000000e+02   1.1922090e+01
   5.9000000e+02   1.1997254e+01
   6.0000000e+02   1.2019648e+01
   6.1000000e+02   1.2088399e+01
   6.2000000e+02   1.2122818e+01
   6.3000000e+02   1.2110581e+01
   6.4000000e+02   1.2268097e+01
   6.5000000e+02   1.2504981e+01
   6.6000000e+02   1.2480517e+01
   6.7000000e+02   1.2412082e+01
   6.8000000e+02   1.2412559e+01
   6.9000000e+02   1.2584690e+01
   7.0000000e+02   1.2668488e+01
   7.1000000e+02   1.2711005e+01
   7.2000000e+02   1.2675601e+01
   7.3000000e+02   1.2693310e+01
   7.4000000e+02   1.3447300e+01
   7.5000000e+02   1.4124113e+01
   7.6000000e+02   1.5094024e+01
   7.7000000e+02   1.6155271e+01
   7.8000000e+02   1.7173455e+01
   7.9000000e+02   1.8209913e+01
   8.0000000e+02   1.9128442e+01
   8.1000000e+02   2.0003952e+01
   8.2000000e+02   2.0819151e+01
   8.3000000e+02   2.1427923e+01
   8.4000000e+02   2.1847023e+01
   8.5000000e+02   2.2155024e+01
   8.6000000e+02   2.2530803e+01
   8.7000000e+02   2.2638754e+01
   8.8000000e+02   2.2595587e+01
   8.9000000e+02   2.2471240e+01
   9.0000000e+02   2.2334887e+01
   9.1000000e+02   2.2180771e+01
   9.2000000e+02   2.1988697e+01
   9.3000000e+02   2.1804579e+01
   9.4000000e+02   2.1485097e+01
   9.5000000e+02   2.1272789e+01
   9.6000000e+02   2.1167628e+01
   9.7000000e+02   2.1152579e+01
   9.8000000e+02   2.1147923e+01
   9.9000000e+02   2.1113741e+01
   1.0000000e+03   2.1158430e+01
   1.0100000e+03   2.1223928e+01
   1.0200000e+03   2.1307043e+01
   1.0300000e+03   2.1311220e+01
   1.0400000e+03   2.1280288e+01
   1.0500000e+03   2.1309133e+01
   1.0600000e+03   2.1320985e+01
   1.0700000e+03   2.1091979e+01
   1.0800000e+03   2.0887468e+01
   1.0900000e+03   2.0840599e+01
   1.1000000e+03   2.0831707e+01
   1.1100000e+03   2.0875554e+01
   1.1200000e+03   2.0969631e+01
   1.1300000e+03   2.1190543e+01
   1.1400000e+03   2.1408774e+01
   1.1500000e+03   2.1675229e+01
   1.1600000e+03   2.2031475e+01
   1.1700000e+03   2.2497174e+01
   1.1800000e+03   2.3119590e+01
   1.1900000e+03   2.3623837e+01
   1.2000000e+03   2.4085367e+01
   1.2100000e+03   2.4494052e+01
   1.2200000e+03   2.4951658e+01
