   0.0000000e+00   1.5700238e+01
   1.0000000e+01   1.5695671e+01
   2.0000000e+01   1.5707798e+01
   3.0000000e+01   1.5709203e+01
   4.0000000e+01   1.5710690e+01
   5.0000000e+01   1.5701564e+01
   6.0000000e+01   1.5692522e+01
   7.0000000e+01   1.5682283e+01
   8.0000000e+01   1.5627294e+01
   9.0000000e+01   1.5290393e+01
   1.0000000e+02   1.4000997e+01
   1.1000000e+02   1.2897029e+01
   1.2000000e+02   1.1927792e+01
   1.3000000e+02   1.1349752e+01
   1.4000000e+02   1.0953424e+01
   1.5000000e+02   1.0459741e+01
   1.6000000e+02   1.0099127e+01
   1.7000000e+02   9.8331350e+00
   1.8000000e+02   9.6200130e+00
   1.9000000e+02   9.4941576e+00
   2.0000000e+02   9.3587385e+00
   2.1000000e+02   9.3512272e+00
   2.2000000e+02   9.1956587e+00
   2.3000000e+02   9.1135981e+00
   2.4000000e+02   9.1625989e+00
   2.5000000e+02   9.1195657e+00
   2.6000000e+02   9.2191434e+00
   2.7000000e+02   9.1259405e+00
   2.8000000e+02   9.0557059e+00
   2.9000000e+02   8.9952377e+00
   3.0000000e+02   9.0329337e+00
   3.1000000e+02   8.9776338e+00
   3.2000000e+02   8.7786718e+00
   3.3000000e+02   8.8237682e+00
   3.4000000e+02   8.9406247e+00
   3.5000000e+02   8.8213744e+00
   3.6000000e+02   8.9110470e+00
   3.7000000e+02   8.7861262e+00
   3.8000000e+02   8.9147545e+00
   3.9000000e+02   8.9081273e+00
   4.0000000e+02   8.9121741e+00
   4.1000000e+02   8.7273545e+00
   4.2000000e+02   8.9139416e+00
   4.3000000e+02   8.8057999e+00
   4.4000000e+02   8.7758152e+00
   4.5000000e+02   8.7703942e+00
   4.6000000e+02   8.7804927e+00
   4.7000000e+02   8.7501337e+00
   4.8000000e+02   8.8297487e+00
   4.9000000e+02   8.7236327e+00
   5.0000000e+02   8.8060608e+00
   5.1000000e+02   8.7361332e+00
   5.2000000e+02   8.7367953e+00
   5.3000000e+02   8.6910598e+00
   5.4000000e+02   8.5604449e+00
   5.5000000e+02   8.7529970e+00
   5.6000000e+02   8.4464044e+00
   5.7000000e+02   8.4086099e+00
   5.8000000e+02   8.6327064e+00
   5.9000000e+02   8.6180467e+00
   6.0000000e+02   8.6327958e+00
   6.1000000e+02   8.6158484e+00
   6.2000000e+02   8.4630550e+00
   6.3000000e+02   8.4683971e+00
   6.4000000e+02   8.6186510e+00
   6.5000000e+02   8.2854291e+00
   6.6000000e+02   8.4828558e+00
   6.7000000e+02   8.4478134e+00
   6.8000000e+02   8.5808759e+00
   6.9000000e+02   8.4460521e+00
   7.0000000e+02   8.3136748e+00
   7.1000000e+02   8.5694191e+00
   7.2000000e+02   8.4039849e+00
   7.3000000e+02   8.5654876e+00
   7.4000000e+02   8.5231343e+00
   7.5000000e+02   8.4025149e+00
   7.6000000e+02   8.3282122e+00
   7.7000000e+02   8.2158121e+00
   7.8000000e+02   8.0916968e+00
   7.9000000e+02   8.1725608e+00
   8.0000000e+02   8.2240424e+00
   8.1000000e+02   8.2088407e+00
   8.2000000e+02   8.3360814e+00
   8.3000000e+02   8.2305294e+00
   8.4000000e+02   8.4383832e+00
   8.5000000e+02   8.5469994e+00
   8.6000000e+02   8.5222066e+00
   8.7000000e+02   8.5332186e+00
   8.8000000e+02   8.7740371e+00
   8.9000000e+02   8.6596688e+00
   9.0000000e+02   8.6891766e+00
   9.1000000e+02   8.8083624e+00
   9.2000000e+02   8.6684362e+00
   9.3000000e+02   8.9733466e+00
   9.4000000e+02   8.7737672e+00
   9.5000000e+02   9.1346600e+00
   9.6000000e+02   8.9126423e+00
   9.7000000e+02   8.8947007e+00
   9.8000000e+02   8.7930903e+00
   9.9000000e+02   8.7693711e+00
   1.0000000e+03   8.8442008e+00
   1.0100000e+03   8.7713202e+00
   1.0200000e+03   8.9087535e+00
   1.0300000e+03   8.9655313e+00
   1.0400000e+03   8.8991542e+00
   1.0500000e+03   8.9321266e+00
   1.0600000e+03   8.8471507e+00
   1.0700000e+03   8.9571826e+00
   1.0800000e+03   8.8808426e+00
   1.0900000e+03   8.9912022e+00
   1.1000000e+03   9.0182929e+00
   1.1100000e+03   8.8887452e+00
   1.1200000e+03   8.7845936e+00
   1.1300000e+03   8.8020931e+00
   1.1400000e+03   8.7809561e+00
   1.1500000e+03   8.7559441e+00
   1.1600000e+03   8.8638799e+00
   1.1700000e+03   8.7391787e+00
   1.1800000e+03   8.7274582e+00
   1.1900000e+03   8.6170226e+00
   1.2000000e+03   8.7158318e+00
   1.2100000e+03   8.8155228e+00
   1.2200000e+03   8.8096155e+00
