   0.0000000e+00   1.4904074e+01
   1.0000000e+01   1.4890200e+01
   2.0000000e+01   1.4888611e+01
   3.0000000e+01   1.4895366e+01
   4.0000000e+01   1.4897087e+01
   5.0000000e+01   1.4891445e+01
   6.0000000e+01   1.4882862e+01
   7.0000000e+01   1.4893319e+01
   8.0000000e+01   1.4960875e+01
   9.0000000e+01   1.1601529e+01
   1.0000000e+02   8.1204815e+00
   1.1000000e+02   4.5092468e+00
   1.2000000e+02   2.2690502e+00
   1.3000000e+02   2.2798403e-01
   1.4000000e+02  -2.4976984e+00
   1.5000000e+02  -4.2344324e+00
   1.6000000e+02  -5.0353880e+00
   1.7000000e+02  -6.2543164e+00
   1.8000000e+02  -6.5339242e+00
   1.9000000e+02  -7.2288372e+00
   2.0000000e+02  -7.3330735e+00
   2.1000000e+02  -8.0308542e+00
   2.2000000e+02  -7.7507728e+00
   2.3000000e+02  -7.5372497e+00
   2.4000000e+02  -8.0742374e+00
   2.5000000e+02  -8.4124195e+00
   2.6000000e+02  -8.9394954e+00
   2.7000000e+02  -8.6045612e+00
   2.8000000e+02  -9.4181504e+00
   2.9000000e+02  -9.5385360e+00
   3.0000000e+02  -9.9291333e+00
   3.1000000e+02  -9.8813806e+00
   3.2000000e+02  -1.0928861e+01
   3.3000000e+02  -1.0252945e+01
   3.4000000e+02  -1.0314710e+01
   3.5000000e+02  -9.7953917e+00
   3.6000000e+02  -9.2323534e+00
   3.7000000e+02  -9.2635732e+00
   3.8000000e+02  -9.2599425e+00
   3.9000000e+02  -9.2238481e+00
   4.0000000e+02  -9.1089809e+00
   4.1000000e+02  -8.9091538e+00
   4.2000000e+02  -9.4460724e+00
   4.3000000e+02  -9.3071244e+00
   4.4000000e+02  -9.2245505e+00
   4.5000000e+02  -9.2334725e+00
   4.6000000e+02  -9.4083864e+00
   4.7000000e+02  -9.7210924e+00
   4.8000000e+02  -9.6752520e+00
   4.9000000e+02  -1.0115662e+01
   5.0000000e+02  -9.6084613e+00
   5.1000000e+02  -9.7182110e+00
   5.2000000e+02  -9.5868263e+00
   5.3000000e+02  -9.9276636e+00
   5.4000000e+02  -1.0104903e+01
   5.5000000e+02  -1.0140187e+01
   5.6000000e+02  -1.0067362e+01
   5.7000000e+02  -1.0251195e+01
   5.8000000e+02  -1.0589496e+01
   5.9000000e+02  -1.0799880e+01
   6.0000000e+02  -1.0618947e+01
   6.1000000e+02  -1.0945833e+01
   6.2000000e+02  -1.0783310e+01
   6.3000000e+02  -1.0926061e+01
   6.4000000e+02  -1.1188108e+01
   6.5000000e+02  -1.1100504e+01
   6.6000000e+02  -1.0839812e+01
   6.7000000e+02  -1.1022714e+01
   6.8000000e+02  -1.0684148e+01
   6.9000000e+02  -1.1315642e+01
   7.0000000e+02  -1.1395019e+01
   7.1000000e+02  -1.1486973e+01
   7.2000000e+02  -1.0906584e+01
   7.3000000e+02  -1.0754517e+01
   7.4000000e+02  -1.1532502e+01
   7.5000000e+02  -1.1962398e+01
   7.6000000e+02  -1.2874545e+01
   7.7000000e+02  -1.3021214e+01
   7.8000000e+02  -1.2876514e+01
   7.9000000e+02  -1.2729663e+01
   8.0000000e+02  -1.2536317e+01
   8.1000000e+02  -1.2416637e+01
   8.2000000e+02  -1.2347499e+01
   8.3000000e+02  -1.1841773e+01
   8.4000000e+02  -1.1536372e+01
   8.5000000e+02  -1.1347987e+01
   8.6000000e+02  -1.1355735e+01
   8.7000000e+02  -1.0930216e+01
   8.8000000e+02  -1.0216238e+01
   8.9000000e+02  -9.9503362e+00
   9.0000000e+02  -1.0117493e+01
   9.1000000e+02  -1.0000702e+01
   9.2000000e+02  -9.9549996e+00
   9.3000000e+02  -1.0016315e+01
   9.4000000e+02  -9.7915496e+00
   9.5000000e+02  -9.7017394e+00
   9.6000000e+02  -1.0100815e+01
   9.7000000e+02  -1.0071747e+01
   9.8000000e+02  -1.0095117e+01
   9.9000000e+02  -1.0287772e+01
   1.0000000e+03  -1.0362767e+01
   1.0100000e+03  -1.0584717e+01
   1.0200000e+03  -1.0333572e+01
   1.0300000e+03  -1.0477808e+01
   1.0400000e+03  -1.0117806e+01
   1.0500000e+03  -1.0208465e+01
   1.0600000e+03  -1.0564083e+01
   1.0700000e+03  -9.9842233e+00
   1.0800000e+03  -9.8901965e+00
   1.0900000e+03  -1.0336143e+01
   1.1000000e+03  -1.0409832e+01
   1.1100000e+03  -1.0591889e+01
   1.1200000e+03  -1.0667374e+01
   1.1300000e+03  -1.0936946e+01
   1.1400000e+03  -1.1016869e+01
   1.1500000e+03  -1.1364046e+01
   1.1600000e+03  -1.1274004e+01
   1.1700000e+03  -1.0912572e+01
   1.1800000e+03  -1.1529036e+01
   1.1900000e+03  -1.1307351e+01
   1.2000000e+03  -1.1123595e+01
   1.2100000e+03  -1.1144474e+01
   1.2200000e+03  -1.1094310e+01
