   0.0000000e+00   1.4467093e+01
   1.0000000e+01   1.4461627e+01
   2.0000000e+01   1.4452263e+01
   3.0000000e+01   1.4447687e+01
   4.0000000e+01   1.4441382e+01
   5.0000000e+01   1.4417596e+01
   6.0000000e+01   1.4425290e+01
   7.0000000e+01   1.4423170e+01
   8.0000000e+01   1.4425633e+01
   9.0000000e+01   1.4415520e+01
   1.0000000e+02   1.4414157e+01
   1.1000000e+02   1.4402931e+01
   1.2000000e+02   1.4408299e+01
   1.3000000e+02   1.4381630e+01
   1.4000000e+02   1.4347387e+01
   1.5000000e+02   1.4361935e+01
   1.6000000e+02   1.4370090e+01
   1.7000000e+02   1.4364624e+01
   1.8000000e+02   1.4339621e+01
   1.9000000e+02   1.4295889e+01
   2.0000000e+02   1.4329387e+01
   2.1000000e+02   1.4427661e+01
   2.2000000e+02   1.4613296e+01
   2.3000000e+02   1.4851898e+01
   2.4000000e+02   1.5089826e+01
   2.5000000e+02   1.5388307e+01
   2.6000000e+02   1.5705803e+01
   2.7000000e+02   1.6054678e+01
   2.8000000e+02   1.6362954e+01
   2.9000000e+02   1.6598068e+01
   3.0000000e+02   1.6802300e+01
   3.1000000e+02   1.6919378e+01
   3.2000000e+02   1.6920893e+01
   3.3000000e+02   1.6961311e+01
   3.4000000e+02   1.7018251e+01
   3.5000000e+02   1.7015601e+01
   3.6000000e+02   1.6997560e+01
   3.7000000e+02   1.6894842e+01
   3.8000000e+02   1.6733863e+01
   3.9000000e+02   1.6580656e+01
   4.0000000e+02   1.6767760e+01
   4.1000000e+02   1.7223980e+01
   4.2000000e+02   1.7683766e+01
   4.3000000e+02   1.8001900e+01
   4.4000000e+02   1.7952383e+01
   4.5000000e+02   1.7778431e+01
   4.6000000e+02   1.7478948e+01
   4.7000000e+02   1.7136567e+01
   4.8000000e+02   1.6842104e+01
   4.9000000e+02   1.6521738e+01
   5.0000000e+02   1.6029663e+01
   5.1000000e+02   1.6015246e+01
   5.2000000e+02   1.5968641e+01
   5.3000000e+02   1.5797936e+01
   5.4000000e+02   1.5399480e+01
   5.5000000e+02   1.5237186e+01
   5.6000000e+02   1.5087409e+01
   5.7000000e+02   1.4460314e+01
   5.8000000e+02   1.4339448e+01
   5.9000000e+02   1.4234860e+01
   6.0000000e+02   1.4259754e+01
   6.1000000e+02   1.3863542e+01
   6.2000000e+02   1.3739519e+01
   6.3000000e+02   1.3724889e+01
   6.4000000e+02   1.3269643e+01
   6.5000000e+02   1.2851659e+01
   6.6000000e+02   1.2594930e+01
   6.7000000e+02   1.2331710e+01
   6.8000000e+02   1.2100134e+01
   6.9000000e+02   1.1857333e+01
