   0.0000000e+00   1.5362323e+01
   1.0000000e+01   1.5351745e+01
   2.0000000e+01   1.5347501e+01
   3.0000000e+01   1.5354555e+01
   4.0000000e+01   1.5358949e+01
   5.0000000e+01   1.5357500e+01
   6.0000000e+01   1.5361701e+01
   7.0000000e+01   1.5356793e+01
   8.0000000e+01   1.5341583e+01
   9.0000000e+01   1.5331011e+01
   1.0000000e+02   1.5325928e+01
   1.1000000e+02   1.5313780e+01
   1.2000000e+02   1.5170322e+01
   1.3000000e+02   1.4810615e+01
   1.4000000e+02   1.3599842e+01
   1.5000000e+02   1.0800379e+01
   1.6000000e+02   8.7187696e+00
   1.7000000e+02   6.1235163e+00
   1.8000000e+02   4.3396078e+00
   1.9000000e+02   5.0134859e-02
   2.0000000e+02  -2.0438318e+00
   2.1000000e+02  -3.1441260e+00
   2.2000000e+02  -4.0656531e+00
   2.3000000e+02  -4.0284669e+00
   2.4000000e+02  -4.2930931e+00
   2.5000000e+02  -4.8219749e+00
   2.6000000e+02  -5.2060857e+00
   2.7000000e+02  -5.2270204e+00
   2.8000000e+02  -5.7341005e+00
   2.9000000e+02  -5.5643284e+00
   3.0000000e+02  -5.6554651e+00
   3.1000000e+02  -5.7304571e+00
   3.2000000e+02  -5.7989244e+00
   3.3000000e+02  -6.1441635e+00
   3.4000000e+02  -5.5209939e+00
   3.5000000e+02  -5.4941933e+00
   3.6000000e+02  -5.1193639e+00
   3.7000000e+02  -5.6570274e+00
   3.8000000e+02  -6.0898880e+00
   3.9000000e+02  -5.4531523e+00
   4.0000000e+02  -6.0334248e+00
   4.1000000e+02  -6.4154441e+00
   4.2000000e+02  -6.7165998e+00
   4.3000000e+02  -6.7622309e+00
   4.4000000e+02  -6.5199278e+00
   4.5000000e+02  -6.3357104e+00
   4.6000000e+02  -6.5396599e+00
   4.7000000e+02  -6.1049145e+00
   4.8000000e+02  -6.4243605e+00
   4.9000000e+02  -6.1998010e+00
   5.0000000e+02  -5.9735675e+00
   5.1000000e+02  -6.2815102e+00
   5.2000000e+02  -6.0094429e+00
   5.3000000e+02  -6.3487393e+00
   5.4000000e+02  -6.1446657e+00
   5.5000000e+02  -6.1391764e+00
   5.6000000e+02  -6.0412430e+00
   5.7000000e+02  -5.8596694e+00
   5.8000000e+02  -6.5532179e+00
   5.9000000e+02  -6.2950605e+00
   6.0000000e+02  -6.5867326e+00
   6.1000000e+02  -6.2868428e+00
   6.2000000e+02  -6.5517488e+00
   6.3000000e+02  -6.5347777e+00
   6.4000000e+02  -6.1393206e+00
   6.5000000e+02  -6.0866296e+00
   6.6000000e+02  -6.1665262e+00
   6.7000000e+02  -6.2914215e+00
   6.8000000e+02  -6.1307386e+00
   6.9000000e+02  -6.1281094e+00
