   0.0000000e+00   4.9294092e-03
   1.0000000e+01  -6.6343338e-03
   2.0000000e+01  -4.2658435e-03
   3.0000000e+01  -1.1709361e-02
   4.0000000e+01  -5.7939515e-03
   5.0000000e+01   1.5998499e-03
   6.0000000e+01   2.3217164e-03
   7.0000000e+01   2.0246298e-02
   8.0000000e+01   6.7632762e-02
   9.0000000e+01   3.5826439e-01
   1.0000000e+02   1.0328035e+00
   1.1000000e+02   1.7512163e+00
   1.2000000e+02   2.1560964e+00
   1.3000000e+02   2.3172359e+00
   1.4000000e+02   2.4530353e+00
   1.5000000e+02   2.5071802e+00
   1.6000000e+02   2.5213266e+00
   1.7000000e+02   2.5531154e+00
   1.8000000e+02   2.5476421e+00
   1.9000000e+02   2.6131127e+00
   2.0000000e+02   2.6274380e+00
   2.1000000e+02   2.6506447e+00
   2.2000000e+02   2.6893100e+00
   2.3000000e+02   2.7217066e+00
   2.4000000e+02   2.7644821e+00
   2.5000000e+02   2.8266925e+00
   2.6000000e+02   2.8289544e+00
   2.7000000e+02   2.8369954e+00
   2.8000000e+02   2.8551350e+00
   2.9000000e+02   2.8218641e+00
   3.0000000e+02   2.7250396e+00
   3.1000000e+02   2.6285580e+00
   3.2000000e+02   2.6923755e+00
   3.3000000e+02   2.7366028e+00
   3.4000000e+02   2.7639708e+00
   3.5000000e+02   2.8190765e+00
   3.6000000e+02   2.9032866e+00
   3.7000000e+02   2.9564596e+00
   3.8000000e+02   2.9076770e+00
   3.9000000e+02   2.9257170e+00
   4.0000000e+02   2.9409062e+00
   4.1000000e+02   2.9434846e+00
   4.2000000e+02   2.9487108e+00
   4.3000000e+02   2.9586207e+00
   4.4000000e+02   2.9582776e+00
   4.5000000e+02   2.9082453e+00
   4.6000000e+02   2.9171415e+00
   4.7000000e+02   2.9268868e+00
   4.8000000e+02   2.9422589e+00
   4.9000000e+02   2.9109521e+00
   5.0000000e+02   2.9574858e+00
   5.1000000e+02   2.9580397e+00
   5.2000000e+02   2.9961244e+00
   5.3000000e+02   2.8973386e+00
   5.4000000e+02   2.9474092e+00
   5.5000000e+02   2.8995182e+00
   5.6000000e+02   2.9165905e+00
   5.7000000e+02   2.9496200e+00
   5.8000000e+02   2.9549863e+00
   5.9000000e+02   2.9480571e+00
   6.0000000e+02   2.9327591e+00
   6.1000000e+02   2.9354069e+00
   6.2000000e+02   2.9008603e+00
   6.3000000e+02   2.9217559e+00
   6.4000000e+02   2.8738047e+00
   6.5000000e+02   2.8485656e+00
   6.6000000e+02   2.8947766e+00
   6.7000000e+02   2.9284546e+00
   6.8000000e+02   2.9431163e+00
   6.9000000e+02   2.9071735e+00
   7.0000000e+02   2.9036618e+00
   7.1000000e+02   2.9414694e+00
   7.2000000e+02   2.9157237e+00
   7.3000000e+02   2.8968724e+00
   7.4000000e+02   2.7902922e+00
   7.5000000e+02   2.7231597e+00
   7.6000000e+02   2.6042759e+00
   7.7000000e+02   2.5455633e+00
   7.8000000e+02   2.5361073e+00
   7.9000000e+02   2.4715537e+00
   8.0000000e+02   2.4116812e+00
   8.1000000e+02   2.4265363e+00
   8.2000000e+02   2.4651567e+00
   8.3000000e+02   2.4037254e+00
   8.4000000e+02   2.4105700e+00
   8.5000000e+02   2.4708766e+00
   8.6000000e+02   2.4964047e+00
   8.7000000e+02   2.5138861e+00
   8.8000000e+02   2.6696230e+00
   8.9000000e+02   2.6789184e+00
   9.0000000e+02   2.7062204e+00
   9.1000000e+02   2.7747292e+00
   9.2000000e+02   2.8020393e+00
   9.3000000e+02   2.7981962e+00
   9.4000000e+02   2.8307044e+00
   9.5000000e+02   2.8387079e+00
   9.6000000e+02   2.7923569e+00
   9.7000000e+02   2.7726238e+00
   9.8000000e+02   2.7481236e+00
   9.9000000e+02   2.7440249e+00
   1.0000000e+03   2.7648622e+00
   1.0100000e+03   2.7550337e+00
   1.0200000e+03   2.7859256e+00
   1.0300000e+03   2.7483299e+00
   1.0400000e+03   2.7575311e+00
   1.0500000e+03   2.7296980e+00
   1.0600000e+03   2.8033713e+00
   1.0700000e+03   2.8632294e+00
   1.0800000e+03   2.8355386e+00
   1.0900000e+03   2.8527158e+00
   1.1000000e+03   2.8074023e+00
   1.1100000e+03   2.8164430e+00
   1.1200000e+03   2.7915049e+00
   1.1300000e+03   2.7477922e+00
   1.1400000e+03   2.7325485e+00
   1.1500000e+03   2.6757792e+00
   1.1600000e+03   2.6042767e+00
   1.1700000e+03   2.5686288e+00
   1.1800000e+03   2.5044003e+00
   1.1900000e+03   2.5376146e+00
   1.2000000e+03   2.4667726e+00
   1.2100000e+03   2.5100575e+00
   1.2200000e+03   2.5090551e+00
