   0.0000000e+00  -9.1646957e-04
   1.0000000e+01   1.1070571e-03
   2.0000000e+01  -4.0538773e-03
   3.0000000e+01   1.9071533e-02
   4.0000000e+01   1.0312084e-01
   5.0000000e+01   2.7511472e+00
   6.0000000e+01   5.9604828e+00
   7.0000000e+01   8.4925002e+00
   8.0000000e+01   1.0395322e+01
   9.0000000e+01   1.1780975e+01
   1.0000000e+02   1.2997958e+01
   1.1000000e+02   1.3788213e+01
   1.2000000e+02   1.4426756e+01
   1.3000000e+02   1.4959195e+01
   1.4000000e+02   1.5376458e+01
   1.5000000e+02   1.5745629e+01
   1.6000000e+02   1.6042672e+01
   1.7000000e+02   1.6304184e+01
   1.8000000e+02   1.6520942e+01
   1.9000000e+02   1.6738388e+01
   2.0000000e+02   1.6904569e+01
   2.1000000e+02   1.6983608e+01
   2.2000000e+02   1.6534618e+01
   2.3000000e+02   1.6441532e+01
   2.4000000e+02   1.6464523e+01
   2.5000000e+02   1.5913586e+01
   2.6000000e+02   1.6068487e+01
   2.7000000e+02   1.6077324e+01
   2.8000000e+02   1.5978466e+01
   2.9000000e+02   1.6096179e+01
   3.0000000e+02   1.5897152e+01
   3.1000000e+02   1.6114163e+01
   3.2000000e+02   1.6162346e+01
   3.3000000e+02   1.5960958e+01
   3.4000000e+02   1.5768861e+01
   3.5000000e+02   1.5633234e+01
   3.6000000e+02   1.5823457e+01
   3.7000000e+02   1.5684020e+01
   3.8000000e+02   1.5459731e+01
   3.9000000e+02   1.5130251e+01
   4.0000000e+02   1.5291321e+01
   4.1000000e+02   1.5499707e+01
   4.2000000e+02   1.5313728e+01
   4.3000000e+02   1.5155623e+01
   4.4000000e+02   1.5032558e+01
   4.5000000e+02   1.5111725e+01
   4.6000000e+02   1.5128961e+01
   4.7000000e+02   1.5287897e+01
   4.8000000e+02   1.4918342e+01
   4.9000000e+02   1.4973871e+01
   5.0000000e+02   1.4805602e+01
   5.1000000e+02   1.4698588e+01
   5.2000000e+02   1.4849151e+01
   5.3000000e+02   1.4593695e+01
   5.4000000e+02   1.4784411e+01
   5.5000000e+02   1.4709449e+01
   5.6000000e+02   1.4558045e+01
   5.7000000e+02   1.4669480e+01
   5.8000000e+02   1.4457946e+01
   5.9000000e+02   1.4517120e+01
   6.0000000e+02   1.4325223e+01
   6.1000000e+02   1.4557918e+01
   6.2000000e+02   1.4705237e+01
   6.3000000e+02   1.4412266e+01
   6.4000000e+02   1.4427548e+01
   6.5000000e+02   1.4574770e+01
   6.6000000e+02   1.4415470e+01
   6.7000000e+02   1.4193581e+01
   6.8000000e+02   1.4026536e+01
   6.9000000e+02   1.4024193e+01
   7.0000000e+02   1.4181465e+01
   7.1000000e+02   1.4307693e+01
   7.2000000e+02   1.4400400e+01
   7.3000000e+02   1.4294888e+01
   7.4000000e+02   1.3857942e+01
   7.5000000e+02   1.3457855e+01
   7.6000000e+02   1.3769323e+01
   7.7000000e+02   1.4148123e+01
   7.8000000e+02   1.4072886e+01
   7.9000000e+02   1.3599181e+01
   8.0000000e+02   1.3532375e+01
   8.1000000e+02   1.3911689e+01
   8.2000000e+02   1.4125838e+01
   8.3000000e+02   1.3815838e+01
   8.4000000e+02   1.3628976e+01
   8.5000000e+02   1.3740534e+01
   8.6000000e+02   1.3879148e+01
   8.7000000e+02   1.3683920e+01
