   0.0000000e+00   2.2419782e+01
   1.0000000e+01   2.2410231e+01
   2.0000000e+01   2.2410135e+01
   3.0000000e+01   2.2412341e+01
   4.0000000e+01   2.2422247e+01
   5.0000000e+01   2.2416570e+01
   6.0000000e+01   2.2424386e+01
   7.0000000e+01   2.2429335e+01
   8.0000000e+01   2.2431860e+01
   9.0000000e+01   2.2428847e+01
   1.0000000e+02   2.2434738e+01
   1.1000000e+02   2.2444249e+01
   1.2000000e+02   2.2450781e+01
   1.3000000e+02   2.2454636e+01
   1.4000000e+02   2.2462554e+01
   1.5000000e+02   2.2462208e+01
   1.6000000e+02   2.2460199e+01
   1.7000000e+02   2.2476187e+01
   1.8000000e+02   2.2469287e+01
   1.9000000e+02   2.2472542e+01
   2.0000000e+02   2.2479038e+01
   2.1000000e+02   2.2489335e+01
   2.2000000e+02   2.2507074e+01
   2.3000000e+02   2.2498442e+01
   2.4000000e+02   2.2499184e+01
   2.5000000e+02   2.2519600e+01
   2.6000000e+02   2.2517755e+01
   2.7000000e+02   2.2516027e+01
   2.8000000e+02   2.2523808e+01
   2.9000000e+02   2.2526765e+01
   3.0000000e+02   2.2528602e+01
   3.1000000e+02   2.2527629e+01
   3.2000000e+02   2.2541940e+01
   3.3000000e+02   2.2540883e+01
   3.4000000e+02   2.2547646e+01
   3.5000000e+02   2.2544330e+01
   3.6000000e+02   2.2560228e+01
   3.7000000e+02   2.2551508e+01
   3.8000000e+02   2.2556608e+01
   3.9000000e+02   2.2560610e+01
   4.0000000e+02   2.2568835e+01
   4.1000000e+02   2.2561955e+01
   4.2000000e+02   2.2559031e+01
   4.3000000e+02   2.2569417e+01
   4.4000000e+02   2.2578172e+01
   4.5000000e+02   2.2570163e+01
   4.6000000e+02   2.2589390e+01
   4.7000000e+02   2.2587619e+01
   4.8000000e+02   2.2583961e+01
   4.9000000e+02   2.2582039e+01
   5.0000000e+02   2.2581316e+01
   5.1000000e+02   2.2597276e+01
   5.2000000e+02   2.2601257e+01
   5.3000000e+02   2.2612567e+01
   5.4000000e+02   2.2605355e+01
   5.5000000e+02   2.2611064e+01
   5.6000000e+02   2.2612342e+01
   5.7000000e+02   2.2614651e+01
   5.8000000e+02   2.2628588e+01
   5.9000000e+02   2.2635768e+01
   6.0000000e+02   2.2635699e+01
   6.1000000e+02   2.2633767e+01
   6.2000000e+02   2.2639397e+01
   6.3000000e+02   2.2649035e+01
   6.4000000e+02   2.2640494e+01
   6.5000000e+02   2.2649902e+01
   6.6000000e+02   2.2654757e+01
   6.7000000e+02   2.2652959e+01
   6.8000000e+02   2.2655068e+01
   6.9000000e+02   2.2665601e+01
   7.0000000e+02   2.2669256e+01
   7.1000000e+02   2.2675726e+01
   7.2000000e+02   2.2667701e+01
   7.3000000e+02   2.2669681e+01
   7.4000000e+02   2.2675689e+01
   7.5000000e+02   2.2685519e+01
   7.6000000e+02   2.2689383e+01
   7.7000000e+02   2.2692372e+01
   7.8000000e+02   2.2699726e+01
   7.9000000e+02   2.2699416e+01
   8.0000000e+02   2.2697867e+01
