   0.0000000e+00   2.3239986e+01
   1.0000000e+01   2.3251464e+01
   2.0000000e+01   2.3240741e+01
   3.0000000e+01   2.3252418e+01
   4.0000000e+01   2.3249379e+01
   5.0000000e+01   2.3253871e+01
   6.0000000e+01   2.3271847e+01
   7.0000000e+01   2.3285108e+01
   8.0000000e+01   2.3302185e+01
   9.0000000e+01   2.3314652e+01
   1.0000000e+02   2.3342253e+01
   1.1000000e+02   2.3371160e+01
   1.2000000e+02   2.3401709e+01
   1.3000000e+02   2.3441826e+01
   1.4000000e+02   2.3485077e+01
   1.5000000e+02   2.3548016e+01
   1.6000000e+02   2.3598204e+01
   1.7000000e+02   2.3659671e+01
   1.8000000e+02   2.3699427e+01
   1.9000000e+02   2.3760409e+01
   2.0000000e+02   2.3814695e+01
   2.1000000e+02   2.3856844e+01
   2.2000000e+02   2.3934129e+01
   2.3000000e+02   2.3978609e+01
   2.4000000e+02   2.4022061e+01
   2.5000000e+02   2.4084694e+01
   2.6000000e+02   2.4126482e+01
   2.7000000e+02   2.4175308e+01
   2.8000000e+02   2.4225087e+01
   2.9000000e+02   2.4287358e+01
   3.0000000e+02   2.4337660e+01
   3.1000000e+02   2.4379385e+01
   3.2000000e+02   2.4426211e+01
   3.3000000e+02   2.4466695e+01
   3.4000000e+02   2.4500906e+01
   3.5000000e+02   2.4535671e+01
   3.6000000e+02   2.4585460e+01
   3.7000000e+02   2.4610675e+01
   3.8000000e+02   2.4662834e+01
   3.9000000e+02   2.4693361e+01
   4.0000000e+02   2.4725335e+01
   4.1000000e+02   2.4762302e+01
   4.2000000e+02   2.4786838e+01
   4.3000000e+02   2.4826271e+01
   4.4000000e+02   2.4867073e+01
   4.5000000e+02   2.4870845e+01
   4.6000000e+02   2.4929477e+01
   4.7000000e+02   2.4948239e+01
   4.8000000e+02   2.4970654e+01
   4.9000000e+02   2.4994338e+01
   5.0000000e+02   2.5013684e+01
   5.1000000e+02   2.5044832e+01
   5.2000000e+02   2.5055031e+01
   5.3000000e+02   2.5082230e+01
   5.4000000e+02   2.5110782e+01
   5.5000000e+02   2.5125704e+01
   5.6000000e+02   2.5159727e+01
   5.7000000e+02   2.5168949e+01
   5.8000000e+02   2.5206376e+01
   5.9000000e+02   2.5227377e+01
   6.0000000e+02   2.5240221e+01
   6.1000000e+02   2.5262276e+01
   6.2000000e+02   2.5274579e+01
   6.3000000e+02   2.5304487e+01
   6.4000000e+02   2.5316028e+01
   6.5000000e+02   2.5334866e+01
   6.6000000e+02   2.5349856e+01
   6.7000000e+02   2.5369967e+01
   6.8000000e+02   2.5383368e+01
   6.9000000e+02   2.5405403e+01
   7.0000000e+02   2.5421270e+01
   7.1000000e+02   2.5447552e+01
   7.2000000e+02   2.5446233e+01
   7.3000000e+02   2.5462042e+01
   7.4000000e+02   2.5483481e+01
   7.5000000e+02   2.5493286e+01
   7.6000000e+02   2.5509359e+01
   7.7000000e+02   2.5524329e+01
   7.8000000e+02   2.5537428e+01
   7.9000000e+02   2.5549798e+01
   8.0000000e+02   2.5570615e+01
