   0.0000000e+00   2.3544844e+01
   1.0000000e+01   2.3543685e+01
   2.0000000e+01   2.3551226e+01
   3.0000000e+01   2.3548761e+01
   4.0000000e+01   2.3716741e+01
   5.0000000e+01   2.4370777e+01
   6.0000000e+01   2.5245605e+01
   7.0000000e+01   2.6157554e+01
   8.0000000e+01   2.7070969e+01
   9.0000000e+01   2.7948082e+01
   1.0000000e+02   2.8825337e+01
   1.1000000e+02   2.9576267e+01
   1.2000000e+02   3.0215221e+01
   1.3000000e+02   3.0533783e+01
   1.4000000e+02   3.0646886e+01
   1.5000000e+02   3.0739370e+01
   1.6000000e+02   3.0802642e+01
   1.7000000e+02   3.0865906e+01
   1.8000000e+02   3.0795862e+01
   1.9000000e+02   3.0734703e+01
   2.0000000e+02   3.0744488e+01
   2.1000000e+02   3.0754785e+01
   2.2000000e+02   3.0805025e+01
   2.3000000e+02   3.0745476e+01
   2.4000000e+02   3.0747448e+01
   2.5000000e+02   3.0735519e+01
   2.6000000e+02   3.0679232e+01
   2.7000000e+02   3.0607185e+01
   2.8000000e+02   3.0665607e+01
   2.9000000e+02   3.0673218e+01
   3.0000000e+02   3.0693447e+01
   3.1000000e+02   3.0706206e+01
   3.2000000e+02   3.0716098e+01
   3.3000000e+02   3.0722654e+01
   3.4000000e+02   3.0730855e+01
   3.5000000e+02   3.0702350e+01
   3.6000000e+02   3.0648607e+01
   3.7000000e+02   3.0625288e+01
   3.8000000e+02   3.0638913e+01
   3.9000000e+02   3.0642928e+01
   4.0000000e+02   3.0665213e+01
   4.1000000e+02   3.0664935e+01
   4.2000000e+02   3.0608348e+01
   4.3000000e+02   3.0597600e+01
   4.4000000e+02   3.0601566e+01
   4.5000000e+02   3.0542452e+01
   4.6000000e+02   3.0555442e+01
   4.7000000e+02   3.0571327e+01
   4.8000000e+02   3.0579455e+01
   4.9000000e+02   3.0538264e+01
   5.0000000e+02   3.0504224e+01
   5.1000000e+02   3.0515031e+01
   5.2000000e+02   3.0497296e+01
   5.3000000e+02   3.0449769e+01
   5.4000000e+02   3.0456181e+01
   5.5000000e+02   3.0473916e+01
   5.6000000e+02   3.0483501e+01
   5.7000000e+02   3.0498204e+01
   5.8000000e+02   3.0482212e+01
   5.9000000e+02   3.0440223e+01
   6.0000000e+02   3.0377697e+01
   6.1000000e+02   3.0362740e+01
   6.2000000e+02   3.0363614e+01
   6.3000000e+02   3.0369814e+01
   6.4000000e+02   3.0399224e+01
   6.5000000e+02   3.0409573e+01
   6.6000000e+02   3.0428497e+01
