   0.0000000e+00   2.3391245e+01
   1.0000000e+01   2.3390547e+01
   2.0000000e+01   2.3384000e+01
   3.0000000e+01   2.3378070e+01
   4.0000000e+01   2.3376075e+01
   5.0000000e+01   2.3381411e+01
   6.0000000e+01   2.3373362e+01
   7.0000000e+01   2.3360964e+01
   8.0000000e+01   2.3349197e+01
   9.0000000e+01   2.3346803e+01
   1.0000000e+02   2.3331881e+01
   1.1000000e+02   2.3328301e+01
   1.2000000e+02   2.3346306e+01
   1.3000000e+02   2.3356497e+01
   1.4000000e+02   2.3379353e+01
   1.5000000e+02   2.3410794e+01
   1.6000000e+02   2.3446553e+01
   1.7000000e+02   2.3465213e+01
   1.8000000e+02   2.3515023e+01
   1.9000000e+02   2.3553225e+01
   2.0000000e+02   2.3588250e+01
   2.1000000e+02   2.3637646e+01
   2.2000000e+02   2.3660971e+01
   2.3000000e+02   2.3721803e+01
   2.4000000e+02   2.3760042e+01
   2.5000000e+02   2.3798835e+01
   2.6000000e+02   2.3831775e+01
   2.7000000e+02   2.3878642e+01
   2.8000000e+02   2.3907649e+01
   2.9000000e+02   2.3959868e+01
   3.0000000e+02   2.3979993e+01
   3.1000000e+02   2.4008070e+01
   3.2000000e+02   2.4047804e+01
   3.3000000e+02   2.4076101e+01
   3.4000000e+02   2.4103053e+01
   3.5000000e+02   2.4130696e+01
   3.6000000e+02   2.4168033e+01
   3.7000000e+02   2.4191200e+01
   3.8000000e+02   2.4211601e+01
   3.9000000e+02   2.4226027e+01
   4.0000000e+02   2.4260218e+01
   4.1000000e+02   2.4280480e+01
   4.2000000e+02   2.4307107e+01
   4.3000000e+02   2.4315912e+01
   4.4000000e+02   2.4350367e+01
   4.5000000e+02   2.4354836e+01
   4.6000000e+02   2.4383596e+01
   4.7000000e+02   2.4409496e+01
   4.8000000e+02   2.4430594e+01
   4.9000000e+02   2.4436705e+01
   5.0000000e+02   2.4459010e+01
   5.1000000e+02   2.4474493e+01
   5.2000000e+02   2.4489426e+01
   5.3000000e+02   2.4505553e+01
   5.4000000e+02   2.4522615e+01
   5.5000000e+02   2.4534219e+01
   5.6000000e+02   2.4550780e+01
   5.7000000e+02   2.4563489e+01
   5.8000000e+02   2.4591941e+01
   5.9000000e+02   2.4596791e+01
   6.0000000e+02   2.4614913e+01
   6.1000000e+02   2.4621102e+01
   6.2000000e+02   2.4623365e+01
   6.3000000e+02   2.4634445e+01
   6.4000000e+02   2.4658015e+01
   6.5000000e+02   2.4665881e+01
   6.6000000e+02   2.4682831e+01
