   0.0000000e+00   2.1086439e+01
   1.0000000e+01   2.1078510e+01
   2.0000000e+01   2.1045341e+01
   3.0000000e+01   2.1146240e+01
   4.0000000e+01   2.1444124e+01
   5.0000000e+01   2.1307236e+01
   6.0000000e+01   2.1078796e+01
   7.0000000e+01   2.1016149e+01
   8.0000000e+01   2.0937900e+01
   9.0000000e+01   2.1022196e+01
   1.0000000e+02   2.1380540e+01
   1.1000000e+02   2.1548152e+01
   1.2000000e+02   2.1387916e+01
   1.3000000e+02   2.1180384e+01
   1.4000000e+02   2.1168704e+01
   1.5000000e+02   2.1259511e+01
   1.6000000e+02   2.1351516e+01
   1.7000000e+02   2.1391329e+01
   1.8000000e+02   2.1404739e+01
   1.9000000e+02   2.1439254e+01
   2.0000000e+02   2.1485840e+01
   2.1000000e+02   2.1592717e+01
   2.2000000e+02   2.1693722e+01
   2.3000000e+02   2.1815536e+01
   2.4000000e+02   2.1889293e+01
   2.5000000e+02   2.1926401e+01
   2.6000000e+02   2.1932257e+01
   2.7000000e+02   2.1937752e+01
   2.8000000e+02   2.1921433e+01
   2.9000000e+02   2.1914783e+01
   3.0000000e+02   2.1906263e+01
   3.1000000e+02   2.1908973e+01
   3.2000000e+02   2.1912981e+01
   3.3000000e+02   2.1921483e+01
   3.4000000e+02   2.1927649e+01
   3.5000000e+02   2.1931665e+01
   3.6000000e+02   2.1944855e+01
   3.7000000e+02   2.1945232e+01
   3.8000000e+02   2.1972005e+01
   3.9000000e+02   2.1969226e+01
   4.0000000e+02   2.1979603e+01
   4.1000000e+02   2.1989636e+01
   4.2000000e+02   2.1988670e+01
   4.3000000e+02   2.1982220e+01
   4.4000000e+02   2.1990717e+01
   4.5000000e+02   2.2014977e+01
   4.6000000e+02   2.2012556e+01
   4.7000000e+02   2.2008281e+01
   4.8000000e+02   2.2009582e+01
   4.9000000e+02   2.2028383e+01
   5.0000000e+02   2.2031111e+01
   5.1000000e+02   2.2027694e+01
   5.2000000e+02   2.2044243e+01
   5.3000000e+02   2.2020884e+01
   5.4000000e+02   2.2025369e+01
   5.5000000e+02   2.2034534e+01
   5.6000000e+02   2.2032416e+01
   5.7000000e+02   2.2024803e+01
   5.8000000e+02   2.2022613e+01
   5.9000000e+02   2.2024035e+01
   6.0000000e+02   2.2024184e+01
   6.1000000e+02   2.2032056e+01
   6.2000000e+02   2.2043912e+01
   6.3000000e+02   2.2046423e+01
   6.4000000e+02   2.2035305e+01
   6.5000000e+02   2.2040106e+01
   6.6000000e+02   2.2028623e+01
   6.7000000e+02   2.2041900e+01
   6.8000000e+02   2.2035815e+01
   6.9000000e+02   2.2045700e+01
   7.0000000e+02   2.2034026e+01
   7.1000000e+02   2.2041817e+01
   7.2000000e+02   2.2046201e+01
   7.3000000e+02   2.2036943e+01
   7.4000000e+02   2.2046458e+01
   7.5000000e+02   2.2065002e+01
   7.6000000e+02   2.2057591e+01
   7.7000000e+02   2.2052995e+01
   7.8000000e+02   2.2057995e+01
   7.9000000e+02   2.2049363e+01
   8.0000000e+02   2.2047438e+01
   8.1000000e+02   2.2038885e+01
   8.2000000e+02   2.2035982e+01
   8.3000000e+02   2.2026735e+01
   8.4000000e+02   2.2038351e+01
   8.5000000e+02   2.2031458e+01
   8.6000000e+02   2.2041560e+01
   8.7000000e+02   2.2050478e+01
