   0.0000000e+00   2.3688030e+01
   1.0000000e+01   2.3665394e+01
   2.0000000e+01   2.3687484e+01
   3.0000000e+01   2.3665390e+01
   4.0000000e+01   2.3670786e+01
   5.0000000e+01   2.3694825e+01
   6.0000000e+01   2.3748435e+01
   7.0000000e+01   2.3866965e+01
   8.0000000e+01   2.4025129e+01
   9.0000000e+01   2.4249187e+01
   1.0000000e+02   2.4541681e+01
   1.1000000e+02   2.4801360e+01
   1.2000000e+02   2.5038015e+01
   1.3000000e+02   2.5235687e+01
   1.4000000e+02   2.5343361e+01
   1.5000000e+02   2.5418323e+01
   1.6000000e+02   2.5475458e+01
   1.7000000e+02   2.5506533e+01
   1.8000000e+02   2.5547029e+01
   1.9000000e+02   2.5552654e+01
   2.0000000e+02   2.5559491e+01
   2.1000000e+02   2.5567072e+01
   2.2000000e+02   2.5557850e+01
   2.3000000e+02   2.5554490e+01
   2.4000000e+02   2.5561544e+01
   2.5000000e+02   2.5568690e+01
   2.6000000e+02   2.5556161e+01
   2.7000000e+02   2.5540019e+01
   2.8000000e+02   2.5551462e+01
   2.9000000e+02   2.5564873e+01
   3.0000000e+02   2.5538401e+01
   3.1000000e+02   2.5536929e+01
   3.2000000e+02   2.5550327e+01
   3.3000000e+02   2.5531094e+01
   3.4000000e+02   2.5531037e+01
   3.5000000e+02   2.5521527e+01
   3.6000000e+02   2.5523313e+01
   3.7000000e+02   2.5494118e+01
   3.8000000e+02   2.5490057e+01
   3.9000000e+02   2.5512074e+01
   4.0000000e+02   2.5517638e+01
   4.1000000e+02   2.5517358e+01
   4.2000000e+02   2.5494388e+01
   4.3000000e+02   2.5507795e+01
   4.4000000e+02   2.5488495e+01
   4.5000000e+02   2.5461605e+01
   4.6000000e+02   2.5467510e+01
   4.7000000e+02   2.5468716e+01
   4.8000000e+02   2.5513079e+01
   4.9000000e+02   2.5510423e+01
   5.0000000e+02   2.5479450e+01
   5.1000000e+02   2.5495610e+01
   5.2000000e+02   2.5514218e+01
   5.3000000e+02   2.5481453e+01
   5.4000000e+02   2.5458845e+01
   5.5000000e+02   2.5447384e+01
   5.6000000e+02   2.5470617e+01
   5.7000000e+02   2.5438587e+01
   5.8000000e+02   2.5449955e+01
   5.9000000e+02   2.5431515e+01
   6.0000000e+02   2.5449623e+01
   6.1000000e+02   2.5441513e+01
   6.2000000e+02   2.5436857e+01
   6.3000000e+02   2.5427870e+01
   6.4000000e+02   2.5436206e+01
   6.5000000e+02   2.5438072e+01
   6.6000000e+02   2.5454548e+01
