   0.0000000e+00  -1.2777942e-04
   1.0000000e+01   5.1373733e-03
   2.0000000e+01  -1.6456422e-03
   3.0000000e+01  -6.2930813e-03
   4.0000000e+01  -1.2267325e-02
   5.0000000e+01   3.3527144e-01
   6.0000000e+01   9.9604997e-01
   7.0000000e+01   1.7785827e+00
   8.0000000e+01   2.5856590e+00
   9.0000000e+01   3.2405420e+00
   1.0000000e+02   3.9437498e+00
   1.1000000e+02   4.5257074e+00
   1.2000000e+02   5.0193462e+00
   1.3000000e+02   5.4613297e+00
   1.4000000e+02   5.8302009e+00
   1.5000000e+02   6.1436553e+00
   1.6000000e+02   6.4257644e+00
   1.7000000e+02   6.6952542e+00
   1.8000000e+02   6.9184139e+00
   1.9000000e+02   7.1857347e+00
   2.0000000e+02   7.3651888e+00
   2.1000000e+02   7.5481978e+00
   2.2000000e+02   7.5545406e+00
   2.3000000e+02   7.6572111e+00
   2.4000000e+02   7.7489027e+00
   2.5000000e+02   7.7253252e+00
   2.6000000e+02   7.8049320e+00
   2.7000000e+02   7.8963551e+00
   2.8000000e+02   7.9111668e+00
   2.9000000e+02   8.0010855e+00
   3.0000000e+02   8.0018126e+00
   3.1000000e+02   8.0824083e+00
   3.2000000e+02   8.1580851e+00
   3.3000000e+02   8.1711266e+00
   3.4000000e+02   8.1496785e+00
   3.5000000e+02   8.1681444e+00
   3.6000000e+02   8.2304182e+00
   3.7000000e+02   8.2291848e+00
   3.8000000e+02   8.2288993e+00
   3.9000000e+02   8.1744397e+00
   4.0000000e+02   8.2233511e+00
   4.1000000e+02   8.2925948e+00
   4.2000000e+02   8.2702689e+00
   4.3000000e+02   8.2378978e+00
   4.4000000e+02   8.2302560e+00
   4.5000000e+02   8.2601011e+00
   4.6000000e+02   8.2825089e+00
   4.7000000e+02   8.3292662e+00
   4.8000000e+02   8.2781768e+00
   4.9000000e+02   8.3223555e+00
   5.0000000e+02   8.2965774e+00
   5.1000000e+02   8.2793970e+00
   5.2000000e+02   8.3247860e+00
   5.3000000e+02   8.2717132e+00
   5.4000000e+02   8.3131581e+00
   5.5000000e+02   8.3201952e+00
   5.6000000e+02   8.3089012e+00
   5.7000000e+02   8.3275290e+00
   5.8000000e+02   8.2918105e+00
   5.9000000e+02   8.3028731e+00
   6.0000000e+02   8.2731534e+00
   6.1000000e+02   8.3207204e+00
   6.2000000e+02   8.3674181e+00
   6.3000000e+02   8.3366003e+00
   6.4000000e+02   8.3462325e+00
   6.5000000e+02   8.3870697e+00
   6.6000000e+02   8.3595822e+00
   6.7000000e+02   8.3417560e+00
   6.8000000e+02   8.3152640e+00
   6.9000000e+02   8.3101510e+00
   7.0000000e+02   8.3353125e+00
   7.1000000e+02   8.3600528e+00
   7.2000000e+02   8.4096647e+00
   7.3000000e+02   8.4002393e+00
   7.4000000e+02   8.3251480e+00
   7.5000000e+02   8.2537373e+00
   7.6000000e+02   8.2973808e+00
   7.7000000e+02   8.3472644e+00
   7.8000000e+02   8.3657857e+00
   7.9000000e+02   8.2866796e+00
   8.0000000e+02   8.2709820e+00
   8.1000000e+02   8.3229087e+00
   8.2000000e+02   8.3882576e+00
   8.3000000e+02   8.3239347e+00
   8.4000000e+02   8.3104316e+00
   8.5000000e+02   8.3398843e+00
   8.6000000e+02   8.3531350e+00
   8.7000000e+02   8.3256958e+00
