   0.0000000e+00  -2.7182405e-03
   1.0000000e+01   6.9530162e-04
   2.0000000e+01  -3.3101662e-03
   3.0000000e+01   7.7856978e-03
   4.0000000e+01   9.9142579e-03
   5.0000000e+01   2.7601021e-01
   6.0000000e+01   6.8332203e-01
   7.0000000e+01   1.0753114e+00
   8.0000000e+01   1.4168996e+00
   9.0000000e+01   1.7228272e+00
   1.0000000e+02   2.0548266e+00
   1.1000000e+02   2.2915472e+00
   1.2000000e+02   2.5097624e+00
   1.3000000e+02   2.7271826e+00
   1.4000000e+02   2.9215351e+00
   1.5000000e+02   3.0717137e+00
   1.6000000e+02   3.2708623e+00
   1.7000000e+02   3.4190744e+00
   1.8000000e+02   3.6166326e+00
   1.9000000e+02   3.7666700e+00
   2.0000000e+02   3.8691961e+00
   2.1000000e+02   3.9746181e+00
   2.2000000e+02   4.0312760e+00
   2.3000000e+02   4.0690146e+00
   2.4000000e+02   4.1130452e+00
   2.5000000e+02   4.1378273e+00
   2.6000000e+02   4.1501266e+00
   2.7000000e+02   4.1853628e+00
   2.8000000e+02   4.2279068e+00
   2.9000000e+02   4.2556429e+00
   3.0000000e+02   4.2810518e+00
   3.1000000e+02   4.3070482e+00
   3.2000000e+02   4.3440265e+00
   3.3000000e+02   4.3857139e+00
   3.4000000e+02   4.3734119e+00
   3.5000000e+02   4.3882556e+00
   3.6000000e+02   4.3878003e+00
   3.7000000e+02   4.4391427e+00
   3.8000000e+02   4.4404704e+00
   3.9000000e+02   4.4245542e+00
   4.0000000e+02   4.4263691e+00
   4.1000000e+02   4.4675043e+00
   4.2000000e+02   4.4762273e+00
   4.3000000e+02   4.4393553e+00
   4.4000000e+02   4.4824187e+00
   4.5000000e+02   4.4699423e+00
   4.6000000e+02   4.4719091e+00
   4.7000000e+02   4.4904762e+00
   4.8000000e+02   4.5042264e+00
   4.9000000e+02   4.5063689e+00
   5.0000000e+02   4.5040163e+00
   5.1000000e+02   4.4900010e+00
   5.2000000e+02   4.5067331e+00
   5.3000000e+02   4.5021205e+00
   5.4000000e+02   4.5105121e+00
   5.5000000e+02   4.5173445e+00
   5.6000000e+02   4.5073924e+00
   5.7000000e+02   4.5150206e+00
   5.8000000e+02   4.5017685e+00
   5.9000000e+02   4.5142554e+00
   6.0000000e+02   4.5017212e+00
   6.1000000e+02   4.5224836e+00
   6.2000000e+02   4.5384552e+00
   6.3000000e+02   4.5308127e+00
   6.4000000e+02   4.5358687e+00
   6.5000000e+02   4.5381188e+00
   6.6000000e+02   4.5492678e+00
   6.7000000e+02   4.5412910e+00
   6.8000000e+02   4.5278449e+00
   6.9000000e+02   4.5254802e+00
   7.0000000e+02   4.5228329e+00
   7.1000000e+02   4.5361355e+00
   7.2000000e+02   4.5674853e+00
   7.3000000e+02   4.5677092e+00
   7.4000000e+02   4.5534453e+00
   7.5000000e+02   4.5290450e+00
   7.6000000e+02   4.5341082e+00
   7.7000000e+02   4.5295255e+00
   7.8000000e+02   4.5596449e+00
   7.9000000e+02   4.5434291e+00
   8.0000000e+02   4.5253684e+00
   8.1000000e+02   4.5456637e+00
   8.2000000e+02   4.5722850e+00
   8.3000000e+02   4.5626039e+00
   8.4000000e+02   4.5612724e+00
   8.5000000e+02   4.5523253e+00
   8.6000000e+02   4.5663165e+00
   8.7000000e+02   4.5682913e+00
