   0.0000000e+00   7.7525892e-04
   1.0000000e+01   3.0312582e-03
   2.0000000e+01  -4.4474393e-03
   3.0000000e+01  -3.5386952e-03
   4.0000000e+01   2.9891783e-03
   5.0000000e+01  -6.8627417e-03
   6.0000000e+01  -4.5546117e-03
   7.0000000e+01  -2.8528173e-03
   8.0000000e+01  -4.7123625e-03
   9.0000000e+01  -9.7700275e-03
   1.0000000e+02   1.9941832e-02
   1.1000000e+02   5.2118986e-03
   1.2000000e+02  -6.4821706e-03
   1.3000000e+02   4.9181338e-03
   1.4000000e+02   2.2626947e-03
   1.5000000e+02   3.1259477e-05
   1.6000000e+02   2.0769583e-02
   1.7000000e+02   1.1982921e-02
   1.8000000e+02   1.8685912e-02
   1.9000000e+02   1.6871360e-02
   2.0000000e+02   3.0840111e-02
   2.1000000e+02   3.6379568e-02
   2.2000000e+02   4.3230027e-02
   2.3000000e+02   5.4016408e-02
   2.4000000e+02   6.2089532e-02
   2.5000000e+02   8.1405925e-02
   2.6000000e+02   9.0509166e-02
   2.7000000e+02   1.0202878e-01
   2.8000000e+02   1.3894235e-01
   2.9000000e+02   1.6400312e-01
   3.0000000e+02   1.8927473e-01
   3.1000000e+02   2.1490460e-01
   3.2000000e+02   2.4831631e-01
   3.3000000e+02   2.8205682e-01
   3.4000000e+02   3.0697724e-01
   3.5000000e+02   3.3969901e-01
   3.6000000e+02   3.8113728e-01
   3.7000000e+02   4.1160456e-01
   3.8000000e+02   4.7403961e-01
   3.9000000e+02   4.9116220e-01
   4.0000000e+02   5.4598191e-01
   4.1000000e+02   5.9374228e-01
   4.2000000e+02   6.4762150e-01
   4.3000000e+02   6.8212582e-01
   4.4000000e+02   7.3922039e-01
   4.5000000e+02   8.0028162e-01
   4.6000000e+02   8.5431358e-01
   4.7000000e+02   9.0001119e-01
   4.8000000e+02   9.5267346e-01
   4.9000000e+02   1.0216799e+00
   5.0000000e+02   1.0676674e+00
   5.1000000e+02   1.1234662e+00
   5.2000000e+02   1.1936810e+00
   5.3000000e+02   1.2225921e+00
   5.4000000e+02   1.2899865e+00
   5.5000000e+02   1.3562757e+00
   5.6000000e+02   1.4117412e+00
   5.7000000e+02   1.4760463e+00
   5.8000000e+02   1.5191790e+00
   5.9000000e+02   1.5811821e+00
   6.0000000e+02   1.6215623e+00
   6.1000000e+02   1.6772915e+00
   6.2000000e+02   1.7430112e+00
   6.3000000e+02   1.8123315e+00
   6.4000000e+02   1.8627087e+00
   6.5000000e+02   1.9153562e+00
   6.6000000e+02   1.9649022e+00
   6.7000000e+02   2.0297135e+00
   6.8000000e+02   2.0786392e+00
   6.9000000e+02   2.1365890e+00
   7.0000000e+02   2.1852400e+00
   7.1000000e+02   2.2348523e+00
   7.2000000e+02   2.2923808e+00
   7.3000000e+02   2.3450574e+00
   7.4000000e+02   2.3963842e+00
   7.5000000e+02   2.4544186e+00
   7.6000000e+02   2.4943778e+00
   7.7000000e+02   2.5454635e+00
   7.8000000e+02   2.5943508e+00
   7.9000000e+02   2.6423250e+00
   8.0000000e+02   2.7055423e+00
   8.1000000e+02   2.7369593e+00
   8.2000000e+02   2.7968857e+00
   8.3000000e+02   2.8276073e+00
   8.4000000e+02   2.8701556e+00
   8.5000000e+02   2.9221644e+00
   8.6000000e+02   2.9678152e+00
   8.7000000e+02   3.0032775e+00
