   0.0000000e+00   2.5481401e+01
   1.0000000e+01   2.5483634e+01
   2.0000000e+01   2.5486074e+01
   3.0000000e+01   2.5488505e+01
   4.0000000e+01   2.5502303e+01
   5.0000000e+01   2.5500791e+01
   6.0000000e+01   2.5500517e+01
   7.0000000e+01   2.5512368e+01
   8.0000000e+01   2.5530333e+01
   9.0000000e+01   2.5545079e+01
   1.0000000e+02   2.5572394e+01
   1.1000000e+02   2.5618992e+01
   1.2000000e+02   2.5673682e+01
   1.3000000e+02   2.5752900e+01
   1.4000000e+02   2.5826944e+01
   1.5000000e+02   2.5935148e+01
   1.6000000e+02   2.6037767e+01
   1.7000000e+02   2.6170753e+01
   1.8000000e+02   2.6278613e+01
   1.9000000e+02   2.6450481e+01
   2.0000000e+02   2.6595380e+01
   2.1000000e+02   2.6739210e+01
   2.2000000e+02   2.6900793e+01
   2.3000000e+02   2.7054047e+01
   2.4000000e+02   2.7203034e+01
   2.5000000e+02   2.7356855e+01
   2.6000000e+02   2.7515420e+01
   2.7000000e+02   2.7663724e+01
   2.8000000e+02   2.7838723e+01
   2.9000000e+02   2.7988882e+01
   3.0000000e+02   2.8147106e+01
   3.1000000e+02   2.8269858e+01
   3.2000000e+02   2.8432399e+01
   3.3000000e+02   2.8574804e+01
   3.4000000e+02   2.8716002e+01
   3.5000000e+02   2.8840266e+01
   3.6000000e+02   2.8976722e+01
   3.7000000e+02   2.9122696e+01
   3.8000000e+02   2.9255047e+01
   3.9000000e+02   2.9379398e+01
   4.0000000e+02   2.9498284e+01
   4.1000000e+02   2.9617308e+01
   4.2000000e+02   2.9723714e+01
   4.3000000e+02   2.9842642e+01
   4.4000000e+02   2.9952818e+01
   4.5000000e+02   3.0045417e+01
   4.6000000e+02   3.0181581e+01
   4.7000000e+02   3.0276681e+01
   4.8000000e+02   3.0386882e+01
   4.9000000e+02   3.0470111e+01
   5.0000000e+02   3.0560948e+01
   5.1000000e+02   3.0654571e+01
   5.2000000e+02   3.0734002e+01
   5.3000000e+02   3.0833776e+01
   5.4000000e+02   3.0900939e+01
   5.5000000e+02   3.1013260e+01
   5.6000000e+02   3.1081267e+01
   5.7000000e+02   3.1166116e+01
   5.8000000e+02   3.1245067e+01
   5.9000000e+02   3.1318456e+01
   6.0000000e+02   3.1378000e+01
   6.1000000e+02   3.1454264e+01
   6.2000000e+02   3.1519910e+01
   6.3000000e+02   3.1593884e+01
   6.4000000e+02   3.1658306e+01
   6.5000000e+02   3.1718060e+01
   6.6000000e+02   3.1791633e+01
   6.7000000e+02   3.1843019e+01
   6.8000000e+02   3.1900797e+01
   6.9000000e+02   3.1962341e+01
   7.0000000e+02   3.2003544e+01
   7.1000000e+02   3.2068845e+01
   7.2000000e+02   3.2120689e+01
   7.3000000e+02   3.2170078e+01
   7.4000000e+02   3.2216582e+01
   7.5000000e+02   3.2260230e+01
   7.6000000e+02   3.2317434e+01
   7.7000000e+02   3.2357964e+01
   7.8000000e+02   3.2406024e+01
   7.9000000e+02   3.2440990e+01
   8.0000000e+02   3.2482056e+01
