   0.0000000e+00  -6.7978286e-03
   1.0000000e+01  -9.3903415e-03
   2.0000000e+01  -1.1969643e-02
   3.0000000e+01  -1.4904620e-02
   4.0000000e+01  -8.9046244e-04
   5.0000000e+01  -7.0083376e-03
   6.0000000e+01  -1.0618721e-03
   7.0000000e+01   1.8783515e-03
   8.0000000e+01   5.4079868e-03
   9.0000000e+01   1.9959319e-02
   1.0000000e+02   2.7407138e-02
   1.1000000e+02   4.1618992e-02
   1.2000000e+02   7.3955009e-02
   1.3000000e+02   1.0378573e-01
   1.4000000e+02   1.4506308e-01
   1.5000000e+02   1.7131933e-01
   1.6000000e+02   1.9497946e-01
   1.7000000e+02   2.3977012e-01
   1.8000000e+02   2.7694632e-01
   1.9000000e+02   3.1359371e-01
   2.0000000e+02   3.3191129e-01
   2.1000000e+02   3.6815983e-01
   2.2000000e+02   4.0010265e-01
   2.3000000e+02   4.2774380e-01
   2.4000000e+02   4.5205674e-01
   2.5000000e+02   4.8323293e-01
   2.6000000e+02   5.0644489e-01
   2.7000000e+02   5.5166702e-01
   2.8000000e+02   5.8033351e-01
   2.9000000e+02   6.0790516e-01
   3.0000000e+02   6.3942202e-01
   3.1000000e+02   6.6390019e-01
   3.2000000e+02   6.9746566e-01
   3.3000000e+02   7.2603723e-01
   3.4000000e+02   7.6396938e-01
   3.5000000e+02   8.0493222e-01
   3.6000000e+02   8.2243528e-01
   3.7000000e+02   8.5740487e-01
   3.8000000e+02   8.7916325e-01
   3.9000000e+02   9.1177205e-01
   4.0000000e+02   9.0481614e-01
   4.1000000e+02   9.2871843e-01
   4.2000000e+02   9.3323744e-01
   4.3000000e+02   9.5485469e-01
   4.4000000e+02   9.6438234e-01
   4.5000000e+02   9.8008690e-01
   4.6000000e+02   1.0010570e+00
   4.7000000e+02   1.0304317e+00
   4.8000000e+02   1.0602285e+00
   4.9000000e+02   1.0657926e+00
   5.0000000e+02   1.0984484e+00
   5.1000000e+02   1.1047107e+00
   5.2000000e+02   1.1426657e+00
   5.3000000e+02   1.1401139e+00
   5.4000000e+02   1.1495619e+00
   5.5000000e+02   1.1753242e+00
   5.6000000e+02   1.1869424e+00
   5.7000000e+02   1.1997155e+00
   5.8000000e+02   1.2111807e+00
   5.9000000e+02   1.2433704e+00
   6.0000000e+02   1.2509306e+00
   6.1000000e+02   1.2650498e+00
   6.2000000e+02   1.2834663e+00
   6.3000000e+02   1.2967931e+00
   6.4000000e+02   1.3069029e+00
   6.5000000e+02   1.3256371e+00
   6.6000000e+02   1.3212381e+00
   6.7000000e+02   1.3275777e+00
   6.8000000e+02   1.3416217e+00
   6.9000000e+02   1.3590297e+00
