   0.0000000e+00  -8.8259450e-03
   1.0000000e+01   4.5422083e-03
   2.0000000e+01   1.9261225e-03
   3.0000000e+01   1.2789545e-02
   4.0000000e+01   4.5939244e-02
   5.0000000e+01   8.0696286e-01
   6.0000000e+01   2.0465285e+00
   7.0000000e+01   3.5631621e+00
   8.0000000e+01   5.1052623e+00
   9.0000000e+01   6.6219558e+00
   1.0000000e+02   8.1473287e+00
   1.1000000e+02   9.3430276e+00
   1.2000000e+02   1.0402808e+01
   1.3000000e+02   1.1396639e+01
   1.4000000e+02   1.2273562e+01
   1.5000000e+02   1.3041996e+01
   1.6000000e+02   1.3758268e+01
   1.7000000e+02   1.4415694e+01
   1.8000000e+02   1.5013338e+01
   1.9000000e+02   1.5581036e+01
   2.0000000e+02   1.6048805e+01
   2.1000000e+02   1.6430552e+01
   2.2000000e+02   1.6556087e+01
   2.3000000e+02   1.6757517e+01
   2.4000000e+02   1.6888321e+01
   2.5000000e+02   1.6844430e+01
   2.6000000e+02   1.6997889e+01
   2.7000000e+02   1.7063922e+01
   2.8000000e+02   1.7131248e+01
   2.9000000e+02   1.7229968e+01
   3.0000000e+02   1.7225221e+01
   3.1000000e+02   1.7363453e+01
   3.2000000e+02   1.7453060e+01
   3.3000000e+02   1.7435235e+01
   3.4000000e+02   1.7426956e+01
   3.5000000e+02   1.7360289e+01
   3.6000000e+02   1.7467822e+01
   3.7000000e+02   1.7383448e+01
   3.8000000e+02   1.7314134e+01
   3.9000000e+02   1.7160788e+01
   4.0000000e+02   1.7191519e+01
   4.1000000e+02   1.7229429e+01
   4.2000000e+02   1.7149867e+01
   4.3000000e+02   1.7053727e+01
   4.4000000e+02   1.6988719e+01
   4.5000000e+02   1.6991886e+01
   4.6000000e+02   1.6985853e+01
   4.7000000e+02   1.6990528e+01
   4.8000000e+02   1.6876944e+01
   4.9000000e+02   1.6880201e+01
   5.0000000e+02   1.6760261e+01
   5.1000000e+02   1.6687823e+01
   5.2000000e+02   1.6687038e+01
   5.3000000e+02   1.6556179e+01
   5.4000000e+02   1.6586363e+01
   5.5000000e+02   1.6533157e+01
   5.6000000e+02   1.6489345e+01
   5.7000000e+02   1.6460179e+01
   5.8000000e+02   1.6360199e+01
   5.9000000e+02   1.6336062e+01
   6.0000000e+02   1.6242711e+01
   6.1000000e+02   1.6284681e+01
   6.2000000e+02   1.6293635e+01
   6.3000000e+02   1.6236134e+01
   6.4000000e+02   1.6212399e+01
   6.5000000e+02   1.6227624e+01
   6.6000000e+02   1.6166811e+01
   6.7000000e+02   1.6096884e+01
   6.8000000e+02   1.5993714e+01
   6.9000000e+02   1.5939593e+01
   7.0000000e+02   1.5919181e+01
   7.1000000e+02   1.5949450e+01
   7.2000000e+02   1.5992781e+01
   7.3000000e+02   1.5970191e+01
   7.4000000e+02   1.5839280e+01
   7.5000000e+02   1.5668433e+01
   7.6000000e+02   1.5636478e+01
   7.7000000e+02   1.5680545e+01
   7.8000000e+02   1.5705785e+01
   7.9000000e+02   1.5562870e+01
   8.0000000e+02   1.5471971e+01
   8.1000000e+02   1.5507803e+01
   8.2000000e+02   1.5564728e+01
   8.3000000e+02   1.5528904e+01
   8.4000000e+02   1.5449995e+01
   8.5000000e+02   1.5438857e+01
   8.6000000e+02   1.5448369e+01
   8.7000000e+02   1.5409699e+01
