   0.0000000e+00   1.0706495e-03
   1.0000000e+01  -3.8242475e-03
   2.0000000e+01   8.3713537e-03
   3.0000000e+01   1.3466803e-01
   4.0000000e+01   6.0496598e-01
   5.0000000e+01   8.9197791e-01
   6.0000000e+01   1.3232513e+00
   7.0000000e+01   1.7409889e+00
   8.0000000e+01   2.1236820e+00
   9.0000000e+01   2.4877410e+00
   1.0000000e+02   2.9078995e+00
   1.1000000e+02   3.1528588e+00
   1.2000000e+02   3.3849662e+00
   1.3000000e+02   3.6241917e+00
   1.4000000e+02   3.8602609e+00
   1.5000000e+02   4.0588133e+00
   1.6000000e+02   4.2552078e+00
   1.7000000e+02   4.4541847e+00
   1.8000000e+02   4.6604935e+00
   1.9000000e+02   4.8915074e+00
   2.0000000e+02   5.0578664e+00
   2.1000000e+02   5.2491306e+00
   2.2000000e+02   5.4066952e+00
   2.3000000e+02   5.5569805e+00
   2.4000000e+02   5.6959060e+00
   2.5000000e+02   5.8191357e+00
   2.6000000e+02   5.9555579e+00
   2.7000000e+02   6.0839831e+00
   2.8000000e+02   6.3184731e+00
   2.9000000e+02   6.6075583e+00
   3.0000000e+02   6.8436147e+00
   3.1000000e+02   7.0788271e+00
   3.2000000e+02   7.3035181e+00
   3.3000000e+02   7.5266479e+00
   3.4000000e+02   7.6020668e+00
   3.5000000e+02   7.6429109e+00
   3.6000000e+02   7.7454945e+00
   3.7000000e+02   7.7987206e+00
   3.8000000e+02   7.8516763e+00
   3.9000000e+02   7.9110339e+00
   4.0000000e+02   7.9435370e+00
   4.1000000e+02   7.9967791e+00
   4.2000000e+02   8.1233334e+00
   4.3000000e+02   8.2636119e+00
   4.4000000e+02   8.3596081e+00
   4.5000000e+02   8.4601138e+00
   4.6000000e+02   8.4989792e+00
   4.7000000e+02   8.5827994e+00
   4.8000000e+02   8.6949578e+00
   4.9000000e+02   8.6936035e+00
   5.0000000e+02   8.8474909e+00
   5.1000000e+02   8.7786251e+00
   5.2000000e+02   8.9604061e+00
   5.3000000e+02   9.0203498e+00
   5.4000000e+02   9.0065967e+00
   5.5000000e+02   9.1774086e+00
   5.6000000e+02   9.2019562e+00
   5.7000000e+02   9.2111747e+00
   5.8000000e+02   9.2749199e+00
   5.9000000e+02   9.3310476e+00
   6.0000000e+02   9.3339594e+00
   6.1000000e+02   9.3717324e+00
   6.2000000e+02   9.4746034e+00
   6.3000000e+02   9.3537578e+00
   6.4000000e+02   9.4557247e+00
   6.5000000e+02   9.5035534e+00
   6.6000000e+02   9.4710640e+00
   6.7000000e+02   9.5260599e+00
   6.8000000e+02   9.5969150e+00
   6.9000000e+02   9.6900771e+00
