   0.0000000e+00   3.4315506e+01
   1.0000000e+01   3.4355674e+01
   2.0000000e+01   3.4088961e+01
   3.0000000e+01   3.5609247e+01
   4.0000000e+01   4.1282776e+01
   5.0000000e+01   4.7117603e+01
   6.0000000e+01   5.1508283e+01
   7.0000000e+01   5.6497730e+01
   8.0000000e+01   6.1503310e+01
   9.0000000e+01   6.5186574e+01
   1.0000000e+02   6.8057357e+01
   1.1000000e+02   6.9952639e+01
   1.2000000e+02   7.1377708e+01
   1.3000000e+02   7.2455819e+01
   1.4000000e+02   7.3286495e+01
   1.5000000e+02   7.3932595e+01
   1.6000000e+02   7.4425144e+01
   1.7000000e+02   7.4829719e+01
   1.8000000e+02   7.4275300e+01
   1.9000000e+02   7.3254319e+01
   2.0000000e+02   7.3072646e+01
   2.1000000e+02   7.3343967e+01
   2.2000000e+02   7.2125489e+01
   2.3000000e+02   7.2410055e+01
   2.4000000e+02   7.1586813e+01
   2.5000000e+02   7.1949638e+01
   2.6000000e+02   7.1269997e+01
   2.7000000e+02   7.1228041e+01
   2.8000000e+02   7.2053518e+01
   2.9000000e+02   7.1050669e+01
   3.0000000e+02   7.1100117e+01
   3.1000000e+02   7.1361465e+01
   3.2000000e+02   7.0290077e+01
   3.3000000e+02   7.0866047e+01
   3.4000000e+02   7.0036187e+01
   3.5000000e+02   7.0865803e+01
   3.6000000e+02   6.9995770e+01
   3.7000000e+02   7.0640214e+01
   3.8000000e+02   6.8787943e+01
   3.9000000e+02   7.0358066e+01
   4.0000000e+02   6.8922913e+01
   4.1000000e+02   6.9674446e+01
   4.2000000e+02   6.9495002e+01
   4.3000000e+02   6.9208231e+01
   4.4000000e+02   6.9425788e+01
   4.5000000e+02   6.9599349e+01
   4.6000000e+02   6.8385810e+01
   4.7000000e+02   7.0074220e+01
   4.8000000e+02   6.8811299e+01
   4.9000000e+02   6.8002317e+01
   5.0000000e+02   6.9879651e+01
   5.1000000e+02   6.8528004e+01
   5.2000000e+02   6.7214585e+01
   5.3000000e+02   6.8977131e+01
   5.4000000e+02   6.7042309e+01
   5.5000000e+02   6.8953960e+01
   5.6000000e+02   6.8107125e+01
   5.7000000e+02   6.7419923e+01
   5.8000000e+02   6.8941605e+01
   5.9000000e+02   6.6654987e+01
   6.0000000e+02   6.7828819e+01
   6.1000000e+02   6.7217641e+01
   6.2000000e+02   6.7262060e+01
   6.3000000e+02   6.8052212e+01
   6.4000000e+02   6.5849836e+01
   6.5000000e+02   6.6650316e+01
   6.6000000e+02   6.7814366e+01
   6.7000000e+02   6.7105227e+01
   6.8000000e+02   6.5867544e+01
   6.9000000e+02   6.5825333e+01
   7.0000000e+02   6.6228051e+01
   7.1000000e+02   6.6562905e+01
   7.2000000e+02   6.6506077e+01
   7.3000000e+02   6.6563095e+01
   7.4000000e+02   6.5799043e+01
   7.5000000e+02   6.5787513e+01
   7.6000000e+02   6.6196708e+01
   7.7000000e+02   6.6423370e+01
   7.8000000e+02   6.5544327e+01
   7.9000000e+02   6.5840185e+01
   8.0000000e+02   6.6284896e+01
