   0.0000000e+00   2.5450737e+01
   1.0000000e+01   2.5419770e+01
   2.0000000e+01   2.5392467e+01
   3.0000000e+01   2.5391439e+01
   4.0000000e+01   2.5492850e+01
   5.0000000e+01   2.5702040e+01
   6.0000000e+01   2.6014283e+01
   7.0000000e+01   2.6307683e+01
   8.0000000e+01   2.6722258e+01
   9.0000000e+01   2.7144278e+01
   1.0000000e+02   2.7647014e+01
   1.1000000e+02   2.8099066e+01
   1.2000000e+02   2.8536699e+01
   1.3000000e+02   2.8931735e+01
   1.4000000e+02   2.9281270e+01
   1.5000000e+02   2.9580681e+01
   1.6000000e+02   2.9856774e+01
   1.7000000e+02   3.0077207e+01
   1.8000000e+02   3.0231264e+01
   1.9000000e+02   3.0380921e+01
   2.0000000e+02   3.0498206e+01
   2.1000000e+02   3.0608698e+01
   2.2000000e+02   3.0676778e+01
   2.3000000e+02   3.0769614e+01
   2.4000000e+02   3.0807055e+01
   2.5000000e+02   3.0824790e+01
   2.6000000e+02   3.0880995e+01
   2.7000000e+02   3.0940065e+01
   2.8000000e+02   3.1026684e+01
   2.9000000e+02   3.1011958e+01
   3.0000000e+02   3.1066530e+01
   3.1000000e+02   3.1143768e+01
   3.2000000e+02   3.1121272e+01
   3.3000000e+02   3.1172510e+01
   3.4000000e+02   3.1181741e+01
   3.5000000e+02   3.1210326e+01
   3.6000000e+02   3.1230454e+01
   3.7000000e+02   3.1268810e+01
   3.8000000e+02   3.1258048e+01
   3.9000000e+02   3.1283113e+01
   4.0000000e+02   3.1308468e+01
   4.1000000e+02   3.1292472e+01
   4.2000000e+02   3.1334513e+01
   4.3000000e+02   3.1319822e+01
   4.4000000e+02   3.1361752e+01
   4.5000000e+02   3.1374901e+01
   4.6000000e+02   3.1381591e+01
   4.7000000e+02   3.1423624e+01
   4.8000000e+02   3.1487857e+01
   4.9000000e+02   3.1433221e+01
   5.0000000e+02   3.1493028e+01
   5.1000000e+02   3.1549432e+01
   5.2000000e+02   3.1472456e+01
   5.3000000e+02   3.1514622e+01
   5.4000000e+02   3.1493714e+01
   5.5000000e+02   3.1548205e+01
   5.6000000e+02   3.1577438e+01
   5.7000000e+02   3.1549469e+01
   5.8000000e+02   3.1605928e+01
   5.9000000e+02   3.1579581e+01
   6.0000000e+02   3.1564613e+01
   6.1000000e+02   3.1579889e+01
   6.2000000e+02   3.1579282e+01
   6.3000000e+02   3.1643396e+01
   6.4000000e+02   3.1605586e+01
   6.5000000e+02   3.1582136e+01
   6.6000000e+02   3.1644715e+01
   6.7000000e+02   3.1684420e+01
   6.8000000e+02   3.1631270e+01
   6.9000000e+02   3.1595642e+01
   7.0000000e+02   3.1582763e+01
   7.1000000e+02   3.1618061e+01
   7.2000000e+02   3.1645632e+01
   7.3000000e+02   3.1694584e+01
   7.4000000e+02   3.1671202e+01
   7.5000000e+02   3.1638087e+01
   7.6000000e+02   3.1650171e+01
   7.7000000e+02   3.1677203e+01
   7.8000000e+02   3.1688621e+01
   7.9000000e+02   3.1698170e+01
   8.0000000e+02   3.1716574e+01
