   0.0000000e+00   2.4213987e+01
   1.0000000e+01   2.4222017e+01
   2.0000000e+01   2.4216441e+01
   3.0000000e+01   2.4230593e+01
   4.0000000e+01   2.4248735e+01
   5.0000000e+01   2.4271480e+01
   6.0000000e+01   2.4306265e+01
   7.0000000e+01   2.4369668e+01
   8.0000000e+01   2.4435731e+01
   9.0000000e+01   2.4543480e+01
   1.0000000e+02   2.4669048e+01
   1.1000000e+02   2.4810579e+01
   1.2000000e+02   2.4970861e+01
   1.3000000e+02   2.5148456e+01
   1.4000000e+02   2.5351965e+01
   1.5000000e+02   2.5552216e+01
   1.6000000e+02   2.5746617e+01
   1.7000000e+02   2.5968266e+01
   1.8000000e+02   2.6195185e+01
   1.9000000e+02   2.6420840e+01
   2.0000000e+02   2.6626576e+01
   2.1000000e+02   2.6833324e+01
   2.2000000e+02   2.7026075e+01
   2.3000000e+02   2.7216812e+01
   2.4000000e+02   2.7397757e+01
   2.5000000e+02   2.7579291e+01
   2.6000000e+02   2.7754019e+01
   2.7000000e+02   2.7931990e+01
   2.8000000e+02   2.8101739e+01
   2.9000000e+02   2.8258415e+01
   3.0000000e+02   2.8418763e+01
   3.1000000e+02   2.8594845e+01
   3.2000000e+02   2.8769133e+01
   3.3000000e+02   2.8951756e+01
   3.4000000e+02   2.9133316e+01
   3.5000000e+02   2.9304993e+01
   3.6000000e+02   2.9466878e+01
   3.7000000e+02   2.9640356e+01
   3.8000000e+02   2.9805500e+01
   3.9000000e+02   2.9952012e+01
   4.0000000e+02   3.0071366e+01
   4.1000000e+02   3.0207357e+01
   4.2000000e+02   3.0305030e+01
   4.3000000e+02   3.0430462e+01
   4.4000000e+02   3.0517944e+01
   4.5000000e+02   3.0642756e+01
   4.6000000e+02   3.0744106e+01
   4.7000000e+02   3.0836128e+01
   4.8000000e+02   3.0933379e+01
   4.9000000e+02   3.1017803e+01
   5.0000000e+02   3.1119481e+01
   5.1000000e+02   3.1205501e+01
   5.2000000e+02   3.1315174e+01
   5.3000000e+02   3.1401601e+01
   5.4000000e+02   3.1490530e+01
   5.5000000e+02   3.1588992e+01
   5.6000000e+02   3.1676621e+01
   5.7000000e+02   3.1752325e+01
   5.8000000e+02   3.1825809e+01
   5.9000000e+02   3.1907014e+01
   6.0000000e+02   3.1986009e+01
   6.1000000e+02   3.2035302e+01
   6.2000000e+02   3.2101686e+01
   6.3000000e+02   3.2156145e+01
   6.4000000e+02   3.2223217e+01
   6.5000000e+02   3.2282117e+01
   6.6000000e+02   3.2339374e+01
   6.7000000e+02   3.2398803e+01
   6.8000000e+02   3.2454416e+01
   6.9000000e+02   3.2516797e+01
