   0.0000000e+00  -7.4332622e-03
   1.0000000e+01  -2.1672967e-03
   2.0000000e+01  -5.7098456e-03
   3.0000000e+01  -1.0965343e-03
   4.0000000e+01   4.9682075e-03
   5.0000000e+01  -8.5882060e-03
   6.0000000e+01   3.4444017e-03
   7.0000000e+01  -1.7912773e-04
   8.0000000e+01   1.5094857e-02
   9.0000000e+01   9.3427167e-03
   1.0000000e+02   6.1280293e-02
   1.1000000e+02   8.0816340e-02
   1.2000000e+02   1.1959372e-01
   1.3000000e+02   2.0322136e-01
   1.4000000e+02   2.9154054e-01
   1.5000000e+02   4.0180241e-01
   1.6000000e+02   5.3431893e-01
   1.7000000e+02   6.6670022e-01
   1.8000000e+02   8.2472559e-01
   1.9000000e+02   1.0221053e+00
   2.0000000e+02   1.2107008e+00
   2.1000000e+02   1.3987087e+00
   2.2000000e+02   1.5750465e+00
   2.3000000e+02   1.7765554e+00
   2.4000000e+02   1.9884943e+00
   2.5000000e+02   2.1873510e+00
   2.6000000e+02   2.3836049e+00
   2.7000000e+02   2.5870865e+00
   2.8000000e+02   2.7994665e+00
   2.9000000e+02   2.9863593e+00
   3.0000000e+02   3.1729696e+00
   3.1000000e+02   3.3460551e+00
   3.2000000e+02   3.5296428e+00
   3.3000000e+02   3.7008359e+00
   3.4000000e+02   3.8502894e+00
   3.5000000e+02   4.0162658e+00
   3.6000000e+02   4.1719893e+00
   3.7000000e+02   4.3128385e+00
   3.8000000e+02   4.4696107e+00
   3.9000000e+02   4.6001257e+00
   4.0000000e+02   4.7393602e+00
   4.1000000e+02   4.8618650e+00
   4.2000000e+02   4.9823852e+00
   4.3000000e+02   5.0861317e+00
   4.4000000e+02   5.2052242e+00
   4.5000000e+02   5.3082091e+00
   4.6000000e+02   5.4212376e+00
   4.7000000e+02   5.5029183e+00
   4.8000000e+02   5.6000538e+00
   4.9000000e+02   5.6959509e+00
   5.0000000e+02   5.7802093e+00
   5.1000000e+02   5.8638678e+00
   5.2000000e+02   5.9363129e+00
   5.3000000e+02   6.0074721e+00
   5.4000000e+02   6.0706580e+00
   5.5000000e+02   6.1417237e+00
   5.6000000e+02   6.2098404e+00
   5.7000000e+02   6.2738636e+00
   5.8000000e+02   6.3340731e+00
   5.9000000e+02   6.3925802e+00
   6.0000000e+02   6.4254165e+00
   6.1000000e+02   6.4903378e+00
   6.2000000e+02   6.5343619e+00
   6.3000000e+02   6.5847348e+00
   6.4000000e+02   6.6316693e+00
   6.5000000e+02   6.6705080e+00
   6.6000000e+02   6.7120130e+00
   6.7000000e+02   6.7625041e+00
   6.8000000e+02   6.7971800e+00
   6.9000000e+02   6.8399214e+00
   7.0000000e+02   6.8729453e+00
   7.1000000e+02   6.8965734e+00
   7.2000000e+02   6.9398198e+00
   7.3000000e+02   6.9651218e+00
   7.4000000e+02   6.9980544e+00
   7.5000000e+02   7.0346768e+00
   7.6000000e+02   7.0581330e+00
   7.7000000e+02   7.0830080e+00
   7.8000000e+02   7.1194979e+00
   7.9000000e+02   7.1350662e+00
   8.0000000e+02   7.1566152e+00
   8.1000000e+02   7.1803119e+00
   8.2000000e+02   7.2137695e+00
   8.3000000e+02   7.2123927e+00
   8.4000000e+02   7.2377469e+00
   8.5000000e+02   7.2589538e+00
   8.6000000e+02   7.2821106e+00
   8.7000000e+02   7.2900606e+00
