   0.0000000e+00   2.5439874e+01
   1.0000000e+01   2.5329381e+01
   2.0000000e+01   2.5379381e+01
   3.0000000e+01   2.5617147e+01
   4.0000000e+01   2.6710786e+01
   5.0000000e+01   2.7912333e+01
   6.0000000e+01   2.8559137e+01
   7.0000000e+01   2.8909821e+01
   8.0000000e+01   2.9275677e+01
   9.0000000e+01   2.9239821e+01
   1.0000000e+02   2.9297761e+01
   1.1000000e+02   2.9305218e+01
   1.2000000e+02   2.9688521e+01
   1.3000000e+02   2.9516278e+01
   1.4000000e+02   2.9639037e+01
   1.5000000e+02   2.9753755e+01
   1.6000000e+02   2.9825931e+01
   1.7000000e+02   2.9809795e+01
   1.8000000e+02   2.9657503e+01
   1.9000000e+02   2.9746951e+01
   2.0000000e+02   2.9667550e+01
   2.1000000e+02   2.9790816e+01
   2.2000000e+02   2.9812211e+01
   2.3000000e+02   2.9759300e+01
   2.4000000e+02   2.9796080e+01
   2.5000000e+02   2.9961362e+01
   2.6000000e+02   2.9923806e+01
   2.7000000e+02   2.9806628e+01
   2.8000000e+02   2.9859673e+01
   2.9000000e+02   3.0455394e+01
   3.0000000e+02   3.0890242e+01
   3.1000000e+02   3.1139528e+01
   3.2000000e+02   3.1350312e+01
   3.3000000e+02   3.1287631e+01
   3.4000000e+02   3.1295230e+01
   3.5000000e+02   3.0636557e+01
   3.6000000e+02   3.0316846e+01
   3.7000000e+02   3.0225805e+01
   3.8000000e+02   3.0332566e+01
   3.9000000e+02   3.0200852e+01
   4.0000000e+02   3.0354832e+01
   4.1000000e+02   3.0295033e+01
   4.2000000e+02   3.0462919e+01
   4.3000000e+02   3.0768661e+01
   4.4000000e+02   3.0759997e+01
   4.5000000e+02   3.0983869e+01
   4.6000000e+02   3.1035190e+01
   4.7000000e+02   3.1014580e+01
   4.8000000e+02   3.0999665e+01
   4.9000000e+02   3.0941885e+01
   5.0000000e+02   3.1092879e+01
   5.1000000e+02   3.0919740e+01
   5.2000000e+02   3.0980590e+01
   5.3000000e+02   3.1056265e+01
   5.4000000e+02   3.0925967e+01
   5.5000000e+02   3.0993290e+01
   5.6000000e+02   3.1147245e+01
   5.7000000e+02   3.0996865e+01
   5.8000000e+02   3.1037834e+01
   5.9000000e+02   3.1240868e+01
   6.0000000e+02   3.1208244e+01
   6.1000000e+02   3.1074805e+01
   6.2000000e+02   3.1398292e+01
   6.3000000e+02   3.1280829e+01
   6.4000000e+02   3.1273668e+01
   6.5000000e+02   3.1465367e+01
   6.6000000e+02   3.1114080e+01
   6.7000000e+02   3.1369626e+01
   6.8000000e+02   3.1282453e+01
   6.9000000e+02   3.1485673e+01
