   0.0000000e+00   2.3585492e+01
   1.0000000e+01   2.3579252e+01
   2.0000000e+01   2.3586794e+01
   3.0000000e+01   2.3586176e+01
   4.0000000e+01   2.4672582e+01
   5.0000000e+01   2.7313917e+01
   6.0000000e+01   2.9327526e+01
   7.0000000e+01   3.0669460e+01
   8.0000000e+01   3.1882451e+01
   9.0000000e+01   3.2934855e+01
   1.0000000e+02   3.4037395e+01
   1.1000000e+02   3.4959917e+01
   1.2000000e+02   3.5365193e+01
   1.3000000e+02   3.4571862e+01
   1.4000000e+02   3.4239891e+01
   1.5000000e+02   3.3967781e+01
   1.6000000e+02   3.3718638e+01
   1.7000000e+02   3.3551575e+01
   1.8000000e+02   3.2769842e+01
   1.9000000e+02   3.2850988e+01
   2.0000000e+02   3.2642539e+01
   2.1000000e+02   3.2694953e+01
   2.2000000e+02   3.2413488e+01
   2.3000000e+02   3.2040856e+01
   2.4000000e+02   3.2201371e+01
   2.5000000e+02   3.1932150e+01
   2.6000000e+02   3.1762254e+01
   2.7000000e+02   3.1565586e+01
   2.8000000e+02   3.1863921e+01
   2.9000000e+02   3.1754871e+01
   3.0000000e+02   3.1822750e+01
   3.1000000e+02   3.1755052e+01
   3.2000000e+02   3.1760808e+01
   3.3000000e+02   3.1760711e+01
   3.4000000e+02   3.1738193e+01
   3.5000000e+02   3.1521294e+01
   3.6000000e+02   3.1431369e+01
   3.7000000e+02   3.1455984e+01
   3.8000000e+02   3.1482665e+01
   3.9000000e+02   3.1497910e+01
   4.0000000e+02   3.1523616e+01
   4.1000000e+02   3.1385325e+01
   4.2000000e+02   3.1268474e+01
   4.3000000e+02   3.1322163e+01
   4.4000000e+02   3.1262613e+01
   4.5000000e+02   3.1174871e+01
   4.6000000e+02   3.1249309e+01
   4.7000000e+02   3.1270228e+01
   4.8000000e+02   3.1306553e+01
   4.9000000e+02   3.1075514e+01
   5.0000000e+02   3.1105707e+01
   5.1000000e+02   3.1150218e+01
   5.2000000e+02   3.1009797e+01
   5.3000000e+02   3.0994403e+01
   5.4000000e+02   3.1040031e+01
   5.5000000e+02   3.1085507e+01
   5.6000000e+02   3.1120771e+01
   5.7000000e+02   3.1142575e+01
   5.8000000e+02   3.0956417e+01
   5.9000000e+02   3.0860083e+01
   6.0000000e+02   3.0781983e+01
   6.1000000e+02   3.0828970e+01
   6.2000000e+02   3.0882373e+01
   6.3000000e+02   3.0902334e+01
   6.4000000e+02   3.0964987e+01
   6.5000000e+02   3.0978083e+01
   6.6000000e+02   3.1004335e+01
