   0.0000000e+00   2.3952644e+01
   1.0000000e+01   2.3930014e+01
   2.0000000e+01   2.3943556e+01
   3.0000000e+01   2.3932780e+01
   4.0000000e+01   2.4829693e+01
   5.0000000e+01   2.8853701e+01
   6.0000000e+01   3.2669249e+01
   7.0000000e+01   3.5441128e+01
   8.0000000e+01   3.7606743e+01
   9.0000000e+01   3.9373689e+01
   1.0000000e+02   4.0920118e+01
   1.1000000e+02   4.2041339e+01
   1.2000000e+02   4.2594334e+01
   1.3000000e+02   4.1370861e+01
   1.4000000e+02   4.0293670e+01
   1.5000000e+02   3.9732092e+01
   1.6000000e+02   3.9281474e+01
   1.7000000e+02   3.9021012e+01
   1.8000000e+02   3.7922160e+01
   1.9000000e+02   3.7693205e+01
   2.0000000e+02   3.7565249e+01
   2.1000000e+02   3.7555649e+01
   2.2000000e+02   3.7586651e+01
   2.3000000e+02   3.6962891e+01
   2.4000000e+02   3.7106025e+01
   2.5000000e+02   3.6855595e+01
   2.6000000e+02   3.6534754e+01
   2.7000000e+02   3.6135604e+01
   2.8000000e+02   3.6635513e+01
   2.9000000e+02   3.6488842e+01
   3.0000000e+02   3.6584029e+01
   3.1000000e+02   3.6467573e+01
   3.2000000e+02   3.6447975e+01
   3.3000000e+02   3.6427113e+01
   3.4000000e+02   3.6424089e+01
   3.5000000e+02   3.6143545e+01
   3.6000000e+02   3.5828224e+01
   3.7000000e+02   3.5879678e+01
   3.8000000e+02   3.5965606e+01
   3.9000000e+02   3.6014573e+01
   4.0000000e+02   3.6060259e+01
   4.1000000e+02   3.5923011e+01
   4.2000000e+02   3.5605711e+01
   4.3000000e+02   3.5657127e+01
   4.4000000e+02   3.5656736e+01
   4.5000000e+02   3.5448767e+01
   4.6000000e+02   3.5521765e+01
   4.7000000e+02   3.5609513e+01
   4.8000000e+02   3.5673093e+01
   4.9000000e+02   3.5337016e+01
   5.0000000e+02   3.5288053e+01
   5.1000000e+02   3.5384470e+01
   5.2000000e+02   3.5245520e+01
   5.3000000e+02   3.5098366e+01
   5.4000000e+02   3.5191337e+01
   5.5000000e+02   3.5259937e+01
   5.6000000e+02   3.5321561e+01
   5.7000000e+02   3.5365664e+01
   5.8000000e+02   3.5155342e+01
   5.9000000e+02   3.4957251e+01
   6.0000000e+02   3.4730903e+01
   6.1000000e+02   3.4814053e+01
   6.2000000e+02   3.4917073e+01
   6.3000000e+02   3.4995226e+01
   6.4000000e+02   3.5066321e+01
   6.5000000e+02   3.5105869e+01
   6.6000000e+02   3.5146413e+01
