   0.0000000e+00   5.9227408e-03
   1.0000000e+01   8.2276243e-03
   2.0000000e+01   9.3023939e-03
   3.0000000e+01   3.8354101e-03
   4.0000000e+01   1.8992359e+00
   5.0000000e+01   5.8448231e+00
   6.0000000e+01   8.6156224e+00
   7.0000000e+01   1.0732405e+01
   8.0000000e+01   1.2538231e+01
   9.0000000e+01   1.4062927e+01
   1.0000000e+02   1.5442975e+01
   1.1000000e+02   1.6462960e+01
   1.2000000e+02   1.6690599e+01
   1.3000000e+02   1.5149623e+01
   1.4000000e+02   1.4646031e+01
   1.5000000e+02   1.4185781e+01
   1.6000000e+02   1.3912672e+01
   1.7000000e+02   1.3626494e+01
   1.8000000e+02   1.2379339e+01
   1.9000000e+02   1.2724310e+01
   2.0000000e+02   1.2316572e+01
   2.1000000e+02   1.2605529e+01
   2.2000000e+02   1.2200794e+01
   2.3000000e+02   1.1727938e+01
   2.4000000e+02   1.2121341e+01
   2.5000000e+02   1.1580734e+01
   2.6000000e+02   1.1330015e+01
   2.7000000e+02   1.1116796e+01
   2.8000000e+02   1.1607295e+01
   2.9000000e+02   1.1377951e+01
   3.0000000e+02   1.1502284e+01
   3.1000000e+02   1.1386129e+01
   3.2000000e+02   1.1391867e+01
   3.3000000e+02   1.1370749e+01
   3.4000000e+02   1.1362695e+01
   3.5000000e+02   1.0927263e+01
   3.6000000e+02   1.0845368e+01
   3.7000000e+02   1.0949462e+01
   3.8000000e+02   1.0997780e+01
   3.9000000e+02   1.1038580e+01
   4.0000000e+02   1.1069466e+01
   4.1000000e+02   1.0765391e+01
   4.2000000e+02   1.0651613e+01
   4.3000000e+02   1.0867242e+01
   4.4000000e+02   1.0597981e+01
   4.5000000e+02   1.0537467e+01
   4.6000000e+02   1.0620384e+01
   4.7000000e+02   1.0673483e+01
   4.8000000e+02   1.0724338e+01
   4.9000000e+02   1.0290186e+01
   5.0000000e+02   1.0412696e+01
   5.1000000e+02   1.0490931e+01
   5.2000000e+02   1.0246375e+01
   5.3000000e+02   1.0243375e+01
   5.4000000e+02   1.0322272e+01
   5.5000000e+02   1.0386149e+01
   5.6000000e+02   1.0431607e+01
   5.7000000e+02   1.0462498e+01
   5.8000000e+02   1.0111016e+01
   5.9000000e+02   9.9861079e+00
   6.0000000e+02   9.9342942e+00
   6.1000000e+02   1.0026000e+01
   6.2000000e+02   1.0088412e+01
   6.3000000e+02   1.0130509e+01
   6.4000000e+02   1.0210836e+01
   6.5000000e+02   1.0242652e+01
   6.6000000e+02   1.0271121e+01
