   0.0000000e+00   5.5817705e-03
   1.0000000e+01   3.4989506e-03
   2.0000000e+01  -7.6096422e-01
   3.0000000e+01  -1.2890323e+00
   4.0000000e+01  -1.4248951e+00
   5.0000000e+01  -1.6838655e+00
   6.0000000e+01  -1.7136637e+00
   7.0000000e+01  -1.7103498e+00
   8.0000000e+01  -1.8995351e+00
   9.0000000e+01  -1.9623070e+00
   1.0000000e+02  -1.8807891e+00
   1.1000000e+02  -1.8126699e+00
   1.2000000e+02  -1.7719756e+00
   1.3000000e+02  -1.7349431e+00
   1.4000000e+02  -1.6776001e+00
   1.5000000e+02  -1.5987135e+00
   1.6000000e+02  -1.5282278e+00
   1.7000000e+02  -1.4628381e+00
   1.8000000e+02  -1.4298534e+00
   1.9000000e+02  -1.4075633e+00
   2.0000000e+02  -1.3974699e+00
   2.1000000e+02  -1.3593473e+00
   2.2000000e+02  -1.3228177e+00
   2.3000000e+02  -1.2843419e+00
   2.4000000e+02  -1.2564618e+00
   2.5000000e+02  -1.2518381e+00
   2.6000000e+02  -1.2956123e+00
   2.7000000e+02  -1.3393128e+00
   2.8000000e+02  -1.3784708e+00
   2.9000000e+02  -1.3973899e+00
   3.0000000e+02  -1.4306449e+00
   3.1000000e+02  -1.4374394e+00
   3.2000000e+02  -1.4443493e+00
   3.3000000e+02  -1.4617889e+00
   3.4000000e+02  -1.4858944e+00
   3.5000000e+02  -1.5097692e+00
   3.6000000e+02  -1.5028901e+00
   3.7000000e+02  -1.5293980e+00
   3.8000000e+02  -1.5121976e+00
   3.9000000e+02  -1.5051451e+00
   4.0000000e+02  -1.4956337e+00
   4.1000000e+02  -1.4966077e+00
   4.2000000e+02  -1.4680822e+00
   4.3000000e+02  -1.4606475e+00
   4.4000000e+02  -1.4508697e+00
   4.5000000e+02  -1.4461610e+00
   4.6000000e+02  -1.4335329e+00
   4.7000000e+02  -1.4214565e+00
   4.8000000e+02  -1.4137287e+00
   4.9000000e+02  -1.4163923e+00
   5.0000000e+02  -1.4183222e+00
   5.1000000e+02  -1.4233868e+00
   5.2000000e+02  -1.4109680e+00
   5.3000000e+02  -1.4054457e+00
   5.4000000e+02  -1.4167887e+00
   5.5000000e+02  -1.4174158e+00
   5.6000000e+02  -1.4033652e+00
   5.7000000e+02  -1.4109776e+00
   5.8000000e+02  -1.3949528e+00
   5.9000000e+02  -1.4148328e+00
   6.0000000e+02  -1.3980610e+00
   6.1000000e+02  -1.3987947e+00
   6.2000000e+02  -1.3942151e+00
   6.3000000e+02  -1.4140950e+00
   6.4000000e+02  -1.4055045e+00
   6.5000000e+02  -1.4084881e+00
   6.6000000e+02  -1.4130057e+00
