   0.0000000e+00   2.1988498e+01
   1.0000000e+01   2.1993075e+01
   2.0000000e+01   2.2001828e+01
   3.0000000e+01   2.2018320e+01
   4.0000000e+01   2.2035573e+01
   5.0000000e+01   2.2031536e+01
   6.0000000e+01   2.2049741e+01
   7.0000000e+01   2.2067251e+01
   8.0000000e+01   2.2077950e+01
   9.0000000e+01   2.2096433e+01
   1.0000000e+02   2.2108044e+01
   1.1000000e+02   2.2113469e+01
   1.2000000e+02   2.2115744e+01
   1.3000000e+02   2.2123839e+01
   1.4000000e+02   2.2140840e+01
   1.5000000e+02   2.2143512e+01
   1.6000000e+02   2.2143357e+01
   1.7000000e+02   2.2163412e+01
   1.8000000e+02   2.2180246e+01
   1.9000000e+02   2.2194008e+01
   2.0000000e+02   2.2214873e+01
   2.1000000e+02   2.2223151e+01
   2.2000000e+02   2.2223192e+01
   2.3000000e+02   2.2237198e+01
   2.4000000e+02   2.2238626e+01
   2.5000000e+02   2.2250620e+01
   2.6000000e+02   2.2269215e+01
   2.7000000e+02   2.2291099e+01
   2.8000000e+02   2.2300816e+01
   2.9000000e+02   2.2300652e+01
   3.0000000e+02   2.2324320e+01
   3.1000000e+02   2.2329155e+01
   3.2000000e+02   2.2345163e+01
   3.3000000e+02   2.2359181e+01
   3.4000000e+02   2.2373316e+01
   3.5000000e+02   2.2393028e+01
   3.6000000e+02   2.2398286e+01
   3.7000000e+02   2.2414315e+01
   3.8000000e+02   2.2438859e+01
   3.9000000e+02   2.2440736e+01
   4.0000000e+02   2.2449960e+01
   4.1000000e+02   2.2463703e+01
   4.2000000e+02   2.2467068e+01
   4.3000000e+02   2.2481068e+01
   4.4000000e+02   2.2486440e+01
   4.5000000e+02   2.2502615e+01
   4.6000000e+02   2.2513887e+01
   4.7000000e+02   2.2511377e+01
   4.8000000e+02   2.2514837e+01
   4.9000000e+02   2.2531039e+01
   5.0000000e+02   2.2540135e+01
   5.1000000e+02   2.2544089e+01
   5.2000000e+02   2.2556640e+01
   5.3000000e+02   2.2553162e+01
   5.4000000e+02   2.2582727e+01
   5.5000000e+02   2.2596948e+01
   5.6000000e+02   2.2595628e+01
   5.7000000e+02   2.2600782e+01
   5.8000000e+02   2.2619882e+01
   5.9000000e+02   2.2630365e+01
   6.0000000e+02   2.2635850e+01
   6.1000000e+02   2.2636341e+01
   6.2000000e+02   2.2628188e+01
   6.3000000e+02   2.2635052e+01
   6.4000000e+02   2.2636848e+01
   6.5000000e+02   2.2642651e+01
   6.6000000e+02   2.2649806e+01
   6.7000000e+02   2.2661698e+01
   6.8000000e+02   2.2680606e+01
   6.9000000e+02   2.2688319e+01
