   0.0000000e+00   2.0843378e+01
   1.0000000e+01   2.0844245e+01
   2.0000000e+01   2.0827275e+01
   3.0000000e+01   2.0862910e+01
   4.0000000e+01   2.1068052e+01
   5.0000000e+01   2.1184346e+01
   6.0000000e+01   2.1160037e+01
   7.0000000e+01   2.1171228e+01
   8.0000000e+01   2.1184413e+01
   9.0000000e+01   2.1366349e+01
   1.0000000e+02   2.1730832e+01
   1.1000000e+02   2.1988133e+01
   1.2000000e+02   2.2035659e+01
   1.3000000e+02   2.2066241e+01
   1.4000000e+02   2.2155167e+01
   1.5000000e+02   2.2346938e+01
   1.6000000e+02   2.2545428e+01
   1.7000000e+02   2.2700080e+01
   1.8000000e+02   2.2837123e+01
   1.9000000e+02   2.2976509e+01
   2.0000000e+02   2.3116611e+01
   2.1000000e+02   2.3234191e+01
   2.2000000e+02   2.3343827e+01
   2.3000000e+02   2.3528056e+01
   2.4000000e+02   2.3645349e+01
   2.5000000e+02   2.3724889e+01
   2.6000000e+02   2.3812710e+01
   2.7000000e+02   2.3878690e+01
   2.8000000e+02   2.3946442e+01
   2.9000000e+02   2.3980669e+01
   3.0000000e+02   2.4039346e+01
   3.1000000e+02   2.4088682e+01
   3.2000000e+02   2.4149700e+01
   3.3000000e+02   2.4134409e+01
   3.4000000e+02   2.4160876e+01
   3.5000000e+02   2.4175041e+01
   3.6000000e+02   2.4227674e+01
   3.7000000e+02   2.4201506e+01
   3.8000000e+02   2.4232149e+01
   3.9000000e+02   2.4223605e+01
   4.0000000e+02   2.4272277e+01
   4.1000000e+02   2.4280211e+01
   4.2000000e+02   2.4306483e+01
   4.3000000e+02   2.4294044e+01
   4.4000000e+02   2.4319372e+01
   4.5000000e+02   2.4343582e+01
   4.6000000e+02   2.4382938e+01
   4.7000000e+02   2.4372903e+01
   4.8000000e+02   2.4394972e+01
   4.9000000e+02   2.4415117e+01
   5.0000000e+02   2.4403070e+01
   5.1000000e+02   2.4417429e+01
   5.2000000e+02   2.4413405e+01
   5.3000000e+02   2.4413173e+01
   5.4000000e+02   2.4448341e+01
   5.5000000e+02   2.4445717e+01
   5.6000000e+02   2.4467142e+01
   5.7000000e+02   2.4451468e+01
   5.8000000e+02   2.4467745e+01
   5.9000000e+02   2.4452318e+01
   6.0000000e+02   2.4463082e+01
   6.1000000e+02   2.4494936e+01
   6.2000000e+02   2.4470075e+01
   6.3000000e+02   2.4470042e+01
   6.4000000e+02   2.4492870e+01
   6.5000000e+02   2.4518659e+01
   6.6000000e+02   2.4486434e+01
   6.7000000e+02   2.4489758e+01
   6.8000000e+02   2.4483225e+01
   6.9000000e+02   2.4503242e+01
   7.0000000e+02   2.4503362e+01
   7.1000000e+02   2.4517136e+01
   7.2000000e+02   2.4528664e+01
   7.3000000e+02   2.4499813e+01
   7.4000000e+02   2.4455769e+01
   7.5000000e+02   2.4489964e+01
   7.6000000e+02   2.4517415e+01
   7.7000000e+02   2.4505675e+01
   7.8000000e+02   2.4492665e+01
   7.9000000e+02   2.4482206e+01
   8.0000000e+02   2.4514668e+01
   8.1000000e+02   2.4530825e+01
   8.2000000e+02   2.4523314e+01
   8.3000000e+02   2.4501395e+01
   8.4000000e+02   2.4533753e+01
   8.5000000e+02   2.4537260e+01
   8.6000000e+02   2.4539955e+01
   8.7000000e+02   2.4528547e+01
