   0.0000000e+00   1.0651134e-02
   1.0000000e+01   3.6482601e-03
   2.0000000e+01   5.4303886e-03
   3.0000000e+01   1.5133902e-02
   4.0000000e+01   1.5178721e-02
   5.0000000e+01   2.3152119e-02
   6.0000000e+01   5.6009986e-02
   7.0000000e+01   1.2390126e-01
   8.0000000e+01   2.4237886e-01
   9.0000000e+01   4.1526067e-01
   1.0000000e+02   7.1769524e-01
   1.1000000e+02   9.4744894e-01
   1.2000000e+02   1.1873556e+00
   1.3000000e+02   1.4384789e+00
   1.4000000e+02   1.6757475e+00
   1.5000000e+02   1.8634783e+00
   1.6000000e+02   2.0438322e+00
   1.7000000e+02   2.2044020e+00
   1.8000000e+02   2.3462168e+00
   1.9000000e+02   2.5009954e+00
   2.0000000e+02   2.6234636e+00
   2.1000000e+02   2.7257369e+00
   2.2000000e+02   2.7833636e+00
   2.3000000e+02   2.8423725e+00
   2.4000000e+02   2.9134477e+00
   2.5000000e+02   2.9606406e+00
   2.6000000e+02   2.9764117e+00
   2.7000000e+02   3.0322176e+00
   2.8000000e+02   3.0487090e+00
   2.9000000e+02   3.0928537e+00
   3.0000000e+02   3.0986618e+00
   3.1000000e+02   3.1260624e+00
   3.2000000e+02   3.1852248e+00
   3.3000000e+02   3.2382507e+00
   3.4000000e+02   3.2575575e+00
   3.5000000e+02   3.2380248e+00
   3.6000000e+02   3.2331842e+00
   3.7000000e+02   3.2672552e+00
   3.8000000e+02   3.3168156e+00
   3.9000000e+02   3.2847342e+00
   4.0000000e+02   3.3045508e+00
   4.1000000e+02   3.2896374e+00
   4.2000000e+02   3.3071362e+00
   4.3000000e+02   3.3071612e+00
   4.4000000e+02   3.3227937e+00
   4.5000000e+02   3.3343081e+00
   4.6000000e+02   3.2905838e+00
   4.7000000e+02   3.3481642e+00
   4.8000000e+02   3.3563860e+00
   4.9000000e+02   3.3896822e+00
   5.0000000e+02   3.3838667e+00
   5.1000000e+02   3.3892252e+00
   5.2000000e+02   3.3870468e+00
   5.3000000e+02   3.3847386e+00
   5.4000000e+02   3.3455998e+00
   5.5000000e+02   3.3683596e+00
   5.6000000e+02   3.3560928e+00
   5.7000000e+02   3.3697262e+00
   5.8000000e+02   3.3839249e+00
   5.9000000e+02   3.3495766e+00
   6.0000000e+02   3.3663400e+00
   6.1000000e+02   3.3467342e+00
   6.2000000e+02   3.4058688e+00
   6.3000000e+02   3.4030666e+00
   6.4000000e+02   3.3917429e+00
   6.5000000e+02   3.3725343e+00
   6.6000000e+02   3.3924601e+00
   6.7000000e+02   3.3897849e+00
   6.8000000e+02   3.3742524e+00
   6.9000000e+02   3.3728090e+00
   7.0000000e+02   3.3853897e+00
   7.1000000e+02   3.3936251e+00
   7.2000000e+02   3.4116137e+00
   7.3000000e+02   3.4021462e+00
   7.4000000e+02   3.3767957e+00
   7.5000000e+02   3.3837605e+00
   7.6000000e+02   3.4033647e+00
   7.7000000e+02   3.4246227e+00
   7.8000000e+02   3.4256887e+00
   7.9000000e+02   3.3771562e+00
   8.0000000e+02   3.3544671e+00
   8.1000000e+02   3.3634701e+00
   8.2000000e+02   3.4219547e+00
   8.3000000e+02   3.3933451e+00
   8.4000000e+02   3.3682449e+00
   8.5000000e+02   3.3583680e+00
   8.6000000e+02   3.4005218e+00
   8.7000000e+02   3.4117280e+00
