   0.0000000e+00   2.0543544e-02
   1.0000000e+01  -4.7563560e-02
   2.0000000e+01  -8.6882946e-02
   3.0000000e+01   7.7852334e-02
   4.0000000e+01   1.4838180e+00
   5.0000000e+01   3.9644175e+00
   6.0000000e+01   6.7039494e+00
   7.0000000e+01   9.5738041e+00
   8.0000000e+01   1.2336989e+01
   9.0000000e+01   1.4795623e+01
   1.0000000e+02   1.7002222e+01
   1.1000000e+02   1.8807986e+01
   1.2000000e+02   2.0477736e+01
   1.3000000e+02   2.1841812e+01
   1.4000000e+02   2.3042719e+01
   1.5000000e+02   2.4122880e+01
   1.6000000e+02   2.5036441e+01
   1.7000000e+02   2.5809552e+01
   1.8000000e+02   2.6480182e+01
   1.9000000e+02   2.7162023e+01
   2.0000000e+02   2.7728413e+01
   2.1000000e+02   2.8201133e+01
   2.2000000e+02   2.8597891e+01
   2.3000000e+02   2.9054300e+01
   2.4000000e+02   2.9396958e+01
   2.5000000e+02   2.9688879e+01
   2.6000000e+02   2.9978884e+01
   2.7000000e+02   3.0255925e+01
   2.8000000e+02   3.0551398e+01
   2.9000000e+02   3.1828749e+01
   3.0000000e+02   3.3181217e+01
   3.1000000e+02   3.4677631e+01
   3.2000000e+02   3.5970393e+01
   3.3000000e+02   3.6993212e+01
   3.4000000e+02   3.7809762e+01
   3.5000000e+02   3.7575094e+01
   3.6000000e+02   3.7048962e+01
   3.7000000e+02   3.6490046e+01
   3.8000000e+02   3.5997531e+01
   3.9000000e+02   3.5635683e+01
   4.0000000e+02   3.5270412e+01
   4.1000000e+02   3.5046253e+01
   4.2000000e+02   3.4954614e+01
   4.3000000e+02   3.5364760e+01
   4.4000000e+02   3.5986300e+01
   4.5000000e+02   3.6531880e+01
   4.6000000e+02   3.7088801e+01
   4.7000000e+02   3.7225555e+01
   4.8000000e+02   3.7574175e+01
   4.9000000e+02   3.7650944e+01
   5.0000000e+02   3.7861805e+01
   5.1000000e+02   3.7896064e+01
   5.2000000e+02   3.7943118e+01
   5.3000000e+02   3.8113611e+01
   5.4000000e+02   3.7963223e+01
   5.5000000e+02   3.8139437e+01
   5.6000000e+02   3.8363258e+01
   5.7000000e+02   3.8144714e+01
   5.8000000e+02   3.8040138e+01
   5.9000000e+02   3.8191699e+01
   6.0000000e+02   3.8157404e+01
   6.1000000e+02   3.7990509e+01
   6.2000000e+02   3.8238818e+01
   6.3000000e+02   3.8173861e+01
   6.4000000e+02   3.8054323e+01
   6.5000000e+02   3.8300031e+01
   6.6000000e+02   3.8104458e+01
   6.7000000e+02   3.8085315e+01
   6.8000000e+02   3.8182158e+01
   6.9000000e+02   3.8458130e+01
