   0.0000000e+00  -3.3035595e-03
   1.0000000e+01  -4.7948607e-03
   2.0000000e+01   4.1482524e-03
   3.0000000e+01  -4.3398629e-03
   4.0000000e+01   3.9724959e-03
   5.0000000e+01  -8.9811984e-03
   6.0000000e+01  -3.9257177e-03
   7.0000000e+01  -2.5500780e-03
   8.0000000e+01  -4.3650792e-03
   9.0000000e+01  -1.3008494e-02
   1.0000000e+02  -1.0010414e-02
   1.1000000e+02  -1.0394126e-02
   1.2000000e+02   4.3010171e-03
   1.3000000e+02   1.1020951e-02
   1.4000000e+02  -1.2717674e-02
   1.5000000e+02   2.5166677e-02
   1.6000000e+02   7.0165241e-02
   1.7000000e+02   3.9608896e-02
   1.8000000e+02   9.5895244e-02
   1.9000000e+02   1.3014527e-01
   2.0000000e+02   1.0876436e-01
   2.1000000e+02   9.5494538e-02
   2.2000000e+02   1.0381849e-01
   2.3000000e+02   1.0381568e-01
   2.4000000e+02   1.8673424e-01
   2.5000000e+02   3.8219063e-01
   2.6000000e+02   9.2597058e-01
   2.7000000e+02   1.7404686e+00
   2.8000000e+02   2.9348704e+00
   2.9000000e+02   4.2511498e+00
   3.0000000e+02   5.6775944e+00
   3.1000000e+02   7.1671639e+00
   3.2000000e+02   8.8044463e+00
   3.3000000e+02   1.0475977e+01
   3.4000000e+02   1.2108687e+01
   3.5000000e+02   1.3714471e+01
   3.6000000e+02   1.5238446e+01
   3.7000000e+02   1.6759137e+01
   3.8000000e+02   1.8009542e+01
   3.9000000e+02   1.9022905e+01
   4.0000000e+02   2.0015569e+01
   4.1000000e+02   2.1149407e+01
   4.2000000e+02   2.2232798e+01
   4.3000000e+02   2.3270949e+01
   4.4000000e+02   2.4301537e+01
   4.5000000e+02   2.5289314e+01
   4.6000000e+02   2.6245771e+01
   4.7000000e+02   2.7105281e+01
   4.8000000e+02   2.7955524e+01
   4.9000000e+02   2.8766547e+01
   5.0000000e+02   2.9518429e+01
   5.1000000e+02   3.0273049e+01
   5.2000000e+02   3.0841607e+01
   5.3000000e+02   3.1545750e+01
   5.4000000e+02   3.2110619e+01
   5.5000000e+02   3.2655413e+01
   5.6000000e+02   3.3053385e+01
   5.7000000e+02   3.3430388e+01
   5.8000000e+02   3.3683844e+01
   5.9000000e+02   3.3986766e+01
   6.0000000e+02   3.4239607e+01
   6.1000000e+02   3.4440579e+01
   6.2000000e+02   3.4724868e+01
   6.3000000e+02   3.4937274e+01
   6.4000000e+02   3.5171670e+01
   6.5000000e+02   3.5360607e+01
   6.6000000e+02   3.5559624e+01
   6.7000000e+02   3.5730035e+01
   6.8000000e+02   3.5884445e+01
   6.9000000e+02   3.6039068e+01
   7.0000000e+02   3.6182525e+01
   7.1000000e+02   3.6332003e+01
   7.2000000e+02   3.6460358e+01
   7.3000000e+02   3.6583833e+01
   7.4000000e+02   3.6720079e+01
   7.5000000e+02   3.6818477e+01
   7.6000000e+02   3.6923232e+01
   7.7000000e+02   3.7051706e+01
   7.8000000e+02   3.7208006e+01
   7.9000000e+02   3.7336976e+01
   8.0000000e+02   3.7455717e+01
   8.1000000e+02   3.7601819e+01
   8.2000000e+02   3.7706691e+01
   8.3000000e+02   3.7832748e+01
   8.4000000e+02   3.7864734e+01
   8.5000000e+02   3.7903473e+01
   8.6000000e+02   3.7924302e+01
   8.7000000e+02   3.7990549e+01
   8.8000000e+02   3.8095811e+01
   8.9000000e+02   3.8210531e+01
   9.0000000e+02   3.8363134e+01
   9.1000000e+02   3.8500952e+01
   9.2000000e+02   3.8576020e+01
   9.3000000e+02   3.8584566e+01
   9.4000000e+02   3.8403702e+01
   9.5000000e+02   3.8173630e+01
   9.6000000e+02   3.7905238e+01
   9.7000000e+02   3.7669161e+01
   9.8000000e+02   3.7471174e+01
   9.9000000e+02   3.7308380e+01
   1.0000000e+03   3.7078103e+01
   1.0100000e+03   3.6847642e+01
   1.0200000e+03   3.6745453e+01
   1.0300000e+03   3.6692121e+01
   1.0400000e+03   3.6625467e+01
   1.0500000e+03   3.6541376e+01
   1.0600000e+03   3.6544706e+01
   1.0700000e+03   3.6569055e+01
   1.0800000e+03   3.6630796e+01
   1.0900000e+03   3.6797750e+01
   1.1000000e+03   3.6936071e+01
   1.1100000e+03   3.7077120e+01
   1.1200000e+03   3.7153562e+01
   1.1300000e+03   3.7238107e+01
   1.1400000e+03   3.7336386e+01
   1.1500000e+03   3.7431871e+01
   1.1600000e+03   3.7503885e+01
   1.1700000e+03   3.7587781e+01
   1.1800000e+03   3.7657713e+01
   1.1900000e+03   3.7711051e+01
   1.2000000e+03   3.7783952e+01
   1.2100000e+03   3.7921583e+01
   1.2200000e+03   3.8044759e+01
   1.2300000e+03   3.8179136e+01
   1.2400000e+03   3.8304451e+01
   1.2500000e+03   3.8442722e+01
   1.2600000e+03   3.8535805e+01
   1.2700000e+03   3.8591752e+01
   1.2800000e+03   3.8585340e+01
   1.2900000e+03   3.8613232e+01
   1.3000000e+03   3.8627381e+01
   1.3100000e+03   3.8666860e+01
   1.3200000e+03   3.8676727e+01
   1.3300000e+03   3.8663708e+01
   1.3400000e+03   3.8409441e+01
   1.3500000e+03   3.8467189e+01
   1.3600000e+03   3.8440516e+01
   1.3700000e+03   3.8367218e+01
   1.3800000e+03   3.8303037e+01
   1.3900000e+03   3.8233025e+01
   1.4000000e+03   3.8221878e+01
   1.4100000e+03   3.8301700e+01
   1.4200000e+03   3.8401871e+01
   1.4300000e+03   3.8508909e+01
   1.4400000e+03   3.8592896e+01
   1.4500000e+03   3.8671832e+01
   1.4600000e+03   3.8790801e+01
   1.4700000e+03   3.8920864e+01
   1.4800000e+03   3.8995389e+01
   1.4900000e+03   3.9084313e+01
   1.5000000e+03   3.9163458e+01
   1.5100000e+03   3.9170601e+01
   1.5200000e+03   3.9157599e+01
   1.5300000e+03   3.9106614e+01
   1.5400000e+03   3.9075287e+01
   1.5500000e+03   3.9010308e+01
   1.5600000e+03   3.8994754e+01
   1.5700000e+03   3.8984961e+01
   1.5800000e+03   3.8984165e+01
   1.5900000e+03   3.8963115e+01
   1.6000000e+03   3.8952396e+01
   1.6100000e+03   3.8943830e+01
   1.6200000e+03   3.8861302e+01
   1.6300000e+03   3.8627369e+01
   1.6400000e+03   3.8559722e+01
   1.6500000e+03   3.8543967e+01
   1.6600000e+03   3.8554814e+01
   1.6700000e+03   3.8504939e+01
   1.6800000e+03   3.8469388e+01
   1.6900000e+03   3.8457572e+01
   1.7000000e+03   3.8465288e+01
   1.7100000e+03   3.8454741e+01
   1.7200000e+03   3.8421041e+01
   1.7300000e+03   3.8427713e+01
   1.7400000e+03   3.8478828e+01
   1.7500000e+03   3.8494341e+01
   1.7600000e+03   3.8524853e+01
   1.7700000e+03   3.8528829e+01
   1.7800000e+03   3.8554332e+01
   1.7900000e+03   3.8596299e+01
   1.8000000e+03   3.8588804e+01
   1.8100000e+03   3.8628353e+01
   1.8200000e+03   3.8638209e+01
   1.8300000e+03   3.8673449e+01
   1.8400000e+03   3.8688695e+01
   1.8500000e+03   3.8665265e+01
   1.8600000e+03   3.8682944e+01
   1.8700000e+03   3.8695349e+01
   1.8800000e+03   3.8687683e+01
   1.8900000e+03   3.8700287e+01
   1.9000000e+03   3.8718190e+01
   1.9100000e+03   3.8701460e+01
   1.9200000e+03   3.8618726e+01
   1.9300000e+03   3.8596419e+01
   1.9400000e+03   3.8528785e+01
   1.9500000e+03   3.8476162e+01
   1.9600000e+03   3.8407613e+01
   1.9700000e+03   3.8351326e+01
   1.9800000e+03   3.8324404e+01
   1.9900000e+03   3.8297230e+01
   2.0000000e+03   3.8272500e+01
   2.0100000e+03   3.8279556e+01
   2.0200000e+03   3.8301056e+01
   2.0300000e+03   3.8345038e+01
   2.0400000e+03   3.8382198e+01
   2.0500000e+03   3.8422715e+01
   2.0600000e+03   3.8427404e+01
   2.0700000e+03   3.8473193e+01
   2.0800000e+03   3.8542556e+01
   2.0900000e+03   3.8595359e+01
   2.1000000e+03   3.8642254e+01
   2.1100000e+03   3.8709220e+01
   2.1200000e+03   3.8754554e+01
   2.1300000e+03   3.8796676e+01
   2.1400000e+03   3.8869676e+01
   2.1500000e+03   3.8939872e+01
   2.1600000e+03   3.8992191e+01
   2.1700000e+03   3.9026236e+01
   2.1800000e+03   3.9081115e+01
   2.1900000e+03   3.9144144e+01
   2.2000000e+03   3.9182520e+01
   2.2100000e+03   3.9190300e+01
   2.2200000e+03   3.9179387e+01
   2.2300000e+03   3.9154932e+01
   2.2400000e+03   3.9066852e+01
   2.2500000e+03   3.9034549e+01
   2.2600000e+03   3.8965741e+01
   2.2700000e+03   3.8782798e+01
   2.2800000e+03   3.8683419e+01
   2.2900000e+03   3.8593774e+01
   2.3000000e+03   3.8583731e+01
   2.3100000e+03   3.8636243e+01
   2.3200000e+03   3.8694449e+01
   2.3300000e+03   3.8731209e+01
   2.3400000e+03   3.8796667e+01
   2.3500000e+03   3.8825774e+01
   2.3600000e+03   3.8859493e+01
   2.3700000e+03   3.8898139e+01
   2.3800000e+03   3.8889061e+01
   2.3900000e+03   3.8907545e+01
   2.4000000e+03   3.8953616e+01
   2.4100000e+03   3.8949982e+01
   2.4200000e+03   3.8936822e+01
   2.4300000e+03   3.8940284e+01
   2.4400000e+03   3.8918060e+01
   2.4500000e+03   3.8911480e+01
   2.4600000e+03   3.8893035e+01
   2.4700000e+03   3.8939120e+01
   2.4800000e+03   3.8992034e+01
   2.4900000e+03   3.9072783e+01
   2.5000000e+03   3.9131837e+01
   2.5100000e+03   3.9189529e+01
   2.5200000e+03   3.9254102e+01
   2.5300000e+03   3.9299439e+01
   2.5400000e+03   3.9329848e+01
   2.5500000e+03   3.9341301e+01
   2.5600000e+03   3.9304631e+01
   2.5700000e+03   3.9308990e+01
   2.5800000e+03   3.9290562e+01
   2.5900000e+03   3.9281738e+01
   2.6000000e+03   3.9304711e+01
   2.6100000e+03   3.9319228e+01
   2.6200000e+03   3.9358369e+01
   2.6300000e+03   3.9352478e+01
   2.6400000e+03   3.9360510e+01
   2.6500000e+03   3.9353641e+01
   2.6600000e+03   3.9373337e+01
   2.6700000e+03   3.9375623e+01
   2.6800000e+03   3.9357830e+01
   2.6900000e+03   3.9271926e+01
   2.7000000e+03   3.9134986e+01
   2.7100000e+03   3.9021712e+01
   2.7200000e+03   3.8889182e+01
   2.7300000e+03   3.8749522e+01
   2.7400000e+03   3.8642267e+01
   2.7500000e+03   3.8517590e+01
   2.7600000e+03   3.8412835e+01
   2.7700000e+03   3.8298625e+01
   2.7800000e+03   3.8216539e+01
   2.7900000e+03   3.8135758e+01
   2.8000000e+03   3.8038452e+01
   2.8100000e+03   3.7962714e+01
   2.8200000e+03   3.7892750e+01
   2.8300000e+03   3.7690759e+01
   2.8400000e+03   3.7616648e+01
   2.8500000e+03   3.7480223e+01
   2.8600000e+03   3.7456611e+01
   2.8700000e+03   3.7404625e+01
   2.8800000e+03   3.7396866e+01
   2.8900000e+03   3.7352071e+01
   2.9000000e+03   3.7344814e+01
   2.9100000e+03   3.7331368e+01
   2.9200000e+03   3.7334424e+01
   2.9300000e+03   3.7380255e+01
   2.9400000e+03   3.7449803e+01
   2.9500000e+03   3.7493343e+01
   2.9600000e+03   3.7573861e+01
   2.9700000e+03   3.7612361e+01
   2.9800000e+03   3.7589741e+01
   2.9900000e+03   3.7685366e+01
   3.0000000e+03   3.7771323e+01
   3.0100000e+03   3.7836800e+01
   3.0200000e+03   3.7852731e+01
   3.0300000e+03   3.7880426e+01
   3.0400000e+03   3.7910765e+01
   3.0500000e+03   3.7912868e+01
   3.0600000e+03   3.7934667e+01
   3.0700000e+03   3.7986763e+01
   3.0800000e+03   3.7949066e+01
   3.0900000e+03   3.7897596e+01
   3.1000000e+03   3.7896157e+01
   3.1100000e+03   3.7881103e+01
   3.1200000e+03   3.7969763e+01
   3.1300000e+03   3.8072482e+01
   3.1400000e+03   3.8143117e+01
   3.1500000e+03   3.8248180e+01
   3.1600000e+03   3.8341436e+01
   3.1700000e+03   3.8424022e+01
   3.1800000e+03   3.8509552e+01
   3.1900000e+03   3.8553810e+01
   3.2000000e+03   3.8632319e+01
   3.2100000e+03   3.8665884e+01
   3.2200000e+03   3.8694878e+01
   3.2300000e+03   3.8737044e+01
   3.2400000e+03   3.8750775e+01
   3.2500000e+03   3.8797235e+01
   3.2600000e+03   3.8801797e+01
   3.2700000e+03   3.8799976e+01
   3.2800000e+03   3.8799873e+01
   3.2900000e+03   3.8830412e+01
   3.3000000e+03   3.8852692e+01
   3.3100000e+03   3.8831078e+01
   3.3200000e+03   3.8797798e+01
   3.3300000e+03   3.8777875e+01
   3.3400000e+03   3.8771416e+01
   3.3500000e+03   3.8816040e+01
   3.3600000e+03   3.8840407e+01
   3.3700000e+03   3.8897964e+01
   3.3800000e+03   3.8990015e+01
   3.3900000e+03   3.9172745e+01
   3.4000000e+03   3.9380239e+01
   3.4100000e+03   3.9570505e+01
   3.4200000e+03   3.9734815e+01
   3.4300000e+03   3.9751564e+01
   3.4400000e+03   3.9733908e+01
   3.4500000e+03   3.9687883e+01
   3.4600000e+03   3.9612547e+01
   3.4700000e+03   3.9512561e+01
   3.4800000e+03   3.9423534e+01
   3.4900000e+03   3.9346815e+01
