   0.0000000e+00   1.6864023e+01
   1.0000000e+01   1.6869033e+01
   2.0000000e+01   1.6890313e+01
   3.0000000e+01   1.6864656e+01
   4.0000000e+01   1.6878524e+01
   5.0000000e+01   1.6868290e+01
   6.0000000e+01   1.6870022e+01
   7.0000000e+01   1.6862206e+01
   8.0000000e+01   1.6860385e+01
   9.0000000e+01   1.6856935e+01
   1.0000000e+02   1.6907948e+01
   1.1000000e+02   1.6919415e+01
   1.2000000e+02   1.7057243e+01
   1.3000000e+02   1.7047015e+01
   1.4000000e+02   1.7214136e+01
   1.5000000e+02   1.7492864e+01
   1.6000000e+02   1.7665941e+01
   1.7000000e+02   1.8176181e+01
   1.8000000e+02   1.8359444e+01
   1.9000000e+02   1.8682190e+01
   2.0000000e+02   1.8407414e+01
   2.1000000e+02   1.8388749e+01
   2.2000000e+02   1.8725500e+01
   2.3000000e+02   3.3878473e+01
   2.4000000e+02   1.7814306e+01
   2.5000000e+02   1.6965591e+01
   2.6000000e+02   1.6825107e+01
   2.7000000e+02   1.5776734e+01
   2.8000000e+02   1.6263318e+01
   2.9000000e+02   1.4903982e+01
   3.0000000e+02   1.5483160e+01
   3.1000000e+02   1.6447408e+01
   3.2000000e+02   1.5658119e+01
   3.3000000e+02   1.3577734e+01
   3.4000000e+02   1.5224312e+01
   3.5000000e+02   5.2245852e+01
   3.6000000e+02   1.6063118e+01
   3.7000000e+02   1.5747371e+01
   3.8000000e+02   1.6064198e+01
   3.9000000e+02   1.4804287e+01
   4.0000000e+02   1.5401968e+01
   4.1000000e+02   1.4172917e+01
   4.2000000e+02   1.5089062e+01
   4.3000000e+02   2.1881487e+01
   4.4000000e+02   1.4743804e+01
   4.5000000e+02   1.5227465e+01
   4.6000000e+02   1.4438765e+01
   4.7000000e+02   1.5146383e+01
   4.8000000e+02   1.4885961e+01
   4.9000000e+02   1.4060195e+01
   5.0000000e+02   1.5023766e+01
   5.1000000e+02   1.4334691e+01
   5.2000000e+02   1.5394821e+01
   5.3000000e+02   6.2329940e+01
   5.4000000e+02   1.3386623e+01
   5.5000000e+02   1.5214968e+01
   5.6000000e+02   2.0985109e+01
   5.7000000e+02   1.5220811e+01
   5.8000000e+02   1.6559812e+01
   5.9000000e+02   1.4625397e+01
   6.0000000e+02   1.4719771e+01
   6.1000000e+02   1.4565514e+01
   6.2000000e+02   1.4467909e+01
   6.3000000e+02   1.4993905e+01
   6.4000000e+02   1.5632521e+01
   6.5000000e+02   2.5466985e+01
   6.6000000e+02  -7.9462671e+01
   6.7000000e+02   1.4765102e+01
   6.8000000e+02   1.4194928e+01
   6.9000000e+02   2.7629266e+01
   7.0000000e+02   1.2029735e+01
   7.1000000e+02  -3.7363173e+01
   7.2000000e+02   1.3621580e+01
   7.3000000e+02   2.6891414e+01
   7.4000000e+02   1.5496173e+01
   7.5000000e+02   1.4637872e+01
   7.6000000e+02   1.4549670e+01
   7.7000000e+02   1.5118444e+01
   7.8000000e+02   1.7860803e+01
   7.9000000e+02   1.5461858e+01
   8.0000000e+02   1.4016107e+01
   8.1000000e+02   1.5319226e+01
   8.2000000e+02   1.4228620e+01
   8.3000000e+02   1.5236207e+01
   8.4000000e+02   4.8875096e+01
   8.5000000e+02  -3.4250641e+01
   8.6000000e+02   1.4967807e+01
   8.7000000e+02   1.5303138e+01
   8.8000000e+02   1.4983594e+01
   8.9000000e+02   1.4102759e+01
   9.0000000e+02   2.7220986e+01
   9.1000000e+02  -3.8179434e+01
   9.2000000e+02   1.4437210e+01
   9.3000000e+02   1.2602810e+01
   9.4000000e+02   1.4497366e+01
   9.5000000e+02   1.1826521e+01
   9.6000000e+02   9.9627570e+01
   9.7000000e+02   1.4190971e+01
   9.8000000e+02   1.3670715e+01
   9.9000000e+02   1.3010136e+01
   1.0000000e+03   1.3362689e+01
   1.0100000e+03   1.5443770e+01
   1.0200000e+03   1.4025079e+01
   1.0300000e+03   1.4114746e+01
   1.0400000e+03   1.5106936e+01
   1.0500000e+03   1.3833507e+01
   1.0600000e+03   1.2753738e+01
   1.0700000e+03   1.3711104e+01
   1.0800000e+03   1.6678980e+01
   1.0900000e+03   1.2920235e+01
   1.1000000e+03   4.9092299e+01
   1.1100000e+03   1.1745802e+01
   1.1200000e+03   1.3794449e+01
   1.1300000e+03   1.3623806e+01
   1.1400000e+03   1.2550453e+01
   1.1500000e+03   1.3972784e+01
   1.1600000e+03  -4.2000653e-02
   1.1700000e+03   1.3795142e+01
   1.1800000e+03   1.3984001e+01
   1.1900000e+03   1.3084948e+01
   1.2000000e+03   1.3433365e+01
   1.2100000e+03   1.4227213e+01
   1.2200000e+03   1.2739037e+01
   1.2300000e+03   1.3431578e+01
   1.2400000e+03   1.3486815e+01
   1.2500000e+03   1.2452510e+01
   1.2600000e+03   1.5020144e+01
   1.2700000e+03   1.2340735e+01
   1.2800000e+03  -4.2317501e+01
   1.2900000e+03   1.2786646e+01
   1.3000000e+03   1.7410984e+01
   1.3100000e+03   1.7912511e+01
   1.3200000e+03   1.3732793e+01
   1.3300000e+03   1.5307796e+01
   1.3400000e+03  -1.5836811e-01
   1.3500000e+03   1.2817609e+01
   1.3600000e+03   1.4477944e+01
   1.3700000e+03   1.3201727e+01
   1.3800000e+03   1.4003573e+01
   1.3900000e+03   1.3506089e+01
   1.4000000e+03   1.4710179e+01
   1.4100000e+03   2.0456417e+01
   1.4200000e+03   1.4120796e+01
   1.4300000e+03   1.4326344e+01
   1.4400000e+03   1.3885602e+01
   1.4500000e+03   1.3532855e+01
   1.4600000e+03   1.3591200e+01
   1.4700000e+03   1.4515742e+01
   1.4800000e+03   1.3669250e+01
   1.4900000e+03   1.3884321e+01
   1.5000000e+03   1.4156609e+01
   1.5100000e+03   1.3058704e+01
   1.5200000e+03   1.2184057e+01
   1.5300000e+03   1.4500874e+01
   1.5400000e+03   1.3568629e+01
   1.5500000e+03   1.3390913e+01
   1.5600000e+03   1.4418146e+01
   1.5700000e+03   1.4157467e+01
   1.5800000e+03   1.3201828e+01
   1.5900000e+03   1.3982791e+01
   1.6000000e+03   7.7511463e+00
   1.6100000e+03   1.3309383e+01
   1.6200000e+03   1.3592947e+01
   1.6300000e+03   1.3341611e+01
   1.6400000e+03   1.3977620e+01
   1.6500000e+03   1.5393901e+01
   1.6600000e+03   1.5612831e+01
   1.6700000e+03   1.3817855e+01
   1.6800000e+03   1.5468995e+01
   1.6900000e+03   1.3368355e+01
   1.7000000e+03   2.3237731e+01
   1.7100000e+03   1.4380868e+01
   1.7200000e+03   1.3491006e+01
   1.7300000e+03   1.3808666e+01
   1.7400000e+03   1.4162718e+01
   1.7500000e+03   1.5495270e+01
   1.7600000e+03   1.4976609e+01
   1.7700000e+03   1.9171527e+01
   1.7800000e+03   1.4251417e+01
   1.7900000e+03   1.3749999e+01
   1.8000000e+03   1.6540857e+01
   1.8100000e+03   1.3824857e+01
   1.8200000e+03   1.3870579e+01
   1.8300000e+03   8.8946601e+00
   1.8400000e+03   1.4953624e+01
   1.8500000e+03   1.3499765e+01
   1.8600000e+03   1.5322992e+01
   1.8700000e+03   1.3853686e+01
   1.8800000e+03   1.3743446e+01
   1.8900000e+03   1.2097339e+01
   1.9000000e+03   1.3851530e+01
   1.9100000e+03   1.4015057e+01
   1.9200000e+03   1.4610640e+01
   1.9300000e+03   1.4616503e+01
   1.9400000e+03   1.5103018e+01
   1.9500000e+03   1.3306864e+01
   1.9600000e+03   1.8216299e+01
   1.9700000e+03   1.9365036e+01
   1.9800000e+03   1.4187544e+01
   1.9900000e+03   4.4497905e+00
   2.0000000e+03   1.2721081e+01
   2.0100000e+03   1.3637466e+01
   2.0200000e+03   1.4132969e+01
   2.0300000e+03   1.3481631e+01
   2.0400000e+03   1.7446140e+01
   2.0500000e+03   1.4927349e+01
   2.0600000e+03   1.6983366e+01
   2.0700000e+03   1.3917925e+01
   2.0800000e+03   1.7146138e+01
   2.0900000e+03   1.4071354e+01
   2.1000000e+03   1.3232286e+01
   2.1100000e+03   2.2381636e+01
   2.1200000e+03   1.6148320e+01
   2.1300000e+03   1.6383412e+01
   2.1400000e+03   2.7595816e+01
   2.1500000e+03   2.3481151e+01
   2.1600000e+03   1.8035864e+01
   2.1700000e+03   1.3892700e+01
   2.1800000e+03   1.8268050e+01
   2.1900000e+03   5.1171636e+01
   2.2000000e+03   3.5566686e+01
   2.2100000e+03   2.6927513e+01
   2.2200000e+03   1.4825826e+01
   2.2300000e+03   1.3798925e+01
   2.2400000e+03   1.3381330e+01
   2.2500000e+03   1.3940564e+01
   2.2600000e+03   1.3459642e+01
   2.2700000e+03   1.4778211e+01
   2.2800000e+03   1.4184732e+01
   2.2900000e+03   2.7331150e+01
   2.3000000e+03   1.3458130e+01
   2.3100000e+03   1.4582815e+01
   2.3200000e+03   2.3192381e+01
   2.3300000e+03   1.6724250e+01
   2.3400000e+03   1.5117299e+01
   2.3500000e+03   1.3912149e+01
   2.3600000e+03   1.5709753e+01
   2.3700000e+03   1.8974996e+01
   2.3800000e+03   1.7473269e+01
   2.3900000e+03   2.2237884e+01
   2.4000000e+03   1.8292203e+01
   2.4100000e+03   1.7797184e+01
   2.4200000e+03   1.6684859e+01
   2.4300000e+03   1.3375657e+01
   2.4400000e+03   1.7706941e+01
   2.4500000e+03   1.5809124e+01
   2.4600000e+03   4.1158232e+01
   2.4700000e+03   3.3106275e+01
   2.4800000e+03   1.7107135e+01
   2.4900000e+03   2.3791947e+01
   2.5000000e+03   1.4904652e+01
   2.5100000e+03   1.4423490e+01
   2.5200000e+03   1.4588761e+01
   2.5300000e+03   1.5555551e+01
   2.5400000e+03   5.0534766e+01
   2.5500000e+03   1.9345326e+01
   2.5600000e+03   1.3879497e+01
   2.5700000e+03   2.5052051e+01
   2.5800000e+03   1.7268078e+01
   2.5900000e+03   1.6887372e+01
   2.6000000e+03   1.9907661e+01
   2.6100000e+03   1.5094868e+01
   2.6200000e+03   1.7058355e+01
   2.6300000e+03   1.7801810e+01
   2.6400000e+03   7.0400951e+01
   2.6500000e+03   1.4643971e+01
   2.6600000e+03   1.5509266e+01
   2.6700000e+03   1.3731724e+01
   2.6800000e+03   1.8794265e+01
   2.6900000e+03   1.8319543e+01
   2.7000000e+03   1.4888057e+01
   2.7100000e+03   1.4727365e+01
   2.7200000e+03   1.3599681e+01
   2.7300000e+03   1.8131336e+01
   2.7400000e+03   3.0616415e+01
   2.7500000e+03   1.4363765e+01
   2.7600000e+03   2.1807433e+01
   2.7700000e+03   1.5702686e+01
   2.7800000e+03   3.9800974e+01
   2.7900000e+03   1.5982256e+01
   2.8000000e+03   2.6057131e+01
   2.8100000e+03   1.4123728e+01
   2.8200000e+03   1.7170391e+01
   2.8300000e+03   1.3566198e+01
   2.8400000e+03   3.8688487e+01
   2.8500000e+03   2.3234409e+01
   2.8600000e+03   1.7478826e+01
   2.8700000e+03   1.0852778e+01
   2.8800000e+03   1.3689543e+01
   2.8900000e+03   2.6426341e+01
   2.9000000e+03   1.4248781e+01
   2.9100000e+03   1.8283408e+01
   2.9200000e+03   1.9504819e+01
   2.9300000e+03   1.6847274e+01
   2.9400000e+03   1.3610478e+01
   2.9500000e+03   2.5755778e+01
   2.9600000e+03   1.4439055e+01
   2.9700000e+03   1.5265293e+01
   2.9800000e+03   1.5217736e+01
   2.9900000e+03   1.4108980e+01
   3.0000000e+03   1.5501162e+01
   3.0100000e+03   2.2073258e+01
   3.0200000e+03   1.7078865e+01
   3.0300000e+03   1.5453907e+01
   3.0400000e+03   2.2566584e+01
   3.0500000e+03   5.7968197e+01
   3.0600000e+03   1.3686628e+01
   3.0700000e+03   1.7835170e+01
   3.0800000e+03   1.3793577e+01
   3.0900000e+03   1.6870875e+01
   3.1000000e+03   1.2009927e+01
   3.1100000e+03   1.8983221e+01
   3.1200000e+03   3.1251753e+01
   3.1300000e+03   1.2656142e+01
   3.1400000e+03   1.6801085e+01
   3.1500000e+03   3.0387505e+01
   3.1600000e+03   4.1468699e+01
   3.1700000e+03   1.5311535e+01
   3.1800000e+03   1.3447809e+01
   3.1900000e+03   1.7255121e+01
   3.2000000e+03   1.3845915e+01
   3.2100000e+03   1.1870476e+01
   3.2200000e+03   2.1168813e+01
   3.2300000e+03   2.7837121e+01
   3.2400000e+03   1.5351006e+01
   3.2500000e+03   1.5572234e+01
   3.2600000e+03   1.3664379e+01
   3.2700000e+03   1.7519215e+01
   3.2800000e+03   2.8945230e+01
   3.2900000e+03   2.5471549e+01
   3.3000000e+03   1.3584563e+01
   3.3100000e+03   1.4539222e+01
   3.3200000e+03   1.6135204e+01
   3.3300000e+03   1.4822294e+01
   3.3400000e+03   1.4879005e+01
   3.3500000e+03   1.3459218e+01
   3.3600000e+03   1.4022290e+01
   3.3700000e+03   3.3315183e+01
   3.3800000e+03   3.4987681e+01
   3.3900000e+03   2.0727363e+01
   3.4000000e+03   2.0707633e+01
   3.4100000e+03   2.1585218e+01
   3.4200000e+03   1.4859803e+01
   3.4300000e+03   2.0128065e+01
   3.4400000e+03   1.8598625e+01
   3.4500000e+03   3.7958304e+01
   3.4600000e+03   4.2659393e+01
   3.4700000e+03   4.7304439e+01
   3.4800000e+03   2.5032367e+01
   3.4900000e+03   1.9393186e+01
