   0.0000000e+00   5.5548887e-03
   1.0000000e+01  -3.5765860e-03
   2.0000000e+01   6.7477299e-03
   3.0000000e+01  -3.1220034e-03
   4.0000000e+01   4.4880858e-03
   5.0000000e+01  -3.3594049e-03
   6.0000000e+01   3.3123740e-03
   7.0000000e+01   2.4832391e-02
   8.0000000e+01   5.4205887e-03
   9.0000000e+01  -3.2148762e-03
   1.0000000e+02  -8.7873803e-03
   1.1000000e+02  -5.3400261e-02
   1.2000000e+02  -9.9622368e-02
   1.3000000e+02  -3.0088545e-01
   1.4000000e+02  -7.5597437e-01
   1.5000000e+02  -1.4783251e+00
   1.6000000e+02  -2.1445698e+00
   1.7000000e+02  -3.0221636e+00
   1.8000000e+02  -4.3495175e+00
   1.9000000e+02  -6.8413593e+00
   2.0000000e+02  -9.5922721e+00
   2.1000000e+02  -1.3147257e+01
   2.2000000e+02  -1.5169542e+01
   2.3000000e+02  -1.6414915e+01
   2.4000000e+02  -1.8435403e+01
   2.5000000e+02  -1.9940101e+01
   2.6000000e+02  -2.2269488e+01
   2.7000000e+02  -2.3381255e+01
   2.8000000e+02  -2.4376728e+01
   2.9000000e+02  -2.5020096e+01
   3.0000000e+02  -2.5290356e+01
   3.1000000e+02  -2.5704597e+01
   3.2000000e+02  -2.6032241e+01
   3.3000000e+02  -2.6154806e+01
   3.4000000e+02  -2.6393107e+01
   3.5000000e+02  -2.6247447e+01
   3.6000000e+02  -2.6254289e+01
   3.7000000e+02  -2.6255401e+01
   3.8000000e+02  -2.5865076e+01
   3.9000000e+02  -2.5518972e+01
   4.0000000e+02  -2.5677988e+01
   4.1000000e+02  -2.5928482e+01
   4.2000000e+02  -2.5842634e+01
   4.3000000e+02  -2.5867424e+01
   4.4000000e+02  -2.5811898e+01
   4.5000000e+02  -2.5669606e+01
   4.6000000e+02  -2.5569903e+01
   4.7000000e+02  -2.5527854e+01
   4.8000000e+02  -2.5218564e+01
   4.9000000e+02  -2.4919751e+01
   5.0000000e+02  -2.4919200e+01
   5.1000000e+02  -2.4723079e+01
   5.2000000e+02  -2.4381649e+01
   5.3000000e+02  -2.4547343e+01
   5.4000000e+02  -2.4109421e+01
   5.5000000e+02  -2.3917557e+01
   5.6000000e+02  -2.3814057e+01
   5.7000000e+02  -2.3777501e+01
   5.8000000e+02  -2.3737201e+01
   5.9000000e+02  -2.3714938e+01
   6.0000000e+02  -2.3641355e+01
   6.1000000e+02  -2.3269560e+01
   6.2000000e+02  -2.3468500e+01
   6.3000000e+02  -2.3211743e+01
   6.4000000e+02  -2.3277351e+01
   6.5000000e+02  -2.3152852e+01
   6.6000000e+02  -2.3097898e+01
   6.7000000e+02  -2.3102992e+01
   6.8000000e+02  -2.3014047e+01
   6.9000000e+02  -2.2978987e+01
   7.0000000e+02  -2.2978797e+01
   7.1000000e+02  -2.2881088e+01
   7.2000000e+02  -2.2793295e+01
   7.3000000e+02  -2.2802248e+01
   7.4000000e+02  -2.2766376e+01
   7.5000000e+02  -2.2915722e+01
   7.6000000e+02  -2.2672758e+01
   7.7000000e+02  -2.2817618e+01
   7.8000000e+02  -2.2771507e+01
   7.9000000e+02  -2.2847135e+01
   8.0000000e+02  -2.2812592e+01
   8.1000000e+02  -2.2724983e+01
   8.2000000e+02  -2.2670539e+01
   8.3000000e+02  -2.2602110e+01
   8.4000000e+02  -2.2689364e+01
   8.5000000e+02  -2.2564653e+01
   8.6000000e+02  -2.2536882e+01
   8.7000000e+02  -2.2621174e+01
   8.8000000e+02  -2.2414616e+01
   8.9000000e+02  -2.2361179e+01
   9.0000000e+02  -2.2405940e+01
   9.1000000e+02  -2.2217194e+01
   9.2000000e+02  -2.2240024e+01
   9.3000000e+02  -2.1766036e+01
   9.4000000e+02  -2.1859993e+01
   9.5000000e+02  -2.1600617e+01
   9.6000000e+02  -2.1621188e+01
   9.7000000e+02  -2.1678954e+01
   9.8000000e+02  -2.1855953e+01
   9.9000000e+02  -2.2017114e+01
   1.0000000e+03  -2.2062439e+01
   1.0100000e+03  -2.2233562e+01
   1.0200000e+03  -2.2255367e+01
   1.0300000e+03  -2.2512489e+01
   1.0400000e+03  -2.2658905e+01
   1.0500000e+03  -2.2713897e+01
   1.0600000e+03  -2.2693404e+01
   1.0700000e+03  -2.2733236e+01
   1.0800000e+03  -2.2535076e+01
   1.0900000e+03  -2.2810901e+01
   1.1000000e+03  -2.2755597e+01
   1.1100000e+03  -2.2543308e+01
   1.1200000e+03  -2.2669800e+01
   1.1300000e+03  -2.2557435e+01
   1.1400000e+03  -2.2614968e+01
   1.1500000e+03  -2.2607226e+01
   1.1600000e+03  -2.2650561e+01
   1.1700000e+03  -2.2620521e+01
   1.1800000e+03  -2.2632285e+01
   1.1900000e+03  -2.2550080e+01
   1.2000000e+03  -2.2593409e+01
   1.2100000e+03  -2.2582212e+01
   1.2200000e+03  -2.2553149e+01
   1.2300000e+03  -2.2511375e+01
   1.2400000e+03  -2.2547065e+01
   1.2500000e+03  -2.2572443e+01
   1.2600000e+03  -2.2452505e+01
   1.2700000e+03  -2.2343998e+01
   1.2800000e+03  -2.2333042e+01
   1.2900000e+03  -2.2268869e+01
   1.3000000e+03  -2.2320982e+01
   1.3100000e+03  -2.2372923e+01
   1.3200000e+03  -2.2220150e+01
   1.3300000e+03  -2.2099938e+01
   1.3400000e+03  -2.1798648e+01
   1.3500000e+03  -2.2123926e+01
   1.3600000e+03  -2.2074140e+01
   1.3700000e+03  -2.2311329e+01
   1.3800000e+03  -2.2384828e+01
   1.3900000e+03  -2.2292060e+01
   1.4000000e+03  -2.2416958e+01
   1.4100000e+03  -2.2282001e+01
   1.4200000e+03  -2.2227338e+01
   1.4300000e+03  -2.2081578e+01
   1.4400000e+03  -2.2272294e+01
   1.4500000e+03  -2.2149388e+01
   1.4600000e+03  -2.2273705e+01
   1.4700000e+03  -2.2058976e+01
   1.4800000e+03  -2.2199009e+01
   1.4900000e+03  -2.2113707e+01
   1.5000000e+03  -2.2060594e+01
   1.5100000e+03  -2.1986193e+01
   1.5200000e+03  -2.2281937e+01
   1.5300000e+03  -2.2244925e+01
   1.5400000e+03  -2.2152873e+01
   1.5500000e+03  -2.2173924e+01
   1.5600000e+03  -2.2226548e+01
   1.5700000e+03  -2.2201939e+01
   1.5800000e+03  -2.2216683e+01
   1.5900000e+03  -2.2134828e+01
   1.6000000e+03  -2.2196751e+01
   1.6100000e+03  -2.2045487e+01
   1.6200000e+03  -2.1735208e+01
   1.6300000e+03  -2.1347419e+01
   1.6400000e+03  -2.1879659e+01
   1.6500000e+03  -2.1986146e+01
   1.6600000e+03  -2.2103648e+01
   1.6700000e+03  -2.1959936e+01
   1.6800000e+03  -2.1977896e+01
   1.6900000e+03  -2.2032219e+01
   1.7000000e+03  -2.2104239e+01
   1.7100000e+03  -2.2031654e+01
   1.7200000e+03  -2.2043436e+01
   1.7300000e+03  -2.1864261e+01
   1.7400000e+03  -2.1841768e+01
   1.7500000e+03  -2.2008032e+01
   1.7600000e+03  -2.1726446e+01
   1.7700000e+03  -2.2024165e+01
   1.7800000e+03  -2.1932175e+01
   1.7900000e+03  -2.1882056e+01
   1.8000000e+03  -2.1848232e+01
   1.8100000e+03  -2.1865174e+01
   1.8200000e+03  -2.1797159e+01
   1.8300000e+03  -2.1889017e+01
   1.8400000e+03  -2.1856786e+01
   1.8500000e+03  -2.1771630e+01
   1.8600000e+03  -2.1898138e+01
   1.8700000e+03  -2.1830504e+01
   1.8800000e+03  -2.1872682e+01
   1.8900000e+03  -2.1751878e+01
   1.9000000e+03  -2.1735708e+01
   1.9100000e+03  -2.1672981e+01
   1.9200000e+03  -2.1573759e+01
   1.9300000e+03  -2.1569596e+01
   1.9400000e+03  -2.1315414e+01
   1.9500000e+03  -2.1701671e+01
   1.9600000e+03  -2.1679814e+01
   1.9700000e+03  -2.1725128e+01
   1.9800000e+03  -2.1834789e+01
   1.9900000e+03  -2.1775449e+01
   2.0000000e+03  -2.1873880e+01
   2.0100000e+03  -2.1951268e+01
   2.0200000e+03  -2.1908003e+01
   2.0300000e+03  -2.1932083e+01
   2.0400000e+03  -2.1945178e+01
   2.0500000e+03  -2.1874916e+01
   2.0600000e+03  -2.1902733e+01
   2.0700000e+03  -2.1974378e+01
   2.0800000e+03  -2.1850086e+01
   2.0900000e+03  -2.1823468e+01
   2.1000000e+03  -2.1891105e+01
   2.1100000e+03  -2.1815495e+01
   2.1200000e+03  -2.1826133e+01
   2.1300000e+03  -2.1790459e+01
   2.1400000e+03  -2.1731141e+01
   2.1500000e+03  -2.1771975e+01
   2.1600000e+03  -2.1659252e+01
   2.1700000e+03  -2.1869090e+01
   2.1800000e+03  -2.1660446e+01
   2.1900000e+03  -2.1595824e+01
   2.2000000e+03  -2.1693035e+01
   2.2100000e+03  -2.1675940e+01
   2.2200000e+03  -2.1646194e+01
   2.2300000e+03  -2.1727830e+01
   2.2400000e+03  -2.1558923e+01
   2.2500000e+03  -2.1706179e+01
   2.2600000e+03  -2.1626018e+01
   2.2700000e+03  -2.1527323e+01
   2.2800000e+03  -2.1705767e+01
   2.2900000e+03  -2.1650479e+01
   2.3000000e+03  -2.1926082e+01
   2.3100000e+03  -2.1804869e+01
   2.3200000e+03  -2.1957673e+01
   2.3300000e+03  -2.1844010e+01
   2.3400000e+03  -2.1870050e+01
   2.3500000e+03  -2.1916305e+01
   2.3600000e+03  -2.1714980e+01
   2.3700000e+03  -2.1747919e+01
   2.3800000e+03  -2.1820759e+01
   2.3900000e+03  -2.1873198e+01
   2.4000000e+03  -2.1891774e+01
   2.4100000e+03  -2.1957055e+01
   2.4200000e+03  -2.1908205e+01
   2.4300000e+03  -2.1700931e+01
   2.4400000e+03  -2.1897261e+01
   2.4500000e+03  -2.1815859e+01
   2.4600000e+03  -2.1895946e+01
   2.4700000e+03  -2.1843158e+01
   2.4800000e+03  -2.1886347e+01
   2.4900000e+03  -2.1861967e+01
   2.5000000e+03  -2.1714140e+01
   2.5100000e+03  -2.1835873e+01
   2.5200000e+03  -2.1643443e+01
   2.5300000e+03  -2.1680181e+01
   2.5400000e+03  -2.1692322e+01
   2.5500000e+03  -2.1642433e+01
   2.5600000e+03  -2.1601797e+01
   2.5700000e+03  -2.1526892e+01
   2.5800000e+03  -2.1562660e+01
   2.5900000e+03  -2.1569316e+01
   2.6000000e+03  -2.1474692e+01
   2.6100000e+03  -2.1439970e+01
   2.6200000e+03  -2.1571848e+01
   2.6300000e+03  -2.1363072e+01
   2.6400000e+03  -2.1584427e+01
   2.6500000e+03  -2.1477540e+01
   2.6600000e+03  -2.1449389e+01
   2.6700000e+03  -2.1418778e+01
   2.6800000e+03  -2.1353473e+01
   2.6900000e+03  -2.1156665e+01
   2.7000000e+03  -2.0997610e+01
   2.7100000e+03  -2.0954259e+01
   2.7200000e+03  -2.1008976e+01
   2.7300000e+03  -2.0954451e+01
   2.7400000e+03  -2.1116590e+01
   2.7500000e+03  -2.1190589e+01
   2.7600000e+03  -2.1081896e+01
   2.7700000e+03  -2.1090433e+01
   2.7800000e+03  -2.1128566e+01
   2.7900000e+03  -2.1178022e+01
   2.8000000e+03  -2.1229726e+01
   2.8100000e+03  -2.1267573e+01
   2.8200000e+03  -2.1253789e+01
   2.8300000e+03  -2.1184898e+01
   2.8400000e+03  -2.1252044e+01
   2.8500000e+03  -2.1080542e+01
   2.8600000e+03  -2.1207407e+01
   2.8700000e+03  -2.1277031e+01
   2.8800000e+03  -2.1231329e+01
   2.8900000e+03  -2.1338567e+01
   2.9000000e+03  -2.1385417e+01
   2.9100000e+03  -2.1267139e+01
   2.9200000e+03  -2.1456714e+01
   2.9300000e+03  -2.1708232e+01
   2.9400000e+03  -2.1787224e+01
   2.9500000e+03  -2.1462353e+01
   2.9600000e+03  -2.1585078e+01
   2.9700000e+03  -2.1577244e+01
   2.9800000e+03  -2.1451559e+01
   2.9900000e+03  -2.1626220e+01
   3.0000000e+03  -2.1683995e+01
   3.0100000e+03  -2.1748634e+01
   3.0200000e+03  -2.1728653e+01
   3.0300000e+03  -2.1557058e+01
   3.0400000e+03  -2.1592109e+01
   3.0500000e+03  -2.1664731e+01
   3.0600000e+03  -2.1651786e+01
   3.0700000e+03  -2.1859441e+01
   3.0800000e+03  -2.1537427e+01
   3.0900000e+03  -2.1423141e+01
   3.1000000e+03  -2.1641520e+01
   3.1100000e+03  -2.1550939e+01
   3.1200000e+03  -2.1755534e+01
   3.1300000e+03  -2.1727964e+01
   3.1400000e+03  -2.1651393e+01
   3.1500000e+03  -2.1763516e+01
   3.1600000e+03  -2.1641823e+01
   3.1700000e+03  -2.1630859e+01
   3.1800000e+03  -2.1556347e+01
   3.1900000e+03  -2.1544347e+01
   3.2000000e+03  -2.1614106e+01
   3.2100000e+03  -2.1445120e+01
   3.2200000e+03  -2.1490021e+01
   3.2300000e+03  -2.1428945e+01
   3.2400000e+03  -2.1366139e+01
   3.2500000e+03  -2.1400268e+01
   3.2600000e+03  -2.1372219e+01
   3.2700000e+03  -2.1167781e+01
   3.2800000e+03  -2.1354249e+01
   3.2900000e+03  -2.1355905e+01
   3.3000000e+03  -2.1266073e+01
   3.3100000e+03  -2.1402228e+01
   3.3200000e+03  -2.1241018e+01
   3.3300000e+03  -2.1192542e+01
   3.3400000e+03  -2.1345008e+01
   3.3500000e+03  -2.1386464e+01
   3.3600000e+03  -2.1335337e+01
   3.3700000e+03  -2.1308482e+01
   3.3800000e+03  -2.1096117e+01
   3.3900000e+03  -2.1283231e+01
   3.4000000e+03  -2.1177735e+01
   3.4100000e+03  -2.1088869e+01
   3.4200000e+03  -2.1173721e+01
   3.4300000e+03  -2.1303763e+01
   3.4400000e+03  -2.1331414e+01
   3.4500000e+03  -2.1246331e+01
   3.4600000e+03  -2.1204862e+01
   3.4700000e+03  -2.1294462e+01
   3.4800000e+03  -2.1301152e+01
   3.4900000e+03  -2.1311643e+01
