   0.0000000e+00   1.9342870e+01
   1.0000000e+01   1.9342306e+01
   2.0000000e+01   1.9353800e+01
   3.0000000e+01   1.9337197e+01
   4.0000000e+01   1.9342961e+01
   5.0000000e+01   1.9349709e+01
   6.0000000e+01   1.9344102e+01
   7.0000000e+01   1.9351737e+01
   8.0000000e+01   1.9363829e+01
   9.0000000e+01   1.9362139e+01
   1.0000000e+02   1.9361197e+01
   1.1000000e+02   1.9394887e+01
   1.2000000e+02   1.9412133e+01
   1.3000000e+02   1.9557224e+01
   1.4000000e+02   1.9915609e+01
   1.5000000e+02   2.0018119e+01
   1.6000000e+02   2.0284318e+01
   1.7000000e+02   2.0378620e+01
   1.8000000e+02   2.0604148e+01
   1.9000000e+02   2.1257142e+01
   2.0000000e+02   2.1786238e+01
   2.1000000e+02   2.2216356e+01
   2.2000000e+02   2.3019589e+01
   2.3000000e+02   2.3449061e+01
   2.4000000e+02   2.4114268e+01
   2.5000000e+02   2.4137008e+01
   2.6000000e+02   2.3714371e+01
   2.7000000e+02   2.3450198e+01
   2.8000000e+02   2.3813844e+01
   2.9000000e+02   2.4086244e+01
   3.0000000e+02   2.4179810e+01
   3.1000000e+02   2.3720499e+01
   3.2000000e+02   2.4509725e+01
   3.3000000e+02   2.3579864e+01
   3.4000000e+02   2.4660487e+01
   3.5000000e+02   2.4356263e+01
   3.6000000e+02   2.4491097e+01
   3.7000000e+02   2.4313704e+01
   3.8000000e+02   2.5012076e+01
   3.9000000e+02   2.4830126e+01
   4.0000000e+02   2.4871251e+01
   4.1000000e+02   2.5269111e+01
   4.2000000e+02   2.4377676e+01
   4.3000000e+02   2.4945907e+01
   4.4000000e+02   2.5198776e+01
   4.5000000e+02   2.6452160e+01
   4.6000000e+02   2.6164946e+01
   4.7000000e+02   2.5877790e+01
   4.8000000e+02   2.6175357e+01
   4.9000000e+02   2.6548107e+01
   5.0000000e+02   2.6264387e+01
   5.1000000e+02   2.5762543e+01
   5.2000000e+02   2.5975559e+01
   5.3000000e+02   2.5937853e+01
   5.4000000e+02   2.5399848e+01
   5.5000000e+02   2.5990371e+01
   5.6000000e+02   2.5779274e+01
   5.7000000e+02   2.5413748e+01
   5.8000000e+02   2.5819748e+01
   5.9000000e+02   2.6442791e+01
   6.0000000e+02   2.5565939e+01
   6.1000000e+02   2.6180970e+01
   6.2000000e+02   2.5117803e+01
   6.3000000e+02   2.5795565e+01
   6.4000000e+02   2.5759495e+01
   6.5000000e+02   2.5692101e+01
   6.6000000e+02   2.5053758e+01
   6.7000000e+02   2.5445421e+01
   6.8000000e+02   2.5702553e+01
   6.9000000e+02   2.6392088e+01
   7.0000000e+02   2.6302892e+01
   7.1000000e+02   2.6113881e+01
   7.2000000e+02   2.5941688e+01
   7.3000000e+02   2.6361741e+01
   7.4000000e+02   2.5660270e+01
   7.5000000e+02   2.5603937e+01
   7.6000000e+02   2.5492108e+01
   7.7000000e+02   2.5853882e+01
   7.8000000e+02   2.6255121e+01
   7.9000000e+02   2.5738413e+01
   8.0000000e+02   2.5859479e+01
   8.1000000e+02   2.5752775e+01
   8.2000000e+02   2.5528626e+01
   8.3000000e+02   2.5387047e+01
   8.4000000e+02   2.5742836e+01
   8.5000000e+02   2.5168610e+01
   8.6000000e+02   2.5603857e+01
   8.7000000e+02   2.6314056e+01
   8.8000000e+02   2.5751673e+01
   8.9000000e+02   2.5824407e+01
   9.0000000e+02   2.6079795e+01
   9.1000000e+02   2.5921817e+01
   9.2000000e+02   2.6199518e+01
   9.3000000e+02   2.6051141e+01
   9.4000000e+02   2.5449997e+01
   9.5000000e+02   2.5352924e+01
   9.6000000e+02   2.5640317e+01
   9.7000000e+02   2.5414504e+01
   9.8000000e+02   2.5771382e+01
   9.9000000e+02   2.6366281e+01
   1.0000000e+03   2.5628554e+01
   1.0100000e+03   2.5728577e+01
   1.0200000e+03   2.5208105e+01
   1.0300000e+03   2.6520812e+01
   1.0400000e+03   2.6177240e+01
   1.0500000e+03   2.5892665e+01
   1.0600000e+03   2.6575035e+01
   1.0700000e+03   2.6294998e+01
   1.0800000e+03   2.5644118e+01
   1.0900000e+03   2.6992369e+01
   1.1000000e+03   2.5956127e+01
   1.1100000e+03   2.6791732e+01
   1.1200000e+03   2.6320504e+01
   1.1300000e+03   2.5909696e+01
   1.1400000e+03   2.4823042e+01
   1.1500000e+03   2.5379512e+01
   1.1600000e+03   2.6012801e+01
   1.1700000e+03   2.5583473e+01
   1.1800000e+03   2.5636760e+01
   1.1900000e+03   2.5613554e+01
   1.2000000e+03   2.6540407e+01
   1.2100000e+03   2.6609835e+01
   1.2200000e+03   2.6612174e+01
   1.2300000e+03   2.6843619e+01
   1.2400000e+03   2.8906287e+01
   1.2500000e+03   3.0324983e+01
   1.2600000e+03   2.8496635e+01
   1.2700000e+03   2.8007074e+01
   1.2800000e+03   2.7729295e+01
   1.2900000e+03   2.7810772e+01
   1.3000000e+03   2.9001755e+01
   1.3100000e+03   2.8461780e+01
   1.3200000e+03   2.6794539e+01
   1.3300000e+03   2.6105822e+01
   1.3400000e+03   2.7129115e+01
   1.3500000e+03   2.7403715e+01
   1.3600000e+03   2.7125505e+01
   1.3700000e+03   2.4907960e+01
   1.3800000e+03   2.5725925e+01
   1.3900000e+03   2.6390798e+01
   1.4000000e+03   2.5840425e+01
   1.4100000e+03   2.7484812e+01
   1.4200000e+03   2.6703005e+01
   1.4300000e+03   2.7057694e+01
   1.4400000e+03   2.6901337e+01
   1.4500000e+03   2.6872415e+01
   1.4600000e+03   2.8872261e+01
   1.4700000e+03   2.7452647e+01
   1.4800000e+03   2.6975212e+01
   1.4900000e+03   2.7738825e+01
   1.5000000e+03   2.6761152e+01
   1.5100000e+03   2.7391188e+01
   1.5200000e+03   2.8216634e+01
   1.5300000e+03   2.8990168e+01
   1.5400000e+03   2.9287597e+01
   1.5500000e+03   2.8524551e+01
   1.5600000e+03   2.9081381e+01
   1.5700000e+03   3.0090384e+01
   1.5800000e+03   2.7826959e+01
   1.5900000e+03   2.8158698e+01
   1.6000000e+03   2.7562501e+01
   1.6100000e+03   2.6509457e+01
   1.6200000e+03   2.6795622e+01
   1.6300000e+03   2.5590770e+01
   1.6400000e+03   2.7244193e+01
   1.6500000e+03   2.8560622e+01
   1.6600000e+03   2.8050215e+01
   1.6700000e+03   2.9302958e+01
   1.6800000e+03   2.8846109e+01
   1.6900000e+03   2.7281549e+01
   1.7000000e+03   2.8316862e+01
   1.7100000e+03   3.0090749e+01
   1.7200000e+03   3.0314539e+01
   1.7300000e+03   2.9597711e+01
   1.7400000e+03   2.9094754e+01
   1.7500000e+03   2.9372981e+01
   1.7600000e+03   2.8953405e+01
   1.7700000e+03   3.0566687e+01
   1.7800000e+03   2.8963108e+01
   1.7900000e+03   2.9727101e+01
   1.8000000e+03   2.7440848e+01
   1.8100000e+03   2.8990340e+01
   1.8200000e+03   2.7868326e+01
   1.8300000e+03   2.7714391e+01
   1.8400000e+03   2.7879309e+01
   1.8500000e+03   2.9259008e+01
   1.8600000e+03   2.8026612e+01
   1.8700000e+03   2.7076788e+01
   1.8800000e+03   2.7877122e+01
   1.8900000e+03   2.7273824e+01
   1.9000000e+03   2.8094209e+01
   1.9100000e+03   2.6315495e+01
   1.9200000e+03   2.6835250e+01
   1.9300000e+03   2.6848305e+01
   1.9400000e+03   2.6418313e+01
   1.9500000e+03   2.7855136e+01
   1.9600000e+03   2.7156016e+01
   1.9700000e+03   2.7484325e+01
   1.9800000e+03   2.6877824e+01
   1.9900000e+03   2.7084121e+01
   2.0000000e+03   2.7493104e+01
   2.0100000e+03   2.7970355e+01
   2.0200000e+03   2.7086431e+01
   2.0300000e+03   2.6952847e+01
   2.0400000e+03   2.7978142e+01
   2.0500000e+03   2.6937823e+01
   2.0600000e+03   2.8472605e+01
   2.0700000e+03   2.6710021e+01
   2.0800000e+03   2.7712165e+01
   2.0900000e+03   2.6706522e+01
   2.1000000e+03   2.7063814e+01
   2.1100000e+03   2.7814292e+01
   2.1200000e+03   2.7461757e+01
   2.1300000e+03   2.7898565e+01
   2.1400000e+03   2.6330442e+01
   2.1500000e+03   2.7200773e+01
   2.1600000e+03   2.6853588e+01
   2.1700000e+03   2.7050573e+01
   2.1800000e+03   2.8780223e+01
   2.1900000e+03   2.8077059e+01
   2.2000000e+03   2.7617868e+01
   2.2100000e+03   2.8086148e+01
   2.2200000e+03   2.8133848e+01
   2.2300000e+03   2.8972736e+01
   2.2400000e+03   2.7683437e+01
   2.2500000e+03   2.7996795e+01
   2.2600000e+03   3.0914030e+01
   2.2700000e+03   2.9268480e+01
   2.2800000e+03   2.8791351e+01
   2.2900000e+03   2.8162547e+01
   2.3000000e+03   2.8835072e+01
   2.3100000e+03   3.2457076e+01
   2.3200000e+03   2.9919500e+01
   2.3300000e+03   2.6725810e+01
   2.3400000e+03   2.9389023e+01
   2.3500000e+03   2.8805772e+01
   2.3600000e+03   2.9529525e+01
   2.3700000e+03   2.8615722e+01
   2.3800000e+03   2.8475164e+01
   2.3900000e+03   3.1231185e+01
   2.4000000e+03   3.4044035e+01
   2.4100000e+03   2.9613784e+01
   2.4200000e+03   4.0126232e+01
   2.4300000e+03   3.6120359e+01
   2.4400000e+03   3.3321720e+01
   2.4500000e+03   3.0484649e+01
   2.4600000e+03   3.5006717e+01
   2.4700000e+03   3.5685398e+01
   2.4800000e+03   3.3048971e+01
   2.4900000e+03   3.3159880e+01
   2.5000000e+03   3.1124009e+01
   2.5100000e+03   3.4616177e+01
   2.5200000e+03   3.4501090e+01
   2.5300000e+03   3.7172389e+01
   2.5400000e+03   4.8981644e+01
   2.5500000e+03   4.0618759e+01
   2.5600000e+03   4.5245906e+01
   2.5700000e+03   4.1035884e+01
   2.5800000e+03   4.1571176e+01
   2.5900000e+03   4.2144315e+01
   2.6000000e+03   4.5629807e+01
   2.6100000e+03   4.6187481e+01
   2.6200000e+03   4.1700863e+01
   2.6300000e+03   3.4672999e+01
   2.6400000e+03   3.7321961e+01
   2.6500000e+03   4.2189311e+01
   2.6600000e+03   4.0308090e+01
   2.6700000e+03   4.2190875e+01
   2.6800000e+03   3.9546249e+01
   2.6900000e+03   3.3088630e+01
   2.7000000e+03   3.9177029e+01
   2.7100000e+03   3.4281212e+01
   2.7200000e+03   3.5173012e+01
   2.7300000e+03   3.7662919e+01
   2.7400000e+03   4.4211383e+01
   2.7500000e+03   3.3384929e+01
   2.7600000e+03   2.8469191e+01
   2.7700000e+03   3.1032674e+01
   2.7800000e+03   3.1368079e+01
   2.7900000e+03   3.1994384e+01
   2.8000000e+03   3.0723254e+01
   2.8100000e+03   3.2050956e+01
   2.8200000e+03   3.0657547e+01
   2.8300000e+03   3.5852232e+01
   2.8400000e+03   2.9260866e+01
   2.8500000e+03   2.8746597e+01
   2.8600000e+03   3.2272280e+01
   2.8700000e+03   3.0918401e+01
   2.8800000e+03   3.1381515e+01
   2.8900000e+03   2.7480735e+01
   2.9000000e+03   2.7585599e+01
   2.9100000e+03   2.7104167e+01
   2.9200000e+03   2.6903779e+01
   2.9300000e+03   2.7746810e+01
   2.9400000e+03   2.8874076e+01
   2.9500000e+03   2.7176820e+01
   2.9600000e+03   2.6970148e+01
   2.9700000e+03   2.9625374e+01
   2.9800000e+03   3.4371401e+01
   2.9900000e+03   3.1723216e+01
   3.0000000e+03   3.3199713e+01
   3.0100000e+03   2.7877557e+01
   3.0200000e+03   2.8330604e+01
   3.0300000e+03   2.8775494e+01
   3.0400000e+03   2.9385774e+01
   3.0500000e+03   2.9872724e+01
   3.0600000e+03   2.8578819e+01
   3.0700000e+03   2.9371349e+01
   3.0800000e+03   2.7452733e+01
   3.0900000e+03   2.7078470e+01
   3.1000000e+03   2.6367949e+01
   3.1100000e+03   2.8983482e+01
   3.1200000e+03   3.9282443e+01
   3.1300000e+03   3.5244667e+01
   3.1400000e+03   3.7388397e+01
   3.1500000e+03   3.5390851e+01
   3.1600000e+03   4.5456712e+01
   3.1700000e+03   3.6291714e+01
   3.1800000e+03   2.8630690e+01
   3.1900000e+03   3.8382914e+01
   3.2000000e+03   4.5422021e+01
   3.2100000e+03   2.9155566e+01
   3.2200000e+03   3.3055165e+01
   3.2300000e+03   4.1218924e+01
   3.2400000e+03   3.4868850e+01
   3.2500000e+03   3.8632464e+01
   3.2600000e+03   3.4530615e+01
   3.2700000e+03   4.6878244e+01
   3.2800000e+03   4.0051924e+01
   3.2900000e+03   4.4880671e+01
   3.3000000e+03   3.7679399e+01
   3.3100000e+03   3.8165881e+01
   3.3200000e+03   4.0156493e+01
   3.3300000e+03   4.5512365e+01
   3.3400000e+03   4.6021335e+01
   3.3500000e+03   3.8720531e+01
   3.3600000e+03   6.1883408e+01
   3.3700000e+03   3.6935982e+01
   3.3800000e+03   3.0295242e+01
   3.3900000e+03   6.3247135e+01
   3.4000000e+03   3.1803774e+01
   3.4100000e+03   6.2625918e+01
   3.4200000e+03   3.6597784e+01
   3.4300000e+03   6.7207445e+01
   3.4400000e+03   8.0715980e+01
   3.4500000e+03   4.6484764e+01
   3.4600000e+03   4.6779207e+01
   3.4700000e+03   3.9582441e+01
   3.4800000e+03   4.7172814e+01
   3.4900000e+03   5.3515647e+01
