   0.0000000e+00   1.1039399e-03
   1.0000000e+01  -6.6599910e-03
   2.0000000e+01   1.1601529e-02
   3.0000000e+01  -4.3014898e-03
   4.0000000e+01  -8.3175004e-03
   5.0000000e+01  -1.5533123e-02
   6.0000000e+01  -3.1168047e-03
   7.0000000e+01  -9.0748217e-03
   8.0000000e+01  -2.1348266e-02
   9.0000000e+01  -2.2707564e-02
   1.0000000e+02  -2.9527420e-02
   1.1000000e+02  -5.1971900e-02
   1.2000000e+02  -5.6041633e-02
   1.3000000e+02  -5.6283531e-02
   1.4000000e+02  -7.0988832e-02
   1.5000000e+02  -1.0849848e-01
   1.6000000e+02  -1.5156645e-01
   1.7000000e+02  -1.9601728e-01
   1.8000000e+02  -9.1737866e-02
   1.9000000e+02  -5.6570724e-02
   2.0000000e+02  -1.0874580e-01
   2.1000000e+02  -1.4810937e-01
   2.2000000e+02  -1.3049881e-01
   2.3000000e+02  -5.2515971e-02
   2.4000000e+02   1.2767799e-01
   2.5000000e+02   3.1377921e-01
   2.6000000e+02   5.0398103e-01
   2.7000000e+02   7.6262742e-01
   2.8000000e+02   9.3757358e-01
   2.9000000e+02   1.0874660e+00
   3.0000000e+02   1.2412390e+00
   3.1000000e+02   1.3869192e+00
   3.2000000e+02   1.5404484e+00
   3.3000000e+02   1.7228402e+00
   3.4000000e+02   1.8608324e+00
   3.5000000e+02   2.0122105e+00
   3.6000000e+02   2.0967476e+00
   3.7000000e+02   2.1930950e+00
   3.8000000e+02   2.3461539e+00
   3.9000000e+02   2.4943131e+00
   4.0000000e+02   2.5882028e+00
   4.1000000e+02   2.6492121e+00
   4.2000000e+02   2.6960678e+00
   4.3000000e+02   2.7024577e+00
   4.4000000e+02   2.6922614e+00
   4.5000000e+02   2.7028262e+00
   4.6000000e+02   2.7070466e+00
   4.7000000e+02   2.6386981e+00
   4.8000000e+02   2.7006416e+00
   4.9000000e+02   2.7548131e+00
   5.0000000e+02   2.7485023e+00
   5.1000000e+02   2.8172969e+00
   5.2000000e+02   2.8849260e+00
   5.3000000e+02   2.8423555e+00
   5.4000000e+02   2.8682143e+00
   5.5000000e+02   2.7833092e+00
   5.6000000e+02   2.8485050e+00
   5.7000000e+02   2.8405813e+00
   5.8000000e+02   2.8523932e+00
   5.9000000e+02   2.8836931e+00
   6.0000000e+02   2.9603246e+00
   6.1000000e+02   2.9042235e+00
   6.2000000e+02   2.9388592e+00
   6.3000000e+02   2.9442378e+00
   6.4000000e+02   3.0138618e+00
   6.5000000e+02   3.0169941e+00
   6.6000000e+02   2.9687961e+00
   6.7000000e+02   3.0636407e+00
   6.8000000e+02   3.0938291e+00
   6.9000000e+02   3.0700746e+00
   7.0000000e+02   3.1123205e+00
   7.1000000e+02   3.2497877e+00
   7.2000000e+02   3.2116631e+00
   7.3000000e+02   3.1544804e+00
   7.4000000e+02   3.1541586e+00
   7.5000000e+02   3.2341772e+00
   7.6000000e+02   3.3358454e+00
   7.7000000e+02   3.2872620e+00
   7.8000000e+02   3.3824985e+00
   7.9000000e+02   3.2960367e+00
   8.0000000e+02   3.2700440e+00
   8.1000000e+02   3.2653548e+00
   8.2000000e+02   3.3180435e+00
   8.3000000e+02   3.3174720e+00
   8.4000000e+02   3.3188402e+00
   8.5000000e+02   3.3738307e+00
   8.6000000e+02   3.3399143e+00
   8.7000000e+02   3.3174346e+00
   8.8000000e+02   3.3929334e+00
   8.9000000e+02   3.4144418e+00
   9.0000000e+02   3.3802611e+00
   9.1000000e+02   3.3407700e+00
   9.2000000e+02   3.3193099e+00
   9.3000000e+02   3.3870349e+00
   9.4000000e+02   3.3636855e+00
   9.5000000e+02   3.3409689e+00
   9.6000000e+02   3.3429059e+00
   9.7000000e+02   3.3586307e+00
   9.8000000e+02   3.4092837e+00
   9.9000000e+02   3.4930940e+00
   1.0000000e+03   3.4755037e+00
   1.0100000e+03   3.5856228e+00
   1.0200000e+03   3.5082996e+00
   1.0300000e+03   3.4354063e+00
   1.0400000e+03   3.4856672e+00
   1.0500000e+03   3.5325937e+00
   1.0600000e+03   3.5285521e+00
   1.0700000e+03   3.5979392e+00
   1.0800000e+03   3.6023155e+00
   1.0900000e+03   3.5864254e+00
   1.1000000e+03   3.6298462e+00
   1.1100000e+03   3.5956725e+00
   1.1200000e+03   3.5254589e+00
   1.1300000e+03   3.5363273e+00
   1.1400000e+03   3.5073052e+00
   1.1500000e+03   3.5398680e+00
   1.1600000e+03   3.6956625e+00
   1.1700000e+03   3.7961809e+00
   1.1800000e+03   3.8842707e+00
   1.1900000e+03   3.8203883e+00
   1.2000000e+03   3.7208988e+00
   1.2100000e+03   3.7814846e+00
   1.2200000e+03   3.8745056e+00
   1.2300000e+03   3.8914026e+00
   1.2400000e+03   3.9292028e+00
   1.2500000e+03   3.9203369e+00
   1.2600000e+03   3.9427563e+00
   1.2700000e+03   3.9317302e+00
   1.2800000e+03   3.9451353e+00
   1.2900000e+03   3.9679094e+00
   1.3000000e+03   3.9913620e+00
   1.3100000e+03   4.0223091e+00
   1.3200000e+03   4.0985936e+00
   1.3300000e+03   4.0226225e+00
   1.3400000e+03   4.0522045e+00
   1.3500000e+03   4.1357409e+00
   1.3600000e+03   4.1291489e+00
   1.3700000e+03   4.1867696e+00
   1.3800000e+03   4.2109561e+00
   1.3900000e+03   4.2578881e+00
   1.4000000e+03   4.3167059e+00
   1.4100000e+03   4.3227901e+00
   1.4200000e+03   4.3569420e+00
   1.4300000e+03   4.4440394e+00
   1.4400000e+03   4.4704428e+00
   1.4500000e+03   4.5920764e+00
   1.4600000e+03   4.6924137e+00
   1.4700000e+03   4.6884142e+00
   1.4800000e+03   4.6082531e+00
   1.4900000e+03   4.6327771e+00
   1.5000000e+03   4.5635839e+00
   1.5100000e+03   4.6174350e+00
   1.5200000e+03   4.6188407e+00
   1.5300000e+03   4.5683415e+00
   1.5400000e+03   4.6639634e+00
   1.5500000e+03   4.6916482e+00
   1.5600000e+03   4.6755765e+00
   1.5700000e+03   4.7234033e+00
   1.5800000e+03   4.7379020e+00
   1.5900000e+03   4.7491826e+00
   1.6000000e+03   4.7374407e+00
   1.6100000e+03   4.8343627e+00
   1.6200000e+03   4.9222703e+00
   1.6300000e+03   5.0745802e+00
   1.6400000e+03   5.2337532e+00
   1.6500000e+03   5.2516282e+00
   1.6600000e+03   5.2682019e+00
   1.6700000e+03   5.2505356e+00
   1.6800000e+03   5.3612397e+00
   1.6900000e+03   5.3567067e+00
   1.7000000e+03   5.4645269e+00
   1.7100000e+03   5.4178042e+00
   1.7200000e+03   5.4530894e+00
   1.7300000e+03   5.4886083e+00
   1.7400000e+03   5.4320214e+00
   1.7500000e+03   5.4431014e+00
   1.7600000e+03   5.5285479e+00
   1.7700000e+03   5.4665002e+00
   1.7800000e+03   5.4683645e+00
   1.7900000e+03   5.5084827e+00
   1.8000000e+03   5.5785909e+00
   1.8100000e+03   5.4991429e+00
   1.8200000e+03   5.5551976e+00
   1.8300000e+03   5.4652812e+00
   1.8400000e+03   5.5285881e+00
   1.8500000e+03   5.6053715e+00
   1.8600000e+03   5.7193977e+00
   1.8700000e+03   5.7781573e+00
   1.8800000e+03   5.9784145e+00
   1.8900000e+03   6.0007931e+00
   1.9000000e+03   6.0875792e+00
   1.9100000e+03   6.1891686e+00
   1.9200000e+03   6.0880979e+00
   1.9300000e+03   6.0564839e+00
   1.9400000e+03   6.0457763e+00
   1.9500000e+03   5.9358110e+00
   1.9600000e+03   5.9522767e+00
   1.9700000e+03   5.9345764e+00
   1.9800000e+03   5.8832249e+00
   1.9900000e+03   5.9056677e+00
   2.0000000e+03   5.8534313e+00
   2.0100000e+03   5.8304217e+00
   2.0200000e+03   5.7807037e+00
   2.0300000e+03   5.7413330e+00
   2.0400000e+03   5.7046152e+00
   2.0500000e+03   5.6421146e+00
   2.0600000e+03   5.5443931e+00
   2.0700000e+03   5.3839572e+00
   2.0800000e+03   5.2992678e+00
   2.0900000e+03   5.1726398e+00
   2.1000000e+03   5.0554901e+00
   2.1100000e+03   5.0421751e+00
   2.1200000e+03   4.9878470e+00
   2.1300000e+03   4.9924137e+00
   2.1400000e+03   4.9698127e+00
   2.1500000e+03   4.8076023e+00
   2.1600000e+03   4.7190941e+00
   2.1700000e+03   4.6765099e+00
   2.1800000e+03   4.6095739e+00
   2.1900000e+03   4.6051348e+00
   2.2000000e+03   4.5487818e+00
   2.2100000e+03   4.4995343e+00
   2.2200000e+03   4.5009711e+00
   2.2300000e+03   4.5043707e+00
   2.2400000e+03   4.5564751e+00
   2.2500000e+03   4.5598048e+00
   2.2600000e+03   4.6764242e+00
   2.2700000e+03   4.6421982e+00
   2.2800000e+03   4.6570355e+00
   2.2900000e+03   4.6225156e+00
   2.3000000e+03   4.5987925e+00
   2.3100000e+03   4.5956965e+00
   2.3200000e+03   4.6312774e+00
   2.3300000e+03   4.6104715e+00
   2.3400000e+03   4.5012534e+00
   2.3500000e+03   4.4130612e+00
   2.3600000e+03   4.3455238e+00
   2.3700000e+03   4.2874146e+00
   2.3800000e+03   4.3495397e+00
   2.3900000e+03   4.4427523e+00
   2.4000000e+03   4.4001631e+00
   2.4100000e+03   4.4811022e+00
   2.4200000e+03   4.4011331e+00
   2.4300000e+03   4.4186932e+00
   2.4400000e+03   4.3969044e+00
   2.4500000e+03   4.4895929e+00
   2.4600000e+03   4.4319376e+00
   2.4700000e+03   4.4147324e+00
   2.4800000e+03   4.3440047e+00
   2.4900000e+03   4.2405818e+00
   2.5000000e+03   4.1894123e+00
   2.5100000e+03   4.1830752e+00
   2.5200000e+03   4.2465868e+00
   2.5300000e+03   4.2014775e+00
   2.5400000e+03   4.2606523e+00
   2.5500000e+03   4.3652675e+00
   2.5600000e+03   4.3137028e+00
   2.5700000e+03   4.2989803e+00
   2.5800000e+03   4.2005222e+00
   2.5900000e+03   4.0582890e+00
   2.6000000e+03   4.0410746e+00
   2.6100000e+03   4.0416866e+00
   2.6200000e+03   4.0312563e+00
   2.6300000e+03   4.1271825e+00
   2.6400000e+03   4.1493730e+00
   2.6500000e+03   4.2357825e+00
   2.6600000e+03   4.2250687e+00
   2.6700000e+03   4.0938267e+00
   2.6800000e+03   4.1262162e+00
   2.6900000e+03   4.0973619e+00
   2.7000000e+03   4.0620080e+00
   2.7100000e+03   4.0870484e+00
   2.7200000e+03   4.1058088e+00
   2.7300000e+03   4.1112083e+00
   2.7400000e+03   4.2474547e+00
   2.7500000e+03   4.2530518e+00
   2.7600000e+03   4.2746698e+00
   2.7700000e+03   4.2026159e+00
   2.7800000e+03   4.1909018e+00
   2.7900000e+03   4.2375205e+00
   2.8000000e+03   4.1308728e+00
   2.8100000e+03   4.0237442e+00
   2.8200000e+03   4.0466444e+00
   2.8300000e+03   4.0785315e+00
   2.8400000e+03   4.0988675e+00
   2.8500000e+03   4.0574867e+00
   2.8600000e+03   4.0525349e+00
   2.8700000e+03   4.1437600e+00
   2.8800000e+03   4.0771098e+00
   2.8900000e+03   3.9812139e+00
   2.9000000e+03   4.0453663e+00
   2.9100000e+03   4.0094453e+00
   2.9200000e+03   3.9712986e+00
   2.9300000e+03   3.9801183e+00
   2.9400000e+03   3.9618948e+00
   2.9500000e+03   4.0091885e+00
   2.9600000e+03   4.0957786e+00
   2.9700000e+03   4.0932824e+00
   2.9800000e+03   4.1329811e+00
   2.9900000e+03   4.1560778e+00
   3.0000000e+03   4.1707039e+00
   3.0100000e+03   4.0853864e+00
   3.0200000e+03   3.8882451e+00
   3.0300000e+03   4.0291984e+00
   3.0400000e+03   4.0651624e+00
   3.0500000e+03   3.9913931e+00
   3.0600000e+03   4.0193422e+00
   3.0700000e+03   3.9421423e+00
   3.0800000e+03   3.9384147e+00
   3.0900000e+03   3.9080231e+00
   3.1000000e+03   3.8125274e+00
   3.1100000e+03   3.8069053e+00
   3.1200000e+03   3.7207187e+00
   3.1300000e+03   3.8448932e+00
   3.1400000e+03   3.9028190e+00
   3.1500000e+03   3.8699588e+00
   3.1600000e+03   3.8961457e+00
   3.1700000e+03   3.8719137e+00
   3.1800000e+03   3.9350970e+00
   3.1900000e+03   3.8187921e+00
   3.2000000e+03   3.8760983e+00
   3.2100000e+03   4.0374802e+00
   3.2200000e+03   4.0001121e+00
   3.2300000e+03   4.0846075e+00
   3.2400000e+03   4.1728288e+00
   3.2500000e+03   4.2993346e+00
   3.2600000e+03   4.2611192e+00
   3.2700000e+03   4.3492898e+00
   3.2800000e+03   4.2830985e+00
   3.2900000e+03   4.3379059e+00
   3.3000000e+03   4.3007294e+00
   3.3100000e+03   4.2868768e+00
   3.3200000e+03   4.2456518e+00
   3.3300000e+03   4.2338368e+00
   3.3400000e+03   4.1856464e+00
   3.3500000e+03   4.2286468e+00
   3.3600000e+03   4.3746982e+00
   3.3700000e+03   4.2755722e+00
   3.3800000e+03   4.3313165e+00
   3.3900000e+03   4.3214210e+00
   3.4000000e+03   4.3824741e+00
   3.4100000e+03   4.5328288e+00
   3.4200000e+03   4.6898120e+00
   3.4300000e+03   4.8736103e+00
   3.4400000e+03   4.9931805e+00
   3.4500000e+03   5.2682064e+00
   3.4600000e+03   5.4785524e+00
   3.4700000e+03   5.6363305e+00
   3.4800000e+03   5.8040341e+00
   3.4900000e+03   5.9524751e+00
