   0.0000000e+00  -4.2645388e-03
   1.0000000e+01  -1.8150884e-03
   2.0000000e+01   1.1534903e-02
   3.0000000e+01  -5.9965866e-03
   4.0000000e+01   3.4769472e-03
   5.0000000e+01   4.6617339e-03
   6.0000000e+01  -7.2051559e-03
   7.0000000e+01   3.9076713e-03
   8.0000000e+01   9.2789222e-03
   9.0000000e+01   1.0833959e-02
   1.0000000e+02   1.4296362e-02
   1.1000000e+02   1.7409441e-01
   1.2000000e+02   4.1036518e-01
   1.3000000e+02   1.0903594e+00
   1.4000000e+02   2.3158097e+00
   1.5000000e+02   3.3785882e+00
   1.6000000e+02   4.0499395e+00
   1.7000000e+02   5.8209379e+00
   1.8000000e+02   8.1739388e+00
   1.9000000e+02   1.2174942e+01
   2.0000000e+02   1.6333539e+01
   2.1000000e+02   1.9382442e+01
   2.2000000e+02   2.0602720e+01
   2.3000000e+02   2.2191183e+01
   2.4000000e+02   2.4512810e+01
   2.5000000e+02   2.6876410e+01
   2.6000000e+02   2.9431386e+01
   2.7000000e+02   2.9953166e+01
   2.8000000e+02   3.1451543e+01
   2.9000000e+02   3.2002083e+01
   3.0000000e+02   3.1820611e+01
   3.1000000e+02   3.2222820e+01
   3.2000000e+02   3.2570227e+01
   3.3000000e+02   3.2558303e+01
   3.4000000e+02   3.2312627e+01
   3.5000000e+02   3.2972795e+01
   3.6000000e+02   3.2598017e+01
   3.7000000e+02   3.2854380e+01
   3.8000000e+02   3.2539449e+01
   3.9000000e+02   3.2889105e+01
   4.0000000e+02   3.3548054e+01
   4.1000000e+02   3.3878533e+01
   4.2000000e+02   3.3048919e+01
   4.3000000e+02   3.3185665e+01
   4.4000000e+02   3.3426625e+01
   4.5000000e+02   3.3541576e+01
   4.6000000e+02   3.3244673e+01
   4.7000000e+02   3.2682785e+01
   4.8000000e+02   3.2022937e+01
   4.9000000e+02   3.3781171e+01
   5.0000000e+02   3.5264157e+01
   5.1000000e+02   3.3723622e+01
   5.2000000e+02   3.4799670e+01
   5.3000000e+02   3.4236402e+01
   5.4000000e+02   3.3139554e+01
   5.5000000e+02   3.4086839e+01
   5.6000000e+02   3.4935935e+01
   5.7000000e+02   3.3890983e+01
   5.8000000e+02   3.4161980e+01
   5.9000000e+02   3.4117848e+01
   6.0000000e+02   3.4397736e+01
   6.1000000e+02   3.4681802e+01
   6.2000000e+02   3.4658807e+01
   6.3000000e+02   3.4437630e+01
   6.4000000e+02   3.4032611e+01
   6.5000000e+02   3.4795194e+01
   6.6000000e+02   3.4230826e+01
   6.7000000e+02   3.5255729e+01
   6.8000000e+02   3.4697114e+01
   6.9000000e+02   3.5240150e+01
   7.0000000e+02   3.5163806e+01
   7.1000000e+02   3.5366505e+01
   7.2000000e+02   3.5135754e+01
   7.3000000e+02   3.5386497e+01
   7.4000000e+02   3.5314911e+01
   7.5000000e+02   3.5179561e+01
   7.6000000e+02   3.5030086e+01
   7.7000000e+02   3.5083534e+01
   7.8000000e+02   3.5224720e+01
   7.9000000e+02   3.5657869e+01
   8.0000000e+02   3.5652754e+01
   8.1000000e+02   3.5612935e+01
   8.2000000e+02   3.5320299e+01
   8.3000000e+02   3.5498069e+01
   8.4000000e+02   3.5625959e+01
   8.5000000e+02   3.5054181e+01
   8.6000000e+02   3.5173406e+01
   8.7000000e+02   3.5797616e+01
   8.8000000e+02   3.5605108e+01
   8.9000000e+02   3.4259315e+01
   9.0000000e+02   3.4257337e+01
   9.1000000e+02   3.5980909e+01
   9.2000000e+02   3.4820372e+01
   9.3000000e+02   3.4764324e+01
   9.4000000e+02   3.4857283e+01
   9.5000000e+02   3.4457875e+01
   9.6000000e+02   3.4453499e+01
   9.7000000e+02   3.4969626e+01
   9.8000000e+02   3.5674979e+01
   9.9000000e+02   3.5160017e+01
   1.0000000e+03   3.5318155e+01
   1.0100000e+03   3.5521128e+01
   1.0200000e+03   3.5714761e+01
   1.0300000e+03   3.5158186e+01
   1.0400000e+03   3.5155840e+01
   1.0500000e+03   3.4885734e+01
   1.0600000e+03   3.4955924e+01
   1.0700000e+03   3.4728617e+01
   1.0800000e+03   3.5191784e+01
   1.0900000e+03   3.4383019e+01
   1.1000000e+03   3.4544963e+01
   1.1100000e+03   3.4488085e+01
   1.1200000e+03   3.4754893e+01
   1.1300000e+03   3.5233927e+01
   1.1400000e+03   3.4721417e+01
   1.1500000e+03   3.5124768e+01
   1.1600000e+03   3.5347900e+01
   1.1700000e+03   3.5112314e+01
   1.1800000e+03   3.5089616e+01
   1.1900000e+03   3.4957784e+01
   1.2000000e+03   3.4750538e+01
   1.2100000e+03   3.5625505e+01
   1.2200000e+03   3.5204929e+01
   1.2300000e+03   3.5012266e+01
   1.2400000e+03   3.5366926e+01
   1.2500000e+03   3.5164469e+01
   1.2600000e+03   3.5086667e+01
   1.2700000e+03   3.5266513e+01
   1.2800000e+03   3.5177038e+01
   1.2900000e+03   3.4630955e+01
   1.3000000e+03   3.5677119e+01
   1.3100000e+03   3.5680663e+01
   1.3200000e+03   3.5916893e+01
   1.3300000e+03   3.5692806e+01
   1.3400000e+03   3.4345188e+01
   1.3500000e+03   3.4359159e+01
   1.3600000e+03   3.4627842e+01
   1.3700000e+03   3.4897715e+01
   1.3800000e+03   3.4084943e+01
   1.3900000e+03   3.4330051e+01
   1.4000000e+03   3.4307620e+01
   1.4100000e+03   3.4556272e+01
   1.4200000e+03   3.5039810e+01
   1.4300000e+03   3.4652256e+01
   1.4400000e+03   3.4054363e+01
   1.4500000e+03   3.3989359e+01
   1.4600000e+03   3.4008420e+01
   1.4700000e+03   3.4105051e+01
   1.4800000e+03   3.4655572e+01
   1.4900000e+03   3.4812698e+01
   1.5000000e+03   3.4571439e+01
   1.5100000e+03   3.5535016e+01
   1.5200000e+03   3.4326659e+01
   1.5300000e+03   3.4767740e+01
   1.5400000e+03   3.5323835e+01
   1.5500000e+03   3.5537556e+01
   1.5600000e+03   3.4957052e+01
   1.5700000e+03   3.5011615e+01
   1.5800000e+03   3.4512155e+01
   1.5900000e+03   3.4201691e+01
   1.6000000e+03   3.5271811e+01
   1.6100000e+03   3.5148216e+01
   1.6200000e+03   3.5529589e+01
   1.6300000e+03   3.4857422e+01
   1.6400000e+03   3.5158348e+01
   1.6500000e+03   3.4502767e+01
   1.6600000e+03   3.3970910e+01
   1.6700000e+03   3.5126418e+01
   1.6800000e+03   3.4453461e+01
   1.6900000e+03   3.5943091e+01
   1.7000000e+03   3.4895807e+01
   1.7100000e+03   3.5250109e+01
   1.7200000e+03   3.5583625e+01
   1.7300000e+03   3.5580183e+01
   1.7400000e+03   3.6017246e+01
   1.7500000e+03   3.5961914e+01
   1.7600000e+03   3.5937575e+01
   1.7700000e+03   3.6274723e+01
   1.7800000e+03   3.6103879e+01
   1.7900000e+03   3.5171137e+01
   1.8000000e+03   3.5563096e+01
   1.8100000e+03   3.5658067e+01
   1.8200000e+03   3.6039850e+01
   1.8300000e+03   3.5156831e+01
   1.8400000e+03   3.4757017e+01
   1.8500000e+03   3.5392601e+01
   1.8600000e+03   3.4900508e+01
   1.8700000e+03   3.5300536e+01
   1.8800000e+03   3.5394806e+01
   1.8900000e+03   3.5718646e+01
   1.9000000e+03   3.5582443e+01
   1.9100000e+03   3.5835020e+01
   1.9200000e+03   3.6237422e+01
   1.9300000e+03   3.6585535e+01
   1.9400000e+03   3.5194650e+01
   1.9500000e+03   3.4878789e+01
   1.9600000e+03   3.5397123e+01
   1.9700000e+03   3.4730508e+01
   1.9800000e+03   3.5365083e+01
   1.9900000e+03   3.5049768e+01
   2.0000000e+03   3.5918172e+01
   2.0100000e+03   3.5007976e+01
   2.0200000e+03   3.5258874e+01
   2.0300000e+03   3.5115222e+01
   2.0400000e+03   3.6646132e+01
   2.0500000e+03   3.5714462e+01
   2.0600000e+03   3.5308022e+01
   2.0700000e+03   3.5373472e+01
   2.0800000e+03   3.5549398e+01
   2.0900000e+03   3.5717723e+01
   2.1000000e+03   3.4957655e+01
   2.1100000e+03   3.4882493e+01
   2.1200000e+03   3.4849360e+01
   2.1300000e+03   3.4859608e+01
   2.1400000e+03   3.4822012e+01
   2.1500000e+03   3.4882912e+01
   2.1600000e+03   3.4213954e+01
   2.1700000e+03   3.4032112e+01
   2.1800000e+03   3.4377877e+01
   2.1900000e+03   3.5458997e+01
   2.2000000e+03   3.5112599e+01
   2.2100000e+03   3.5269169e+01
   2.2200000e+03   3.4410429e+01
   2.2300000e+03   3.5278289e+01
   2.2400000e+03   3.4661016e+01
   2.2500000e+03   3.5128163e+01
   2.2600000e+03   3.5176925e+01
   2.2700000e+03   3.4968835e+01
   2.2800000e+03   3.4451153e+01
   2.2900000e+03   3.4701060e+01
   2.3000000e+03   3.4756508e+01
   2.3100000e+03   3.5229164e+01
   2.3200000e+03   3.5131957e+01
   2.3300000e+03   3.5075381e+01
   2.3400000e+03   3.4671166e+01
   2.3500000e+03   3.4872562e+01
   2.3600000e+03   3.4915134e+01
   2.3700000e+03   3.4993033e+01
   2.3800000e+03   3.4474908e+01
   2.3900000e+03   3.4687293e+01
   2.4000000e+03   3.4226397e+01
   2.4100000e+03   3.4480814e+01
   2.4200000e+03   3.5503761e+01
   2.4300000e+03   3.5226814e+01
   2.4400000e+03   3.4738358e+01
   2.4500000e+03   3.4698667e+01
   2.4600000e+03   3.5064901e+01
   2.4700000e+03   3.5658405e+01
   2.4800000e+03   3.5559077e+01
   2.4900000e+03   3.5334379e+01
   2.5000000e+03   3.4692389e+01
   2.5100000e+03   3.4771384e+01
   2.5200000e+03   3.4911302e+01
   2.5300000e+03   3.5084602e+01
   2.5400000e+03   3.5410592e+01
   2.5500000e+03   3.5631574e+01
   2.5600000e+03   3.5927833e+01
   2.5700000e+03   3.6196535e+01
   2.5800000e+03   3.5988432e+01
   2.5900000e+03   3.6515406e+01
   2.6000000e+03   3.5517050e+01
   2.6100000e+03   3.5707338e+01
   2.6200000e+03   3.5171128e+01
   2.6300000e+03   3.6552067e+01
   2.6400000e+03   3.6605766e+01
   2.6500000e+03   3.6354404e+01
   2.6600000e+03   3.6048409e+01
   2.6700000e+03   3.6068246e+01
   2.6800000e+03   3.6146929e+01
   2.6900000e+03   3.6191576e+01
   2.7000000e+03   3.5907722e+01
   2.7100000e+03   3.5700420e+01
   2.7200000e+03   3.6314132e+01
   2.7300000e+03   3.5943231e+01
   2.7400000e+03   3.6238050e+01
   2.7500000e+03   3.5881706e+01
   2.7600000e+03   3.5423058e+01
   2.7700000e+03   3.6179871e+01
   2.7800000e+03   3.6167195e+01
   2.7900000e+03   3.6601635e+01
   2.8000000e+03   3.6016566e+01
   2.8100000e+03   3.6772752e+01
   2.8200000e+03   3.6271576e+01
   2.8300000e+03   3.6512287e+01
   2.8400000e+03   3.5806213e+01
   2.8500000e+03   3.6174497e+01
   2.8600000e+03   3.6255242e+01
   2.8700000e+03   3.6270699e+01
   2.8800000e+03   3.6235491e+01
   2.8900000e+03   3.5828007e+01
   2.9000000e+03   3.5666390e+01
   2.9100000e+03   3.5368263e+01
   2.9200000e+03   3.5734969e+01
   2.9300000e+03   3.6022253e+01
   2.9400000e+03   3.5413476e+01
   2.9500000e+03   3.5904395e+01
   2.9600000e+03   3.6102875e+01
   2.9700000e+03   3.6027804e+01
   2.9800000e+03   3.6553564e+01
   2.9900000e+03   3.6276567e+01
   3.0000000e+03   3.6021801e+01
   3.0100000e+03   3.5963388e+01
   3.0200000e+03   3.6498732e+01
   3.0300000e+03   3.5831577e+01
   3.0400000e+03   3.5688702e+01
   3.0500000e+03   3.5914005e+01
   3.0600000e+03   3.5513942e+01
   3.0700000e+03   3.5428615e+01
   3.0800000e+03   3.3990495e+01
   3.0900000e+03   3.5498872e+01
   3.1000000e+03   3.5757553e+01
   3.1100000e+03   3.5555266e+01
   3.1200000e+03   3.5813702e+01
   3.1300000e+03   3.6831332e+01
   3.1400000e+03   3.6325157e+01
   3.1500000e+03   3.6334739e+01
   3.1600000e+03   3.6619047e+01
   3.1700000e+03   3.5540481e+01
   3.1800000e+03   3.5899754e+01
   3.1900000e+03   3.6076361e+01
   3.2000000e+03   3.5994131e+01
   3.2100000e+03   3.6159123e+01
   3.2200000e+03   3.6647449e+01
   3.2300000e+03   3.6210364e+01
   3.2400000e+03   3.6651912e+01
   3.2500000e+03   3.6396827e+01
   3.2600000e+03   3.6468646e+01
   3.2700000e+03   3.6231771e+01
   3.2800000e+03   3.6175881e+01
   3.2900000e+03   3.5463985e+01
   3.3000000e+03   3.6474175e+01
   3.3100000e+03   3.5143042e+01
   3.3200000e+03   3.4759877e+01
   3.3300000e+03   3.3974287e+01
   3.3400000e+03   3.3844828e+01
   3.3500000e+03   3.2289547e+01
   3.3600000e+03   3.2570565e+01
   3.3700000e+03   3.2617510e+01
   3.3800000e+03   3.1795366e+01
   3.3900000e+03   2.9175331e+01
   3.4000000e+03   2.8980090e+01
   3.4100000e+03   2.8817446e+01
   3.4200000e+03   3.0819730e+01
   3.4300000e+03   3.4148544e+01
   3.4400000e+03   3.4315724e+01
   3.4500000e+03   3.4324284e+01
   3.4600000e+03   3.4312907e+01
   3.4700000e+03   3.4575844e+01
   3.4800000e+03   3.4671203e+01
   3.4900000e+03   3.3259732e+01
