   0.0000000e+00  -6.7666512e-06
   1.0000000e+01  -1.1249041e-02
   2.0000000e+01   1.8958335e-03
   3.0000000e+01  -5.4094290e-03
   4.0000000e+01  -1.0816312e-02
   5.0000000e+01  -6.4204982e-03
   6.0000000e+01  -4.2253504e-03
   7.0000000e+01  -4.6086180e-03
   8.0000000e+01  -2.2499934e-03
   9.0000000e+01  -2.3109613e-02
   1.0000000e+02  -8.2626963e-02
   1.1000000e+02  -1.1852690e-01
   1.2000000e+02  -2.3543663e-01
   1.3000000e+02  -4.5953363e-01
   1.4000000e+02  -9.1021741e-01
   1.5000000e+02  -1.7378509e+00
   1.6000000e+02  -3.2685528e+00
   1.7000000e+02  -5.7064319e+00
   1.8000000e+02  -8.7849103e+00
   1.9000000e+02  -1.1687646e+01
   2.0000000e+02  -1.4495469e+01
   2.1000000e+02  -1.6283236e+01
   2.2000000e+02  -1.7474174e+01
   2.3000000e+02  -1.8557855e+01
   2.4000000e+02  -1.9285685e+01
   2.5000000e+02  -1.9736646e+01
   2.6000000e+02  -2.0226313e+01
   2.7000000e+02  -2.0651523e+01
   2.8000000e+02  -2.0932503e+01
   2.9000000e+02  -2.1375617e+01
   3.0000000e+02  -2.1467271e+01
   3.1000000e+02  -2.1896941e+01
   3.2000000e+02  -2.1847846e+01
   3.3000000e+02  -2.1847787e+01
   3.4000000e+02  -2.2099105e+01
   3.5000000e+02  -2.2417659e+01
   3.6000000e+02  -2.2190050e+01
   3.7000000e+02  -2.2540586e+01
   3.8000000e+02  -2.2724664e+01
   3.9000000e+02  -2.2827910e+01
   4.0000000e+02  -2.2736530e+01
   4.1000000e+02  -2.2662016e+01
   4.2000000e+02  -2.2876363e+01
   4.3000000e+02  -2.2907405e+01
   4.4000000e+02  -2.2876701e+01
   4.5000000e+02  -2.3116044e+01
   4.6000000e+02  -2.2890793e+01
   4.7000000e+02  -2.2869108e+01
   4.8000000e+02  -2.3053050e+01
   4.9000000e+02  -2.2982885e+01
   5.0000000e+02  -2.3238669e+01
   5.1000000e+02  -2.3116541e+01
   5.2000000e+02  -2.3319973e+01
   5.3000000e+02  -2.2980806e+01
   5.4000000e+02  -2.3324050e+01
   5.5000000e+02  -2.3050506e+01
   5.6000000e+02  -2.3105430e+01
   5.7000000e+02  -2.3597888e+01
   5.8000000e+02  -2.3326020e+01
   5.9000000e+02  -2.3146901e+01
   6.0000000e+02  -2.3539802e+01
   6.1000000e+02  -2.3551503e+01
   6.2000000e+02  -2.3368871e+01
   6.3000000e+02  -2.3318318e+01
   6.4000000e+02  -2.3576494e+01
   6.5000000e+02  -2.3418381e+01
   6.6000000e+02  -2.3498442e+01
   6.7000000e+02  -2.3338257e+01
   6.8000000e+02  -2.3478519e+01
   6.9000000e+02  -2.3546560e+01
   7.0000000e+02  -2.3581515e+01
   7.1000000e+02  -2.3544731e+01
   7.2000000e+02  -2.3573226e+01
   7.3000000e+02  -2.3474284e+01
   7.4000000e+02  -2.3337620e+01
   7.5000000e+02  -2.3492395e+01
   7.6000000e+02  -2.3645196e+01
   7.7000000e+02  -2.3554559e+01
   7.8000000e+02  -2.3739265e+01
   7.9000000e+02  -2.3794636e+01
   8.0000000e+02  -2.3524370e+01
   8.1000000e+02  -2.3567325e+01
   8.2000000e+02  -2.3558402e+01
   8.3000000e+02  -2.3641219e+01
   8.4000000e+02  -2.3478942e+01
   8.5000000e+02  -2.3587044e+01
   8.6000000e+02  -2.3594769e+01
   8.7000000e+02  -2.3649600e+01
   8.8000000e+02  -2.3715651e+01
   8.9000000e+02  -2.3813200e+01
   9.0000000e+02  -2.3422913e+01
   9.1000000e+02  -2.3591982e+01
   9.2000000e+02  -2.3969328e+01
   9.3000000e+02  -2.3744847e+01
   9.4000000e+02  -2.3690444e+01
   9.5000000e+02  -2.3509318e+01
   9.6000000e+02  -2.3383901e+01
   9.7000000e+02  -2.3745472e+01
   9.8000000e+02  -2.3694295e+01
   9.9000000e+02  -2.3714599e+01
   1.0000000e+03  -2.4200191e+01
   1.0100000e+03  -2.3933376e+01
   1.0200000e+03  -2.3692989e+01
   1.0300000e+03  -2.3608774e+01
   1.0400000e+03  -2.3574217e+01
   1.0500000e+03  -2.3885669e+01
   1.0600000e+03  -2.3576087e+01
   1.0700000e+03  -2.3733033e+01
   1.0800000e+03  -2.3764051e+01
   1.0900000e+03  -2.3795907e+01
   1.1000000e+03  -2.3520950e+01
   1.1100000e+03  -2.3622612e+01
   1.1200000e+03  -2.3738979e+01
   1.1300000e+03  -2.3678445e+01
   1.1400000e+03  -2.3677802e+01
   1.1500000e+03  -2.3710559e+01
   1.1600000e+03  -2.3698712e+01
   1.1700000e+03  -2.3975063e+01
   1.1800000e+03  -2.3555101e+01
   1.1900000e+03  -2.3835658e+01
   1.2000000e+03  -2.3657478e+01
   1.2100000e+03  -2.3737188e+01
   1.2200000e+03  -2.3730340e+01
   1.2300000e+03  -2.3830009e+01
   1.2400000e+03  -2.4046269e+01
   1.2500000e+03  -2.3990043e+01
   1.2600000e+03  -2.3771164e+01
   1.2700000e+03  -2.3898647e+01
   1.2800000e+03  -2.3780636e+01
   1.2900000e+03  -2.3847790e+01
   1.3000000e+03  -2.3761643e+01
   1.3100000e+03  -2.3916002e+01
   1.3200000e+03  -2.3872954e+01
   1.3300000e+03  -2.3775943e+01
   1.3400000e+03  -2.3748816e+01
   1.3500000e+03  -2.3688777e+01
   1.3600000e+03  -2.3821211e+01
   1.3700000e+03  -2.3607389e+01
   1.3800000e+03  -2.3569616e+01
   1.3900000e+03  -2.3938266e+01
   1.4000000e+03  -2.3621369e+01
   1.4100000e+03  -2.3665160e+01
   1.4200000e+03  -2.3666458e+01
   1.4300000e+03  -2.3761739e+01
   1.4400000e+03  -2.3701640e+01
   1.4500000e+03  -2.3659540e+01
   1.4600000e+03  -2.3511861e+01
   1.4700000e+03  -2.3552203e+01
   1.4800000e+03  -2.3679586e+01
   1.4900000e+03  -2.3796648e+01
   1.5000000e+03  -2.3513946e+01
   1.5100000e+03  -2.3760718e+01
   1.5200000e+03  -2.3476822e+01
   1.5300000e+03  -2.3583879e+01
   1.5400000e+03  -2.3720169e+01
   1.5500000e+03  -2.3812761e+01
   1.5600000e+03  -2.3762323e+01
   1.5700000e+03  -2.3782183e+01
   1.5800000e+03  -2.3787032e+01
   1.5900000e+03  -2.3840979e+01
   1.6000000e+03  -2.3383288e+01
   1.6100000e+03  -2.3573938e+01
   1.6200000e+03  -2.3520081e+01
   1.6300000e+03  -2.3828917e+01
   1.6400000e+03  -2.3553533e+01
   1.6500000e+03  -2.3764661e+01
   1.6600000e+03  -2.3854633e+01
   1.6700000e+03  -2.3707616e+01
   1.6800000e+03  -2.3657388e+01
   1.6900000e+03  -2.3775300e+01
   1.7000000e+03  -2.3540439e+01
   1.7100000e+03  -2.3632452e+01
   1.7200000e+03  -2.3900773e+01
   1.7300000e+03  -2.3742298e+01
   1.7400000e+03  -2.3791824e+01
   1.7500000e+03  -2.3748212e+01
   1.7600000e+03  -2.3846557e+01
   1.7700000e+03  -2.3390433e+01
   1.7800000e+03  -2.3810619e+01
   1.7900000e+03  -2.3564962e+01
   1.8000000e+03  -2.3942321e+01
   1.8100000e+03  -2.3864006e+01
   1.8200000e+03  -2.3460098e+01
   1.8300000e+03  -2.3686962e+01
   1.8400000e+03  -2.3594764e+01
   1.8500000e+03  -2.3691993e+01
   1.8600000e+03  -2.3752732e+01
   1.8700000e+03  -2.3758648e+01
   1.8800000e+03  -2.3744967e+01
   1.8900000e+03  -2.3877821e+01
   1.9000000e+03  -2.3618541e+01
   1.9100000e+03  -2.3784315e+01
   1.9200000e+03  -2.3758415e+01
   1.9300000e+03  -2.3618672e+01
   1.9400000e+03  -2.3399038e+01
   1.9500000e+03  -2.3474282e+01
   1.9600000e+03  -2.3580749e+01
   1.9700000e+03  -2.3421229e+01
   1.9800000e+03  -2.3689859e+01
   1.9900000e+03  -2.3638824e+01
   2.0000000e+03  -2.3932331e+01
   2.0100000e+03  -2.3490236e+01
   2.0200000e+03  -2.3571282e+01
   2.0300000e+03  -2.3733209e+01
   2.0400000e+03  -2.3732454e+01
   2.0500000e+03  -2.3623597e+01
   2.0600000e+03  -2.3629001e+01
   2.0700000e+03  -2.3358740e+01
   2.0800000e+03  -2.3454570e+01
   2.0900000e+03  -2.3397990e+01
   2.1000000e+03  -2.3361894e+01
   2.1100000e+03  -2.3607466e+01
   2.1200000e+03  -2.3426560e+01
   2.1300000e+03  -2.3645632e+01
   2.1400000e+03  -2.3437988e+01
   2.1500000e+03  -2.3769566e+01
   2.1600000e+03  -2.3413377e+01
   2.1700000e+03  -2.3635253e+01
   2.1800000e+03  -2.3734963e+01
   2.1900000e+03  -2.3487838e+01
   2.2000000e+03  -2.3310468e+01
   2.2100000e+03  -2.3759642e+01
   2.2200000e+03  -2.3576282e+01
   2.2300000e+03  -2.3377387e+01
   2.2400000e+03  -2.3744609e+01
   2.2500000e+03  -2.3767405e+01
   2.2600000e+03  -2.3473758e+01
   2.2700000e+03  -2.3363901e+01
   2.2800000e+03  -2.3330997e+01
   2.2900000e+03  -2.3649399e+01
   2.3000000e+03  -2.3466013e+01
   2.3100000e+03  -2.3501370e+01
   2.3200000e+03  -2.3581739e+01
   2.3300000e+03  -2.3581004e+01
   2.3400000e+03  -2.3478522e+01
   2.3500000e+03  -2.3511663e+01
   2.3600000e+03  -2.3365559e+01
   2.3700000e+03  -2.3511869e+01
   2.3800000e+03  -2.3494376e+01
   2.3900000e+03  -2.3650305e+01
   2.4000000e+03  -2.3615747e+01
   2.4100000e+03  -2.3763373e+01
   2.4200000e+03  -2.3721302e+01
   2.4300000e+03  -2.3643620e+01
   2.4400000e+03  -2.3694667e+01
   2.4500000e+03  -2.3405227e+01
   2.4600000e+03  -2.3657629e+01
   2.4700000e+03  -2.3731373e+01
   2.4800000e+03  -2.3469573e+01
   2.4900000e+03  -2.3680217e+01
   2.5000000e+03  -2.3855470e+01
   2.5100000e+03  -2.3690093e+01
   2.5200000e+03  -2.3775592e+01
   2.5300000e+03  -2.3536477e+01
   2.5400000e+03  -2.3860773e+01
   2.5500000e+03  -2.3732976e+01
   2.5600000e+03  -2.3748660e+01
   2.5700000e+03  -2.3587662e+01
   2.5800000e+03  -2.3777739e+01
   2.5900000e+03  -2.3511106e+01
   2.6000000e+03  -2.3581018e+01
   2.6100000e+03  -2.3374747e+01
   2.6200000e+03  -2.3571106e+01
   2.6300000e+03  -2.3704980e+01
   2.6400000e+03  -2.3659721e+01
   2.6500000e+03  -2.3642252e+01
   2.6600000e+03  -2.3675930e+01
   2.6700000e+03  -2.3551022e+01
   2.6800000e+03  -2.3678799e+01
   2.6900000e+03  -2.3458735e+01
   2.7000000e+03  -2.3475585e+01
   2.7100000e+03  -2.3783743e+01
   2.7200000e+03  -2.3351882e+01
   2.7300000e+03  -2.3783657e+01
   2.7400000e+03  -2.3299023e+01
   2.7500000e+03  -2.3663084e+01
   2.7600000e+03  -2.3367969e+01
   2.7700000e+03  -2.3599654e+01
   2.7800000e+03  -2.3387478e+01
   2.7900000e+03  -2.3645229e+01
   2.8000000e+03  -2.3501685e+01
   2.8100000e+03  -2.3764774e+01
   2.8200000e+03  -2.3651318e+01
   2.8300000e+03  -2.3536739e+01
   2.8400000e+03  -2.3641884e+01
   2.8500000e+03  -2.3561740e+01
   2.8600000e+03  -2.3586857e+01
   2.8700000e+03  -2.3806161e+01
   2.8800000e+03  -2.3642595e+01
   2.8900000e+03  -2.3619763e+01
   2.9000000e+03  -2.3657878e+01
   2.9100000e+03  -2.3771154e+01
   2.9200000e+03  -2.3530347e+01
   2.9300000e+03  -2.3465508e+01
   2.9400000e+03  -2.3269611e+01
   2.9500000e+03  -2.3699181e+01
   2.9600000e+03  -2.3727069e+01
   2.9700000e+03  -2.3541573e+01
   2.9800000e+03  -2.3885702e+01
   2.9900000e+03  -2.3872640e+01
   3.0000000e+03  -2.3606532e+01
   3.0100000e+03  -2.3825513e+01
   3.0200000e+03  -2.3919827e+01
   3.0300000e+03  -2.3649258e+01
   3.0400000e+03  -2.3867805e+01
   3.0500000e+03  -2.3675072e+01
   3.0600000e+03  -2.3739267e+01
   3.0700000e+03  -2.3795163e+01
   3.0800000e+03  -2.3710549e+01
   3.0900000e+03  -2.3785950e+01
   3.1000000e+03  -2.3656122e+01
   3.1100000e+03  -2.3549409e+01
   3.1200000e+03  -2.3644553e+01
   3.1300000e+03  -2.3785865e+01
   3.1400000e+03  -2.4107091e+01
   3.1500000e+03  -2.3603915e+01
   3.1600000e+03  -2.4056472e+01
   3.1700000e+03  -2.3872496e+01
   3.1800000e+03  -2.3789542e+01
   3.1900000e+03  -2.3437094e+01
   3.2000000e+03  -2.3798558e+01
   3.2100000e+03  -2.3563031e+01
   3.2200000e+03  -2.3976553e+01
   3.2300000e+03  -2.3740003e+01
   3.2400000e+03  -2.3825816e+01
   3.2500000e+03  -2.3746532e+01
   3.2600000e+03  -2.3828816e+01
   3.2700000e+03  -2.3802603e+01
   3.2800000e+03  -2.3599487e+01
   3.2900000e+03  -2.3484192e+01
   3.3000000e+03  -2.3613986e+01
   3.3100000e+03  -2.3671872e+01
   3.3200000e+03  -2.3781324e+01
   3.3300000e+03  -2.3868368e+01
   3.3400000e+03  -2.3742515e+01
   3.3500000e+03  -2.3930235e+01
   3.3600000e+03  -2.3846769e+01
   3.3700000e+03  -2.3910267e+01
   3.3800000e+03  -2.3808243e+01
   3.3900000e+03  -2.4128748e+01
   3.4000000e+03  -2.4321853e+01
   3.4100000e+03  -2.4314770e+01
   3.4200000e+03  -2.4385085e+01
   3.4300000e+03  -2.4425808e+01
   3.4400000e+03  -2.4394566e+01
   3.4500000e+03  -2.4412452e+01
   3.4600000e+03  -2.4618831e+01
   3.4700000e+03  -2.4811006e+01
   3.4800000e+03  -2.4449101e+01
   3.4900000e+03  -2.4766896e+01
