   0.0000000e+00   1.9076730e+01
   1.0000000e+01   1.9068746e+01
   2.0000000e+01   1.9085344e+01
   3.0000000e+01   1.9059232e+01
   4.0000000e+01   1.9072880e+01
   5.0000000e+01   1.9071051e+01
   6.0000000e+01   1.9067529e+01
   7.0000000e+01   1.9079107e+01
   8.0000000e+01   1.9069176e+01
   9.0000000e+01   1.9070500e+01
   1.0000000e+02   1.9054718e+01
   1.1000000e+02   1.9050625e+01
   1.2000000e+02   1.9074136e+01
   1.3000000e+02   1.9131169e+01
   1.4000000e+02   1.9222878e+01
   1.5000000e+02   1.9303193e+01
   1.6000000e+02   1.9345650e+01
   1.7000000e+02   1.9432378e+01
   1.8000000e+02   1.9646035e+01
   1.9000000e+02   2.0057726e+01
   2.0000000e+02   2.0528317e+01
   2.1000000e+02   2.1013997e+01
   2.2000000e+02   2.1290329e+01
   2.3000000e+02   2.1434262e+01
   2.4000000e+02   2.1517745e+01
   2.5000000e+02   2.1615037e+01
   2.6000000e+02   2.1576736e+01
   2.7000000e+02   2.1527028e+01
   2.8000000e+02   2.1566967e+01
   2.9000000e+02   2.1557217e+01
   3.0000000e+02   2.1566549e+01
   3.1000000e+02   2.1553261e+01
   3.2000000e+02   2.1519463e+01
   3.3000000e+02   2.1558358e+01
   3.4000000e+02   2.1530888e+01
   3.5000000e+02   2.1530571e+01
   3.6000000e+02   2.1565569e+01
   3.7000000e+02   2.1508960e+01
   3.8000000e+02   2.1518877e+01
   3.9000000e+02   2.1586485e+01
   4.0000000e+02   2.1564338e+01
   4.1000000e+02   2.1579385e+01
   4.2000000e+02   2.1561755e+01
   4.3000000e+02   2.1566107e+01
   4.4000000e+02   2.1556479e+01
   4.5000000e+02   2.1600718e+01
   4.6000000e+02   2.1577876e+01
   4.7000000e+02   2.1595657e+01
   4.8000000e+02   2.1613085e+01
   4.9000000e+02   2.1668171e+01
   5.0000000e+02   2.1595601e+01
   5.1000000e+02   2.1575289e+01
   5.2000000e+02   2.1578592e+01
   5.3000000e+02   2.1580532e+01
   5.4000000e+02   2.1555320e+01
   5.5000000e+02   2.1589067e+01
   5.6000000e+02   2.1567790e+01
   5.7000000e+02   2.1600502e+01
   5.8000000e+02   2.1603560e+01
   5.9000000e+02   2.1592002e+01
   6.0000000e+02   2.1611173e+01
   6.1000000e+02   2.1629827e+01
   6.2000000e+02   2.1604808e+01
   6.3000000e+02   2.1608668e+01
   6.4000000e+02   2.1630069e+01
   6.5000000e+02   2.1629055e+01
   6.6000000e+02   2.1639121e+01
   6.7000000e+02   2.1680635e+01
   6.8000000e+02   2.1648337e+01
   6.9000000e+02   2.1677808e+01
   7.0000000e+02   2.1674061e+01
   7.1000000e+02   2.1644362e+01
   7.2000000e+02   2.1661654e+01
   7.3000000e+02   2.1663525e+01
   7.4000000e+02   2.1697745e+01
   7.5000000e+02   2.1678919e+01
   7.6000000e+02   2.1696483e+01
   7.7000000e+02   2.1658184e+01
   7.8000000e+02   2.1655933e+01
   7.9000000e+02   2.1664202e+01
   8.0000000e+02   2.1660563e+01
   8.1000000e+02   2.1654557e+01
   8.2000000e+02   2.1655627e+01
   8.3000000e+02   2.1695169e+01
   8.4000000e+02   2.1661238e+01
   8.5000000e+02   2.1706209e+01
   8.6000000e+02   2.1748471e+01
   8.7000000e+02   2.1724600e+01
   8.8000000e+02   2.1669645e+01
   8.9000000e+02   2.1746118e+01
   9.0000000e+02   2.1761204e+01
   9.1000000e+02   2.1756682e+01
   9.2000000e+02   2.1706288e+01
   9.3000000e+02   2.1768063e+01
   9.4000000e+02   2.1781693e+01
   9.5000000e+02   2.1775906e+01
   9.6000000e+02   2.1810504e+01
   9.7000000e+02   2.1817330e+01
   9.8000000e+02   2.1772013e+01
   9.9000000e+02   2.1758768e+01
   1.0000000e+03   2.1751279e+01
   1.0100000e+03   2.1746635e+01
   1.0200000e+03   2.1721075e+01
   1.0300000e+03   2.1704606e+01
   1.0400000e+03   2.1731342e+01
   1.0500000e+03   2.1730658e+01
   1.0600000e+03   2.1759992e+01
   1.0700000e+03   2.1767922e+01
   1.0800000e+03   2.1801596e+01
   1.0900000e+03   2.1750359e+01
   1.1000000e+03   2.1792278e+01
   1.1100000e+03   2.1789824e+01
   1.1200000e+03   2.1812270e+01
   1.1300000e+03   2.1787772e+01
   1.1400000e+03   2.1779262e+01
   1.1500000e+03   2.1798185e+01
   1.1600000e+03   2.1772600e+01
   1.1700000e+03   2.1754388e+01
   1.1800000e+03   2.1781258e+01
   1.1900000e+03   2.1786193e+01
   1.2000000e+03   2.1812884e+01
   1.2100000e+03   2.1765567e+01
   1.2200000e+03   2.1751955e+01
   1.2300000e+03   2.1712175e+01
   1.2400000e+03   2.1714429e+01
   1.2500000e+03   2.1731190e+01
   1.2600000e+03   2.1724329e+01
   1.2700000e+03   2.1718093e+01
   1.2800000e+03   2.1766778e+01
   1.2900000e+03   2.1730497e+01
   1.3000000e+03   2.1692554e+01
   1.3100000e+03   2.1690182e+01
   1.3200000e+03   2.1681373e+01
   1.3300000e+03   2.1708218e+01
   1.3400000e+03   2.1722599e+01
   1.3500000e+03   2.1717057e+01
   1.3600000e+03   2.1737478e+01
   1.3700000e+03   2.1751761e+01
   1.3800000e+03   2.1792088e+01
   1.3900000e+03   2.1791484e+01
   1.4000000e+03   2.1787641e+01
   1.4100000e+03   2.1769199e+01
   1.4200000e+03   2.1722438e+01
   1.4300000e+03   2.1745906e+01
   1.4400000e+03   2.1752120e+01
   1.4500000e+03   2.1781357e+01
   1.4600000e+03   2.1753743e+01
   1.4700000e+03   2.1777580e+01
   1.4800000e+03   2.1684308e+01
   1.4900000e+03   2.1699328e+01
   1.5000000e+03   2.1732964e+01
   1.5100000e+03   2.1708398e+01
   1.5200000e+03   2.1717675e+01
   1.5300000e+03   2.1746126e+01
   1.5400000e+03   2.1723343e+01
   1.5500000e+03   2.1757045e+01
   1.5600000e+03   2.1728996e+01
   1.5700000e+03   2.1721222e+01
   1.5800000e+03   2.1702126e+01
   1.5900000e+03   2.1696870e+01
   1.6000000e+03   2.1731866e+01
   1.6100000e+03   2.1712171e+01
   1.6200000e+03   2.1751399e+01
   1.6300000e+03   2.1814915e+01
   1.6400000e+03   2.1728137e+01
   1.6500000e+03   2.1792878e+01
   1.6600000e+03   2.1812606e+01
   1.6700000e+03   2.1777905e+01
   1.6800000e+03   2.1783400e+01
   1.6900000e+03   2.1720341e+01
   1.7000000e+03   2.1771313e+01
   1.7100000e+03   2.1794458e+01
   1.7200000e+03   2.1781039e+01
   1.7300000e+03   2.1736324e+01
   1.7400000e+03   2.1752407e+01
   1.7500000e+03   2.1717025e+01
   1.7600000e+03   2.1759316e+01
   1.7700000e+03   2.1771507e+01
   1.7800000e+03   2.1732765e+01
   1.7900000e+03   2.1742438e+01
   1.8000000e+03   2.1713901e+01
   1.8100000e+03   2.1723628e+01
   1.8200000e+03   2.1741644e+01
   1.8300000e+03   2.1757576e+01
   1.8400000e+03   2.1763793e+01
   1.8500000e+03   2.1752619e+01
   1.8600000e+03   2.1708133e+01
   1.8700000e+03   2.1728311e+01
   1.8800000e+03   2.1693350e+01
   1.8900000e+03   2.1680883e+01
   1.9000000e+03   2.1689373e+01
   1.9100000e+03   2.1728821e+01
   1.9200000e+03   2.1705387e+01
   1.9300000e+03   2.1712720e+01
   1.9400000e+03   2.1728204e+01
   1.9500000e+03   2.1689283e+01
   1.9600000e+03   2.1712388e+01
   1.9700000e+03   2.1755755e+01
   1.9800000e+03   2.1728728e+01
   1.9900000e+03   2.1755343e+01
   2.0000000e+03   2.1704665e+01
   2.0100000e+03   2.1741310e+01
   2.0200000e+03   2.1765529e+01
   2.0300000e+03   2.1731005e+01
   2.0400000e+03   2.1759551e+01
   2.0500000e+03   2.1721461e+01
   2.0600000e+03   2.1775794e+01
   2.0700000e+03   2.1774363e+01
   2.0800000e+03   2.1734519e+01
   2.0900000e+03   2.1755119e+01
   2.1000000e+03   2.1750436e+01
   2.1100000e+03   2.1747917e+01
   2.1200000e+03   2.1780954e+01
   2.1300000e+03   2.1735966e+01
   2.1400000e+03   2.1761874e+01
   2.1500000e+03   2.1730997e+01
   2.1600000e+03   2.1740004e+01
   2.1700000e+03   2.1738056e+01
   2.1800000e+03   2.1753173e+01
   2.1900000e+03   2.1727181e+01
   2.2000000e+03   2.1738488e+01
   2.2100000e+03   2.1741874e+01
   2.2200000e+03   2.1744050e+01
   2.2300000e+03   2.1702205e+01
   2.2400000e+03   2.1750281e+01
   2.2500000e+03   2.1732277e+01
   2.2600000e+03   2.1807837e+01
   2.2700000e+03   2.1794079e+01
   2.2800000e+03   2.1813414e+01
   2.2900000e+03   2.1840463e+01
   2.3000000e+03   2.1796349e+01
   2.3100000e+03   2.1759976e+01
   2.3200000e+03   2.1755607e+01
   2.3300000e+03   2.1771949e+01
   2.3400000e+03   2.1736188e+01
   2.3500000e+03   2.1770560e+01
   2.3600000e+03   2.1767579e+01
   2.3700000e+03   2.1788874e+01
   2.3800000e+03   2.1815380e+01
   2.3900000e+03   2.1779130e+01
   2.4000000e+03   2.1757412e+01
   2.4100000e+03   2.1805024e+01
   2.4200000e+03   2.1778748e+01
   2.4300000e+03   2.1760337e+01
   2.4400000e+03   2.1796205e+01
   2.4500000e+03   2.1830372e+01
   2.4600000e+03   2.1798654e+01
   2.4700000e+03   2.1795456e+01
   2.4800000e+03   2.1777549e+01
   2.4900000e+03   2.1780216e+01
   2.5000000e+03   2.1786448e+01
   2.5100000e+03   2.1751259e+01
   2.5200000e+03   2.1751613e+01
   2.5300000e+03   2.1758294e+01
   2.5400000e+03   2.1780596e+01
   2.5500000e+03   2.1750524e+01
   2.5600000e+03   2.1769656e+01
   2.5700000e+03   2.1774609e+01
   2.5800000e+03   2.1793796e+01
   2.5900000e+03   2.1757641e+01
   2.6000000e+03   2.1816465e+01
   2.6100000e+03   2.1787469e+01
   2.6200000e+03   2.1845829e+01
   2.6300000e+03   2.1809690e+01
   2.6400000e+03   2.1795294e+01
   2.6500000e+03   2.1778966e+01
   2.6600000e+03   2.1796941e+01
   2.6700000e+03   2.1798833e+01
   2.6800000e+03   2.1820986e+01
   2.6900000e+03   2.1851397e+01
   2.7000000e+03   2.1801951e+01
   2.7100000e+03   2.1798400e+01
   2.7200000e+03   2.1823138e+01
   2.7300000e+03   2.1795203e+01
   2.7400000e+03   2.1767799e+01
   2.7500000e+03   2.1771501e+01
   2.7600000e+03   2.1755472e+01
   2.7700000e+03   2.1773898e+01
   2.7800000e+03   2.1774974e+01
   2.7900000e+03   2.1809319e+01
   2.8000000e+03   2.1807688e+01
   2.8100000e+03   2.1775985e+01
   2.8200000e+03   2.1783769e+01
   2.8300000e+03   2.1804400e+01
   2.8400000e+03   2.1860665e+01
   2.8500000e+03   2.1872926e+01
   2.8600000e+03   2.1874302e+01
   2.8700000e+03   2.1888114e+01
   2.8800000e+03   2.1837801e+01
   2.8900000e+03   2.1859478e+01
   2.9000000e+03   2.1884855e+01
   2.9100000e+03   2.1837017e+01
   2.9200000e+03   2.1859129e+01
   2.9300000e+03   2.1860954e+01
   2.9400000e+03   2.1821034e+01
   2.9500000e+03   2.1867230e+01
   2.9600000e+03   2.1813853e+01
   2.9700000e+03   2.1820399e+01
   2.9800000e+03   2.1752705e+01
   2.9900000e+03   2.1796304e+01
   3.0000000e+03   2.1779528e+01
   3.0100000e+03   2.1823794e+01
   3.0200000e+03   2.1797629e+01
   3.0300000e+03   2.1828451e+01
   3.0400000e+03   2.1835854e+01
   3.0500000e+03   2.1806329e+01
   3.0600000e+03   2.1833858e+01
   3.0700000e+03   2.1824104e+01
   3.0800000e+03   2.1891933e+01
   3.0900000e+03   2.1842192e+01
   3.1000000e+03   2.1839786e+01
   3.1100000e+03   2.1796532e+01
   3.1200000e+03   2.1780465e+01
   3.1300000e+03   2.1764302e+01
   3.1400000e+03   2.1782660e+01
   3.1500000e+03   2.1761517e+01
   3.1600000e+03   2.1739557e+01
   3.1700000e+03   2.1811637e+01
   3.1800000e+03   2.1801161e+01
   3.1900000e+03   2.1771786e+01
   3.2000000e+03   2.1766807e+01
   3.2100000e+03   2.1730586e+01
   3.2200000e+03   2.1776174e+01
   3.2300000e+03   2.1724753e+01
   3.2400000e+03   2.1746296e+01
   3.2500000e+03   2.1749728e+01
   3.2600000e+03   2.1764835e+01
   3.2700000e+03   2.1775915e+01
   3.2800000e+03   2.1752907e+01
   3.2900000e+03   2.1760762e+01
   3.3000000e+03   2.1802676e+01
   3.3100000e+03   2.1819973e+01
   3.3200000e+03   2.1820398e+01
   3.3300000e+03   2.1822319e+01
   3.3400000e+03   2.1874189e+01
   3.3500000e+03   2.1915051e+01
   3.3600000e+03   2.1896427e+01
   3.3700000e+03   2.1902498e+01
   3.3800000e+03   2.1910786e+01
   3.3900000e+03   2.1871836e+01
   3.4000000e+03   2.1817698e+01
   3.4100000e+03   2.1837894e+01
   3.4200000e+03   2.1833910e+01
   3.4300000e+03   2.1826416e+01
   3.4400000e+03   2.1779773e+01
   3.4500000e+03   2.1814012e+01
   3.4600000e+03   2.1840724e+01
   3.4700000e+03   2.1870497e+01
   3.4800000e+03   2.1847260e+01
   3.4900000e+03   2.1874638e+01
