   0.0000000e+00  -6.7854125e-03
   1.0000000e+01   3.1042397e-03
   2.0000000e+01   8.8235958e-03
   3.0000000e+01   5.2306430e-03
   4.0000000e+01  -3.1992639e-03
   5.0000000e+01   3.7709949e-05
   6.0000000e+01  -5.5334132e-04
   7.0000000e+01  -7.6675702e-06
   8.0000000e+01   5.3721672e-03
   9.0000000e+01  -9.4602315e-03
   1.0000000e+02   9.9629816e-02
   1.1000000e+02   5.8138473e-02
   1.2000000e+02   1.9273459e-01
   1.3000000e+02   3.8130578e-01
   1.4000000e+02   6.5523193e-01
   1.5000000e+02   8.8193762e-01
   1.6000000e+02   2.0000157e+00
   1.7000000e+02   2.5844924e+00
   1.8000000e+02   3.4444474e+00
   1.9000000e+02   4.1050315e+00
   2.0000000e+02   4.4502716e+00
   2.1000000e+02   3.8491531e+00
   2.2000000e+02   2.9831667e+00
   2.3000000e+02   4.1868622e+00
   2.4000000e+02   3.0926668e+00
   2.5000000e+02   2.9905553e+00
   2.6000000e+02   3.0723877e+00
   2.7000000e+02   2.9857396e+00
   2.8000000e+02   3.2389354e+00
   2.9000000e+02   2.2609834e+00
   3.0000000e+02   2.6761274e+00
   3.1000000e+02   2.7815547e+00
   3.2000000e+02   3.3686874e+00
   3.3000000e+02   2.6125714e+00
   3.4000000e+02   2.6018916e+00
   3.5000000e+02   2.5807305e+00
   3.6000000e+02   2.7588820e+00
   3.7000000e+02   2.4421051e+00
   3.8000000e+02   2.3623803e+00
   3.9000000e+02   2.6885875e+00
   4.0000000e+02   2.0959711e+00
   4.1000000e+02   2.3786883e+00
   4.2000000e+02   3.0720168e+00
   4.3000000e+02   2.8007667e+00
   4.4000000e+02   2.3041974e+00
   4.5000000e+02   2.1934920e+00
   4.6000000e+02   2.8136996e+00
   4.7000000e+02   2.3067262e+00
   4.8000000e+02   2.3262614e+00
   4.9000000e+02   2.2274186e+00
   5.0000000e+02   2.4376695e+00
   5.1000000e+02   2.4863187e+00
   5.2000000e+02   2.0867548e+00
   5.3000000e+02   1.9249386e+00
   5.4000000e+02   1.5993811e+00
   5.5000000e+02   1.9266130e+00
   5.6000000e+02   1.9649566e+00
   5.7000000e+02   2.3939210e+00
   5.8000000e+02   2.3197176e+00
   5.9000000e+02   2.3848860e+00
   6.0000000e+02   2.4079997e+00
   6.1000000e+02   2.0912245e+00
   6.2000000e+02   2.4922448e+00
   6.3000000e+02   1.6657471e+00
   6.4000000e+02   2.0406987e+00
   6.5000000e+02   2.5889619e+00
   6.6000000e+02   2.0097402e+00
   6.7000000e+02   2.4867985e+00
   6.8000000e+02   1.8233965e+00
   6.9000000e+02   2.0505787e+00
   7.0000000e+02   1.6855582e+00
   7.1000000e+02   2.1082502e+00
   7.2000000e+02   1.6931631e+00
   7.3000000e+02   1.5484372e+00
   7.4000000e+02   1.8311406e+00
   7.5000000e+02   2.1700800e+00
   7.6000000e+02   1.6200953e+00
   7.7000000e+02   2.0093971e+00
   7.8000000e+02   2.1172668e+00
   7.9000000e+02   2.5014229e+00
   8.0000000e+02   2.2625622e+00
   8.1000000e+02   1.9619518e+00
   8.2000000e+02   2.3222001e+00
   8.3000000e+02   2.1317119e+00
   8.4000000e+02   2.1115142e+00
   8.5000000e+02   2.3056967e+00
   8.6000000e+02   2.2214280e+00
   8.7000000e+02   1.7315725e+00
   8.8000000e+02   1.8925380e+00
   8.9000000e+02   1.9864405e+00
   9.0000000e+02   2.0862697e+00
   9.1000000e+02   2.1130603e+00
   9.2000000e+02   2.5873066e+00
   9.3000000e+02   2.0267226e+00
   9.4000000e+02   2.0109983e+00
   9.5000000e+02   1.9393152e+00
   9.6000000e+02   2.0987329e+00
   9.7000000e+02   2.1476380e+00
   9.8000000e+02   1.8281899e+00
   9.9000000e+02   2.1477535e+00
   1.0000000e+03   1.8912556e+00
   1.0100000e+03   2.0036173e+00
   1.0200000e+03   1.8672699e+00
   1.0300000e+03   1.9786722e+00
   1.0400000e+03   2.2326120e+00
   1.0500000e+03   2.3834690e+00
   1.0600000e+03   1.7022089e+00
   1.0700000e+03   2.2571321e+00
   1.0800000e+03   2.5967680e+00
   1.0900000e+03   2.2140676e+00
   1.1000000e+03   1.8646717e+00
   1.1100000e+03   1.6302453e+00
   1.1200000e+03   1.9660987e+00
   1.1300000e+03   2.4676583e+00
   1.1400000e+03   1.8470216e+00
   1.1500000e+03   2.0009378e+00
   1.1600000e+03   1.4102332e+00
   1.1700000e+03   2.0192064e+00
   1.1800000e+03   1.8448851e+00
   1.1900000e+03   2.3279878e+00
   1.2000000e+03   2.2404225e+00
   1.2100000e+03   1.6043440e+00
   1.2200000e+03   2.3877425e+00
   1.2300000e+03   2.2043239e+00
   1.2400000e+03   1.7446880e+00
   1.2500000e+03   2.7665246e+00
   1.2600000e+03   1.7262544e+00
   1.2700000e+03   2.2447124e+00
   1.2800000e+03   1.8770970e+00
   1.2900000e+03   2.3451747e+00
   1.3000000e+03   1.7691550e+00
   1.3100000e+03   1.9453657e+00
   1.3200000e+03   2.0788426e+00
   1.3300000e+03   2.4032136e+00
   1.3400000e+03   1.9704453e+00
   1.3500000e+03   2.0852121e+00
   1.3600000e+03   1.7002960e+00
   1.3700000e+03   2.0370742e+00
   1.3800000e+03   1.9808281e+00
   1.3900000e+03   1.7968334e+00
   1.4000000e+03   2.0051495e+00
   1.4100000e+03   2.1434382e+00
   1.4200000e+03   2.2569622e+00
   1.4300000e+03   1.9954470e+00
   1.4400000e+03   1.8834396e+00
   1.4500000e+03   2.1486735e+00
   1.4600000e+03   2.2183867e+00
   1.4700000e+03   2.0223585e+00
   1.4800000e+03   2.5708738e+00
   1.4900000e+03   2.2209994e+00
   1.5000000e+03   2.2817487e+00
   1.5100000e+03   2.2575672e+00
   1.5200000e+03   2.4236008e+00
   1.5300000e+03   2.3581637e+00
   1.5400000e+03   2.0335673e+00
   1.5500000e+03   2.1042204e+00
   1.5600000e+03   2.0243340e+00
   1.5700000e+03   2.4469930e+00
   1.5800000e+03   2.4221072e+00
   1.5900000e+03   1.8123634e+00
   1.6000000e+03   2.9105201e+00
   1.6100000e+03   2.1549678e+00
   1.6200000e+03   1.5869077e+00
   1.6300000e+03   2.1594711e+00
   1.6400000e+03   1.5647817e+00
   1.6500000e+03   1.8249068e+00
   1.6600000e+03   2.2680312e+00
   1.6700000e+03   2.3071282e+00
   1.6800000e+03   1.7780443e+00
   1.6900000e+03   1.9256619e+00
   1.7000000e+03   2.1641416e+00
   1.7100000e+03   2.5283877e+00
   1.7200000e+03   2.2725581e+00
   1.7300000e+03   2.4811416e+00
   1.7400000e+03   2.1716605e+00
   1.7500000e+03   2.9183571e+00
   1.7600000e+03   2.3405776e+00
   1.7700000e+03   2.1909336e+00
   1.7800000e+03   2.4766089e+00
   1.7900000e+03   2.4496005e+00
   1.8000000e+03   1.9895843e+00
   1.8100000e+03   2.6586160e+00
   1.8200000e+03   2.2515984e+00
   1.8300000e+03   1.9503724e+00
   1.8400000e+03   2.3276333e+00
   1.8500000e+03   2.0138982e+00
   1.8600000e+03   1.7766652e+00
   1.8700000e+03   2.1049055e+00
   1.8800000e+03   2.1982192e+00
   1.8900000e+03   2.7685034e+00
   1.9000000e+03   1.9039930e+00
   1.9100000e+03   1.7097476e+00
   1.9200000e+03   2.4251277e+00
   1.9300000e+03   2.1844906e+00
   1.9400000e+03   2.1802395e+00
   1.9500000e+03   2.0708266e+00
   1.9600000e+03   2.1566887e+00
   1.9700000e+03   2.1215361e+00
   1.9800000e+03   1.8721707e+00
   1.9900000e+03   2.4354817e+00
   2.0000000e+03   1.7708264e+00
   2.0100000e+03   2.4717566e+00
   2.0200000e+03   2.0051835e+00
   2.0300000e+03   2.8008345e+00
   2.0400000e+03   1.5910865e+00
   2.0500000e+03   2.2905404e+00
   2.0600000e+03   2.3604092e+00
   2.0700000e+03   2.5380382e+00
   2.0800000e+03   1.6583453e+00
   2.0900000e+03   2.6298972e+00
   2.1000000e+03   2.3919221e+00
   2.1100000e+03   2.4798939e+00
   2.1200000e+03   2.3507839e+00
   2.1300000e+03   2.3924589e+00
   2.1400000e+03   2.1523010e+00
   2.1500000e+03   1.5452265e+00
   2.1600000e+03   2.6578100e+00
   2.1700000e+03   2.1903896e+00
   2.1800000e+03   2.1715425e+00
   2.1900000e+03   1.9532644e+00
   2.2000000e+03   1.8817034e+00
   2.2100000e+03   1.9534191e+00
   2.2200000e+03   2.3511789e+00
   2.2300000e+03   1.5548603e+00
   2.2400000e+03   2.7725994e+00
   2.2500000e+03   2.3676955e+00
   2.2600000e+03   1.8391654e+00
   2.2700000e+03   2.2587305e+00
   2.2800000e+03   2.4720714e+00
   2.2900000e+03   2.7840475e+00
   2.3000000e+03   2.1681586e+00
   2.3100000e+03   2.6294624e+00
   2.3200000e+03   2.5781765e+00
   2.3300000e+03   2.2626470e+00
   2.3400000e+03   2.5095829e+00
   2.3500000e+03   2.5594089e+00
   2.3600000e+03   1.9760438e+00
   2.3700000e+03   2.7302833e+00
   2.3800000e+03   2.0626338e+00
   2.3900000e+03   2.3239196e+00
   2.4000000e+03   2.2339463e+00
   2.4100000e+03   2.0476647e+00
   2.4200000e+03   1.8708031e+00
   2.4300000e+03   2.1435222e+00
   2.4400000e+03   1.9656059e+00
   2.4500000e+03   1.0956558e+00
   2.4600000e+03   2.2068829e+00
   2.4700000e+03   1.6802980e+00
   2.4800000e+03   1.5660166e+00
   2.4900000e+03   2.5132303e+00
   2.5000000e+03   2.6395602e+00
   2.5100000e+03   2.2082312e+00
   2.5200000e+03   2.6059468e+00
   2.5300000e+03   2.4673418e+00
   2.5400000e+03   2.2523221e+00
   2.5500000e+03   2.1570103e+00
   2.5600000e+03   2.3177567e+00
   2.5700000e+03   2.3973768e+00
   2.5800000e+03   2.5166937e+00
   2.5900000e+03   2.4289626e+00
   2.6000000e+03   1.5728261e+00
   2.6100000e+03   2.6455574e+00
   2.6200000e+03   2.0382883e+00
   2.6300000e+03   2.2252873e+00
   2.6400000e+03   1.9699192e+00
   2.6500000e+03   2.4706339e+00
   2.6600000e+03   2.1881522e+00
   2.6700000e+03   2.0184060e+00
   2.6800000e+03   2.4304508e+00
   2.6900000e+03   2.2918803e+00
   2.7000000e+03   2.5302916e+00
   2.7100000e+03   2.0396783e+00
   2.7200000e+03   2.1500774e+00
   2.7300000e+03   2.3699762e+00
   2.7400000e+03   2.0109045e+00
   2.7500000e+03   2.4053934e+00
   2.7600000e+03   2.1821892e+00
   2.7700000e+03   2.6256606e+00
   2.7800000e+03   2.8199952e+00
   2.7900000e+03   2.6627014e+00
   2.8000000e+03   2.3502550e+00
   2.8100000e+03   2.2659121e+00
   2.8200000e+03   2.3848413e+00
   2.8300000e+03   1.7435261e+00
   2.8400000e+03   2.0937276e+00
   2.8500000e+03   2.2723463e+00
   2.8600000e+03   2.5729664e+00
   2.8700000e+03   2.4681918e+00
   2.8800000e+03   2.7793056e+00
   2.8900000e+03   2.4213318e+00
   2.9000000e+03   2.4102246e+00
   2.9100000e+03   2.0554021e+00
   2.9200000e+03   2.1630630e+00
   2.9300000e+03   2.6729263e+00
   2.9400000e+03   1.7521573e+00
   2.9500000e+03   2.3248383e+00
   2.9600000e+03   1.9357053e+00
   2.9700000e+03   1.8814800e+00
   2.9800000e+03   2.3544535e+00
   2.9900000e+03   2.2282605e+00
   3.0000000e+03   2.0309509e+00
   3.0100000e+03   2.0169080e+00
   3.0200000e+03   2.3126969e+00
   3.0300000e+03   1.9276818e+00
   3.0400000e+03   2.4172982e+00
   3.0500000e+03   2.2942630e+00
   3.0600000e+03   2.3389491e+00
   3.0700000e+03   2.4631211e+00
   3.0800000e+03   2.2425954e+00
   3.0900000e+03   2.3512841e+00
   3.1000000e+03   1.4544740e+00
   3.1100000e+03   2.1287437e+00
   3.1200000e+03   1.8427268e+00
   3.1300000e+03   2.0195238e+00
   3.1400000e+03   2.3896627e+00
   3.1500000e+03   2.3660320e+00
   3.1600000e+03   2.0857020e+00
   3.1700000e+03   2.1317004e+00
   3.1800000e+03   2.3081407e+00
   3.1900000e+03   1.7774334e+00
   3.2000000e+03   2.2158961e+00
   3.2100000e+03   2.2230903e+00
   3.2200000e+03   2.4673825e+00
   3.2300000e+03   2.2000324e+00
   3.2400000e+03   2.4859444e+00
   3.2500000e+03   2.4065422e+00
   3.2600000e+03   2.0756186e+00
   3.2700000e+03   1.9763386e+00
   3.2800000e+03   2.1542256e+00
   3.2900000e+03   2.0521362e+00
   3.3000000e+03   2.2210511e+00
   3.3100000e+03   2.6254337e+00
   3.3200000e+03   2.3676077e+00
   3.3300000e+03   2.1211046e+00
   3.3400000e+03   2.4252872e+00
   3.3500000e+03   1.8575317e+00
   3.3600000e+03   1.9911312e+00
   3.3700000e+03   2.0140295e+00
   3.3800000e+03   2.3597475e+00
   3.3900000e+03   2.1186439e+00
   3.4000000e+03   2.5227432e+00
   3.4100000e+03   2.4976302e+00
   3.4200000e+03   2.8326824e+00
   3.4300000e+03   2.4361497e+00
   3.4400000e+03   2.0713687e+00
   3.4500000e+03   2.2269924e+00
   3.4600000e+03   2.9858696e+00
   3.4700000e+03   2.3107090e+00
   3.4800000e+03   2.3729520e+00
   3.4900000e+03   2.2385142e+00
