   0.0000000e+00   1.7211669e+01
   1.0000000e+01   1.7217375e+01
   2.0000000e+01   1.7208696e+01
   3.0000000e+01   1.7204408e+01
   4.0000000e+01   1.7199696e+01
   5.0000000e+01   1.7198984e+01
   6.0000000e+01   1.7200948e+01
   7.0000000e+01   1.7196153e+01
   8.0000000e+01   1.7189920e+01
   9.0000000e+01   1.7189955e+01
   1.0000000e+02   1.7186852e+01
   1.1000000e+02   1.7157681e+01
   1.2000000e+02   1.7098346e+01
   1.3000000e+02   1.7059788e+01
   1.4000000e+02   1.6882981e+01
   1.5000000e+02   1.6408286e+01
   1.6000000e+02   1.5463409e+01
   1.7000000e+02   1.4106758e+01
   1.8000000e+02   1.2474784e+01
   1.9000000e+02   1.0528877e+01
   2.0000000e+02   9.1978867e+00
   2.1000000e+02   7.6950309e+00
   2.2000000e+02   6.6037229e+00
   2.3000000e+02   5.9556968e+00
   2.4000000e+02   5.1893753e+00
   2.5000000e+02   4.6518315e+00
   2.6000000e+02   4.3214610e+00
   2.7000000e+02   4.4530364e+00
   2.8000000e+02   3.8115300e+00
   2.9000000e+02   3.5067691e+00
   3.0000000e+02   3.2776710e+00
   3.1000000e+02   2.8717153e+00
   3.2000000e+02   2.7379845e+00
   3.3000000e+02   2.9815470e+00
   3.4000000e+02   2.7242387e+00
   3.5000000e+02   2.4561316e+00
   3.6000000e+02   2.3335730e+00
   3.7000000e+02   2.6269692e+00
   3.8000000e+02   2.1685082e+00
   3.9000000e+02   2.2872415e+00
   4.0000000e+02   1.7703436e+00
   4.1000000e+02   2.2263068e+00
   4.2000000e+02   2.1188479e+00
   4.3000000e+02   2.2040424e+00
   4.4000000e+02   2.0063475e+00
   4.5000000e+02   1.9838163e+00
   4.6000000e+02   1.6824185e+00
   4.7000000e+02   1.9011687e+00
   4.8000000e+02   1.5488419e+00
   4.9000000e+02   1.6317331e+00
   5.0000000e+02   1.8983063e+00
   5.1000000e+02   1.5435462e+00
   5.2000000e+02   1.4383528e+00
   5.3000000e+02   1.5676444e+00
   5.4000000e+02   1.4738442e+00
   5.5000000e+02   1.6476123e+00
   5.6000000e+02   1.3413426e+00
   5.7000000e+02   1.5700616e+00
   5.8000000e+02   1.4060168e+00
   5.9000000e+02   1.4057978e+00
   6.0000000e+02   1.3304842e+00
   6.1000000e+02   1.3026553e+00
   6.2000000e+02   1.3691253e+00
   6.3000000e+02   1.0523270e+00
   6.4000000e+02   1.2253447e+00
   6.5000000e+02   1.2009310e+00
   6.6000000e+02   1.1196162e+00
   6.7000000e+02   1.0958571e+00
   6.8000000e+02   9.3727184e-01
   6.9000000e+02   9.7009509e-01
   7.0000000e+02   1.3159909e+00
   7.1000000e+02   1.0877823e+00
   7.2000000e+02   8.2105115e-01
   7.3000000e+02   9.7600571e-01
   7.4000000e+02   9.4437140e-01
   7.5000000e+02   1.4372558e+00
   7.6000000e+02   9.1078363e-01
   7.7000000e+02   7.7930361e-01
   7.8000000e+02   1.1111201e+00
   7.9000000e+02   1.0348910e+00
   8.0000000e+02   1.2706085e+00
   8.1000000e+02   1.4271095e+00
   8.2000000e+02   9.6549440e-01
   8.3000000e+02   8.9435453e-01
   8.4000000e+02   9.9363561e-01
   8.5000000e+02   1.1682692e+00
   8.6000000e+02   8.9502718e-01
   8.7000000e+02   9.9432081e-01
   8.8000000e+02   7.3448222e-01
   8.9000000e+02   9.3725606e-01
   9.0000000e+02   9.6820132e-01
   9.1000000e+02   8.2322491e-01
   9.2000000e+02   8.4737517e-01
   9.3000000e+02   7.4722441e-01
   9.4000000e+02   7.3815927e-01
   9.5000000e+02   7.4819084e-01
   9.6000000e+02   3.9127601e-01
   9.7000000e+02   8.2909004e-01
   9.8000000e+02   1.1285588e+00
   9.9000000e+02   1.0871611e+00
   1.0000000e+03   9.2454945e-01
   1.0100000e+03   7.2651806e-01
   1.0200000e+03   8.5365764e-01
   1.0300000e+03   9.3036481e-01
   1.0400000e+03   4.9998895e-01
   1.0500000e+03   9.4779388e-01
   1.0600000e+03   7.7245059e-01
   1.0700000e+03   7.6184055e-01
   1.0800000e+03   7.3120855e-01
   1.0900000e+03   7.1985111e-01
   1.1000000e+03   3.6577012e-01
   1.1100000e+03   6.7427343e-01
   1.1200000e+03   9.1279145e-01
   1.1300000e+03   9.6557960e-01
   1.1400000e+03   8.3302789e-01
   1.1500000e+03   8.2008145e-01
   1.1600000e+03   9.5599615e-01
   1.1700000e+03   9.1839446e-01
   1.1800000e+03   8.6942810e-01
   1.1900000e+03   7.1641435e-01
   1.2000000e+03   6.6299475e-01
   1.2100000e+03   4.9725833e-01
   1.2200000e+03   7.5700230e-01
   1.2300000e+03   7.5956662e-01
   1.2400000e+03   6.0495458e-01
   1.2500000e+03   6.4320355e-01
   1.2600000e+03   5.9409917e-01
   1.2700000e+03   9.3648017e-01
   1.2800000e+03   7.0257334e-01
   1.2900000e+03   6.4167744e-01
   1.3000000e+03   9.6815359e-01
   1.3100000e+03   5.4540985e-01
   1.3200000e+03   6.4646120e-01
   1.3300000e+03   9.2913875e-01
   1.3400000e+03   5.0946024e-01
   1.3500000e+03   1.0075582e+00
   1.3600000e+03   4.7847288e-01
   1.3700000e+03   5.0625497e-01
   1.3800000e+03   6.3066400e-01
   1.3900000e+03   4.6051821e-01
   1.4000000e+03   5.9511895e-01
   1.4100000e+03   6.9868931e-01
   1.4200000e+03   5.3550395e-01
   1.4300000e+03   7.3721261e-01
   1.4400000e+03   8.1503783e-01
   1.4500000e+03   3.5584557e-01
   1.4600000e+03   8.1672720e-01
   1.4700000e+03   6.6549163e-01
   1.4800000e+03   5.9693420e-01
   1.4900000e+03   4.5347733e-01
   1.5000000e+03   8.9575940e-01
   1.5100000e+03   4.4546328e-01
   1.5200000e+03   3.4782332e-01
   1.5300000e+03   5.4612352e-01
   1.5400000e+03   4.1417513e-01
   1.5500000e+03   6.8394407e-01
   1.5600000e+03   3.7380122e-01
   1.5700000e+03   8.4241330e-01
   1.5800000e+03   1.0040227e+00
   1.5900000e+03   6.6517331e-01
   1.6000000e+03   4.6313498e-01
   1.6100000e+03   2.4467308e-01
   1.6200000e+03   2.8718891e-01
   1.6300000e+03   2.7303944e-01
   1.6400000e+03   3.6664887e-02
   1.6500000e+03   4.7243910e-01
   1.6600000e+03   8.6371225e-01
   1.6700000e+03   7.5333916e-01
   1.6800000e+03   4.3949175e-01
   1.6900000e+03   6.6154030e-01
   1.7000000e+03   2.6746516e-01
   1.7100000e+03   5.7677893e-01
   1.7200000e+03   7.1943984e-01
   1.7300000e+03   5.4785643e-01
   1.7400000e+03   5.1544537e-01
   1.7500000e+03   4.4743847e-01
   1.7600000e+03   8.1601747e-01
   1.7700000e+03   4.6570707e-01
   1.7800000e+03   5.1244858e-01
   1.7900000e+03   2.2310081e-01
   1.8000000e+03   4.3037972e-01
   1.8100000e+03   4.4635629e-01
   1.8200000e+03   2.9062799e-01
   1.8300000e+03   7.4274046e-01
   1.8400000e+03   5.3965812e-01
   1.8500000e+03   5.5416717e-01
   1.8600000e+03   1.5331391e-01
   1.8700000e+03   4.2412829e-01
   1.8800000e+03   8.9669968e-02
   1.8900000e+03   4.4193380e-01
   1.9000000e+03   4.0093686e-01
   1.9100000e+03   4.5832015e-01
   1.9200000e+03   8.3042500e-01
   1.9300000e+03   9.3281183e-01
   1.9400000e+03   6.0025466e-01
   1.9500000e+03   7.7086195e-01
   1.9600000e+03   5.2746324e-01
   1.9700000e+03   3.9555792e-01
   1.9800000e+03   6.9784472e-01
   1.9900000e+03   6.4412947e-01
   2.0000000e+03   5.4950686e-01
   2.0100000e+03   5.5989334e-01
   2.0200000e+03   7.3697433e-01
   2.0300000e+03   3.9485470e-01
   2.0400000e+03   4.3227484e-01
   2.0500000e+03   5.1513298e-01
   2.0600000e+03   5.3390069e-01
   2.0700000e+03   8.1968182e-01
   2.0800000e+03   4.5328026e-01
   2.0900000e+03   5.2184581e-01
   2.1000000e+03   4.9439610e-01
   2.1100000e+03   5.5664546e-01
   2.1200000e+03   4.0388053e-01
   2.1300000e+03   3.4260939e-01
   2.1400000e+03   5.4173364e-01
   2.1500000e+03   4.9450002e-01
   2.1600000e+03   8.1072480e-01
   2.1700000e+03   7.0019982e-01
   2.1800000e+03   5.0107466e-01
   2.1900000e+03   6.7556030e-01
   2.2000000e+03   9.1983389e-01
   2.2100000e+03   7.6520218e-01
   2.2200000e+03   7.0824127e-01
   2.2300000e+03   3.8528213e-01
   2.2400000e+03   8.7923560e-01
   2.2500000e+03   6.5058613e-01
   2.2600000e+03   4.2932669e-01
   2.2700000e+03   6.8985286e-01
   2.2800000e+03   9.4175497e-01
   2.2900000e+03   5.5759796e-01
   2.3000000e+03   5.1285171e-01
   2.3100000e+03   6.5294655e-01
   2.3200000e+03   9.0826835e-01
   2.3300000e+03   5.9940778e-01
   2.3400000e+03   6.8118992e-01
   2.3500000e+03   6.2860299e-01
   2.3600000e+03   7.2023625e-01
   2.3700000e+03   5.2256284e-01
   2.3800000e+03   5.1962082e-01
   2.3900000e+03   5.9479298e-01
   2.4000000e+03   6.8357204e-01
   2.4100000e+03   7.4799483e-01
   2.4200000e+03   3.8409448e-01
   2.4300000e+03   3.9831623e-01
   2.4400000e+03   8.0832041e-01
   2.4500000e+03   3.8718468e-01
   2.4600000e+03   7.4789252e-01
   2.4700000e+03   3.3497632e-01
   2.4800000e+03   4.6567127e-01
   2.4900000e+03   6.7879106e-01
   2.5000000e+03   6.4209632e-01
   2.5100000e+03   4.3851054e-01
   2.5200000e+03   6.5681520e-01
   2.5300000e+03   5.7810725e-01
   2.5400000e+03   4.4858937e-01
   2.5500000e+03   7.6797108e-01
   2.5600000e+03   5.5447180e-01
   2.5700000e+03   4.4966131e-01
   2.5800000e+03   5.2293915e-01
   2.5900000e+03   5.1022692e-01
   2.6000000e+03   6.4331770e-01
   2.6100000e+03   6.9790690e-01
   2.6200000e+03   6.0116678e-01
   2.6300000e+03   4.3373343e-01
   2.6400000e+03   5.6196589e-01
   2.6500000e+03   7.7581609e-01
   2.6600000e+03   6.7154381e-01
   2.6700000e+03   2.0289075e-01
   2.6800000e+03   4.7761583e-01
   2.6900000e+03   6.6227402e-01
   2.7000000e+03   3.4833516e-01
   2.7100000e+03   3.1870258e-01
   2.7200000e+03   1.4256067e-01
   2.7300000e+03   3.3537457e-01
   2.7400000e+03   3.9999017e-01
   2.7500000e+03   5.1077441e-01
   2.7600000e+03   5.0736216e-01
   2.7700000e+03   6.3229253e-01
   2.7800000e+03   9.6019330e-01
   2.7900000e+03   3.9346783e-01
   2.8000000e+03   4.7787634e-01
   2.8100000e+03   6.2442625e-01
   2.8200000e+03   3.3540093e-01
   2.8300000e+03   2.3417982e-01
   2.8400000e+03   6.1309333e-01
   2.8500000e+03   5.7717212e-01
   2.8600000e+03   7.0535041e-01
   2.8700000e+03   7.6611191e-01
   2.8800000e+03   4.8226008e-01
   2.8900000e+03   5.5744196e-01
   2.9000000e+03   6.3433127e-01
   2.9100000e+03   6.5275262e-01
   2.9200000e+03   6.9556444e-01
   2.9300000e+03   3.4957125e-01
   2.9400000e+03   3.3889208e-01
   2.9500000e+03   9.6090966e-01
   2.9600000e+03   4.4199127e-01
   2.9700000e+03   7.4016590e-01
   2.9800000e+03   3.5921677e-01
   2.9900000e+03   5.6943381e-01
   3.0000000e+03   5.6643927e-01
   3.0100000e+03   4.4692332e-01
   3.0200000e+03   5.3956071e-01
   3.0300000e+03   6.7782718e-01
   3.0400000e+03   7.9005756e-01
   3.0500000e+03   5.6631224e-01
   3.0600000e+03   2.3776253e-01
   3.0700000e+03   4.7689479e-01
   3.0800000e+03   4.9673042e-01
   3.0900000e+03   4.5765267e-01
   3.1000000e+03   8.7717650e-01
   3.1100000e+03   5.8131611e-01
   3.1200000e+03   3.9763554e-01
   3.1300000e+03   5.6520794e-01
   3.1400000e+03   4.2810379e-01
   3.1500000e+03   2.5033255e-01
   3.1600000e+03   5.5711199e-01
   3.1700000e+03   2.2894277e-01
   3.1800000e+03   6.4314482e-01
   3.1900000e+03   3.4308817e-01
   3.2000000e+03   8.9295792e-01
   3.2100000e+03   4.9857265e-01
   3.2200000e+03   6.2020343e-01
   3.2300000e+03   3.5735767e-01
   3.2400000e+03   6.1133994e-01
   3.2500000e+03   8.2548074e-01
   3.2600000e+03   5.1050639e-01
   3.2700000e+03   5.5488144e-01
   3.2800000e+03   4.1844464e-01
   3.2900000e+03   5.4619369e-01
   3.3000000e+03   5.2665718e-01
   3.3100000e+03   2.9516451e-01
   3.3200000e+03   7.1031039e-01
   3.3300000e+03   5.3693886e-01
   3.3400000e+03   5.3689589e-01
   3.3500000e+03   4.3147131e-01
   3.3600000e+03   5.0880348e-01
   3.3700000e+03   4.9635757e-01
   3.3800000e+03   5.4047670e-01
   3.3900000e+03  -7.2289613e-02
   3.4000000e+03  -9.1336123e-02
   3.4100000e+03  -4.6408613e-01
   3.4200000e+03  -3.7946163e-01
   3.4300000e+03  -1.5689484e-01
   3.4400000e+03  -1.9868324e-01
   3.4500000e+03  -4.9161872e-01
   3.4600000e+03  -5.6311280e-01
   3.4700000e+03  -4.0871741e-01
   3.4800000e+03  -3.1987619e-01
   3.4900000e+03  -5.8565094e-01
