   0.0000000e+00   2.2998659e+03
   1.0000000e+01   2.2998653e+03
   2.0000000e+01   2.2998934e+03
   3.0000000e+01   2.2998693e+03
   4.0000000e+01   2.2998782e+03
   5.0000000e+01   2.2998787e+03
   6.0000000e+01   2.2998746e+03
   7.0000000e+01   2.2998975e+03
   8.0000000e+01   2.2998868e+03
   9.0000000e+01   2.2998857e+03
   1.0000000e+02   2.2998736e+03
   1.1000000e+02   2.2998679e+03
   1.2000000e+02   2.2998753e+03
   1.3000000e+02   2.2998771e+03
   1.4000000e+02   6.0771706e+01
   1.5000000e+02   1.9842034e+01
   1.6000000e+02   1.9764214e+01
   1.7000000e+02   2.1711890e+01
   1.8000000e+02   2.0599980e+01
   1.9000000e+02   2.5436372e+01
   2.0000000e+02   6.9489874e+01
   2.1000000e+02   2.1094317e+01
   2.2000000e+02   2.2395298e+01
   2.3000000e+02   3.6629624e+01
   2.4000000e+02   5.1325637e+01
   2.5000000e+02   6.3470840e+01
   2.6000000e+02   7.3542216e+01
   2.7000000e+02   6.9388821e+01
   2.8000000e+02   6.8953777e+01
   2.9000000e+02   7.2735246e+01
   3.0000000e+02   6.4458015e+01
   3.1000000e+02   6.9924784e+01
   3.2000000e+02   7.1453176e+01
   3.3000000e+02   7.2927446e+01
   3.4000000e+02   6.4040912e+01
   3.5000000e+02   6.5082636e+01
   3.6000000e+02   5.7656396e+01
   3.7000000e+02   5.9003737e+01
   3.8000000e+02   6.0475390e+01
   3.9000000e+02   5.3839974e+01
   4.0000000e+02   5.9767831e+01
   4.1000000e+02   6.0850020e+01
   4.2000000e+02   5.7498100e+01
   4.3000000e+02   6.4501062e+01
   4.4000000e+02   6.0300460e+01
   4.5000000e+02   5.5941489e+01
   4.6000000e+02   6.2431509e+01
   4.7000000e+02   6.5610328e+01
   4.8000000e+02   5.8910107e+01
   4.9000000e+02   5.9598975e+01
   5.0000000e+02   5.8311447e+01
   5.1000000e+02   6.0121429e+01
   5.2000000e+02   5.7577368e+01
   5.3000000e+02   5.7008888e+01
   5.4000000e+02   6.2168796e+01
   5.5000000e+02   6.4163834e+01
   5.6000000e+02   5.7554294e+01
   5.7000000e+02   5.4087524e+01
   5.8000000e+02   6.5421952e+01
   5.9000000e+02   6.1560643e+01
   6.0000000e+02   6.9812040e+01
   6.1000000e+02   5.8383085e+01
   6.2000000e+02   6.2967497e+01
   6.3000000e+02   6.3784988e+01
   6.4000000e+02   5.7049371e+01
   6.5000000e+02   5.9183835e+01
   6.6000000e+02   6.3607377e+01
   6.7000000e+02   5.6698623e+01
   6.8000000e+02   5.1554822e+01
   6.9000000e+02   5.8123730e+01
   7.0000000e+02   5.4281326e+01
   7.1000000e+02   5.7663489e+01
   7.2000000e+02   5.7538276e+01
   7.3000000e+02   6.5325433e+01
   7.4000000e+02   5.8240131e+01
   7.5000000e+02   5.9167340e+01
   7.6000000e+02   6.4298593e+01
   7.7000000e+02   6.4742402e+01
   7.8000000e+02   5.3549776e+01
   7.9000000e+02   5.4390577e+01
   8.0000000e+02   5.5977621e+01
   8.1000000e+02   5.6022830e+01
   8.2000000e+02   5.5781215e+01
   8.3000000e+02   6.7381811e+01
   8.4000000e+02   5.6101732e+01
   8.5000000e+02   5.6355452e+01
   8.6000000e+02   5.6990440e+01
   8.7000000e+02   5.4014454e+01
   8.8000000e+02   6.4795855e+01
   8.9000000e+02   6.2682031e+01
   9.0000000e+02   7.5096705e+01
   9.1000000e+02   5.6993698e+01
   9.2000000e+02   7.4082132e+01
   9.3000000e+02   4.2750843e+01
   9.4000000e+02   3.9233121e+01
   9.5000000e+02   4.4205954e+01
   9.6000000e+02   4.2278384e+01
   9.7000000e+02   4.0133008e+01
   9.8000000e+02   5.3797412e+01
   9.9000000e+02   5.8705014e+01
   1.0000000e+03   6.4353470e+01
   1.0100000e+03   6.6985760e+01
   1.0200000e+03   6.6450817e+01
   1.0300000e+03   7.4650177e+01
   1.0400000e+03   5.7958256e+01
   1.0500000e+03   7.5917630e+01
   1.0600000e+03   7.4430996e+01
   1.0700000e+03   6.8321684e+01
   1.0800000e+03   6.1476747e+01
   1.0900000e+03   5.5951346e+01
   1.1000000e+03   5.8019007e+01
   1.1100000e+03   5.8217902e+01
   1.1200000e+03   7.3401276e+01
   1.1300000e+03   1.0160462e+02
   1.1400000e+03   5.4586466e+01
   1.1500000e+03   5.2001117e+01
   1.1600000e+03   5.7415941e+01
   1.1700000e+03   5.7817531e+01
   1.1800000e+03   5.6984087e+01
   1.1900000e+03   7.5645119e+01
   1.2000000e+03   6.7888069e+01
   1.2100000e+03   5.6951309e+01
   1.2200000e+03   6.7894474e+01
   1.2300000e+03   5.7592515e+01
   1.2400000e+03   5.1260047e+01
   1.2500000e+03   5.5061977e+01
   1.2600000e+03   7.7857968e+01
   1.2700000e+03   8.6841803e+01
   1.2800000e+03   1.2193628e+02
   1.2900000e+03   1.9027434e+02
   1.3000000e+03   9.6649889e+01
   1.3100000e+03   2.5139129e+02
   1.3200000e+03   9.6030364e+01
   1.3300000e+03   5.0142978e+01
   1.3400000e+03   6.2164322e+01
   1.3500000e+03   7.3762735e+01
   1.3600000e+03   1.0308068e+02
   1.3700000e+03   1.3246417e+02
   1.3800000e+03   1.9538941e+02
   1.3900000e+03   1.2267404e+02
   1.4000000e+03   3.2588048e+02
   1.4100000e+03   1.3799533e+02
   1.4200000e+03   5.5578296e+01
   1.4300000e+03   7.2662657e+01
   1.4400000e+03   7.7333944e+01
   1.4500000e+03   7.8193740e+01
   1.4600000e+03   9.9379615e+01
   1.4700000e+03   6.4460299e+01
   1.4800000e+03   8.2936810e+01
   1.4900000e+03   7.5980631e+01
   1.5000000e+03   7.3583676e+01
   1.5100000e+03   7.8137710e+01
   1.5200000e+03   9.2749745e+01
   1.5300000e+03   1.8110168e+02
   1.5400000e+03   6.3246028e+01
   1.5500000e+03   9.4850164e+01
   1.5600000e+03   4.7641180e+02
   1.5700000e+03   7.5533500e+01
   1.5800000e+03   8.0129422e+01
   1.5900000e+03   4.3824499e+01
   1.6000000e+03   4.6148472e+01
   1.6100000e+03   5.7025971e+01
   1.6200000e+03   3.5986446e+01
   1.6300000e+03   8.1675584e+01
   1.6400000e+03   5.6176876e+01
   1.6500000e+03   8.3239616e+01
   1.6600000e+03   8.1862514e+01
   1.6700000e+03   5.5402794e+01
   1.6800000e+03   5.4604445e+01
   1.6900000e+03   7.0096505e+01
   1.7000000e+03   8.6721924e+01
   1.7100000e+03   6.4914687e+02
   1.7200000e+03   6.6841919e+01
   1.7300000e+03   6.4306711e+01
   1.7400000e+03   9.4187577e+01
   1.7500000e+03   6.9177331e+01
   1.7600000e+03   5.2213646e+01
   1.7700000e+03   8.2574974e+01
   1.7800000e+03   1.1663528e+02
   1.7900000e+03   4.7623187e+01
   1.8000000e+03   5.4171301e+01
   1.8100000e+03   4.7265427e+01
   1.8200000e+03   5.7919959e+01
   1.8300000e+03   5.0798940e+01
   1.8400000e+03   4.9351168e+01
   1.8500000e+03   6.5187895e+01
   1.8600000e+03   4.7935741e+01
   1.8700000e+03   5.0475772e+01
   1.8800000e+03   4.8834123e+01
   1.8900000e+03   6.8036830e+01
   1.9000000e+03   7.5898284e+01
   1.9100000e+03   8.5163895e+02
   1.9200000e+03   2.6928603e+02
   1.9300000e+03   1.5206028e+02
   1.9400000e+03   1.2707425e+02
   1.9500000e+03   8.5616927e+01
   1.9600000e+03   1.4533649e+02
   1.9700000e+03   3.8256651e+02
   1.9800000e+03   3.8446287e+02
   1.9900000e+03   1.0356168e+02
   2.0000000e+03   8.4274606e+01
   2.0100000e+03   9.4837351e+01
   2.0200000e+03   8.9730562e+01
   2.0300000e+03   1.2932384e+02
   2.0400000e+03   1.4103816e+02
   2.0500000e+03   6.4949116e+01
   2.0600000e+03   7.0403527e+01
   2.0700000e+03   1.2474231e+02
   2.0800000e+03   6.7770343e+01
   2.0900000e+03   6.9852604e+01
   2.1000000e+03   8.5392304e+01
   2.1100000e+03   9.6155736e+01
   2.1200000e+03   1.0676499e+02
   2.1300000e+03   6.1995040e+02
   2.1400000e+03   7.1663719e+01
   2.1500000e+03   1.4691347e+02
   2.1600000e+03   5.2711549e+02
   2.1700000e+03   8.1265651e+01
   2.1800000e+03   2.3002955e+03
   2.1900000e+03   8.2474981e+01
   2.2000000e+03   4.1522315e+01
   2.2100000e+03   8.1283895e+01
   2.2200000e+03   1.1943628e+02
   2.2300000e+03   7.0201167e+01
   2.2400000e+03   5.0029874e+01
   2.2500000e+03   5.0777427e+01
   2.2600000e+03   5.5754895e+01
   2.2700000e+03   5.3135874e+01
   2.2800000e+03   3.5233161e+02
   2.2900000e+03   3.2569746e+01
   2.3000000e+03   6.1812384e+01
   2.3100000e+03   6.1540023e+01
   2.3200000e+03   6.0527508e+01
   2.3300000e+03   5.1758477e+01
   2.3400000e+03   2.0897652e+02
   2.3500000e+03   1.1045095e+02
   2.3600000e+03   7.9236884e+01
   2.3700000e+03   6.0660534e+01
   2.3800000e+03   1.8533284e+02
   2.3900000e+03   7.4176978e+01
   2.4000000e+03   6.9987556e+01
   2.4100000e+03   5.9496960e+01
   2.4200000e+03   8.6496073e+01
   2.4300000e+03   7.0638798e+01
   2.4400000e+03   1.0926745e+02
   2.4500000e+03   5.4298817e+01
   2.4600000e+03   9.9726182e+01
   2.4700000e+03   7.0239913e+01
   2.4800000e+03   4.9295050e+01
   2.4900000e+03   1.3932811e+02
   2.5000000e+03   6.9510671e+01
   2.5100000e+03   8.0042445e+01
   2.5200000e+03   5.0530310e+01
   2.5300000e+03   2.3003872e+03
   2.5400000e+03   4.5885132e+02
   2.5500000e+03   2.3003838e+03
   2.5600000e+03   1.1336408e+03
   2.5700000e+03   2.3004014e+03
   2.5800000e+03   2.3003955e+03
   2.5900000e+03   6.9354309e+02
   2.6000000e+03   2.3004166e+03
   2.6100000e+03   2.3004147e+03
   2.6200000e+03   2.3004081e+03
   2.6300000e+03   1.5236510e+03
   2.6400000e+03   8.5315223e+01
   2.6500000e+03   9.5113257e+01
   2.6600000e+03   1.0931068e+03
   2.6700000e+03   2.0654422e+02
   2.6800000e+03   1.1065679e+02
   2.6900000e+03   3.9479649e+02
   2.7000000e+03   1.0728659e+02
   2.7100000e+03   7.3198558e+01
   2.7200000e+03   1.1671838e+02
   2.7300000e+03   2.3733211e+02
   2.7400000e+03   3.1047408e+02
   2.7500000e+03   4.3626003e+01
   2.7600000e+03   4.7963006e+01
   2.7700000e+03   6.2939002e+01
   2.7800000e+03   5.7361843e+01
   2.7900000e+03   1.8081022e+02
   2.8000000e+03   7.6828748e+01
   2.8100000e+03   8.2138478e+01
   2.8200000e+03   6.0795376e+01
   2.8300000e+03   4.9782715e+01
   2.8400000e+03   6.1356589e+01
   2.8500000e+03   4.4136237e+01
   2.8600000e+03   5.7010214e+01
   2.8700000e+03   4.3154943e+01
   2.8800000e+03   5.4543046e+01
   2.8900000e+03   6.0592369e+01
   2.9000000e+03   5.8606665e+01
   2.9100000e+03   5.9056740e+01
   2.9200000e+03   5.8763599e+01
   2.9300000e+03   5.8891578e+01
   2.9400000e+03   5.7009025e+01
   2.9500000e+03   5.6682581e+01
   2.9600000e+03   5.7003621e+01
   2.9700000e+03   5.5124219e+01
   2.9800000e+03   5.2587581e+01
   2.9900000e+03   4.8592655e+01
   3.0000000e+03   5.3427557e+01
   3.0100000e+03   4.9540908e+01
   3.0200000e+03   5.6058465e+01
   3.0300000e+03   5.7206370e+01
   3.0400000e+03   5.6628708e+01
   3.0500000e+03   5.7432977e+01
   3.0600000e+03   5.5703725e+01
   3.0700000e+03   5.4495960e+01
   3.0800000e+03   5.8311220e+01
   3.0900000e+03   5.6210168e+01
   3.1000000e+03   4.9862841e+01
   3.1100000e+03   5.5190098e+01
   3.1200000e+03   3.4451648e+01
   3.1300000e+03   4.3686068e+01
   3.1400000e+03   3.9961989e+01
   3.1500000e+03   3.8579619e+01
   3.1600000e+03   4.6018387e+01
   3.1700000e+03   5.1054649e+01
   3.1800000e+03   4.7145837e+01
   3.1900000e+03   5.1511676e+01
   3.2000000e+03   3.2967834e+01
   3.2100000e+03   4.3857316e+01
   3.2200000e+03   4.2011738e+01
   3.2300000e+03   4.5017571e+01
   3.2400000e+03   5.0349362e+01
   3.2500000e+03   5.0550581e+01
   3.2600000e+03   4.2699112e+01
   3.2700000e+03   5.4142955e+01
   3.2800000e+03   5.4216911e+01
   3.2900000e+03   5.1024443e+01
   3.3000000e+03   7.4123677e+01
   3.3100000e+03   5.7327579e+01
   3.3200000e+03   5.5541964e+01
   3.3300000e+03   5.8630391e+01
   3.3400000e+03   6.5790898e+01
   3.3500000e+03   4.4959962e+01
   3.3600000e+03   5.6110887e+01
   3.3700000e+03   5.2804224e+01
   3.3800000e+03   4.7243290e+01
   3.3900000e+03   4.2075444e+01
   3.4000000e+03   4.0255953e+01
   3.4100000e+03   5.5942669e+01
   3.4200000e+03   3.2123912e+01
   3.4300000e+03   4.9995373e+01
   3.4400000e+03   7.3331802e+01
   3.4500000e+03   5.0305076e+01
   3.4600000e+03   5.5283920e+01
   3.4700000e+03   6.2320265e+01
   3.4800000e+03   6.2367255e+01
   3.4900000e+03   5.3038628e+01
