   0.0000000e+00  -6.4821005e-05
   1.0000000e+01  -3.8796587e-03
   2.0000000e+01  -4.8965564e-03
   3.0000000e+01  -5.0051146e-03
   4.0000000e+01  -5.3047200e-03
   5.0000000e+01  -1.6699894e-02
   6.0000000e+01  -1.2878143e-02
   7.0000000e+01  -1.6513016e-02
   8.0000000e+01  -3.2501042e-02
   9.0000000e+01  -7.0091674e-02
   1.0000000e+02  -2.6598207e-01
   1.1000000e+02  -1.7576977e-01
   1.2000000e+02  -4.6161949e-01
   1.3000000e+02  -1.0778944e+00
   1.4000000e+02  -2.3713354e+00
   1.5000000e+02  -4.6735246e+00
   1.6000000e+02  -7.6194372e+00
   1.7000000e+02  -1.0185848e+01
   1.8000000e+02  -1.3428468e+01
   1.9000000e+02  -1.7057375e+01
   2.0000000e+02  -2.0314218e+01
   2.1000000e+02  -2.2255952e+01
   2.2000000e+02  -2.3585020e+01
   2.3000000e+02  -2.4843356e+01
   2.4000000e+02  -2.5756844e+01
   2.5000000e+02  -2.6112032e+01
   2.6000000e+02  -2.6738722e+01
   2.7000000e+02  -2.7421276e+01
   2.8000000e+02  -2.8100565e+01
   2.9000000e+02  -2.7897511e+01
   3.0000000e+02  -2.8238447e+01
   3.1000000e+02  -2.8488346e+01
   3.2000000e+02  -2.8500434e+01
   3.3000000e+02  -2.8704616e+01
   3.4000000e+02  -2.9109211e+01
   3.5000000e+02  -2.9325025e+01
   3.6000000e+02  -2.9414729e+01
   3.7000000e+02  -2.9600817e+01
   3.8000000e+02  -2.9219505e+01
   3.9000000e+02  -2.9465856e+01
   4.0000000e+02  -2.9623882e+01
   4.1000000e+02  -2.9594679e+01
   4.2000000e+02  -2.9730054e+01
   4.3000000e+02  -2.9789199e+01
   4.4000000e+02  -2.9819562e+01
   4.5000000e+02  -2.9987905e+01
   4.6000000e+02  -2.9699363e+01
   4.7000000e+02  -2.9881044e+01
   4.8000000e+02  -2.9876163e+01
   4.9000000e+02  -2.9822723e+01
   5.0000000e+02  -3.0059245e+01
   5.1000000e+02  -2.9877287e+01
   5.2000000e+02  -3.0139374e+01
   5.3000000e+02  -3.0293392e+01
   5.4000000e+02  -3.0398170e+01
   5.5000000e+02  -2.9834061e+01
   5.6000000e+02  -3.0080823e+01
   5.7000000e+02  -3.0232536e+01
   5.8000000e+02  -3.0417050e+01
   5.9000000e+02  -3.0204074e+01
   6.0000000e+02  -3.0305435e+01
   6.1000000e+02  -3.0491914e+01
   6.2000000e+02  -3.0252772e+01
   6.3000000e+02  -3.0343644e+01
   6.4000000e+02  -3.0579940e+01
   6.5000000e+02  -3.0193885e+01
   6.6000000e+02  -3.0283595e+01
   6.7000000e+02  -3.0128705e+01
   6.8000000e+02  -3.0387159e+01
   6.9000000e+02  -3.0295151e+01
   7.0000000e+02  -3.0413738e+01
   7.1000000e+02  -3.0463589e+01
   7.2000000e+02  -3.0295365e+01
   7.3000000e+02  -3.0057565e+01
   7.4000000e+02  -3.0251040e+01
   7.5000000e+02  -3.0241059e+01
   7.6000000e+02  -3.0195757e+01
   7.7000000e+02  -3.0074890e+01
   7.8000000e+02  -3.0018448e+01
   7.9000000e+02  -3.0357301e+01
   8.0000000e+02  -3.0092809e+01
   8.1000000e+02  -3.0350413e+01
   8.2000000e+02  -3.0341624e+01
   8.3000000e+02  -3.0143025e+01
   8.4000000e+02  -3.0418703e+01
   8.5000000e+02  -3.0631879e+01
   8.6000000e+02  -3.0211777e+01
   8.7000000e+02  -3.0338640e+01
   8.8000000e+02  -3.0364949e+01
   8.9000000e+02  -3.0280812e+01
   9.0000000e+02  -3.0388275e+01
   9.1000000e+02  -3.0148674e+01
   9.2000000e+02  -3.0195125e+01
   9.3000000e+02  -3.0170683e+01
   9.4000000e+02  -3.0133502e+01
   9.5000000e+02  -3.0028640e+01
   9.6000000e+02  -3.0338169e+01
   9.7000000e+02  -3.0087407e+01
   9.8000000e+02  -3.0022634e+01
   9.9000000e+02  -3.0323847e+01
   1.0000000e+03  -3.0126574e+01
   1.0100000e+03  -3.0525145e+01
   1.0200000e+03  -3.0013117e+01
   1.0300000e+03  -3.0224741e+01
   1.0400000e+03  -2.9916144e+01
   1.0500000e+03  -3.0159250e+01
   1.0600000e+03  -2.9820903e+01
   1.0700000e+03  -3.0428365e+01
   1.0800000e+03  -3.0120903e+01
   1.0900000e+03  -3.0116711e+01
   1.1000000e+03  -3.0310956e+01
   1.1100000e+03  -2.9857103e+01
   1.1200000e+03  -3.0074573e+01
   1.1300000e+03  -3.0086405e+01
   1.1400000e+03  -3.0075388e+01
   1.1500000e+03  -3.0515869e+01
   1.1600000e+03  -3.0392191e+01
   1.1700000e+03  -3.0415813e+01
   1.1800000e+03  -3.0282330e+01
   1.1900000e+03  -3.0118569e+01
   1.2000000e+03  -3.0240012e+01
   1.2100000e+03  -3.0223462e+01
   1.2200000e+03  -3.0379570e+01
   1.2300000e+03  -3.0180130e+01
   1.2400000e+03  -3.0267363e+01
   1.2500000e+03  -3.0223061e+01
   1.2600000e+03  -3.0481179e+01
   1.2700000e+03  -3.0088946e+01
   1.2800000e+03  -3.0234129e+01
   1.2900000e+03  -3.0270697e+01
   1.3000000e+03  -3.0089535e+01
   1.3100000e+03  -2.9790235e+01
   1.3200000e+03  -3.0293011e+01
   1.3300000e+03  -3.0129795e+01
   1.3400000e+03  -2.9848527e+01
   1.3500000e+03  -3.0177387e+01
   1.3600000e+03  -3.0330879e+01
   1.3700000e+03  -3.0042744e+01
   1.3800000e+03  -3.0119296e+01
   1.3900000e+03  -3.0014722e+01
   1.4000000e+03  -2.9905738e+01
   1.4100000e+03  -3.0191356e+01
   1.4200000e+03  -2.9980020e+01
   1.4300000e+03  -3.0217187e+01
   1.4400000e+03  -2.9924960e+01
   1.4500000e+03  -3.0094046e+01
   1.4600000e+03  -3.0209393e+01
   1.4700000e+03  -3.0041647e+01
   1.4800000e+03  -3.0052118e+01
   1.4900000e+03  -3.0183527e+01
   1.5000000e+03  -2.9964859e+01
   1.5100000e+03  -2.9854774e+01
   1.5200000e+03  -2.9917182e+01
   1.5300000e+03  -3.0185567e+01
   1.5400000e+03  -3.0132462e+01
   1.5500000e+03  -3.0012241e+01
   1.5600000e+03  -2.9859529e+01
   1.5700000e+03  -3.0142134e+01
   1.5800000e+03  -3.0039265e+01
   1.5900000e+03  -3.0182301e+01
   1.6000000e+03  -3.0041674e+01
   1.6100000e+03  -3.0271727e+01
   1.6200000e+03  -3.0205896e+01
   1.6300000e+03  -3.0281996e+01
   1.6400000e+03  -2.9848948e+01
   1.6500000e+03  -2.9958789e+01
   1.6600000e+03  -2.9927052e+01
   1.6700000e+03  -2.9477510e+01
   1.6800000e+03  -2.9897811e+01
   1.6900000e+03  -2.9914828e+01
   1.7000000e+03  -3.0004675e+01
   1.7100000e+03  -2.9867776e+01
   1.7200000e+03  -2.9846182e+01
   1.7300000e+03  -2.9936420e+01
   1.7400000e+03  -2.9863321e+01
   1.7500000e+03  -2.9801161e+01
   1.7600000e+03  -3.0110300e+01
   1.7700000e+03  -2.9927408e+01
   1.7800000e+03  -2.9975362e+01
   1.7900000e+03  -2.9742176e+01
   1.8000000e+03  -3.0022677e+01
   1.8100000e+03  -2.9849032e+01
   1.8200000e+03  -3.0110478e+01
   1.8300000e+03  -2.9894693e+01
   1.8400000e+03  -2.9988510e+01
   1.8500000e+03  -2.9718066e+01
   1.8600000e+03  -2.9756568e+01
   1.8700000e+03  -2.9868106e+01
   1.8800000e+03  -3.0043259e+01
   1.8900000e+03  -2.9793825e+01
   1.9000000e+03  -2.9979290e+01
   1.9100000e+03  -3.0104505e+01
   1.9200000e+03  -3.0104112e+01
   1.9300000e+03  -2.9868545e+01
   1.9400000e+03  -2.9910564e+01
   1.9500000e+03  -2.9913889e+01
   1.9600000e+03  -2.9634526e+01
   1.9700000e+03  -2.9991349e+01
   1.9800000e+03  -3.0054793e+01
   1.9900000e+03  -2.9929416e+01
   2.0000000e+03  -2.9912060e+01
   2.0100000e+03  -2.9703003e+01
   2.0200000e+03  -3.0040696e+01
   2.0300000e+03  -2.9843836e+01
   2.0400000e+03  -2.9904051e+01
   2.0500000e+03  -2.9835685e+01
   2.0600000e+03  -2.9868143e+01
   2.0700000e+03  -2.9915589e+01
   2.0800000e+03  -2.9813692e+01
   2.0900000e+03  -2.9583942e+01
   2.1000000e+03  -3.0013274e+01
   2.1100000e+03  -2.9635272e+01
   2.1200000e+03  -2.9819823e+01
   2.1300000e+03  -2.9724937e+01
   2.1400000e+03  -2.9984440e+01
   2.1500000e+03  -2.9721773e+01
   2.1600000e+03  -2.9860716e+01
   2.1700000e+03  -2.9890854e+01
   2.1800000e+03  -2.9786081e+01
   2.1900000e+03  -3.0147468e+01
   2.2000000e+03  -2.9850117e+01
   2.2100000e+03  -3.0062921e+01
   2.2200000e+03  -2.9698922e+01
   2.2300000e+03  -3.0236312e+01
   2.2400000e+03  -2.9675586e+01
   2.2500000e+03  -3.0048349e+01
   2.2600000e+03  -3.0083071e+01
   2.2700000e+03  -2.9926114e+01
   2.2800000e+03  -2.9821240e+01
   2.2900000e+03  -3.0010258e+01
   2.3000000e+03  -2.9770800e+01
   2.3100000e+03  -2.9918150e+01
   2.3200000e+03  -3.0005469e+01
   2.3300000e+03  -3.0089105e+01
   2.3400000e+03  -2.9984468e+01
   2.3500000e+03  -2.9845648e+01
   2.3600000e+03  -2.9852832e+01
   2.3700000e+03  -2.9866101e+01
   2.3800000e+03  -2.9883598e+01
   2.3900000e+03  -3.0100377e+01
   2.4000000e+03  -2.9793526e+01
   2.4100000e+03  -2.9989548e+01
   2.4200000e+03  -3.0175323e+01
   2.4300000e+03  -2.9902931e+01
   2.4400000e+03  -2.9906581e+01
   2.4500000e+03  -2.9866691e+01
   2.4600000e+03  -2.9712245e+01
   2.4700000e+03  -2.9883435e+01
   2.4800000e+03  -2.9996869e+01
   2.4900000e+03  -2.9665922e+01
   2.5000000e+03  -2.9818714e+01
   2.5100000e+03  -3.0036225e+01
   2.5200000e+03  -3.0004313e+01
   2.5300000e+03  -2.9641089e+01
   2.5400000e+03  -2.9618527e+01
   2.5500000e+03  -3.0276114e+01
   2.5600000e+03  -2.9741608e+01
   2.5700000e+03  -3.0079446e+01
   2.5800000e+03  -2.9866195e+01
   2.5900000e+03  -2.9537381e+01
   2.6000000e+03  -2.9879154e+01
   2.6100000e+03  -2.9747894e+01
   2.6200000e+03  -2.9912756e+01
   2.6300000e+03  -2.9740350e+01
   2.6400000e+03  -2.9939460e+01
   2.6500000e+03  -2.9803454e+01
   2.6600000e+03  -2.9889805e+01
   2.6700000e+03  -2.9803991e+01
   2.6800000e+03  -2.9883306e+01
   2.6900000e+03  -2.9920579e+01
   2.7000000e+03  -2.9565552e+01
   2.7100000e+03  -2.9952530e+01
   2.7200000e+03  -2.9366779e+01
   2.7300000e+03  -2.9829518e+01
   2.7400000e+03  -3.0055482e+01
   2.7500000e+03  -3.0094255e+01
   2.7600000e+03  -2.9999172e+01
   2.7700000e+03  -2.9837504e+01
   2.7800000e+03  -3.0013851e+01
   2.7900000e+03  -3.0014720e+01
   2.8000000e+03  -2.9816758e+01
   2.8100000e+03  -2.9829952e+01
   2.8200000e+03  -2.9936748e+01
   2.8300000e+03  -3.0003343e+01
   2.8400000e+03  -3.0056177e+01
   2.8500000e+03  -2.9733135e+01
   2.8600000e+03  -2.9861439e+01
   2.8700000e+03  -3.0066322e+01
   2.8800000e+03  -2.9791269e+01
   2.8900000e+03  -2.9733966e+01
   2.9000000e+03  -2.9884086e+01
   2.9100000e+03  -2.9773742e+01
   2.9200000e+03  -2.9686936e+01
   2.9300000e+03  -2.9862111e+01
   2.9400000e+03  -2.9427383e+01
   2.9500000e+03  -2.9933803e+01
   2.9600000e+03  -3.0130760e+01
   2.9700000e+03  -2.9970627e+01
   2.9800000e+03  -2.9794078e+01
   2.9900000e+03  -2.9918980e+01
   3.0000000e+03  -3.0004992e+01
   3.0100000e+03  -2.9907016e+01
   3.0200000e+03  -2.9638194e+01
   3.0300000e+03  -3.0142959e+01
   3.0400000e+03  -2.9960373e+01
   3.0500000e+03  -2.9819284e+01
   3.0600000e+03  -3.0178783e+01
   3.0700000e+03  -2.9827652e+01
   3.0800000e+03  -2.9880699e+01
   3.0900000e+03  -2.9693029e+01
   3.1000000e+03  -2.9728071e+01
   3.1100000e+03  -2.9966742e+01
   3.1200000e+03  -2.9730352e+01
   3.1300000e+03  -2.9728125e+01
   3.1400000e+03  -2.9812911e+01
   3.1500000e+03  -2.9938947e+01
   3.1600000e+03  -3.0004250e+01
   3.1700000e+03  -2.9775671e+01
   3.1800000e+03  -2.9435992e+01
   3.1900000e+03  -2.9777217e+01
   3.2000000e+03  -3.0057428e+01
   3.2100000e+03  -3.0016679e+01
   3.2200000e+03  -3.0054868e+01
   3.2300000e+03  -2.9915299e+01
   3.2400000e+03  -2.9781996e+01
   3.2500000e+03  -2.9926962e+01
   3.2600000e+03  -2.9842386e+01
   3.2700000e+03  -2.9878555e+01
   3.2800000e+03  -2.9795401e+01
   3.2900000e+03  -2.9863656e+01
   3.3000000e+03  -2.9823557e+01
   3.3100000e+03  -2.9742065e+01
   3.3200000e+03  -2.9989135e+01
   3.3300000e+03  -2.9917071e+01
   3.3400000e+03  -2.9786003e+01
   3.3500000e+03  -2.9963936e+01
   3.3600000e+03  -3.0058678e+01
   3.3700000e+03  -3.0041144e+01
   3.3800000e+03  -2.9722306e+01
   3.3900000e+03  -2.9728753e+01
   3.4000000e+03  -2.9618690e+01
   3.4100000e+03  -2.9643584e+01
   3.4200000e+03  -3.0039950e+01
   3.4300000e+03  -3.0169566e+01
   3.4400000e+03  -2.9708957e+01
   3.4500000e+03  -2.9932591e+01
   3.4600000e+03  -2.9892910e+01
   3.4700000e+03  -3.0161613e+01
   3.4800000e+03  -2.9820159e+01
   3.4900000e+03  -3.0368615e+01
