   0.0000000e+00   1.6630117e+01
   1.0000000e+01   1.6637684e+01
   2.0000000e+01   1.6643171e+01
   3.0000000e+01   1.6636558e+01
   4.0000000e+01   1.6635097e+01
   5.0000000e+01   1.6632527e+01
   6.0000000e+01   1.6640066e+01
   7.0000000e+01   1.6637127e+01
   8.0000000e+01   1.6641810e+01
   9.0000000e+01   1.6639522e+01
   1.0000000e+02   1.6701925e+01
   1.1000000e+02   1.6682499e+01
   1.2000000e+02   1.6864482e+01
   1.3000000e+02   1.7005446e+01
   1.4000000e+02   1.7189755e+01
   1.5000000e+02   1.7466631e+01
   1.6000000e+02   1.8370682e+01
   1.7000000e+02   1.9258096e+01
   1.8000000e+02   2.0117124e+01
   1.9000000e+02   2.0457930e+01
   2.0000000e+02   2.0638643e+01
   2.1000000e+02   2.0535724e+01
   2.2000000e+02   2.0429616e+01
   2.3000000e+02   2.0205579e+01
   2.4000000e+02   2.0348446e+01
   2.5000000e+02   2.0347602e+01
   2.6000000e+02   2.0041405e+01
   2.7000000e+02   1.9967985e+01
   2.8000000e+02   1.9673175e+01
   2.9000000e+02   1.9965094e+01
   3.0000000e+02   1.9784282e+01
   3.1000000e+02   1.9639411e+01
   3.2000000e+02   1.9369336e+01
   3.3000000e+02   1.9346214e+01
   3.4000000e+02   1.9684119e+01
   3.5000000e+02   1.9182004e+01
   3.6000000e+02   1.9232437e+01
   3.7000000e+02   1.8861810e+01
   3.8000000e+02   1.9317896e+01
   3.9000000e+02   1.8846559e+01
   4.0000000e+02   1.9068474e+01
   4.1000000e+02   1.9065044e+01
   4.2000000e+02   1.8656017e+01
   4.3000000e+02   1.9052228e+01
   4.4000000e+02   1.9148680e+01
   4.5000000e+02   1.9066045e+01
   4.6000000e+02   1.8517167e+01
   4.7000000e+02   1.8896853e+01
   4.8000000e+02   1.8924738e+01
   4.9000000e+02   1.8552910e+01
   5.0000000e+02   1.8752552e+01
   5.1000000e+02   1.8411552e+01
   5.2000000e+02   1.8743429e+01
   5.3000000e+02   1.8580683e+01
   5.4000000e+02   1.8924749e+01
   5.5000000e+02   1.8974286e+01
   5.6000000e+02   1.8850533e+01
   5.7000000e+02   1.8424652e+01
   5.8000000e+02   1.8828683e+01
   5.9000000e+02   1.8910092e+01
   6.0000000e+02   1.8570261e+01
   6.1000000e+02   1.8574877e+01
   6.2000000e+02   1.8793693e+01
   6.3000000e+02   1.9018208e+01
   6.4000000e+02   1.8733784e+01
   6.5000000e+02   1.8491525e+01
   6.6000000e+02   1.8593585e+01
   6.7000000e+02   1.8220403e+01
   6.8000000e+02   1.8987738e+01
   6.9000000e+02   1.8340991e+01
   7.0000000e+02   1.8688775e+01
   7.1000000e+02   1.8686536e+01
   7.2000000e+02   1.8500385e+01
   7.3000000e+02   1.8630784e+01
   7.4000000e+02   1.8802084e+01
   7.5000000e+02   1.8821422e+01
   7.6000000e+02   1.9281167e+01
   7.7000000e+02   1.8837456e+01
   7.8000000e+02   1.8797596e+01
   7.9000000e+02   1.8791047e+01
   8.0000000e+02   1.8740443e+01
   8.1000000e+02   1.8931241e+01
   8.2000000e+02   1.8499967e+01
   8.3000000e+02   1.8671499e+01
   8.4000000e+02   1.8915908e+01
   8.5000000e+02   1.8961214e+01
   8.6000000e+02   1.8761225e+01
   8.7000000e+02   1.8898269e+01
   8.8000000e+02   1.8750065e+01
   8.9000000e+02   1.8947144e+01
   9.0000000e+02   1.8934261e+01
   9.1000000e+02   1.8982844e+01
   9.2000000e+02   1.8751497e+01
   9.3000000e+02   1.8806776e+01
   9.4000000e+02   1.8943871e+01
   9.5000000e+02   1.8702678e+01
   9.6000000e+02   1.8605813e+01
   9.7000000e+02   1.8740074e+01
   9.8000000e+02   1.9231564e+01
   9.9000000e+02   1.8790050e+01
   1.0000000e+03   1.9029602e+01
   1.0100000e+03   1.9003040e+01
   1.0200000e+03   1.8939077e+01
   1.0300000e+03   1.9034677e+01
   1.0400000e+03   1.8788644e+01
   1.0500000e+03   1.8884327e+01
   1.0600000e+03   1.9074821e+01
   1.0700000e+03   1.8909635e+01
   1.0800000e+03   1.8868798e+01
   1.0900000e+03   1.9225952e+01
   1.1000000e+03   1.9268720e+01
   1.1100000e+03   1.9155227e+01
   1.1200000e+03   1.8591923e+01
   1.1300000e+03   1.9021858e+01
   1.1400000e+03   1.8936458e+01
   1.1500000e+03   1.8915262e+01
   1.1600000e+03   1.8989161e+01
   1.1700000e+03   1.9104875e+01
   1.1800000e+03   1.9053504e+01
   1.1900000e+03   1.8845071e+01
   1.2000000e+03   1.9037615e+01
   1.2100000e+03   1.9232046e+01
   1.2200000e+03   1.8796537e+01
   1.2300000e+03   1.8905987e+01
   1.2400000e+03   1.9155067e+01
   1.2500000e+03   1.8869108e+01
   1.2600000e+03   1.9339026e+01
   1.2700000e+03   1.9147165e+01
   1.2800000e+03   1.9057415e+01
   1.2900000e+03   1.8903304e+01
   1.3000000e+03   1.8982908e+01
   1.3100000e+03   1.8965672e+01
   1.3200000e+03   1.9167737e+01
   1.3300000e+03   1.8904306e+01
   1.3400000e+03   1.9285649e+01
   1.3500000e+03   1.8838592e+01
   1.3600000e+03   1.8996627e+01
   1.3700000e+03   1.8989882e+01
   1.3800000e+03   1.9157394e+01
   1.3900000e+03   1.8813008e+01
   1.4000000e+03   1.8887241e+01
   1.4100000e+03   1.8750252e+01
   1.4200000e+03   1.8917813e+01
   1.4300000e+03   1.8720539e+01
   1.4400000e+03   1.9083695e+01
   1.4500000e+03   1.9098674e+01
   1.4600000e+03   1.9093950e+01
   1.4700000e+03   1.9015052e+01
   1.4800000e+03   1.8755234e+01
   1.4900000e+03   1.9030019e+01
   1.5000000e+03   1.9000336e+01
   1.5100000e+03   1.8972446e+01
   1.5200000e+03   1.8979883e+01
   1.5300000e+03   1.9040810e+01
   1.5400000e+03   1.9290554e+01
   1.5500000e+03   1.8935282e+01
   1.5600000e+03   1.9043227e+01
   1.5700000e+03   1.8908671e+01
   1.5800000e+03   1.9052122e+01
   1.5900000e+03   1.9120926e+01
   1.6000000e+03   1.8697792e+01
   1.6100000e+03   1.9187502e+01
   1.6200000e+03   1.9035175e+01
   1.6300000e+03   1.9184818e+01
   1.6400000e+03   1.8952080e+01
   1.6500000e+03   1.9109583e+01
   1.6600000e+03   1.8963664e+01
   1.6700000e+03   1.9310874e+01
   1.6800000e+03   1.9222482e+01
   1.6900000e+03   1.8923713e+01
   1.7000000e+03   1.9019310e+01
   1.7100000e+03   1.9078188e+01
   1.7200000e+03   1.9022912e+01
   1.7300000e+03   1.9071049e+01
   1.7400000e+03   1.9526623e+01
   1.7500000e+03   1.9053472e+01
   1.7600000e+03   1.8986589e+01
   1.7700000e+03   1.9436024e+01
   1.7800000e+03   1.9359083e+01
   1.7900000e+03   1.9158908e+01
   1.8000000e+03   1.9206254e+01
   1.8100000e+03   1.8791761e+01
   1.8200000e+03   1.9192534e+01
   1.8300000e+03   1.8886736e+01
   1.8400000e+03   1.9070564e+01
   1.8500000e+03   1.9520304e+01
   1.8600000e+03   1.9475160e+01
   1.8700000e+03   1.9053525e+01
   1.8800000e+03   1.9292869e+01
   1.8900000e+03   1.9068413e+01
   1.9000000e+03   1.9010105e+01
   1.9100000e+03   1.9020218e+01
   1.9200000e+03   1.9289529e+01
   1.9300000e+03   1.9188501e+01
   1.9400000e+03   1.9088964e+01
   1.9500000e+03   1.9438362e+01
   1.9600000e+03   1.9292152e+01
   1.9700000e+03   1.8937523e+01
   1.9800000e+03   1.9091674e+01
   1.9900000e+03   1.8897158e+01
   2.0000000e+03   1.9283656e+01
   2.0100000e+03   1.9223025e+01
   2.0200000e+03   1.9156469e+01
   2.0300000e+03   1.8882564e+01
   2.0400000e+03   1.9190747e+01
   2.0500000e+03   1.8858636e+01
   2.0600000e+03   1.8953322e+01
   2.0700000e+03   1.9046801e+01
   2.0800000e+03   1.9207418e+01
   2.0900000e+03   1.9186894e+01
   2.1000000e+03   1.9271165e+01
   2.1100000e+03   1.9018560e+01
   2.1200000e+03   1.9030184e+01
   2.1300000e+03   1.9158106e+01
   2.1400000e+03   1.8883415e+01
   2.1500000e+03   1.9120114e+01
   2.1600000e+03   1.8696796e+01
   2.1700000e+03   1.9089606e+01
   2.1800000e+03   1.9133826e+01
   2.1900000e+03   1.8912353e+01
   2.2000000e+03   1.9028632e+01
   2.2100000e+03   1.9286945e+01
   2.2200000e+03   1.8893077e+01
   2.2300000e+03   1.9088008e+01
   2.2400000e+03   1.8768047e+01
   2.2500000e+03   1.8575634e+01
   2.2600000e+03   1.8467537e+01
   2.2700000e+03   1.8983116e+01
   2.2800000e+03   1.8934913e+01
   2.2900000e+03   1.8788545e+01
   2.3000000e+03   1.9110967e+01
   2.3100000e+03   1.8820804e+01
   2.3200000e+03   1.8900753e+01
   2.3300000e+03   1.9119191e+01
   2.3400000e+03   1.8910519e+01
   2.3500000e+03   1.8894270e+01
   2.3600000e+03   1.9100447e+01
   2.3700000e+03   1.8868794e+01
   2.3800000e+03   1.9142260e+01
   2.3900000e+03   1.8771662e+01
   2.4000000e+03   1.8908246e+01
   2.4100000e+03   1.8907719e+01
   2.4200000e+03   1.9090539e+01
   2.4300000e+03   1.9128069e+01
   2.4400000e+03   1.9030889e+01
   2.4500000e+03   1.8999239e+01
   2.4600000e+03   1.9006166e+01
   2.4700000e+03   1.9186003e+01
   2.4800000e+03   1.9179606e+01
   2.4900000e+03   1.9069289e+01
   2.5000000e+03   1.9009224e+01
   2.5100000e+03   1.8979458e+01
   2.5200000e+03   1.8899777e+01
   2.5300000e+03   1.9125412e+01
   2.5400000e+03   1.8873520e+01
   2.5500000e+03   1.8984819e+01
   2.5600000e+03   1.8902783e+01
   2.5700000e+03   1.8961308e+01
   2.5800000e+03   1.8812816e+01
   2.5900000e+03   1.9130388e+01
   2.6000000e+03   1.9111526e+01
   2.6100000e+03   1.8627018e+01
   2.6200000e+03   1.9219467e+01
   2.6300000e+03   1.8921152e+01
   2.6400000e+03   1.8872887e+01
   2.6500000e+03   1.8987271e+01
   2.6600000e+03   1.9193553e+01
   2.6700000e+03   1.8845536e+01
   2.6800000e+03   1.8791714e+01
   2.6900000e+03   1.8600922e+01
   2.7000000e+03   1.9118579e+01
   2.7100000e+03   1.8931271e+01
   2.7200000e+03   1.9066691e+01
   2.7300000e+03   1.9008337e+01
   2.7400000e+03   1.9020991e+01
   2.7500000e+03   1.9061144e+01
   2.7600000e+03   1.9014864e+01
   2.7700000e+03   1.8871960e+01
   2.7800000e+03   1.8898487e+01
   2.7900000e+03   1.8824605e+01
   2.8000000e+03   1.8794756e+01
   2.8100000e+03   1.9204063e+01
   2.8200000e+03   1.9086963e+01
   2.8300000e+03   1.8529403e+01
   2.8400000e+03   1.8559984e+01
   2.8500000e+03   1.8898414e+01
   2.8600000e+03   1.9133204e+01
   2.8700000e+03   1.8398286e+01
   2.8800000e+03   1.8786816e+01
   2.8900000e+03   1.9007757e+01
   2.9000000e+03   1.8966969e+01
   2.9100000e+03   1.8741066e+01
   2.9200000e+03   1.8945887e+01
   2.9300000e+03   1.8455387e+01
   2.9400000e+03   1.8965454e+01
   2.9500000e+03   1.9140802e+01
   2.9600000e+03   1.8799488e+01
   2.9700000e+03   1.8887427e+01
   2.9800000e+03   1.8744224e+01
   2.9900000e+03   1.8781045e+01
   3.0000000e+03   1.8497893e+01
   3.0100000e+03   1.8891809e+01
   3.0200000e+03   1.8653520e+01
   3.0300000e+03   1.8694060e+01
   3.0400000e+03   1.9144690e+01
   3.0500000e+03   1.8756147e+01
   3.0600000e+03   1.9083734e+01
   3.0700000e+03   1.8563476e+01
   3.0800000e+03   1.8754565e+01
   3.0900000e+03   1.8730385e+01
   3.1000000e+03   1.9023399e+01
   3.1100000e+03   1.9028899e+01
   3.1200000e+03   1.8837554e+01
   3.1300000e+03   1.8844335e+01
   3.1400000e+03   1.9094799e+01
   3.1500000e+03   1.8991408e+01
   3.1600000e+03   1.8712459e+01
   3.1700000e+03   1.9073126e+01
   3.1800000e+03   1.9007250e+01
   3.1900000e+03   1.9043816e+01
   3.2000000e+03   1.9276463e+01
   3.2100000e+03   1.8822952e+01
   3.2200000e+03   1.8871556e+01
   3.2300000e+03   1.8989114e+01
   3.2400000e+03   1.8627827e+01
   3.2500000e+03   1.8374181e+01
   3.2600000e+03   1.8533522e+01
   3.2700000e+03   1.8893450e+01
   3.2800000e+03   1.8717672e+01
   3.2900000e+03   1.8967842e+01
   3.3000000e+03   1.8989030e+01
   3.3100000e+03   1.8804714e+01
   3.3200000e+03   1.8918319e+01
   3.3300000e+03   1.8714002e+01
   3.3400000e+03   1.8763358e+01
   3.3500000e+03   1.8917748e+01
   3.3600000e+03   1.8884587e+01
   3.3700000e+03   1.8605297e+01
   3.3800000e+03   1.8705222e+01
   3.3900000e+03   1.8408613e+01
   3.4000000e+03   1.8569314e+01
   3.4100000e+03   1.8387609e+01
   3.4200000e+03   1.8228553e+01
   3.4300000e+03   1.8116581e+01
   3.4400000e+03   1.8545508e+01
   3.4500000e+03   1.8564777e+01
   3.4600000e+03   1.8270078e+01
   3.4700000e+03   1.8332117e+01
   3.4800000e+03   1.7882536e+01
   3.4900000e+03   1.8514371e+01
