   0.0000000e+00   1.9951664e+01
   1.0000000e+01   1.9953185e+01
   2.0000000e+01   1.9961893e+01
   3.0000000e+01   1.9949006e+01
   4.0000000e+01   1.9950365e+01
   5.0000000e+01   1.9947610e+01
   6.0000000e+01   1.9942470e+01
   7.0000000e+01   1.9957514e+01
   8.0000000e+01   1.9931836e+01
   9.0000000e+01   1.9928988e+01
   1.0000000e+02   1.9927815e+01
   1.1000000e+02   1.9953844e+01
   1.2000000e+02   1.9620031e+01
   1.3000000e+02   1.8691051e+01
   1.4000000e+02   1.7087781e+01
   1.5000000e+02   1.5583650e+01
   1.6000000e+02   1.4838862e+01
   1.7000000e+02   1.2478965e+01
   1.8000000e+02   1.0601498e+01
   1.9000000e+02   9.2844145e+00
   2.0000000e+02   6.7474090e+00
   2.1000000e+02   4.8474158e+00
   2.2000000e+02   2.4797649e+00
   2.3000000e+02   2.4729852e+00
   2.4000000e+02   3.3536718e-01
   2.5000000e+02  -2.0427767e+00
   2.6000000e+02  -2.9061465e+00
   2.7000000e+02  -8.3501207e-01
   2.8000000e+02  -1.0797397e+00
   2.9000000e+02  -2.2058847e+00
   3.0000000e+02  -2.9499256e+00
   3.1000000e+02  -3.2570449e+00
   3.2000000e+02  -3.8397993e+00
   3.3000000e+02  -4.4513577e+00
   3.4000000e+02  -5.5036600e+00
   3.5000000e+02  -4.9706047e+00
   3.6000000e+02  -3.9096997e+00
   3.7000000e+02  -4.3460416e+00
   3.8000000e+02  -3.4748753e+00
   3.9000000e+02  -6.7455553e+00
   4.0000000e+02  -3.5849516e+00
   4.1000000e+02  -4.2357951e+00
   4.2000000e+02  -5.7861956e+00
   4.3000000e+02  -4.7584253e+00
   4.4000000e+02  -4.9511143e+00
   4.5000000e+02  -5.6710733e+00
   4.6000000e+02  -4.4230110e+00
   4.7000000e+02  -5.9766469e+00
   4.8000000e+02  -5.9122405e+00
   4.9000000e+02  -6.0659018e+00
   5.0000000e+02  -6.0198330e+00
   5.1000000e+02  -6.3763888e+00
   5.2000000e+02  -4.9633408e+00
   5.3000000e+02  -6.1478423e+00
   5.4000000e+02  -5.4140242e+00
   5.5000000e+02  -3.9683939e+00
   5.6000000e+02  -4.6692473e+00
   5.7000000e+02  -4.3183446e+00
   5.8000000e+02  -3.5499888e+00
   5.9000000e+02  -6.0995603e+00
   6.0000000e+02  -5.7446133e+00
   6.1000000e+02  -5.9555152e+00
   6.2000000e+02  -5.8743089e+00
   6.3000000e+02  -6.5337291e+00
   6.4000000e+02  -5.3854455e+00
   6.5000000e+02  -5.6076225e+00
   6.6000000e+02  -6.3728360e+00
   6.7000000e+02  -5.9439312e+00
   6.8000000e+02  -5.7044529e+00
   6.9000000e+02  -5.0770420e+00
   7.0000000e+02  -5.3197310e+00
   7.1000000e+02  -5.0976313e+00
   7.2000000e+02  -4.9690417e+00
   7.3000000e+02  -6.0408998e+00
   7.4000000e+02  -5.0039939e+00
   7.5000000e+02  -5.4903697e+00
   7.6000000e+02  -5.0331125e+00
   7.7000000e+02  -4.9497832e+00
   7.8000000e+02  -4.0070586e+00
   7.9000000e+02  -4.9100759e+00
   8.0000000e+02  -5.4749802e+00
   8.1000000e+02  -5.3362231e+00
   8.2000000e+02  -4.7118628e+00
   8.3000000e+02  -4.6089982e+00
   8.4000000e+02  -3.6167508e+00
   8.5000000e+02  -2.9048126e+00
   8.6000000e+02  -2.7296146e+00
   8.7000000e+02  -3.3248721e+00
   8.8000000e+02  -3.7864135e+00
   8.9000000e+02  -3.8474607e+00
   9.0000000e+02  -3.9093118e+00
   9.1000000e+02  -5.0563640e+00
   9.2000000e+02  -4.2489628e+00
   9.3000000e+02  -4.0287195e+00
   9.4000000e+02  -3.3621053e+00
   9.5000000e+02  -4.6413076e+00
   9.6000000e+02  -3.8042204e+00
   9.7000000e+02  -4.8936860e+00
   9.8000000e+02  -4.7669720e+00
   9.9000000e+02  -4.5864464e+00
   1.0000000e+03  -3.6641067e+00
   1.0100000e+03  -4.1014768e+00
   1.0200000e+03  -4.2912379e+00
   1.0300000e+03  -9.5670622e-01
   1.0400000e+03  -1.0833859e+00
   1.0500000e+03  -1.7644371e+00
   1.0600000e+03  -1.5805883e+00
   1.0700000e+03  -2.4104886e+00
   1.0800000e+03  -4.6450957e+00
   1.0900000e+03  -4.3207746e+00
   1.1000000e+03  -2.9118954e+00
   1.1100000e+03  -2.5417184e+00
   1.1200000e+03  -3.9817195e+00
   1.1300000e+03  -3.9359131e+00
   1.1400000e+03  -4.3953443e+00
   1.1500000e+03  -4.7170324e+00
   1.1600000e+03  -4.6252208e+00
   1.1700000e+03  -4.2876750e+00
   1.1800000e+03  -3.5054096e+00
   1.1900000e+03  -2.6113785e+00
   1.2000000e+03  -2.6432026e+00
   1.2100000e+03  -4.7396105e+00
   1.2200000e+03  -4.6447620e+00
   1.2300000e+03  -4.2241687e+00
   1.2400000e+03  -4.5417074e+00
   1.2500000e+03  -3.9479157e+00
   1.2600000e+03  -3.5556708e+00
   1.2700000e+03  -4.4619397e+00
   1.2800000e+03  -3.7146007e+00
   1.2900000e+03  -4.2936760e+00
   1.3000000e+03  -4.3727438e+00
   1.3100000e+03  -4.1401653e+00
   1.3200000e+03  -3.6987604e+00
   1.3300000e+03  -3.8929569e+00
   1.3400000e+03  -3.6560418e+00
   1.3500000e+03  -3.8034998e+00
   1.3600000e+03  -3.6509885e+00
   1.3700000e+03  -3.6780726e+00
   1.3800000e+03  -4.0897321e+00
   1.3900000e+03  -4.6124777e+00
   1.4000000e+03  -3.3107753e+00
   1.4100000e+03  -3.6225144e+00
   1.4200000e+03  -3.6343989e+00
   1.4300000e+03  -3.1801606e+00
   1.4400000e+03  -2.7982533e+00
   1.4500000e+03  -2.8497266e+00
   1.4600000e+03  -2.7866601e+00
   1.4700000e+03  -3.3603956e+00
   1.4800000e+03  -3.1982192e+00
   1.4900000e+03  -3.1324197e+00
   1.5000000e+03  -3.3340726e+00
   1.5100000e+03  -3.8405963e+00
   1.5200000e+03  -2.8987644e+00
   1.5300000e+03  -2.6854286e+00
   1.5400000e+03  -3.6301533e+00
   1.5500000e+03  -3.7762641e+00
   1.5600000e+03  -2.9728379e+00
   1.5700000e+03  -2.8284266e+00
   1.5800000e+03  -2.4613899e+00
   1.5900000e+03  -2.7476007e+00
   1.6000000e+03  -3.4384789e+00
   1.6100000e+03  -3.5572238e+00
   1.6200000e+03  -3.7028610e+00
   1.6300000e+03  -3.3989125e+00
   1.6400000e+03  -2.1256584e+00
   1.6500000e+03  -1.9316870e+00
   1.6600000e+03  -2.6983414e+00
   1.6700000e+03  -2.8974949e+00
   1.6800000e+03  -3.7713008e+00
   1.6900000e+03  -3.0351751e+00
   1.7000000e+03  -3.0803002e+00
   1.7100000e+03  -2.3184233e+00
   1.7200000e+03  -2.3129921e+00
   1.7300000e+03  -2.0986542e+00
   1.7400000e+03  -3.0066303e+00
   1.7500000e+03  -2.6392755e+00
   1.7600000e+03  -2.3441505e+00
   1.7700000e+03  -3.0081520e+00
   1.7800000e+03  -3.4565120e+00
   1.7900000e+03  -2.3292598e+00
   1.8000000e+03  -2.6760420e+00
   1.8100000e+03  -1.9501760e+00
   1.8200000e+03  -2.8934150e+00
   1.8300000e+03  -2.1246521e+00
   1.8400000e+03  -2.3981676e+00
   1.8500000e+03  -2.5993547e+00
   1.8600000e+03  -2.4987361e+00
   1.8700000e+03  -2.5433517e+00
   1.8800000e+03  -3.1536881e+00
   1.8900000e+03  -2.9146252e+00
   1.9000000e+03  -2.4285758e+00
   1.9100000e+03  -3.1337240e+00
   1.9200000e+03  -2.3394561e+00
   1.9300000e+03  -2.2556779e+00
   1.9400000e+03  -2.8198686e+00
   1.9500000e+03  -1.6854089e+00
   1.9600000e+03  -2.5378755e+00
   1.9700000e+03  -2.4600140e+00
   1.9800000e+03  -2.8195687e+00
   1.9900000e+03  -3.0398360e+00
   2.0000000e+03  -3.0867165e+00
   2.0100000e+03  -3.5536790e+00
   2.0200000e+03  -4.1589836e+00
   2.0300000e+03  -3.3493427e+00
   2.0400000e+03  -3.5245653e+00
   2.0500000e+03  -3.2082579e+00
   2.0600000e+03  -2.7127977e+00
   2.0700000e+03  -2.6899050e+00
   2.0800000e+03  -2.8346999e+00
   2.0900000e+03  -3.9701101e+00
   2.1000000e+03  -2.9939744e+00
   2.1100000e+03  -1.9246952e+00
   2.1200000e+03  -3.0212067e+00
   2.1300000e+03  -2.0133397e+00
   2.1400000e+03  -1.7382751e+00
   2.1500000e+03  -2.0285578e+00
   2.1600000e+03  -2.1607652e+00
   2.1700000e+03  -2.3025545e+00
   2.1800000e+03  -2.3258569e+00
   2.1900000e+03  -2.2173002e+00
   2.2000000e+03  -2.6208878e+00
   2.2100000e+03  -2.3586550e+00
   2.2200000e+03  -2.4320358e+00
   2.2300000e+03  -2.4648541e+00
   2.2400000e+03  -2.7166506e+00
   2.2500000e+03  -2.4863609e+00
   2.2600000e+03  -3.4087666e+00
   2.2700000e+03  -2.3098338e+00
   2.2800000e+03  -1.7866650e+00
   2.2900000e+03  -2.2478308e+00
   2.3000000e+03  -2.2574449e+00
   2.3100000e+03  -3.1077606e+00
   2.3200000e+03  -3.2502628e+00
   2.3300000e+03  -3.2813695e+00
   2.3400000e+03  -2.9645347e+00
   2.3500000e+03  -3.0995342e+00
   2.3600000e+03  -3.4241734e+00
   2.3700000e+03  -3.2022399e+00
   2.3800000e+03  -3.7323573e+00
   2.3900000e+03  -3.5782091e+00
   2.4000000e+03  -2.7034489e+00
   2.4100000e+03  -3.0630857e+00
   2.4200000e+03  -2.4592112e+00
   2.4300000e+03  -2.0526717e+00
   2.4400000e+03  -2.2809732e+00
   2.4500000e+03  -1.9963217e+00
   2.4600000e+03  -1.8444063e+00
   2.4700000e+03  -2.8005383e+00
   2.4800000e+03  -1.2350332e+00
   2.4900000e+03  -1.2452682e+00
   2.5000000e+03  -1.0701576e+00
   2.5100000e+03  -1.2490772e+00
   2.5200000e+03  -1.8869522e+00
   2.5300000e+03  -1.9634247e+00
   2.5400000e+03  -2.3935273e+00
   2.5500000e+03  -3.1742503e+00
   2.5600000e+03  -3.3431642e+00
   2.5700000e+03  -3.1264004e+00
   2.5800000e+03  -2.8008167e+00
   2.5900000e+03  -2.5873671e+00
   2.6000000e+03  -1.2436888e+00
   2.6100000e+03  -1.6405124e+00
   2.6200000e+03  -1.6055553e+00
   2.6300000e+03  -2.5048767e+00
   2.6400000e+03  -2.1295979e+00
   2.6500000e+03  -2.1951371e+00
   2.6600000e+03  -2.2608553e+00
   2.6700000e+03  -2.3068694e+00
   2.6800000e+03  -2.2025390e+00
   2.6900000e+03  -2.6069145e+00
   2.7000000e+03  -2.4648104e+00
   2.7100000e+03  -1.9784383e+00
   2.7200000e+03  -2.1890081e+00
   2.7300000e+03  -2.6652935e+00
   2.7400000e+03  -2.3012382e+00
   2.7500000e+03  -2.6070080e+00
   2.7600000e+03  -2.7219847e+00
   2.7700000e+03  -2.4622755e+00
   2.7800000e+03  -2.8051609e+00
   2.7900000e+03  -2.9472279e+00
   2.8000000e+03  -3.3800191e+00
   2.8100000e+03  -3.0648693e+00
   2.8200000e+03  -3.2545863e+00
   2.8300000e+03  -4.0628661e+00
   2.8400000e+03  -3.9361209e+00
   2.8500000e+03  -4.3398003e+00
   2.8600000e+03  -4.2987383e+00
   2.8700000e+03  -3.6691901e+00
   2.8800000e+03  -4.4447237e+00
   2.8900000e+03  -4.3956339e+00
   2.9000000e+03  -4.8095560e+00
   2.9100000e+03  -4.7184884e+00
   2.9200000e+03  -4.9042161e+00
   2.9300000e+03  -4.0060431e+00
   2.9400000e+03  -4.1283809e+00
   2.9500000e+03  -5.2435817e+00
   2.9600000e+03  -4.5222775e+00
   2.9700000e+03  -4.6611841e+00
   2.9800000e+03  -4.5380361e+00
   2.9900000e+03  -4.0018894e+00
   3.0000000e+03  -4.9772354e+00
   3.0100000e+03  -4.1191425e+00
   3.0200000e+03  -4.6384779e+00
   3.0300000e+03  -4.3374917e+00
   3.0400000e+03  -4.9214814e+00
   3.0500000e+03  -4.6628057e+00
   3.0600000e+03  -5.1587220e+00
   3.0700000e+03  -4.2415309e+00
   3.0800000e+03  -5.4137637e+00
   3.0900000e+03  -4.9268545e+00
   3.1000000e+03  -4.9687951e+00
   3.1100000e+03  -5.2753763e+00
   3.1200000e+03  -5.6153620e+00
   3.1300000e+03  -5.4891584e+00
   3.1400000e+03  -5.2475323e+00
   3.1500000e+03  -5.1919601e+00
   3.1600000e+03  -5.0946603e+00
   3.1700000e+03  -4.1660270e+00
   3.1800000e+03  -4.2596156e+00
   3.1900000e+03  -4.1036777e+00
   3.2000000e+03  -4.2469179e+00
   3.2100000e+03  -5.0021006e+00
   3.2200000e+03  -4.1630142e+00
   3.2300000e+03  -4.3323349e+00
   3.2400000e+03  -4.3199582e+00
   3.2500000e+03  -4.0930830e+00
   3.2600000e+03  -4.7009142e+00
   3.2700000e+03  -3.5988051e+00
   3.2800000e+03  -4.1244679e+00
   3.2900000e+03  -3.2191758e+00
   3.3000000e+03  -3.7110010e+00
   3.3100000e+03  -3.5110104e+00
   3.3200000e+03  -3.3816898e+00
   3.3300000e+03  -3.7508512e+00
   3.3400000e+03  -3.1045051e+00
   3.3500000e+03  -3.4188320e+00
   3.3600000e+03  -3.8956527e+00
   3.3700000e+03  -3.8825488e+00
   3.3800000e+03  -4.0159026e+00
   3.3900000e+03  -3.1966384e+00
   3.4000000e+03  -3.4628706e+00
   3.4100000e+03  -3.4000158e+00
   3.4200000e+03  -4.0893052e+00
   3.4300000e+03  -3.8860888e+00
   3.4400000e+03  -3.2376018e+00
   3.4500000e+03  -4.1341615e+00
   3.4600000e+03  -3.9572824e+00
   3.4700000e+03  -3.7284968e+00
   3.4800000e+03  -3.9149990e+00
   3.4900000e+03  -3.3223572e+00
