   0.0000000e+00  -5.6114435e-03
   1.0000000e+01   1.9554892e-03
   2.0000000e+01   7.4427119e-03
   3.0000000e+01   8.2977042e-04
   4.0000000e+01  -6.3140119e-04
   5.0000000e+01  -3.2018252e-03
   6.0000000e+01   4.3375768e-03
   7.0000000e+01   1.3987836e-03
   8.0000000e+01   6.0818686e-03
   9.0000000e+01   3.7932454e-03
   1.0000000e+02   6.6196253e-02
   1.1000000e+02   4.6770540e-02
   1.2000000e+02   2.2875331e-01
   1.3000000e+02   3.6971749e-01
   1.4000000e+02   5.5402713e-01
   1.5000000e+02   8.3090287e-01
   1.6000000e+02   1.7349536e+00
   1.7000000e+02   2.6223679e+00
   1.8000000e+02   3.4813958e+00
   1.9000000e+02   3.8222016e+00
   2.0000000e+02   4.0029148e+00
   2.1000000e+02   3.8999959e+00
   2.2000000e+02   3.7938874e+00
   2.3000000e+02   3.5698502e+00
   2.4000000e+02   3.7127176e+00
   2.5000000e+02   3.7118735e+00
   2.6000000e+02   3.4056771e+00
   2.7000000e+02   3.3322565e+00
   2.8000000e+02   3.0374468e+00
   2.9000000e+02   3.3293656e+00
   3.0000000e+02   3.1485539e+00
   3.1000000e+02   3.0036828e+00
   3.2000000e+02   2.7336076e+00
   3.3000000e+02   2.7104853e+00
   3.4000000e+02   3.0483905e+00
   3.5000000e+02   2.5462758e+00
   3.6000000e+02   2.5967091e+00
   3.7000000e+02   2.2260820e+00
   3.8000000e+02   2.6821675e+00
   3.9000000e+02   2.2108309e+00
   4.0000000e+02   2.4327455e+00
   4.1000000e+02   2.4293160e+00
   4.2000000e+02   2.0202891e+00
   4.3000000e+02   2.4165001e+00
   4.4000000e+02   2.5129515e+00
   4.5000000e+02   2.4303165e+00
   4.6000000e+02   1.8814387e+00
   4.7000000e+02   2.2611249e+00
   4.8000000e+02   2.2890092e+00
   4.9000000e+02   1.9171820e+00
   5.0000000e+02   2.1168241e+00
   5.1000000e+02   1.7758235e+00
   5.2000000e+02   2.1077007e+00
   5.3000000e+02   1.9449546e+00
   5.4000000e+02   2.2890203e+00
   5.5000000e+02   2.3385579e+00
   5.6000000e+02   2.2148045e+00
   5.7000000e+02   1.7889238e+00
   5.8000000e+02   2.1929544e+00
   5.9000000e+02   2.2743636e+00
   6.0000000e+02   1.9345322e+00
   6.1000000e+02   1.9391488e+00
   6.2000000e+02   2.1579648e+00
   6.3000000e+02   2.3824799e+00
   6.4000000e+02   2.0980558e+00
   6.5000000e+02   1.8557969e+00
   6.6000000e+02   1.9578565e+00
   6.7000000e+02   1.5846743e+00
   6.8000000e+02   2.3520095e+00
   6.9000000e+02   1.7052622e+00
   7.0000000e+02   2.0530468e+00
   7.1000000e+02   2.0508073e+00
   7.2000000e+02   1.8646567e+00
   7.3000000e+02   1.9950556e+00
   7.4000000e+02   2.1663559e+00
   7.5000000e+02   2.1856932e+00
   7.6000000e+02   2.6454384e+00
   7.7000000e+02   2.2017277e+00
   7.8000000e+02   2.1618678e+00
   7.9000000e+02   2.1553184e+00
   8.0000000e+02   2.1047148e+00
   8.1000000e+02   2.2955124e+00
   8.2000000e+02   1.8642387e+00
   8.3000000e+02   2.0357709e+00
   8.4000000e+02   2.2801799e+00
   8.5000000e+02   2.3254861e+00
   8.6000000e+02   2.1254967e+00
   8.7000000e+02   2.2625409e+00
   8.8000000e+02   2.1143369e+00
   8.9000000e+02   2.3114157e+00
   9.0000000e+02   2.2985325e+00
   9.1000000e+02   2.3471155e+00
   9.2000000e+02   2.1157691e+00
   9.3000000e+02   2.1710475e+00
   9.4000000e+02   2.3081426e+00
   9.5000000e+02   2.0669492e+00
   9.6000000e+02   1.9700848e+00
   9.7000000e+02   2.1043452e+00
   9.8000000e+02   2.5958358e+00
   9.9000000e+02   2.1543220e+00
   1.0000000e+03   2.3938732e+00
   1.0100000e+03   2.3673112e+00
   1.0200000e+03   2.3033486e+00
   1.0300000e+03   2.3989484e+00
   1.0400000e+03   2.1529156e+00
   1.0500000e+03   2.2485982e+00
   1.0600000e+03   2.4390931e+00
   1.0700000e+03   2.2739063e+00
   1.0800000e+03   2.2330696e+00
   1.0900000e+03   2.5902241e+00
   1.1000000e+03   2.6329913e+00
   1.1100000e+03   2.5194982e+00
   1.1200000e+03   1.9561946e+00
   1.1300000e+03   2.3861294e+00
   1.1400000e+03   2.3007299e+00
   1.1500000e+03   2.2795336e+00
   1.1600000e+03   2.3534324e+00
   1.1700000e+03   2.4691470e+00
   1.1800000e+03   2.4177753e+00
   1.1900000e+03   2.2093422e+00
   1.2000000e+03   2.4018867e+00
   1.2100000e+03   2.5963174e+00
   1.2200000e+03   2.1608086e+00
   1.2300000e+03   2.2702582e+00
   1.2400000e+03   2.5193386e+00
   1.2500000e+03   2.2333795e+00
   1.2600000e+03   2.7032980e+00
   1.2700000e+03   2.5114364e+00
   1.2800000e+03   2.4216869e+00
   1.2900000e+03   2.2675760e+00
   1.3000000e+03   2.3471793e+00
   1.3100000e+03   2.3299440e+00
   1.3200000e+03   2.5320088e+00
   1.3300000e+03   2.2685775e+00
   1.3400000e+03   2.6499202e+00
   1.3500000e+03   2.2028638e+00
   1.3600000e+03   2.3608986e+00
   1.3700000e+03   2.3541541e+00
   1.3800000e+03   2.5216658e+00
   1.3900000e+03   2.1772791e+00
   1.4000000e+03   2.2515121e+00
   1.4100000e+03   2.1145240e+00
   1.4200000e+03   2.2820843e+00
   1.4300000e+03   2.0848104e+00
   1.4400000e+03   2.4479664e+00
   1.4500000e+03   2.4629458e+00
   1.4600000e+03   2.4582213e+00
   1.4700000e+03   2.3793233e+00
   1.4800000e+03   2.1195061e+00
   1.4900000e+03   2.3942906e+00
   1.5000000e+03   2.3646077e+00
   1.5100000e+03   2.3367172e+00
   1.5200000e+03   2.3441544e+00
   1.5300000e+03   2.4050819e+00
   1.5400000e+03   2.6548253e+00
   1.5500000e+03   2.2995535e+00
   1.5600000e+03   2.4074988e+00
   1.5700000e+03   2.2729430e+00
   1.5800000e+03   2.4163940e+00
   1.5900000e+03   2.4851974e+00
   1.6000000e+03   2.0620639e+00
   1.6100000e+03   2.5517740e+00
   1.6200000e+03   2.3994465e+00
   1.6300000e+03   2.5490892e+00
   1.6400000e+03   2.3163520e+00
   1.6500000e+03   2.4738542e+00
   1.6600000e+03   2.3279353e+00
   1.6700000e+03   2.6751455e+00
   1.6800000e+03   2.5867539e+00
   1.6900000e+03   2.2879851e+00
   1.7000000e+03   2.3835812e+00
   1.7100000e+03   2.4424594e+00
   1.7200000e+03   2.3871833e+00
   1.7300000e+03   2.4353202e+00
   1.7400000e+03   2.8908946e+00
   1.7500000e+03   2.4177438e+00
   1.7600000e+03   2.3508608e+00
   1.7700000e+03   2.8002955e+00
   1.7800000e+03   2.7233546e+00
   1.7900000e+03   2.5231797e+00
   1.8000000e+03   2.5705256e+00
   1.8100000e+03   2.1560328e+00
   1.8200000e+03   2.5568059e+00
   1.8300000e+03   2.2510079e+00
   1.8400000e+03   2.4348356e+00
   1.8500000e+03   2.8845754e+00
   1.8600000e+03   2.8394313e+00
   1.8700000e+03   2.4177965e+00
   1.8800000e+03   2.6571402e+00
   1.8900000e+03   2.4326845e+00
   1.9000000e+03   2.3743766e+00
   1.9100000e+03   2.3844893e+00
   1.9200000e+03   2.6538010e+00
   1.9300000e+03   2.5527730e+00
   1.9400000e+03   2.4532356e+00
   1.9500000e+03   2.8026335e+00
   1.9600000e+03   2.6564239e+00
   1.9700000e+03   2.3017948e+00
   1.9800000e+03   2.4559461e+00
   1.9900000e+03   2.2614297e+00
   2.0000000e+03   2.6479279e+00
   2.0100000e+03   2.5872964e+00
   2.0200000e+03   2.5207410e+00
   2.0300000e+03   2.2468355e+00
   2.0400000e+03   2.5550188e+00
   2.0500000e+03   2.2229081e+00
   2.0600000e+03   2.3175940e+00
   2.0700000e+03   2.4110724e+00
   2.0800000e+03   2.5716893e+00
   2.0900000e+03   2.5511660e+00
   2.1000000e+03   2.6354370e+00
   2.1100000e+03   2.3828312e+00
   2.1200000e+03   2.3944561e+00
   2.1300000e+03   2.5223779e+00
   2.1400000e+03   2.2476870e+00
   2.1500000e+03   2.4843859e+00
   2.1600000e+03   2.0610681e+00
   2.1700000e+03   2.4538779e+00
   2.1800000e+03   2.4980973e+00
   2.1900000e+03   2.2766242e+00
   2.2000000e+03   2.3929035e+00
   2.2100000e+03   2.6512164e+00
   2.2200000e+03   2.2573486e+00
   2.2300000e+03   2.4522799e+00
   2.2400000e+03   2.1323182e+00
   2.2500000e+03   1.9399061e+00
   2.2600000e+03   1.8318082e+00
   2.2700000e+03   2.3473872e+00
   2.2800000e+03   2.2991851e+00
   2.2900000e+03   2.1528171e+00
   2.3000000e+03   2.4752391e+00
   2.3100000e+03   2.1850753e+00
   2.3200000e+03   2.2650245e+00
   2.3300000e+03   2.4834630e+00
   2.3400000e+03   2.2747911e+00
   2.3500000e+03   2.2585417e+00
   2.3600000e+03   2.4647184e+00
   2.3700000e+03   2.2330653e+00
   2.3800000e+03   2.5065319e+00
   2.3900000e+03   2.1359338e+00
   2.4000000e+03   2.2725176e+00
   2.4100000e+03   2.2719911e+00
   2.4200000e+03   2.4548109e+00
   2.4300000e+03   2.4923409e+00
   2.4400000e+03   2.3951607e+00
   2.4500000e+03   2.3635106e+00
   2.4600000e+03   2.3704373e+00
   2.4700000e+03   2.5502743e+00
   2.4800000e+03   2.5438778e+00
   2.4900000e+03   2.4335606e+00
   2.5000000e+03   2.3734958e+00
   2.5100000e+03   2.3437292e+00
   2.5200000e+03   2.2640491e+00
   2.5300000e+03   2.4896838e+00
   2.5400000e+03   2.2377912e+00
   2.5500000e+03   2.3490903e+00
   2.5600000e+03   2.2670546e+00
   2.5700000e+03   2.3255799e+00
   2.5800000e+03   2.1770874e+00
   2.5900000e+03   2.4946598e+00
   2.6000000e+03   2.4757976e+00
   2.6100000e+03   1.9912896e+00
   2.6200000e+03   2.5837390e+00
   2.6300000e+03   2.2854241e+00
   2.6400000e+03   2.2371584e+00
   2.6500000e+03   2.3515427e+00
   2.6600000e+03   2.5578247e+00
   2.6700000e+03   2.2098078e+00
   2.6800000e+03   2.1559858e+00
   2.6900000e+03   1.9651939e+00
   2.7000000e+03   2.4828507e+00
   2.7100000e+03   2.2955422e+00
   2.7200000e+03   2.4309625e+00
   2.7300000e+03   2.3726084e+00
   2.7400000e+03   2.3852623e+00
   2.7500000e+03   2.4254161e+00
   2.7600000e+03   2.3791353e+00
   2.7700000e+03   2.2362319e+00
   2.7800000e+03   2.2627590e+00
   2.7900000e+03   2.1888762e+00
   2.8000000e+03   2.1590273e+00
   2.8100000e+03   2.5683346e+00
   2.8200000e+03   2.4512351e+00
   2.8300000e+03   1.8936744e+00
   2.8400000e+03   1.9242560e+00
   2.8500000e+03   2.2626859e+00
   2.8600000e+03   2.4974756e+00
   2.8700000e+03   1.7625573e+00
   2.8800000e+03   2.1510875e+00
   2.8900000e+03   2.3720284e+00
   2.9000000e+03   2.3312408e+00
   2.9100000e+03   2.1053376e+00
   2.9200000e+03   2.3101586e+00
   2.9300000e+03   1.8196587e+00
   2.9400000e+03   2.3297253e+00
   2.9500000e+03   2.5050733e+00
   2.9600000e+03   2.1637592e+00
   2.9700000e+03   2.2516991e+00
   2.9800000e+03   2.1084954e+00
   2.9900000e+03   2.1453169e+00
   3.0000000e+03   1.8621647e+00
   3.0100000e+03   2.2560802e+00
   3.0200000e+03   2.0177921e+00
   3.0300000e+03   2.0583317e+00
   3.0400000e+03   2.5089621e+00
   3.0500000e+03   2.1204186e+00
   3.0600000e+03   2.4480057e+00
   3.0700000e+03   1.9277472e+00
   3.0800000e+03   2.1188368e+00
   3.0900000e+03   2.0946570e+00
   3.1000000e+03   2.3876709e+00
   3.1100000e+03   2.3931708e+00
   3.1200000e+03   2.2018253e+00
   3.1300000e+03   2.2086065e+00
   3.1400000e+03   2.4590704e+00
   3.1500000e+03   2.3556795e+00
   3.1600000e+03   2.0767302e+00
   3.1700000e+03   2.4373978e+00
   3.1800000e+03   2.3715220e+00
   3.1900000e+03   2.4080875e+00
   3.2000000e+03   2.6407345e+00
   3.2100000e+03   2.1872232e+00
   3.2200000e+03   2.2358279e+00
   3.2300000e+03   2.3533853e+00
   3.2400000e+03   1.9920989e+00
   3.2500000e+03   1.7384530e+00
   3.2600000e+03   1.8977936e+00
   3.2700000e+03   2.2577219e+00
   3.2800000e+03   2.0819433e+00
   3.2900000e+03   2.3321132e+00
   3.3000000e+03   2.3533019e+00
   3.3100000e+03   2.1689859e+00
   3.3200000e+03   2.2825908e+00
   3.3300000e+03   2.0782739e+00
   3.3400000e+03   2.1276298e+00
   3.3500000e+03   2.2820194e+00
   3.3600000e+03   2.2488589e+00
   3.3700000e+03   1.9695682e+00
   3.3800000e+03   2.0694939e+00
   3.3900000e+03   1.7728844e+00
   3.4000000e+03   1.9335859e+00
   3.4100000e+03   1.7518809e+00
   3.4200000e+03   1.5928249e+00
   3.4300000e+03   1.4808524e+00
   3.4400000e+03   1.9097799e+00
   3.4500000e+03   1.9290491e+00
   3.4600000e+03   1.6343498e+00
   3.4700000e+03   1.6963889e+00
   3.4800000e+03   1.2468073e+00
   3.4900000e+03   1.8786423e+00
