   0.0000000e+00   1.9551939e+01
   1.0000000e+01   1.9552533e+01
   2.0000000e+01   1.9558695e+01
   3.0000000e+01   1.9541400e+01
   4.0000000e+01   1.9549712e+01
   5.0000000e+01   1.9553214e+01
   6.0000000e+01   1.9540887e+01
   7.0000000e+01   1.9556169e+01
   8.0000000e+01   1.9548096e+01
   9.0000000e+01   1.9553591e+01
   1.0000000e+02   1.9530167e+01
   1.1000000e+02   1.9546934e+01
   1.2000000e+02   1.9560470e+01
   1.3000000e+02   1.9563250e+01
   1.4000000e+02   1.9546233e+01
   1.5000000e+02   1.9530579e+01
   1.6000000e+02   1.9508133e+01
   1.7000000e+02   1.9472013e+01
   1.8000000e+02   1.9383438e+01
   1.9000000e+02   1.9258908e+01
   2.0000000e+02   1.9040919e+01
   2.1000000e+02   1.8721545e+01
   2.2000000e+02   1.8178247e+01
   2.3000000e+02   1.7761695e+01
   2.4000000e+02   1.7367253e+01
   2.5000000e+02   1.6911309e+01
   2.6000000e+02   1.6446367e+01
   2.7000000e+02   1.5898686e+01
   2.8000000e+02   1.5334619e+01
   2.9000000e+02   1.4922269e+01
   3.0000000e+02   1.4608786e+01
   3.1000000e+02   1.4371609e+01
   3.2000000e+02   1.4211503e+01
   3.3000000e+02   1.4079582e+01
   3.4000000e+02   1.4016810e+01
   3.5000000e+02   1.3971807e+01
   3.6000000e+02   1.3930441e+01
   3.7000000e+02   1.3924001e+01
   3.8000000e+02   1.3927460e+01
   3.9000000e+02   1.3941241e+01
   4.0000000e+02   1.4075823e+01
   4.1000000e+02   1.4150067e+01
   4.2000000e+02   1.4236819e+01
   4.3000000e+02   1.4286802e+01
   4.4000000e+02   1.4360652e+01
   4.5000000e+02   1.4421894e+01
   4.6000000e+02   1.4519673e+01
   4.7000000e+02   1.4662713e+01
   4.8000000e+02   1.4810036e+01
   4.9000000e+02   1.4956826e+01
   5.0000000e+02   1.5004347e+01
   5.1000000e+02   1.5112770e+01
   5.2000000e+02   1.5185623e+01
   5.3000000e+02   1.5299421e+01
   5.4000000e+02   1.5384530e+01
   5.5000000e+02   1.5506329e+01
   5.6000000e+02   1.5575850e+01
   5.7000000e+02   1.5699614e+01
   5.8000000e+02   1.5753362e+01
   5.9000000e+02   1.5863549e+01
   6.0000000e+02   1.5926969e+01
   6.1000000e+02   1.5974063e+01
   6.2000000e+02   1.6016562e+01
   6.3000000e+02   1.6058785e+01
   6.4000000e+02   1.6127923e+01
   6.5000000e+02   1.6196852e+01
   6.6000000e+02   1.6257385e+01
   6.7000000e+02   1.6330450e+01
   6.8000000e+02   1.6350987e+01
   6.9000000e+02   1.6393829e+01
   7.0000000e+02   1.6422361e+01
   7.1000000e+02   1.6454568e+01
   7.2000000e+02   1.6482621e+01
   7.3000000e+02   1.6524459e+01
   7.4000000e+02   1.6539308e+01
   7.5000000e+02   1.6558503e+01
   7.6000000e+02   1.6562202e+01
   7.7000000e+02   1.6592971e+01
   7.8000000e+02   1.6612316e+01
   7.9000000e+02   1.6603196e+01
   8.0000000e+02   1.6610692e+01
   8.1000000e+02   1.6654838e+01
   8.2000000e+02   1.6653357e+01
   8.3000000e+02   1.6696778e+01
   8.4000000e+02   1.6698249e+01
   8.5000000e+02   1.6754552e+01
   8.6000000e+02   1.6786766e+01
   8.7000000e+02   1.6826672e+01
   8.8000000e+02   1.6841642e+01
   8.9000000e+02   1.6908199e+01
   9.0000000e+02   1.6994876e+01
   9.1000000e+02   1.7010773e+01
   9.2000000e+02   1.7060274e+01
   9.3000000e+02   1.7066554e+01
   9.4000000e+02   1.7117624e+01
   9.5000000e+02   1.7157328e+01
   9.6000000e+02   1.7177662e+01
   9.7000000e+02   1.7201697e+01
   9.8000000e+02   1.7244907e+01
   9.9000000e+02   1.7217681e+01
   1.0000000e+03   1.7183460e+01
   1.0100000e+03   1.7158132e+01
   1.0200000e+03   1.7131547e+01
   1.0300000e+03   1.7074377e+01
   1.0400000e+03   1.7034568e+01
   1.0500000e+03   1.6986273e+01
   1.0600000e+03   1.6949999e+01
   1.0700000e+03   1.6971662e+01
   1.0800000e+03   1.6965059e+01
   1.0900000e+03   1.6999316e+01
   1.1000000e+03   1.7011906e+01
   1.1100000e+03   1.7020822e+01
   1.1200000e+03   1.7023849e+01
   1.1300000e+03   1.7038502e+01
   1.1400000e+03   1.7025081e+01
   1.1500000e+03   1.7029448e+01
   1.1600000e+03   1.7017464e+01
   1.1700000e+03   1.7038196e+01
   1.1800000e+03   1.7053095e+01
   1.1900000e+03   1.7072679e+01
   1.2000000e+03   1.7093901e+01
   1.2100000e+03   1.7076820e+01
   1.2200000e+03   1.7074767e+01
   1.2300000e+03   1.7050626e+01
   1.2400000e+03   1.7026646e+01
   1.2500000e+03   1.7017230e+01
   1.2600000e+03   1.7035655e+01
   1.2700000e+03   1.7012907e+01
   1.2800000e+03   1.6980964e+01
   1.2900000e+03   1.7002832e+01
   1.3000000e+03   1.7032786e+01
   1.3100000e+03   1.7046893e+01
   1.3200000e+03   1.7035264e+01
   1.3300000e+03   1.7032023e+01
   1.3400000e+03   1.7060160e+01
   1.3500000e+03   1.7183011e+01
   1.3600000e+03   1.7174019e+01
   1.3700000e+03   1.7184409e+01
   1.3800000e+03   1.7209099e+01
   1.3900000e+03   1.7247037e+01
   1.4000000e+03   1.7290778e+01
   1.4100000e+03   1.7286198e+01
   1.4200000e+03   1.7278968e+01
   1.4300000e+03   1.7265141e+01
   1.4400000e+03   1.7302955e+01
   1.4500000e+03   1.7355749e+01
   1.4600000e+03   1.7414169e+01
   1.4700000e+03   1.7462003e+01
   1.4800000e+03   1.7439671e+01
   1.4900000e+03   1.7443601e+01
   1.5000000e+03   1.7439051e+01
   1.5100000e+03   1.7421826e+01
   1.5200000e+03   1.7438798e+01
   1.5300000e+03   1.7442741e+01
   1.5400000e+03   1.7461433e+01
   1.5500000e+03   1.7451145e+01
   1.5600000e+03   1.7449926e+01
   1.5700000e+03   1.7424249e+01
   1.5800000e+03   1.7409728e+01
   1.5900000e+03   1.7382398e+01
   1.6000000e+03   1.7366674e+01
   1.6100000e+03   1.7337389e+01
   1.6200000e+03   1.7331022e+01
   1.6300000e+03   1.7317689e+01
   1.6400000e+03   1.7383130e+01
   1.6500000e+03   1.7389369e+01
   1.6600000e+03   1.7413347e+01
   1.6700000e+03   1.7436793e+01
   1.6800000e+03   1.7426289e+01
   1.6900000e+03   1.7380182e+01
   1.7000000e+03   1.7362617e+01
   1.7100000e+03   1.7347538e+01
   1.7200000e+03   1.7334535e+01
   1.7300000e+03   1.7317052e+01
   1.7400000e+03   1.7295813e+01
   1.7500000e+03   1.7284216e+01
   1.7600000e+03   1.7293229e+01
   1.7700000e+03   1.7283639e+01
   1.7800000e+03   1.7244521e+01
   1.7900000e+03   1.7227760e+01
   1.8000000e+03   1.7219085e+01
   1.8100000e+03   1.7223276e+01
   1.8200000e+03   1.7216282e+01
   1.8300000e+03   1.7225773e+01
   1.8400000e+03   1.7244783e+01
   1.8500000e+03   1.7261430e+01
   1.8600000e+03   1.7265539e+01
   1.8700000e+03   1.7283934e+01
   1.8800000e+03   1.7282280e+01
   1.8900000e+03   1.7254907e+01
   1.9000000e+03   1.7240905e+01
   1.9100000e+03   1.7258441e+01
   1.9200000e+03   1.7263712e+01
   1.9300000e+03   1.7263409e+01
   1.9400000e+03   1.7315171e+01
   1.9500000e+03   1.7361086e+01
   1.9600000e+03   1.7354556e+01
   1.9700000e+03   1.7369058e+01
   1.9800000e+03   1.7358650e+01
   1.9900000e+03   1.7346821e+01
   2.0000000e+03   1.7334732e+01
   2.0100000e+03   1.7335058e+01
   2.0200000e+03   1.7302250e+01
   2.0300000e+03   1.7295925e+01
   2.0400000e+03   1.7261887e+01
   2.0500000e+03   1.7249893e+01
   2.0600000e+03   1.7251257e+01
   2.0700000e+03   1.7284184e+01
   2.0800000e+03   1.7277162e+01
   2.0900000e+03   1.7281121e+01
   2.1000000e+03   1.7275492e+01
   2.1100000e+03   1.7316149e+01
   2.1200000e+03   1.7315178e+01
   2.1300000e+03   1.7367772e+01
   2.1400000e+03   1.7399345e+01
   2.1500000e+03   1.7377875e+01
   2.1600000e+03   1.7370199e+01
   2.1700000e+03   1.7405855e+01
   2.1800000e+03   1.7420097e+01
   2.1900000e+03   1.7413745e+01
   2.2000000e+03   1.7421378e+01
   2.2100000e+03   1.7447296e+01
   2.2200000e+03   1.7465963e+01
   2.2300000e+03   1.7453221e+01
   2.2400000e+03   1.7491019e+01
   2.2500000e+03   1.7509167e+01
   2.2600000e+03   1.7548780e+01
   2.2700000e+03   1.7537062e+01
   2.2800000e+03   1.7600803e+01
   2.2900000e+03   1.7639321e+01
   2.3000000e+03   1.7623140e+01
   2.3100000e+03   1.7597318e+01
   2.3200000e+03   1.7504954e+01
   2.3300000e+03   1.7461692e+01
   2.3400000e+03   1.7462251e+01
   2.3500000e+03   1.7454030e+01
   2.3600000e+03   1.7472396e+01
   2.3700000e+03   1.7480303e+01
   2.3800000e+03   1.7479278e+01
   2.3900000e+03   1.7509293e+01
   2.4000000e+03   1.7512569e+01
   2.4100000e+03   1.7516010e+01
   2.4200000e+03   1.7520516e+01
   2.4300000e+03   1.7512718e+01
   2.4400000e+03   1.7542214e+01
   2.4500000e+03   1.7557930e+01
   2.4600000e+03   1.7569510e+01
   2.4700000e+03   1.7578371e+01
   2.4800000e+03   1.7563883e+01
   2.4900000e+03   1.7559828e+01
   2.5000000e+03   1.7534279e+01
   2.5100000e+03   1.7541216e+01
   2.5200000e+03   1.7545749e+01
   2.5300000e+03   1.7526686e+01
   2.5400000e+03   1.7534210e+01
   2.5500000e+03   1.7523764e+01
   2.5600000e+03   1.7530660e+01
   2.5700000e+03   1.7529827e+01
   2.5800000e+03   1.7531903e+01
   2.5900000e+03   1.7542049e+01
   2.6000000e+03   1.7547689e+01
   2.6100000e+03   1.7569196e+01
   2.6200000e+03   1.7572050e+01
   2.6300000e+03   1.7579424e+01
   2.6400000e+03   1.7590047e+01
   2.6500000e+03   1.7599429e+01
   2.6600000e+03   1.7609806e+01
   2.6700000e+03   1.7595224e+01
   2.6800000e+03   1.7641595e+01
   2.6900000e+03   1.7643097e+01
   2.7000000e+03   1.7651276e+01
   2.7100000e+03   1.7655141e+01
   2.7200000e+03   1.7664877e+01
   2.7300000e+03   1.7673520e+01
   2.7400000e+03   1.7687571e+01
   2.7500000e+03   1.7673413e+01
   2.7600000e+03   1.7639920e+01
   2.7700000e+03   1.7617555e+01
   2.7800000e+03   1.7605868e+01
   2.7900000e+03   1.7574873e+01
   2.8000000e+03   1.7560933e+01
   2.8100000e+03   1.7546064e+01
   2.8200000e+03   1.7489573e+01
   2.8300000e+03   1.7499830e+01
   2.8400000e+03   1.7524494e+01
   2.8500000e+03   1.7475977e+01
   2.8600000e+03   1.7506609e+01
   2.8700000e+03   1.7501668e+01
   2.8800000e+03   1.7522672e+01
   2.8900000e+03   1.7534213e+01
   2.9000000e+03   1.7574074e+01
   2.9100000e+03   1.7608704e+01
   2.9200000e+03   1.7599557e+01
   2.9300000e+03   1.7622280e+01
   2.9400000e+03   1.7600325e+01
   2.9500000e+03   1.7580760e+01
   2.9600000e+03   1.7603100e+01
   2.9700000e+03   1.7574618e+01
   2.9800000e+03   1.7554041e+01
   2.9900000e+03   1.7595936e+01
   3.0000000e+03   1.7609975e+01
   3.0100000e+03   1.7592881e+01
   3.0200000e+03   1.7602837e+01
   3.0300000e+03   1.7610089e+01
   3.0400000e+03   1.7651176e+01
   3.0500000e+03   1.7684917e+01
   3.0600000e+03   1.7677491e+01
   3.0700000e+03   1.7705306e+01
   3.0800000e+03   1.7715343e+01
   3.0900000e+03   1.7758271e+01
   3.1000000e+03   1.7783941e+01
   3.1100000e+03   1.7779301e+01
   3.1200000e+03   1.7799619e+01
   3.1300000e+03   1.7758336e+01
   3.1400000e+03   1.7712928e+01
   3.1500000e+03   1.7712834e+01
   3.1600000e+03   1.7701477e+01
   3.1700000e+03   1.7681422e+01
   3.1800000e+03   1.7710602e+01
   3.1900000e+03   1.7719192e+01
   3.2000000e+03   1.7727891e+01
   3.2100000e+03   1.7711973e+01
   3.2200000e+03   1.7713847e+01
   3.2300000e+03   1.7737687e+01
   3.2400000e+03   1.7714971e+01
   3.2500000e+03   1.7733733e+01
   3.2600000e+03   1.7739142e+01
   3.2700000e+03   1.7740743e+01
   3.2800000e+03   1.7757116e+01
   3.2900000e+03   1.7778922e+01
   3.3000000e+03   1.7780359e+01
   3.3100000e+03   1.7782860e+01
   3.3200000e+03   1.7801854e+01
   3.3300000e+03   1.7861107e+01
   3.3400000e+03   1.7940533e+01
   3.3500000e+03   1.8061123e+01
   3.3600000e+03   1.8160082e+01
   3.3700000e+03   1.8239490e+01
   3.3800000e+03   1.8325524e+01
   3.3900000e+03   1.8440264e+01
   3.4000000e+03   1.8543941e+01
   3.4100000e+03   1.8649084e+01
   3.4200000e+03   1.8739483e+01
   3.4300000e+03   1.8666566e+01
   3.4400000e+03   1.8564828e+01
   3.4500000e+03   1.8505683e+01
   3.4600000e+03   1.8480046e+01
   3.4700000e+03   1.8484852e+01
   3.4800000e+03   1.8461316e+01
   3.4900000e+03   1.8481349e+01
