   0.0000000e+00  -3.1772087e-03
   1.0000000e+01   2.5288129e-03
   2.0000000e+01  -6.1503947e-03
   3.0000000e+01  -1.0438507e-02
   4.0000000e+01  -1.5149843e-02
   5.0000000e+01  -1.5861565e-02
   6.0000000e+01  -1.3898182e-02
   7.0000000e+01  -1.8693327e-02
   8.0000000e+01  -2.4925658e-02
   9.0000000e+01  -2.4891311e-02
   1.0000000e+02  -2.7993746e-02
   1.1000000e+02  -5.7164980e-02
   1.2000000e+02  -1.1650011e-01
   1.3000000e+02  -1.5505846e-01
   1.4000000e+02  -3.3186481e-01
   1.5000000e+02  -8.0655980e-01
   1.6000000e+02  -1.7514369e+00
   1.7000000e+02  -3.1080880e+00
   1.8000000e+02  -4.7400617e+00
   1.9000000e+02  -6.6859692e+00
   2.0000000e+02  -8.0169593e+00
   2.1000000e+02  -9.5198151e+00
   2.2000000e+02  -1.0611123e+01
   2.3000000e+02  -1.1259149e+01
   2.4000000e+02  -1.2025471e+01
   2.5000000e+02  -1.2563015e+01
   2.6000000e+02  -1.2893385e+01
   2.7000000e+02  -1.2761810e+01
   2.8000000e+02  -1.3403316e+01
   2.9000000e+02  -1.3708077e+01
   3.0000000e+02  -1.3937175e+01
   3.1000000e+02  -1.4343131e+01
   3.2000000e+02  -1.4476862e+01
   3.3000000e+02  -1.4233299e+01
   3.4000000e+02  -1.4490607e+01
   3.5000000e+02  -1.4758714e+01
   3.6000000e+02  -1.4881273e+01
   3.7000000e+02  -1.4587877e+01
   3.8000000e+02  -1.5046338e+01
   3.9000000e+02  -1.4927605e+01
   4.0000000e+02  -1.5444502e+01
   4.1000000e+02  -1.4988539e+01
   4.2000000e+02  -1.5095998e+01
   4.3000000e+02  -1.5010804e+01
   4.4000000e+02  -1.5208499e+01
   4.5000000e+02  -1.5231030e+01
   4.6000000e+02  -1.5532427e+01
   4.7000000e+02  -1.5313677e+01
   4.8000000e+02  -1.5666004e+01
   4.9000000e+02  -1.5583113e+01
   5.0000000e+02  -1.5316540e+01
   5.1000000e+02  -1.5671300e+01
   5.2000000e+02  -1.5776493e+01
   5.3000000e+02  -1.5647202e+01
   5.4000000e+02  -1.5741002e+01
   5.5000000e+02  -1.5567234e+01
   5.6000000e+02  -1.5873503e+01
   5.7000000e+02  -1.5644784e+01
   5.8000000e+02  -1.5808829e+01
   5.9000000e+02  -1.5809048e+01
   6.0000000e+02  -1.5884362e+01
   6.1000000e+02  -1.5912191e+01
   6.2000000e+02  -1.5845721e+01
   6.3000000e+02  -1.6162519e+01
   6.4000000e+02  -1.5989501e+01
   6.5000000e+02  -1.6013915e+01
   6.6000000e+02  -1.6095230e+01
   6.7000000e+02  -1.6118989e+01
   6.8000000e+02  -1.6277574e+01
   6.9000000e+02  -1.6244751e+01
   7.0000000e+02  -1.5898855e+01
   7.1000000e+02  -1.6127064e+01
   7.2000000e+02  -1.6393795e+01
   7.3000000e+02  -1.6238840e+01
   7.4000000e+02  -1.6270475e+01
   7.5000000e+02  -1.5777590e+01
   7.6000000e+02  -1.6304062e+01
   7.7000000e+02  -1.6435542e+01
   7.8000000e+02  -1.6103726e+01
   7.9000000e+02  -1.6179955e+01
   8.0000000e+02  -1.5944238e+01
   8.1000000e+02  -1.5787736e+01
   8.2000000e+02  -1.6249352e+01
   8.3000000e+02  -1.6320491e+01
   8.4000000e+02  -1.6221210e+01
   8.5000000e+02  -1.6046577e+01
   8.6000000e+02  -1.6319819e+01
   8.7000000e+02  -1.6220525e+01
   8.8000000e+02  -1.6480364e+01
   8.9000000e+02  -1.6277590e+01
   9.0000000e+02  -1.6246645e+01
   9.1000000e+02  -1.6391621e+01
   9.2000000e+02  -1.6367471e+01
   9.3000000e+02  -1.6467622e+01
   9.4000000e+02  -1.6476687e+01
   9.5000000e+02  -1.6466655e+01
   9.6000000e+02  -1.6823570e+01
   9.7000000e+02  -1.6385756e+01
   9.8000000e+02  -1.6086287e+01
   9.9000000e+02  -1.6127685e+01
   1.0000000e+03  -1.6290297e+01
   1.0100000e+03  -1.6488328e+01
   1.0200000e+03  -1.6361188e+01
   1.0300000e+03  -1.6284481e+01
   1.0400000e+03  -1.6714857e+01
   1.0500000e+03  -1.6267052e+01
   1.0600000e+03  -1.6442395e+01
   1.0700000e+03  -1.6453005e+01
   1.0800000e+03  -1.6483637e+01
   1.0900000e+03  -1.6494995e+01
   1.1000000e+03  -1.6849076e+01
   1.1100000e+03  -1.6540573e+01
   1.1200000e+03  -1.6302055e+01
   1.1300000e+03  -1.6249266e+01
   1.1400000e+03  -1.6381818e+01
   1.1500000e+03  -1.6394765e+01
   1.1600000e+03  -1.6258850e+01
   1.1700000e+03  -1.6296452e+01
   1.1800000e+03  -1.6345418e+01
   1.1900000e+03  -1.6498432e+01
   1.2000000e+03  -1.6551851e+01
   1.2100000e+03  -1.6717588e+01
   1.2200000e+03  -1.6457844e+01
   1.2300000e+03  -1.6455279e+01
   1.2400000e+03  -1.6609891e+01
   1.2500000e+03  -1.6571642e+01
   1.2600000e+03  -1.6620747e+01
   1.2700000e+03  -1.6278366e+01
   1.2800000e+03  -1.6512273e+01
   1.2900000e+03  -1.6573169e+01
   1.3000000e+03  -1.6246692e+01
   1.3100000e+03  -1.6669436e+01
   1.3200000e+03  -1.6568385e+01
   1.3300000e+03  -1.6285707e+01
   1.3400000e+03  -1.6705386e+01
   1.3500000e+03  -1.6207288e+01
   1.3600000e+03  -1.6736373e+01
   1.3700000e+03  -1.6708591e+01
   1.3800000e+03  -1.6584182e+01
   1.3900000e+03  -1.6754328e+01
   1.4000000e+03  -1.6619727e+01
   1.4100000e+03  -1.6516157e+01
   1.4200000e+03  -1.6679342e+01
   1.4300000e+03  -1.6477633e+01
   1.4400000e+03  -1.6399808e+01
   1.4500000e+03  -1.6859000e+01
   1.4600000e+03  -1.6398119e+01
   1.4700000e+03  -1.6549354e+01
   1.4800000e+03  -1.6617912e+01
   1.4900000e+03  -1.6761369e+01
   1.5000000e+03  -1.6319087e+01
   1.5100000e+03  -1.6769383e+01
   1.5200000e+03  -1.6867023e+01
   1.5300000e+03  -1.6668722e+01
   1.5400000e+03  -1.6800671e+01
   1.5500000e+03  -1.6530902e+01
   1.5600000e+03  -1.6841045e+01
   1.5700000e+03  -1.6372433e+01
   1.5800000e+03  -1.6210823e+01
   1.5900000e+03  -1.6549673e+01
   1.6000000e+03  -1.6751711e+01
   1.6100000e+03  -1.6970173e+01
   1.6200000e+03  -1.6927657e+01
   1.6300000e+03  -1.6941807e+01
   1.6400000e+03  -1.7178181e+01
   1.6500000e+03  -1.6742407e+01
   1.6600000e+03  -1.6351134e+01
   1.6700000e+03  -1.6461507e+01
   1.6800000e+03  -1.6775354e+01
   1.6900000e+03  -1.6553306e+01
   1.7000000e+03  -1.6947381e+01
   1.7100000e+03  -1.6638067e+01
   1.7200000e+03  -1.6495406e+01
   1.7300000e+03  -1.6666990e+01
   1.7400000e+03  -1.6699401e+01
   1.7500000e+03  -1.6767408e+01
   1.7600000e+03  -1.6398829e+01
   1.7700000e+03  -1.6749139e+01
   1.7800000e+03  -1.6702397e+01
   1.7900000e+03  -1.6991745e+01
   1.8000000e+03  -1.6784466e+01
   1.8100000e+03  -1.6768490e+01
   1.8200000e+03  -1.6924218e+01
   1.8300000e+03  -1.6472106e+01
   1.8400000e+03  -1.6675188e+01
   1.8500000e+03  -1.6660679e+01
   1.8600000e+03  -1.7061532e+01
   1.8700000e+03  -1.6790718e+01
   1.8800000e+03  -1.7125176e+01
   1.8900000e+03  -1.6772912e+01
   1.9000000e+03  -1.6813909e+01
   1.9100000e+03  -1.6756526e+01
   1.9200000e+03  -1.6384421e+01
   1.9300000e+03  -1.6282034e+01
   1.9400000e+03  -1.6614591e+01
   1.9500000e+03  -1.6443984e+01
   1.9600000e+03  -1.6687383e+01
   1.9700000e+03  -1.6819288e+01
   1.9800000e+03  -1.6517001e+01
   1.9900000e+03  -1.6570717e+01
   2.0000000e+03  -1.6665339e+01
   2.0100000e+03  -1.6654953e+01
   2.0200000e+03  -1.6477872e+01
   2.0300000e+03  -1.6819991e+01
   2.0400000e+03  -1.6782571e+01
   2.0500000e+03  -1.6699713e+01
   2.0600000e+03  -1.6680945e+01
   2.0700000e+03  -1.6395164e+01
   2.0800000e+03  -1.6761566e+01
   2.0900000e+03  -1.6693000e+01
   2.1000000e+03  -1.6720450e+01
   2.1100000e+03  -1.6658201e+01
   2.1200000e+03  -1.6810965e+01
   2.1300000e+03  -1.6872237e+01
   2.1400000e+03  -1.6673112e+01
   2.1500000e+03  -1.6720346e+01
   2.1600000e+03  -1.6404121e+01
   2.1700000e+03  -1.6514646e+01
   2.1800000e+03  -1.6713771e+01
   2.1900000e+03  -1.6539286e+01
   2.2000000e+03  -1.6295012e+01
   2.2100000e+03  -1.6449644e+01
   2.2200000e+03  -1.6506605e+01
   2.2300000e+03  -1.6829564e+01
   2.2400000e+03  -1.6335610e+01
   2.2500000e+03  -1.6564260e+01
   2.2600000e+03  -1.6785519e+01
   2.2700000e+03  -1.6524993e+01
   2.2800000e+03  -1.6273091e+01
   2.2900000e+03  -1.6657248e+01
   2.3000000e+03  -1.6701994e+01
   2.3100000e+03  -1.6561899e+01
   2.3200000e+03  -1.6306578e+01
   2.3300000e+03  -1.6615438e+01
   2.3400000e+03  -1.6533656e+01
   2.3500000e+03  -1.6586243e+01
   2.3600000e+03  -1.6494610e+01
   2.3700000e+03  -1.6692283e+01
   2.3800000e+03  -1.6695225e+01
   2.3900000e+03  -1.6620053e+01
   2.4000000e+03  -1.6531274e+01
   2.4100000e+03  -1.6466851e+01
   2.4200000e+03  -1.6830752e+01
   2.4300000e+03  -1.6816530e+01
   2.4400000e+03  -1.6406526e+01
   2.4500000e+03  -1.6827661e+01
   2.4600000e+03  -1.6466953e+01
   2.4700000e+03  -1.6879870e+01
   2.4800000e+03  -1.6749175e+01
   2.4900000e+03  -1.6536055e+01
   2.5000000e+03  -1.6572750e+01
   2.5100000e+03  -1.6776335e+01
   2.5200000e+03  -1.6558031e+01
   2.5300000e+03  -1.6636739e+01
   2.5400000e+03  -1.6766257e+01
   2.5500000e+03  -1.6446875e+01
   2.5600000e+03  -1.6660374e+01
   2.5700000e+03  -1.6765185e+01
   2.5800000e+03  -1.6691907e+01
   2.5900000e+03  -1.6704619e+01
   2.6000000e+03  -1.6571528e+01
   2.6100000e+03  -1.6516939e+01
   2.6200000e+03  -1.6613679e+01
   2.6300000e+03  -1.6781113e+01
   2.6400000e+03  -1.6652880e+01
   2.6500000e+03  -1.6439030e+01
   2.6600000e+03  -1.6543302e+01
   2.6700000e+03  -1.7011955e+01
   2.6800000e+03  -1.6737230e+01
   2.6900000e+03  -1.6552572e+01
   2.7000000e+03  -1.6866511e+01
   2.7100000e+03  -1.6896143e+01
   2.7200000e+03  -1.7072285e+01
   2.7300000e+03  -1.6879471e+01
   2.7400000e+03  -1.6814856e+01
   2.7500000e+03  -1.6704072e+01
   2.7600000e+03  -1.6707484e+01
   2.7700000e+03  -1.6582553e+01
   2.7800000e+03  -1.6254653e+01
   2.7900000e+03  -1.6821378e+01
   2.8000000e+03  -1.6736970e+01
   2.8100000e+03  -1.6590420e+01
   2.8200000e+03  -1.6879445e+01
   2.8300000e+03  -1.6980666e+01
   2.8400000e+03  -1.6601753e+01
   2.8500000e+03  -1.6637674e+01
   2.8600000e+03  -1.6509496e+01
   2.8700000e+03  -1.6448734e+01
   2.8800000e+03  -1.6732586e+01
   2.8900000e+03  -1.6657404e+01
   2.9000000e+03  -1.6580515e+01
   2.9100000e+03  -1.6562093e+01
   2.9200000e+03  -1.6519282e+01
   2.9300000e+03  -1.6865275e+01
   2.9400000e+03  -1.6875954e+01
   2.9500000e+03  -1.6253936e+01
   2.9600000e+03  -1.6772855e+01
   2.9700000e+03  -1.6474680e+01
   2.9800000e+03  -1.6855629e+01
   2.9900000e+03  -1.6645412e+01
   3.0000000e+03  -1.6648407e+01
   3.0100000e+03  -1.6767923e+01
   3.0200000e+03  -1.6675285e+01
   3.0300000e+03  -1.6537019e+01
   3.0400000e+03  -1.6424788e+01
   3.0500000e+03  -1.6648534e+01
   3.0600000e+03  -1.6977083e+01
   3.0700000e+03  -1.6737951e+01
   3.0800000e+03  -1.6718116e+01
   3.0900000e+03  -1.6757193e+01
   3.1000000e+03  -1.6337670e+01
   3.1100000e+03  -1.6633530e+01
   3.1200000e+03  -1.6817210e+01
   3.1300000e+03  -1.6649638e+01
   3.1400000e+03  -1.6786742e+01
   3.1500000e+03  -1.6964513e+01
   3.1600000e+03  -1.6657734e+01
   3.1700000e+03  -1.6985903e+01
   3.1800000e+03  -1.6571701e+01
   3.1900000e+03  -1.6871758e+01
   3.2000000e+03  -1.6321888e+01
   3.2100000e+03  -1.6716273e+01
   3.2200000e+03  -1.6594643e+01
   3.2300000e+03  -1.6857488e+01
   3.2400000e+03  -1.6603506e+01
   3.2500000e+03  -1.6389365e+01
   3.2600000e+03  -1.6704340e+01
   3.2700000e+03  -1.6659965e+01
   3.2800000e+03  -1.6796401e+01
   3.2900000e+03  -1.6668652e+01
   3.3000000e+03  -1.6688189e+01
   3.3100000e+03  -1.6919682e+01
   3.3200000e+03  -1.6504536e+01
   3.3300000e+03  -1.6677907e+01
   3.3400000e+03  -1.6677950e+01
   3.3500000e+03  -1.6783375e+01
   3.3600000e+03  -1.6706043e+01
   3.3700000e+03  -1.6718488e+01
   3.3800000e+03  -1.6674369e+01
   3.3900000e+03  -1.7287136e+01
   3.4000000e+03  -1.7306182e+01
   3.4100000e+03  -1.7678932e+01
   3.4200000e+03  -1.7594308e+01
   3.4300000e+03  -1.7371741e+01
   3.4400000e+03  -1.7413529e+01
   3.4500000e+03  -1.7706465e+01
   3.4600000e+03  -1.7777959e+01
   3.4700000e+03  -1.7623563e+01
   3.4800000e+03  -1.7534722e+01
   3.4900000e+03  -1.7800497e+01
