   0.0000000e+00  -6.5671141e-03
   1.0000000e+01   3.0109469e-04
   2.0000000e+01   2.2043298e-02
   3.0000000e+01   1.2180906e-02
   4.0000000e+01   1.1649078e-02
   5.0000000e+01  -6.7127572e-03
   6.0000000e+01  -9.3938191e-03
   7.0000000e+01  -1.7208897e-02
   8.0000000e+01  -2.3674537e-02
   9.0000000e+01   9.7717809e-04
   1.0000000e+02   2.5278026e-02
   1.1000000e+02   6.2753546e-02
   1.2000000e+02   3.2907336e-02
   1.3000000e+02   1.3577222e-01
   1.4000000e+02   2.1999146e-01
   1.5000000e+02   4.1189394e-01
   1.6000000e+02   1.0025218e+00
   1.7000000e+02   1.4428076e+00
   1.8000000e+02   2.8526195e+00
   1.9000000e+02   3.3924677e+00
   2.0000000e+02   2.4446941e+00
   2.1000000e+02   3.5568774e+00
   2.2000000e+02   4.4184185e+00
   2.3000000e+02   3.4935476e+00
   2.4000000e+02   3.7651185e+00
   2.5000000e+02   3.8659114e+00
   2.6000000e+02   4.1937118e+00
   2.7000000e+02   2.4904611e+00
   2.8000000e+02   2.9670604e+00
   2.9000000e+02   3.8815941e+00
   3.0000000e+02   2.7834284e+00
   3.1000000e+02   4.4522238e+00
   3.2000000e+02   4.4061160e+00
   3.3000000e+02   3.4730216e+00
   3.4000000e+02   3.1037989e+00
   3.5000000e+02   2.2442022e+00
   3.6000000e+02   4.3647965e+00
   3.7000000e+02   4.3343666e+00
   3.8000000e+02   3.6971385e+00
   3.9000000e+02   4.0032179e+00
   4.0000000e+02   4.3885789e+00
   4.1000000e+02   3.9470234e+00
   4.2000000e+02   4.1685767e+00
   4.3000000e+02   4.1374625e+00
   4.4000000e+02   3.9798331e+00
   4.5000000e+02   4.0345972e+00
   4.6000000e+02   3.8638044e+00
   4.7000000e+02   3.7892827e+00
   4.8000000e+02   3.8157341e+00
   4.9000000e+02   4.3748861e+00
   5.0000000e+02   4.1508093e+00
   5.1000000e+02   3.9725397e+00
   5.2000000e+02   4.0843021e+00
   5.3000000e+02   3.0752114e+00
   5.4000000e+02   3.5207531e+00
   5.5000000e+02   3.6714158e+00
   5.6000000e+02   4.0349618e+00
   5.7000000e+02   3.6431957e+00
   5.8000000e+02   3.6911190e+00
   5.9000000e+02   4.3568620e+00
   6.0000000e+02   2.8801493e+00
   6.1000000e+02   4.4592783e+00
   6.2000000e+02   3.9592434e+00
   6.3000000e+02   4.5811392e+00
   6.4000000e+02   4.0276873e+00
   6.5000000e+02   2.4675465e+00
   6.6000000e+02   3.1337340e+00
   6.7000000e+02   4.1329657e+00
   6.8000000e+02   4.0999342e+00
   6.9000000e+02   4.1701757e+00
   7.0000000e+02   4.0408655e+00
   7.1000000e+02   4.3575581e+00
   7.2000000e+02   4.3386836e+00
   7.3000000e+02   4.2211617e+00
   7.4000000e+02   3.7946846e+00
   7.5000000e+02   3.9672455e+00
   7.6000000e+02   3.9554082e+00
   7.7000000e+02   4.1577782e+00
   7.8000000e+02   4.0825818e+00
   7.9000000e+02   3.9927138e+00
   8.0000000e+02   3.6916998e+00
   8.1000000e+02   3.4332132e+00
   8.2000000e+02   4.0149353e+00
   8.3000000e+02   4.1055634e+00
   8.4000000e+02   3.4894610e+00
   8.5000000e+02   3.9391987e+00
   8.6000000e+02   3.7416217e+00
   8.7000000e+02   4.0358542e+00
   8.8000000e+02   4.0814354e+00
   8.9000000e+02   3.7096079e+00
   9.0000000e+02   4.2680498e+00
   9.1000000e+02   3.8624051e+00
   9.2000000e+02   3.6372082e+00
   9.3000000e+02   3.5370246e+00
   9.4000000e+02   4.0718845e+00
   9.5000000e+02   3.5514137e+00
   9.6000000e+02   3.7798042e+00
   9.7000000e+02   3.9172952e+00
   9.8000000e+02   3.8917534e+00
   9.9000000e+02   4.5485350e+00
   1.0000000e+03   2.8337422e+00
   1.0100000e+03   3.2093895e+00
   1.0200000e+03   4.0559885e+00
   1.0300000e+03   3.6219683e+00
   1.0400000e+03   3.3167342e+00
   1.0500000e+03   4.0666107e+00
   1.0600000e+03   4.2891581e+00
   1.0700000e+03   3.6369576e+00
   1.0800000e+03   2.8646793e+00
   1.0900000e+03   3.7643717e+00
   1.1000000e+03   3.6633010e+00
   1.1100000e+03   4.3154945e+00
   1.1200000e+03   3.9648052e+00
   1.1300000e+03   4.2224064e+00
   1.1400000e+03   4.1515142e+00
   1.1500000e+03   4.1104517e+00
   1.1600000e+03   4.1934728e+00
   1.1700000e+03   3.1728399e+00
   1.1800000e+03   2.9225047e+00
   1.1900000e+03   2.5937112e+00
   1.2000000e+03   3.9451016e+00
   1.2100000e+03   3.8005553e+00
   1.2200000e+03   3.6935232e+00
   1.2300000e+03   3.2236229e+00
   1.2400000e+03   4.0954661e+00
   1.2500000e+03   3.2877760e+00
   1.2600000e+03   3.9736031e+00
   1.2700000e+03   3.7676487e+00
   1.2800000e+03   4.1961048e+00
   1.2900000e+03   4.1772105e+00
   1.3000000e+03   4.1025193e+00
   1.3100000e+03   3.9908729e+00
   1.3200000e+03   3.5895287e+00
   1.3300000e+03   3.3352084e+00
   1.3400000e+03   3.7725932e+00
   1.3500000e+03   3.8653960e+00
   1.3600000e+03   3.6446370e+00
   1.3700000e+03   3.9358736e+00
   1.3800000e+03   4.4421546e+00
   1.3900000e+03   3.6773203e+00
   1.4000000e+03   4.1438183e+00
   1.4100000e+03   3.9080097e+00
   1.4200000e+03   2.7067320e+00
   1.4300000e+03   2.9035350e+00
   1.4400000e+03   3.9857838e+00
   1.4500000e+03   3.2590675e+00
   1.4600000e+03   2.8422073e+00
   1.4700000e+03   4.0540572e+00
   1.4800000e+03   4.1139071e+00
   1.4900000e+03   4.0090471e+00
   1.5000000e+03   3.7819388e+00
   1.5100000e+03   4.0013384e+00
   1.5200000e+03   3.4266764e+00
   1.5300000e+03   3.8651830e+00
   1.5400000e+03   3.5505745e+00
   1.5500000e+03   3.9232632e+00
   1.5600000e+03   3.9546401e+00
   1.5700000e+03   3.8506269e+00
   1.5800000e+03   2.8889185e+00
   1.5900000e+03   2.2897663e+00
   1.6000000e+03   3.6921855e+00
   1.6100000e+03   3.7764446e+00
   1.6200000e+03   4.0505362e+00
   1.6300000e+03   3.2337181e+00
   1.6400000e+03   3.9180418e+00
   1.6500000e+03   4.0836185e+00
   1.6600000e+03   3.6691439e+00
   1.6700000e+03   4.0313699e+00
   1.6800000e+03   4.2229473e+00
   1.6900000e+03   3.7415493e+00
   1.7000000e+03   4.0189571e+00
   1.7100000e+03   3.8837519e+00
   1.7200000e+03   3.7009865e+00
   1.7300000e+03   2.4835196e+00
   1.7400000e+03   2.8075667e+00
   1.7500000e+03   4.2599799e+00
   1.7600000e+03   2.8757961e+00
   1.7700000e+03   3.8975484e+00
   1.7800000e+03   3.9190923e+00
   1.7900000e+03   3.6531877e+00
   1.8000000e+03   3.6650484e+00
   1.8100000e+03   3.5831661e+00
   1.8200000e+03   3.1216684e+00
   1.8300000e+03   3.6115448e+00
   1.8400000e+03   3.1953121e+00
   1.8500000e+03   3.6119839e+00
   1.8600000e+03   3.5395554e+00
   1.8700000e+03   3.3767911e+00
   1.8800000e+03   3.5301928e+00
   1.8900000e+03   3.6172220e+00
   1.9000000e+03   2.9602300e+00
   1.9100000e+03   3.3826621e+00
   1.9200000e+03   1.6299037e+00
   1.9300000e+03   3.4490920e+00
   1.9400000e+03   3.9146525e+00
   1.9500000e+03   3.6044495e+00
   1.9600000e+03   3.7730692e+00
   1.9700000e+03   2.9639316e+00
   1.9800000e+03   3.9796303e+00
   1.9900000e+03   3.3398814e+00
   2.0000000e+03   3.1358145e+00
   2.0100000e+03   3.5405478e+00
   2.0200000e+03   4.2271724e+00
   2.0300000e+03   3.5071086e+00
   2.0400000e+03   3.7963549e+00
   2.0500000e+03   3.2930671e+00
   2.0600000e+03   3.5518364e+00
   2.0700000e+03   2.9375858e+00
   2.0800000e+03   4.1856894e+00
   2.0900000e+03   4.3332200e+00
   2.1000000e+03   3.4904486e+00
   2.1100000e+03   3.8411140e+00
   2.1200000e+03   3.3117857e+00
   2.1300000e+03   4.1228038e+00
   2.1400000e+03   4.0844500e+00
   2.1500000e+03   3.5535405e+00
   2.1600000e+03   2.9342644e+00
   2.1700000e+03   3.7743025e+00
   2.1800000e+03   3.6619431e+00
   2.1900000e+03   3.6021593e+00
   2.2000000e+03   2.3986992e+00
   2.2100000e+03   2.4367573e+00
   2.2200000e+03   3.9811343e+00
   2.2300000e+03   3.8331337e+00
   2.2400000e+03   3.8991496e+00
   2.2500000e+03   3.6566003e+00
   2.2600000e+03   3.9598866e+00
   2.2700000e+03   3.8957818e+00
   2.2800000e+03   4.4769678e+00
   2.2900000e+03   3.4690301e+00
   2.3000000e+03   3.4920681e+00
   2.3100000e+03   4.0749603e+00
   2.3200000e+03   4.0462035e+00
   2.3300000e+03   3.4463229e+00
   2.3400000e+03   3.7654204e+00
   2.3500000e+03   3.5011991e+00
   2.3600000e+03   4.2763195e+00
   2.3700000e+03   3.3266057e+00
   2.3800000e+03   3.6722193e+00
   2.3900000e+03   2.3427971e+00
   2.4000000e+03   4.2568973e+00
   2.4100000e+03   4.1392619e+00
   2.4200000e+03   3.6013446e+00
   2.4300000e+03   4.0326341e+00
   2.4400000e+03   3.9085231e+00
   2.4500000e+03   3.5685151e+00
   2.4600000e+03   3.8794397e+00
   2.4700000e+03   3.3639148e+00
   2.4800000e+03   4.0491371e+00
   2.4900000e+03   3.8841267e+00
   2.5000000e+03   3.7803951e+00
   2.5100000e+03   4.0879651e+00
   2.5200000e+03   3.7780793e+00
   2.5300000e+03   2.9681820e+00
   2.5400000e+03   3.9773521e+00
   2.5500000e+03   3.9891535e+00
   2.5600000e+03   3.8296995e+00
   2.5700000e+03   3.3620348e+00
   2.5800000e+03   3.9926836e+00
   2.5900000e+03   4.1627165e+00
   2.6000000e+03   3.8827777e+00
   2.6100000e+03   2.3834396e+00
   2.6200000e+03   3.7210810e+00
   2.6300000e+03   3.7797414e+00
   2.6400000e+03   2.6108499e+00
   2.6500000e+03   4.0045648e+00
   2.6600000e+03   3.7831819e+00
   2.6700000e+03   4.1653798e+00
   2.6800000e+03   4.5152573e+00
   2.6900000e+03   4.2445953e+00
   2.7000000e+03   4.3152467e+00
   2.7100000e+03   3.7613662e+00
   2.7200000e+03   4.0581579e+00
   2.7300000e+03   3.8114592e+00
   2.7400000e+03   3.8551169e+00
   2.7500000e+03   4.0623425e+00
   2.7600000e+03   4.3806609e+00
   2.7700000e+03   3.6030420e+00
   2.7800000e+03   4.1550440e+00
   2.7900000e+03   4.2048964e+00
   2.8000000e+03   3.3740243e+00
   2.8100000e+03   3.9862891e+00
   2.8200000e+03   4.1802375e+00
   2.8300000e+03   4.3299124e+00
   2.8400000e+03   3.6182846e+00
   2.8500000e+03   3.8327463e+00
   2.8600000e+03   3.6865608e+00
   2.8700000e+03   3.6759232e+00
   2.8800000e+03   3.9442762e+00
   2.8900000e+03   4.2300866e+00
   2.9000000e+03   3.8109017e+00
   2.9100000e+03   3.9608808e+00
   2.9200000e+03   3.9444995e+00
   2.9300000e+03   3.9368820e+00
   2.9400000e+03   4.2524333e+00
   2.9500000e+03   4.0372446e+00
   2.9600000e+03   3.9981298e+00
   2.9700000e+03   4.0002635e+00
   2.9800000e+03   3.7251113e+00
   2.9900000e+03   3.9778694e+00
   3.0000000e+03   4.0612439e+00
   3.0100000e+03   2.9439732e+00
   3.0200000e+03   3.9218805e+00
   3.0300000e+03   3.8102452e+00
   3.0400000e+03   3.6311149e+00
   3.0500000e+03   3.0250630e+00
   3.0600000e+03   3.5957057e+00
   3.0700000e+03   3.8790016e+00
   3.0800000e+03   3.6127160e+00
   3.0900000e+03   4.2066847e+00
   3.1000000e+03   4.0605388e+00
   3.1100000e+03   4.0627888e+00
   3.1200000e+03   3.7756878e+00
   3.1300000e+03   3.5562361e+00
   3.1400000e+03   3.8297276e+00
   3.1500000e+03   4.2396890e+00
   3.1600000e+03   4.1392647e+00
   3.1700000e+03   4.1164305e+00
   3.1800000e+03   3.6385741e+00
   3.1900000e+03   3.6697645e+00
   3.2000000e+03   3.4033359e+00
   3.2100000e+03   4.0870573e+00
   3.2200000e+03   3.5945339e+00
   3.2300000e+03   4.0415888e+00
   3.2400000e+03   4.1365107e+00
   3.2500000e+03   3.5905014e+00
   3.2600000e+03   3.5668580e+00
   3.2700000e+03   2.4816811e+00
   3.2800000e+03   3.7224513e+00
   3.2900000e+03   3.0711398e+00
   3.3000000e+03   3.7833837e+00
   3.3100000e+03   4.5627023e+00
   3.3200000e+03   2.6372519e+00
   3.3300000e+03   4.1095586e+00
   3.3400000e+03   3.8727080e+00
   3.3500000e+03   3.4595709e+00
   3.3600000e+03   3.8126905e+00
   3.3700000e+03   4.3549511e+00
   3.3800000e+03   3.3858222e+00
   3.3900000e+03   4.0515507e+00
   3.4000000e+03   4.2477722e+00
   3.4100000e+03   2.6158861e+00
   3.4200000e+03   4.1913210e+00
   3.4300000e+03   4.0243011e+00
   3.4400000e+03   3.6311569e+00
   3.4500000e+03   2.4721358e+00
   3.4600000e+03   2.9892727e+00
   3.4700000e+03   3.1360128e+00
   3.4800000e+03   4.1382807e+00
   3.4900000e+03   3.6463842e+00
