   0.0000000e+00  -4.8965516e-03
   1.0000000e+01  -1.7435947e-03
   2.0000000e+01   1.7679710e-02
   3.0000000e+01   1.7763484e-03
   4.0000000e+01   3.3349213e-03
   5.0000000e+01  -7.8295697e-03
   6.0000000e+01  -5.4009571e-03
   7.0000000e+01  -1.3681942e-02
   8.0000000e+01  -1.1786590e-02
   9.0000000e+01  -1.5004157e-02
   1.0000000e+02  -1.1836070e-02
   1.1000000e+02  -3.8229671e-02
   1.2000000e+02  -1.3728670e-02
   1.3000000e+02   1.7619200e-02
   1.4000000e+02   4.6117245e-02
   1.5000000e+02   4.1360510e-02
   1.6000000e+02  -7.9054657e-02
   1.7000000e+02  -1.1305078e-01
   1.8000000e+02  -1.3444433e-01
   1.9000000e+02  -3.7991738e-01
   2.0000000e+02  -1.0379853e+00
   2.1000000e+02  -1.3458966e+00
   2.2000000e+02  -1.9659392e+00
   2.3000000e+02  -2.4145414e+00
   2.4000000e+02  -3.1509596e+00
   2.5000000e+02  -3.6644975e+00
   2.6000000e+02  -4.1470379e+00
   2.7000000e+02  -4.6327566e+00
   2.8000000e+02  -5.1448091e+00
   2.9000000e+02  -5.3140637e+00
   3.0000000e+02  -5.9415027e+00
   3.1000000e+02  -6.3207103e+00
   3.2000000e+02  -6.3954005e+00
   3.3000000e+02  -6.5562720e+00
   3.4000000e+02  -7.0484839e+00
   3.5000000e+02  -7.2657582e+00
   3.6000000e+02  -7.6427041e+00
   3.7000000e+02  -7.8481824e+00
   3.8000000e+02  -8.0885387e+00
   3.9000000e+02  -7.9874578e+00
   4.0000000e+02  -8.2264520e+00
   4.1000000e+02  -8.1330402e+00
   4.2000000e+02  -8.2557771e+00
   4.3000000e+02  -8.5504641e+00
   4.4000000e+02  -8.8289720e+00
   4.5000000e+02  -8.8991101e+00
   4.6000000e+02  -8.8680098e+00
   4.7000000e+02  -9.6324581e+00
   4.8000000e+02  -9.0750185e+00
   4.9000000e+02  -9.1859893e+00
   5.0000000e+02  -9.0886773e+00
   5.1000000e+02  -9.2264757e+00
   5.2000000e+02  -9.2330547e+00
   5.3000000e+02  -9.5531261e+00
   5.4000000e+02  -9.3320859e+00
   5.5000000e+02  -9.4680741e+00
   5.6000000e+02  -9.6076457e+00
   5.7000000e+02  -9.4416577e+00
   5.8000000e+02  -9.4673516e+00
   5.9000000e+02  -9.6623285e+00
   6.0000000e+02  -9.5895403e+00
   6.1000000e+02  -9.4417452e+00
   6.2000000e+02  -9.5364448e+00
   6.3000000e+02  -9.7629188e+00
   6.4000000e+02  -9.5689802e+00
   6.5000000e+02  -9.6597011e+00
   6.6000000e+02  -9.5824042e+00
   6.7000000e+02  -9.5416971e+00
   6.8000000e+02  -9.9038409e+00
   6.9000000e+02  -9.6601488e+00
   7.0000000e+02  -9.5666610e+00
   7.1000000e+02  -9.6179562e+00
   7.2000000e+02  -9.6654938e+00
   7.3000000e+02  -9.6009971e+00
   7.4000000e+02  -9.6730146e+00
   7.5000000e+02  -9.9952127e+00
   7.6000000e+02  -9.7369444e+00
   7.7000000e+02  -9.9019928e+00
   7.8000000e+02  -9.5747821e+00
   7.9000000e+02  -9.6575069e+00
   8.0000000e+02  -9.8362089e+00
   8.1000000e+02  -9.6599454e+00
   8.2000000e+02  -9.7107528e+00
   8.3000000e+02  -1.0079865e+01
   8.4000000e+02  -9.7356384e+00
   8.5000000e+02  -9.7273745e+00
   8.6000000e+02  -9.6700221e+00
   8.7000000e+02  -9.7849305e+00
   8.8000000e+02  -9.7214273e+00
   8.9000000e+02  -9.5871821e+00
   9.0000000e+02  -9.6772210e+00
   9.1000000e+02  -9.6409023e+00
   9.2000000e+02  -9.6777158e+00
   9.3000000e+02  -9.7785184e+00
   9.4000000e+02  -9.9835241e+00
   9.5000000e+02  -9.7586359e+00
   9.6000000e+02  -9.7690605e+00
   9.7000000e+02  -9.7784296e+00
   9.8000000e+02  -9.6750511e+00
   9.9000000e+02  -9.7731754e+00
   1.0000000e+03  -9.6220667e+00
   1.0100000e+03  -9.6838487e+00
   1.0200000e+03  -9.5142742e+00
   1.0300000e+03  -9.7274151e+00
   1.0400000e+03  -9.7038304e+00
   1.0500000e+03  -9.6873423e+00
   1.0600000e+03  -9.5912337e+00
   1.0700000e+03  -9.6873097e+00
   1.0800000e+03  -9.5666004e+00
   1.0900000e+03  -9.5641740e+00
   1.1000000e+03  -9.6642441e+00
   1.1100000e+03  -9.5445752e+00
   1.1200000e+03  -9.7624948e+00
   1.1300000e+03  -9.6329019e+00
   1.1400000e+03  -9.7847693e+00
   1.1500000e+03  -9.6176555e+00
   1.1600000e+03  -9.7127730e+00
   1.1700000e+03  -9.5240668e+00
   1.1800000e+03  -9.6283514e+00
   1.1900000e+03  -9.5900273e+00
   1.2000000e+03  -9.6020858e+00
   1.2100000e+03  -1.0030252e+01
   1.2200000e+03  -9.5244739e+00
   1.2300000e+03  -9.9420401e+00
   1.2400000e+03  -9.7633196e+00
   1.2500000e+03  -9.5791320e+00
   1.2600000e+03  -9.5483468e+00
   1.2700000e+03  -9.4658265e+00
   1.2800000e+03  -9.7227280e+00
   1.2900000e+03  -9.4758068e+00
   1.3000000e+03  -9.6116472e+00
   1.3100000e+03  -9.4979990e+00
   1.3200000e+03  -9.4672894e+00
   1.3300000e+03  -9.4607873e+00
   1.3400000e+03  -9.3826129e+00
   1.3500000e+03  -9.3905885e+00
   1.3600000e+03  -9.8040393e+00
   1.3700000e+03  -9.5695939e+00
   1.3800000e+03  -9.5771868e+00
   1.3900000e+03  -9.5312407e+00
   1.4000000e+03  -9.3749933e+00
   1.4100000e+03  -9.5024248e+00
   1.4200000e+03  -9.4565262e+00
   1.4300000e+03  -9.5554620e+00
   1.4400000e+03  -9.4433527e+00
   1.4500000e+03  -9.2725169e+00
   1.4600000e+03  -9.5217606e+00
   1.4700000e+03  -9.3186716e+00
   1.4800000e+03  -9.5265981e+00
   1.4900000e+03  -9.6517714e+00
   1.5000000e+03  -9.4707955e+00
   1.5100000e+03  -9.5600663e+00
   1.5200000e+03  -9.2616212e+00
   1.5300000e+03  -9.5101292e+00
   1.5400000e+03  -9.3655295e+00
   1.5500000e+03  -9.2974281e+00
   1.5600000e+03  -9.2214143e+00
   1.5700000e+03  -9.2623463e+00
   1.5800000e+03  -9.2332376e+00
   1.5900000e+03  -9.3075480e+00
   1.6000000e+03  -9.2820376e+00
   1.6100000e+03  -9.2472657e+00
   1.6200000e+03  -9.2836954e+00
   1.6300000e+03  -9.0706479e+00
   1.6400000e+03  -9.2466545e+00
   1.6500000e+03  -9.0532560e+00
   1.6600000e+03  -9.0591714e+00
   1.6700000e+03  -9.2953241e+00
   1.6800000e+03  -8.9939568e+00
   1.6900000e+03  -8.9497368e+00
   1.7000000e+03  -8.8413421e+00
   1.7100000e+03  -8.9366121e+00
   1.7200000e+03  -9.2472436e+00
   1.7300000e+03  -8.9230220e+00
   1.7400000e+03  -9.0228858e+00
   1.7500000e+03  -8.9388531e+00
   1.7600000e+03  -9.2193760e+00
   1.7700000e+03  -8.9675254e+00
   1.7800000e+03  -8.9264193e+00
   1.7900000e+03  -9.1723925e+00
   1.8000000e+03  -8.9911554e+00
   1.8100000e+03  -8.8021880e+00
   1.8200000e+03  -9.1445969e+00
   1.8300000e+03  -8.9689898e+00
   1.8400000e+03  -8.9386857e+00
   1.8500000e+03  -9.0528334e+00
   1.8600000e+03  -8.7805524e+00
   1.8700000e+03  -8.7615987e+00
   1.8800000e+03  -8.8539606e+00
   1.8900000e+03  -8.7062199e+00
   1.9000000e+03  -9.0320198e+00
   1.9100000e+03  -8.6681350e+00
   1.9200000e+03  -8.6605174e+00
   1.9300000e+03  -8.8736190e+00
   1.9400000e+03  -8.9372008e+00
   1.9500000e+03  -8.9285148e+00
   1.9600000e+03  -9.2102748e+00
   1.9700000e+03  -8.8800326e+00
   1.9800000e+03  -8.9891048e+00
   1.9900000e+03  -9.0194345e+00
   2.0000000e+03  -8.9036289e+00
   2.0100000e+03  -8.9329401e+00
   2.0200000e+03  -9.2264512e+00
   2.0300000e+03  -8.9783273e+00
   2.0400000e+03  -9.4107203e+00
   2.0500000e+03  -8.8527618e+00
   2.0600000e+03  -8.9663859e+00
   2.0700000e+03  -8.8872029e+00
   2.0800000e+03  -9.4639829e+00
   2.0900000e+03  -9.3468833e+00
   2.1000000e+03  -9.2458909e+00
   2.1100000e+03  -9.1680348e+00
   2.1200000e+03  -9.2546300e+00
   2.1300000e+03  -9.0573897e+00
   2.1400000e+03  -9.1451116e+00
   2.1500000e+03  -9.4412318e+00
   2.1600000e+03  -9.1492466e+00
   2.1700000e+03  -9.0827125e+00
   2.1800000e+03  -9.1922834e+00
   2.1900000e+03  -9.1297504e+00
   2.2000000e+03  -9.2676350e+00
   2.2100000e+03  -9.2554483e+00
   2.2200000e+03  -9.2315828e+00
   2.2300000e+03  -9.6400699e+00
   2.2400000e+03  -9.0994621e+00
   2.2500000e+03  -9.3424415e+00
   2.2600000e+03  -9.4500950e+00
   2.2700000e+03  -9.3690467e+00
   2.2800000e+03  -9.6499414e+00
   2.2900000e+03  -9.5418618e+00
   2.3000000e+03  -9.3920663e+00
   2.3100000e+03  -9.2308036e+00
   2.3200000e+03  -9.2238537e+00
   2.3300000e+03  -9.3543614e+00
   2.3400000e+03  -9.2158872e+00
   2.3500000e+03  -9.3123402e+00
   2.3600000e+03  -9.4143380e+00
   2.3700000e+03  -9.4134173e+00
   2.3800000e+03  -9.3663866e+00
   2.3900000e+03  -9.2760795e+00
   2.4000000e+03  -9.3358611e+00
   2.4100000e+03  -9.5180642e+00
   2.4200000e+03  -9.5606907e+00
   2.4300000e+03  -9.4072997e+00
   2.4400000e+03  -9.6182011e+00
   2.4500000e+03  -9.2703825e+00
   2.4600000e+03  -9.4322324e+00
   2.4700000e+03  -9.2828673e+00
   2.4800000e+03  -9.3476859e+00
   2.4900000e+03  -9.6045124e+00
   2.5000000e+03  -9.4142075e+00
   2.5100000e+03  -9.5231137e+00
   2.5200000e+03  -9.4693173e+00
   2.5300000e+03  -9.6395260e+00
   2.5400000e+03  -9.6536213e+00
   2.5500000e+03  -9.4322475e+00
   2.5600000e+03  -9.4366343e+00
   2.5700000e+03  -9.6380711e+00
   2.5800000e+03  -9.7168544e+00
   2.5900000e+03  -9.6389509e+00
   2.6000000e+03  -9.6166155e+00
   2.6100000e+03  -9.6475244e+00
   2.6200000e+03  -9.5590305e+00
   2.6300000e+03  -9.6156933e+00
   2.6400000e+03  -9.4718773e+00
   2.6500000e+03  -9.4244070e+00
   2.6600000e+03  -9.4300778e+00
   2.6700000e+03  -9.6133781e+00
   2.6800000e+03  -9.9648747e+00
   2.6900000e+03  -9.8912231e+00
   2.7000000e+03  -9.6692947e+00
   2.7100000e+03  -9.5368475e+00
   2.7200000e+03  -9.7932549e+00
   2.7300000e+03  -9.5066391e+00
   2.7400000e+03  -9.4705434e+00
   2.7500000e+03  -9.5994047e+00
   2.7600000e+03  -9.4216045e+00
   2.7700000e+03  -9.5003653e+00
   2.7800000e+03  -9.4640780e+00
   2.7900000e+03  -9.5749074e+00
   2.8000000e+03  -9.5718043e+00
   2.8100000e+03  -9.5479259e+00
   2.8200000e+03  -9.5173546e+00
   2.8300000e+03  -9.4828556e+00
   2.8400000e+03  -9.7173517e+00
   2.8500000e+03  -9.5587268e+00
   2.8600000e+03  -9.7045391e+00
   2.8700000e+03  -9.6265264e+00
   2.8800000e+03  -9.7486417e+00
   2.8900000e+03  -9.5887223e+00
   2.9000000e+03  -9.6146218e+00
   2.9100000e+03  -9.6620644e+00
   2.9200000e+03  -9.6757875e+00
   2.9300000e+03  -9.5804864e+00
   2.9400000e+03  -1.0264480e+01
   2.9500000e+03  -9.6546169e+00
   2.9600000e+03  -9.6767972e+00
   2.9700000e+03  -9.6503575e+00
   2.9800000e+03  -9.5878924e+00
   2.9900000e+03  -9.6617401e+00
   3.0000000e+03  -9.9295670e+00
   3.0100000e+03  -1.0018912e+01
   3.0200000e+03  -9.7572227e+00
   3.0300000e+03  -9.7572712e+00
   3.0400000e+03  -9.5997908e+00
   3.0500000e+03  -9.5588392e+00
   3.0600000e+03  -9.5687126e+00
   3.0700000e+03  -9.6257957e+00
   3.0800000e+03  -9.8229220e+00
   3.0900000e+03  -9.7947245e+00
   3.1000000e+03  -9.9454591e+00
   3.1100000e+03  -9.7937204e+00
   3.1200000e+03  -9.9292196e+00
   3.1300000e+03  -9.8098218e+00
   3.1400000e+03  -9.5886268e+00
   3.1500000e+03  -9.6542288e+00
   3.1600000e+03  -9.8344958e+00
   3.1700000e+03  -9.6744425e+00
   3.1800000e+03  -1.0132922e+01
   3.1900000e+03  -9.6754736e+00
   3.2000000e+03  -9.6613479e+00
   3.2100000e+03  -9.6209418e+00
   3.2200000e+03  -9.6411197e+00
   3.2300000e+03  -9.6096003e+00
   3.2400000e+03  -9.5068288e+00
   3.2500000e+03  -9.5223527e+00
   3.2600000e+03  -9.5627758e+00
   3.2700000e+03  -9.5385054e+00
   3.2800000e+03  -9.6022515e+00
   3.2900000e+03  -9.7438200e+00
   3.3000000e+03  -9.6351387e+00
   3.3100000e+03  -9.4886845e+00
   3.3200000e+03  -9.7224677e+00
   3.3300000e+03  -9.5057652e+00
   3.3400000e+03  -9.5328964e+00
   3.3500000e+03  -9.4425806e+00
   3.3600000e+03  -9.8757787e+00
   3.3700000e+03  -9.6852746e+00
   3.3800000e+03  -9.5704172e+00
   3.3900000e+03  -9.4764846e+00
   3.4000000e+03  -9.6248214e+00
   3.4100000e+03  -9.6372739e+00
   3.4200000e+03  -9.7824362e+00
   3.4300000e+03  -9.5878088e+00
   3.4400000e+03  -9.8930695e+00
   3.4500000e+03  -9.6894062e+00
   3.4600000e+03  -9.7464761e+00
   3.4700000e+03  -9.9009847e+00
   3.4800000e+03  -9.8555733e+00
   3.4900000e+03  -9.8744416e+00
