   0.0000000e+00   1.6752301e+01
   1.0000000e+01   1.6755454e+01
   2.0000000e+01   1.6774877e+01
   3.0000000e+01   1.6758974e+01
   4.0000000e+01   1.6760533e+01
   5.0000000e+01   1.6749368e+01
   6.0000000e+01   1.6751797e+01
   7.0000000e+01   1.6743516e+01
   8.0000000e+01   1.6745411e+01
   9.0000000e+01   1.6742194e+01
   1.0000000e+02   1.6745362e+01
   1.1000000e+02   1.6718968e+01
   1.2000000e+02   1.6743469e+01
   1.3000000e+02   1.6774817e+01
   1.4000000e+02   1.6803315e+01
   1.5000000e+02   1.6798558e+01
   1.6000000e+02   1.6678143e+01
   1.7000000e+02   1.6644147e+01
   1.8000000e+02   1.6622753e+01
   1.9000000e+02   1.6377280e+01
   2.0000000e+02   1.5719212e+01
   2.1000000e+02   1.5411301e+01
   2.2000000e+02   1.4791259e+01
   2.3000000e+02   1.4342656e+01
   2.4000000e+02   1.3606238e+01
   2.5000000e+02   1.3092700e+01
   2.6000000e+02   1.2610160e+01
   2.7000000e+02   1.2124441e+01
   2.8000000e+02   1.1612389e+01
   2.9000000e+02   1.1443134e+01
   3.0000000e+02   1.0815695e+01
   3.1000000e+02   1.0436487e+01
   3.2000000e+02   1.0361797e+01
   3.3000000e+02   1.0200926e+01
   3.4000000e+02   9.7087139e+00
   3.5000000e+02   9.4914396e+00
   3.6000000e+02   9.1144937e+00
   3.7000000e+02   8.9090154e+00
   3.8000000e+02   8.6686591e+00
   3.9000000e+02   8.7697400e+00
   4.0000000e+02   8.5307457e+00
   4.1000000e+02   8.6241576e+00
   4.2000000e+02   8.5014206e+00
   4.3000000e+02   8.2067337e+00
   4.4000000e+02   7.9282257e+00
   4.5000000e+02   7.8580877e+00
   4.6000000e+02   7.8891880e+00
   4.7000000e+02   7.1247397e+00
   4.8000000e+02   7.6821792e+00
   4.9000000e+02   7.5712085e+00
   5.0000000e+02   7.6685205e+00
   5.1000000e+02   7.5307221e+00
   5.2000000e+02   7.5241431e+00
   5.3000000e+02   7.2040717e+00
   5.4000000e+02   7.4251119e+00
   5.5000000e+02   7.2891237e+00
   5.6000000e+02   7.1495521e+00
   5.7000000e+02   7.3155401e+00
   5.8000000e+02   7.2898462e+00
   5.9000000e+02   7.0948693e+00
   6.0000000e+02   7.1676575e+00
   6.1000000e+02   7.3154526e+00
   6.2000000e+02   7.2207530e+00
   6.3000000e+02   6.9942790e+00
   6.4000000e+02   7.1882176e+00
   6.5000000e+02   7.0974967e+00
   6.6000000e+02   7.1747936e+00
   6.7000000e+02   7.2155007e+00
   6.8000000e+02   6.8533569e+00
   6.9000000e+02   7.0970490e+00
   7.0000000e+02   7.1905368e+00
   7.1000000e+02   7.1392416e+00
   7.2000000e+02   7.0917040e+00
   7.3000000e+02   7.1562007e+00
   7.4000000e+02   7.0841832e+00
   7.5000000e+02   6.7619850e+00
   7.6000000e+02   7.0202534e+00
   7.7000000e+02   6.8552049e+00
   7.8000000e+02   7.1824156e+00
   7.9000000e+02   7.0996909e+00
   8.0000000e+02   6.9209889e+00
   8.1000000e+02   7.0972523e+00
   8.2000000e+02   7.0464450e+00
   8.3000000e+02   6.6773329e+00
   8.4000000e+02   7.0215593e+00
   8.5000000e+02   7.0298233e+00
   8.6000000e+02   7.0871757e+00
   8.7000000e+02   6.9722673e+00
   8.8000000e+02   7.0357705e+00
   8.9000000e+02   7.1700157e+00
   9.0000000e+02   7.0799768e+00
   9.1000000e+02   7.1162954e+00
   9.2000000e+02   7.0794820e+00
   9.3000000e+02   6.9786794e+00
   9.4000000e+02   6.7736737e+00
   9.5000000e+02   6.9985619e+00
   9.6000000e+02   6.9881372e+00
   9.7000000e+02   6.9787682e+00
   9.8000000e+02   7.0821467e+00
   9.9000000e+02   6.9840223e+00
   1.0000000e+03   7.1351311e+00
   1.0100000e+03   7.0733491e+00
   1.0200000e+03   7.2429236e+00
   1.0300000e+03   7.0297827e+00
   1.0400000e+03   7.0533673e+00
   1.0500000e+03   7.0698555e+00
   1.0600000e+03   7.1659640e+00
   1.0700000e+03   7.0698880e+00
   1.0800000e+03   7.1905974e+00
   1.0900000e+03   7.1930237e+00
   1.1000000e+03   7.0929537e+00
   1.1100000e+03   7.2126225e+00
   1.1200000e+03   6.9947030e+00
   1.1300000e+03   7.1242959e+00
   1.1400000e+03   6.9724285e+00
   1.1500000e+03   7.1395422e+00
   1.1600000e+03   7.0444248e+00
   1.1700000e+03   7.2331310e+00
   1.1800000e+03   7.1288464e+00
   1.1900000e+03   7.1671705e+00
   1.2000000e+03   7.1551119e+00
   1.2100000e+03   6.7269454e+00
   1.2200000e+03   7.2327239e+00
   1.2300000e+03   6.8151576e+00
   1.2400000e+03   6.9938782e+00
   1.2500000e+03   7.1780657e+00
   1.2600000e+03   7.2088509e+00
   1.2700000e+03   7.2913712e+00
   1.2800000e+03   7.0344697e+00
   1.2900000e+03   7.2813910e+00
   1.3000000e+03   7.1455506e+00
   1.3100000e+03   7.2591987e+00
   1.3200000e+03   7.2899084e+00
   1.3300000e+03   7.2964105e+00
   1.3400000e+03   7.3745849e+00
   1.3500000e+03   7.3666092e+00
   1.3600000e+03   6.9531585e+00
   1.3700000e+03   7.1876039e+00
   1.3800000e+03   7.1800110e+00
   1.3900000e+03   7.2259570e+00
   1.4000000e+03   7.3822044e+00
   1.4100000e+03   7.2547730e+00
   1.4200000e+03   7.3006716e+00
   1.4300000e+03   7.2017358e+00
   1.4400000e+03   7.3138451e+00
   1.4500000e+03   7.4846809e+00
   1.4600000e+03   7.2354372e+00
   1.4700000e+03   7.4385262e+00
   1.4800000e+03   7.2305997e+00
   1.4900000e+03   7.1054264e+00
   1.5000000e+03   7.2864023e+00
   1.5100000e+03   7.1971315e+00
   1.5200000e+03   7.4955766e+00
   1.5300000e+03   7.2470685e+00
   1.5400000e+03   7.3916683e+00
   1.5500000e+03   7.4597697e+00
   1.5600000e+03   7.5357834e+00
   1.5700000e+03   7.4948515e+00
   1.5800000e+03   7.5239602e+00
   1.5900000e+03   7.4496498e+00
   1.6000000e+03   7.4751602e+00
   1.6100000e+03   7.5099320e+00
   1.6200000e+03   7.4735023e+00
   1.6300000e+03   7.6865499e+00
   1.6400000e+03   7.5105433e+00
   1.6500000e+03   7.7039418e+00
   1.6600000e+03   7.6980264e+00
   1.6700000e+03   7.4618737e+00
   1.6800000e+03   7.7632410e+00
   1.6900000e+03   7.8074610e+00
   1.7000000e+03   7.9158557e+00
   1.7100000e+03   7.8205857e+00
   1.7200000e+03   7.5099542e+00
   1.7300000e+03   7.8341758e+00
   1.7400000e+03   7.7343120e+00
   1.7500000e+03   7.8183446e+00
   1.7600000e+03   7.5378218e+00
   1.7700000e+03   7.7896723e+00
   1.7800000e+03   7.8307785e+00
   1.7900000e+03   7.5848052e+00
   1.8000000e+03   7.7660423e+00
   1.8100000e+03   7.9550097e+00
   1.8200000e+03   7.6126009e+00
   1.8300000e+03   7.7882079e+00
   1.8400000e+03   7.8185120e+00
   1.8500000e+03   7.7043644e+00
   1.8600000e+03   7.9766454e+00
   1.8700000e+03   7.9955991e+00
   1.8800000e+03   7.9032372e+00
   1.8900000e+03   8.0509778e+00
   1.9000000e+03   7.7251780e+00
   1.9100000e+03   8.0890627e+00
   1.9200000e+03   8.0966803e+00
   1.9300000e+03   7.8835787e+00
   1.9400000e+03   7.8199970e+00
   1.9500000e+03   7.8286830e+00
   1.9600000e+03   7.5469229e+00
   1.9700000e+03   7.8771652e+00
   1.9800000e+03   7.7680930e+00
   1.9900000e+03   7.7377633e+00
   2.0000000e+03   7.8535689e+00
   2.0100000e+03   7.8242577e+00
   2.0200000e+03   7.5307466e+00
   2.0300000e+03   7.7788705e+00
   2.0400000e+03   7.3464775e+00
   2.0500000e+03   7.9044360e+00
   2.0600000e+03   7.7908119e+00
   2.0700000e+03   7.8699949e+00
   2.0800000e+03   7.2932149e+00
   2.0900000e+03   7.4103145e+00
   2.1000000e+03   7.5113069e+00
   2.1100000e+03   7.5891630e+00
   2.1200000e+03   7.5025678e+00
   2.1300000e+03   7.6998080e+00
   2.1400000e+03   7.6120862e+00
   2.1500000e+03   7.3159659e+00
   2.1600000e+03   7.6079512e+00
   2.1700000e+03   7.6744853e+00
   2.1800000e+03   7.5649144e+00
   2.1900000e+03   7.6274474e+00
   2.2000000e+03   7.4895628e+00
   2.2100000e+03   7.5017495e+00
   2.2200000e+03   7.5256150e+00
   2.2300000e+03   7.1171279e+00
   2.2400000e+03   7.6577356e+00
   2.2500000e+03   7.4147562e+00
   2.2600000e+03   7.3071028e+00
   2.2700000e+03   7.3881511e+00
   2.2800000e+03   7.1072564e+00
   2.2900000e+03   7.2153360e+00
   2.3000000e+03   7.3651315e+00
   2.3100000e+03   7.5263942e+00
   2.3200000e+03   7.5333441e+00
   2.3300000e+03   7.4028364e+00
   2.3400000e+03   7.5413106e+00
   2.3500000e+03   7.4448576e+00
   2.3600000e+03   7.3428598e+00
   2.3700000e+03   7.3437805e+00
   2.3800000e+03   7.3908112e+00
   2.3900000e+03   7.4811183e+00
   2.4000000e+03   7.4213366e+00
   2.4100000e+03   7.2391336e+00
   2.4200000e+03   7.1965071e+00
   2.4300000e+03   7.3498981e+00
   2.4400000e+03   7.1389966e+00
   2.4500000e+03   7.4868152e+00
   2.4600000e+03   7.3249653e+00
   2.4700000e+03   7.4743305e+00
   2.4800000e+03   7.4095119e+00
   2.4900000e+03   7.1526853e+00
   2.5000000e+03   7.3429903e+00
   2.5100000e+03   7.2340841e+00
   2.5200000e+03   7.2878805e+00
   2.5300000e+03   7.1176718e+00
   2.5400000e+03   7.1035764e+00
   2.5500000e+03   7.3249503e+00
   2.5600000e+03   7.3205635e+00
   2.5700000e+03   7.1191267e+00
   2.5800000e+03   7.0403433e+00
   2.5900000e+03   7.1182469e+00
   2.6000000e+03   7.1405823e+00
   2.6100000e+03   7.1096734e+00
   2.6200000e+03   7.1981673e+00
   2.6300000e+03   7.1415045e+00
   2.6400000e+03   7.2853204e+00
   2.6500000e+03   7.3327908e+00
   2.6600000e+03   7.3271200e+00
   2.6700000e+03   7.1438197e+00
   2.6800000e+03   6.7923231e+00
   2.6900000e+03   6.8659747e+00
   2.7000000e+03   7.0879031e+00
   2.7100000e+03   7.2203502e+00
   2.7200000e+03   6.9639429e+00
   2.7300000e+03   7.2505587e+00
   2.7400000e+03   7.2866544e+00
   2.7500000e+03   7.1577931e+00
   2.7600000e+03   7.3355932e+00
   2.7700000e+03   7.2568324e+00
   2.7800000e+03   7.2931198e+00
   2.7900000e+03   7.1822903e+00
   2.8000000e+03   7.1853934e+00
   2.8100000e+03   7.2092718e+00
   2.8200000e+03   7.2398432e+00
   2.8300000e+03   7.2743422e+00
   2.8400000e+03   7.0398461e+00
   2.8500000e+03   7.1984710e+00
   2.8600000e+03   7.0526587e+00
   2.8700000e+03   7.1306714e+00
   2.8800000e+03   7.0085561e+00
   2.8900000e+03   7.1684755e+00
   2.9000000e+03   7.1425760e+00
   2.9100000e+03   7.0951334e+00
   2.9200000e+03   7.0814102e+00
   2.9300000e+03   7.1767114e+00
   2.9400000e+03   6.4927174e+00
   2.9500000e+03   7.1025809e+00
   2.9600000e+03   7.0804006e+00
   2.9700000e+03   7.1068403e+00
   2.9800000e+03   7.1693054e+00
   2.9900000e+03   7.0954577e+00
   3.0000000e+03   6.8276308e+00
   3.0100000e+03   6.7382859e+00
   3.0200000e+03   6.9999751e+00
   3.0300000e+03   6.9999266e+00
   3.0400000e+03   7.1574070e+00
   3.0500000e+03   7.1983585e+00
   3.0600000e+03   7.1884852e+00
   3.0700000e+03   7.1314021e+00
   3.0800000e+03   6.9342758e+00
   3.0900000e+03   6.9624733e+00
   3.1000000e+03   6.8117387e+00
   3.1100000e+03   6.9634774e+00
   3.1200000e+03   6.8279782e+00
   3.1300000e+03   6.9473760e+00
   3.1400000e+03   7.1685710e+00
   3.1500000e+03   7.1029690e+00
   3.1600000e+03   6.9227020e+00
   3.1700000e+03   7.0827553e+00
   3.1800000e+03   6.6242756e+00
   3.1900000e+03   7.0817242e+00
   3.2000000e+03   7.0958499e+00
   3.2100000e+03   7.1362560e+00
   3.2200000e+03   7.1160781e+00
   3.2300000e+03   7.1475974e+00
   3.2400000e+03   7.2503690e+00
   3.2500000e+03   7.2348451e+00
   3.2600000e+03   7.1944220e+00
   3.2700000e+03   7.2186924e+00
   3.2800000e+03   7.1549463e+00
   3.2900000e+03   7.0133777e+00
   3.3000000e+03   7.1220590e+00
   3.3100000e+03   7.2685132e+00
   3.3200000e+03   7.0347300e+00
   3.3300000e+03   7.2514326e+00
   3.3400000e+03   7.2243014e+00
   3.3500000e+03   7.3146171e+00
   3.3600000e+03   6.8814191e+00
   3.3700000e+03   7.0719231e+00
   3.3800000e+03   7.1867806e+00
   3.3900000e+03   7.2807132e+00
   3.4000000e+03   7.1323764e+00
   3.4100000e+03   7.1199239e+00
   3.4200000e+03   6.9747616e+00
   3.4300000e+03   7.1693889e+00
   3.4400000e+03   6.8641282e+00
   3.4500000e+03   7.0677916e+00
   3.4600000e+03   7.0107216e+00
   3.4700000e+03   6.8562130e+00
   3.4800000e+03   6.9016244e+00
   3.4900000e+03   6.8827562e+00
