   0.0000000e+00   1.7061893e+01
   1.0000000e+01   1.7067599e+01
   2.0000000e+01   1.7062170e+01
   3.0000000e+01   1.7053702e+01
   4.0000000e+01   1.7044810e+01
   5.0000000e+01   1.7045491e+01
   6.0000000e+01   1.7064872e+01
   7.0000000e+01   1.7035460e+01
   8.0000000e+01   1.7008791e+01
   9.0000000e+01   1.6971899e+01
   1.0000000e+02   1.6683109e+01
   1.1000000e+02   1.6712929e+01
   1.2000000e+02   1.6149861e+01
   1.3000000e+02   1.5064662e+01
   1.4000000e+02   1.3400824e+01
   1.5000000e+02   1.1336861e+01
   1.6000000e+02   8.3629772e+00
   1.7000000e+02   4.9004577e+00
   1.8000000e+02   2.2935148e-01
   1.9000000e+02  -4.4473011e+00
   2.0000000e+02  -8.8216726e+00
   2.1000000e+02  -1.1621081e+01
   2.2000000e+02  -1.3499612e+01
   2.3000000e+02  -1.4513597e+01
   2.4000000e+02  -1.6025509e+01
   2.5000000e+02  -1.6414157e+01
   2.6000000e+02  -1.7074164e+01
   2.7000000e+02  -1.7874204e+01
   2.8000000e+02  -1.8541389e+01
   2.9000000e+02  -1.8608518e+01
   3.0000000e+02  -1.8884332e+01
   3.1000000e+02  -1.8995279e+01
   3.2000000e+02  -1.9482739e+01
   3.3000000e+02  -1.9782654e+01
   3.4000000e+02  -1.9697192e+01
   3.5000000e+02  -1.9988326e+01
   3.6000000e+02  -1.9968947e+01
   3.7000000e+02  -2.0241251e+01
   3.8000000e+02  -2.0393321e+01
   3.9000000e+02  -2.0304567e+01
   4.0000000e+02  -2.0837146e+01
   4.1000000e+02  -2.0496126e+01
   4.2000000e+02  -2.0485848e+01
   4.3000000e+02  -2.0413785e+01
   4.4000000e+02  -2.0582269e+01
   4.5000000e+02  -2.0756271e+01
   4.6000000e+02  -2.0598171e+01
   4.7000000e+02  -2.0623506e+01
   4.8000000e+02  -2.0893725e+01
   4.9000000e+02  -2.1007257e+01
   5.0000000e+02  -2.0959484e+01
   5.1000000e+02  -2.0797519e+01
   5.2000000e+02  -2.0870507e+01
   5.3000000e+02  -2.0791389e+01
   5.4000000e+02  -2.0987657e+01
   5.5000000e+02  -2.0795726e+01
   5.6000000e+02  -2.0824924e+01
   5.7000000e+02  -2.0968437e+01
   5.8000000e+02  -2.1115363e+01
   5.9000000e+02  -2.1079469e+01
   6.0000000e+02  -2.0964357e+01
   6.1000000e+02  -2.0565786e+01
   6.2000000e+02  -2.0942550e+01
   6.3000000e+02  -2.0836364e+01
   6.4000000e+02  -2.1022913e+01
   6.5000000e+02  -2.0969588e+01
   6.6000000e+02  -2.0927131e+01
   6.7000000e+02  -2.0786036e+01
   6.8000000e+02  -2.0843783e+01
   6.9000000e+02  -2.0927354e+01
   7.0000000e+02  -2.0875059e+01
   7.1000000e+02  -2.0710554e+01
   7.2000000e+02  -2.0749475e+01
   7.3000000e+02  -2.0770164e+01
   7.4000000e+02  -2.0771967e+01
   7.5000000e+02  -2.0769677e+01
   7.6000000e+02  -2.0588978e+01
   7.7000000e+02  -2.0818432e+01
   7.8000000e+02  -2.0721072e+01
   7.9000000e+02  -2.0644057e+01
   8.0000000e+02  -2.0582649e+01
   8.1000000e+02  -2.0251387e+01
   8.2000000e+02  -2.0463119e+01
   8.3000000e+02  -2.0536382e+01
   8.4000000e+02  -2.0601515e+01
   8.5000000e+02  -2.0283983e+01
   8.6000000e+02  -2.0230707e+01
   8.7000000e+02  -2.0322363e+01
   8.8000000e+02  -2.0299226e+01
   8.9000000e+02  -2.0410178e+01
   9.0000000e+02  -2.0334255e+01
   9.1000000e+02  -2.0345585e+01
   9.2000000e+02  -2.0450327e+01
   9.3000000e+02  -2.0377588e+01
   9.4000000e+02  -2.0229337e+01
   9.5000000e+02  -1.9970088e+01
   9.6000000e+02  -2.0333100e+01
   9.7000000e+02  -2.0229050e+01
   9.8000000e+02  -2.0278365e+01
   9.9000000e+02  -2.0056885e+01
   1.0000000e+03  -2.0125342e+01
   1.0100000e+03  -2.0308266e+01
   1.0200000e+03  -1.9730074e+01
   1.0300000e+03  -1.9841790e+01
   1.0400000e+03  -2.0215540e+01
   1.0500000e+03  -2.0206619e+01
   1.0600000e+03  -1.9944306e+01
   1.0700000e+03  -2.0007504e+01
   1.0800000e+03  -1.9945893e+01
   1.0900000e+03  -1.9977224e+01
   1.1000000e+03  -1.9970041e+01
   1.1100000e+03  -2.0036932e+01
   1.1200000e+03  -1.9833560e+01
   1.1300000e+03  -2.0013112e+01
   1.1400000e+03  -1.9823179e+01
   1.1500000e+03  -1.9977229e+01
   1.1600000e+03  -1.9901297e+01
   1.1700000e+03  -1.9767562e+01
   1.1800000e+03  -1.9653491e+01
   1.1900000e+03  -1.9830266e+01
   1.2000000e+03  -1.9879867e+01
   1.2100000e+03  -1.9715560e+01
   1.2200000e+03  -1.9849334e+01
   1.2300000e+03  -1.9921442e+01
   1.2400000e+03  -1.9814935e+01
   1.2500000e+03  -1.9726844e+01
   1.2600000e+03  -1.9722502e+01
   1.2700000e+03  -1.9657393e+01
   1.2800000e+03  -1.9454132e+01
   1.2900000e+03  -1.9689716e+01
   1.3000000e+03  -1.9509230e+01
   1.3100000e+03  -1.9582102e+01
   1.3200000e+03  -1.9523793e+01
   1.3300000e+03  -1.9544767e+01
   1.3400000e+03  -1.9401445e+01
   1.3500000e+03  -1.9377630e+01
   1.3600000e+03  -1.9472431e+01
   1.3700000e+03  -1.9396508e+01
   1.3800000e+03  -1.9353554e+01
   1.3900000e+03  -1.9206632e+01
   1.4000000e+03  -1.9340932e+01
   1.4100000e+03  -1.9110917e+01
   1.4200000e+03  -1.9168686e+01
   1.4300000e+03  -1.9220677e+01
   1.4400000e+03  -1.9180751e+01
   1.4500000e+03  -1.9065285e+01
   1.4600000e+03  -1.9096758e+01
   1.4700000e+03  -1.9004389e+01
   1.4800000e+03  -1.9110070e+01
   1.4900000e+03  -1.8889698e+01
   1.5000000e+03  -1.8967044e+01
   1.5100000e+03  -1.9156616e+01
   1.5200000e+03  -1.9111102e+01
   1.5300000e+03  -1.9083425e+01
   1.5400000e+03  -1.8697898e+01
   1.5500000e+03  -1.8928994e+01
   1.5600000e+03  -1.9010587e+01
   1.5700000e+03  -1.9034255e+01
   1.5800000e+03  -1.8981796e+01
   1.5900000e+03  -1.9072345e+01
   1.6000000e+03  -1.8844140e+01
   1.6100000e+03  -1.9011734e+01
   1.6200000e+03  -1.8867753e+01
   1.6300000e+03  -1.8936717e+01
   1.6400000e+03  -1.8790026e+01
   1.6500000e+03  -1.9037784e+01
   1.6600000e+03  -1.8668712e+01
   1.6700000e+03  -1.8660541e+01
   1.6800000e+03  -1.8629009e+01
   1.6900000e+03  -1.8714975e+01
   1.7000000e+03  -1.8758917e+01
   1.7100000e+03  -1.8711033e+01
   1.7200000e+03  -1.8514956e+01
   1.7300000e+03  -1.8646313e+01
   1.7400000e+03  -1.8528837e+01
   1.7500000e+03  -1.8664013e+01
   1.7600000e+03  -1.8576853e+01
   1.7700000e+03  -1.8572806e+01
   1.7800000e+03  -1.8645961e+01
   1.7900000e+03  -1.8575584e+01
   1.8000000e+03  -1.8535667e+01
   1.8100000e+03  -1.8594154e+01
   1.8200000e+03  -1.8582380e+01
   1.8300000e+03  -1.8572386e+01
   1.8400000e+03  -1.8401818e+01
   1.8500000e+03  -1.8545430e+01
   1.8600000e+03  -1.8391047e+01
   1.8700000e+03  -1.8290162e+01
   1.8800000e+03  -1.8264314e+01
   1.8900000e+03  -1.8465072e+01
   1.9000000e+03  -1.8341252e+01
   1.9100000e+03  -1.8359327e+01
   1.9200000e+03  -1.8329772e+01
   1.9300000e+03  -1.8193180e+01
   1.9400000e+03  -1.8311094e+01
   1.9500000e+03  -1.8225279e+01
   1.9600000e+03  -1.8359826e+01
   1.9700000e+03  -1.8329594e+01
   1.9800000e+03  -1.8136006e+01
   1.9900000e+03  -1.8291950e+01
   2.0000000e+03  -1.8292678e+01
   2.0100000e+03  -1.8115466e+01
   2.0200000e+03  -1.8373745e+01
   2.0300000e+03  -1.8306027e+01
   2.0400000e+03  -1.8233098e+01
   2.0500000e+03  -1.8336444e+01
   2.0600000e+03  -1.8246709e+01
   2.0700000e+03  -1.8319319e+01
   2.0800000e+03  -1.8317429e+01
   2.0900000e+03  -1.8211383e+01
   2.1000000e+03  -1.8186480e+01
   2.1100000e+03  -1.8283796e+01
   2.1200000e+03  -1.7975026e+01
   2.1300000e+03  -1.8194663e+01
   2.1400000e+03  -1.8190704e+01
   2.1500000e+03  -1.8324371e+01
   2.1600000e+03  -1.8376017e+01
   2.1700000e+03  -1.8401300e+01
   2.1800000e+03  -1.8371234e+01
   2.1900000e+03  -1.8314176e+01
   2.2000000e+03  -1.8235584e+01
   2.2100000e+03  -1.8302595e+01
   2.2200000e+03  -1.8381515e+01
   2.2300000e+03  -1.8173127e+01
   2.2400000e+03  -1.8421893e+01
   2.2500000e+03  -1.8415237e+01
   2.2600000e+03  -1.8354977e+01
   2.2700000e+03  -1.8345966e+01
   2.2800000e+03  -1.8230769e+01
   2.2900000e+03  -1.8288880e+01
   2.3000000e+03  -1.8368219e+01
   2.3100000e+03  -1.8195319e+01
   2.3200000e+03  -1.8309323e+01
   2.3300000e+03  -1.8342347e+01
   2.3400000e+03  -1.8350115e+01
   2.3500000e+03  -1.8364470e+01
   2.3600000e+03  -1.8379975e+01
   2.3700000e+03  -1.8340624e+01
   2.3800000e+03  -1.8245766e+01
   2.3900000e+03  -1.8258461e+01
   2.4000000e+03  -1.8191656e+01
   2.4100000e+03  -1.8251972e+01
   2.4200000e+03  -1.8210559e+01
   2.4300000e+03  -1.8125081e+01
   2.4400000e+03  -1.8024560e+01
   2.4500000e+03  -1.8293594e+01
   2.4600000e+03  -1.8318652e+01
   2.4700000e+03  -1.8194826e+01
   2.4800000e+03  -1.8206145e+01
   2.4900000e+03  -1.8354554e+01
   2.5000000e+03  -1.8390775e+01
   2.5100000e+03  -1.8176812e+01
   2.5200000e+03  -1.8369634e+01
   2.5300000e+03  -1.8325136e+01
   2.5400000e+03  -1.8229495e+01
   2.5500000e+03  -1.8286109e+01
   2.5600000e+03  -1.8197137e+01
   2.5700000e+03  -1.8342575e+01
   2.5800000e+03  -1.8356999e+01
   2.5900000e+03  -1.8358799e+01
   2.6000000e+03  -1.8292309e+01
   2.6100000e+03  -1.8213921e+01
   2.6200000e+03  -1.8360200e+01
   2.6300000e+03  -1.8199270e+01
   2.6400000e+03  -1.8399757e+01
   2.6500000e+03  -1.8303220e+01
   2.6600000e+03  -1.8220197e+01
   2.6700000e+03  -1.8171840e+01
   2.6800000e+03  -1.8438891e+01
   2.6900000e+03  -1.8264821e+01
   2.7000000e+03  -1.8332298e+01
   2.7100000e+03  -1.8148587e+01
   2.7200000e+03  -1.8064049e+01
   2.7300000e+03  -1.8194898e+01
   2.7400000e+03  -1.8138887e+01
   2.7500000e+03  -1.8125726e+01
   2.7600000e+03  -1.8058834e+01
   2.7700000e+03  -1.8135901e+01
   2.7800000e+03  -1.8092568e+01
   2.7900000e+03  -1.8218790e+01
   2.8000000e+03  -1.8251518e+01
   2.8100000e+03  -1.8300535e+01
   2.8200000e+03  -1.8181024e+01
   2.8300000e+03  -1.8209997e+01
   2.8400000e+03  -1.8296770e+01
   2.8500000e+03  -1.8142197e+01
   2.8600000e+03  -1.8235577e+01
   2.8700000e+03  -1.8346114e+01
   2.8800000e+03  -1.8376466e+01
   2.8900000e+03  -1.8263288e+01
   2.9000000e+03  -1.8279301e+01
   2.9100000e+03  -1.8289300e+01
   2.9200000e+03  -1.8225588e+01
   2.9300000e+03  -1.8314732e+01
   2.9400000e+03  -1.8305186e+01
   2.9500000e+03  -1.8224943e+01
   2.9600000e+03  -1.8228582e+01
   2.9700000e+03  -1.8251367e+01
   2.9800000e+03  -1.8303972e+01
   2.9900000e+03  -1.8350680e+01
   3.0000000e+03  -1.8387085e+01
   3.0100000e+03  -1.8333274e+01
   3.0200000e+03  -1.8212398e+01
   3.0300000e+03  -1.8435021e+01
   3.0400000e+03  -1.8214309e+01
   3.0500000e+03  -1.8312133e+01
   3.0600000e+03  -1.8369303e+01
   3.0700000e+03  -1.8246465e+01
   3.0800000e+03  -1.8412204e+01
   3.0900000e+03  -1.8300733e+01
   3.1000000e+03  -1.8369600e+01
   3.1100000e+03  -1.8267131e+01
   3.1200000e+03  -1.8332779e+01
   3.1300000e+03  -1.8434053e+01
   3.1400000e+03  -1.8362081e+01
   3.1500000e+03  -1.8270701e+01
   3.1600000e+03  -1.8340654e+01
   3.1700000e+03  -1.8329150e+01
   3.1800000e+03  -1.8313141e+01
   3.1900000e+03  -1.8381008e+01
   3.2000000e+03  -1.8236319e+01
   3.2100000e+03  -1.8205945e+01
   3.2200000e+03  -1.8308571e+01
   3.2300000e+03  -1.8304448e+01
   3.2400000e+03  -1.8468454e+01
   3.2500000e+03  -1.8316690e+01
   3.2600000e+03  -1.8413914e+01
   3.2700000e+03  -1.8059225e+01
   3.2800000e+03  -1.8234361e+01
   3.2900000e+03  -1.8269640e+01
   3.3000000e+03  -1.8295059e+01
   3.3100000e+03  -1.8207315e+01
   3.3200000e+03  -1.8235765e+01
   3.3300000e+03  -1.8171154e+01
   3.3400000e+03  -1.8375773e+01
   3.3500000e+03  -1.8411067e+01
   3.3600000e+03  -1.8343027e+01
   3.3700000e+03  -1.8453906e+01
   3.3800000e+03  -1.8389545e+01
   3.3900000e+03  -1.8159399e+01
   3.4000000e+03  -1.8236462e+01
   3.4100000e+03  -1.8358998e+01
   3.4200000e+03  -1.8562319e+01
   3.4300000e+03  -1.6901255e+01
   3.4400000e+03  -1.8428088e+01
   3.4500000e+03  -1.7303375e+01
   3.4600000e+03  -1.8660289e+01
   3.4700000e+03  -1.8785161e+01
   3.4800000e+03  -1.8877460e+01
   3.4900000e+03  -1.8647633e+01
