   0.0000000e+00   2.0591409e+01
   1.0000000e+01   2.0582277e+01
   2.0000000e+01   2.0592602e+01
   3.0000000e+01   2.0582732e+01
   4.0000000e+01   2.0590342e+01
   5.0000000e+01   2.0582495e+01
   6.0000000e+01   2.0589166e+01
   7.0000000e+01   2.0610686e+01
   8.0000000e+01   2.0591275e+01
   9.0000000e+01   2.0582639e+01
   1.0000000e+02   2.0577067e+01
   1.1000000e+02   2.0532454e+01
   1.2000000e+02   2.0486232e+01
   1.3000000e+02   2.0284969e+01
   1.4000000e+02   1.9829880e+01
   1.5000000e+02   1.9107529e+01
   1.6000000e+02   1.8441284e+01
   1.7000000e+02   1.7563690e+01
   1.8000000e+02   1.6236336e+01
   1.9000000e+02   1.3744495e+01
   2.0000000e+02   1.0993582e+01
   2.1000000e+02   7.4385970e+00
   2.2000000e+02   5.4163122e+00
   2.3000000e+02   4.1709390e+00
   2.4000000e+02   2.1504510e+00
   2.5000000e+02   6.4575274e-01
   2.6000000e+02  -1.6836345e+00
   2.7000000e+02  -2.7954014e+00
   2.8000000e+02  -3.7908738e+00
   2.9000000e+02  -4.4342417e+00
   3.0000000e+02  -4.7045017e+00
   3.1000000e+02  -5.1187427e+00
   3.2000000e+02  -5.4463867e+00
   3.3000000e+02  -5.5689523e+00
   3.4000000e+02  -5.8072535e+00
   3.5000000e+02  -5.6615927e+00
   3.6000000e+02  -5.6684355e+00
   3.7000000e+02  -5.6695467e+00
   3.8000000e+02  -5.2792219e+00
   3.9000000e+02  -4.9331180e+00
   4.0000000e+02  -5.0921339e+00
   4.1000000e+02  -5.3426283e+00
   4.2000000e+02  -5.2567805e+00
   4.3000000e+02  -5.2815701e+00
   4.4000000e+02  -5.2260443e+00
   4.5000000e+02  -5.0837521e+00
   4.6000000e+02  -4.9840494e+00
   4.7000000e+02  -4.9419996e+00
   4.8000000e+02  -4.6327100e+00
   4.9000000e+02  -4.3338973e+00
   5.0000000e+02  -4.3333457e+00
   5.1000000e+02  -4.1372255e+00
   5.2000000e+02  -3.7957952e+00
   5.3000000e+02  -3.9614890e+00
   5.4000000e+02  -3.5235672e+00
   5.5000000e+02  -3.3317029e+00
   5.6000000e+02  -3.2282033e+00
   5.7000000e+02  -3.1916475e+00
   5.8000000e+02  -3.1513475e+00
   5.9000000e+02  -3.1290842e+00
   6.0000000e+02  -3.0555013e+00
   6.1000000e+02  -2.6837062e+00
   6.2000000e+02  -2.8826457e+00
   6.3000000e+02  -2.6258889e+00
   6.4000000e+02  -2.6914975e+00
   6.5000000e+02  -2.5669980e+00
   6.6000000e+02  -2.5120440e+00
   6.7000000e+02  -2.5171377e+00
   6.8000000e+02  -2.4281927e+00
   6.9000000e+02  -2.3931327e+00
   7.0000000e+02  -2.3929427e+00
   7.1000000e+02  -2.2952340e+00
   7.2000000e+02  -2.2074410e+00
   7.3000000e+02  -2.2163937e+00
   7.4000000e+02  -2.1805218e+00
   7.5000000e+02  -2.3298678e+00
   7.6000000e+02  -2.0869036e+00
   7.7000000e+02  -2.2317640e+00
   7.8000000e+02  -2.1856531e+00
   7.9000000e+02  -2.2612806e+00
   8.0000000e+02  -2.2267379e+00
   8.1000000e+02  -2.1391290e+00
   8.2000000e+02  -2.0846855e+00
   8.3000000e+02  -2.0162559e+00
   8.4000000e+02  -2.1035099e+00
   8.5000000e+02  -1.9787986e+00
   8.6000000e+02  -1.9510278e+00
   8.7000000e+02  -2.0353202e+00
   8.8000000e+02  -1.8287621e+00
   8.9000000e+02  -1.7753253e+00
   9.0000000e+02  -1.8200861e+00
   9.1000000e+02  -1.6313401e+00
   9.2000000e+02  -1.6541698e+00
   9.3000000e+02  -1.1801821e+00
   9.4000000e+02  -1.2741387e+00
   9.5000000e+02  -1.0147626e+00
   9.6000000e+02  -1.0353338e+00
   9.7000000e+02  -1.0931005e+00
   9.8000000e+02  -1.2700993e+00
   9.9000000e+02  -1.4312602e+00
   1.0000000e+03  -1.4765849e+00
   1.0100000e+03  -1.6477081e+00
   1.0200000e+03  -1.6695128e+00
   1.0300000e+03  -1.9266348e+00
   1.0400000e+03  -2.0730507e+00
   1.0500000e+03  -2.1280432e+00
   1.0600000e+03  -2.1075503e+00
   1.0700000e+03  -2.1473816e+00
   1.0800000e+03  -1.9492218e+00
   1.0900000e+03  -2.2250471e+00
   1.1000000e+03  -2.1697428e+00
   1.1100000e+03  -1.9574544e+00
   1.1200000e+03  -2.0839458e+00
   1.1300000e+03  -1.9715814e+00
   1.1400000e+03  -2.0291139e+00
   1.1500000e+03  -2.0213717e+00
   1.1600000e+03  -2.0647067e+00
   1.1700000e+03  -2.0346667e+00
   1.1800000e+03  -2.0464308e+00
   1.1900000e+03  -1.9642258e+00
   1.2000000e+03  -2.0075551e+00
   1.2100000e+03  -1.9963581e+00
   1.2200000e+03  -1.9672955e+00
   1.2300000e+03  -1.9255211e+00
   1.2400000e+03  -1.9612106e+00
   1.2500000e+03  -1.9865894e+00
   1.2600000e+03  -1.8666508e+00
   1.2700000e+03  -1.7581442e+00
   1.2800000e+03  -1.7471885e+00
   1.2900000e+03  -1.6830149e+00
   1.3000000e+03  -1.7351282e+00
   1.3100000e+03  -1.7870691e+00
   1.3200000e+03  -1.6342957e+00
   1.3300000e+03  -1.5140836e+00
   1.3400000e+03  -1.2127943e+00
   1.3500000e+03  -1.5380717e+00
   1.3600000e+03  -1.4882859e+00
   1.3700000e+03  -1.7254747e+00
   1.3800000e+03  -1.7989741e+00
   1.3900000e+03  -1.7062058e+00
   1.4000000e+03  -1.8311044e+00
   1.4100000e+03  -1.6961469e+00
   1.4200000e+03  -1.6414836e+00
   1.4300000e+03  -1.4957237e+00
   1.4400000e+03  -1.6864403e+00
   1.4500000e+03  -1.5635344e+00
   1.4600000e+03  -1.6878510e+00
   1.4700000e+03  -1.4731221e+00
   1.4800000e+03  -1.6131548e+00
   1.4900000e+03  -1.5278529e+00
   1.5000000e+03  -1.4747403e+00
   1.5100000e+03  -1.4003389e+00
   1.5200000e+03  -1.6960828e+00
   1.5300000e+03  -1.6590709e+00
   1.5400000e+03  -1.5670193e+00
   1.5500000e+03  -1.5880697e+00
   1.5600000e+03  -1.6406944e+00
   1.5700000e+03  -1.6160854e+00
   1.5800000e+03  -1.6308286e+00
   1.5900000e+03  -1.5489738e+00
   1.6000000e+03  -1.6108967e+00
   1.6100000e+03  -1.4596331e+00
   1.6200000e+03  -1.1493541e+00
   1.6300000e+03  -7.6156482e-01
   1.6400000e+03  -1.2938049e+00
   1.6500000e+03  -1.4002925e+00
   1.6600000e+03  -1.5177941e+00
   1.6700000e+03  -1.3740818e+00
   1.6800000e+03  -1.3920417e+00
   1.6900000e+03  -1.4463651e+00
   1.7000000e+03  -1.5183847e+00
   1.7100000e+03  -1.4458003e+00
   1.7200000e+03  -1.4575819e+00
   1.7300000e+03  -1.2784067e+00
   1.7400000e+03  -1.2559142e+00
   1.7500000e+03  -1.4221780e+00
   1.7600000e+03  -1.1405925e+00
   1.7700000e+03  -1.4383115e+00
   1.7800000e+03  -1.3463210e+00
   1.7900000e+03  -1.2962018e+00
   1.8000000e+03  -1.2623784e+00
   1.8100000e+03  -1.2793202e+00
   1.8200000e+03  -1.2113047e+00
   1.8300000e+03  -1.3031627e+00
   1.8400000e+03  -1.2709320e+00
   1.8500000e+03  -1.1857756e+00
   1.8600000e+03  -1.3122840e+00
   1.8700000e+03  -1.2446501e+00
   1.8800000e+03  -1.2868280e+00
   1.8900000e+03  -1.1660243e+00
   1.9000000e+03  -1.1498542e+00
   1.9100000e+03  -1.0871273e+00
   1.9200000e+03  -9.8790534e-01
   1.9300000e+03  -9.8374158e-01
   1.9400000e+03  -7.2955991e-01
   1.9500000e+03  -1.1158174e+00
   1.9600000e+03  -1.0939598e+00
   1.9700000e+03  -1.1392737e+00
   1.9800000e+03  -1.2489349e+00
   1.9900000e+03  -1.1895949e+00
   2.0000000e+03  -1.2880265e+00
   2.0100000e+03  -1.3654138e+00
   2.0200000e+03  -1.3221491e+00
   2.0300000e+03  -1.3462288e+00
   2.0400000e+03  -1.3593241e+00
   2.0500000e+03  -1.2890616e+00
   2.0600000e+03  -1.3168793e+00
   2.0700000e+03  -1.3885239e+00
   2.0800000e+03  -1.2642323e+00
   2.0900000e+03  -1.2376145e+00
   2.1000000e+03  -1.3052511e+00
   2.1100000e+03  -1.2296408e+00
   2.1200000e+03  -1.2402786e+00
   2.1300000e+03  -1.2046051e+00
   2.1400000e+03  -1.1452868e+00
   2.1500000e+03  -1.1861211e+00
   2.1600000e+03  -1.0733982e+00
   2.1700000e+03  -1.2832364e+00
   2.1800000e+03  -1.0745917e+00
   2.1900000e+03  -1.0099703e+00
   2.2000000e+03  -1.1071812e+00
   2.2100000e+03  -1.0900861e+00
   2.2200000e+03  -1.0603401e+00
   2.2300000e+03  -1.1419763e+00
   2.2400000e+03  -9.7306924e-01
   2.2500000e+03  -1.1203252e+00
   2.2600000e+03  -1.0401640e+00
   2.2700000e+03  -9.4146882e-01
   2.2800000e+03  -1.1199131e+00
   2.2900000e+03  -1.0646246e+00
   2.3000000e+03  -1.3402284e+00
   2.3100000e+03  -1.2190153e+00
   2.3200000e+03  -1.3718188e+00
   2.3300000e+03  -1.2581558e+00
   2.3400000e+03  -1.2841965e+00
   2.3500000e+03  -1.3304512e+00
   2.3600000e+03  -1.1291256e+00
   2.3700000e+03  -1.1620647e+00
   2.3800000e+03  -1.2349050e+00
   2.3900000e+03  -1.2873439e+00
   2.4000000e+03  -1.3059203e+00
   2.4100000e+03  -1.3712007e+00
   2.4200000e+03  -1.3223506e+00
   2.4300000e+03  -1.1150769e+00
   2.4400000e+03  -1.3114073e+00
   2.4500000e+03  -1.2300051e+00
   2.4600000e+03  -1.3100920e+00
   2.4700000e+03  -1.2573037e+00
   2.4800000e+03  -1.3004926e+00
   2.4900000e+03  -1.2761135e+00
   2.5000000e+03  -1.1282861e+00
   2.5100000e+03  -1.2500190e+00
   2.5200000e+03  -1.0575894e+00
   2.5300000e+03  -1.0943271e+00
   2.5400000e+03  -1.1064678e+00
   2.5500000e+03  -1.0565789e+00
   2.5600000e+03  -1.0159429e+00
   2.5700000e+03  -9.4103783e-01
   2.5800000e+03  -9.7680652e-01
   2.5900000e+03  -9.8346248e-01
   2.6000000e+03  -8.8883762e-01
   2.6100000e+03  -8.5411643e-01
   2.6200000e+03  -9.8599426e-01
   2.6300000e+03  -7.7721837e-01
   2.6400000e+03  -9.9857295e-01
   2.6500000e+03  -8.9168595e-01
   2.6600000e+03  -8.6353469e-01
   2.6700000e+03  -8.3292403e-01
   2.6800000e+03  -7.6761925e-01
   2.6900000e+03  -5.7081136e-01
   2.7000000e+03  -4.1175642e-01
   2.7100000e+03  -3.6840531e-01
   2.7200000e+03  -4.2312228e-01
   2.7300000e+03  -3.6859737e-01
   2.7400000e+03  -5.3073605e-01
   2.7500000e+03  -6.0473518e-01
   2.7600000e+03  -4.9604172e-01
   2.7700000e+03  -5.0457890e-01
   2.7800000e+03  -5.4271188e-01
   2.7900000e+03  -5.9216840e-01
   2.8000000e+03  -6.4387240e-01
   2.8100000e+03  -6.8171923e-01
   2.8200000e+03  -6.6793522e-01
   2.8300000e+03  -5.9904452e-01
   2.8400000e+03  -6.6618962e-01
   2.8500000e+03  -4.9468828e-01
   2.8600000e+03  -6.2155277e-01
   2.8700000e+03  -6.9117751e-01
   2.8800000e+03  -6.4547462e-01
   2.8900000e+03  -7.5271348e-01
   2.9000000e+03  -7.9956334e-01
   2.9100000e+03  -6.8128540e-01
   2.9200000e+03  -8.7086038e-01
   2.9300000e+03  -1.1223783e+00
   2.9400000e+03  -1.2013696e+00
   2.9500000e+03  -8.7649921e-01
   2.9600000e+03  -9.9922411e-01
   2.9700000e+03  -9.9139028e-01
   2.9800000e+03  -8.6570542e-01
   2.9900000e+03  -1.0403658e+00
   3.0000000e+03  -1.0981407e+00
   3.0100000e+03  -1.1627805e+00
   3.0200000e+03  -1.1427992e+00
   3.0300000e+03  -9.7120402e-01
   3.0400000e+03  -1.0062552e+00
   3.0500000e+03  -1.0788766e+00
   3.0600000e+03  -1.0659322e+00
   3.0700000e+03  -1.2735867e+00
   3.0800000e+03  -9.5157328e-01
   3.0900000e+03  -8.3728670e-01
   3.1000000e+03  -1.0556658e+00
   3.1100000e+03  -9.6508468e-01
   3.1200000e+03  -1.1696801e+00
   3.1300000e+03  -1.1421101e+00
   3.1400000e+03  -1.0655390e+00
   3.1500000e+03  -1.1776624e+00
   3.1600000e+03  -1.0559695e+00
   3.1700000e+03  -1.0450051e+00
   3.1800000e+03  -9.7049255e-01
   3.1900000e+03  -9.5849316e-01
   3.2000000e+03  -1.0282516e+00
   3.2100000e+03  -8.5926619e-01
   3.2200000e+03  -9.0416683e-01
   3.2300000e+03  -8.4309150e-01
   3.2400000e+03  -7.8028542e-01
   3.2500000e+03  -8.1441448e-01
   3.2600000e+03  -7.8636488e-01
   3.2700000e+03  -5.8192719e-01
   3.2800000e+03  -7.6839523e-01
   3.2900000e+03  -7.7005136e-01
   3.3000000e+03  -6.8021856e-01
   3.3100000e+03  -8.1637390e-01
   3.3200000e+03  -6.5516419e-01
   3.3300000e+03  -6.0668846e-01
   3.3400000e+03  -7.5915420e-01
   3.3500000e+03  -8.0060971e-01
   3.3600000e+03  -7.4948266e-01
   3.3700000e+03  -7.2262787e-01
   3.3800000e+03  -5.1026341e-01
   3.3900000e+03  -6.9737659e-01
   3.4000000e+03  -5.9188082e-01
   3.4100000e+03  -5.0301464e-01
   3.4200000e+03  -5.8786669e-01
   3.4300000e+03  -7.1790948e-01
   3.4400000e+03  -7.4556050e-01
   3.4500000e+03  -6.6047666e-01
   3.4600000e+03  -6.1900756e-01
   3.4700000e+03  -7.0860842e-01
   3.4800000e+03  -7.1529769e-01
   3.4900000e+03  -7.2578942e-01
