   0.0000000e+00   2.0054528e+01
   1.0000000e+01   2.0045856e+01
   2.0000000e+01   2.0054100e+01
   3.0000000e+01   2.0044458e+01
   4.0000000e+01   2.0035391e+01
   5.0000000e+01   2.0040745e+01
   6.0000000e+01   2.0039311e+01
   7.0000000e+01   2.0044625e+01
   8.0000000e+01   1.9992074e+01
   9.0000000e+01   1.9983898e+01
   1.0000000e+02   2.0054543e+01
   1.1000000e+02   1.9954307e+01
   1.2000000e+02   1.9935402e+01
   1.3000000e+02   1.8814430e+01
   1.4000000e+02   1.7239179e+01
   1.5000000e+02   1.5807276e+01
   1.6000000e+02   1.5001905e+01
   1.7000000e+02   1.3047507e+01
   1.8000000e+02   1.0775220e+01
   1.9000000e+02   7.5232450e+00
   2.0000000e+02   4.3448724e+00
   2.1000000e+02   1.8848696e-01
   2.2000000e+02  -2.2461213e+00
   2.3000000e+02  -3.3852497e+00
   2.4000000e+02  -3.6954997e+00
   2.5000000e+02  -4.7602112e+00
   2.6000000e+02  -5.5195706e+00
   2.7000000e+02  -6.5310714e+00
   2.8000000e+02  -6.5981926e+00
   2.9000000e+02  -7.0149112e+00
   3.0000000e+02  -7.4667227e+00
   3.1000000e+02  -7.2632858e+00
   3.2000000e+02  -7.3211095e+00
   3.3000000e+02  -7.3638452e+00
   3.4000000e+02  -7.3697520e+00
   3.5000000e+02  -7.5251463e+00
   3.6000000e+02  -7.9422334e+00
   3.7000000e+02  -7.7912749e+00
   3.8000000e+02  -7.7422993e+00
   3.9000000e+02  -7.4325147e+00
   4.0000000e+02  -7.1322003e+00
   4.1000000e+02  -7.0414570e+00
   4.2000000e+02  -6.9171268e+00
   4.3000000e+02  -6.9381788e+00
   4.4000000e+02  -6.9065777e+00
   4.5000000e+02  -7.1252173e+00
   4.6000000e+02  -6.8971537e+00
   4.7000000e+02  -6.8351320e+00
   4.8000000e+02  -6.9169217e+00
   4.9000000e+02  -6.6443698e+00
   5.0000000e+02  -6.7545274e+00
   5.1000000e+02  -6.1532429e+00
   5.2000000e+02  -5.8474652e+00
   5.3000000e+02  -5.5199505e+00
   5.4000000e+02  -5.2743426e+00
   5.5000000e+02  -5.9026666e+00
   5.6000000e+02  -5.7778397e+00
   5.7000000e+02  -5.0411676e+00
   5.8000000e+02  -5.2244992e+00
   5.9000000e+02  -5.1583581e+00
   6.0000000e+02  -5.0996421e+00
   6.1000000e+02  -5.0179227e+00
   6.2000000e+02  -4.6756627e+00
   6.3000000e+02  -4.5614611e+00
   6.4000000e+02  -4.6570849e+00
   6.5000000e+02  -4.5785359e+00
   6.6000000e+02  -4.6387603e+00
   6.7000000e+02  -4.4996835e+00
   6.8000000e+02  -4.6917856e+00
   6.9000000e+02  -4.9372233e+00
   7.0000000e+02  -4.9750737e+00
   7.1000000e+02  -4.6592760e+00
   7.2000000e+02  -4.6125308e+00
   7.3000000e+02  -4.4939737e+00
   7.4000000e+02  -4.5208336e+00
   7.5000000e+02  -4.1972889e+00
   7.6000000e+02  -4.2549883e+00
   7.7000000e+02  -4.0097332e+00
   7.8000000e+02  -3.8116130e+00
   7.9000000e+02  -3.9516078e+00
   8.0000000e+02  -4.0139364e+00
   8.1000000e+02  -3.7146243e+00
   8.2000000e+02  -3.7554929e+00
   8.3000000e+02  -3.3481367e+00
   8.4000000e+02  -3.5902052e+00
   8.5000000e+02  -3.2203173e+00
   8.6000000e+02  -3.1597788e+00
   8.7000000e+02  -3.9174316e+00
   8.8000000e+02  -3.6083745e+00
   8.9000000e+02  -3.7075625e+00
   9.0000000e+02  -3.4707425e+00
   9.1000000e+02  -3.7033743e+00
   9.2000000e+02  -3.1674374e+00
   9.3000000e+02  -4.6902325e+00
   9.4000000e+02  -4.3052345e+00
   9.5000000e+02  -4.5883271e+00
   9.6000000e+02  -4.3948554e+00
   9.7000000e+02  -3.9250541e+00
   9.8000000e+02  -3.9717626e+00
   9.9000000e+02  -3.9912764e+00
   1.0000000e+03  -3.9600517e+00
   1.0100000e+03  -3.8808457e+00
   1.0200000e+03  -3.1880545e+00
   1.0300000e+03  -3.2776067e+00
   1.0400000e+03  -3.1420337e+00
   1.0500000e+03  -3.2215757e+00
   1.0600000e+03  -3.4546878e+00
   1.0700000e+03  -3.3669684e+00
   1.0800000e+03  -3.4343483e+00
   1.0900000e+03  -3.4351760e+00
   1.1000000e+03  -3.3034227e+00
   1.1100000e+03  -3.6708324e+00
   1.1200000e+03  -3.7161041e+00
   1.1300000e+03  -3.2249146e+00
   1.1400000e+03  -3.1685134e+00
   1.1500000e+03  -3.2881385e+00
   1.1600000e+03  -3.4138199e+00
   1.1700000e+03  -3.2986377e+00
   1.1800000e+03  -3.4146657e+00
   1.1900000e+03  -3.3707624e+00
   1.2000000e+03  -2.9615643e+00
   1.2100000e+03  -3.0078401e+00
   1.2200000e+03  -3.0681544e+00
   1.2300000e+03  -2.7414145e+00
   1.2400000e+03  -3.1399290e+00
   1.2500000e+03  -3.0565004e+00
   1.2600000e+03  -2.6781517e+00
   1.2700000e+03  -2.6001227e+00
   1.2800000e+03  -2.6300377e+00
   1.2900000e+03  -2.6924181e+00
   1.3000000e+03  -2.9843216e+00
   1.3100000e+03  -3.4219395e+00
   1.3200000e+03  -3.2014592e+00
   1.3300000e+03  -2.9616728e+00
   1.3400000e+03  -2.8483080e+00
   1.3500000e+03  -2.6356965e+00
   1.3600000e+03  -2.9752837e+00
   1.3700000e+03  -3.3719102e+00
   1.3800000e+03  -2.9544422e+00
   1.3900000e+03  -3.1027406e+00
   1.4000000e+03  -2.9641969e+00
   1.4100000e+03  -2.9347915e+00
   1.4200000e+03  -3.0058136e+00
   1.4300000e+03  -2.5095405e+00
   1.4400000e+03  -2.5684256e+00
   1.4500000e+03  -2.9100529e+00
   1.4600000e+03  -2.6497435e+00
   1.4700000e+03  -2.4249609e+00
   1.4800000e+03  -2.5096048e+00
   1.4900000e+03  -2.1498650e+00
   1.5000000e+03  -2.2749236e+00
   1.5100000e+03  -2.4637272e+00
   1.5200000e+03  -2.6698199e+00
   1.5300000e+03  -2.3899865e+00
   1.5400000e+03  -2.6692288e+00
   1.5500000e+03  -2.8599220e+00
   1.5600000e+03  -2.5781077e+00
   1.5700000e+03  -2.5709231e+00
   1.5800000e+03  -2.7743913e+00
   1.5900000e+03  -2.3979999e+00
   1.6000000e+03  -2.9578342e+00
   1.6100000e+03  -2.5473154e+00
   1.6200000e+03  -2.4441413e+00
   1.6300000e+03  -2.6309613e+00
   1.6400000e+03  -1.9370833e+00
   1.6500000e+03  -2.3724784e+00
   1.6600000e+03  -2.1884251e+00
   1.6700000e+03  -2.3098147e+00
   1.6800000e+03  -2.1946246e+00
   1.6900000e+03  -2.3416664e+00
   1.7000000e+03  -2.4436484e+00
   1.7100000e+03  -2.3566912e+00
   1.7200000e+03  -2.6090802e+00
   1.7300000e+03  -2.7415594e+00
   1.7400000e+03  -2.4551633e+00
   1.7500000e+03  -1.8858941e+00
   1.7600000e+03  -2.1523872e+00
   1.7700000e+03  -2.0599204e+00
   1.7800000e+03  -2.2378124e+00
   1.7900000e+03  -2.2104631e+00
   1.8000000e+03  -2.3801351e+00
   1.8100000e+03  -2.2069943e+00
   1.8200000e+03  -1.9020731e+00
   1.8300000e+03  -1.9051698e+00
   1.8400000e+03  -2.0668480e+00
   1.8500000e+03  -2.3483915e+00
   1.8600000e+03  -2.1736967e+00
   1.8700000e+03  -2.2390525e+00
   1.8800000e+03  -2.0919886e+00
   1.8900000e+03  -2.2456689e+00
   1.9000000e+03  -1.8072338e+00
   1.9100000e+03  -1.5421127e+00
   1.9200000e+03  -2.3035520e+00
   1.9300000e+03  -1.6740195e+00
   1.9400000e+03  -1.5750299e+00
   1.9500000e+03  -1.8549716e+00
   1.9600000e+03  -1.7592428e+00
   1.9700000e+03  -2.3402285e+00
   1.9800000e+03  -2.0827994e+00
   1.9900000e+03  -2.3590750e+00
   2.0000000e+03  -2.2702776e+00
   2.0100000e+03  -2.3467115e+00
   2.0200000e+03  -2.5400699e+00
   2.0300000e+03  -2.4994764e+00
   2.0400000e+03  -2.3621009e+00
   2.0500000e+03  -2.3032010e+00
   2.0600000e+03  -2.4147342e+00
   2.0700000e+03  -2.2626509e+00
   2.0800000e+03  -2.6708104e+00
   2.0900000e+03  -2.4240388e+00
   2.1000000e+03  -2.1874234e+00
   2.1100000e+03  -2.2235258e+00
   2.1200000e+03  -2.1546213e+00
   2.1300000e+03  -2.0607793e+00
   2.1400000e+03  -1.8852163e+00
   2.1500000e+03  -1.7308415e+00
   2.1600000e+03  -2.0092206e+00
   2.1700000e+03  -2.5445039e+00
   2.1800000e+03  -2.0167896e+00
   2.1900000e+03  -1.5923351e+00
   2.2000000e+03  -1.8220202e+00
   2.2100000e+03  -2.0700935e+00
   2.2200000e+03  -2.1049332e+00
   2.2300000e+03  -2.0619455e+00
   2.2400000e+03  -2.1441384e+00
   2.2500000e+03  -1.9095031e+00
   2.2600000e+03  -2.5344216e+00
   2.2700000e+03  -2.3041650e+00
   2.2800000e+03  -2.7573439e+00
   2.2900000e+03  -3.1948942e+00
   2.3000000e+03  -2.1131761e+00
   2.3100000e+03  -2.1047339e+00
   2.3200000e+03  -2.1528674e+00
   2.3300000e+03  -2.2242601e+00
   2.3400000e+03  -2.0555965e+00
   2.3500000e+03  -1.9825327e+00
   2.3600000e+03  -1.9497059e+00
   2.3700000e+03  -2.0183633e+00
   2.3800000e+03  -1.9627684e+00
   2.3900000e+03  -1.8621927e+00
   2.4000000e+03  -2.0103408e+00
   2.4100000e+03  -1.1990660e+00
   2.4200000e+03  -2.5745453e+00
   2.4300000e+03  -2.4917254e+00
   2.4400000e+03  -2.4149149e+00
   2.4500000e+03  -2.5633949e+00
   2.4600000e+03  -2.6466351e+00
   2.4700000e+03  -2.8393301e+00
   2.4800000e+03  -2.8843746e+00
   2.4900000e+03  -2.3752522e+00
   2.5000000e+03  -2.0529372e+00
   2.5100000e+03  -1.9328474e+00
   2.5200000e+03  -2.1682775e+00
   2.5300000e+03  -2.0521598e+00
   2.5400000e+03  -1.9543609e+00
   2.5500000e+03  -2.0445097e+00
   2.5600000e+03  -2.2927284e+00
   2.5700000e+03  -1.7658529e+00
   2.5800000e+03  -2.1641800e+00
   2.5900000e+03  -1.9518203e+00
   2.6000000e+03  -1.9746394e+00
   2.6100000e+03  -2.0252249e+00
   2.6200000e+03  -1.7432410e+00
   2.6300000e+03  -1.8661771e+00
   2.6400000e+03  -1.9398409e+00
   2.6500000e+03  -2.0334285e+00
   2.6600000e+03  -1.9414639e+00
   2.6700000e+03  -1.1095657e+00
   2.6800000e+03  -2.1482331e+00
   2.6900000e+03  -1.9890308e+00
   2.7000000e+03  -2.2403904e+00
   2.7100000e+03  -1.1295409e+00
   2.7200000e+03  -1.6239646e+00
   2.7300000e+03  -1.5531980e+00
   2.7400000e+03  -1.8388360e+00
   2.7500000e+03  -1.4456215e+00
   2.7600000e+03  -1.4414492e+00
   2.7700000e+03  -2.1814206e+00
   2.7800000e+03  -2.0221606e+00
   2.7900000e+03  -1.9965606e+00
   2.8000000e+03  -2.1960426e+00
   2.8100000e+03  -1.6340642e+00
   2.8200000e+03  -1.2484790e+00
   2.8300000e+03   9.6808476e-01
   2.8400000e+03   4.1697620e-01
   2.8500000e+03   1.6583143e-01
   2.8600000e+03  -9.4127659e-01
   2.8700000e+03  -7.7932307e-01
   2.8800000e+03  -1.9030911e+00
   2.8900000e+03  -1.8029052e+00
   2.9000000e+03  -2.6805251e+00
   2.9100000e+03  -2.7968316e+00
   2.9200000e+03  -3.6078720e+00
   2.9300000e+03  -2.6543582e+00
   2.9400000e+03  -2.8299686e+00
   2.9500000e+03  -3.1866738e+00
   2.9600000e+03  -2.2376852e+00
   2.9700000e+03  -2.3450814e+00
   2.9800000e+03  -2.5229197e+00
   2.9900000e+03  -2.3073258e+00
   3.0000000e+03  -2.3322509e+00
   3.0100000e+03  -2.6320525e+00
   3.0200000e+03  -2.4635535e+00
   3.0300000e+03  -2.4984709e+00
   3.0400000e+03  -2.4044230e+00
   3.0500000e+03  -2.3424416e+00
   3.0600000e+03  -2.7974603e+00
   3.0700000e+03  -2.5076385e+00
   3.0800000e+03  -3.0044554e+00
   3.0900000e+03  -2.8807178e+00
   3.1000000e+03  -2.5736300e+00
   3.1100000e+03  -2.6878160e+00
   3.1200000e+03  -3.0314105e+00
   3.1300000e+03  -2.6547922e+00
   3.1400000e+03  -2.1436722e+00
   3.1500000e+03  -2.3173369e+00
   3.1600000e+03  -2.7358897e+00
   3.1700000e+03  -1.9243509e+00
   3.1800000e+03  -1.9291374e+00
   3.1900000e+03  -1.9911937e+00
   3.2000000e+03  -1.8143729e+00
   3.2100000e+03  -1.9780026e+00
   3.2200000e+03  -1.4005782e+00
   3.2300000e+03  -1.6909913e+00
   3.2400000e+03  -1.6923756e+00
   3.2500000e+03  -1.7329706e+00
   3.2600000e+03  -1.7927984e+00
   3.2700000e+03  -1.4642155e+00
   3.2800000e+03  -1.2021962e+00
   3.2900000e+03  -6.5981822e-01
   3.3000000e+03  -9.5530873e-01
   3.3100000e+03  -9.7512114e-01
   3.3200000e+03  -1.5452046e+00
   3.3300000e+03  -1.6094771e+00
   3.3400000e+03  -1.1585741e+00
   3.3500000e+03  -1.5470401e+00
   3.3600000e+03  -1.2399936e+00
   3.3700000e+03  -1.3418991e+00
   3.3800000e+03  -1.7557785e+00
   3.3900000e+03  -1.0251810e+00
   3.4000000e+03  -1.8530561e+00
   3.4100000e+03  -1.8612397e+00
   3.4200000e+03  -2.2450746e+00
   3.4300000e+03  -1.8104367e+00
   3.4400000e+03  -1.7947849e+00
   3.4500000e+03  -1.6679191e+00
   3.4600000e+03  -1.4420274e+00
   3.4700000e+03  -1.2765142e+00
   3.4800000e+03  -1.7182018e+00
   3.4900000e+03  -9.8280676e-01
