   0.0000000e+00   2.0061942e+01
   1.0000000e+01   2.0059524e+01
   2.0000000e+01   2.0064293e+01
   3.0000000e+01   2.0048164e+01
   4.0000000e+01   2.0044194e+01
   5.0000000e+01   2.0053255e+01
   6.0000000e+01   2.0051590e+01
   7.0000000e+01   2.0069645e+01
   8.0000000e+01   2.0046054e+01
   9.0000000e+01   2.0048303e+01
   1.0000000e+02   2.0011221e+01
   1.1000000e+02   1.9774274e+01
   1.2000000e+02   1.9454550e+01
   1.3000000e+02   1.8402500e+01
   1.4000000e+02   1.6631854e+01
   1.5000000e+02   1.4826497e+01
   1.6000000e+02   1.3818093e+01
   1.7000000e+02   1.2184486e+01
   1.8000000e+02   9.5733195e+00
   1.9000000e+02   5.6799786e+00
   2.0000000e+02   1.8867523e+00
   2.1000000e+02  -2.3906616e+00
   2.2000000e+02  -5.1288007e+00
   2.3000000e+02  -7.3027697e+00
   2.4000000e+02  -1.0116576e+01
   2.5000000e+02  -1.2742780e+01
   2.6000000e+02  -1.4884805e+01
   2.7000000e+02  -1.6458037e+01
   2.8000000e+02  -1.7681126e+01
   2.9000000e+02  -1.8325958e+01
   3.0000000e+02  -1.8951865e+01
   3.1000000e+02  -1.9266048e+01
   3.2000000e+02  -1.9680132e+01
   3.3000000e+02  -1.9914890e+01
   3.4000000e+02  -2.0052471e+01
   3.5000000e+02  -2.0144424e+01
   3.6000000e+02  -1.9967711e+01
   3.7000000e+02  -1.9930358e+01
   3.8000000e+02  -1.9911147e+01
   3.9000000e+02  -1.9649529e+01
   4.0000000e+02  -1.9457862e+01
   4.1000000e+02  -1.9400410e+01
   4.2000000e+02  -1.9250301e+01
   4.3000000e+02  -1.9201682e+01
   4.4000000e+02  -1.9144167e+01
   4.5000000e+02  -1.8811861e+01
   4.6000000e+02  -1.8636495e+01
   4.7000000e+02  -1.8475374e+01
   4.8000000e+02  -1.8176182e+01
   4.9000000e+02  -1.7902922e+01
   5.0000000e+02  -1.7453533e+01
   5.1000000e+02  -1.7153145e+01
   5.2000000e+02  -1.7006355e+01
   5.3000000e+02  -1.6701523e+01
   5.4000000e+02  -1.6385045e+01
   5.5000000e+02  -1.6268318e+01
   5.6000000e+02  -1.6039208e+01
   5.7000000e+02  -1.5901111e+01
   5.8000000e+02  -1.5688781e+01
   5.9000000e+02  -1.5489868e+01
   6.0000000e+02  -1.5419259e+01
   6.1000000e+02  -1.5227539e+01
   6.2000000e+02  -1.5181382e+01
   6.3000000e+02  -1.4960223e+01
   6.4000000e+02  -1.4816275e+01
   6.5000000e+02  -1.4752562e+01
   6.6000000e+02  -1.4688641e+01
   6.7000000e+02  -1.4488233e+01
   6.8000000e+02  -1.4391272e+01
   6.9000000e+02  -1.4359054e+01
   7.0000000e+02  -1.4239069e+01
   7.1000000e+02  -1.4108284e+01
   7.2000000e+02  -1.4082270e+01
   7.3000000e+02  -1.3972887e+01
   7.4000000e+02  -1.3898561e+01
   7.5000000e+02  -1.3795353e+01
   7.6000000e+02  -1.3650346e+01
   7.7000000e+02  -1.3550837e+01
   7.8000000e+02  -1.3481778e+01
   7.9000000e+02  -1.3436733e+01
   8.0000000e+02  -1.3314870e+01
   8.1000000e+02  -1.3148961e+01
   8.2000000e+02  -1.3022242e+01
   8.3000000e+02  -1.2953563e+01
   8.4000000e+02  -1.2827193e+01
   8.5000000e+02  -1.2750709e+01
   8.6000000e+02  -1.2779459e+01
   8.7000000e+02  -1.2712759e+01
   8.8000000e+02  -1.2445010e+01
   8.9000000e+02  -1.2398391e+01
   9.0000000e+02  -1.2254093e+01
   9.1000000e+02  -1.2059219e+01
   9.2000000e+02  -1.1960014e+01
   9.3000000e+02  -1.1845451e+01
   9.4000000e+02  -1.1956172e+01
   9.5000000e+02  -1.2043307e+01
   9.6000000e+02  -1.2110090e+01
   9.7000000e+02  -1.2072896e+01
   9.8000000e+02  -1.2117889e+01
   9.9000000e+02  -1.2167785e+01
   1.0000000e+03  -1.2294524e+01
   1.0100000e+03  -1.2301044e+01
   1.0200000e+03  -1.2409531e+01
   1.0300000e+03  -1.2371765e+01
   1.0400000e+03  -1.2516380e+01
   1.0500000e+03  -1.2575146e+01
   1.0600000e+03  -1.2562907e+01
   1.0700000e+03  -1.2501655e+01
   1.0800000e+03  -1.2429260e+01
   1.0900000e+03  -1.2371096e+01
   1.1000000e+03  -1.2281704e+01
   1.1100000e+03  -1.2160502e+01
   1.1200000e+03  -1.2166512e+01
   1.1300000e+03  -1.2162878e+01
   1.1400000e+03  -1.2112031e+01
   1.1500000e+03  -1.2081987e+01
   1.1600000e+03  -1.1996200e+01
   1.1700000e+03  -1.1978083e+01
   1.1800000e+03  -1.2037256e+01
   1.1900000e+03  -1.1895415e+01
   1.2000000e+03  -1.2056821e+01
   1.2100000e+03  -1.1845641e+01
   1.2200000e+03  -1.1840791e+01
   1.2300000e+03  -1.1724323e+01
   1.2400000e+03  -1.1611796e+01
   1.2500000e+03  -1.1586911e+01
   1.2600000e+03  -1.1559889e+01
   1.2700000e+03  -1.1474254e+01
   1.2800000e+03  -1.1392137e+01
   1.2900000e+03  -1.1445486e+01
   1.3000000e+03  -1.1435870e+01
   1.3100000e+03  -1.1305599e+01
   1.3200000e+03  -1.1258733e+01
   1.3300000e+03  -1.1143570e+01
   1.3400000e+03  -1.1138483e+01
   1.3500000e+03  -1.1198329e+01
   1.3600000e+03  -1.1245144e+01
   1.3700000e+03  -1.1349555e+01
   1.3800000e+03  -1.1446146e+01
   1.3900000e+03  -1.1405171e+01
   1.4000000e+03  -1.1471934e+01
   1.4100000e+03  -1.1371586e+01
   1.4200000e+03  -1.1333387e+01
   1.4300000e+03  -1.1178927e+01
   1.4400000e+03  -1.1122711e+01
   1.4500000e+03  -1.1084399e+01
   1.4600000e+03  -1.1071028e+01
   1.4700000e+03  -1.1049867e+01
   1.4800000e+03  -1.1004008e+01
   1.4900000e+03  -1.1004987e+01
   1.5000000e+03  -1.1003930e+01
   1.5100000e+03  -1.0964323e+01
   1.5200000e+03  -1.0982803e+01
   1.5300000e+03  -1.0986171e+01
   1.5400000e+03  -1.1019934e+01
   1.5500000e+03  -1.1030103e+01
   1.5600000e+03  -1.1078954e+01
   1.5700000e+03  -1.1154096e+01
   1.5800000e+03  -1.1133073e+01
   1.5900000e+03  -1.1131083e+01
   1.6000000e+03  -1.1145680e+01
   1.6100000e+03  -1.1031059e+01
   1.6200000e+03  -1.1021308e+01
   1.6300000e+03  -1.0949553e+01
   1.6400000e+03  -1.1001735e+01
   1.6500000e+03  -1.1074590e+01
   1.6600000e+03  -1.1139903e+01
   1.6700000e+03  -1.1073083e+01
   1.6800000e+03  -1.1165926e+01
   1.6900000e+03  -1.1101407e+01
   1.7000000e+03  -1.1116468e+01
   1.7100000e+03  -1.1146022e+01
   1.7200000e+03  -1.1134245e+01
   1.7300000e+03  -1.1126625e+01
   1.7400000e+03  -1.1026750e+01
   1.7500000e+03  -1.1044764e+01
   1.7600000e+03  -1.0972227e+01
   1.7700000e+03  -1.1094152e+01
   1.7800000e+03  -1.1118544e+01
   1.7900000e+03  -1.1048884e+01
   1.8000000e+03  -1.0996337e+01
   1.8100000e+03  -1.0988394e+01
   1.8200000e+03  -1.0913206e+01
   1.8300000e+03  -1.0853165e+01
   1.8400000e+03  -1.0910864e+01
   1.8500000e+03  -1.0906131e+01
   1.8600000e+03  -1.0851419e+01
   1.8700000e+03  -1.0896538e+01
   1.8800000e+03  -1.0940062e+01
   1.8900000e+03  -1.0852089e+01
   1.9000000e+03  -1.0821888e+01
   1.9100000e+03  -1.0868616e+01
   1.9200000e+03  -1.0856914e+01
   1.9300000e+03  -1.0751754e+01
   1.9400000e+03  -1.0832495e+01
   1.9500000e+03  -1.0924101e+01
   1.9600000e+03  -1.0953689e+01
   1.9700000e+03  -1.1060045e+01
   1.9800000e+03  -1.1178749e+01
   1.9900000e+03  -1.1177775e+01
   2.0000000e+03  -1.1135964e+01
   2.0100000e+03  -1.1202455e+01
   2.0200000e+03  -1.1171276e+01
   2.0300000e+03  -1.1171815e+01
   2.0400000e+03  -1.1194557e+01
   2.0500000e+03  -1.1124761e+01
   2.0600000e+03  -1.1175994e+01
   2.0700000e+03  -1.1157769e+01
   2.0800000e+03  -1.1172731e+01
   2.0900000e+03  -1.1140748e+01
   2.1000000e+03  -1.1146335e+01
   2.1100000e+03  -1.1138376e+01
   2.1200000e+03  -1.1114623e+01
   2.1300000e+03  -1.1112574e+01
   2.1400000e+03  -1.1122190e+01
   2.1500000e+03  -1.0962715e+01
   2.1600000e+03  -1.0987243e+01
   2.1700000e+03  -1.1049591e+01
   2.1800000e+03  -1.1049027e+01
   2.1900000e+03  -1.0816739e+01
   2.2000000e+03  -1.0825178e+01
   2.2100000e+03  -1.0796193e+01
   2.2200000e+03  -1.0869617e+01
   2.2300000e+03  -1.0870070e+01
   2.2400000e+03  -1.0872276e+01
   2.2500000e+03  -1.0814810e+01
   2.2600000e+03  -1.0748587e+01
   2.2700000e+03  -1.0854174e+01
   2.2800000e+03  -1.1030660e+01
   2.2900000e+03  -1.1184271e+01
   2.3000000e+03  -1.1186846e+01
   2.3100000e+03  -1.1134258e+01
   2.3200000e+03  -1.1090723e+01
   2.3300000e+03  -1.1054034e+01
   2.3400000e+03  -1.1018365e+01
   2.3500000e+03  -1.1042980e+01
   2.3600000e+03  -1.0996807e+01
   2.3700000e+03  -1.1000880e+01
   2.3800000e+03  -1.1080052e+01
   2.3900000e+03  -1.1122768e+01
   2.4000000e+03  -1.1064812e+01
   2.4100000e+03  -1.1017988e+01
   2.4200000e+03  -1.0969824e+01
   2.4300000e+03  -1.1022597e+01
   2.4400000e+03  -1.1035081e+01
   2.4500000e+03  -1.0983240e+01
   2.4600000e+03  -1.1021962e+01
   2.4700000e+03  -1.1034418e+01
   2.4800000e+03  -1.1013607e+01
   2.4900000e+03  -1.0968779e+01
   2.5000000e+03  -1.0925057e+01
   2.5100000e+03  -1.0933016e+01
   2.5200000e+03  -1.0815150e+01
   2.5300000e+03  -1.0805327e+01
   2.5400000e+03  -1.0788170e+01
   2.5500000e+03  -1.0672860e+01
   2.5600000e+03  -1.0693348e+01
   2.5700000e+03  -1.0712467e+01
   2.5800000e+03  -1.0660114e+01
   2.5900000e+03  -1.0646013e+01
   2.6000000e+03  -1.0622403e+01
   2.6100000e+03  -1.0579735e+01
   2.6200000e+03  -1.0620015e+01
   2.6300000e+03  -1.0487980e+01
   2.6400000e+03  -1.0477230e+01
   2.6500000e+03  -1.0460082e+01
   2.6600000e+03  -1.0445984e+01
   2.6700000e+03  -1.0365985e+01
   2.6800000e+03  -1.0434952e+01
   2.6900000e+03  -1.0374331e+01
   2.7000000e+03  -1.0355546e+01
   2.7100000e+03  -1.0422860e+01
   2.7200000e+03  -1.0376292e+01
   2.7300000e+03  -1.0475403e+01
   2.7400000e+03  -1.0519702e+01
   2.7500000e+03  -1.0589349e+01
   2.7600000e+03  -1.0598065e+01
   2.7700000e+03  -1.0727380e+01
   2.7800000e+03  -1.0685905e+01
   2.7900000e+03  -1.0643034e+01
   2.8000000e+03  -1.0655537e+01
   2.8100000e+03  -1.0758365e+01
   2.8200000e+03  -1.0621765e+01
   2.8300000e+03  -1.0771857e+01
   2.8400000e+03  -1.0725193e+01
   2.8500000e+03  -1.0781166e+01
   2.8600000e+03  -1.0743700e+01
   2.8700000e+03  -1.0790136e+01
   2.8800000e+03  -1.0793625e+01
   2.8900000e+03  -1.0808829e+01
   2.9000000e+03  -1.0854309e+01
   2.9100000e+03  -1.0930677e+01
   2.9200000e+03  -1.1054542e+01
   2.9300000e+03  -1.1140860e+01
   2.9400000e+03  -1.1240285e+01
   2.9500000e+03  -1.1174242e+01
   2.9600000e+03  -1.1003767e+01
   2.9700000e+03  -1.1017394e+01
   2.9800000e+03  -1.0998322e+01
   2.9900000e+03  -1.1109969e+01
   3.0000000e+03  -1.1158651e+01
   3.0100000e+03  -1.1097269e+01
   3.0200000e+03  -1.1116765e+01
   3.0300000e+03  -1.1051569e+01
   3.0400000e+03  -1.1013353e+01
   3.0500000e+03  -1.0996203e+01
   3.0600000e+03  -1.1111569e+01
   3.0700000e+03  -1.1116416e+01
   3.0800000e+03  -1.1042327e+01
   3.0900000e+03  -1.1044982e+01
   3.1000000e+03  -1.1062143e+01
   3.1100000e+03  -1.1078005e+01
   3.1200000e+03  -1.1138688e+01
   3.1300000e+03  -1.1085054e+01
   3.1400000e+03  -1.1019592e+01
   3.1500000e+03  -1.1005028e+01
   3.1600000e+03  -1.0923545e+01
   3.1700000e+03  -1.0863328e+01
   3.1800000e+03  -1.0852104e+01
   3.1900000e+03  -1.0789873e+01
   3.2000000e+03  -1.0712882e+01
   3.2100000e+03  -1.0715664e+01
   3.2200000e+03  -1.0623647e+01
   3.2300000e+03  -1.0570396e+01
   3.2400000e+03  -1.0498558e+01
   3.2500000e+03  -1.0447689e+01
   3.2600000e+03  -1.0421923e+01
   3.2700000e+03  -1.0353519e+01
   3.2800000e+03  -1.0289047e+01
   3.2900000e+03  -1.0406941e+01
   3.3000000e+03  -1.0369920e+01
   3.3100000e+03  -1.0412952e+01
   3.3200000e+03  -1.0402186e+01
   3.3300000e+03  -1.0508249e+01
   3.3400000e+03  -1.0618428e+01
   3.3500000e+03  -1.0517157e+01
   3.3600000e+03  -1.0526888e+01
   3.3700000e+03  -1.0400039e+01
   3.3800000e+03  -1.0390235e+01
   3.3900000e+03  -1.0349754e+01
   3.4000000e+03  -1.0147163e+01
   3.4100000e+03  -1.0029733e+01
   3.4200000e+03  -9.9791554e+00
   3.4300000e+03  -1.0086278e+01
   3.4400000e+03  -1.0138030e+01
   3.4500000e+03  -1.0239079e+01
   3.4600000e+03  -1.0236323e+01
   3.4700000e+03  -1.0217428e+01
   3.4800000e+03  -1.0265068e+01
   3.4900000e+03  -1.0345405e+01
