   0.0000000e+00   1.6950885e+01
   1.0000000e+01   1.6947070e+01
   2.0000000e+01   1.6946053e+01
   3.0000000e+01   1.6945944e+01
   4.0000000e+01   1.6945645e+01
   5.0000000e+01   1.6934250e+01
   6.0000000e+01   1.6938071e+01
   7.0000000e+01   1.6934437e+01
   8.0000000e+01   1.6918449e+01
   9.0000000e+01   1.6880858e+01
   1.0000000e+02   1.6684968e+01
   1.1000000e+02   1.6775180e+01
   1.2000000e+02   1.6489330e+01
   1.3000000e+02   1.5873055e+01
   1.4000000e+02   1.4579614e+01
   1.5000000e+02   1.2277425e+01
   1.6000000e+02   9.3315124e+00
   1.7000000e+02   6.7651018e+00
   1.8000000e+02   3.5224818e+00
   1.9000000e+02  -1.0642526e-01
   2.0000000e+02  -3.3632687e+00
   2.1000000e+02  -5.3050026e+00
   2.2000000e+02  -6.6340706e+00
   2.3000000e+02  -7.8924061e+00
   2.4000000e+02  -8.8058940e+00
   2.5000000e+02  -9.1610825e+00
   2.6000000e+02  -9.7877726e+00
   2.7000000e+02  -1.0470327e+01
   2.8000000e+02  -1.1149615e+01
   2.9000000e+02  -1.0946561e+01
   3.0000000e+02  -1.1287497e+01
   3.1000000e+02  -1.1537396e+01
   3.2000000e+02  -1.1549485e+01
   3.3000000e+02  -1.1753666e+01
   3.4000000e+02  -1.2158261e+01
   3.5000000e+02  -1.2374076e+01
   3.6000000e+02  -1.2463779e+01
   3.7000000e+02  -1.2649868e+01
   3.8000000e+02  -1.2268556e+01
   3.9000000e+02  -1.2514907e+01
   4.0000000e+02  -1.2672932e+01
   4.1000000e+02  -1.2643729e+01
   4.2000000e+02  -1.2779105e+01
   4.3000000e+02  -1.2838249e+01
   4.4000000e+02  -1.2868613e+01
   4.5000000e+02  -1.3036955e+01
   4.6000000e+02  -1.2748413e+01
   4.7000000e+02  -1.2930094e+01
   4.8000000e+02  -1.2925213e+01
   4.9000000e+02  -1.2871773e+01
   5.0000000e+02  -1.3108296e+01
   5.1000000e+02  -1.2926337e+01
   5.2000000e+02  -1.3188424e+01
   5.3000000e+02  -1.3342443e+01
   5.4000000e+02  -1.3447220e+01
   5.5000000e+02  -1.2883112e+01
   5.6000000e+02  -1.3129874e+01
   5.7000000e+02  -1.3281587e+01
   5.8000000e+02  -1.3466100e+01
   5.9000000e+02  -1.3253124e+01
   6.0000000e+02  -1.3354486e+01
   6.1000000e+02  -1.3540964e+01
   6.2000000e+02  -1.3301822e+01
   6.3000000e+02  -1.3392694e+01
   6.4000000e+02  -1.3628990e+01
   6.5000000e+02  -1.3242936e+01
   6.6000000e+02  -1.3332645e+01
   6.7000000e+02  -1.3177756e+01
   6.8000000e+02  -1.3436209e+01
   6.9000000e+02  -1.3344201e+01
   7.0000000e+02  -1.3462789e+01
   7.1000000e+02  -1.3512639e+01
   7.2000000e+02  -1.3344415e+01
   7.3000000e+02  -1.3106615e+01
   7.4000000e+02  -1.3300090e+01
   7.5000000e+02  -1.3290110e+01
   7.6000000e+02  -1.3244807e+01
   7.7000000e+02  -1.3123941e+01
   7.8000000e+02  -1.3067498e+01
   7.9000000e+02  -1.3406351e+01
   8.0000000e+02  -1.3141860e+01
   8.1000000e+02  -1.3399463e+01
   8.2000000e+02  -1.3390674e+01
   8.3000000e+02  -1.3192076e+01
   8.4000000e+02  -1.3467753e+01
   8.5000000e+02  -1.3680930e+01
   8.6000000e+02  -1.3260827e+01
   8.7000000e+02  -1.3387690e+01
   8.8000000e+02  -1.3414000e+01
   8.9000000e+02  -1.3329862e+01
   9.0000000e+02  -1.3437326e+01
   9.1000000e+02  -1.3197724e+01
   9.2000000e+02  -1.3244175e+01
   9.3000000e+02  -1.3219734e+01
   9.4000000e+02  -1.3182552e+01
   9.5000000e+02  -1.3077691e+01
   9.6000000e+02  -1.3387219e+01
   9.7000000e+02  -1.3136458e+01
   9.8000000e+02  -1.3071685e+01
   9.9000000e+02  -1.3372897e+01
   1.0000000e+03  -1.3175624e+01
   1.0100000e+03  -1.3574195e+01
   1.0200000e+03  -1.3062168e+01
   1.0300000e+03  -1.3273791e+01
   1.0400000e+03  -1.2965194e+01
   1.0500000e+03  -1.3208300e+01
   1.0600000e+03  -1.2869954e+01
   1.0700000e+03  -1.3477415e+01
   1.0800000e+03  -1.3169954e+01
   1.0900000e+03  -1.3165761e+01
   1.1000000e+03  -1.3360007e+01
   1.1100000e+03  -1.2906153e+01
   1.1200000e+03  -1.3123624e+01
   1.1300000e+03  -1.3135456e+01
   1.1400000e+03  -1.3124438e+01
   1.1500000e+03  -1.3564920e+01
   1.1600000e+03  -1.3441242e+01
   1.1700000e+03  -1.3464863e+01
   1.1800000e+03  -1.3331380e+01
   1.1900000e+03  -1.3167620e+01
   1.2000000e+03  -1.3289063e+01
   1.2100000e+03  -1.3272513e+01
   1.2200000e+03  -1.3428620e+01
   1.2300000e+03  -1.3229180e+01
   1.2400000e+03  -1.3316414e+01
   1.2500000e+03  -1.3272112e+01
   1.2600000e+03  -1.3530230e+01
   1.2700000e+03  -1.3137997e+01
   1.2800000e+03  -1.3283179e+01
   1.2900000e+03  -1.3319748e+01
   1.3000000e+03  -1.3138586e+01
   1.3100000e+03  -1.2839285e+01
   1.3200000e+03  -1.3342062e+01
   1.3300000e+03  -1.3178845e+01
   1.3400000e+03  -1.2897577e+01
   1.3500000e+03  -1.3226438e+01
   1.3600000e+03  -1.3379930e+01
   1.3700000e+03  -1.3091795e+01
   1.3800000e+03  -1.3168346e+01
   1.3900000e+03  -1.3063772e+01
   1.4000000e+03  -1.2954789e+01
   1.4100000e+03  -1.3240406e+01
   1.4200000e+03  -1.3029070e+01
   1.4300000e+03  -1.3266237e+01
   1.4400000e+03  -1.2974011e+01
   1.4500000e+03  -1.3143096e+01
   1.4600000e+03  -1.3258444e+01
   1.4700000e+03  -1.3090698e+01
   1.4800000e+03  -1.3101168e+01
   1.4900000e+03  -1.3232578e+01
   1.5000000e+03  -1.3013909e+01
   1.5100000e+03  -1.2903824e+01
   1.5200000e+03  -1.2966232e+01
   1.5300000e+03  -1.3234617e+01
   1.5400000e+03  -1.3181513e+01
   1.5500000e+03  -1.3061292e+01
   1.5600000e+03  -1.2908580e+01
   1.5700000e+03  -1.3191184e+01
   1.5800000e+03  -1.3088315e+01
   1.5900000e+03  -1.3231351e+01
   1.6000000e+03  -1.3090725e+01
   1.6100000e+03  -1.3320777e+01
   1.6200000e+03  -1.3254946e+01
   1.6300000e+03  -1.3331046e+01
   1.6400000e+03  -1.2897998e+01
   1.6500000e+03  -1.3007840e+01
   1.6600000e+03  -1.2976102e+01
   1.6700000e+03  -1.2526561e+01
   1.6800000e+03  -1.2946861e+01
   1.6900000e+03  -1.2963879e+01
   1.7000000e+03  -1.3053725e+01
   1.7100000e+03  -1.2916826e+01
   1.7200000e+03  -1.2895232e+01
   1.7300000e+03  -1.2985471e+01
   1.7400000e+03  -1.2912371e+01
   1.7500000e+03  -1.2850211e+01
   1.7600000e+03  -1.3159350e+01
   1.7700000e+03  -1.2976459e+01
   1.7800000e+03  -1.3024413e+01
   1.7900000e+03  -1.2791227e+01
   1.8000000e+03  -1.3071728e+01
   1.8100000e+03  -1.2898082e+01
   1.8200000e+03  -1.3159528e+01
   1.8300000e+03  -1.2943743e+01
   1.8400000e+03  -1.3037560e+01
   1.8500000e+03  -1.2767116e+01
   1.8600000e+03  -1.2805618e+01
   1.8700000e+03  -1.2917157e+01
   1.8800000e+03  -1.3092309e+01
   1.8900000e+03  -1.2842875e+01
   1.9000000e+03  -1.3028341e+01
   1.9100000e+03  -1.3153556e+01
   1.9200000e+03  -1.3153163e+01
   1.9300000e+03  -1.2917595e+01
   1.9400000e+03  -1.2959614e+01
   1.9500000e+03  -1.2962940e+01
   1.9600000e+03  -1.2683577e+01
   1.9700000e+03  -1.3040399e+01
   1.9800000e+03  -1.3103844e+01
   1.9900000e+03  -1.2978466e+01
   2.0000000e+03  -1.2961110e+01
   2.0100000e+03  -1.2752054e+01
   2.0200000e+03  -1.3089746e+01
   2.0300000e+03  -1.2892886e+01
   2.0400000e+03  -1.2953102e+01
   2.0500000e+03  -1.2884736e+01
   2.0600000e+03  -1.2917194e+01
   2.0700000e+03  -1.2964640e+01
   2.0800000e+03  -1.2862742e+01
   2.0900000e+03  -1.2632992e+01
   2.1000000e+03  -1.3062325e+01
   2.1100000e+03  -1.2684323e+01
   2.1200000e+03  -1.2868874e+01
   2.1300000e+03  -1.2773987e+01
   2.1400000e+03  -1.3033490e+01
   2.1500000e+03  -1.2770823e+01
   2.1600000e+03  -1.2909766e+01
   2.1700000e+03  -1.2939905e+01
   2.1800000e+03  -1.2835131e+01
   2.1900000e+03  -1.3196519e+01
   2.2000000e+03  -1.2899168e+01
   2.2100000e+03  -1.3111971e+01
   2.2200000e+03  -1.2747972e+01
   2.2300000e+03  -1.3285362e+01
   2.2400000e+03  -1.2724636e+01
   2.2500000e+03  -1.3097399e+01
   2.2600000e+03  -1.3132122e+01
   2.2700000e+03  -1.2975165e+01
   2.2800000e+03  -1.2870290e+01
   2.2900000e+03  -1.3059308e+01
   2.3000000e+03  -1.2819850e+01
   2.3100000e+03  -1.2967201e+01
   2.3200000e+03  -1.3054519e+01
   2.3300000e+03  -1.3138155e+01
   2.3400000e+03  -1.3033518e+01
   2.3500000e+03  -1.2894698e+01
   2.3600000e+03  -1.2901882e+01
   2.3700000e+03  -1.2915152e+01
   2.3800000e+03  -1.2932648e+01
   2.3900000e+03  -1.3149427e+01
   2.4000000e+03  -1.2842576e+01
   2.4100000e+03  -1.3038598e+01
   2.4200000e+03  -1.3224373e+01
   2.4300000e+03  -1.2951981e+01
   2.4400000e+03  -1.2955631e+01
   2.4500000e+03  -1.2915742e+01
   2.4600000e+03  -1.2761296e+01
   2.4700000e+03  -1.2932485e+01
   2.4800000e+03  -1.3045919e+01
   2.4900000e+03  -1.2714973e+01
   2.5000000e+03  -1.2867765e+01
   2.5100000e+03  -1.3085276e+01
   2.5200000e+03  -1.3053364e+01
   2.5300000e+03  -1.2690139e+01
   2.5400000e+03  -1.2667577e+01
   2.5500000e+03  -1.3325165e+01
   2.5600000e+03  -1.2790658e+01
   2.5700000e+03  -1.3128496e+01
   2.5800000e+03  -1.2915246e+01
   2.5900000e+03  -1.2586431e+01
   2.6000000e+03  -1.2928205e+01
   2.6100000e+03  -1.2796945e+01
   2.6200000e+03  -1.2961807e+01
   2.6300000e+03  -1.2789401e+01
   2.6400000e+03  -1.2988510e+01
   2.6500000e+03  -1.2852504e+01
   2.6600000e+03  -1.2938856e+01
   2.6700000e+03  -1.2853042e+01
   2.6800000e+03  -1.2932356e+01
   2.6900000e+03  -1.2969630e+01
   2.7000000e+03  -1.2614602e+01
   2.7100000e+03  -1.3001581e+01
   2.7200000e+03  -1.2415830e+01
   2.7300000e+03  -1.2878568e+01
   2.7400000e+03  -1.3104533e+01
   2.7500000e+03  -1.3143306e+01
   2.7600000e+03  -1.3048223e+01
   2.7700000e+03  -1.2886554e+01
   2.7800000e+03  -1.3062901e+01
   2.7900000e+03  -1.3063770e+01
   2.8000000e+03  -1.2865808e+01
   2.8100000e+03  -1.2879003e+01
   2.8200000e+03  -1.2985798e+01
   2.8300000e+03  -1.3052394e+01
   2.8400000e+03  -1.3105228e+01
   2.8500000e+03  -1.2782185e+01
   2.8600000e+03  -1.2910489e+01
   2.8700000e+03  -1.3115372e+01
   2.8800000e+03  -1.2840320e+01
   2.8900000e+03  -1.2783016e+01
   2.9000000e+03  -1.2933137e+01
   2.9100000e+03  -1.2822793e+01
   2.9200000e+03  -1.2735986e+01
   2.9300000e+03  -1.2911161e+01
   2.9400000e+03  -1.2476433e+01
   2.9500000e+03  -1.2982854e+01
   2.9600000e+03  -1.3179811e+01
   2.9700000e+03  -1.3019677e+01
   2.9800000e+03  -1.2843129e+01
   2.9900000e+03  -1.2968030e+01
   3.0000000e+03  -1.3054043e+01
   3.0100000e+03  -1.2956067e+01
   3.0200000e+03  -1.2687244e+01
   3.0300000e+03  -1.3192009e+01
   3.0400000e+03  -1.3009424e+01
   3.0500000e+03  -1.2868334e+01
   3.0600000e+03  -1.3227834e+01
   3.0700000e+03  -1.2876702e+01
   3.0800000e+03  -1.2929750e+01
   3.0900000e+03  -1.2742080e+01
   3.1000000e+03  -1.2777121e+01
   3.1100000e+03  -1.3015792e+01
   3.1200000e+03  -1.2779402e+01
   3.1300000e+03  -1.2777175e+01
   3.1400000e+03  -1.2861961e+01
   3.1500000e+03  -1.2987997e+01
   3.1600000e+03  -1.3053301e+01
   3.1700000e+03  -1.2824722e+01
   3.1800000e+03  -1.2485042e+01
   3.1900000e+03  -1.2826268e+01
   3.2000000e+03  -1.3106478e+01
   3.2100000e+03  -1.3065730e+01
   3.2200000e+03  -1.3103918e+01
   3.2300000e+03  -1.2964350e+01
   3.2400000e+03  -1.2831046e+01
   3.2500000e+03  -1.2976012e+01
   3.2600000e+03  -1.2891437e+01
   3.2700000e+03  -1.2927606e+01
   3.2800000e+03  -1.2844451e+01
   3.2900000e+03  -1.2912707e+01
   3.3000000e+03  -1.2872607e+01
   3.3100000e+03  -1.2791115e+01
   3.3200000e+03  -1.3038186e+01
   3.3300000e+03  -1.2966122e+01
   3.3400000e+03  -1.2835054e+01
   3.3500000e+03  -1.3012986e+01
   3.3600000e+03  -1.3107729e+01
   3.3700000e+03  -1.3090194e+01
   3.3800000e+03  -1.2771356e+01
   3.3900000e+03  -1.2777803e+01
   3.4000000e+03  -1.2667740e+01
   3.4100000e+03  -1.2692634e+01
   3.4200000e+03  -1.3089000e+01
   3.4300000e+03  -1.3218617e+01
   3.4400000e+03  -1.2758007e+01
   3.4500000e+03  -1.2981642e+01
   3.4600000e+03  -1.2941961e+01
   3.4700000e+03  -1.3210664e+01
   3.4800000e+03  -1.2869209e+01
   3.4900000e+03  -1.3417665e+01
