   0.0000000e+00   1.9497705e+01
   1.0000000e+01   1.9496213e+01
   2.0000000e+01   1.9505157e+01
   3.0000000e+01   1.9496668e+01
   4.0000000e+01   1.9504981e+01
   5.0000000e+01   1.9492027e+01
   6.0000000e+01   1.9497083e+01
   7.0000000e+01   1.9498458e+01
   8.0000000e+01   1.9496643e+01
   9.0000000e+01   1.9488000e+01
   1.0000000e+02   1.9490998e+01
   1.1000000e+02   1.9490614e+01
   1.2000000e+02   1.9505309e+01
   1.3000000e+02   1.9512029e+01
   1.4000000e+02   1.9488291e+01
   1.5000000e+02   1.9526175e+01
   1.6000000e+02   1.9571174e+01
   1.7000000e+02   1.9540617e+01
   1.8000000e+02   1.9596904e+01
   1.9000000e+02   1.9631154e+01
   2.0000000e+02   1.9609773e+01
   2.1000000e+02   1.9596503e+01
   2.2000000e+02   1.9604827e+01
   2.3000000e+02   1.9604824e+01
   2.4000000e+02   1.9687743e+01
   2.5000000e+02   1.9883199e+01
   2.6000000e+02   2.0426979e+01
   2.7000000e+02   2.1241477e+01
   2.8000000e+02   2.2435879e+01
   2.9000000e+02   2.3752158e+01
   3.0000000e+02   2.5178603e+01
   3.1000000e+02   2.6668172e+01
   3.2000000e+02   2.8305455e+01
   3.3000000e+02   2.9976985e+01
   3.4000000e+02   3.1609695e+01
   3.5000000e+02   3.3215479e+01
   3.6000000e+02   3.4739454e+01
   3.7000000e+02   3.6260146e+01
   3.8000000e+02   3.7510550e+01
   3.9000000e+02   3.8523914e+01
   4.0000000e+02   3.9516578e+01
   4.1000000e+02   4.0650415e+01
   4.2000000e+02   4.1733807e+01
   4.3000000e+02   4.2771957e+01
   4.4000000e+02   4.3802545e+01
   4.5000000e+02   4.4790322e+01
   4.6000000e+02   4.5746780e+01
   4.7000000e+02   4.6606290e+01
   4.8000000e+02   4.7456533e+01
   4.9000000e+02   4.8267555e+01
   5.0000000e+02   4.9019437e+01
   5.1000000e+02   4.9774057e+01
   5.2000000e+02   5.0342615e+01
   5.3000000e+02   5.1046758e+01
   5.4000000e+02   5.1611627e+01
   5.5000000e+02   5.2156421e+01
   5.6000000e+02   5.2554393e+01
   5.7000000e+02   5.2931397e+01
   5.8000000e+02   5.3184853e+01
   5.9000000e+02   5.3487774e+01
   6.0000000e+02   5.3740616e+01
   6.1000000e+02   5.3941588e+01
   6.2000000e+02   5.4225876e+01
   6.3000000e+02   5.4438283e+01
   6.4000000e+02   5.4672678e+01
   6.5000000e+02   5.4861615e+01
   6.6000000e+02   5.5060632e+01
   6.7000000e+02   5.5231043e+01
   6.8000000e+02   5.5385453e+01
   6.9000000e+02   5.5540076e+01
   7.0000000e+02   5.5683533e+01
   7.1000000e+02   5.5833011e+01
   7.2000000e+02   5.5961366e+01
   7.3000000e+02   5.6084842e+01
   7.4000000e+02   5.6221088e+01
   7.5000000e+02   5.6319486e+01
   7.6000000e+02   5.6424241e+01
   7.7000000e+02   5.6552714e+01
   7.8000000e+02   5.6709014e+01
   7.9000000e+02   5.6837984e+01
   8.0000000e+02   5.6956725e+01
   8.1000000e+02   5.7102828e+01
   8.2000000e+02   5.7207699e+01
   8.3000000e+02   5.7333757e+01
   8.4000000e+02   5.7365742e+01
   8.5000000e+02   5.7404482e+01
   8.6000000e+02   5.7425310e+01
   8.7000000e+02   5.7491558e+01
   8.8000000e+02   5.7596819e+01
   8.9000000e+02   5.7711539e+01
   9.0000000e+02   5.7864142e+01
   9.1000000e+02   5.8001960e+01
   9.2000000e+02   5.8077029e+01
   9.3000000e+02   5.8085574e+01
   9.4000000e+02   5.7904711e+01
   9.5000000e+02   5.7674639e+01
   9.6000000e+02   5.7406247e+01
   9.7000000e+02   5.7170170e+01
   9.8000000e+02   5.6972182e+01
   9.9000000e+02   5.6809388e+01
   1.0000000e+03   5.6579111e+01
   1.0100000e+03   5.6348650e+01
   1.0200000e+03   5.6246462e+01
   1.0300000e+03   5.6193129e+01
   1.0400000e+03   5.6126475e+01
   1.0500000e+03   5.6042384e+01
   1.0600000e+03   5.6045714e+01
   1.0700000e+03   5.6070063e+01
   1.0800000e+03   5.6131804e+01
   1.0900000e+03   5.6298758e+01
   1.1000000e+03   5.6437080e+01
   1.1100000e+03   5.6578128e+01
   1.1200000e+03   5.6654570e+01
   1.1300000e+03   5.6739115e+01
   1.1400000e+03   5.6837394e+01
   1.1500000e+03   5.6932880e+01
   1.1600000e+03   5.7004893e+01
   1.1700000e+03   5.7088789e+01
   1.1800000e+03   5.7158721e+01
   1.1900000e+03   5.7212060e+01
   1.2000000e+03   5.7284961e+01
   1.2100000e+03   5.7422592e+01
   1.2200000e+03   5.7545767e+01
   1.2300000e+03   5.7680145e+01
   1.2400000e+03   5.7805459e+01
   1.2500000e+03   5.7943730e+01
   1.2600000e+03   5.8036814e+01
   1.2700000e+03   5.8092760e+01
   1.2800000e+03   5.8086349e+01
   1.2900000e+03   5.8114241e+01
   1.3000000e+03   5.8128389e+01
   1.3100000e+03   5.8167869e+01
   1.3200000e+03   5.8177736e+01
   1.3300000e+03   5.8164716e+01
   1.3400000e+03   5.7910449e+01
   1.3500000e+03   5.7968197e+01
   1.3600000e+03   5.7941524e+01
   1.3700000e+03   5.7868227e+01
   1.3800000e+03   5.7804045e+01
   1.3900000e+03   5.7734033e+01
   1.4000000e+03   5.7722886e+01
   1.4100000e+03   5.7802708e+01
   1.4200000e+03   5.7902879e+01
   1.4300000e+03   5.8009917e+01
   1.4400000e+03   5.8093904e+01
   1.4500000e+03   5.8172840e+01
   1.4600000e+03   5.8291810e+01
   1.4700000e+03   5.8421872e+01
   1.4800000e+03   5.8496398e+01
   1.4900000e+03   5.8585322e+01
   1.5000000e+03   5.8664466e+01
   1.5100000e+03   5.8671610e+01
   1.5200000e+03   5.8658607e+01
   1.5300000e+03   5.8607622e+01
   1.5400000e+03   5.8576295e+01
   1.5500000e+03   5.8511316e+01
   1.5600000e+03   5.8495763e+01
   1.5700000e+03   5.8485969e+01
   1.5800000e+03   5.8485173e+01
   1.5900000e+03   5.8464123e+01
   1.6000000e+03   5.8453404e+01
   1.6100000e+03   5.8444839e+01
   1.6200000e+03   5.8362311e+01
   1.6300000e+03   5.8128378e+01
   1.6400000e+03   5.8060730e+01
   1.6500000e+03   5.8044976e+01
   1.6600000e+03   5.8055822e+01
   1.6700000e+03   5.8005948e+01
   1.6800000e+03   5.7970397e+01
   1.6900000e+03   5.7958581e+01
   1.7000000e+03   5.7966297e+01
   1.7100000e+03   5.7955749e+01
   1.7200000e+03   5.7922049e+01
   1.7300000e+03   5.7928721e+01
   1.7400000e+03   5.7979836e+01
   1.7500000e+03   5.7995349e+01
   1.7600000e+03   5.8025861e+01
   1.7700000e+03   5.8029837e+01
   1.7800000e+03   5.8055340e+01
   1.7900000e+03   5.8097307e+01
   1.8000000e+03   5.8089813e+01
   1.8100000e+03   5.8129361e+01
   1.8200000e+03   5.8139217e+01
   1.8300000e+03   5.8174457e+01
   1.8400000e+03   5.8189704e+01
   1.8500000e+03   5.8166274e+01
   1.8600000e+03   5.8183952e+01
   1.8700000e+03   5.8196357e+01
   1.8800000e+03   5.8188691e+01
   1.8900000e+03   5.8201295e+01
   1.9000000e+03   5.8219198e+01
   1.9100000e+03   5.8202468e+01
   1.9200000e+03   5.8119734e+01
   1.9300000e+03   5.8097427e+01
   1.9400000e+03   5.8029793e+01
   1.9500000e+03   5.7977171e+01
   1.9600000e+03   5.7908622e+01
   1.9700000e+03   5.7852334e+01
   1.9800000e+03   5.7825412e+01
   1.9900000e+03   5.7798238e+01
   2.0000000e+03   5.7773508e+01
   2.0100000e+03   5.7780564e+01
   2.0200000e+03   5.7802065e+01
   2.0300000e+03   5.7846046e+01
   2.0400000e+03   5.7883206e+01
   2.0500000e+03   5.7923723e+01
   2.0600000e+03   5.7928413e+01
   2.0700000e+03   5.7974201e+01
   2.0800000e+03   5.8043564e+01
   2.0900000e+03   5.8096367e+01
   2.1000000e+03   5.8143262e+01
   2.1100000e+03   5.8210228e+01
   2.1200000e+03   5.8255562e+01
   2.1300000e+03   5.8297685e+01
   2.1400000e+03   5.8370684e+01
   2.1500000e+03   5.8440881e+01
   2.1600000e+03   5.8493199e+01
   2.1700000e+03   5.8527244e+01
   2.1800000e+03   5.8582123e+01
   2.1900000e+03   5.8645152e+01
   2.2000000e+03   5.8683528e+01
   2.2100000e+03   5.8691308e+01
   2.2200000e+03   5.8680395e+01
   2.2300000e+03   5.8655941e+01
   2.2400000e+03   5.8567861e+01
   2.2500000e+03   5.8535558e+01
   2.2600000e+03   5.8466749e+01
   2.2700000e+03   5.8283807e+01
   2.2800000e+03   5.8184427e+01
   2.2900000e+03   5.8094783e+01
   2.3000000e+03   5.8084739e+01
   2.3100000e+03   5.8137251e+01
   2.3200000e+03   5.8195458e+01
   2.3300000e+03   5.8232217e+01
   2.3400000e+03   5.8297675e+01
   2.3500000e+03   5.8326783e+01
   2.3600000e+03   5.8360501e+01
   2.3700000e+03   5.8399147e+01
   2.3800000e+03   5.8390070e+01
   2.3900000e+03   5.8408553e+01
   2.4000000e+03   5.8454624e+01
   2.4100000e+03   5.8450990e+01
   2.4200000e+03   5.8437831e+01
   2.4300000e+03   5.8441292e+01
   2.4400000e+03   5.8419069e+01
   2.4500000e+03   5.8412489e+01
   2.4600000e+03   5.8394044e+01
   2.4700000e+03   5.8440128e+01
   2.4800000e+03   5.8493042e+01
   2.4900000e+03   5.8573791e+01
   2.5000000e+03   5.8632845e+01
   2.5100000e+03   5.8690537e+01
   2.5200000e+03   5.8755110e+01
   2.5300000e+03   5.8800447e+01
   2.5400000e+03   5.8830857e+01
   2.5500000e+03   5.8842310e+01
   2.5600000e+03   5.8805639e+01
   2.5700000e+03   5.8809998e+01
   2.5800000e+03   5.8791571e+01
   2.5900000e+03   5.8782746e+01
   2.6000000e+03   5.8805719e+01
   2.6100000e+03   5.8820237e+01
   2.6200000e+03   5.8859378e+01
   2.6300000e+03   5.8853486e+01
   2.6400000e+03   5.8861518e+01
   2.6500000e+03   5.8854650e+01
   2.6600000e+03   5.8874346e+01
   2.6700000e+03   5.8876631e+01
   2.6800000e+03   5.8858838e+01
   2.6900000e+03   5.8772935e+01
   2.7000000e+03   5.8635994e+01
   2.7100000e+03   5.8522720e+01
   2.7200000e+03   5.8390190e+01
   2.7300000e+03   5.8250530e+01
   2.7400000e+03   5.8143276e+01
   2.7500000e+03   5.8018599e+01
   2.7600000e+03   5.7913843e+01
   2.7700000e+03   5.7799633e+01
   2.7800000e+03   5.7717547e+01
   2.7900000e+03   5.7636766e+01
   2.8000000e+03   5.7539460e+01
   2.8100000e+03   5.7463722e+01
   2.8200000e+03   5.7393758e+01
   2.8300000e+03   5.7191768e+01
   2.8400000e+03   5.7117656e+01
   2.8500000e+03   5.6981231e+01
   2.8600000e+03   5.6957619e+01
   2.8700000e+03   5.6905633e+01
   2.8800000e+03   5.6897874e+01
   2.8900000e+03   5.6853079e+01
   2.9000000e+03   5.6845822e+01
   2.9100000e+03   5.6832376e+01
   2.9200000e+03   5.6835433e+01
   2.9300000e+03   5.6881263e+01
   2.9400000e+03   5.6950811e+01
   2.9500000e+03   5.6994351e+01
   2.9600000e+03   5.7074869e+01
   2.9700000e+03   5.7113369e+01
   2.9800000e+03   5.7090750e+01
   2.9900000e+03   5.7186374e+01
   3.0000000e+03   5.7272331e+01
   3.0100000e+03   5.7337808e+01
   3.0200000e+03   5.7353739e+01
   3.0300000e+03   5.7381434e+01
   3.0400000e+03   5.7411773e+01
   3.0500000e+03   5.7413876e+01
   3.0600000e+03   5.7435675e+01
   3.0700000e+03   5.7487771e+01
   3.0800000e+03   5.7450075e+01
   3.0900000e+03   5.7398604e+01
   3.1000000e+03   5.7397166e+01
   3.1100000e+03   5.7382112e+01
   3.1200000e+03   5.7470771e+01
   3.1300000e+03   5.7573490e+01
   3.1400000e+03   5.7644126e+01
   3.1500000e+03   5.7749188e+01
   3.1600000e+03   5.7842444e+01
   3.1700000e+03   5.7925031e+01
   3.1800000e+03   5.8010560e+01
   3.1900000e+03   5.8054819e+01
   3.2000000e+03   5.8133327e+01
   3.2100000e+03   5.8166892e+01
   3.2200000e+03   5.8195886e+01
   3.2300000e+03   5.8238052e+01
   3.2400000e+03   5.8251784e+01
   3.2500000e+03   5.8298244e+01
   3.2600000e+03   5.8302805e+01
   3.2700000e+03   5.8300984e+01
   3.2800000e+03   5.8300882e+01
   3.2900000e+03   5.8331420e+01
   3.3000000e+03   5.8353700e+01
   3.3100000e+03   5.8332086e+01
   3.3200000e+03   5.8298806e+01
   3.3300000e+03   5.8278883e+01
   3.3400000e+03   5.8272424e+01
   3.3500000e+03   5.8317048e+01
   3.3600000e+03   5.8341415e+01
   3.3700000e+03   5.8398972e+01
   3.3800000e+03   5.8491024e+01
   3.3900000e+03   5.8673753e+01
   3.4000000e+03   5.8881247e+01
   3.4100000e+03   5.9071513e+01
   3.4200000e+03   5.9235823e+01
   3.4300000e+03   5.9252573e+01
   3.4400000e+03   5.9234916e+01
   3.4500000e+03   5.9188891e+01
   3.4600000e+03   5.9113555e+01
   3.4700000e+03   5.9013569e+01
   3.4800000e+03   5.8924542e+01
   3.4900000e+03   5.8847824e+01
