   0.0000000e+00  -8.6997198e-03
   1.0000000e+01  -5.3231206e-03
   2.0000000e+01   6.6352923e-03
   3.0000000e+01  -1.4372610e-02
   4.0000000e+01   1.0168550e-02
   5.0000000e+01  -2.3238873e-03
   6.0000000e+01  -7.2356309e-03
   7.0000000e+01   8.0492806e-03
   8.0000000e+01  -1.1841763e-03
   9.0000000e+01  -8.6701050e-03
   1.0000000e+02   1.1019318e-02
   1.1000000e+02   6.3720012e-02
   1.2000000e+02   1.6116753e-01
   1.3000000e+02   5.2061287e-01
   1.4000000e+02   1.2122210e+00
   1.5000000e+02   1.8869615e+00
   1.6000000e+02   2.2276390e+00
   1.7000000e+02   3.0011469e+00
   1.8000000e+02   3.3548308e+00
   1.9000000e+02   4.4545147e+00
   2.0000000e+02   5.8444170e+00
   2.1000000e+02   6.4228501e+00
   2.2000000e+02   6.7583944e+00
   2.3000000e+02   6.9726733e+00
   2.4000000e+02   7.1442522e+00
   2.5000000e+02   6.5293875e+00
   2.6000000e+02   6.1671132e+00
   2.7000000e+02   5.8482382e+00
   2.8000000e+02   5.4966166e+00
   2.9000000e+02   4.9429884e+00
   3.0000000e+02   4.4554665e+00
   3.1000000e+02   4.4809985e+00
   3.2000000e+02   4.5998964e+00
   3.3000000e+02   4.5401182e+00
   3.4000000e+02   4.1762169e+00
   3.5000000e+02   4.2669033e+00
   3.6000000e+02   3.9310957e+00
   3.7000000e+02   3.8664822e+00
   3.8000000e+02   4.0214699e+00
   3.9000000e+02   3.8140502e+00
   4.0000000e+02   4.2918336e+00
   4.1000000e+02   4.3029276e+00
   4.2000000e+02   4.3190484e+00
   4.3000000e+02   4.3266253e+00
   4.4000000e+02   4.4179356e+00
   4.5000000e+02   4.1669354e+00
   4.6000000e+02   4.2667775e+00
   4.7000000e+02   4.5140758e+00
   4.8000000e+02   4.4647360e+00
   4.9000000e+02   4.3414423e+00
   5.0000000e+02   3.5809837e+00
   5.1000000e+02   4.2937579e+00
   5.2000000e+02   3.6670624e+00
   5.3000000e+02   4.4985176e+00
   5.4000000e+02   4.2969196e+00
   5.5000000e+02   4.1830210e+00
   5.6000000e+02   4.2276075e+00
   5.7000000e+02   4.3397116e+00
   5.8000000e+02   4.9792967e+00
   5.9000000e+02   4.7069148e+00
   6.0000000e+02   4.6761769e+00
   6.1000000e+02   4.8610067e+00
   6.2000000e+02   4.7991088e+00
   6.3000000e+02   4.6238063e+00
   6.4000000e+02   4.7335887e+00
   6.5000000e+02   4.7960627e+00
   6.6000000e+02   5.1479390e+00
   6.7000000e+02   5.0111835e+00
   6.8000000e+02   4.6202199e+00
   6.9000000e+02   4.7835349e+00
   7.0000000e+02   5.0918660e+00
   7.1000000e+02   4.8099506e+00
   7.2000000e+02   4.8823757e+00
   7.3000000e+02   4.7942144e+00
   7.4000000e+02   5.1037223e+00
   7.5000000e+02   5.1724075e+00
   7.6000000e+02   4.9487494e+00
   7.7000000e+02   4.8830679e+00
   7.8000000e+02   4.8561233e+00
   7.9000000e+02   4.3661169e+00
   8.0000000e+02   4.7111500e+00
   8.1000000e+02   4.4788812e+00
   8.2000000e+02   4.3557091e+00
   8.3000000e+02   4.5697542e+00
   8.4000000e+02   5.1060758e+00
   8.5000000e+02   4.9344485e+00
   8.6000000e+02   4.9073702e+00
   8.7000000e+02   5.0608156e+00
   8.8000000e+02   5.0828447e+00
   8.9000000e+02   4.7378904e+00
   9.0000000e+02   5.1988759e+00
   9.1000000e+02   4.3475864e+00
   9.2000000e+02   4.8331918e+00
   9.3000000e+02   4.5799377e+00
   9.4000000e+02   4.5529049e+00
   9.5000000e+02   4.5771452e+00
   9.6000000e+02   5.1089018e+00
   9.7000000e+02   5.0044690e+00
   9.8000000e+02   4.8743084e+00
   9.9000000e+02   4.8975633e+00
   1.0000000e+03   4.8148363e+00
   1.0100000e+03   4.8464443e+00
   1.0200000e+03   4.7239793e+00
   1.0300000e+03   5.2679508e+00
   1.0400000e+03   5.3843753e+00
   1.0500000e+03   4.8884416e+00
   1.0600000e+03   4.9991904e+00
   1.0700000e+03   4.8773819e+00
   1.0800000e+03   4.3965826e+00
   1.0900000e+03   4.8623952e+00
   1.1000000e+03   5.2224901e+00
   1.1100000e+03   5.1434264e+00
   1.1200000e+03   5.2488944e+00
   1.1300000e+03   5.0416793e+00
   1.1400000e+03   4.6989383e+00
   1.1500000e+03   4.8332517e+00
   1.1600000e+03   5.1218580e+00
   1.1700000e+03   5.3245287e+00
   1.1800000e+03   5.0012517e+00
   1.1900000e+03   5.0770306e+00
   1.2000000e+03   5.0840437e+00
   1.2100000e+03   5.1612277e+00
   1.2200000e+03   5.2581845e+00
   1.2300000e+03   4.8270632e+00
   1.2400000e+03   5.0236653e+00
   1.2500000e+03   4.9598352e+00
   1.2600000e+03   4.9850725e+00
   1.2700000e+03   5.0388602e+00
   1.2800000e+03   5.3355027e+00
   1.2900000e+03   4.9584514e+00
   1.3000000e+03   4.5599863e+00
   1.3100000e+03   4.3123756e+00
   1.3200000e+03   4.5594487e+00
   1.3300000e+03   3.9617275e+00
   1.3400000e+03   4.8967889e+00
   1.3500000e+03   5.1112186e+00
   1.3600000e+03   5.2322057e+00
   1.3700000e+03   5.1825327e+00
   1.3800000e+03   5.3605177e+00
   1.3900000e+03   4.9906822e+00
   1.4000000e+03   5.5270411e+00
   1.4100000e+03   5.1816976e+00
   1.4200000e+03   4.9614896e+00
   1.4300000e+03   4.9179678e+00
   1.4400000e+03   5.2387352e+00
   1.4500000e+03   5.0398943e+00
   1.4600000e+03   5.1185079e+00
   1.4700000e+03   5.0218159e+00
   1.4800000e+03   4.8604282e+00
   1.4900000e+03   5.0420648e+00
   1.5000000e+03   4.9212118e+00
   1.5100000e+03   4.6159754e+00
   1.5200000e+03   4.9941290e+00
   1.5300000e+03   5.1939879e+00
   1.5400000e+03   5.1161046e+00
   1.5500000e+03   4.7541051e+00
   1.5600000e+03   4.9948069e+00
   1.5700000e+03   4.9775872e+00
   1.5800000e+03   4.7646322e+00
   1.5900000e+03   5.0640776e+00
   1.6000000e+03   4.6514039e+00
   1.6100000e+03   4.6980097e+00
   1.6200000e+03   4.9236800e+00
   1.6300000e+03   4.7038158e+00
   1.6400000e+03   5.2611936e+00
   1.6500000e+03   5.3137740e+00
   1.6600000e+03   5.2868419e+00
   1.6700000e+03   5.0706085e+00
   1.6800000e+03   5.0405482e+00
   1.6900000e+03   5.1200334e+00
   1.7000000e+03   4.9098504e+00
   1.7100000e+03   5.1205866e+00
   1.7200000e+03   5.0317304e+00
   1.7300000e+03   4.8123785e+00
   1.7400000e+03   4.6732899e+00
   1.7500000e+03   4.7993531e+00
   1.7600000e+03   4.7766874e+00
   1.7700000e+03   4.8324835e+00
   1.7800000e+03   5.0045683e+00
   1.7900000e+03   4.7097462e+00
   1.8000000e+03   4.9324285e+00
   1.8100000e+03   4.6988237e+00
   1.8200000e+03   4.7031818e+00
   1.8300000e+03   4.9222264e+00
   1.8400000e+03   5.3198342e+00
   1.8500000e+03   4.8835787e+00
   1.8600000e+03   5.0787756e+00
   1.8700000e+03   5.0497475e+00
   1.8800000e+03   4.5192186e+00
   1.8900000e+03   4.8974070e+00
   1.9000000e+03   4.8984912e+00
   1.9100000e+03   4.6499812e+00
   1.9200000e+03   4.6690747e+00
   1.9300000e+03   4.2949210e+00
   1.9400000e+03   5.0062492e+00
   1.9500000e+03   4.7852900e+00
   1.9600000e+03   5.2173323e+00
   1.9700000e+03   5.4068779e+00
   1.9800000e+03   5.1918634e+00
   1.9900000e+03   5.2574109e+00
   2.0000000e+03   5.0130002e+00
   2.0100000e+03   5.3571692e+00
   2.0200000e+03   5.1136498e+00
   2.0300000e+03   5.3934984e+00
   2.0400000e+03   4.8814935e+00
   2.0500000e+03   4.8651839e+00
   2.0600000e+03   4.9927996e+00
   2.0700000e+03   5.2969206e+00
   2.0800000e+03   5.1060219e+00
   2.0900000e+03   4.7484888e+00
   2.1000000e+03   4.7971432e+00
   2.1100000e+03   5.0000671e+00
   2.1200000e+03   5.3212618e+00
   2.1300000e+03   4.7376865e+00
   2.1400000e+03   4.9957592e+00
   2.1500000e+03   5.0385789e+00
   2.1600000e+03   4.8979982e+00
   2.1700000e+03   5.1443991e+00
   2.1800000e+03   5.0791674e+00
   2.1900000e+03   4.8815096e+00
   2.2000000e+03   5.1409060e+00
   2.2100000e+03   5.2365916e+00
   2.2200000e+03   5.2094558e+00
   2.2300000e+03   4.9874651e+00
   2.2400000e+03   4.7431989e+00
   2.2500000e+03   5.0855528e+00
   2.2600000e+03   5.3153124e+00
   2.2700000e+03   5.2697457e+00
   2.2800000e+03   5.4505432e+00
   2.2900000e+03   5.3990787e+00
   2.3000000e+03   5.1827060e+00
   2.3100000e+03   5.1009557e+00
   2.3200000e+03   5.1076749e+00
   2.3300000e+03   4.9358755e+00
   2.3400000e+03   4.8840339e+00
   2.3500000e+03   5.1371315e+00
   2.3600000e+03   5.2922302e+00
   2.3700000e+03   5.1533253e+00
   2.3800000e+03   4.9593614e+00
   2.3900000e+03   5.3487461e+00
   2.4000000e+03   5.0868584e+00
   2.4100000e+03   5.4237176e+00
   2.4200000e+03   5.2179923e+00
   2.4300000e+03   5.0046119e+00
   2.4400000e+03   5.0630176e+00
   2.4500000e+03   5.2662602e+00
   2.4600000e+03   5.6589006e+00
   2.4700000e+03   5.3523401e+00
   2.4800000e+03   5.1641812e+00
   2.4900000e+03   5.2877597e+00
   2.5000000e+03   4.8086109e+00
   2.5100000e+03   5.1130296e+00
   2.5200000e+03   5.1819230e+00
   2.5300000e+03   4.9884943e+00
   2.5400000e+03   5.2634494e+00
   2.5500000e+03   4.8773334e+00
   2.5600000e+03   5.4186666e+00
   2.5700000e+03   4.9634582e+00
   2.5800000e+03   4.6217852e+00
   2.5900000e+03   4.7009088e+00
   2.6000000e+03   5.1850052e+00
   2.6100000e+03   5.1420002e+00
   2.6200000e+03   5.4561113e+00
   2.6300000e+03   4.8551203e+00
   2.6400000e+03   4.7382560e+00
   2.6500000e+03   5.0151208e+00
   2.6600000e+03   5.3838163e+00
   2.6700000e+03   5.1051044e+00
   2.6800000e+03   4.7147232e+00
   2.6900000e+03   4.3998842e+00
   2.7000000e+03   4.6453940e+00
   2.7100000e+03   4.6764816e+00
   2.7200000e+03   5.1468920e+00
   2.7300000e+03   4.8792136e+00
   2.7400000e+03   5.0099800e+00
   2.7500000e+03   5.1489168e+00
   2.7600000e+03   4.9794470e+00
   2.7700000e+03   4.6861963e+00
   2.7800000e+03   4.9490495e+00
   2.7900000e+03   4.9016096e+00
   2.8000000e+03   4.6887531e+00
   2.8100000e+03   4.3546173e+00
   2.8200000e+03   4.5385835e+00
   2.8300000e+03   4.6827010e+00
   2.8400000e+03   5.2487146e+00
   2.8500000e+03   5.2265638e+00
   2.8600000e+03   5.8600341e+00
   2.8700000e+03   5.6936746e+00
   2.8800000e+03   5.6956304e+00
   2.8900000e+03   5.8886102e+00
   2.9000000e+03   5.7610040e+00
   2.9100000e+03   5.5015383e+00
   2.9200000e+03   5.4451527e+00
   2.9300000e+03   5.7207950e+00
   2.9400000e+03   5.5262011e+00
   2.9500000e+03   5.3572524e+00
   2.9600000e+03   5.3448484e+00
   2.9700000e+03   5.1550063e+00
   2.9800000e+03   5.0900088e+00
   2.9900000e+03   5.3167297e+00
   3.0000000e+03   5.1929254e+00
   3.0100000e+03   5.4477452e+00
   3.0200000e+03   5.5021667e+00
   3.0300000e+03   5.6646245e+00
   3.0400000e+03   5.3695630e+00
   3.0500000e+03   5.6570970e+00
   3.0600000e+03   5.5609059e+00
   3.0700000e+03   5.7110356e+00
   3.0800000e+03   5.7680627e+00
   3.0900000e+03   5.7521373e+00
   3.1000000e+03   5.6768507e+00
   3.1100000e+03   5.8597542e+00
   3.1200000e+03   5.6082376e+00
   3.1300000e+03   5.5023807e+00
   3.1400000e+03   5.0079592e+00
   3.1500000e+03   5.2418787e+00
   3.1600000e+03   5.3676496e+00
   3.1700000e+03   5.2787221e+00
   3.1800000e+03   5.3434944e+00
   3.1900000e+03   5.4422469e+00
   3.2000000e+03   5.1786196e+00
   3.2100000e+03   4.8334303e+00
   3.2200000e+03   5.0961142e+00
   3.2300000e+03   4.7710516e+00
   3.2400000e+03   5.0903082e+00
   3.2500000e+03   5.1551196e+00
   3.2600000e+03   4.9714781e+00
   3.2700000e+03   5.5499502e+00
   3.2800000e+03   5.4051916e+00
   3.2900000e+03   5.2189728e+00
   3.3000000e+03   5.4266823e+00
   3.3100000e+03   5.6284896e+00
   3.3200000e+03   5.0331492e+00
   3.3300000e+03   5.4610398e+00
   3.3400000e+03   5.3895741e+00
   3.3500000e+03   5.7973416e+00
   3.3600000e+03   5.8281273e+00
   3.3700000e+03   6.3442163e+00
   3.3800000e+03   6.4449113e+00
   3.3900000e+03   6.5476182e+00
   3.4000000e+03   6.5063505e+00
   3.4100000e+03   6.5322359e+00
   3.4200000e+03   6.2592595e+00
   3.4300000e+03   5.9997785e+00
   3.4400000e+03   5.8529627e+00
   3.4500000e+03   5.7671693e+00
   3.4600000e+03   6.0816038e+00
   3.4700000e+03   5.8841454e+00
   3.4800000e+03   6.0922693e+00
   3.4900000e+03   5.7683453e+00
