   0.0000000e+00  -4.8128171e-03
   1.0000000e+01  -9.3249134e-03
   2.0000000e+01   5.6847373e-03
   3.0000000e+01  -1.3919252e-03
   4.0000000e+01  -9.5887816e-03
   5.0000000e+01  -1.7501174e-02
   6.0000000e+01  -1.2982173e-02
   7.0000000e+01  -1.0346098e-02
   8.0000000e+01  -2.6335849e-02
   9.0000000e+01  -1.8171901e-02
   1.0000000e+02   2.8430379e-02
   1.1000000e+02   1.5742321e-02
   1.2000000e+02   1.5125857e-01
   1.3000000e+02   4.1574765e-01
   1.4000000e+02   9.3360321e-01
   1.5000000e+02   1.5059619e+00
   1.6000000e+02   1.5759302e+00
   1.7000000e+02   1.6626087e+00
   1.8000000e+02   1.5695636e+00
   1.9000000e+02   1.6944581e+00
   2.0000000e+02   1.8003182e+00
   2.1000000e+02   1.7204213e+00
   2.2000000e+02   1.5009254e+00
   2.3000000e+02   1.1920305e+00
   2.4000000e+02   9.8381508e-01
   2.5000000e+02   6.5265622e-01
   2.6000000e+02   4.0031032e-01
   2.7000000e+02   5.5237307e-02
   2.8000000e+02  -2.8978693e-01
   2.9000000e+02  -6.2045816e-01
   3.0000000e+02  -8.2621287e-01
   3.1000000e+02  -1.1188897e+00
   3.2000000e+02  -1.3709613e+00
   3.3000000e+02  -1.5950547e+00
   3.4000000e+02  -1.7532073e+00
   3.5000000e+02  -1.9756236e+00
   3.6000000e+02  -2.0510945e+00
   3.7000000e+02  -2.2729080e+00
   3.8000000e+02  -2.3724520e+00
   3.9000000e+02  -2.5262305e+00
   4.0000000e+02  -2.5827665e+00
   4.1000000e+02  -2.6851084e+00
   4.2000000e+02  -2.8770730e+00
   4.3000000e+02  -2.9311705e+00
   4.4000000e+02  -3.0405656e+00
   4.5000000e+02  -3.0297228e+00
   4.6000000e+02  -3.1986715e+00
   4.7000000e+02  -3.2230881e+00
   4.8000000e+02  -3.2819281e+00
   4.9000000e+02  -3.3807029e+00
   5.0000000e+02  -3.4361680e+00
   5.1000000e+02  -3.4224694e+00
   5.2000000e+02  -3.5121503e+00
   5.3000000e+02  -3.4820438e+00
   5.4000000e+02  -3.5734143e+00
   5.5000000e+02  -3.5797859e+00
   5.6000000e+02  -3.5871633e+00
   5.7000000e+02  -3.6170127e+00
   5.8000000e+02  -3.6878089e+00
   5.9000000e+02  -3.7008346e+00
   6.0000000e+02  -3.6811134e+00
   6.1000000e+02  -3.6853274e+00
   6.2000000e+02  -3.7779014e+00
   6.3000000e+02  -3.6949505e+00
   6.4000000e+02  -3.8017306e+00
   6.5000000e+02  -3.7983497e+00
   6.6000000e+02  -3.7988160e+00
   6.7000000e+02  -3.7656735e+00
   6.8000000e+02  -3.7595513e+00
   6.9000000e+02  -3.7731796e+00
   7.0000000e+02  -3.8080343e+00
   7.1000000e+02  -3.6826694e+00
   7.2000000e+02  -3.7319351e+00
   7.3000000e+02  -3.7565765e+00
   7.4000000e+02  -3.7189421e+00
   7.5000000e+02  -3.7179210e+00
   7.6000000e+02  -3.6872143e+00
   7.7000000e+02  -3.7267367e+00
   7.8000000e+02  -3.7621055e+00
   7.9000000e+02  -3.7484222e+00
   8.0000000e+02  -3.7473046e+00
   8.1000000e+02  -3.8137306e+00
   8.2000000e+02  -3.7952308e+00
   8.3000000e+02  -3.7478330e+00
   8.4000000e+02  -3.7962930e+00
   8.5000000e+02  -3.8239159e+00
   8.6000000e+02  -3.7609021e+00
   8.7000000e+02  -3.7814045e+00
   8.8000000e+02  -3.7562726e+00
   8.9000000e+02  -3.8180194e+00
   9.0000000e+02  -3.7974233e+00
   9.1000000e+02  -3.8338645e+00
   9.2000000e+02  -3.8633571e+00
   9.3000000e+02  -3.8108739e+00
   9.4000000e+02  -3.7838130e+00
   9.5000000e+02  -3.7882528e+00
   9.6000000e+02  -3.7788535e+00
   9.7000000e+02  -3.7842371e+00
   9.8000000e+02  -3.8457950e+00
   9.9000000e+02  -3.7796965e+00
   1.0000000e+03  -3.7817792e+00
   1.0100000e+03  -3.7071573e+00
   1.0200000e+03  -3.7497374e+00
   1.0300000e+03  -3.8074217e+00
   1.0400000e+03  -3.7089185e+00
   1.0500000e+03  -3.7779408e+00
   1.0600000e+03  -3.8178680e+00
   1.0700000e+03  -3.7106085e+00
   1.0800000e+03  -3.7378784e+00
   1.0900000e+03  -3.7333630e+00
   1.1000000e+03  -3.6605967e+00
   1.1100000e+03  -3.6947240e+00
   1.1200000e+03  -3.7921009e+00
   1.1300000e+03  -3.8051597e+00
   1.1400000e+03  -3.8417929e+00
   1.1500000e+03  -3.7708598e+00
   1.1600000e+03  -3.7101509e+00
   1.1700000e+03  -3.6707804e+00
   1.1800000e+03  -3.6879120e+00
   1.1900000e+03  -3.7409800e+00
   1.2000000e+03  -3.7287862e+00
   1.2100000e+03  -3.7137359e+00
   1.2200000e+03  -3.6406819e+00
   1.2300000e+03  -3.5894601e+00
   1.2400000e+03  -3.6583252e+00
   1.2500000e+03  -3.7005411e+00
   1.2600000e+03  -3.6237371e+00
   1.2700000e+03  -3.6723164e+00
   1.2800000e+03  -3.6686145e+00
   1.2900000e+03  -3.6010017e+00
   1.3000000e+03  -3.5499394e+00
   1.3100000e+03  -3.6473478e+00
   1.3200000e+03  -3.6150952e+00
   1.3300000e+03  -3.6202542e+00
   1.3400000e+03  -3.5879399e+00
   1.3500000e+03  -3.5833192e+00
   1.3600000e+03  -3.5899498e+00
   1.3700000e+03  -3.4777408e+00
   1.3800000e+03  -3.4736696e+00
   1.3900000e+03  -3.5410172e+00
   1.4000000e+03  -3.4343531e+00
   1.4100000e+03  -3.3767793e+00
   1.4200000e+03  -3.4630281e+00
   1.4300000e+03  -3.4156884e+00
   1.4400000e+03  -3.4342938e+00
   1.4500000e+03  -3.3480090e+00
   1.4600000e+03  -3.4107249e+00
   1.4700000e+03  -3.3304694e+00
   1.4800000e+03  -3.4562926e+00
   1.4900000e+03  -3.3634005e+00
   1.5000000e+03  -3.4325524e+00
   1.5100000e+03  -3.4149239e+00
   1.5200000e+03  -3.4493648e+00
   1.5300000e+03  -3.3886514e+00
   1.5400000e+03  -3.3951156e+00
   1.5500000e+03  -3.3854192e+00
   1.5600000e+03  -3.4644537e+00
   1.5700000e+03  -3.3367043e+00
   1.5800000e+03  -3.4338683e+00
   1.5900000e+03  -3.3556976e+00
   1.6000000e+03  -3.3898633e+00
   1.6100000e+03  -3.3763794e+00
   1.6200000e+03  -3.3412280e+00
   1.6300000e+03  -3.2454437e+00
   1.6400000e+03  -3.2609950e+00
   1.6500000e+03  -3.1822428e+00
   1.6600000e+03  -3.1855800e+00
   1.6700000e+03  -3.2035954e+00
   1.6800000e+03  -3.1934218e+00
   1.6900000e+03  -3.1807586e+00
   1.7000000e+03  -3.1010828e+00
   1.7100000e+03  -3.2100402e+00
   1.7200000e+03  -3.1756812e+00
   1.7300000e+03  -3.1632011e+00
   1.7400000e+03  -3.1414879e+00
   1.7500000e+03  -3.1314975e+00
   1.7600000e+03  -3.0436150e+00
   1.7700000e+03  -3.1102695e+00
   1.7800000e+03  -3.1079272e+00
   1.7900000e+03  -3.0479867e+00
   1.8000000e+03  -3.0339688e+00
   1.8100000e+03  -3.1062717e+00
   1.8200000e+03  -3.0288897e+00
   1.8300000e+03  -3.0910124e+00
   1.8400000e+03  -3.1110788e+00
   1.8500000e+03  -3.0384302e+00
   1.8600000e+03  -3.0099808e+00
   1.8700000e+03  -2.9536099e+00
   1.8800000e+03  -2.8138742e+00
   1.8900000e+03  -2.8541777e+00
   1.9000000e+03  -2.7276837e+00
   1.9100000e+03  -2.6940294e+00
   1.9200000e+03  -2.8614467e+00
   1.9300000e+03  -2.8453405e+00
   1.9400000e+03  -2.8074819e+00
   1.9500000e+03  -2.8833073e+00
   1.9600000e+03  -2.8327466e+00
   1.9700000e+03  -2.8533632e+00
   1.9800000e+03  -2.8913399e+00
   1.9900000e+03  -2.8436053e+00
   2.0000000e+03  -2.8033407e+00
   2.0100000e+03  -2.8611860e+00
   2.0200000e+03  -2.8749373e+00
   2.0300000e+03  -2.9534467e+00
   2.0400000e+03  -2.9271066e+00
   2.0500000e+03  -2.9504634e+00
   2.0600000e+03  -3.0132318e+00
   2.0700000e+03  -3.1386611e+00
   2.0800000e+03  -3.1403423e+00
   2.0900000e+03  -3.1381370e+00
   2.1000000e+03  -3.2658209e+00
   2.1100000e+03  -3.2813170e+00
   2.1200000e+03  -3.3024705e+00
   2.1300000e+03  -3.3558443e+00
   2.1400000e+03  -3.3222501e+00
   2.1500000e+03  -3.4319464e+00
   2.1600000e+03  -3.5128652e+00
   2.1700000e+03  -3.4632816e+00
   2.1800000e+03  -3.5457696e+00
   2.1900000e+03  -3.5257880e+00
   2.2000000e+03  -3.5706160e+00
   2.2100000e+03  -3.5836109e+00
   2.2200000e+03  -3.5600449e+00
   2.2300000e+03  -3.5522004e+00
   2.2400000e+03  -3.5840641e+00
   2.2500000e+03  -3.5523065e+00
   2.2600000e+03  -3.5164541e+00
   2.2700000e+03  -3.5327331e+00
   2.2800000e+03  -3.4509797e+00
   2.2900000e+03  -3.5134215e+00
   2.3000000e+03  -3.5158711e+00
   2.3100000e+03  -3.4970996e+00
   2.3200000e+03  -3.4936619e+00
   2.3300000e+03  -3.5052837e+00
   2.3400000e+03  -3.5052762e+00
   2.3500000e+03  -3.5274132e+00
   2.3600000e+03  -3.5851135e+00
   2.3700000e+03  -3.5699917e+00
   2.3800000e+03  -3.5242596e+00
   2.3900000e+03  -3.5280441e+00
   2.4000000e+03  -3.5005739e+00
   2.4100000e+03  -3.4808460e+00
   2.4200000e+03  -3.5266072e+00
   2.4300000e+03  -3.5529479e+00
   2.4400000e+03  -3.5296973e+00
   2.4500000e+03  -3.5323754e+00
   2.4600000e+03  -3.5603460e+00
   2.4700000e+03  -3.5518101e+00
   2.4800000e+03  -3.5749994e+00
   2.4900000e+03  -3.7053577e+00
   2.5000000e+03  -3.6732353e+00
   2.5100000e+03  -3.7282791e+00
   2.5200000e+03  -3.6562371e+00
   2.5300000e+03  -3.7223415e+00
   2.5400000e+03  -3.6835364e+00
   2.5500000e+03  -3.5775916e+00
   2.5600000e+03  -3.7710496e+00
   2.5700000e+03  -3.6331018e+00
   2.5800000e+03  -3.6844140e+00
   2.5900000e+03  -3.8058357e+00
   2.6000000e+03  -3.7383848e+00
   2.6100000e+03  -3.8008783e+00
   2.6200000e+03  -3.7699179e+00
   2.6300000e+03  -3.7176713e+00
   2.6400000e+03  -3.6939521e+00
   2.6500000e+03  -3.6223976e+00
   2.6600000e+03  -3.6674053e+00
   2.6700000e+03  -3.6925418e+00
   2.6800000e+03  -3.7680120e+00
   2.6900000e+03  -3.7963394e+00
   2.7000000e+03  -3.7564508e+00
   2.7100000e+03  -3.8004265e+00
   2.7200000e+03  -3.7575684e+00
   2.7300000e+03  -3.7730956e+00
   2.7400000e+03  -4.2180478e+00
   2.7500000e+03  -3.7135377e+00
   2.7600000e+03  -3.6803790e+00
   2.7700000e+03  -3.7340041e+00
   2.7800000e+03  -3.7238987e+00
   2.7900000e+03  -3.6937669e+00
   2.8000000e+03  -3.7703140e+00
   2.8100000e+03  -3.8743536e+00
   2.8200000e+03  -3.7819186e+00
   2.8300000e+03  -3.8644206e+00
   2.8400000e+03  -3.8125238e+00
   2.8500000e+03  -3.8557812e+00
   2.8600000e+03  -3.9366858e+00
   2.8700000e+03  -3.7899525e+00
   2.8800000e+03  -3.8518775e+00
   2.8900000e+03  -3.8714889e+00
   2.9000000e+03  -3.7738892e+00
   2.9100000e+03  -3.8505434e+00
   2.9200000e+03  -3.8411730e+00
   2.9300000e+03  -3.8739883e+00
   2.9400000e+03  -4.1305858e+00
   2.9500000e+03  -3.8216911e+00
   2.9600000e+03  -3.8445087e+00
   2.9700000e+03  -3.7804157e+00
   2.9800000e+03  -3.6811002e+00
   2.9900000e+03  -3.8059721e+00
   3.0000000e+03  -3.7798471e+00
   3.0100000e+03  -3.7143051e+00
   3.0200000e+03  -3.9955154e+00
   3.0300000e+03  -3.7936455e+00
   3.0400000e+03  -3.8317578e+00
   3.0500000e+03  -3.8479752e+00
   3.0600000e+03  -3.8175325e+00
   3.0700000e+03  -3.8618834e+00
   3.0800000e+03  -3.9781221e+00
   3.0900000e+03  -3.7937324e+00
   3.1000000e+03  -3.8310915e+00
   3.1100000e+03  -3.7831832e+00
   3.1200000e+03  -3.9464818e+00
   3.1300000e+03  -3.8854066e+00
   3.1400000e+03  -3.8963131e+00
   3.1500000e+03  -3.7912625e+00
   3.1600000e+03  -4.0062008e+00
   3.1700000e+03  -3.8340096e+00
   3.1800000e+03  -3.9101919e+00
   3.1900000e+03  -3.8655460e+00
   3.2000000e+03  -3.8481987e+00
   3.2100000e+03  -3.7224392e+00
   3.2200000e+03  -3.9202508e+00
   3.2300000e+03  -3.6950621e+00
   3.2400000e+03  -3.7036565e+00
   3.2500000e+03  -3.7468485e+00
   3.2600000e+03  -3.9874468e+00
   3.2700000e+03  -3.6544407e+00
   3.2800000e+03  -3.7701698e+00
   3.2900000e+03  -3.9805185e+00
   3.3000000e+03  -3.7843353e+00
   3.3100000e+03  -3.6033645e+00
   3.3200000e+03  -3.7892141e+00
   3.3300000e+03  -3.7778131e+00
   3.3400000e+03  -3.7252267e+00
   3.3500000e+03  -3.6829005e+00
   3.3600000e+03  -3.6470406e+00
   3.3700000e+03  -3.6783069e+00
   3.3800000e+03  -3.7654375e+00
   3.3900000e+03  -3.7129841e+00
   3.4000000e+03  -3.7200205e+00
   3.4100000e+03  -3.7345336e+00
   3.4200000e+03  -3.5313886e+00
   3.4300000e+03  -3.4144117e+00
   3.4400000e+03  -3.3636867e+00
   3.4500000e+03  -3.2130448e+00
   3.4600000e+03  -3.1146636e+00
   3.4700000e+03  -3.0698753e+00
   3.4800000e+03  -2.9049781e+00
   3.4900000e+03  -2.8274267e+00
