   0.0000000e+00   1.6666123e+01
   1.0000000e+01   1.6676013e+01
   2.0000000e+01   1.6681732e+01
   3.0000000e+01   1.6678139e+01
   4.0000000e+01   1.6669709e+01
   5.0000000e+01   1.6672946e+01
   6.0000000e+01   1.6672355e+01
   7.0000000e+01   1.6672901e+01
   8.0000000e+01   1.6678281e+01
   9.0000000e+01   1.6663448e+01
   1.0000000e+02   1.6772538e+01
   1.1000000e+02   1.6731047e+01
   1.2000000e+02   1.6865643e+01
   1.3000000e+02   1.7054214e+01
   1.4000000e+02   1.7328140e+01
   1.5000000e+02   1.7554846e+01
   1.6000000e+02   1.8672924e+01
   1.7000000e+02   1.9257401e+01
   1.8000000e+02   2.0117356e+01
   1.9000000e+02   2.0777940e+01
   2.0000000e+02   2.1123180e+01
   2.1000000e+02   2.0522061e+01
   2.2000000e+02   1.9656075e+01
   2.3000000e+02   2.0859771e+01
   2.4000000e+02   1.9765575e+01
   2.5000000e+02   1.9663464e+01
   2.6000000e+02   1.9745296e+01
   2.7000000e+02   1.9658648e+01
   2.8000000e+02   1.9911844e+01
   2.9000000e+02   1.8933892e+01
   3.0000000e+02   1.9349036e+01
   3.1000000e+02   1.9454463e+01
   3.2000000e+02   2.0041596e+01
   3.3000000e+02   1.9285480e+01
   3.4000000e+02   1.9274800e+01
   3.5000000e+02   1.9253639e+01
   3.6000000e+02   1.9431790e+01
   3.7000000e+02   1.9115014e+01
   3.8000000e+02   1.9035289e+01
   3.9000000e+02   1.9361496e+01
   4.0000000e+02   1.8768880e+01
   4.1000000e+02   1.9051597e+01
   4.2000000e+02   1.9744925e+01
   4.3000000e+02   1.9473675e+01
   4.4000000e+02   1.8977106e+01
   4.5000000e+02   1.8866400e+01
   4.6000000e+02   1.9486608e+01
   4.7000000e+02   1.8979635e+01
   4.8000000e+02   1.8999170e+01
   4.9000000e+02   1.8900327e+01
   5.0000000e+02   1.9110578e+01
   5.1000000e+02   1.9159227e+01
   5.2000000e+02   1.8759663e+01
   5.3000000e+02   1.8597847e+01
   5.4000000e+02   1.8272290e+01
   5.5000000e+02   1.8599521e+01
   5.6000000e+02   1.8637865e+01
   5.7000000e+02   1.9066829e+01
   5.8000000e+02   1.8992626e+01
   5.9000000e+02   1.9057794e+01
   6.0000000e+02   1.9080908e+01
   6.1000000e+02   1.8764133e+01
   6.2000000e+02   1.9165153e+01
   6.3000000e+02   1.8338655e+01
   6.4000000e+02   1.8713607e+01
   6.5000000e+02   1.9261870e+01
   6.6000000e+02   1.8682649e+01
   6.7000000e+02   1.9159707e+01
   6.8000000e+02   1.8496305e+01
   6.9000000e+02   1.8723487e+01
   7.0000000e+02   1.8358467e+01
   7.1000000e+02   1.8781159e+01
   7.2000000e+02   1.8366071e+01
   7.3000000e+02   1.8221346e+01
   7.4000000e+02   1.8504049e+01
   7.5000000e+02   1.8842988e+01
   7.6000000e+02   1.8293004e+01
   7.7000000e+02   1.8682305e+01
   7.8000000e+02   1.8790175e+01
   7.9000000e+02   1.9174331e+01
   8.0000000e+02   1.8935471e+01
   8.1000000e+02   1.8634860e+01
   8.2000000e+02   1.8995108e+01
   8.3000000e+02   1.8804620e+01
   8.4000000e+02   1.8784423e+01
   8.5000000e+02   1.8978605e+01
   8.6000000e+02   1.8894336e+01
   8.7000000e+02   1.8404481e+01
   8.8000000e+02   1.8565446e+01
   8.9000000e+02   1.8659349e+01
   9.0000000e+02   1.8759178e+01
   9.1000000e+02   1.8785969e+01
   9.2000000e+02   1.9260215e+01
   9.3000000e+02   1.8699631e+01
   9.4000000e+02   1.8683907e+01
   9.5000000e+02   1.8612224e+01
   9.6000000e+02   1.8771641e+01
   9.7000000e+02   1.8820546e+01
   9.8000000e+02   1.8501098e+01
   9.9000000e+02   1.8820662e+01
   1.0000000e+03   1.8564164e+01
   1.0100000e+03   1.8676526e+01
   1.0200000e+03   1.8540178e+01
   1.0300000e+03   1.8651581e+01
   1.0400000e+03   1.8905520e+01
   1.0500000e+03   1.9056377e+01
   1.0600000e+03   1.8375117e+01
   1.0700000e+03   1.8930040e+01
   1.0800000e+03   1.9269676e+01
   1.0900000e+03   1.8886976e+01
   1.1000000e+03   1.8537580e+01
   1.1100000e+03   1.8303154e+01
   1.1200000e+03   1.8639007e+01
   1.1300000e+03   1.9140567e+01
   1.1400000e+03   1.8519930e+01
   1.1500000e+03   1.8673846e+01
   1.1600000e+03   1.8083142e+01
   1.1700000e+03   1.8692115e+01
   1.1800000e+03   1.8517793e+01
   1.1900000e+03   1.9000896e+01
   1.2000000e+03   1.8913331e+01
   1.2100000e+03   1.8277252e+01
   1.2200000e+03   1.9060651e+01
   1.2300000e+03   1.8877232e+01
   1.2400000e+03   1.8417596e+01
   1.2500000e+03   1.9439433e+01
   1.2600000e+03   1.8399163e+01
   1.2700000e+03   1.8917621e+01
   1.2800000e+03   1.8550005e+01
   1.2900000e+03   1.9018083e+01
   1.3000000e+03   1.8442063e+01
   1.3100000e+03   1.8618274e+01
   1.3200000e+03   1.8751751e+01
   1.3300000e+03   1.9076122e+01
   1.3400000e+03   1.8643354e+01
   1.3500000e+03   1.8758121e+01
   1.3600000e+03   1.8373204e+01
   1.3700000e+03   1.8709983e+01
   1.3800000e+03   1.8653737e+01
   1.3900000e+03   1.8469742e+01
   1.4000000e+03   1.8678058e+01
   1.4100000e+03   1.8816347e+01
   1.4200000e+03   1.8929871e+01
   1.4300000e+03   1.8668355e+01
   1.4400000e+03   1.8556348e+01
   1.4500000e+03   1.8821582e+01
   1.4600000e+03   1.8891295e+01
   1.4700000e+03   1.8695267e+01
   1.4800000e+03   1.9243782e+01
   1.4900000e+03   1.8893908e+01
   1.5000000e+03   1.8954657e+01
   1.5100000e+03   1.8930476e+01
   1.5200000e+03   1.9096509e+01
   1.5300000e+03   1.9031072e+01
   1.5400000e+03   1.8706476e+01
   1.5500000e+03   1.8777129e+01
   1.5600000e+03   1.8697242e+01
   1.5700000e+03   1.9119901e+01
   1.5800000e+03   1.9095016e+01
   1.5900000e+03   1.8485272e+01
   1.6000000e+03   1.9583428e+01
   1.6100000e+03   1.8827876e+01
   1.6200000e+03   1.8259816e+01
   1.6300000e+03   1.8832380e+01
   1.6400000e+03   1.8237690e+01
   1.6500000e+03   1.8497815e+01
   1.6600000e+03   1.8940940e+01
   1.6700000e+03   1.8980037e+01
   1.6800000e+03   1.8450953e+01
   1.6900000e+03   1.8598570e+01
   1.7000000e+03   1.8837050e+01
   1.7100000e+03   1.9201296e+01
   1.7200000e+03   1.8945467e+01
   1.7300000e+03   1.9154050e+01
   1.7400000e+03   1.8844569e+01
   1.7500000e+03   1.9591265e+01
   1.7600000e+03   1.9013486e+01
   1.7700000e+03   1.8863842e+01
   1.7800000e+03   1.9149517e+01
   1.7900000e+03   1.9122509e+01
   1.8000000e+03   1.8662493e+01
   1.8100000e+03   1.9331524e+01
   1.8200000e+03   1.8924507e+01
   1.8300000e+03   1.8623281e+01
   1.8400000e+03   1.9000542e+01
   1.8500000e+03   1.8686807e+01
   1.8600000e+03   1.8449574e+01
   1.8700000e+03   1.8777814e+01
   1.8800000e+03   1.8871128e+01
   1.8900000e+03   1.9441412e+01
   1.9000000e+03   1.8576901e+01
   1.9100000e+03   1.8382656e+01
   1.9200000e+03   1.9098036e+01
   1.9300000e+03   1.8857399e+01
   1.9400000e+03   1.8853148e+01
   1.9500000e+03   1.8743735e+01
   1.9600000e+03   1.8829597e+01
   1.9700000e+03   1.8794444e+01
   1.9800000e+03   1.8545079e+01
   1.9900000e+03   1.9108390e+01
   2.0000000e+03   1.8443735e+01
   2.0100000e+03   1.9144665e+01
   2.0200000e+03   1.8678092e+01
   2.0300000e+03   1.9473743e+01
   2.0400000e+03   1.8263995e+01
   2.0500000e+03   1.8963449e+01
   2.0600000e+03   1.9033318e+01
   2.0700000e+03   1.9210947e+01
   2.0800000e+03   1.8331254e+01
   2.0900000e+03   1.9302806e+01
   2.1000000e+03   1.9064830e+01
   2.1100000e+03   1.9152802e+01
   2.1200000e+03   1.9023692e+01
   2.1300000e+03   1.9065367e+01
   2.1400000e+03   1.8825209e+01
   2.1500000e+03   1.8218135e+01
   2.1600000e+03   1.9330718e+01
   2.1700000e+03   1.8863298e+01
   2.1800000e+03   1.8844451e+01
   2.1900000e+03   1.8626173e+01
   2.2000000e+03   1.8554612e+01
   2.2100000e+03   1.8626327e+01
   2.2200000e+03   1.9024087e+01
   2.2300000e+03   1.8227769e+01
   2.2400000e+03   1.9445508e+01
   2.2500000e+03   1.9040604e+01
   2.2600000e+03   1.8512074e+01
   2.2700000e+03   1.8931639e+01
   2.2800000e+03   1.9144980e+01
   2.2900000e+03   1.9456956e+01
   2.3000000e+03   1.8841067e+01
   2.3100000e+03   1.9302371e+01
   2.3200000e+03   1.9251085e+01
   2.3300000e+03   1.8935555e+01
   2.3400000e+03   1.9182491e+01
   2.3500000e+03   1.9232317e+01
   2.3600000e+03   1.8648952e+01
   2.3700000e+03   1.9403192e+01
   2.3800000e+03   1.8735542e+01
   2.3900000e+03   1.8996828e+01
   2.4000000e+03   1.8906855e+01
   2.4100000e+03   1.8720573e+01
   2.4200000e+03   1.8543711e+01
   2.4300000e+03   1.8816431e+01
   2.4400000e+03   1.8638514e+01
   2.4500000e+03   1.7768564e+01
   2.4600000e+03   1.8879791e+01
   2.4700000e+03   1.8353206e+01
   2.4800000e+03   1.8238925e+01
   2.4900000e+03   1.9186139e+01
   2.5000000e+03   1.9312469e+01
   2.5100000e+03   1.8881140e+01
   2.5200000e+03   1.9278855e+01
   2.5300000e+03   1.9140250e+01
   2.5400000e+03   1.8925231e+01
   2.5500000e+03   1.8829919e+01
   2.5600000e+03   1.8990665e+01
   2.5700000e+03   1.9070285e+01
   2.5800000e+03   1.9189602e+01
   2.5900000e+03   1.9101871e+01
   2.6000000e+03   1.8245734e+01
   2.6100000e+03   1.9318466e+01
   2.6200000e+03   1.8711197e+01
   2.6300000e+03   1.8898196e+01
   2.6400000e+03   1.8642828e+01
   2.6500000e+03   1.9143542e+01
   2.6600000e+03   1.8861061e+01
   2.6700000e+03   1.8691314e+01
   2.6800000e+03   1.9103359e+01
   2.6900000e+03   1.8964789e+01
   2.7000000e+03   1.9203200e+01
   2.7100000e+03   1.8712587e+01
   2.7200000e+03   1.8822986e+01
   2.7300000e+03   1.9042885e+01
   2.7400000e+03   1.8683813e+01
   2.7500000e+03   1.9078302e+01
   2.7600000e+03   1.8855098e+01
   2.7700000e+03   1.9298569e+01
   2.7800000e+03   1.9492904e+01
   2.7900000e+03   1.9335610e+01
   2.8000000e+03   1.9023163e+01
   2.8100000e+03   1.8938821e+01
   2.8200000e+03   1.9057750e+01
   2.8300000e+03   1.8416434e+01
   2.8400000e+03   1.8766636e+01
   2.8500000e+03   1.8945255e+01
   2.8600000e+03   1.9245875e+01
   2.8700000e+03   1.9141100e+01
   2.8800000e+03   1.9452214e+01
   2.8900000e+03   1.9094240e+01
   2.9000000e+03   1.9083133e+01
   2.9100000e+03   1.8728310e+01
   2.9200000e+03   1.8835971e+01
   2.9300000e+03   1.9345835e+01
   2.9400000e+03   1.8425066e+01
   2.9500000e+03   1.8997747e+01
   2.9600000e+03   1.8608614e+01
   2.9700000e+03   1.8554388e+01
   2.9800000e+03   1.9027362e+01
   2.9900000e+03   1.8901169e+01
   3.0000000e+03   1.8703859e+01
   3.0100000e+03   1.8689816e+01
   3.0200000e+03   1.8985605e+01
   3.0300000e+03   1.8600590e+01
   3.0400000e+03   1.9090207e+01
   3.0500000e+03   1.8967171e+01
   3.0600000e+03   1.9011858e+01
   3.0700000e+03   1.9136029e+01
   3.0800000e+03   1.8915504e+01
   3.0900000e+03   1.9024193e+01
   3.1000000e+03   1.8127382e+01
   3.1100000e+03   1.8801652e+01
   3.1200000e+03   1.8515635e+01
   3.1300000e+03   1.8692432e+01
   3.1400000e+03   1.9062571e+01
   3.1500000e+03   1.9038940e+01
   3.1600000e+03   1.8758610e+01
   3.1700000e+03   1.8804609e+01
   3.1800000e+03   1.8981049e+01
   3.1900000e+03   1.8450342e+01
   3.2000000e+03   1.8888804e+01
   3.2100000e+03   1.8895999e+01
   3.2200000e+03   1.9140291e+01
   3.2300000e+03   1.8872941e+01
   3.2400000e+03   1.9158853e+01
   3.2500000e+03   1.9079451e+01
   3.2600000e+03   1.8748527e+01
   3.2700000e+03   1.8649247e+01
   3.2800000e+03   1.8827134e+01
   3.2900000e+03   1.8725045e+01
   3.3000000e+03   1.8893960e+01
   3.3100000e+03   1.9298342e+01
   3.3200000e+03   1.9040516e+01
   3.3300000e+03   1.8794013e+01
   3.3400000e+03   1.9098196e+01
   3.3500000e+03   1.8530440e+01
   3.3600000e+03   1.8664040e+01
   3.3700000e+03   1.8686938e+01
   3.3800000e+03   1.9032656e+01
   3.3900000e+03   1.8791552e+01
   3.4000000e+03   1.9195652e+01
   3.4100000e+03   1.9170539e+01
   3.4200000e+03   1.9505591e+01
   3.4300000e+03   1.9109058e+01
   3.4400000e+03   1.8744277e+01
   3.4500000e+03   1.8899901e+01
   3.4600000e+03   1.9658778e+01
   3.4700000e+03   1.8983617e+01
   3.4800000e+03   1.9045860e+01
   3.4900000e+03   1.8911423e+01
