   0.0000000e+00   2.0243090e+01
   1.0000000e+01   2.0230944e+01
   2.0000000e+01   2.0250305e+01
   3.0000000e+01   2.0233715e+01
   4.0000000e+01   2.0234610e+01
   5.0000000e+01   2.0236721e+01
   6.0000000e+01   2.0228802e+01
   7.0000000e+01   2.0253803e+01
   8.0000000e+01   2.0244113e+01
   9.0000000e+01   2.0226905e+01
   1.0000000e+02   2.0277617e+01
   1.1000000e+02   2.0332590e+01
   1.2000000e+02   2.0250458e+01
   1.3000000e+02   2.0180503e+01
   1.4000000e+02   1.9986969e+01
   1.5000000e+02   1.9528956e+01
   1.6000000e+02   1.9045892e+01
   1.7000000e+02   1.8437145e+01
   1.8000000e+02   1.7503070e+01
   1.9000000e+02   1.5936499e+01
   2.0000000e+02   1.4594739e+01
   2.1000000e+02   1.2478298e+01
   2.2000000e+02   1.0966457e+01
   2.3000000e+02   9.8871390e+00
   2.4000000e+02   8.7948616e+00
   2.5000000e+02   7.7167377e+00
   2.6000000e+02   6.9579307e+00
   2.7000000e+02   6.1897724e+00
   2.8000000e+02   5.4421348e+00
   2.9000000e+02   5.2432809e+00
   3.0000000e+02   5.1253711e+00
   3.1000000e+02   5.0727003e+00
   3.2000000e+02   4.8638016e+00
   3.3000000e+02   4.6776032e+00
   3.4000000e+02   4.7440260e+00
   3.5000000e+02   4.7553890e+00
   3.6000000e+02   4.7900314e+00
   3.7000000e+02   4.9758617e+00
   3.8000000e+02   4.8557331e+00
   3.9000000e+02   4.9377936e+00
   4.0000000e+02   5.2509390e+00
   4.1000000e+02   5.2972071e+00
   4.2000000e+02   5.2403874e+00
   4.3000000e+02   5.2669769e+00
   4.4000000e+02   5.3486054e+00
   4.5000000e+02   5.4007545e+00
   4.6000000e+02   5.5176310e+00
   4.7000000e+02   5.5991313e+00
   4.8000000e+02   5.5945357e+00
   4.9000000e+02   5.5039148e+00
   5.0000000e+02   5.7523271e+00
   5.1000000e+02   5.8121798e+00
   5.2000000e+02   5.9255434e+00
   5.3000000e+02   6.0606534e+00
   5.4000000e+02   6.1896038e+00
   5.5000000e+02   6.1363128e+00
   5.6000000e+02   6.3932642e+00
   5.7000000e+02   6.4398363e+00
   5.8000000e+02   6.4111576e+00
   5.9000000e+02   6.4819402e+00
   6.0000000e+02   6.5701968e+00
   6.1000000e+02   6.7810134e+00
   6.2000000e+02   6.7102142e+00
   6.3000000e+02   6.9518623e+00
   6.4000000e+02   6.8055477e+00
   6.5000000e+02   6.8376882e+00
   6.6000000e+02   6.7969352e+00
   6.7000000e+02   6.8444502e+00
   6.8000000e+02   6.8401037e+00
   6.9000000e+02   7.0225906e+00
   7.0000000e+02   7.0440300e+00
   7.1000000e+02   7.0467445e+00
   7.2000000e+02   7.1898380e+00
   7.3000000e+02   7.2339939e+00
   7.4000000e+02   7.3397572e+00
   7.5000000e+02   6.9349674e+00
   7.6000000e+02   7.1551713e+00
   7.7000000e+02   7.2456492e+00
   7.8000000e+02   7.2545867e+00
   7.9000000e+02   7.1650876e+00
   8.0000000e+02   7.3573356e+00
   8.1000000e+02   7.3874675e+00
   8.2000000e+02   7.1681078e+00
   8.3000000e+02   7.2248357e+00
   8.4000000e+02   7.4000489e+00
   8.5000000e+02   7.3585756e+00
   8.6000000e+02   7.1420311e+00
   8.7000000e+02   7.3867133e+00
   8.8000000e+02   7.4136717e+00
   8.9000000e+02   7.2393700e+00
   9.0000000e+02   7.3108765e+00
   9.1000000e+02   7.4646301e+00
   9.2000000e+02   7.4100269e+00
   9.3000000e+02   7.4116709e+00
   9.4000000e+02   7.5580581e+00
   9.5000000e+02   7.7392406e+00
   9.6000000e+02   7.6455124e+00
   9.7000000e+02   7.7651749e+00
   9.8000000e+02   7.6521913e+00
   9.9000000e+02   7.4938226e+00
   1.0000000e+03   7.5500075e+00
   1.0100000e+03   7.2562378e+00
   1.0200000e+03   7.4828613e+00
   1.0300000e+03   7.2336615e+00
   1.0400000e+03   7.2326278e+00
   1.0500000e+03   7.0866842e+00
   1.0600000e+03   7.0959804e+00
   1.0700000e+03   7.1873548e+00
   1.0800000e+03   7.4585966e+00
   1.0900000e+03   7.2896541e+00
   1.1000000e+03   7.1750457e+00
   1.1100000e+03   7.1239945e+00
   1.1200000e+03   7.0345601e+00
   1.1300000e+03   6.9442038e+00
   1.1400000e+03   7.3288718e+00
   1.1500000e+03   7.0885323e+00
   1.1600000e+03   7.3410609e+00
   1.1700000e+03   7.4221523e+00
   1.1800000e+03   7.2286065e+00
   1.1900000e+03   7.1142572e+00
   1.2000000e+03   7.2544618e+00
   1.2100000e+03   7.1891802e+00
   1.2200000e+03   7.4986197e+00
   1.2300000e+03   7.2263571e+00
   1.2400000e+03   7.6736898e+00
   1.2500000e+03   7.3370891e+00
   1.2600000e+03   7.4625622e+00
   1.2700000e+03   7.8338184e+00
   1.2800000e+03   7.7883978e+00
   1.2900000e+03   7.8078140e+00
   1.3000000e+03   7.9590977e+00
   1.3100000e+03   8.0746005e+00
   1.3200000e+03   7.7134078e+00
   1.3300000e+03   7.7491401e+00
   1.3400000e+03   7.6200607e+00
   1.3500000e+03   7.5757077e+00
   1.3600000e+03   7.7410803e+00
   1.3700000e+03   7.5054295e+00
   1.3800000e+03   7.5996057e+00
   1.3900000e+03   7.8264080e+00
   1.4000000e+03   7.3779612e+00
   1.4100000e+03   7.3761571e+00
   1.4200000e+03   7.6504855e+00
   1.4300000e+03   7.3442381e+00
   1.4400000e+03   7.5492221e+00
   1.4500000e+03   7.5058824e+00
   1.4600000e+03   7.5531953e+00
   1.4700000e+03   7.5466677e+00
   1.4800000e+03   7.4557911e+00
   1.4900000e+03   7.4660481e+00
   1.5000000e+03   7.4549332e+00
   1.5100000e+03   7.6897831e+00
   1.5200000e+03   7.4546787e+00
   1.5300000e+03   7.4042383e+00
   1.5400000e+03   7.4996278e+00
   1.5500000e+03   7.4383773e+00
   1.5600000e+03   7.7990613e+00
   1.5700000e+03   7.4057201e+00
   1.5800000e+03   7.9082911e+00
   1.5900000e+03   7.9176952e+00
   1.6000000e+03   8.0174477e+00
   1.6100000e+03   8.0627066e+00
   1.6200000e+03   7.6421253e+00
   1.6300000e+03   7.6915251e+00
   1.6400000e+03   7.8094010e+00
   1.6500000e+03   7.7162128e+00
   1.6600000e+03   7.9469500e+00
   1.6700000e+03   7.7902894e+00
   1.6800000e+03   7.6860994e+00
   1.6900000e+03   7.5925648e+00
   1.7000000e+03   7.7595877e+00
   1.7100000e+03   7.9830306e+00
   1.7200000e+03   7.7056641e+00
   1.7300000e+03   8.1764909e+00
   1.7400000e+03   7.5443748e+00
   1.7500000e+03   7.7818431e+00
   1.7600000e+03   7.7948752e+00
   1.7700000e+03   7.8548079e+00
   1.7800000e+03   8.0300277e+00
   1.7900000e+03   8.2592293e+00
   1.8000000e+03   7.8447632e+00
   1.8100000e+03   7.7415784e+00
   1.8200000e+03   7.8865373e+00
   1.8300000e+03   7.8444833e+00
   1.8400000e+03   7.7386887e+00
   1.8500000e+03   7.8116964e+00
   1.8600000e+03   8.0948167e+00
   1.8700000e+03   7.9867793e+00
   1.8800000e+03   8.1805148e+00
   1.8900000e+03   8.2155568e+00
   1.9000000e+03   8.1575922e+00
   1.9100000e+03   8.3633719e+00
   1.9200000e+03   8.1289301e+00
   1.9300000e+03   8.2574867e+00
   1.9400000e+03   8.2464993e+00
   1.9500000e+03   8.3867357e+00
   1.9600000e+03   8.0239387e+00
   1.9700000e+03   8.0651350e+00
   1.9800000e+03   8.0215183e+00
   1.9900000e+03   8.2239301e+00
   2.0000000e+03   7.9797249e+00
   2.0100000e+03   8.5802134e+00
   2.0200000e+03   7.9517332e+00
   2.0300000e+03   8.0161117e+00
   2.0400000e+03   8.1137888e+00
   2.0500000e+03   7.9906053e+00
   2.0600000e+03   7.9408484e+00
   2.0700000e+03   8.6287355e+00
   2.0800000e+03   8.1438545e+00
   2.0900000e+03   7.8711865e+00
   2.1000000e+03   8.1080917e+00
   2.1100000e+03   7.9552034e+00
   2.1200000e+03   8.0578826e+00
   2.1300000e+03   8.0860193e+00
   2.1400000e+03   8.1712264e+00
   2.1500000e+03   8.0023298e+00
   2.1600000e+03   8.7497448e+00
   2.1700000e+03   8.5858005e+00
   2.1800000e+03   8.3695039e+00
   2.1900000e+03   8.6147399e+00
   2.2000000e+03   8.3873649e+00
   2.2100000e+03   9.1077613e+00
   2.2200000e+03   9.1209242e+00
   2.2300000e+03   8.9270240e+00
   2.2400000e+03   8.1877738e+00
   2.2500000e+03   8.3986046e+00
   2.2600000e+03   8.4960906e+00
   2.2700000e+03   8.7844645e+00
   2.2800000e+03   8.3418237e+00
   2.2900000e+03   8.0324972e+00
   2.3000000e+03   8.2685791e+00
   2.3100000e+03   8.0259726e+00
   2.3200000e+03   8.4636953e+00
   2.3300000e+03   8.5695820e+00
   2.3400000e+03   8.8726234e+00
   2.3500000e+03   8.5800840e+00
   2.3600000e+03   8.9773388e+00
   2.3700000e+03   8.5318080e+00
   2.3800000e+03   8.5293772e+00
   2.3900000e+03   8.3891606e+00
   2.4000000e+03   8.2710717e+00
   2.4100000e+03   8.4645412e+00
   2.4200000e+03   8.0906740e+00
   2.4300000e+03   8.1848491e+00
   2.4400000e+03   8.4449055e+00
   2.4500000e+03   8.0234794e+00
   2.4600000e+03   8.1674909e+00
   2.4700000e+03   7.9884739e+00
   2.4800000e+03   8.2353671e+00
   2.4900000e+03   8.1815657e+00
   2.5000000e+03   8.0349453e+00
   2.5100000e+03   8.0666676e+00
   2.5200000e+03   8.2393078e+00
   2.5300000e+03   8.1220916e+00
   2.5400000e+03   8.2713573e+00
   2.5500000e+03   8.8726170e+00
   2.5600000e+03   8.6849037e+00
   2.5700000e+03   8.4630287e+00
   2.5800000e+03   8.3068534e+00
   2.5900000e+03   8.6786160e+00
   2.6000000e+03   9.0553611e+00
   2.6100000e+03   9.4512607e+00
   2.6200000e+03   8.9398306e+00
   2.6300000e+03   9.0123541e+00
   2.6400000e+03   8.5702631e+00
   2.6500000e+03   8.8154266e+00
   2.6600000e+03   9.1390423e+00
   2.6700000e+03   8.4141779e+00
   2.6800000e+03   9.0732229e+00
   2.6900000e+03   9.2432134e+00
   2.7000000e+03   9.0215821e+00
   2.7100000e+03   8.6532213e+00
   2.7200000e+03   8.8184505e+00
   2.7300000e+03   8.6359921e+00
   2.7400000e+03   8.9292523e+00
   2.7500000e+03   9.0438373e+00
   2.7600000e+03   9.0351351e+00
   2.7700000e+03   8.6814808e+00
   2.7800000e+03   8.9061519e+00
   2.7900000e+03   8.7554968e+00
   2.8000000e+03   8.4165772e+00
   2.8100000e+03   8.4830896e+00
   2.8200000e+03   9.0954185e+00
   2.8300000e+03   8.3152199e+00
   2.8400000e+03   8.6056495e+00
   2.8500000e+03   8.9085929e+00
   2.8600000e+03   8.7438120e+00
   2.8700000e+03   8.7617164e+00
   2.8800000e+03   9.2045296e+00
   2.8900000e+03   9.5488577e+00
   2.9000000e+03   9.2158301e+00
   2.9100000e+03   8.9601117e+00
   2.9200000e+03   8.9870886e+00
   2.9300000e+03   9.0867094e+00
   2.9400000e+03   8.3945650e+00
   2.9500000e+03   8.5994369e+00
   2.9600000e+03   9.0102533e+00
   2.9700000e+03   9.3909130e+00
   2.9800000e+03   8.8692159e+00
   2.9900000e+03   8.4853867e+00
   3.0000000e+03   8.9403856e+00
   3.0100000e+03   8.9871438e+00
   3.0200000e+03   8.2878455e+00
   3.0300000e+03   8.7612633e+00
   3.0400000e+03   8.7393260e+00
   3.0500000e+03   9.3876873e+00
   3.0600000e+03   8.5239811e+00
   3.0700000e+03   8.3925274e+00
   3.0800000e+03   8.2611629e+00
   3.0900000e+03   8.7940325e+00
   3.1000000e+03   8.7815692e+00
   3.1100000e+03   8.2393507e+00
   3.1200000e+03   8.1318598e+00
   3.1300000e+03   8.6661977e+00
   3.1400000e+03   8.3056539e+00
   3.1500000e+03   8.5812296e+00
   3.1600000e+03   8.4631387e+00
   3.1700000e+03   8.3489006e+00
   3.1800000e+03   8.5042925e+00
   3.1900000e+03   8.3385652e+00
   3.2000000e+03   8.3473141e+00
   3.2100000e+03   9.0146969e+00
   3.2200000e+03   8.5173593e+00
   3.2300000e+03   8.5518375e+00
   3.2400000e+03   8.6277247e+00
   3.2500000e+03   8.4972102e+00
   3.2600000e+03   8.7232176e+00
   3.2700000e+03   8.5973905e+00
   3.2800000e+03   8.5431329e+00
   3.2900000e+03   8.6864327e+00
   3.3000000e+03   8.7583628e+00
   3.3100000e+03   9.1716106e+00
   3.3200000e+03   8.6600131e+00
   3.3300000e+03   8.4985661e+00
   3.3400000e+03   8.5065595e+00
   3.3500000e+03   8.7837616e+00
   3.3600000e+03   8.4188276e+00
   3.3700000e+03   8.2326079e+00
   3.3800000e+03   8.6989383e+00
   3.3900000e+03   8.6176223e+00
   3.4000000e+03   8.1766725e+00
   3.4100000e+03   8.4134460e+00
   3.4200000e+03   7.9901644e+00
   3.4300000e+03   8.3257659e+00
   3.4400000e+03   8.1584752e+00
   3.4500000e+03   8.2714637e+00
   3.4600000e+03   8.2071468e+00
   3.4700000e+03   8.2864494e+00
   3.4800000e+03   8.5834868e+00
   3.4900000e+03   9.2052897e+00
