   0.0000000e+00   2.6950385e+00
   1.8164062e-01   2.6950385e+00
   3.6328125e-01   2.6950385e+00
   5.4492187e-01   2.6950385e+00
   7.2656250e-01   2.6950385e+00
   9.0820312e-01   2.6950385e+00
   1.0898437e+00   2.5644315e+00
   1.2714844e+00   2.5644315e+00
   1.4531250e+00   2.5644315e+00
   1.6347656e+00   2.5644315e+00
   1.8164062e+00   2.5644315e+00
   1.9980469e+00   2.6992955e+00
   2.1796875e+00   2.6992955e+00
   2.3613281e+00   2.6992955e+00
   2.5429687e+00   2.6992955e+00
   2.7246094e+00   2.6992955e+00
   2.9062500e+00   2.6992955e+00
   3.0878906e+00   2.6469621e+00
   3.2695312e+00   2.6469621e+00
   3.4511719e+00   2.6469621e+00
   3.6328125e+00   2.6469621e+00
   3.8144531e+00   2.6469621e+00
   3.9960937e+00   2.6860528e+00
   4.1777344e+00   2.6860528e+00
   4.3593750e+00   2.6860528e+00
   4.5410156e+00   2.6860528e+00
   4.7226562e+00   2.6860528e+00
   4.9042969e+00   2.6860528e+00
   5.0859375e+00   2.7015533e+00
   5.2675781e+00   2.7015533e+00
   5.4492187e+00   2.7015533e+00
   5.6308594e+00   2.7015533e+00
   5.8125000e+00   2.7015533e+00
   5.9941406e+00   2.7426041e+00
   6.1757812e+00   2.7426041e+00
   6.3574219e+00   2.7426041e+00
   6.5390625e+00   2.7426041e+00
   6.7207031e+00   2.7426041e+00
   6.9023437e+00   2.7426041e+00
   7.0839844e+00   2.7430319e+00
   7.2656250e+00   2.7430319e+00
   7.4472656e+00   2.7430319e+00
   7.6289062e+00   2.7430319e+00
   7.8105469e+00   2.7430319e+00
   7.9921875e+00   2.8207589e+00
   8.1738281e+00   2.8207589e+00
   8.3554687e+00   2.8207589e+00
   8.5371094e+00   2.8207589e+00
   8.7187500e+00   2.8207589e+00
   8.9003906e+00   2.7725794e+00
   9.0820312e+00   2.7725794e+00
   9.2636719e+00   2.7725794e+00
   9.4453125e+00   2.7725794e+00
   9.6269531e+00   2.7725794e+00
   9.8085937e+00   2.7725794e+00
   9.9902344e+00   2.8959533e+00
   1.0171875e+01   2.8959533e+00
   1.0353516e+01   2.8959533e+00
   1.0535156e+01   2.8959533e+00
   1.0716797e+01   2.8959533e+00
   1.0898437e+01   2.8537722e+00
   1.1080078e+01   2.8537722e+00
   1.1261719e+01   2.8537722e+00
   1.1443359e+01   2.8537722e+00
   1.1625000e+01   2.8537722e+00
   1.1806641e+01   2.8537722e+00
   1.1988281e+01   2.7670860e+00
   1.2169922e+01   2.7670860e+00
   1.2351562e+01   2.7670860e+00
   1.2533203e+01   2.7670860e+00
   1.2714844e+01   2.7670860e+00
   1.2896484e+01   2.5329162e+00
   1.3078125e+01   2.5329162e+00
   1.3259766e+01   2.5329162e+00
   1.3441406e+01   2.5329162e+00
   1.3623047e+01   2.5329162e+00
   1.3804687e+01   2.5329162e+00
   1.3986328e+01   2.5137403e+00
   1.4167969e+01   2.5137403e+00
   1.4349609e+01   2.5137403e+00
   1.4531250e+01   2.5137403e+00
   1.4712891e+01   2.5137403e+00
   1.4894531e+01   2.5921941e+00
   1.5076172e+01   2.5921941e+00
   1.5257812e+01   2.5921941e+00
   1.5439453e+01   2.5921941e+00
   1.5621094e+01   2.5921941e+00
   1.5802734e+01   2.5921941e+00
   1.5984375e+01   2.6753088e+00
   1.6166016e+01   2.6753088e+00
   1.6347656e+01   2.6753088e+00
   1.6529297e+01   2.6753088e+00
   1.6710937e+01   2.6753088e+00
   1.6892578e+01   2.8061482e+00
   1.7074219e+01   2.8061482e+00
   1.7255859e+01   2.8061482e+00
   1.7437500e+01   2.8061482e+00
   1.7619141e+01   2.8061482e+00
   1.7800781e+01   2.7862452e+00
   1.7982422e+01   2.7862452e+00
   1.8164062e+01   2.7862452e+00
   1.8345703e+01   2.7862452e+00
   1.8527344e+01   2.7862452e+00
   1.8708984e+01   2.7862452e+00
   1.8890625e+01   2.8705810e+00
   1.9072266e+01   2.8705810e+00
   1.9253906e+01   2.8705810e+00
   1.9435547e+01   2.8705810e+00
   1.9617187e+01   2.8705810e+00
   1.9798828e+01   2.8749421e+00
   1.9980469e+01   2.8749421e+00
   2.0162109e+01   2.8749421e+00
   2.0343750e+01   2.8749421e+00
   2.0525391e+01   2.8749421e+00
   2.0707031e+01   2.8749421e+00
   2.0888672e+01   2.8631921e+00
   2.1070312e+01   2.8631921e+00
   2.1251953e+01   2.8631921e+00
   2.1433594e+01   2.8631921e+00
   2.1615234e+01   2.8631921e+00
   2.1796875e+01   2.9110849e+00
   2.1978516e+01   2.9110849e+00
   2.2160156e+01   2.9110849e+00
   2.2341797e+01   2.9110849e+00
   2.2523437e+01   2.9110849e+00
   2.2705078e+01   2.9110849e+00
   2.2886719e+01   2.9213542e+00
   2.3068359e+01   2.9213542e+00
   2.3250000e+01   2.9213542e+00
   2.3431641e+01   2.9213542e+00
   2.3613281e+01   2.9213542e+00
   2.3794922e+01   2.9045542e+00
   2.3976562e+01   2.9045542e+00
   2.4158203e+01   2.9045542e+00
   2.4339844e+01   2.9045542e+00
   2.4521484e+01   2.9045542e+00
   2.4703125e+01   2.9045542e+00
   2.4884766e+01   2.9221320e+00
   2.5066406e+01   2.9221320e+00
   2.5248047e+01   2.9221320e+00
   2.5429687e+01   2.9221320e+00
   2.5611328e+01   2.9221320e+00
   2.5792969e+01   2.9378797e+00
   2.5974609e+01   2.9378797e+00
   2.6156250e+01   2.9378797e+00
   2.6337891e+01   2.9378797e+00
   2.6519531e+01   2.9378797e+00
   2.6701172e+01   2.9985989e+00
   2.6882812e+01   2.9985989e+00
   2.7064453e+01   2.9985989e+00
   2.7246094e+01   2.9985989e+00
   2.7427734e+01   2.9985989e+00
   2.7609375e+01   2.9985989e+00
   2.7791016e+01   2.9589624e+00
   2.7972656e+01   2.9589624e+00
   2.8154297e+01   2.9589624e+00
   2.8335937e+01   2.9589624e+00
   2.8517578e+01   2.9589624e+00
   2.8699219e+01   3.0093347e+00
   2.8880859e+01   3.0093347e+00
   2.9062500e+01   3.0093347e+00
   2.9244141e+01   3.0093347e+00
   2.9425781e+01   3.0093347e+00
   2.9607422e+01   3.0093347e+00
   2.9789062e+01   3.0142807e+00
   2.9970703e+01   3.0142807e+00
   3.0152344e+01   3.0142807e+00
   3.0333984e+01   3.0142807e+00
   3.0515625e+01   3.0142807e+00
   3.0697266e+01   2.9816419e+00
   3.0878906e+01   2.9816419e+00
   3.1060547e+01   2.9816419e+00
   3.1242187e+01   2.9816419e+00
   3.1423828e+01   2.9816419e+00
   3.1605469e+01   2.9816419e+00
   3.1787109e+01   3.0292619e+00
   3.1968750e+01   3.0292619e+00
   3.2150391e+01   3.0292619e+00
   3.2332031e+01   3.0292619e+00
   3.2513672e+01   3.0292619e+00
   3.2695312e+01   3.0137990e+00
   3.2876953e+01   3.0137990e+00
   3.3058594e+01   3.0137990e+00
   3.3240234e+01   3.0137990e+00
   3.3421875e+01   3.0137990e+00
   3.3603516e+01   3.0137990e+00
   3.3785156e+01   2.9938569e+00
   3.3966797e+01   2.9938569e+00
   3.4148437e+01   2.9938569e+00
   3.4330078e+01   2.9938569e+00
   3.4511719e+01   2.9938569e+00
   3.4693359e+01   3.0072548e+00
   3.4875000e+01   3.0072548e+00
   3.5056641e+01   3.0072548e+00
   3.5238281e+01   3.0072548e+00
   3.5419922e+01   3.0072548e+00
   3.5601562e+01   2.9938430e+00
   3.5783203e+01   2.9938430e+00
   3.5964844e+01   2.9938430e+00
   3.6146484e+01   2.9938430e+00
   3.6328125e+01   2.9938430e+00
   3.6509766e+01   2.9938430e+00
   3.6691406e+01   2.9718238e+00
   3.6873047e+01   2.9718238e+00
   3.7054687e+01   2.9718238e+00
   3.7236328e+01   2.9718238e+00
   3.7417969e+01   2.9718238e+00
   3.7599609e+01   2.9562177e+00
   3.7781250e+01   2.9562177e+00
   3.7962891e+01   2.9562177e+00
   3.8144531e+01   2.9562177e+00
   3.8326172e+01   2.9562177e+00
   3.8507812e+01   2.9562177e+00
   3.8689453e+01   2.9980736e+00
   3.8871094e+01   2.9980736e+00
   3.9052734e+01   2.9980736e+00
   3.9234375e+01   2.9980736e+00
   3.9416016e+01   2.9980736e+00
   3.9597656e+01   2.9437403e+00
   3.9779297e+01   2.9437403e+00
   3.9960937e+01   2.9437403e+00
   4.0142578e+01   2.9437403e+00
   4.0324219e+01   2.9437403e+00
   4.0505859e+01   2.9437403e+00
   4.0687500e+01   2.9732497e+00
   4.0869141e+01   2.9732497e+00
   4.1050781e+01   2.9732497e+00
   4.1232422e+01   2.9732497e+00
   4.1414062e+01   2.9732497e+00
   4.1595703e+01   2.9494130e+00
   4.1777344e+01   2.9494130e+00
   4.1958984e+01   2.9494130e+00
   4.2140625e+01   2.9494130e+00
   4.2322266e+01   2.9494130e+00
   4.2503906e+01   2.9494130e+00
   4.2685547e+01   2.8987020e+00
   4.2867187e+01   2.8987020e+00
   4.3048828e+01   2.8987020e+00
   4.3230469e+01   2.8987020e+00
   4.3412109e+01   2.8987020e+00
   4.3593750e+01   2.9631091e+00
   4.3775391e+01   2.9631091e+00
   4.3957031e+01   2.9631091e+00
   4.4138672e+01   2.9631091e+00
   4.4320312e+01   2.9631091e+00
   4.4501953e+01   2.9384933e+00
   4.4683594e+01   2.9384933e+00
   4.4865234e+01   2.9384933e+00
   4.5046875e+01   2.9384933e+00
   4.5228516e+01   2.9384933e+00
   4.5410156e+01   2.9384933e+00
   4.5591797e+01   2.9184346e+00
   4.5773437e+01   2.9184346e+00
   4.5955078e+01   2.9184346e+00
   4.6136719e+01   2.9184346e+00
   4.6318359e+01   2.9184346e+00
   4.6500000e+01   2.8793690e+00
   4.6681641e+01   2.8793690e+00
   4.6863281e+01   2.8793690e+00
   4.7044922e+01   2.8793690e+00
   4.7226562e+01   2.8793690e+00
   4.7408203e+01   2.8793690e+00
   4.7589844e+01   2.9014655e+00
   4.7771484e+01   2.9014655e+00
   4.7953125e+01   2.9014655e+00
   4.8134766e+01   2.9014655e+00
   4.8316406e+01   2.9014655e+00
   4.8498047e+01   2.8391216e+00
   4.8679687e+01   2.8391216e+00
   4.8861328e+01   2.8391216e+00
   4.9042969e+01   2.8391216e+00
   4.9224609e+01   2.8391216e+00
   4.9406250e+01   2.8391216e+00
   4.9587891e+01   2.8245934e+00
   4.9769531e+01   2.8245934e+00
   4.9951172e+01   2.8245934e+00
   5.0132812e+01   2.8245934e+00
   5.0314453e+01   2.8245934e+00
   5.0496094e+01   2.8716165e+00
   5.0677734e+01   2.8716165e+00
   5.0859375e+01   2.8716165e+00
   5.1041016e+01   2.8716165e+00
   5.1222656e+01   2.8716165e+00
   5.1404297e+01   2.8716165e+00
   5.1585937e+01   2.8851051e+00
   5.1767578e+01   2.8851051e+00
   5.1949219e+01   2.8851051e+00
   5.2130859e+01   2.8851051e+00
   5.2312500e+01   2.8851051e+00
   5.2494141e+01   2.8127906e+00
   5.2675781e+01   2.8127906e+00
   5.2857422e+01   2.8127906e+00
   5.3039062e+01   2.8127906e+00
   5.3220703e+01   2.8127906e+00
   5.3402344e+01   2.8197488e+00
   5.3583984e+01   2.8197488e+00
   5.3765625e+01   2.8197488e+00
   5.3947266e+01   2.8197488e+00
   5.4128906e+01   2.8197488e+00
   5.4310547e+01   2.8197488e+00
   5.4492187e+01   2.9026951e+00
   5.4673828e+01   2.9026951e+00
   5.4855469e+01   2.9026951e+00
   5.5037109e+01   2.9026951e+00
   5.5218750e+01   2.9026951e+00
   5.5400391e+01   2.8388190e+00
   5.5582031e+01   2.8388190e+00
   5.5763672e+01   2.8388190e+00
   5.5945312e+01   2.8388190e+00
   5.6126953e+01   2.8388190e+00
   5.6308594e+01   2.8388190e+00
   5.6490234e+01   2.8481792e+00
   5.6671875e+01   2.8481792e+00
   5.6853516e+01   2.8481792e+00
   5.7035156e+01   2.8481792e+00
   5.7216797e+01   2.8481792e+00
   5.7398437e+01   2.8592012e+00
   5.7580078e+01   2.8592012e+00
   5.7761719e+01   2.8592012e+00
   5.7943359e+01   2.8592012e+00
   5.8125000e+01   2.8592012e+00
   5.8306641e+01   2.8592012e+00
   5.8488281e+01   2.8379736e+00
   5.8669922e+01   2.8379736e+00
   5.8851562e+01   2.8379736e+00
   5.9033203e+01   2.8379736e+00
   5.9214844e+01   2.8379736e+00
   5.9396484e+01   2.8346621e+00
   5.9578125e+01   2.8346621e+00
   5.9759766e+01   2.8346621e+00
   5.9941406e+01   2.8346621e+00
   6.0123047e+01   2.8346621e+00
   6.0304687e+01   2.8346621e+00
   6.0486328e+01   2.8018806e+00
   6.0667969e+01   2.8018806e+00
   6.0849609e+01   2.8018806e+00
   6.1031250e+01   2.8018806e+00
   6.1212891e+01   2.8018806e+00
   6.1394531e+01   2.8166932e+00
   6.1576172e+01   2.8166932e+00
   6.1757812e+01   2.8166932e+00
   6.1939453e+01   2.8166932e+00
   6.2121094e+01   2.8166932e+00
   6.2302734e+01   2.8240148e+00
   6.2484375e+01   2.8240148e+00
   6.2666016e+01   2.8240148e+00
   6.2847656e+01   2.8240148e+00
   6.3029297e+01   2.8240148e+00
   6.3210937e+01   2.8240148e+00
   6.3392578e+01   2.8542384e+00
   6.3574219e+01   2.8542384e+00
   6.3755859e+01   2.8542384e+00
   6.3937500e+01   2.8542384e+00
   6.4119141e+01   2.8542384e+00
   6.4300781e+01   2.8115634e+00
   6.4482422e+01   2.8115634e+00
   6.4664062e+01   2.8115634e+00
   6.4845703e+01   2.8115634e+00
   6.5027344e+01   2.8115634e+00
   6.5208984e+01   2.8115634e+00
   6.5390625e+01   2.8383857e+00
   6.5572266e+01   2.8383857e+00
   6.5753906e+01   2.8383857e+00
   6.5935547e+01   2.8383857e+00
   6.6117187e+01   2.8383857e+00
   6.6298828e+01   2.7998652e+00
   6.6480469e+01   2.7998652e+00
   6.6662109e+01   2.7998652e+00
   6.6843750e+01   2.7998652e+00
   6.7025391e+01   2.7998652e+00
   6.7207031e+01   2.7998652e+00
   6.7388672e+01   2.7748214e+00
   6.7570312e+01   2.7748214e+00
   6.7751953e+01   2.7748214e+00
   6.7933594e+01   2.7748214e+00
   6.8115234e+01   2.7748214e+00
   6.8296875e+01   2.7141915e+00
   6.8478516e+01   2.7141915e+00
   6.8660156e+01   2.7141915e+00
   6.8841797e+01   2.7141915e+00
   6.9023437e+01   2.7141915e+00
   6.9205078e+01   2.7141915e+00
   6.9386719e+01   2.7284075e+00
   6.9568359e+01   2.7284075e+00
   6.9750000e+01   2.7284075e+00
   6.9931641e+01   2.7284075e+00
   7.0113281e+01   2.7284075e+00
   7.0294922e+01   2.7169303e+00
   7.0476562e+01   2.7169303e+00
   7.0658203e+01   2.7169303e+00
   7.0839844e+01   2.7169303e+00
   7.1021484e+01   2.7169303e+00
   7.1203125e+01   2.7417400e+00
   7.1384766e+01   2.7417400e+00
   7.1566406e+01   2.7417400e+00
   7.1748047e+01   2.7417400e+00
   7.1929687e+01   2.7417400e+00
   7.2111328e+01   2.7417400e+00
   7.2292969e+01   2.7322880e+00
   7.2474609e+01   2.7322880e+00
   7.2656250e+01   2.7322880e+00
   7.2837891e+01   2.7322880e+00
   7.3019531e+01   2.7322880e+00
   7.3201172e+01   2.7138911e+00
   7.3382812e+01   2.7138911e+00
   7.3564453e+01   2.7138911e+00
   7.3746094e+01   2.7138911e+00
   7.3927734e+01   2.7138911e+00
   7.4109375e+01   2.7138911e+00
   7.4291016e+01   2.7393759e+00
   7.4472656e+01   2.7393759e+00
   7.4654297e+01   2.7393759e+00
   7.4835937e+01   2.7393759e+00
   7.5017578e+01   2.7393759e+00
   7.5199219e+01   2.7465808e+00
   7.5380859e+01   2.7465808e+00
   7.5562500e+01   2.7465808e+00
   7.5744141e+01   2.7465808e+00
   7.5925781e+01   2.7465808e+00
   7.6107422e+01   2.7465808e+00
   7.6289062e+01   2.6915208e+00
   7.6470703e+01   2.6915208e+00
   7.6652344e+01   2.6915208e+00
   7.6833984e+01   2.6915208e+00
   7.7015625e+01   2.6915208e+00
   7.7197266e+01   2.6941300e+00
   7.7378906e+01   2.6941300e+00
   7.7560547e+01   2.6941300e+00
   7.7742187e+01   2.6941300e+00
   7.7923828e+01   2.6941300e+00
   7.8105469e+01   2.6941300e+00
   7.8287109e+01   2.7316365e+00
   7.8468750e+01   2.7316365e+00
   7.8650391e+01   2.7316365e+00
   7.8832031e+01   2.7316365e+00
   7.9013672e+01   2.7316365e+00
   7.9195312e+01   2.6730582e+00
   7.9376953e+01   2.6730582e+00
   7.9558594e+01   2.6730582e+00
   7.9740234e+01   2.6730582e+00
   7.9921875e+01   2.6730582e+00
   8.0103516e+01   2.6811199e+00
   8.0285156e+01   2.6811199e+00
   8.0466797e+01   2.6811199e+00
   8.0648437e+01   2.6811199e+00
   8.0830078e+01   2.6811199e+00
   8.1011719e+01   2.6811199e+00
   8.1193359e+01   2.5966932e+00
   8.1375000e+01   2.5966932e+00
   8.1556641e+01   2.5966932e+00
   8.1738281e+01   2.5966932e+00
   8.1919922e+01   2.5966932e+00
   8.2101562e+01   2.6308244e+00
   8.2283203e+01   2.6308244e+00
   8.2464844e+01   2.6308244e+00
   8.2646484e+01   2.6308244e+00
   8.2828125e+01   2.6308244e+00
   8.3009766e+01   2.6308244e+00
   8.3191406e+01   2.5809446e+00
   8.3373047e+01   2.5809446e+00
   8.3554687e+01   2.5809446e+00
   8.3736328e+01   2.5809446e+00
   8.3917969e+01   2.5809446e+00
   8.4099609e+01   2.6155172e+00
   8.4281250e+01   2.6155172e+00
   8.4462891e+01   2.6155172e+00
   8.4644531e+01   2.6155172e+00
   8.4826172e+01   2.6155172e+00
   8.5007812e+01   2.6155172e+00
   8.5189453e+01   2.6447539e+00
   8.5371094e+01   2.6447539e+00
   8.5552734e+01   2.6447539e+00
   8.5734375e+01   2.6447539e+00
   8.5916016e+01   2.6447539e+00
   8.6097656e+01   2.6133095e+00
   8.6279297e+01   2.6133095e+00
   8.6460937e+01   2.6133095e+00
   8.6642578e+01   2.6133095e+00
   8.6824219e+01   2.6133095e+00
   8.7005859e+01   2.6133095e+00
   8.7187500e+01   2.6048183e+00
   8.7369141e+01   2.6048183e+00
   8.7550781e+01   2.6048183e+00
   8.7732422e+01   2.6048183e+00
   8.7914062e+01   2.6048183e+00
   8.8095703e+01   2.5583919e+00
   8.8277344e+01   2.5583919e+00
   8.8458984e+01   2.5583919e+00
   8.8640625e+01   2.5583919e+00
   8.8822266e+01   2.5583919e+00
   8.9003906e+01   2.5815787e+00
   8.9185547e+01   2.5815787e+00
   8.9367187e+01   2.5815787e+00
   8.9548828e+01   2.5815787e+00
   8.9730469e+01   2.5815787e+00
   8.9912109e+01   2.5815787e+00
   9.0093750e+01   2.6035451e+00
   9.0275391e+01   2.6035451e+00
   9.0457031e+01   2.6035451e+00
   9.0638672e+01   2.6035451e+00
   9.0820312e+01   2.6035451e+00
   9.1001953e+01   2.5651555e+00
   9.1183594e+01   2.5651555e+00
   9.1365234e+01   2.5651555e+00
   9.1546875e+01   2.5651555e+00
   9.1728516e+01   2.5651555e+00
   9.1910156e+01   2.5651555e+00
   9.2091797e+01   2.5627012e+00
   9.2273437e+01   2.5627012e+00
   9.2455078e+01   2.5627012e+00
   9.2636719e+01   2.5627012e+00
   9.2818359e+01   2.5627012e+00
   9.3000000e+01   2.5413575e+00
   9.3181641e+01   2.5413575e+00
   9.3363281e+01   2.5413575e+00
   9.3544922e+01   2.5413575e+00
   9.3726562e+01   2.5413575e+00
   9.3908203e+01   2.5413575e+00
   9.4089844e+01   2.5629349e+00
   9.4271484e+01   2.5629349e+00
   9.4453125e+01   2.5629349e+00
   9.4634766e+01   2.5629349e+00
   9.4816406e+01   2.5629349e+00
   9.4998047e+01   2.5590915e+00
   9.5179687e+01   2.5590915e+00
   9.5361328e+01   2.5590915e+00
   9.5542969e+01   2.5590915e+00
   9.5724609e+01   2.5590915e+00
   9.5906250e+01   2.5590915e+00
   9.6087891e+01   2.5407204e+00
   9.6269531e+01   2.5407204e+00
   9.6451172e+01   2.5407204e+00
   9.6632812e+01   2.5407204e+00
   9.6814453e+01   2.5407204e+00
   9.6996094e+01   2.5285812e+00
   9.7177734e+01   2.5285812e+00
   9.7359375e+01   2.5285812e+00
   9.7541016e+01   2.5285812e+00
   9.7722656e+01   2.5285812e+00
   9.7904297e+01   2.5450821e+00
   9.8085937e+01   2.5450821e+00
   9.8267578e+01   2.5450821e+00
   9.8449219e+01   2.5450821e+00
   9.8630859e+01   2.5450821e+00
   9.8812500e+01   2.5450821e+00
   9.8994141e+01   2.5727216e+00
   9.9175781e+01   2.5727216e+00
   9.9357422e+01   2.5727216e+00
   9.9539062e+01   2.5727216e+00
   9.9720703e+01   2.5727216e+00
   9.9902344e+01   2.5863015e+00
   1.0008398e+02   2.5863015e+00
   1.0026562e+02   2.5863015e+00
   1.0044727e+02   2.5863015e+00
   1.0062891e+02   2.5863015e+00
   1.0081055e+02   2.5863015e+00
   1.0099219e+02   2.5106897e+00
   1.0117383e+02   2.5106897e+00
   1.0135547e+02   2.5106897e+00
   1.0153711e+02   2.5106897e+00
   1.0171875e+02   2.5106897e+00
   1.0190039e+02   2.5183755e+00
   1.0208203e+02   2.5183755e+00
   1.0226367e+02   2.5183755e+00
   1.0244531e+02   2.5183755e+00
   1.0262695e+02   2.5183755e+00
   1.0280859e+02   2.5183755e+00
   1.0299023e+02   2.4972005e+00
   1.0317187e+02   2.4972005e+00
   1.0335352e+02   2.4972005e+00
   1.0353516e+02   2.4972005e+00
   1.0371680e+02   2.4972005e+00
   1.0389844e+02   2.4991090e+00
   1.0408008e+02   2.4991090e+00
   1.0426172e+02   2.4991090e+00
   1.0444336e+02   2.4991090e+00
   1.0462500e+02   2.4991090e+00
   1.0480664e+02   2.5361874e+00
   1.0498828e+02   2.5361874e+00
   1.0516992e+02   2.5361874e+00
   1.0535156e+02   2.5361874e+00
   1.0553320e+02   2.5361874e+00
   1.0571484e+02   2.5361874e+00
   1.0589648e+02   2.4757012e+00
   1.0607812e+02   2.4757012e+00
   1.0625977e+02   2.4757012e+00
   1.0644141e+02   2.4757012e+00
   1.0662305e+02   2.4757012e+00
   1.0680469e+02   2.5272292e+00
   1.0698633e+02   2.5272292e+00
   1.0716797e+02   2.5272292e+00
   1.0734961e+02   2.5272292e+00
   1.0753125e+02   2.5272292e+00
   1.0771289e+02   2.5272292e+00
   1.0789453e+02   2.4858921e+00
   1.0807617e+02   2.4858921e+00
   1.0825781e+02   2.4858921e+00
   1.0843945e+02   2.4858921e+00
   1.0862109e+02   2.4858921e+00
   1.0880273e+02   2.4544612e+00
   1.0898437e+02   2.4544612e+00
   1.0916602e+02   2.4544612e+00
   1.0934766e+02   2.4544612e+00
   1.0952930e+02   2.4544612e+00
   1.0971094e+02   2.4544612e+00
   1.0989258e+02   2.3983498e+00
   1.1007422e+02   2.3983498e+00
   1.1025586e+02   2.3983498e+00
   1.1043750e+02   2.3983498e+00
   1.1061914e+02   2.3983498e+00
   1.1080078e+02   2.4448410e+00
   1.1098242e+02   2.4448410e+00
   1.1116406e+02   2.4448410e+00
   1.1134570e+02   2.4448410e+00
   1.1152734e+02   2.4448410e+00
   1.1170898e+02   2.4448410e+00
   1.1189062e+02   2.4047894e+00
   1.1207227e+02   2.4047894e+00
   1.1225391e+02   2.4047894e+00
   1.1243555e+02   2.4047894e+00
   1.1261719e+02   2.4047894e+00
   1.1279883e+02   2.4315594e+00
   1.1298047e+02   2.4315594e+00
   1.1316211e+02   2.4315594e+00
   1.1334375e+02   2.4315594e+00
   1.1352539e+02   2.4315594e+00
   1.1370703e+02   2.4015954e+00
   1.1388867e+02   2.4015954e+00
   1.1407031e+02   2.4015954e+00
   1.1425195e+02   2.4015954e+00
   1.1443359e+02   2.4015954e+00
   1.1461523e+02   2.4015954e+00
   1.1479687e+02   2.4563433e+00
   1.1497852e+02   2.4563433e+00
   1.1516016e+02   2.4563433e+00
   1.1534180e+02   2.4563433e+00
   1.1552344e+02   2.4563433e+00
   1.1570508e+02   2.4976538e+00
   1.1588672e+02   2.4976538e+00
   1.1606836e+02   2.4976538e+00
   1.1625000e+02   2.4976538e+00
   1.1643164e+02   2.4976538e+00
   1.1661328e+02   2.4976538e+00
   1.1679492e+02   2.4875532e+00
   1.1697656e+02   2.4875532e+00
   1.1715820e+02   2.4875532e+00
   1.1733984e+02   2.4875532e+00
   1.1752148e+02   2.4875532e+00
   1.1770312e+02   2.4759728e+00
   1.1788477e+02   2.4759728e+00
   1.1806641e+02   2.4759728e+00
   1.1824805e+02   2.4759728e+00
   1.1842969e+02   2.4759728e+00
   1.1861133e+02   2.4759728e+00
   1.1879297e+02   2.4169920e+00
   1.1897461e+02   2.4169920e+00
   1.1915625e+02   2.4169920e+00
   1.1933789e+02   2.4169920e+00
   1.1951953e+02   2.4169920e+00
   1.1970117e+02   2.4025164e+00
   1.1988281e+02   2.4025164e+00
   1.2006445e+02   2.4025164e+00
   1.2024609e+02   2.4025164e+00
   1.2042773e+02   2.4025164e+00
   1.2060937e+02   2.4025164e+00
   1.2079102e+02   2.4091893e+00
   1.2097266e+02   2.4091893e+00
   1.2115430e+02   2.4091893e+00
   1.2133594e+02   2.4091893e+00
   1.2151758e+02   2.4091893e+00
   1.2169922e+02   2.4272869e+00
   1.2188086e+02   2.4272869e+00
   1.2206250e+02   2.4272869e+00
   1.2224414e+02   2.4272869e+00
   1.2242578e+02   2.4272869e+00
   1.2260742e+02   2.3870927e+00
   1.2278906e+02   2.3870927e+00
   1.2297070e+02   2.3870927e+00
   1.2315234e+02   2.3870927e+00
   1.2333398e+02   2.3870927e+00
   1.2351562e+02   2.3870927e+00
   1.2369727e+02   2.4342452e+00
   1.2387891e+02   2.4342452e+00
   1.2406055e+02   2.4342452e+00
   1.2424219e+02   2.4342452e+00
   1.2442383e+02   2.4342452e+00
   1.2460547e+02   2.4079422e+00
   1.2478711e+02   2.4079422e+00
   1.2496875e+02   2.4079422e+00
   1.2515039e+02   2.4079422e+00
   1.2533203e+02   2.4079422e+00
   1.2551367e+02   2.4079422e+00
   1.2569531e+02   2.4158875e+00
   1.2587695e+02   2.4158875e+00
   1.2605859e+02   2.4158875e+00
   1.2624023e+02   2.4158875e+00
   1.2642187e+02   2.4158875e+00
   1.2660352e+02   2.3747708e+00
   1.2678516e+02   2.3747708e+00
   1.2696680e+02   2.3747708e+00
   1.2714844e+02   2.3747708e+00
   1.2733008e+02   2.3747708e+00
   1.2751172e+02   2.3747708e+00
   1.2769336e+02   2.4162502e+00
   1.2787500e+02   2.4162502e+00
   1.2805664e+02   2.4162502e+00
   1.2823828e+02   2.4162502e+00
   1.2841992e+02   2.4162502e+00
   1.2860156e+02   2.3368222e+00
   1.2878320e+02   2.3368222e+00
   1.2896484e+02   2.3368222e+00
   1.2914648e+02   2.3368222e+00
   1.2932812e+02   2.3368222e+00
   1.2950977e+02   2.3368222e+00
   1.2969141e+02   2.3437548e+00
   1.2987305e+02   2.3437548e+00
   1.3005469e+02   2.3437548e+00
   1.3023633e+02   2.3437548e+00
   1.3041797e+02   2.3437548e+00
   1.3059961e+02   2.3552051e+00
   1.3078125e+02   2.3552051e+00
   1.3096289e+02   2.3552051e+00
   1.3114453e+02   2.3552051e+00
   1.3132617e+02   2.3552051e+00
   1.3150781e+02   2.3683045e+00
   1.3168945e+02   2.3683045e+00
   1.3187109e+02   2.3683045e+00
   1.3205273e+02   2.3683045e+00
   1.3223437e+02   2.3683045e+00
   1.3241602e+02   2.3683045e+00
   1.3259766e+02   2.3585413e+00
   1.3277930e+02   2.3585413e+00
   1.3296094e+02   2.3585413e+00
   1.3314258e+02   2.3585413e+00
   1.3332422e+02   2.3585413e+00
   1.3350586e+02   2.3476487e+00
   1.3368750e+02   2.3476487e+00
   1.3386914e+02   2.3476487e+00
   1.3405078e+02   2.3476487e+00
   1.3423242e+02   2.3476487e+00
   1.3441406e+02   2.3476487e+00
   1.3459570e+02   2.3497906e+00
   1.3477734e+02   2.3497906e+00
   1.3495898e+02   2.3497906e+00
   1.3514062e+02   2.3497906e+00
   1.3532227e+02   2.3497906e+00
   1.3550391e+02   2.3583976e+00
   1.3568555e+02   2.3583976e+00
   1.3586719e+02   2.3583976e+00
   1.3604883e+02   2.3583976e+00
   1.3623047e+02   2.3583976e+00
   1.3641211e+02   2.3583976e+00
   1.3659375e+02   2.3758982e+00
   1.3677539e+02   2.3758982e+00
   1.3695703e+02   2.3758982e+00
   1.3713867e+02   2.3758982e+00
   1.3732031e+02   2.3758982e+00
   1.3750195e+02   2.3511660e+00
   1.3768359e+02   2.3511660e+00
   1.3786523e+02   2.3511660e+00
   1.3804687e+02   2.3511660e+00
   1.3822852e+02   2.3511660e+00
   1.3841016e+02   2.3511660e+00
   1.3859180e+02   2.3458555e+00
   1.3877344e+02   2.3458555e+00
   1.3895508e+02   2.3458555e+00
   1.3913672e+02   2.3458555e+00
   1.3931836e+02   2.3458555e+00
   1.3950000e+02   2.3411557e+00
   1.3968164e+02   2.3411557e+00
   1.3986328e+02   2.3411557e+00
   1.4004492e+02   2.3411557e+00
   1.4022656e+02   2.3411557e+00
   1.4040820e+02   2.3517493e+00
   1.4058984e+02   2.3517493e+00
   1.4077148e+02   2.3517493e+00
   1.4095312e+02   2.3517493e+00
   1.4113477e+02   2.3517493e+00
   1.4131641e+02   2.3517493e+00
   1.4149805e+02   2.3119445e+00
   1.4167969e+02   2.3119445e+00
   1.4186133e+02   2.3119445e+00
   1.4204297e+02   2.3119445e+00
   1.4222461e+02   2.3119445e+00
   1.4240625e+02   2.3017660e+00
   1.4258789e+02   2.3017660e+00
   1.4276953e+02   2.3017660e+00
   1.4295117e+02   2.3017660e+00
   1.4313281e+02   2.3017660e+00
   1.4331445e+02   2.3017660e+00
   1.4349609e+02   2.2714514e+00
   1.4367773e+02   2.2714514e+00
   1.4385937e+02   2.2714514e+00
   1.4404102e+02   2.2714514e+00
   1.4422266e+02   2.2714514e+00
   1.4440430e+02   2.3691712e+00
   1.4458594e+02   2.3691712e+00
   1.4476758e+02   2.3691712e+00
   1.4494922e+02   2.3691712e+00
   1.4513086e+02   2.3691712e+00
   1.4531250e+02   2.3691712e+00
   1.4549414e+02   2.3247576e+00
   1.4567578e+02   2.3247576e+00
   1.4585742e+02   2.3247576e+00
   1.4603906e+02   2.3247576e+00
   1.4622070e+02   2.3247576e+00
   1.4640234e+02   2.4121827e+00
   1.4658398e+02   2.4121827e+00
   1.4676562e+02   2.4121827e+00
   1.4694727e+02   2.4121827e+00
   1.4712891e+02   2.4121827e+00
   1.4731055e+02   2.4121827e+00
   1.4749219e+02   2.3943701e+00
   1.4767383e+02   2.3943701e+00
   1.4785547e+02   2.3943701e+00
   1.4803711e+02   2.3943701e+00
   1.4821875e+02   2.3943701e+00
   1.4840039e+02   2.3914491e+00
   1.4858203e+02   2.3914491e+00
   1.4876367e+02   2.3914491e+00
   1.4894531e+02   2.3914491e+00
   1.4912695e+02   2.3914491e+00
   1.4930859e+02   2.4338369e+00
   1.4949023e+02   2.4338369e+00
   1.4967187e+02   2.4338369e+00
   1.4985352e+02   2.4338369e+00
   1.5003516e+02   2.4338369e+00
   1.5021680e+02   2.4338369e+00
   1.5039844e+02   2.3364416e+00
   1.5058008e+02   2.3364416e+00
   1.5076172e+02   2.3364416e+00
   1.5094336e+02   2.3364416e+00
   1.5112500e+02   2.3364416e+00
   1.5130664e+02   2.3006356e+00
   1.5148828e+02   2.3006356e+00
   1.5166992e+02   2.3006356e+00
   1.5185156e+02   2.3006356e+00
   1.5203320e+02   2.3006356e+00
   1.5221484e+02   2.3006356e+00
   1.5239648e+02   2.2622850e+00
   1.5257812e+02   2.2622850e+00
   1.5275977e+02   2.2622850e+00
   1.5294141e+02   2.2622850e+00
   1.5312305e+02   2.2622850e+00
   1.5330469e+02   2.3581872e+00
   1.5348633e+02   2.3581872e+00
   1.5366797e+02   2.3581872e+00
   1.5384961e+02   2.3581872e+00
   1.5403125e+02   2.3581872e+00
   1.5421289e+02   2.3581872e+00
   1.5439453e+02   2.2886655e+00
   1.5457617e+02   2.2886655e+00
   1.5475781e+02   2.2886655e+00
   1.5493945e+02   2.2886655e+00
   1.5512109e+02   2.2886655e+00
   1.5530273e+02   2.3436592e+00
   1.5548437e+02   2.3436592e+00
   1.5566602e+02   2.3436592e+00
   1.5584766e+02   2.3436592e+00
   1.5602930e+02   2.3436592e+00
   1.5621094e+02   2.3436592e+00
   1.5639258e+02   2.3187458e+00
   1.5657422e+02   2.3187458e+00
   1.5675586e+02   2.3187458e+00
   1.5693750e+02   2.3187458e+00
   1.5711914e+02   2.3187458e+00
   1.5730078e+02   2.3043349e+00
   1.5748242e+02   2.3043349e+00
   1.5766406e+02   2.3043349e+00
   1.5784570e+02   2.3043349e+00
   1.5802734e+02   2.3043349e+00
   1.5820898e+02   2.3143184e+00
   1.5839062e+02   2.3143184e+00
   1.5857227e+02   2.3143184e+00
   1.5875391e+02   2.3143184e+00
   1.5893555e+02   2.3143184e+00
   1.5911719e+02   2.3143184e+00
   1.5929883e+02   2.3038935e+00
   1.5948047e+02   2.3038935e+00
   1.5966211e+02   2.3038935e+00
   1.5984375e+02   2.3038935e+00
   1.6002539e+02   2.3038935e+00
   1.6020703e+02   2.2988171e+00
   1.6038867e+02   2.2988171e+00
   1.6057031e+02   2.2988171e+00
   1.6075195e+02   2.2988171e+00
   1.6093359e+02   2.2988171e+00
   1.6111523e+02   2.2988171e+00
   1.6129687e+02   2.3402186e+00
   1.6147852e+02   2.3402186e+00
   1.6166016e+02   2.3402186e+00
   1.6184180e+02   2.3402186e+00
   1.6202344e+02   2.3402186e+00
   1.6220508e+02   2.2846789e+00
   1.6238672e+02   2.2846789e+00
   1.6256836e+02   2.2846789e+00
   1.6275000e+02   2.2846789e+00
   1.6293164e+02   2.2846789e+00
   1.6311328e+02   2.2846789e+00
   1.6329492e+02   2.2768245e+00
   1.6347656e+02   2.2768245e+00
   1.6365820e+02   2.2768245e+00
   1.6383984e+02   2.2768245e+00
   1.6402148e+02   2.2768245e+00
   1.6420312e+02   2.3287029e+00
   1.6438477e+02   2.3287029e+00
   1.6456641e+02   2.3287029e+00
   1.6474805e+02   2.3287029e+00
   1.6492969e+02   2.3287029e+00
   1.6511133e+02   2.3287029e+00
   1.6529297e+02   2.3159018e+00
   1.6547461e+02   2.3159018e+00
   1.6565625e+02   2.3159018e+00
   1.6583789e+02   2.3159018e+00
   1.6601953e+02   2.3159018e+00
   1.6620117e+02   2.3805941e+00
   1.6638281e+02   2.3805941e+00
   1.6656445e+02   2.3805941e+00
   1.6674609e+02   2.3805941e+00
   1.6692773e+02   2.3805941e+00
   1.6710937e+02   2.3898893e+00
   1.6729102e+02   2.3898893e+00
   1.6747266e+02   2.3898893e+00
   1.6765430e+02   2.3898893e+00
   1.6783594e+02   2.3898893e+00
   1.6801758e+02   2.3898893e+00
   1.6819922e+02   2.3635996e+00
   1.6838086e+02   2.3635996e+00
   1.6856250e+02   2.3635996e+00
   1.6874414e+02   2.3635996e+00
   1.6892578e+02   2.3635996e+00
   1.6910742e+02   2.3939007e+00
   1.6928906e+02   2.3939007e+00
   1.6947070e+02   2.3939007e+00
   1.6965234e+02   2.3939007e+00
   1.6983398e+02   2.3939007e+00
   1.7001562e+02   2.3939007e+00
   1.7019727e+02   2.3463191e+00
   1.7037891e+02   2.3463191e+00
   1.7056055e+02   2.3463191e+00
   1.7074219e+02   2.3463191e+00
   1.7092383e+02   2.3463191e+00
   1.7110547e+02   2.3117852e+00
   1.7128711e+02   2.3117852e+00
   1.7146875e+02   2.3117852e+00
   1.7165039e+02   2.3117852e+00
   1.7183203e+02   2.3117852e+00
   1.7201367e+02   2.3117852e+00
   1.7219531e+02   2.3469939e+00
   1.7237695e+02   2.3469939e+00
   1.7255859e+02   2.3469939e+00
   1.7274023e+02   2.3469939e+00
   1.7292187e+02   2.3469939e+00
   1.7310352e+02   2.3257410e+00
   1.7328516e+02   2.3257410e+00
   1.7346680e+02   2.3257410e+00
   1.7364844e+02   2.3257410e+00
   1.7383008e+02   2.3257410e+00
   1.7401172e+02   2.3257410e+00
   1.7419336e+02   2.3215993e+00
   1.7437500e+02   2.3215993e+00
   1.7455664e+02   2.3215993e+00
   1.7473828e+02   2.3215993e+00
   1.7491992e+02   2.3215993e+00
   1.7510156e+02   2.3628969e+00
   1.7528320e+02   2.3628969e+00
   1.7546484e+02   2.3628969e+00
   1.7564648e+02   2.3628969e+00
   1.7582812e+02   2.3628969e+00
   1.7600977e+02   2.3399693e+00
   1.7619141e+02   2.3399693e+00
   1.7637305e+02   2.3399693e+00
   1.7655469e+02   2.3399693e+00
   1.7673633e+02   2.3399693e+00
   1.7691797e+02   2.3399693e+00
   1.7709961e+02   2.3110311e+00
   1.7728125e+02   2.3110311e+00
   1.7746289e+02   2.3110311e+00
   1.7764453e+02   2.3110311e+00
   1.7782617e+02   2.3110311e+00
   1.7800781e+02   2.3169123e+00
   1.7818945e+02   2.3169123e+00
   1.7837109e+02   2.3169123e+00
   1.7855273e+02   2.3169123e+00
   1.7873437e+02   2.3169123e+00
   1.7891602e+02   2.3169123e+00
   1.7909766e+02   2.3059807e+00
   1.7927930e+02   2.3059807e+00
   1.7946094e+02   2.3059807e+00
   1.7964258e+02   2.3059807e+00
   1.7982422e+02   2.3059807e+00
   1.8000586e+02   2.3375804e+00
   1.8018750e+02   2.3375804e+00
   1.8036914e+02   2.3375804e+00
   1.8055078e+02   2.3375804e+00
   1.8073242e+02   2.3375804e+00
   1.8091406e+02   2.3375804e+00
   1.8109570e+02   2.3185864e+00
   1.8127734e+02   2.3185864e+00
   1.8145898e+02   2.3185864e+00
   1.8164062e+02   2.3185864e+00
   1.8182227e+02   2.3185864e+00
   1.8200391e+02   2.3087459e+00
   1.8218555e+02   2.3087459e+00
   1.8236719e+02   2.3087459e+00
   1.8254883e+02   2.3087459e+00
   1.8273047e+02   2.3087459e+00
   1.8291211e+02   2.3087459e+00
   1.8309375e+02   2.2692269e+00
   1.8327539e+02   2.2692269e+00
   1.8345703e+02   2.2692269e+00
   1.8363867e+02   2.2692269e+00
   1.8382031e+02   2.2692269e+00
   1.8400195e+02   2.3192485e+00
   1.8418359e+02   2.3192485e+00
   1.8436523e+02   2.3192485e+00
   1.8454687e+02   2.3192485e+00
   1.8472852e+02   2.3192485e+00
   1.8491016e+02   2.3306471e+00
   1.8509180e+02   2.3306471e+00
   1.8527344e+02   2.3306471e+00
   1.8545508e+02   2.3306471e+00
   1.8563672e+02   2.3306471e+00
   1.8581836e+02   2.3306471e+00
   1.8600000e+02   2.3248693e+00
   1.8618164e+02   2.3248693e+00
   1.8636328e+02   2.3248693e+00
   1.8654492e+02   2.3248693e+00
   1.8672656e+02   2.3248693e+00
   1.8690820e+02   2.2539970e+00
   1.8708984e+02   2.2539970e+00
   1.8727148e+02   2.2539970e+00
   1.8745312e+02   2.2539970e+00
   1.8763477e+02   2.2539970e+00
   1.8781641e+02   2.2539970e+00
   1.8799805e+02   2.2772876e+00
   1.8817969e+02   2.2772876e+00
   1.8836133e+02   2.2772876e+00
   1.8854297e+02   2.2772876e+00
   1.8872461e+02   2.2772876e+00
   1.8890625e+02   2.3235573e+00
   1.8908789e+02   2.3235573e+00
   1.8926953e+02   2.3235573e+00
   1.8945117e+02   2.3235573e+00
   1.8963281e+02   2.3235573e+00
   1.8981445e+02   2.3235573e+00
   1.8999609e+02   2.3487561e+00
   1.9017773e+02   2.3487561e+00
   1.9035937e+02   2.3487561e+00
   1.9054102e+02   2.3487561e+00
   1.9072266e+02   2.3487561e+00
   1.9090430e+02   2.3016684e+00
   1.9108594e+02   2.3016684e+00
   1.9126758e+02   2.3016684e+00
   1.9144922e+02   2.3016684e+00
   1.9163086e+02   2.3016684e+00
   1.9181250e+02   2.3016684e+00
   1.9199414e+02   2.2728083e+00
   1.9217578e+02   2.2728083e+00
   1.9235742e+02   2.2728083e+00
   1.9253906e+02   2.2728083e+00
   1.9272070e+02   2.2728083e+00
   1.9290234e+02   2.2813113e+00
   1.9308398e+02   2.2813113e+00
   1.9326562e+02   2.2813113e+00
   1.9344727e+02   2.2813113e+00
   1.9362891e+02   2.2813113e+00
   1.9381055e+02   2.2774684e+00
   1.9399219e+02   2.2774684e+00
   1.9417383e+02   2.2774684e+00
   1.9435547e+02   2.2774684e+00
   1.9453711e+02   2.2774684e+00
   1.9471875e+02   2.2774684e+00
   1.9490039e+02   2.3003176e+00
   1.9508203e+02   2.3003176e+00
   1.9526367e+02   2.3003176e+00
   1.9544531e+02   2.3003176e+00
   1.9562695e+02   2.3003176e+00
   1.9580859e+02   2.3240367e+00
   1.9599023e+02   2.3240367e+00
   1.9617187e+02   2.3240367e+00
   1.9635352e+02   2.3240367e+00
   1.9653516e+02   2.3240367e+00
   1.9671680e+02   2.3240367e+00
   1.9689844e+02   2.2892951e+00
   1.9708008e+02   2.2892951e+00
   1.9726172e+02   2.2892951e+00
   1.9744336e+02   2.2892951e+00
   1.9762500e+02   2.2892951e+00
   1.9780664e+02   2.2952799e+00
   1.9798828e+02   2.2952799e+00
   1.9816992e+02   2.2952799e+00
   1.9835156e+02   2.2952799e+00
   1.9853320e+02   2.2952799e+00
   1.9871484e+02   2.2952799e+00
   1.9889648e+02   2.2910212e+00
   1.9907812e+02   2.2910212e+00
   1.9925977e+02   2.2910212e+00
   1.9944141e+02   2.2910212e+00
   1.9962305e+02   2.2910212e+00
   1.9980469e+02   2.2962533e+00
   1.9998633e+02   2.2962533e+00
   2.0016797e+02   2.2962533e+00
   2.0034961e+02   2.2962533e+00
   2.0053125e+02   2.2962533e+00
   2.0071289e+02   2.2708592e+00
   2.0089453e+02   2.2708592e+00
   2.0107617e+02   2.2708592e+00
   2.0125781e+02   2.2708592e+00
   2.0143945e+02   2.2708592e+00
   2.0162109e+02   2.2708592e+00
   2.0180273e+02   2.2729234e+00
   2.0198437e+02   2.2729234e+00
   2.0216602e+02   2.2729234e+00
   2.0234766e+02   2.2729234e+00
   2.0252930e+02   2.2729234e+00
   2.0271094e+02   2.2912419e+00
   2.0289258e+02   2.2912419e+00
   2.0307422e+02   2.2912419e+00
   2.0325586e+02   2.2912419e+00
   2.0343750e+02   2.2912419e+00
   2.0361914e+02   2.2912419e+00
   2.0380078e+02   2.2457898e+00
   2.0398242e+02   2.2457898e+00
   2.0416406e+02   2.2457898e+00
   2.0434570e+02   2.2457898e+00
   2.0452734e+02   2.2457898e+00
   2.0470898e+02   2.2384155e+00
   2.0489062e+02   2.2384155e+00
   2.0507227e+02   2.2384155e+00
   2.0525391e+02   2.2384155e+00
   2.0543555e+02   2.2384155e+00
   2.0561719e+02   2.2384155e+00
   2.0579883e+02   2.1781247e+00
   2.0598047e+02   2.1781247e+00
   2.0616211e+02   2.1781247e+00
   2.0634375e+02   2.1781247e+00
   2.0652539e+02   2.1781247e+00
   2.0670703e+02   2.2095682e+00
   2.0688867e+02   2.2095682e+00
   2.0707031e+02   2.2095682e+00
   2.0725195e+02   2.2095682e+00
   2.0743359e+02   2.2095682e+00
   2.0761523e+02   2.2095682e+00
   2.0779687e+02   2.2045441e+00
   2.0797852e+02   2.2045441e+00
   2.0816016e+02   2.2045441e+00
   2.0834180e+02   2.2045441e+00
   2.0852344e+02   2.2045441e+00
   2.0870508e+02   2.2024539e+00
   2.0888672e+02   2.2024539e+00
   2.0906836e+02   2.2024539e+00
   2.0925000e+02   2.2024539e+00
   2.0943164e+02   2.2024539e+00
   2.0961328e+02   2.1761902e+00
   2.0979492e+02   2.1761902e+00
   2.0997656e+02   2.1761902e+00
   2.1015820e+02   2.1761902e+00
   2.1033984e+02   2.1761902e+00
   2.1052148e+02   2.1761902e+00
   2.1070312e+02   2.1593782e+00
   2.1088477e+02   2.1593782e+00
   2.1106641e+02   2.1593782e+00
   2.1124805e+02   2.1593782e+00
   2.1142969e+02   2.1593782e+00
   2.1161133e+02   2.1510435e+00
   2.1179297e+02   2.1510435e+00
   2.1197461e+02   2.1510435e+00
   2.1215625e+02   2.1510435e+00
   2.1233789e+02   2.1510435e+00
   2.1251953e+02   2.1510435e+00
   2.1270117e+02   2.1445520e+00
   2.1288281e+02   2.1445520e+00
   2.1306445e+02   2.1445520e+00
   2.1324609e+02   2.1445520e+00
   2.1342773e+02   2.1445520e+00
   2.1360937e+02   2.2275233e+00
   2.1379102e+02   2.2275233e+00
   2.1397266e+02   2.2275233e+00
   2.1415430e+02   2.2275233e+00
   2.1433594e+02   2.2275233e+00
   2.1451758e+02   2.2275233e+00
   2.1469922e+02   2.1819936e+00
   2.1488086e+02   2.1819936e+00
   2.1506250e+02   2.1819936e+00
   2.1524414e+02   2.1819936e+00
   2.1542578e+02   2.1819936e+00
   2.1560742e+02   2.1785530e+00
   2.1578906e+02   2.1785530e+00
   2.1597070e+02   2.1785530e+00
   2.1615234e+02   2.1785530e+00
   2.1633398e+02   2.1785530e+00
   2.1651562e+02   2.1785530e+00
   2.1669727e+02   2.1502901e+00
   2.1687891e+02   2.1502901e+00
   2.1706055e+02   2.1502901e+00
   2.1724219e+02   2.1502901e+00
   2.1742383e+02   2.1502901e+00
   2.1760547e+02   2.1503031e+00
   2.1778711e+02   2.1503031e+00
   2.1796875e+02   2.1503031e+00
   2.1815039e+02   2.1503031e+00
   2.1833203e+02   2.1503031e+00
   2.1851367e+02   2.1522896e+00
   2.1869531e+02   2.1522896e+00
   2.1887695e+02   2.1522896e+00
   2.1905859e+02   2.1522896e+00
   2.1924023e+02   2.1522896e+00
