   4.0000000e-03  -1.5000000e+01   1.8976000e+02
   4.0000000e-03  -1.3500000e+01   1.9072000e+02
   4.0000000e-03  -1.2000000e+01   1.9153000e+02
   4.0000000e-03  -1.0500000e+01   1.9219000e+02
   4.0000000e-03  -9.0000000e+00   1.9270000e+02
   4.0000000e-03  -7.5000000e+00   1.9306000e+02
   4.0000000e-03  -6.0000000e+00   1.9327000e+02
   4.0000000e-03  -4.5000000e+00   1.9332000e+02
   4.0000000e-03  -3.0000000e+00   1.9322000e+02
   4.0000000e-03  -1.5000000e+00   1.9298000e+02
   4.0000000e-03  -1.1102000e-15   1.9258000e+02
   4.0000000e-03   1.5000000e+00   1.9203000e+02
   4.0000000e-03   3.0000000e+00   1.9133000e+02
   4.0000000e-03   4.5000000e+00   1.9049000e+02
   4.0000000e-03   6.0000000e+00   1.8949000e+02
   4.0000000e-03   7.5000000e+00   1.8835000e+02
   4.0000000e-03   9.0000000e+00   1.8707000e+02
   4.0000000e-03   1.0500000e+01   1.8563000e+02
   4.0000000e-03   1.2000000e+01   1.8406000e+02
   4.0000000e-03   1.3500000e+01   1.8234000e+02
   4.0000000e-03   1.5000000e+01   1.8047000e+02
   4.6000000e-03  -1.5000000e+01   2.1853000e+02
   4.6000000e-03  -1.3500000e+01   2.1967000e+02
   4.6000000e-03  -1.2000000e+01   2.2063000e+02
   4.6000000e-03  -1.0500000e+01   2.2141000e+02
   4.6000000e-03  -9.0000000e+00   2.2203000e+02
   4.6000000e-03  -7.5000000e+00   2.2247000e+02
   4.6000000e-03  -6.0000000e+00   2.2273000e+02
   4.6000000e-03  -4.5000000e+00   2.2282000e+02
   4.6000000e-03  -3.0000000e+00   2.2274000e+02
   4.6000000e-03  -1.5000000e+00   2.2248000e+02
   4.6000000e-03  -1.1102000e-15   2.2205000e+02
   4.6000000e-03   1.5000000e+00   2.2145000e+02
   4.6000000e-03   3.0000000e+00   2.2068000e+02
   4.6000000e-03   4.5000000e+00   2.1973000e+02
   4.6000000e-03   6.0000000e+00   2.1862000e+02
   4.6000000e-03   7.5000000e+00   2.1733000e+02
   4.6000000e-03   9.0000000e+00   2.1588000e+02
   4.6000000e-03   1.0500000e+01   2.1426000e+02
   4.6000000e-03   1.2000000e+01   2.1247000e+02
   4.6000000e-03   1.3500000e+01   2.1052000e+02
   4.6000000e-03   1.5000000e+01   2.0840000e+02
   5.2000000e-03  -1.5000000e+01   2.4681000e+02
   5.2000000e-03  -1.3500000e+01   2.4812000e+02
   5.2000000e-03  -1.2000000e+01   2.4924000e+02
   5.2000000e-03  -1.0500000e+01   2.5016000e+02
   5.2000000e-03  -9.0000000e+00   2.5088000e+02
   5.2000000e-03  -7.5000000e+00   2.5141000e+02
   5.2000000e-03  -6.0000000e+00   2.5174000e+02
   5.2000000e-03  -4.5000000e+00   2.5187000e+02
   5.2000000e-03  -3.0000000e+00   2.5181000e+02
   5.2000000e-03  -1.5000000e+00   2.5155000e+02
   5.2000000e-03  -1.1102000e-15   2.5110000e+02
   5.2000000e-03   1.5000000e+00   2.5045000e+02
   5.2000000e-03   3.0000000e+00   2.4960000e+02
   5.2000000e-03   4.5000000e+00   2.4856000e+02
   5.2000000e-03   6.0000000e+00   2.4733000e+02
   5.2000000e-03   7.5000000e+00   2.4591000e+02
   5.2000000e-03   9.0000000e+00   2.4430000e+02
   5.2000000e-03   1.0500000e+01   2.4250000e+02
   5.2000000e-03   1.2000000e+01   2.4051000e+02
   5.2000000e-03   1.3500000e+01   2.3833000e+02
   5.2000000e-03   1.5000000e+01   2.3597000e+02
   5.8000000e-03  -1.5000000e+01   2.7460000e+02
   5.8000000e-03  -1.3500000e+01   2.7610000e+02
   5.8000000e-03  -1.2000000e+01   2.7738000e+02
   5.8000000e-03  -1.0500000e+01   2.7844000e+02
   5.8000000e-03  -9.0000000e+00   2.7928000e+02
   5.8000000e-03  -7.5000000e+00   2.7990000e+02
   5.8000000e-03  -6.0000000e+00   2.8030000e+02
   5.8000000e-03  -4.5000000e+00   2.8048000e+02
   5.8000000e-03  -3.0000000e+00   2.8045000e+02
   5.8000000e-03  -1.5000000e+00   2.8019000e+02
   5.8000000e-03  -1.1102000e-15   2.7972000e+02
   5.8000000e-03   1.5000000e+00   2.7903000e+02
   5.8000000e-03   3.0000000e+00   2.7812000e+02
   5.8000000e-03   4.5000000e+00   2.7700000e+02
   5.8000000e-03   6.0000000e+00   2.7566000e+02
   5.8000000e-03   7.5000000e+00   2.7411000e+02
   5.8000000e-03   9.0000000e+00   2.7234000e+02
   5.8000000e-03   1.0500000e+01   2.7037000e+02
   5.8000000e-03   1.2000000e+01   2.6818000e+02
   5.8000000e-03   1.3500000e+01   2.6579000e+02
   5.8000000e-03   1.5000000e+01   2.6318000e+02
   6.4000000e-03  -1.5000000e+01   3.0191000e+02
   6.4000000e-03  -1.3500000e+01   3.0360000e+02
   6.4000000e-03  -1.2000000e+01   3.0504000e+02
   6.4000000e-03  -1.0500000e+01   3.0625000e+02
   6.4000000e-03  -9.0000000e+00   3.0721000e+02
   6.4000000e-03  -7.5000000e+00   3.0793000e+02
   6.4000000e-03  -6.0000000e+00   3.0841000e+02
   6.4000000e-03  -4.5000000e+00   3.0865000e+02
   6.4000000e-03  -3.0000000e+00   3.0865000e+02
   6.4000000e-03  -1.5000000e+00   3.0841000e+02
   6.4000000e-03  -1.1102000e-15   3.0792000e+02
   6.4000000e-03   1.5000000e+00   3.0720000e+02
   6.4000000e-03   3.0000000e+00   3.0624000e+02
   6.4000000e-03   4.5000000e+00   3.0503000e+02
   6.4000000e-03   6.0000000e+00   3.0360000e+02
   6.4000000e-03   7.5000000e+00   3.0192000e+02
   6.4000000e-03   9.0000000e+00   3.0001000e+02
   6.4000000e-03   1.0500000e+01   2.9787000e+02
   6.4000000e-03   1.2000000e+01   2.9550000e+02
   6.4000000e-03   1.3500000e+01   2.9290000e+02
   6.4000000e-03   1.5000000e+01   2.9006000e+02
   7.0000000e-03  -1.5000000e+01   3.2872000e+02
   7.0000000e-03  -1.3500000e+01   3.3061000e+02
   7.0000000e-03  -1.2000000e+01   3.3223000e+02
   7.0000000e-03  -1.0500000e+01   3.3358000e+02
   7.0000000e-03  -9.0000000e+00   3.3468000e+02
   7.0000000e-03  -7.5000000e+00   3.3551000e+02
   7.0000000e-03  -6.0000000e+00   3.3607000e+02
   7.0000000e-03  -4.5000000e+00   3.3638000e+02
   7.0000000e-03  -3.0000000e+00   3.3642000e+02
   7.0000000e-03  -1.5000000e+00   3.3619000e+02
   7.0000000e-03  -1.1102000e-15   3.3570000e+02
   7.0000000e-03   1.5000000e+00   3.3495000e+02
   7.0000000e-03   3.0000000e+00   3.3394000e+02
   7.0000000e-03   4.5000000e+00   3.3267000e+02
   7.0000000e-03   6.0000000e+00   3.3114000e+02
   7.0000000e-03   7.5000000e+00   3.2936000e+02
   7.0000000e-03   9.0000000e+00   3.2731000e+02
   7.0000000e-03   1.0500000e+01   3.2501000e+02
   7.0000000e-03   1.2000000e+01   3.2246000e+02
   7.0000000e-03   1.3500000e+01   3.1966000e+02
   7.0000000e-03   1.5000000e+01   3.1661000e+02
   7.6000000e-03  -1.5000000e+01   3.5503000e+02
   7.6000000e-03  -1.3500000e+01   3.5712000e+02
   7.6000000e-03  -1.2000000e+01   3.5892000e+02
   7.6000000e-03  -1.0500000e+01   3.6044000e+02
   7.6000000e-03  -9.0000000e+00   3.6167000e+02
   7.6000000e-03  -7.5000000e+00   3.6262000e+02
   7.6000000e-03  -6.0000000e+00   3.6328000e+02
   7.6000000e-03  -4.5000000e+00   3.6365000e+02
   7.6000000e-03  -3.0000000e+00   3.6374000e+02
   7.6000000e-03  -1.5000000e+00   3.6354000e+02
   7.6000000e-03  -1.1102000e-15   3.6305000e+02
   7.6000000e-03   1.5000000e+00   3.6229000e+02
   7.6000000e-03   3.0000000e+00   3.6124000e+02
   7.6000000e-03   4.5000000e+00   3.5991000e+02
   7.6000000e-03   6.0000000e+00   3.5829000e+02
   7.6000000e-03   7.5000000e+00   3.5640000e+02
   7.6000000e-03   9.0000000e+00   3.5423000e+02
   7.6000000e-03   1.0500000e+01   3.5179000e+02
   7.6000000e-03   1.2000000e+01   3.4907000e+02
   7.6000000e-03   1.3500000e+01   3.4608000e+02
   7.6000000e-03   1.5000000e+01   3.4281000e+02
   8.2000000e-03  -1.5000000e+01   3.8083000e+02
   8.2000000e-03  -1.3500000e+01   3.8313000e+02
   8.2000000e-03  -1.2000000e+01   3.8512000e+02
   8.2000000e-03  -1.0500000e+01   3.8680000e+02
   8.2000000e-03  -9.0000000e+00   3.8818000e+02
   8.2000000e-03  -7.5000000e+00   3.8925000e+02
   8.2000000e-03  -6.0000000e+00   3.9001000e+02
   8.2000000e-03  -4.5000000e+00   3.9046000e+02
   8.2000000e-03  -3.0000000e+00   3.9060000e+02
   8.2000000e-03  -1.5000000e+00   3.9044000e+02
   8.2000000e-03  -1.1102000e-15   3.8997000e+02
   8.2000000e-03   1.5000000e+00   3.8919000e+02
   8.2000000e-03   3.0000000e+00   3.8811000e+02
   8.2000000e-03   4.5000000e+00   3.8672000e+02
   8.2000000e-03   6.0000000e+00   3.8504000e+02
   8.2000000e-03   7.5000000e+00   3.8305000e+02
   8.2000000e-03   9.0000000e+00   3.8076000e+02
   8.2000000e-03   1.0500000e+01   3.7818000e+02
   8.2000000e-03   1.2000000e+01   3.7530000e+02
   8.2000000e-03   1.3500000e+01   3.7213000e+02
   8.2000000e-03   1.5000000e+01   3.6866000e+02
   8.8000000e-03  -1.5000000e+01   4.0611000e+02
   8.8000000e-03  -1.3500000e+01   4.0862000e+02
   8.8000000e-03  -1.2000000e+01   4.1081000e+02
   8.8000000e-03  -1.0500000e+01   4.1266000e+02
   8.8000000e-03  -9.0000000e+00   4.1419000e+02
   8.8000000e-03  -7.5000000e+00   4.1539000e+02
   8.8000000e-03  -6.0000000e+00   4.1625000e+02
   8.8000000e-03  -4.5000000e+00   4.1679000e+02
   8.8000000e-03  -3.0000000e+00   4.1700000e+02
   8.8000000e-03  -1.5000000e+00   4.1688000e+02
   8.8000000e-03  -1.1102000e-15   4.1642000e+02
   8.8000000e-03   1.5000000e+00   4.1565000e+02
   8.8000000e-03   3.0000000e+00   4.1454000e+02
   8.8000000e-03   4.5000000e+00   4.1311000e+02
   8.8000000e-03   6.0000000e+00   4.1136000e+02
   8.8000000e-03   7.5000000e+00   4.0929000e+02
   8.8000000e-03   9.0000000e+00   4.0689000e+02
   8.8000000e-03   1.0500000e+01   4.0418000e+02
   8.8000000e-03   1.2000000e+01   4.0115000e+02
   8.8000000e-03   1.3500000e+01   3.9781000e+02
   8.8000000e-03   1.5000000e+01   3.9415000e+02
   9.4000000e-03  -1.5000000e+01   4.3067000e+02
   9.4000000e-03  -1.3500000e+01   4.3358000e+02
   9.4000000e-03  -1.2000000e+01   4.3597000e+02
   9.4000000e-03  -1.0500000e+01   4.3801000e+02
   9.4000000e-03  -9.0000000e+00   4.3969000e+02
   9.4000000e-03  -7.5000000e+00   4.4103000e+02
   9.4000000e-03  -6.0000000e+00   4.4201000e+02
   9.4000000e-03  -4.5000000e+00   4.4264000e+02
   9.4000000e-03  -3.0000000e+00   4.4291000e+02
   9.4000000e-03  -1.5000000e+00   4.4284000e+02
   9.4000000e-03  -1.1102000e-15   4.4242000e+02
   9.4000000e-03   1.5000000e+00   4.4165000e+02
   9.4000000e-03   3.0000000e+00   4.4053000e+02
   9.4000000e-03   4.5000000e+00   4.3906000e+02
   9.4000000e-03   6.0000000e+00   4.3725000e+02
   9.4000000e-03   7.5000000e+00   4.3509000e+02
   9.4000000e-03   9.0000000e+00   4.3260000e+02
   9.4000000e-03   1.0500000e+01   4.2977000e+02
   9.4000000e-03   1.2000000e+01   4.2659000e+02
   9.4000000e-03   1.3500000e+01   4.2309000e+02
   9.4000000e-03   1.5000000e+01   4.1925000e+02
   1.0000000e-02  -1.5000000e+01   4.5389000e+02
   1.0000000e-02  -1.3500000e+01   4.5713000e+02
   1.0000000e-02  -1.2000000e+01   4.6003000e+02
   1.0000000e-02  -1.0500000e+01   4.6256000e+02
   1.0000000e-02  -9.0000000e+00   4.6467000e+02
   1.0000000e-02  -7.5000000e+00   4.6615000e+02
   1.0000000e-02  -6.0000000e+00   4.6725000e+02
   1.0000000e-02  -4.5000000e+00   4.6798000e+02
   1.0000000e-02  -3.0000000e+00   4.6833000e+02
   1.0000000e-02  -1.5000000e+00   4.6831000e+02
   1.0000000e-02  -1.1102000e-15   4.6793000e+02
   1.0000000e-02   1.5000000e+00   4.6717000e+02
   1.0000000e-02   3.0000000e+00   4.6604000e+02
   1.0000000e-02   4.5000000e+00   4.6454000e+02
   1.0000000e-02   6.0000000e+00   4.6268000e+02
   1.0000000e-02   7.5000000e+00   4.6046000e+02
   1.0000000e-02   9.0000000e+00   4.5787000e+02
   1.0000000e-02   1.0500000e+01   4.5492000e+02
   1.0000000e-02   1.2000000e+01   4.5162000e+02
   1.0000000e-02   1.3500000e+01   4.4796000e+02
   1.0000000e-02   1.5000000e+01   4.4395000e+02
   1.0600000e-02  -1.5000000e+01   4.7640000e+02
   1.0600000e-02  -1.3500000e+01   4.7988000e+02
   1.0600000e-02  -1.2000000e+01   4.8299000e+02
   1.0600000e-02  -1.0500000e+01   4.8573000e+02
   1.0600000e-02  -9.0000000e+00   4.8809000e+02
   1.0600000e-02  -7.5000000e+00   4.9007000e+02
   1.0600000e-02  -6.0000000e+00   4.9167000e+02
   1.0600000e-02  -4.5000000e+00   4.9280000e+02
   1.0600000e-02  -3.0000000e+00   4.9324000e+02
   1.0600000e-02  -1.5000000e+00   4.9328000e+02
   1.0600000e-02  -1.1102000e-15   4.9293000e+02
   1.0600000e-02   1.5000000e+00   4.9220000e+02
   1.0600000e-02   3.0000000e+00   4.9107000e+02
   1.0600000e-02   4.5000000e+00   4.8955000e+02
   1.0600000e-02   6.0000000e+00   4.8765000e+02
   1.0600000e-02   7.5000000e+00   4.8536000e+02
   1.0600000e-02   9.0000000e+00   4.8268000e+02
   1.0600000e-02   1.0500000e+01   4.7963000e+02
   1.0600000e-02   1.2000000e+01   4.7620000e+02
   1.0600000e-02   1.3500000e+01   4.7240000e+02
   1.0600000e-02   1.5000000e+01   4.6822000e+02
   1.1200000e-02  -1.5000000e+01   4.9819000e+02
   1.1200000e-02  -1.3500000e+01   5.0191000e+02
   1.1200000e-02  -1.2000000e+01   5.0524000e+02
   1.1200000e-02  -1.0500000e+01   5.0818000e+02
   1.1200000e-02  -9.0000000e+00   5.1072000e+02
   1.1200000e-02  -7.5000000e+00   5.1286000e+02
   1.1200000e-02  -6.0000000e+00   5.1461000e+02
   1.1200000e-02  -4.5000000e+00   5.1596000e+02
   1.1200000e-02  -3.0000000e+00   5.1691000e+02
   1.1200000e-02  -1.5000000e+00   5.1746000e+02
   1.1200000e-02  -1.1102000e-15   5.1742000e+02
   1.1200000e-02   1.5000000e+00   5.1671000e+02
   1.1200000e-02   3.0000000e+00   5.1559000e+02
   1.1200000e-02   4.5000000e+00   5.1406000e+02
   1.1200000e-02   6.0000000e+00   5.1212000e+02
   1.1200000e-02   7.5000000e+00   5.0977000e+02
   1.1200000e-02   9.0000000e+00   5.0702000e+02
   1.1200000e-02   1.0500000e+01   5.0387000e+02
   1.1200000e-02   1.2000000e+01   5.0032000e+02
   1.1200000e-02   1.3500000e+01   4.9638000e+02
   1.1200000e-02   1.5000000e+01   4.9204000e+02
   1.1800000e-02  -1.5000000e+01   5.1925000e+02
   1.1800000e-02  -1.3500000e+01   5.2321000e+02
   1.1800000e-02  -1.2000000e+01   5.2677000e+02
   1.1800000e-02  -1.0500000e+01   5.2991000e+02
   1.1800000e-02  -9.0000000e+00   5.3263000e+02
   1.1800000e-02  -7.5000000e+00   5.3494000e+02
   1.1800000e-02  -6.0000000e+00   5.3683000e+02
   1.1800000e-02  -4.5000000e+00   5.3831000e+02
   1.1800000e-02  -3.0000000e+00   5.3937000e+02
   1.1800000e-02  -1.5000000e+00   5.4001000e+02
   1.1800000e-02  -1.1102000e-15   5.4023000e+02
   1.1800000e-02   1.5000000e+00   5.4003000e+02
   1.1800000e-02   3.0000000e+00   5.3942000e+02
   1.1800000e-02   4.5000000e+00   5.3805000e+02
   1.1800000e-02   6.0000000e+00   5.3608000e+02
   1.1800000e-02   7.5000000e+00   5.3368000e+02
   1.1800000e-02   9.0000000e+00   5.3086000e+02
   1.1800000e-02   1.0500000e+01   5.2762000e+02
   1.1800000e-02   1.2000000e+01   5.2395000e+02
   1.1800000e-02   1.3500000e+01   5.1988000e+02
   1.1800000e-02   1.5000000e+01   5.1539000e+02
   1.2400000e-02  -1.5000000e+01   5.3919000e+02
   1.2400000e-02  -1.3500000e+01   5.4341000e+02
   1.2400000e-02  -1.2000000e+01   5.4720000e+02
   1.2400000e-02  -1.0500000e+01   5.5056000e+02
   1.2400000e-02  -9.0000000e+00   5.5349000e+02
   1.2400000e-02  -7.5000000e+00   5.5598000e+02
   1.2400000e-02  -6.0000000e+00   5.5804000e+02
   1.2400000e-02  -4.5000000e+00   5.5966000e+02
   1.2400000e-02  -3.0000000e+00   5.6084000e+02
   1.2400000e-02  -1.5000000e+00   5.6159000e+02
   1.2400000e-02  -1.1102000e-15   5.6190000e+02
   1.2400000e-02   1.5000000e+00   5.6178000e+02
   1.2400000e-02   3.0000000e+00   5.6122000e+02
   1.2400000e-02   4.5000000e+00   5.6022000e+02
   1.2400000e-02   6.0000000e+00   5.5878000e+02
   1.2400000e-02   7.5000000e+00   5.5691000e+02
   1.2400000e-02   9.0000000e+00   5.5405000e+02
   1.2400000e-02   1.0500000e+01   5.5074000e+02
   1.2400000e-02   1.2000000e+01   5.4699000e+02
   1.2400000e-02   1.3500000e+01   5.4281000e+02
   1.2400000e-02   1.5000000e+01   5.3819000e+02
   1.3000000e-02  -1.5000000e+01   5.5740000e+02
   1.3000000e-02  -1.3500000e+01   5.6186000e+02
   1.3000000e-02  -1.2000000e+01   5.6587000e+02
   1.3000000e-02  -1.0500000e+01   5.6942000e+02
   1.3000000e-02  -9.0000000e+00   5.7253000e+02
   1.3000000e-02  -7.5000000e+00   5.7518000e+02
   1.3000000e-02  -6.0000000e+00   5.7738000e+02
   1.3000000e-02  -4.5000000e+00   5.7913000e+02
   1.3000000e-02  -3.0000000e+00   5.8043000e+02
   1.3000000e-02  -1.5000000e+00   5.8127000e+02
   1.3000000e-02  -1.1102000e-15   5.8165000e+02
   1.3000000e-02   1.5000000e+00   5.8158000e+02
   1.3000000e-02   3.0000000e+00   5.8106000e+02
   1.3000000e-02   4.5000000e+00   5.8009000e+02
   1.3000000e-02   6.0000000e+00   5.7866000e+02
   1.3000000e-02   7.5000000e+00   5.7677000e+02
   1.3000000e-02   9.0000000e+00   5.7444000e+02
   1.3000000e-02   1.0500000e+01   5.7165000e+02
   1.3000000e-02   1.2000000e+01   5.6815000e+02
   1.3000000e-02   1.3500000e+01   5.6387000e+02
   1.3000000e-02   1.5000000e+01   5.5913000e+02
   1.3600000e-02  -1.5000000e+01   5.7479000e+02
   1.3600000e-02  -1.3500000e+01   5.7948000e+02
   1.3600000e-02  -1.2000000e+01   5.8370000e+02
   1.3600000e-02  -1.0500000e+01   5.8746000e+02
   1.3600000e-02  -9.0000000e+00   5.9074000e+02
   1.3600000e-02  -7.5000000e+00   5.9356000e+02
   1.3600000e-02  -6.0000000e+00   5.9591000e+02
   1.3600000e-02  -4.5000000e+00   5.9778000e+02
   1.3600000e-02  -3.0000000e+00   5.9919000e+02
   1.3600000e-02  -1.5000000e+00   6.0012000e+02
   1.3600000e-02  -1.1102000e-15   6.0059000e+02
   1.3600000e-02   1.5000000e+00   6.0058000e+02
   1.3600000e-02   3.0000000e+00   6.0010000e+02
   1.3600000e-02   4.5000000e+00   5.9915000e+02
   1.3600000e-02   6.0000000e+00   5.9773000e+02
   1.3600000e-02   7.5000000e+00   5.9584000e+02
   1.3600000e-02   9.0000000e+00   5.9348000e+02
   1.3600000e-02   1.0500000e+01   5.9065000e+02
   1.3600000e-02   1.2000000e+01   5.8735000e+02
   1.3600000e-02   1.3500000e+01   5.8359000e+02
   1.3600000e-02   1.5000000e+01   5.7936000e+02
   1.4200000e-02  -1.5000000e+01   5.9135000e+02
   1.4200000e-02  -1.3500000e+01   5.9627000e+02
   1.4200000e-02  -1.2000000e+01   6.0071000e+02
   1.4200000e-02  -1.0500000e+01   6.0466000e+02
   1.4200000e-02  -9.0000000e+00   6.0813000e+02
   1.4200000e-02  -7.5000000e+00   6.1111000e+02
   1.4200000e-02  -6.0000000e+00   6.1361000e+02
   1.4200000e-02  -4.5000000e+00   6.1561000e+02
   1.4200000e-02  -3.0000000e+00   6.1713000e+02
   1.4200000e-02  -1.5000000e+00   6.1816000e+02
   1.4200000e-02  -1.1102000e-15   6.1870000e+02
   1.4200000e-02   1.5000000e+00   6.1876000e+02
   1.4200000e-02   3.0000000e+00   6.1832000e+02
   1.4200000e-02   4.5000000e+00   6.1740000e+02
   1.4200000e-02   6.0000000e+00   6.1599000e+02
   1.4200000e-02   7.5000000e+00   6.1410000e+02
   1.4200000e-02   9.0000000e+00   6.1171000e+02
   1.4200000e-02   1.0500000e+01   6.0884000e+02
   1.4200000e-02   1.2000000e+01   6.0549000e+02
   1.4200000e-02   1.3500000e+01   6.0165000e+02
   1.4200000e-02   1.5000000e+01   5.9734000e+02
   1.4800000e-02  -1.5000000e+01   6.0707000e+02
   1.4800000e-02  -1.3500000e+01   6.1222000e+02
   1.4800000e-02  -1.2000000e+01   6.1688000e+02
   1.4800000e-02  -1.0500000e+01   6.2103000e+02
   1.4800000e-02  -9.0000000e+00   6.2468000e+02
   1.4800000e-02  -7.5000000e+00   6.2783000e+02
   1.4800000e-02  -6.0000000e+00   6.3047000e+02
   1.4800000e-02  -4.5000000e+00   6.3261000e+02
   1.4800000e-02  -3.0000000e+00   6.3425000e+02
   1.4800000e-02  -1.5000000e+00   6.3538000e+02
   1.4800000e-02  -1.1102000e-15   6.3600000e+02
   1.4800000e-02   1.5000000e+00   6.3612000e+02
   1.4800000e-02   3.0000000e+00   6.3574000e+02
   1.4800000e-02   4.5000000e+00   6.3484000e+02
   1.4800000e-02   6.0000000e+00   6.3345000e+02
   1.4800000e-02   7.5000000e+00   6.3155000e+02
   1.4800000e-02   9.0000000e+00   6.2915000e+02
   1.4800000e-02   1.0500000e+01   6.2624000e+02
   1.4800000e-02   1.2000000e+01   6.2284000e+02
   1.4800000e-02   1.3500000e+01   6.1893000e+02
   1.4800000e-02   1.5000000e+01   6.1452000e+02
   1.5400000e-02  -1.5000000e+01   6.2195000e+02
   1.5400000e-02  -1.3500000e+01   6.2734000e+02
   1.5400000e-02  -1.2000000e+01   6.3221000e+02
   1.5400000e-02  -1.0500000e+01   6.3657000e+02
   1.5400000e-02  -9.0000000e+00   6.4040000e+02
   1.5400000e-02  -7.5000000e+00   6.4372000e+02
   1.5400000e-02  -6.0000000e+00   6.4651000e+02
   1.5400000e-02  -4.5000000e+00   6.4879000e+02
   1.5400000e-02  -3.0000000e+00   6.5054000e+02
   1.5400000e-02  -1.5000000e+00   6.5177000e+02
   1.5400000e-02  -1.1102000e-15   6.5248000e+02
   1.5400000e-02   1.5000000e+00   6.5266000e+02
   1.5400000e-02   3.0000000e+00   6.5233000e+02
   1.5400000e-02   4.5000000e+00   6.5147000e+02
   1.5400000e-02   6.0000000e+00   6.5009000e+02
   1.5400000e-02   7.5000000e+00   6.4819000e+02
   1.5400000e-02   9.0000000e+00   6.4577000e+02
   1.5400000e-02   1.0500000e+01   6.4284000e+02
   1.5400000e-02   1.2000000e+01   6.3938000e+02
   1.5400000e-02   1.3500000e+01   6.3540000e+02
   1.5400000e-02   1.5000000e+01   6.3091000e+02
   1.6000000e-02  -1.5000000e+01   6.3599000e+02
   1.6000000e-02  -1.3500000e+01   6.4161000e+02
   1.6000000e-02  -1.2000000e+01   6.4671000e+02
   1.6000000e-02  -1.0500000e+01   6.5126000e+02
   1.6000000e-02  -9.0000000e+00   6.5528000e+02
   1.6000000e-02  -7.5000000e+00   6.5877000e+02
   1.6000000e-02  -6.0000000e+00   6.6172000e+02
   1.6000000e-02  -4.5000000e+00   6.6413000e+02
   1.6000000e-02  -3.0000000e+00   6.6600000e+02
   1.6000000e-02  -1.5000000e+00   6.6733000e+02
   1.6000000e-02  -1.1102000e-15   6.6813000e+02
   1.6000000e-02   1.5000000e+00   6.6838000e+02
   1.6000000e-02   3.0000000e+00   6.6810000e+02
   1.6000000e-02   4.5000000e+00   6.6728000e+02
   1.6000000e-02   6.0000000e+00   6.6592000e+02
   1.6000000e-02   7.5000000e+00   6.6402000e+02
   1.6000000e-02   9.0000000e+00   6.6159000e+02
   1.6000000e-02   1.0500000e+01   6.5862000e+02
   1.6000000e-02   1.2000000e+01   6.5512000e+02
   1.6000000e-02   1.3500000e+01   6.5108000e+02
   1.6000000e-02   1.5000000e+01   6.4651000e+02
