   1.0000000e-04  -1.5000000e+01  -4.8604000e-01
   1.0000000e-04  -1.3500000e+01  -4.8505000e-01
   1.0000000e-04  -1.2000000e+01  -4.8425000e-01
   1.0000000e-04  -1.0500000e+01  -4.8363000e-01
   1.0000000e-04  -9.0000000e+00  -4.8320000e-01
   1.0000000e-04  -7.5000000e+00  -4.8296000e-01
   1.0000000e-04  -6.0000000e+00  -4.8290000e-01
   1.0000000e-04  -4.5000000e+00  -4.8303000e-01
   1.0000000e-04  -3.0000000e+00  -4.8334000e-01
   1.0000000e-04  -1.5000000e+00  -4.8383000e-01
   1.0000000e-04  -1.1102000e-15  -4.8451000e-01
   1.0000000e-04   1.5000000e+00  -4.8537000e-01
   1.0000000e-04   3.0000000e+00  -4.8642000e-01
   1.0000000e-04   4.5000000e+00  -4.8764000e-01
   1.0000000e-04   6.0000000e+00  -4.8904000e-01
   1.0000000e-04   7.5000000e+00  -4.9062000e-01
   1.0000000e-04   9.0000000e+00  -4.9238000e-01
   1.0000000e-04   1.0500000e+01  -4.9431000e-01
   1.0000000e-04   1.2000000e+01  -4.9642000e-01
   1.0000000e-04   1.3500000e+01  -4.9870000e-01
   1.0000000e-04   1.5000000e+01  -5.0115000e-01
   5.9500000e-04  -1.5000000e+01   6.1699000e-01
   5.9500000e-04  -1.3500000e+01   6.1881000e-01
   5.9500000e-04  -1.2000000e+01   6.1987000e-01
   5.9500000e-04  -1.0500000e+01   6.2018000e-01
   5.9500000e-04  -9.0000000e+00   6.1974000e-01
   5.9500000e-04  -7.5000000e+00   6.1857000e-01
   5.9500000e-04  -6.0000000e+00   6.1667000e-01
   5.9500000e-04  -4.5000000e+00   6.1405000e-01
   5.9500000e-04  -3.0000000e+00   6.1071000e-01
   5.9500000e-04  -1.5000000e+00   6.0667000e-01
   5.9500000e-04  -1.1102000e-15   6.0191000e-01
   5.9500000e-04   1.5000000e+00   5.9646000e-01
   5.9500000e-04   3.0000000e+00   5.9032000e-01
   5.9500000e-04   4.5000000e+00   5.8348000e-01
   5.9500000e-04   6.0000000e+00   5.7596000e-01
   5.9500000e-04   7.5000000e+00   5.6776000e-01
   5.9500000e-04   9.0000000e+00   5.5888000e-01
   5.9500000e-04   1.0500000e+01   5.4932000e-01
   5.9500000e-04   1.2000000e+01   5.3909000e-01
   5.9500000e-04   1.3500000e+01   5.2819000e-01
   5.9500000e-04   1.5000000e+01   5.1662000e-01
   1.0900000e-03  -1.5000000e+01   1.2787000e+00
   1.0900000e-03  -1.3500000e+01   1.2784000e+00
   1.0900000e-03  -1.2000000e+01   1.2773000e+00
   1.0900000e-03  -1.0500000e+01   1.2752000e+00
   1.0900000e-03  -9.0000000e+00   1.2723000e+00
   1.0900000e-03  -7.5000000e+00   1.2685000e+00
   1.0900000e-03  -6.0000000e+00   1.2639000e+00
   1.0900000e-03  -4.5000000e+00   1.2585000e+00
   1.0900000e-03  -3.0000000e+00   1.2522000e+00
   1.0900000e-03  -1.5000000e+00   1.2451000e+00
   1.0900000e-03  -1.1102000e-15   1.2372000e+00
   1.0900000e-03   1.5000000e+00   1.2285000e+00
   1.0900000e-03   3.0000000e+00   1.2190000e+00
   1.0900000e-03   4.5000000e+00   1.2087000e+00
   1.0900000e-03   6.0000000e+00   1.1976000e+00
   1.0900000e-03   7.5000000e+00   1.1858000e+00
   1.0900000e-03   9.0000000e+00   1.1731000e+00
   1.0900000e-03   1.0500000e+01   1.1597000e+00
   1.0900000e-03   1.2000000e+01   1.1455000e+00
   1.0900000e-03   1.3500000e+01   1.1305000e+00
   1.0900000e-03   1.5000000e+01   1.1146000e+00
   1.5850000e-03  -1.5000000e+01   1.6875000e+00
   1.5850000e-03  -1.3500000e+01   1.6854000e+00
   1.5850000e-03  -1.2000000e+01   1.6824000e+00
   1.5850000e-03  -1.0500000e+01   1.6786000e+00
   1.5850000e-03  -9.0000000e+00   1.6739000e+00
   1.5850000e-03  -7.5000000e+00   1.6684000e+00
   1.5850000e-03  -6.0000000e+00   1.6621000e+00
   1.5850000e-03  -4.5000000e+00   1.6550000e+00
   1.5850000e-03  -3.0000000e+00   1.6471000e+00
   1.5850000e-03  -1.5000000e+00   1.6384000e+00
   1.5850000e-03  -1.1102000e-15   1.6290000e+00
   1.5850000e-03   1.5000000e+00   1.6188000e+00
   1.5850000e-03   3.0000000e+00   1.6078000e+00
   1.5850000e-03   4.5000000e+00   1.5961000e+00
   1.5850000e-03   6.0000000e+00   1.5836000e+00
   1.5850000e-03   7.5000000e+00   1.5704000e+00
   1.5850000e-03   9.0000000e+00   1.5564000e+00
   1.5850000e-03   1.0500000e+01   1.5416000e+00
   1.5850000e-03   1.2000000e+01   1.5261000e+00
   1.5850000e-03   1.3500000e+01   1.5098000e+00
   1.5850000e-03   1.5000000e+01   1.4927000e+00
   2.0800000e-03  -1.5000000e+01   1.9502000e+00
   2.0800000e-03  -1.3500000e+01   1.9469000e+00
   2.0800000e-03  -1.2000000e+01   1.9428000e+00
   2.0800000e-03  -1.0500000e+01   1.9379000e+00
   2.0800000e-03  -9.0000000e+00   1.9322000e+00
   2.0800000e-03  -7.5000000e+00   1.9258000e+00
   2.0800000e-03  -6.0000000e+00   1.9186000e+00
   2.0800000e-03  -4.5000000e+00   1.9107000e+00
   2.0800000e-03  -3.0000000e+00   1.9021000e+00
   2.0800000e-03  -1.5000000e+00   1.8928000e+00
   2.0800000e-03  -1.1102000e-15   1.8828000e+00
   2.0800000e-03   1.5000000e+00   1.8721000e+00
   2.0800000e-03   3.0000000e+00   1.8607000e+00
   2.0800000e-03   4.5000000e+00   1.8486000e+00
   2.0800000e-03   6.0000000e+00   1.8358000e+00
   2.0800000e-03   7.5000000e+00   1.8224000e+00
   2.0800000e-03   9.0000000e+00   1.8082000e+00
   2.0800000e-03   1.0500000e+01   1.7933000e+00
   2.0800000e-03   1.2000000e+01   1.7778000e+00
   2.0800000e-03   1.3500000e+01   1.7615000e+00
   2.0800000e-03   1.5000000e+01   1.7444000e+00
   2.5750000e-03  -1.5000000e+01   2.1228000e+00
   2.5750000e-03  -1.3500000e+01   2.1189000e+00
   2.5750000e-03  -1.2000000e+01   2.1142000e+00
   2.5750000e-03  -1.0500000e+01   2.1087000e+00
   2.5750000e-03  -9.0000000e+00   2.1025000e+00
   2.5750000e-03  -7.5000000e+00   2.0957000e+00
   2.5750000e-03  -6.0000000e+00   2.0882000e+00
   2.5750000e-03  -4.5000000e+00   2.0800000e+00
   2.5750000e-03  -3.0000000e+00   2.0712000e+00
   2.5750000e-03  -1.5000000e+00   2.0617000e+00
   2.5750000e-03  -1.1102000e-15   2.0516000e+00
   2.5750000e-03   1.5000000e+00   2.0409000e+00
   2.5750000e-03   3.0000000e+00   2.0295000e+00
   2.5750000e-03   4.5000000e+00   2.0176000e+00
   2.5750000e-03   6.0000000e+00   2.0050000e+00
   2.5750000e-03   7.5000000e+00   1.9918000e+00
   2.5750000e-03   9.0000000e+00   1.9779000e+00
   2.5750000e-03   1.0500000e+01   1.9634000e+00
   2.5750000e-03   1.2000000e+01   1.9483000e+00
   2.5750000e-03   1.3500000e+01   1.9325000e+00
   2.5750000e-03   1.5000000e+01   1.9160000e+00
   3.0700000e-03  -1.5000000e+01   2.2370000e+00
   3.0700000e-03  -1.3500000e+01   2.2327000e+00
   3.0700000e-03  -1.2000000e+01   2.2278000e+00
   3.0700000e-03  -1.0500000e+01   2.2221000e+00
   3.0700000e-03  -9.0000000e+00   2.2158000e+00
   3.0700000e-03  -7.5000000e+00   2.2089000e+00
   3.0700000e-03  -6.0000000e+00   2.2013000e+00
   3.0700000e-03  -4.5000000e+00   2.1932000e+00
   3.0700000e-03  -3.0000000e+00   2.1844000e+00
   3.0700000e-03  -1.5000000e+00   2.1751000e+00
   3.0700000e-03  -1.1102000e-15   2.1652000e+00
   3.0700000e-03   1.5000000e+00   2.1547000e+00
   3.0700000e-03   3.0000000e+00   2.1436000e+00
   3.0700000e-03   4.5000000e+00   2.1320000e+00
   3.0700000e-03   6.0000000e+00   2.1198000e+00
   3.0700000e-03   7.5000000e+00   2.1070000e+00
   3.0700000e-03   9.0000000e+00   2.0936000e+00
   3.0700000e-03   1.0500000e+01   2.0797000e+00
   3.0700000e-03   1.2000000e+01   2.0651000e+00
   3.0700000e-03   1.3500000e+01   2.0499000e+00
   3.0700000e-03   1.5000000e+01   2.0341000e+00
   3.5650000e-03  -1.5000000e+01   2.3116000e+00
   3.5650000e-03  -1.3500000e+01   2.3073000e+00
   3.5650000e-03  -1.2000000e+01   2.3024000e+00
   3.5650000e-03  -1.0500000e+01   2.2968000e+00
   3.5650000e-03  -9.0000000e+00   2.2906000e+00
   3.5650000e-03  -7.5000000e+00   2.2838000e+00
   3.5650000e-03  -6.0000000e+00   2.2765000e+00
   3.5650000e-03  -4.5000000e+00   2.2685000e+00
   3.5650000e-03  -3.0000000e+00   2.2600000e+00
   3.5650000e-03  -1.5000000e+00   2.2510000e+00
   3.5650000e-03  -1.1102000e-15   2.2414000e+00
   3.5650000e-03   1.5000000e+00   2.2313000e+00
   3.5650000e-03   3.0000000e+00   2.2206000e+00
   3.5650000e-03   4.5000000e+00   2.2094000e+00
   3.5650000e-03   6.0000000e+00   2.1977000e+00
   3.5650000e-03   7.5000000e+00   2.1854000e+00
   3.5650000e-03   9.0000000e+00   2.1726000e+00
   3.5650000e-03   1.0500000e+01   2.1592000e+00
   3.5650000e-03   1.2000000e+01   2.1453000e+00
   3.5650000e-03   1.3500000e+01   2.1308000e+00
   3.5650000e-03   1.5000000e+01   2.1157000e+00
   4.0600000e-03  -1.5000000e+01   2.3586000e+00
   4.0600000e-03  -1.3500000e+01   2.3546000e+00
   4.0600000e-03  -1.2000000e+01   2.3499000e+00
   4.0600000e-03  -1.0500000e+01   2.3446000e+00
   4.0600000e-03  -9.0000000e+00   2.3386000e+00
   4.0600000e-03  -7.5000000e+00   2.3321000e+00
   4.0600000e-03  -6.0000000e+00   2.3251000e+00
   4.0600000e-03  -4.5000000e+00   2.3175000e+00
   4.0600000e-03  -3.0000000e+00   2.3094000e+00
   4.0600000e-03  -1.5000000e+00   2.3007000e+00
   4.0600000e-03  -1.1102000e-15   2.2916000e+00
   4.0600000e-03   1.5000000e+00   2.2819000e+00
   4.0600000e-03   3.0000000e+00   2.2717000e+00
   4.0600000e-03   4.5000000e+00   2.2610000e+00
   4.0600000e-03   6.0000000e+00   2.2498000e+00
   4.0600000e-03   7.5000000e+00   2.2381000e+00
   4.0600000e-03   9.0000000e+00   2.2259000e+00
   4.0600000e-03   1.0500000e+01   2.2132000e+00
   4.0600000e-03   1.2000000e+01   2.1999000e+00
   4.0600000e-03   1.3500000e+01   2.1860000e+00
   4.0600000e-03   1.5000000e+01   2.1716000e+00
   4.5550000e-03  -1.5000000e+01   2.3859000e+00
   4.5550000e-03  -1.3500000e+01   2.3822000e+00
   4.5550000e-03  -1.2000000e+01   2.3779000e+00
   4.5550000e-03  -1.0500000e+01   2.3729000e+00
   4.5550000e-03  -9.0000000e+00   2.3674000e+00
   4.5550000e-03  -7.5000000e+00   2.3613000e+00
   4.5550000e-03  -6.0000000e+00   2.3547000e+00
   4.5550000e-03  -4.5000000e+00   2.3476000e+00
   4.5550000e-03  -3.0000000e+00   2.3399000e+00
   4.5550000e-03  -1.5000000e+00   2.3318000e+00
   4.5550000e-03  -1.1102000e-15   2.3231000e+00
   4.5550000e-03   1.5000000e+00   2.3139000e+00
   4.5550000e-03   3.0000000e+00   2.3043000e+00
   4.5550000e-03   4.5000000e+00   2.2942000e+00
   4.5550000e-03   6.0000000e+00   2.2836000e+00
   4.5550000e-03   7.5000000e+00   2.2725000e+00
   4.5550000e-03   9.0000000e+00   2.2608000e+00
   4.5550000e-03   1.0500000e+01   2.2487000e+00
   4.5550000e-03   1.2000000e+01   2.2361000e+00
   4.5550000e-03   1.3500000e+01   2.2229000e+00
   4.5550000e-03   1.5000000e+01   2.2091000e+00
   5.0500000e-03  -1.5000000e+01   2.3986000e+00
   5.0500000e-03  -1.3500000e+01   2.3954000e+00
   5.0500000e-03  -1.2000000e+01   2.3915000e+00
   5.0500000e-03  -1.0500000e+01   2.3871000e+00
   5.0500000e-03  -9.0000000e+00   2.3820000e+00
   5.0500000e-03  -7.5000000e+00   2.3765000e+00
   5.0500000e-03  -6.0000000e+00   2.3704000e+00
   5.0500000e-03  -4.5000000e+00   2.3638000e+00
   5.0500000e-03  -3.0000000e+00   2.3567000e+00
   5.0500000e-03  -1.5000000e+00   2.3491000e+00
   5.0500000e-03  -1.1102000e-15   2.3410000e+00
   5.0500000e-03   1.5000000e+00   2.3324000e+00
   5.0500000e-03   3.0000000e+00   2.3233000e+00
   5.0500000e-03   4.5000000e+00   2.3138000e+00
   5.0500000e-03   6.0000000e+00   2.3038000e+00
   5.0500000e-03   7.5000000e+00   2.2933000e+00
   5.0500000e-03   9.0000000e+00   2.2823000e+00
   5.0500000e-03   1.0500000e+01   2.2709000e+00
   5.0500000e-03   1.2000000e+01   2.2589000e+00
   5.0500000e-03   1.3500000e+01   2.2464000e+00
   5.0500000e-03   1.5000000e+01   2.2333000e+00
   5.5450000e-03  -1.5000000e+01   2.4003000e+00
   5.5450000e-03  -1.3500000e+01   2.3976000e+00
   5.5450000e-03  -1.2000000e+01   2.3944000e+00
   5.5450000e-03  -1.0500000e+01   2.3905000e+00
   5.5450000e-03  -9.0000000e+00   2.3861000e+00
   5.5450000e-03  -7.5000000e+00   2.3811000e+00
   5.5450000e-03  -6.0000000e+00   2.3756000e+00
   5.5450000e-03  -4.5000000e+00   2.3696000e+00
   5.5450000e-03  -3.0000000e+00   2.3630000e+00
   5.5450000e-03  -1.5000000e+00   2.3560000e+00
   5.5450000e-03  -1.1102000e-15   2.3485000e+00
   5.5450000e-03   1.5000000e+00   2.3406000e+00
   5.5450000e-03   3.0000000e+00   2.3322000e+00
   5.5450000e-03   4.5000000e+00   2.3233000e+00
   5.5450000e-03   6.0000000e+00   2.3139000e+00
   5.5450000e-03   7.5000000e+00   2.3041000e+00
   5.5450000e-03   9.0000000e+00   2.2938000e+00
   5.5450000e-03   1.0500000e+01   2.2830000e+00
   5.5450000e-03   1.2000000e+01   2.2717000e+00
   5.5450000e-03   1.3500000e+01   2.2598000e+00
   5.5450000e-03   1.5000000e+01   2.2475000e+00
   6.0400000e-03  -1.5000000e+01   2.3936000e+00
   6.0400000e-03  -1.3500000e+01   2.3916000e+00
   6.0400000e-03  -1.2000000e+01   2.3890000e+00
   6.0400000e-03  -1.0500000e+01   2.3857000e+00
   6.0400000e-03  -9.0000000e+00   2.3819000e+00
   6.0400000e-03  -7.5000000e+00   2.3776000e+00
   6.0400000e-03  -6.0000000e+00   2.3727000e+00
   6.0400000e-03  -4.5000000e+00   2.3673000e+00
   6.0400000e-03  -3.0000000e+00   2.3615000e+00
   6.0400000e-03  -1.5000000e+00   2.3551000e+00
   6.0400000e-03  -1.1102000e-15   2.3483000e+00
   6.0400000e-03   1.5000000e+00   2.3410000e+00
   6.0400000e-03   3.0000000e+00   2.3332000e+00
   6.0400000e-03   4.5000000e+00   2.3250000e+00
   6.0400000e-03   6.0000000e+00   2.3163000e+00
   6.0400000e-03   7.5000000e+00   2.3071000e+00
   6.0400000e-03   9.0000000e+00   2.2975000e+00
   6.0400000e-03   1.0500000e+01   2.2874000e+00
   6.0400000e-03   1.2000000e+01   2.2768000e+00
   6.0400000e-03   1.3500000e+01   2.2657000e+00
   6.0400000e-03   1.5000000e+01   2.2541000e+00
   6.5350000e-03  -1.5000000e+01   2.3804000e+00
   6.5350000e-03  -1.3500000e+01   2.3790000e+00
   6.5350000e-03  -1.2000000e+01   2.3771000e+00
   6.5350000e-03  -1.0500000e+01   2.3745000e+00
   6.5350000e-03  -9.0000000e+00   2.3714000e+00
   6.5350000e-03  -7.5000000e+00   2.3677000e+00
   6.5350000e-03  -6.0000000e+00   2.3635000e+00
   6.5350000e-03  -4.5000000e+00   2.3588000e+00
   6.5350000e-03  -3.0000000e+00   2.3536000e+00
   6.5350000e-03  -1.5000000e+00   2.3480000e+00
   6.5350000e-03  -1.1102000e-15   2.3418000e+00
   6.5350000e-03   1.5000000e+00   2.3352000e+00
   6.5350000e-03   3.0000000e+00   2.3281000e+00
   6.5350000e-03   4.5000000e+00   2.3206000e+00
   6.5350000e-03   6.0000000e+00   2.3126000e+00
   6.5350000e-03   7.5000000e+00   2.3042000e+00
   6.5350000e-03   9.0000000e+00   2.2952000e+00
   6.5350000e-03   1.0500000e+01   2.2859000e+00
   6.5350000e-03   1.2000000e+01   2.2760000e+00
   6.5350000e-03   1.3500000e+01   2.2656000e+00
   6.5350000e-03   1.5000000e+01   2.2547000e+00
   7.0300000e-03  -1.5000000e+01   2.3620000e+00
   7.0300000e-03  -1.3500000e+01   2.3614000e+00
   7.0300000e-03  -1.2000000e+01   2.3601000e+00
   7.0300000e-03  -1.0500000e+01   2.3583000e+00
   7.0300000e-03  -9.0000000e+00   2.3558000e+00
   7.0300000e-03  -7.5000000e+00   2.3529000e+00
   7.0300000e-03  -6.0000000e+00   2.3494000e+00
   7.0300000e-03  -4.5000000e+00   2.3454000e+00
   7.0300000e-03  -3.0000000e+00   2.3409000e+00
   7.0300000e-03  -1.5000000e+00   2.3359000e+00
   7.0300000e-03  -1.1102000e-15   2.3305000e+00
   7.0300000e-03   1.5000000e+00   2.3245000e+00
   7.0300000e-03   3.0000000e+00   2.3182000e+00
   7.0300000e-03   4.5000000e+00   2.3113000e+00
   7.0300000e-03   6.0000000e+00   2.3041000e+00
   7.0300000e-03   7.5000000e+00   2.2963000e+00
   7.0300000e-03   9.0000000e+00   2.2882000e+00
   7.0300000e-03   1.0500000e+01   2.2795000e+00
   7.0300000e-03   1.2000000e+01   2.2704000e+00
   7.0300000e-03   1.3500000e+01   2.2608000e+00
   7.0300000e-03   1.5000000e+01   2.2506000e+00
   7.5250000e-03  -1.5000000e+01   2.3394000e+00
   7.5250000e-03  -1.3500000e+01   2.3395000e+00
   7.5250000e-03  -1.2000000e+01   2.3390000e+00
   7.5250000e-03  -1.0500000e+01   2.3379000e+00
   7.5250000e-03  -9.0000000e+00   2.3362000e+00
   7.5250000e-03  -7.5000000e+00   2.3340000e+00
   7.5250000e-03  -6.0000000e+00   2.3312000e+00
   7.5250000e-03  -4.5000000e+00   2.3279000e+00
   7.5250000e-03  -3.0000000e+00   2.3241000e+00
   7.5250000e-03  -1.5000000e+00   2.3198000e+00
   7.5250000e-03  -1.1102000e-15   2.3151000e+00
   7.5250000e-03   1.5000000e+00   2.3099000e+00
   7.5250000e-03   3.0000000e+00   2.3042000e+00
   7.5250000e-03   4.5000000e+00   2.2981000e+00
   7.5250000e-03   6.0000000e+00   2.2916000e+00
   7.5250000e-03   7.5000000e+00   2.2846000e+00
   7.5250000e-03   9.0000000e+00   2.2771000e+00
   7.5250000e-03   1.0500000e+01   2.2692000e+00
   7.5250000e-03   1.2000000e+01   2.2608000e+00
   7.5250000e-03   1.3500000e+01   2.2520000e+00
   7.5250000e-03   1.5000000e+01   2.2426000e+00
   8.0200000e-03  -1.5000000e+01   2.3135000e+00
   8.0200000e-03  -1.3500000e+01   2.3144000e+00
   8.0200000e-03  -1.2000000e+01   2.3146000e+00
   8.0200000e-03  -1.0500000e+01   2.3142000e+00
   8.0200000e-03  -9.0000000e+00   2.3133000e+00
   8.0200000e-03  -7.5000000e+00   2.3117000e+00
   8.0200000e-03  -6.0000000e+00   2.3097000e+00
   8.0200000e-03  -4.5000000e+00   2.3071000e+00
   8.0200000e-03  -3.0000000e+00   2.3040000e+00
   8.0200000e-03  -1.5000000e+00   2.3005000e+00
   8.0200000e-03  -1.1102000e-15   2.2965000e+00
   8.0200000e-03   1.5000000e+00   2.2920000e+00
   8.0200000e-03   3.0000000e+00   2.2870000e+00
   8.0200000e-03   4.5000000e+00   2.2817000e+00
   8.0200000e-03   6.0000000e+00   2.2758000e+00
   8.0200000e-03   7.5000000e+00   2.2695000e+00
   8.0200000e-03   9.0000000e+00   2.2628000e+00
   8.0200000e-03   1.0500000e+01   2.2556000e+00
   8.0200000e-03   1.2000000e+01   2.2480000e+00
   8.0200000e-03   1.3500000e+01   2.2399000e+00
   8.0200000e-03   1.5000000e+01   2.2313000e+00
   8.5150000e-03  -1.5000000e+01   2.2848000e+00
   8.5150000e-03  -1.3500000e+01   2.2865000e+00
   8.5150000e-03  -1.2000000e+01   2.2874000e+00
   8.5150000e-03  -1.0500000e+01   2.2878000e+00
   8.5150000e-03  -9.0000000e+00   2.2876000e+00
   8.5150000e-03  -7.5000000e+00   2.2868000e+00
   8.5150000e-03  -6.0000000e+00   2.2854000e+00
   8.5150000e-03  -4.5000000e+00   2.2836000e+00
   8.5150000e-03  -3.0000000e+00   2.2812000e+00
   8.5150000e-03  -1.5000000e+00   2.2784000e+00
   8.5150000e-03  -1.1102000e-15   2.2751000e+00
   8.5150000e-03   1.5000000e+00   2.2713000e+00
   8.5150000e-03   3.0000000e+00   2.2671000e+00
   8.5150000e-03   4.5000000e+00   2.2624000e+00
   8.5150000e-03   6.0000000e+00   2.2573000e+00
   8.5150000e-03   7.5000000e+00   2.2517000e+00
   8.5150000e-03   9.0000000e+00   2.2457000e+00
   8.5150000e-03   1.0500000e+01   2.2393000e+00
   8.5150000e-03   1.2000000e+01   2.2324000e+00
   8.5150000e-03   1.3500000e+01   2.2250000e+00
   8.5150000e-03   1.5000000e+01   2.2172000e+00
   9.0100000e-03  -1.5000000e+01   2.2539000e+00
   9.0100000e-03  -1.3500000e+01   2.2563000e+00
   9.0100000e-03  -1.2000000e+01   2.2580000e+00
   9.0100000e-03  -1.0500000e+01   2.2591000e+00
   9.0100000e-03  -9.0000000e+00   2.2596000e+00
   9.0100000e-03  -7.5000000e+00   2.2595000e+00
   9.0100000e-03  -6.0000000e+00   2.2589000e+00
   9.0100000e-03  -4.5000000e+00   2.2578000e+00
   9.0100000e-03  -3.0000000e+00   2.2561000e+00
   9.0100000e-03  -1.5000000e+00   2.2540000e+00
   9.0100000e-03  -1.1102000e-15   2.2513000e+00
   9.0100000e-03   1.5000000e+00   2.2483000e+00
   9.0100000e-03   3.0000000e+00   2.2447000e+00
   9.0100000e-03   4.5000000e+00   2.2408000e+00
   9.0100000e-03   6.0000000e+00   2.2364000e+00
   9.0100000e-03   7.5000000e+00   2.2315000e+00
   9.0100000e-03   9.0000000e+00   2.2262000e+00
   9.0100000e-03   1.0500000e+01   2.2205000e+00
   9.0100000e-03   1.2000000e+01   2.2143000e+00
   9.0100000e-03   1.3500000e+01   2.2077000e+00
   9.0100000e-03   1.5000000e+01   2.2006000e+00
   9.5050000e-03  -1.5000000e+01   2.2169000e+00
   9.5050000e-03  -1.3500000e+01   2.2234000e+00
   9.5050000e-03  -1.2000000e+01   2.2267000e+00
   9.5050000e-03  -1.0500000e+01   2.2285000e+00
   9.5050000e-03  -9.0000000e+00   2.2297000e+00
   9.5050000e-03  -7.5000000e+00   2.2303000e+00
   9.5050000e-03  -6.0000000e+00   2.2304000e+00
   9.5050000e-03  -4.5000000e+00   2.2300000e+00
   9.5050000e-03  -3.0000000e+00   2.2290000e+00
   9.5050000e-03  -1.5000000e+00   2.2276000e+00
   9.5050000e-03  -1.1102000e-15   2.2256000e+00
   9.5050000e-03   1.5000000e+00   2.2232000e+00
   9.5050000e-03   3.0000000e+00   2.2204000e+00
   9.5050000e-03   4.5000000e+00   2.2171000e+00
   9.5050000e-03   6.0000000e+00   2.2134000e+00
   9.5050000e-03   7.5000000e+00   2.2092000e+00
   9.5050000e-03   9.0000000e+00   2.2046000e+00
   9.5050000e-03   1.0500000e+01   2.1996000e+00
   9.5050000e-03   1.2000000e+01   2.1941000e+00
   9.5050000e-03   1.3500000e+01   2.1882000e+00
   9.5050000e-03   1.5000000e+01   2.1819000e+00
   1.0000000e-02  -1.5000000e+01   2.1735000e+00
   1.0000000e-02  -1.3500000e+01   2.1806000e+00
   1.0000000e-02  -1.2000000e+01   2.1872000e+00
   1.0000000e-02  -1.0500000e+01   2.1933000e+00
   1.0000000e-02  -9.0000000e+00   2.1982000e+00
   1.0000000e-02  -7.5000000e+00   2.1995000e+00
   1.0000000e-02  -6.0000000e+00   2.2003000e+00
   1.0000000e-02  -4.5000000e+00   2.2005000e+00
   1.0000000e-02  -3.0000000e+00   2.2003000e+00
   1.0000000e-02  -1.5000000e+00   2.1995000e+00
   1.0000000e-02  -1.1102000e-15   2.1982000e+00
   1.0000000e-02   1.5000000e+00   2.1965000e+00
   1.0000000e-02   3.0000000e+00   2.1943000e+00
   1.0000000e-02   4.5000000e+00   2.1917000e+00
   1.0000000e-02   6.0000000e+00   2.1886000e+00
   1.0000000e-02   7.5000000e+00   2.1851000e+00
   1.0000000e-02   9.0000000e+00   2.1812000e+00
   1.0000000e-02   1.0500000e+01   2.1768000e+00
   1.0000000e-02   1.2000000e+01   2.1720000e+00
   1.0000000e-02   1.3500000e+01   2.1668000e+00
   1.0000000e-02   1.5000000e+01   2.1611000e+00
