   0.0000000e+00   1.6988078e+01
   1.0000000e+01   1.6988581e+01
   2.0000000e+01   1.6978126e+01
   3.0000000e+01   1.6985165e+01
   4.0000000e+01   1.6979776e+01
   5.0000000e+01   1.6933392e+01
   6.0000000e+01   1.6700601e+01
   7.0000000e+01   1.6546353e+01
   8.0000000e+01   1.6491246e+01
   9.0000000e+01   1.6419457e+01
   1.0000000e+02   1.5918728e+01
   1.1000000e+02   1.5014045e+01
   1.2000000e+02   1.4484309e+01
   1.3000000e+02   1.4106904e+01
   1.4000000e+02   1.3770987e+01
   1.5000000e+02   1.3467823e+01
   1.6000000e+02   1.3236023e+01
   1.7000000e+02   1.3010048e+01
   1.8000000e+02   1.2824653e+01
   1.9000000e+02   1.2660068e+01
   2.0000000e+02   1.2484319e+01
   2.1000000e+02   1.2298549e+01
   2.2000000e+02   1.2156095e+01
   2.3000000e+02   1.2031043e+01
   2.4000000e+02   1.1946479e+01
   2.5000000e+02   1.1861126e+01
   2.6000000e+02   1.1740088e+01
   2.7000000e+02   1.1624953e+01
   2.8000000e+02   1.1536027e+01
   2.9000000e+02   1.1445157e+01
   3.0000000e+02   1.1369226e+01
   3.1000000e+02   1.1276165e+01
   3.2000000e+02   1.1209883e+01
   3.3000000e+02   1.1156862e+01
   3.4000000e+02   1.1083927e+01
   3.5000000e+02   1.1013736e+01
   3.6000000e+02   1.0926302e+01
   3.7000000e+02   1.0851663e+01
   3.8000000e+02   1.0810277e+01
   3.9000000e+02   1.0753380e+01
   4.0000000e+02   1.0687877e+01
   4.1000000e+02   1.0606037e+01
   4.2000000e+02   1.0557369e+01
   4.3000000e+02   1.0535738e+01
   4.4000000e+02   1.0493843e+01
   4.5000000e+02   1.0378067e+01
   4.6000000e+02   1.0362744e+01
   4.7000000e+02   1.0327462e+01
   4.8000000e+02   1.0318719e+01
   4.9000000e+02   1.0284506e+01
   5.0000000e+02   1.0241430e+01
   5.1000000e+02   1.0195996e+01
   5.2000000e+02   1.0166961e+01
   5.3000000e+02   1.0071093e+01
   5.4000000e+02   1.0077106e+01
   5.5000000e+02   1.0021920e+01
   5.6000000e+02   9.9838337e+00
   5.7000000e+02   9.9900060e+00
   5.8000000e+02   9.9728387e+00
   5.9000000e+02   9.9096567e+00
   6.0000000e+02   9.9068906e+00
   6.1000000e+02   9.8373706e+00
   6.2000000e+02   9.8146164e+00
   6.3000000e+02   9.8326369e+00
   6.4000000e+02   9.7986851e+00
   6.5000000e+02   9.7589748e+00
   6.6000000e+02   9.6665763e+00
   6.7000000e+02   9.6729234e+00
   6.8000000e+02   9.6699370e+00
   6.9000000e+02   9.6543287e+00
   7.0000000e+02   9.6411634e+00
   7.1000000e+02   9.6138154e+00
   7.2000000e+02   9.6017317e+00
   7.3000000e+02   9.5655052e+00
   7.4000000e+02   9.5294136e+00
   7.5000000e+02   9.5106473e+00
   7.6000000e+02   9.5143901e+00
   7.7000000e+02   9.5008186e+00
   7.8000000e+02   9.4881925e+00
   7.9000000e+02   9.4683449e+00
   8.0000000e+02   9.4484612e+00
   8.1000000e+02   9.4056128e+00
   8.2000000e+02   9.4070226e+00
   8.3000000e+02   9.3714556e+00
   8.4000000e+02   9.3429737e+00
   8.5000000e+02   9.3533351e+00
   8.6000000e+02   9.3174123e+00
   8.7000000e+02   9.3287922e+00
   8.8000000e+02   9.3047677e+00
   8.9000000e+02   9.2929011e+00
   9.0000000e+02   9.2981302e+00
   9.1000000e+02   9.3162295e+00
   9.2000000e+02   9.2571925e+00
   9.3000000e+02   9.3081936e+00
   9.4000000e+02   9.2861719e+00
   9.5000000e+02   9.2516108e+00
   9.6000000e+02   9.3252457e+00
   9.7000000e+02   9.2103295e+00
   9.8000000e+02   9.2533614e+00
   9.9000000e+02   9.2947713e+00
   1.0000000e+03   9.2699387e+00
   1.0100000e+03   9.2700121e+00
   1.0200000e+03   9.1978101e+00
   1.0300000e+03   9.2592158e+00
   1.0400000e+03   9.2070813e+00
   1.0500000e+03   9.2332153e+00
   1.0600000e+03   9.2505425e+00
   1.0700000e+03   9.2520765e+00
   1.0800000e+03   9.2071994e+00
   1.0900000e+03   9.2373607e+00
   1.1000000e+03   9.2262812e+00
   1.1100000e+03   9.1915975e+00
   1.1200000e+03   9.2124626e+00
   1.1300000e+03   9.1794857e+00
   1.1400000e+03   9.1684930e+00
   1.1500000e+03   9.2116488e+00
   1.1600000e+03   9.1558524e+00
   1.1700000e+03   9.1545489e+00
   1.1800000e+03   9.0844413e+00
   1.1900000e+03   9.0857285e+00
   1.2000000e+03   9.1164555e+00
   1.2100000e+03   9.1071933e+00
   1.2200000e+03   9.1390997e+00
   1.2300000e+03   9.1681197e+00
   1.2400000e+03   9.1055917e+00
   1.2500000e+03   9.1640153e+00
   1.2600000e+03   9.1441056e+00
   1.2700000e+03   9.1826317e+00
   1.2800000e+03   9.1944332e+00
   1.2900000e+03   9.1503782e+00
   1.3000000e+03   9.1453166e+00
   1.3100000e+03   9.1190809e+00
   1.3200000e+03   9.0695579e+00
   1.3300000e+03   9.1001131e+00
   1.3400000e+03   9.0119853e+00
   1.3500000e+03   9.0370269e+00
   1.3600000e+03   9.0401812e+00
   1.3700000e+03   8.9901151e+00
   1.3800000e+03   8.9932689e+00
   1.3900000e+03   9.0515587e+00
   1.4000000e+03   9.0362528e+00
   1.4100000e+03   9.0651138e+00
   1.4200000e+03   8.9846621e+00
   1.4300000e+03   9.0183510e+00
   1.4400000e+03   8.9888223e+00
   1.4500000e+03   8.9607297e+00
   1.4600000e+03   9.0839203e+00
   1.4700000e+03   9.0262897e+00
   1.4800000e+03   9.0101734e+00
   1.4900000e+03   9.0461961e+00
   1.5000000e+03   8.9341535e+00
   1.5100000e+03   8.9529949e+00
   1.5200000e+03   8.9680526e+00
   1.5300000e+03   8.9378845e+00
   1.5400000e+03   9.0038776e+00
   1.5500000e+03   8.9501745e+00
   1.5600000e+03   8.9559575e+00
   1.5700000e+03   8.9269796e+00
   1.5800000e+03   8.8991187e+00
   1.5900000e+03   8.9013271e+00
   1.6000000e+03   8.9246129e+00
   1.6100000e+03   8.9324836e+00
   1.6200000e+03   8.9324202e+00
   1.6300000e+03   8.9886115e+00
   1.6400000e+03   8.8727331e+00
   1.6500000e+03   8.8679654e+00
   1.6600000e+03   8.8886850e+00
   1.6700000e+03   8.8890766e+00
   1.6800000e+03   8.8864349e+00
   1.6900000e+03   8.8460707e+00
   1.7000000e+03   8.8686832e+00
   1.7100000e+03   8.8639288e+00
   1.7200000e+03   8.9313984e+00
   1.7300000e+03   8.9564546e+00
   1.7400000e+03   8.8417421e+00
   1.7500000e+03   8.8892400e+00
   1.7600000e+03   8.9026891e+00
   1.7700000e+03   8.8428565e+00
   1.7800000e+03   8.8841634e+00
   1.7900000e+03   8.8285308e+00
   1.8000000e+03   8.8727734e+00
   1.8100000e+03   8.8627248e+00
   1.8200000e+03   8.7669244e+00
   1.8300000e+03   8.8083067e+00
   1.8400000e+03   8.8393955e+00
   1.8500000e+03   8.9436283e+00
   1.8600000e+03   8.8593041e+00
   1.8700000e+03   8.8506195e+00
   1.8800000e+03   8.9159642e+00
   1.8900000e+03   8.9773898e+00
   1.9000000e+03   8.8955115e+00
   1.9100000e+03   8.9328394e+00
   1.9200000e+03   8.9562743e+00
   1.9300000e+03   8.9351599e+00
   1.9400000e+03   8.9307008e+00
   1.9500000e+03   8.9288829e+00
   1.9600000e+03   8.9784436e+00
   1.9700000e+03   8.9807037e+00
   1.9800000e+03   8.9067980e+00
   1.9900000e+03   8.9418778e+00
   2.0000000e+03   8.9126932e+00
   2.0100000e+03   8.9850020e+00
   2.0200000e+03   8.9972352e+00
   2.0300000e+03   8.9569480e+00
   2.0400000e+03   8.8759421e+00
   2.0500000e+03   8.9220891e+00
   2.0600000e+03   8.9337946e+00
   2.0700000e+03   8.9641081e+00
   2.0800000e+03   8.9340148e+00
   2.0900000e+03   8.9502274e+00
   2.1000000e+03   8.8553769e+00
   2.1100000e+03   8.8511011e+00
   2.1200000e+03   8.8949625e+00
   2.1300000e+03   8.8438872e+00
   2.1400000e+03   8.7737221e+00
   2.1500000e+03   8.8848839e+00
   2.1600000e+03   8.8333903e+00
   2.1700000e+03   8.8538524e+00
   2.1800000e+03   8.8147894e+00
   2.1900000e+03   8.8295523e+00
   2.2000000e+03   8.9034584e+00
   2.2100000e+03   8.8377662e+00
   2.2200000e+03   8.9025336e+00
   2.2300000e+03   8.9272089e+00
   2.2400000e+03   8.8749067e+00
   2.2500000e+03   8.8771658e+00
   2.2600000e+03   8.8937097e+00
   2.2700000e+03   8.7520807e+00
   2.2800000e+03   8.9281119e+00
   2.2900000e+03   8.8929809e+00
   2.3000000e+03   8.8889139e+00
   2.3100000e+03   8.9605709e+00
   2.3200000e+03   8.8677110e+00
   2.3300000e+03   8.9071874e+00
   2.3400000e+03   8.9147648e+00
   2.3500000e+03   8.8588019e+00
   2.3600000e+03   8.9018531e+00
   2.3700000e+03   8.8517736e+00
   2.3800000e+03   8.8373523e+00
   2.3900000e+03   8.8653820e+00
   2.4000000e+03   8.7861407e+00
   2.4100000e+03   8.8110634e+00
   2.4200000e+03   8.8690521e+00
   2.4300000e+03   8.7867653e+00
   2.4400000e+03   8.7678601e+00
   2.4500000e+03   8.7682398e+00
   2.4600000e+03   8.8091063e+00
   2.4700000e+03   8.7521588e+00
   2.4800000e+03   8.7563718e+00
   2.4900000e+03   8.8118928e+00
   2.5000000e+03   8.7399470e+00
   2.5100000e+03   8.7618975e+00
   2.5200000e+03   8.8234254e+00
   2.5300000e+03   8.8072353e+00
   2.5400000e+03   8.7787859e+00
   2.5500000e+03   8.7236556e+00
   2.5600000e+03   8.7170218e+00
   2.5700000e+03   8.7463309e+00
   2.5800000e+03   8.7285928e+00
   2.5900000e+03   8.7664636e+00
   2.6000000e+03   8.7997275e+00
   2.6100000e+03   8.7383705e+00
   2.6200000e+03   8.7442789e+00
   2.6300000e+03   8.7284935e+00
   2.6400000e+03   8.7890028e+00
   2.6500000e+03   8.8813238e+00
   2.6600000e+03   8.7897507e+00
   2.6700000e+03   8.8303593e+00
   2.6800000e+03   8.8437843e+00
   2.6900000e+03   8.8151757e+00
   2.7000000e+03   8.7889740e+00
   2.7100000e+03   8.8125821e+00
   2.7200000e+03   8.7779658e+00
   2.7300000e+03   8.8401805e+00
   2.7400000e+03   8.7994107e+00
   2.7500000e+03   8.7915978e+00
   2.7600000e+03   8.8502994e+00
   2.7700000e+03   8.7952935e+00
   2.7800000e+03   8.8249572e+00
   2.7900000e+03   8.8281255e+00
   2.8000000e+03   8.8267366e+00
   2.8100000e+03   8.8320174e+00
   2.8200000e+03   8.7959643e+00
   2.8300000e+03   8.7899938e+00
   2.8400000e+03   8.8528224e+00
   2.8500000e+03   8.8114020e+00
   2.8600000e+03   8.8231565e+00
   2.8700000e+03   8.8840438e+00
   2.8800000e+03   8.7956891e+00
   2.8900000e+03   8.8800015e+00
   2.9000000e+03   8.8480893e+00
   2.9100000e+03   8.9058930e+00
   2.9200000e+03   8.8400914e+00
   2.9300000e+03   8.8359879e+00
   2.9400000e+03   8.8246988e+00
   2.9500000e+03   8.7908940e+00
   2.9600000e+03   8.8029803e+00
   2.9700000e+03   8.8493128e+00
   2.9800000e+03   8.8345600e+00
   2.9900000e+03   8.8672454e+00
   3.0000000e+03   8.8710529e+00
   3.0100000e+03   8.8382440e+00
   3.0200000e+03   8.8493110e+00
   3.0300000e+03   8.7951408e+00
   3.0400000e+03   8.8471115e+00
   3.0500000e+03   8.8788264e+00
   3.0600000e+03   8.8762835e+00
   3.0700000e+03   8.8901753e+00
   3.0800000e+03   8.8752633e+00
   3.0900000e+03   8.7963916e+00
   3.1000000e+03   8.8660749e+00
   3.1100000e+03   8.7949170e+00
   3.1200000e+03   8.8491481e+00
   3.1300000e+03   8.8428219e+00
   3.1400000e+03   8.7577459e+00
   3.1500000e+03   8.8180456e+00
   3.1600000e+03   8.8453021e+00
   3.1700000e+03   8.8332273e+00
   3.1800000e+03   8.8588378e+00
   3.1900000e+03   8.8041521e+00
   3.2000000e+03   8.8021497e+00
   3.2100000e+03   8.8696097e+00
   3.2200000e+03   8.8400930e+00
   3.2300000e+03   8.8819049e+00
   3.2400000e+03   8.8877883e+00
   3.2500000e+03   8.8428686e+00
   3.2600000e+03   8.8814623e+00
   3.2700000e+03   8.8590945e+00
   3.2800000e+03   8.8643885e+00
   3.2900000e+03   8.8771752e+00
   3.3000000e+03   8.8629266e+00
   3.3100000e+03   8.8589959e+00
   3.3200000e+03   8.8730601e+00
   3.3300000e+03   8.8641548e+00
   3.3400000e+03   8.8794596e+00
   3.3500000e+03   8.8569937e+00
   3.3600000e+03   8.8708493e+00
   3.3700000e+03   8.8512330e+00
   3.3800000e+03   8.8292582e+00
   3.3900000e+03   8.8368862e+00
   3.4000000e+03   8.8490714e+00
   3.4100000e+03   8.8224289e+00
   3.4200000e+03   8.8387904e+00
   3.4300000e+03   8.7708259e+00
   3.4400000e+03   8.8571418e+00
   3.4500000e+03   8.7460867e+00
   3.4600000e+03   8.8144820e+00
   3.4700000e+03   8.8987575e+00
   3.4800000e+03   8.8284485e+00
   3.4900000e+03   8.7720305e+00
