   0.0000000e+00  -2.1622343e-03
   1.0000000e+01   2.2870275e-03
   2.0000000e+01   3.4437458e-03
   3.0000000e+01  -3.2161616e-03
   4.0000000e+01   3.7002115e-03
   5.0000000e+01   4.9256643e-03
   6.0000000e+01   1.4616419e-02
   7.0000000e+01  -5.2703745e-02
   8.0000000e+01  -1.1218180e-01
   9.0000000e+01  -1.5420159e-01
   1.0000000e+02  -1.7342158e-01
   1.1000000e+02  -2.1292596e-01
   1.2000000e+02  -2.4248531e-01
   1.3000000e+02  -2.5779703e-01
   1.4000000e+02  -2.6715632e-01
   1.5000000e+02  -2.6281786e-01
   1.6000000e+02  -2.7270439e-01
   1.7000000e+02  -3.2063353e-01
   1.8000000e+02  -2.9464139e-01
   1.9000000e+02  -2.6297803e-01
   2.0000000e+02  -2.6517918e-01
   2.1000000e+02  -2.6922264e-01
   2.2000000e+02  -2.9811204e-01
   2.3000000e+02  -3.0314819e-01
   2.4000000e+02  -2.9848206e-01
   2.5000000e+02  -2.6371705e-01
   2.6000000e+02  -3.1326101e-01
   2.7000000e+02  -3.0444073e-01
   2.8000000e+02  -3.1988998e-01
   2.9000000e+02  -3.2798318e-01
   3.0000000e+02  -3.5393125e-01
   3.1000000e+02  -3.5189306e-01
   3.2000000e+02  -3.3896693e-01
   3.3000000e+02  -3.4649845e-01
   3.4000000e+02  -3.6805838e-01
   3.5000000e+02  -3.4694331e-01
   3.6000000e+02  -3.6482550e-01
   3.7000000e+02  -3.4442017e-01
   3.8000000e+02  -3.5150038e-01
   3.9000000e+02  -3.4500168e-01
   4.0000000e+02  -3.4242694e-01
   4.1000000e+02  -3.6354763e-01
   4.2000000e+02  -3.5767334e-01
   4.3000000e+02  -3.4995456e-01
   4.4000000e+02  -3.8214894e-01
   4.5000000e+02  -3.9362802e-01
   4.6000000e+02  -3.7475103e-01
   4.7000000e+02  -3.7644094e-01
   4.8000000e+02  -3.7771513e-01
   4.9000000e+02  -4.0690177e-01
   5.0000000e+02  -3.9614810e-01
   5.1000000e+02  -3.8031128e-01
   5.2000000e+02  -3.8019132e-01
   5.3000000e+02  -3.9435758e-01
   5.4000000e+02  -4.2459604e-01
   5.5000000e+02  -4.0127951e-01
   5.6000000e+02  -4.1574083e-01
   5.7000000e+02  -4.1633051e-01
   5.8000000e+02  -4.1530777e-01
   5.9000000e+02  -4.3524401e-01
   6.0000000e+02  -4.0757789e-01
   6.1000000e+02  -4.3776874e-01
   6.2000000e+02  -3.8309270e-01
   6.3000000e+02  -3.9975401e-01
   6.4000000e+02  -4.0823864e-01
   6.5000000e+02  -4.0085924e-01
   6.6000000e+02  -4.2130747e-01
   6.7000000e+02  -4.2427834e-01
   6.8000000e+02  -4.1424710e-01
   6.9000000e+02  -3.9030708e-01
   7.0000000e+02  -4.2941803e-01
   7.1000000e+02  -4.1925194e-01
   7.2000000e+02  -3.8994591e-01
   7.3000000e+02  -4.0719255e-01
   7.4000000e+02  -3.9527857e-01
   7.5000000e+02  -3.8260801e-01
   7.6000000e+02  -3.9629837e-01
   7.7000000e+02  -4.1352070e-01
   7.8000000e+02  -4.0565240e-01
   7.9000000e+02  -4.2099360e-01
   8.0000000e+02  -3.9434079e-01
   8.1000000e+02  -4.3071474e-01
   8.2000000e+02  -4.2420302e-01
   8.3000000e+02  -3.9063345e-01
   8.4000000e+02  -4.0225908e-01
   8.5000000e+02  -3.9125107e-01
   8.6000000e+02  -4.0842375e-01
   8.7000000e+02  -4.2008758e-01
   8.8000000e+02  -3.8547959e-01
   8.9000000e+02  -3.7546136e-01
   9.0000000e+02  -4.1507340e-01
   9.1000000e+02  -4.6626096e-01
   9.2000000e+02  -4.4025500e-01
   9.3000000e+02  -4.8610165e-01
   9.4000000e+02  -4.9315585e-01
   9.5000000e+02  -5.0967040e-01
   9.6000000e+02  -4.8724434e-01
   9.7000000e+02  -4.8038955e-01
   9.8000000e+02  -4.8563464e-01
   9.9000000e+02  -4.9853095e-01
   1.0000000e+03  -5.1070487e-01
   1.0100000e+03  -5.1365071e-01
   1.0200000e+03  -5.3952635e-01
   1.0300000e+03  -5.3484591e-01
   1.0400000e+03  -5.2495823e-01
   1.0500000e+03  -5.1218642e-01
   1.0600000e+03  -5.3279529e-01
   1.0700000e+03  -5.5890426e-01
   1.0800000e+03  -5.3505883e-01
   1.0900000e+03  -5.5427463e-01
   1.1000000e+03  -5.6530150e-01
   1.1100000e+03  -5.8333145e-01
   1.1200000e+03  -5.7673199e-01
   1.1300000e+03  -5.5520856e-01
   1.1400000e+03  -5.7450923e-01
   1.1500000e+03  -5.6012417e-01
   1.1600000e+03  -5.7315519e-01
   1.1700000e+03  -5.6702094e-01
   1.1800000e+03  -5.5945745e-01
   1.1900000e+03  -5.4308133e-01
   1.2000000e+03  -5.7892145e-01
   1.2100000e+03  -5.6886348e-01
   1.2200000e+03  -5.8169956e-01
   1.2300000e+03  -5.8695712e-01
   1.2400000e+03  -5.9321678e-01
   1.2500000e+03  -5.7014049e-01
   1.2600000e+03  -5.7021497e-01
   1.2700000e+03  -5.5347099e-01
   1.2800000e+03  -5.6169805e-01
   1.2900000e+03  -5.8162236e-01
   1.3000000e+03  -5.8549864e-01
   1.3100000e+03  -5.6910923e-01
   1.3200000e+03  -5.7659157e-01
   1.3300000e+03  -5.5872419e-01
   1.3400000e+03  -5.3774051e-01
   1.3500000e+03  -5.5206774e-01
   1.3600000e+03  -5.7470689e-01
   1.3700000e+03  -5.8249586e-01
   1.3800000e+03  -5.4243200e-01
   1.3900000e+03  -5.7058366e-01
   1.4000000e+03  -5.5028357e-01
   1.4100000e+03  -5.9169740e-01
   1.4200000e+03  -5.8258095e-01
   1.4300000e+03  -5.7645927e-01
   1.4400000e+03  -5.4917921e-01
   1.4500000e+03  -5.9014067e-01
   1.4600000e+03  -5.6136937e-01
   1.4700000e+03  -5.5578595e-01
   1.4800000e+03  -5.7484329e-01
   1.4900000e+03  -5.9148037e-01
   1.5000000e+03  -5.8779009e-01
   1.5100000e+03  -5.9481886e-01
   1.5200000e+03  -6.1559941e-01
   1.5300000e+03  -6.0312097e-01
   1.5400000e+03  -6.0247477e-01
   1.5500000e+03  -6.1806298e-01
   1.5600000e+03  -6.1648834e-01
   1.5700000e+03  -6.0607678e-01
   1.5800000e+03  -6.3728649e-01
   1.5900000e+03  -6.3764347e-01
   1.6000000e+03  -6.3328230e-01
   1.6100000e+03  -6.0942468e-01
   1.6200000e+03  -6.3248017e-01
   1.6300000e+03  -6.1975753e-01
   1.6400000e+03  -6.0641144e-01
   1.6500000e+03  -6.1858784e-01
   1.6600000e+03  -6.1631628e-01
   1.6700000e+03  -5.8294815e-01
   1.6800000e+03  -6.1182035e-01
   1.6900000e+03  -5.8068934e-01
   1.7000000e+03  -5.7397985e-01
   1.7100000e+03  -5.6918927e-01
   1.7200000e+03  -5.9192530e-01
   1.7300000e+03  -5.6304290e-01
   1.7400000e+03  -5.6641769e-01
   1.7500000e+03  -5.6769015e-01
   1.7600000e+03  -5.7265351e-01
   1.7700000e+03  -5.8597798e-01
   1.7800000e+03  -5.7088397e-01
   1.7900000e+03  -5.9187283e-01
   1.8000000e+03  -5.6967744e-01
   1.8100000e+03  -5.7061956e-01
   1.8200000e+03  -5.5401031e-01
   1.8300000e+03  -5.6438865e-01
   1.8400000e+03  -5.7316533e-01
   1.8500000e+03  -5.9299248e-01
   1.8600000e+03  -5.7634584e-01
   1.8700000e+03  -5.8661362e-01
   1.8800000e+03  -5.7918337e-01
   1.8900000e+03  -5.8610222e-01
   1.9000000e+03  -5.9001463e-01
   1.9100000e+03  -5.8050501e-01
   1.9200000e+03  -5.8992970e-01
   1.9300000e+03  -5.8678859e-01
   1.9400000e+03  -5.7914956e-01
   1.9500000e+03  -5.7770733e-01
   1.9600000e+03  -5.6670679e-01
   1.9700000e+03  -5.7281814e-01
   1.9800000e+03  -5.7460284e-01
   1.9900000e+03  -5.5873758e-01
   2.0000000e+03  -5.7918707e-01
   2.0100000e+03  -5.4578174e-01
   2.0200000e+03  -5.8888013e-01
   2.0300000e+03  -5.6348079e-01
   2.0400000e+03  -5.9555412e-01
   2.0500000e+03  -5.7541072e-01
   2.0600000e+03  -6.0138502e-01
   2.0700000e+03  -5.9003004e-01
   2.0800000e+03  -5.8792814e-01
   2.0900000e+03  -6.0570140e-01
   2.1000000e+03  -6.1044522e-01
   2.1100000e+03  -6.2654470e-01
   2.1200000e+03  -6.3863557e-01
   2.1300000e+03  -6.2582710e-01
   2.1400000e+03  -6.2690467e-01
   2.1500000e+03  -6.5586522e-01
   2.1600000e+03  -6.4997564e-01
   2.1700000e+03  -6.4540592e-01
   2.1800000e+03  -6.2505553e-01
   2.1900000e+03  -6.3475054e-01
   2.2000000e+03  -6.4156098e-01
   2.2100000e+03  -6.6907852e-01
   2.2200000e+03  -6.2274025e-01
   2.2300000e+03  -6.4300800e-01
   2.2400000e+03  -5.9147512e-01
   2.2500000e+03  -6.1105785e-01
   2.2600000e+03  -6.0202627e-01
   2.2700000e+03  -6.0919032e-01
   2.2800000e+03  -6.1214958e-01
   2.2900000e+03  -6.0948652e-01
   2.3000000e+03  -6.2375256e-01
   2.3100000e+03  -6.5555992e-01
   2.3200000e+03  -5.9677777e-01
   2.3300000e+03  -6.3715322e-01
   2.3400000e+03  -6.2589651e-01
   2.3500000e+03  -6.2213277e-01
   2.3600000e+03  -6.3851351e-01
   2.3700000e+03  -6.1542442e-01
   2.3800000e+03  -5.9958370e-01
   2.3900000e+03  -6.3323548e-01
   2.4000000e+03  -6.3103637e-01
   2.4100000e+03  -6.3735654e-01
   2.4200000e+03  -6.1704183e-01
   2.4300000e+03  -6.0324210e-01
   2.4400000e+03  -6.2646722e-01
   2.4500000e+03  -6.3096662e-01
   2.4600000e+03  -6.0609287e-01
   2.4700000e+03  -6.1747345e-01
   2.4800000e+03  -6.0027551e-01
   2.4900000e+03  -6.1005504e-01
   2.5000000e+03  -5.9896901e-01
   2.5100000e+03  -6.0522795e-01
   2.5200000e+03  -5.9741775e-01
   2.5300000e+03  -6.0354209e-01
   2.5400000e+03  -6.1466596e-01
   2.5500000e+03  -6.1541240e-01
   2.5600000e+03  -5.8346123e-01
   2.5700000e+03  -6.2768538e-01
   2.5800000e+03  -6.0353219e-01
   2.5900000e+03  -6.0950948e-01
   2.6000000e+03  -6.2518007e-01
   2.6100000e+03  -6.3142633e-01
   2.6200000e+03  -6.3901727e-01
   2.6300000e+03  -6.1222400e-01
   2.6400000e+03  -6.3236865e-01
   2.6500000e+03  -6.3618312e-01
   2.6600000e+03  -6.4532714e-01
   2.6700000e+03  -6.6181755e-01
   2.6800000e+03  -6.6425077e-01
   2.6900000e+03  -6.4394773e-01
   2.7000000e+03  -6.6584150e-01
   2.7100000e+03  -6.5070924e-01
   2.7200000e+03  -6.6193187e-01
   2.7300000e+03  -6.1674222e-01
   2.7400000e+03  -6.5406193e-01
   2.7500000e+03  -6.3419906e-01
   2.7600000e+03  -6.3547115e-01
   2.7700000e+03  -6.4979806e-01
   2.7800000e+03  -6.3909105e-01
   2.7900000e+03  -6.5730520e-01
   2.8000000e+03  -6.8214510e-01
   2.8100000e+03  -6.1952385e-01
   2.8200000e+03  -6.6562046e-01
   2.8300000e+03  -6.5298173e-01
   2.8400000e+03  -6.6431425e-01
   2.8500000e+03  -6.2076220e-01
   2.8600000e+03  -6.5551480e-01
   2.8700000e+03  -6.2395408e-01
   2.8800000e+03  -6.3407597e-01
   2.8900000e+03  -6.4284071e-01
   2.9000000e+03  -6.9015978e-01
   2.9100000e+03  -6.6538254e-01
   2.9200000e+03  -6.8789979e-01
   2.9300000e+03  -7.2217744e-01
   2.9400000e+03  -7.1134738e-01
   2.9500000e+03  -6.6857585e-01
   2.9600000e+03  -7.0787699e-01
   2.9700000e+03  -6.9451642e-01
   2.9800000e+03  -6.9201098e-01
   2.9900000e+03  -6.5274808e-01
   3.0000000e+03  -6.7775843e-01
   3.0100000e+03  -6.8764798e-01
   3.0200000e+03  -6.7802796e-01
   3.0300000e+03  -6.7828501e-01
   3.0400000e+03  -6.8764906e-01
   3.0500000e+03  -6.8070612e-01
   3.0600000e+03  -6.7185630e-01
   3.0700000e+03  -6.7823758e-01
   3.0800000e+03  -6.6799423e-01
   3.0900000e+03  -6.7076936e-01
   3.1000000e+03  -7.2242894e-01
   3.1100000e+03  -6.9964313e-01
   3.1200000e+03  -6.9096419e-01
   3.1300000e+03  -6.7914385e-01
   3.1400000e+03  -6.5511195e-01
   3.1500000e+03  -6.5200753e-01
   3.1600000e+03  -6.7551429e-01
   3.1700000e+03  -6.4967335e-01
   3.1800000e+03  -6.7133421e-01
   3.1900000e+03  -6.8464630e-01
   3.2000000e+03  -6.5272981e-01
   3.2100000e+03  -6.7315598e-01
   3.2200000e+03  -6.9834991e-01
   3.2300000e+03  -6.9924243e-01
   3.2400000e+03  -6.7062604e-01
   3.2500000e+03  -6.9140699e-01
   3.2600000e+03  -7.0107646e-01
   3.2700000e+03  -6.7595605e-01
   3.2800000e+03  -6.6418452e-01
   3.2900000e+03  -7.0975600e-01
   3.3000000e+03  -7.0465858e-01
   3.3100000e+03  -6.9161544e-01
   3.3200000e+03  -7.1106420e-01
   3.3300000e+03  -7.0320400e-01
   3.3400000e+03  -7.0469534e-01
   3.3500000e+03  -7.0080799e-01
   3.3600000e+03  -6.7099342e-01
   3.3700000e+03  -7.0607651e-01
   3.3800000e+03  -6.9008722e-01
   3.3900000e+03  -7.1733497e-01
   3.4000000e+03  -6.6061509e-01
   3.4100000e+03  -6.6320646e-01
   3.4200000e+03  -6.7456241e-01
   3.4300000e+03  -6.9714016e-01
   3.4400000e+03  -6.7255751e-01
   3.4500000e+03  -6.8668829e-01
   3.4600000e+03  -6.5532158e-01
   3.4700000e+03  -6.7109021e-01
   3.4800000e+03  -6.7440276e-01
   3.4900000e+03  -6.8920588e-01
