   0.0000000e+00   1.6713312e+01
   1.0000000e+01   1.6714745e+01
   2.0000000e+01   1.6700571e+01
   3.0000000e+01   1.6717135e+01
   4.0000000e+01   1.6703847e+01
   5.0000000e+01   1.6708326e+01
   6.0000000e+01   1.6726385e+01
   7.0000000e+01   1.6705015e+01
   8.0000000e+01   1.6730518e+01
   9.0000000e+01   1.6714724e+01
   1.0000000e+02   1.6734750e+01
   1.1000000e+02   1.6785119e+01
   1.2000000e+02   1.6796195e+01
   1.3000000e+02   1.6834299e+01
   1.4000000e+02   1.6851182e+01
   1.5000000e+02   1.6857380e+01
   1.6000000e+02   1.6867465e+01
   1.7000000e+02   1.6855057e+01
   1.8000000e+02   1.6865495e+01
   1.9000000e+02   1.6881607e+01
   2.0000000e+02   1.6865934e+01
   2.1000000e+02   1.6898586e+01
   2.2000000e+02   1.6886643e+01
   2.3000000e+02   1.6891592e+01
   2.4000000e+02   1.6899279e+01
   2.5000000e+02   1.6895268e+01
   2.6000000e+02   1.6890534e+01
   2.7000000e+02   1.6917937e+01
   2.8000000e+02   1.6922458e+01
   2.9000000e+02   1.6935265e+01
   3.0000000e+02   1.6931142e+01
   3.1000000e+02   1.6923426e+01
   3.2000000e+02   1.6969566e+01
   3.3000000e+02   1.6957156e+01
   3.4000000e+02   1.6946972e+01
   3.5000000e+02   1.6969020e+01
   3.6000000e+02   1.6955315e+01
   3.7000000e+02   1.6969453e+01
   3.8000000e+02   1.6949134e+01
   3.9000000e+02   1.6964227e+01
   4.0000000e+02   1.6972608e+01
   4.1000000e+02   1.6994680e+01
   4.2000000e+02   1.6990105e+01
   4.3000000e+02   1.7015939e+01
   4.4000000e+02   1.6998835e+01
   4.5000000e+02   1.7005469e+01
   4.6000000e+02   1.7031780e+01
   4.7000000e+02   1.7006402e+01
   4.8000000e+02   1.7034621e+01
   4.9000000e+02   1.7006592e+01
   5.0000000e+02   1.7012006e+01
   5.1000000e+02   1.7006479e+01
   5.2000000e+02   1.6989414e+01
   5.3000000e+02   1.6997772e+01
   5.4000000e+02   1.7011887e+01
   5.5000000e+02   1.7006642e+01
   5.6000000e+02   1.7020511e+01
   5.7000000e+02   1.6985551e+01
   5.8000000e+02   1.6998185e+01
   5.9000000e+02   1.7008438e+01
   6.0000000e+02   1.6993608e+01
   6.1000000e+02   1.7005680e+01
   6.2000000e+02   1.6996730e+01
   6.3000000e+02   1.7008400e+01
   6.4000000e+02   1.7013383e+01
   6.5000000e+02   1.7009384e+01
   6.6000000e+02   1.7020285e+01
   6.7000000e+02   1.7005006e+01
   6.8000000e+02   1.6991118e+01
   6.9000000e+02   1.7030852e+01
   7.0000000e+02   1.7000795e+01
   7.1000000e+02   1.7022573e+01
   7.2000000e+02   1.7029356e+01
   7.3000000e+02   1.6999334e+01
   7.4000000e+02   1.7011250e+01
   7.5000000e+02   1.7004414e+01
   7.6000000e+02   1.7000476e+01
   7.7000000e+02   1.7019248e+01
   7.8000000e+02   1.7015041e+01
   7.9000000e+02   1.7034765e+01
   8.0000000e+02   1.7036108e+01
   8.1000000e+02   1.7000427e+01
   8.2000000e+02   1.7052456e+01
   8.3000000e+02   1.7024024e+01
   8.4000000e+02   1.7017041e+01
   8.5000000e+02   1.7018297e+01
   8.6000000e+02   1.7002283e+01
   8.7000000e+02   1.7033581e+01
   8.8000000e+02   1.7030571e+01
   8.9000000e+02   1.7017832e+01
   9.0000000e+02   1.7021875e+01
   9.1000000e+02   1.6976489e+01
   9.2000000e+02   1.7020611e+01
   9.3000000e+02   1.7000075e+01
   9.4000000e+02   1.7006955e+01
   9.5000000e+02   1.7010644e+01
   9.6000000e+02   1.6989411e+01
   9.7000000e+02   1.7005555e+01
   9.8000000e+02   1.7017728e+01
   9.9000000e+02   1.6981143e+01
   1.0000000e+03   1.7022150e+01
   1.0100000e+03   1.6996910e+01
   1.0200000e+03   1.6999366e+01
   1.0300000e+03   1.7030056e+01
   1.0400000e+03   1.6995356e+01
   1.0500000e+03   1.7045517e+01
   1.0600000e+03   1.7033036e+01
   1.0700000e+03   1.6991367e+01
   1.0800000e+03   1.7043545e+01
   1.0900000e+03   1.6986940e+01
   1.1000000e+03   1.7055801e+01
   1.1100000e+03   1.7055885e+01
   1.1200000e+03   1.7003963e+01
   1.1300000e+03   1.7067983e+01
   1.1400000e+03   1.7050773e+01
   1.1500000e+03   1.7028466e+01
   1.1600000e+03   1.7096017e+01
   1.1700000e+03   1.7038987e+01
   1.1800000e+03   1.7079758e+01
   1.1900000e+03   1.7038309e+01
   1.2000000e+03   1.7036840e+01
   1.2100000e+03   1.7096129e+01
   1.2200000e+03   1.7034062e+01
   1.2300000e+03   1.7053653e+01
   1.2400000e+03   1.7071778e+01
   1.2500000e+03   1.7050962e+01
   1.2600000e+03   1.7059248e+01
   1.2700000e+03   1.7084118e+01
   1.2800000e+03   1.7061726e+01
   1.2900000e+03   1.7089409e+01
   1.3000000e+03   1.7036301e+01
   1.3100000e+03   1.7067320e+01
   1.3200000e+03   1.7126949e+01
   1.3300000e+03   1.7070506e+01
   1.3400000e+03   1.7082896e+01
   1.3500000e+03   1.7086683e+01
   1.3600000e+03   1.7064974e+01
   1.3700000e+03   1.7095734e+01
   1.3800000e+03   1.7038030e+01
   1.3900000e+03   1.7102536e+01
   1.4000000e+03   1.7070121e+01
   1.4100000e+03   1.7059363e+01
   1.4200000e+03   1.7071498e+01
   1.4300000e+03   1.7091320e+01
   1.4400000e+03   1.7048468e+01
   1.4500000e+03   1.7092734e+01
   1.4600000e+03   1.7061358e+01
   1.4700000e+03   1.7084590e+01
   1.4800000e+03   1.7081790e+01
   1.4900000e+03   1.7053775e+01
   1.5000000e+03   1.7112269e+01
   1.5100000e+03   1.7129855e+01
   1.5200000e+03   1.7104433e+01
   1.5300000e+03   1.7155689e+01
   1.5400000e+03   1.7139616e+01
   1.5500000e+03   1.7178135e+01
   1.5600000e+03   1.7158579e+01
   1.5700000e+03   1.7118831e+01
   1.5800000e+03   1.7186315e+01
   1.5900000e+03   1.7143464e+01
   1.6000000e+03   1.7135750e+01
   1.6100000e+03   1.7200007e+01
   1.6200000e+03   1.7147466e+01
   1.6300000e+03   1.7124426e+01
   1.6400000e+03   1.7121980e+01
   1.6500000e+03   1.7117468e+01
   1.6600000e+03   1.7177559e+01
   1.6700000e+03   1.7160301e+01
   1.6800000e+03   1.7162317e+01
   1.6900000e+03   1.7183458e+01
   1.7000000e+03   1.7151621e+01
   1.7100000e+03   1.7147819e+01
   1.7200000e+03   1.7175475e+01
   1.7300000e+03   1.7147463e+01
   1.7400000e+03   1.7193316e+01
   1.7500000e+03   1.7154427e+01
   1.7600000e+03   1.7168505e+01
   1.7700000e+03   1.7186298e+01
   1.7800000e+03   1.7163076e+01
   1.7900000e+03   1.7168329e+01
   1.8000000e+03   1.7206311e+01
   1.8100000e+03   1.7121310e+01
   1.8200000e+03   1.7189235e+01
   1.8300000e+03   1.7150065e+01
   1.8400000e+03   1.7189124e+01
   1.8500000e+03   1.7138184e+01
   1.8600000e+03   1.7125570e+01
   1.8700000e+03   1.7161745e+01
   1.8800000e+03   1.7167549e+01
   1.8900000e+03   1.7154129e+01
   1.9000000e+03   1.7167633e+01
   1.9100000e+03   1.7140452e+01
   1.9200000e+03   1.7182811e+01
   1.9300000e+03   1.7151121e+01
   1.9400000e+03   1.7156901e+01
   1.9500000e+03   1.7180170e+01
   1.9600000e+03   1.7140548e+01
   1.9700000e+03   1.7156033e+01
   1.9800000e+03   1.7160054e+01
   1.9900000e+03   1.7144801e+01
   2.0000000e+03   1.7161043e+01
   2.0100000e+03   1.7159149e+01
   2.0200000e+03   1.7136026e+01
   2.0300000e+03   1.7200432e+01
   2.0400000e+03   1.7169525e+01
   2.0500000e+03   1.7164122e+01
   2.0600000e+03   1.7212921e+01
   2.0700000e+03   1.7166921e+01
   2.0800000e+03   1.7176917e+01
   2.0900000e+03   1.7200247e+01
   2.1000000e+03   1.7187145e+01
   2.1100000e+03   1.7187767e+01
   2.1200000e+03   1.7206329e+01
   2.1300000e+03   1.7162942e+01
   2.1400000e+03   1.7211788e+01
   2.1500000e+03   1.7163793e+01
   2.1600000e+03   1.7181523e+01
   2.1700000e+03   1.7210705e+01
   2.1800000e+03   1.7160694e+01
   2.1900000e+03   1.7177705e+01
   2.2000000e+03   1.7165090e+01
   2.2100000e+03   1.7153136e+01
   2.2200000e+03   1.7175781e+01
   2.2300000e+03   1.7117202e+01
   2.2400000e+03   1.7162689e+01
   2.2500000e+03   1.7163776e+01
   2.2600000e+03   1.7131473e+01
   2.2700000e+03   1.7173538e+01
   2.2800000e+03   1.7141554e+01
   2.2900000e+03   1.7150950e+01
   2.3000000e+03   1.7165945e+01
   2.3100000e+03   1.7122068e+01
   2.3200000e+03   1.7192450e+01
   2.3300000e+03   1.7185055e+01
   2.3400000e+03   1.7147082e+01
   2.3500000e+03   1.7208432e+01
   2.3600000e+03   1.7137950e+01
   2.3700000e+03   1.7180309e+01
   2.3800000e+03   1.7198933e+01
   2.3900000e+03   1.7144389e+01
   2.4000000e+03   1.7185598e+01
   2.4100000e+03   1.7186709e+01
   2.4200000e+03   1.7152220e+01
   2.4300000e+03   1.7186452e+01
   2.4400000e+03   1.7156032e+01
   2.4500000e+03   1.7170574e+01
   2.4600000e+03   1.7173849e+01
   2.4700000e+03   1.7144358e+01
   2.4800000e+03   1.7195223e+01
   2.4900000e+03   1.7169191e+01
   2.5000000e+03   1.7161466e+01
   2.5100000e+03   1.7209544e+01
   2.5200000e+03   1.7181129e+01
   2.5300000e+03   1.7154572e+01
   2.5400000e+03   1.7230293e+01
   2.5500000e+03   1.7168710e+01
   2.5600000e+03   1.7214588e+01
   2.5700000e+03   1.7188252e+01
   2.5800000e+03   1.7175480e+01
   2.5900000e+03   1.7195511e+01
   2.6000000e+03   1.7157783e+01
   2.6100000e+03   1.7173598e+01
   2.6200000e+03   1.7198749e+01
   2.6300000e+03   1.7120580e+01
   2.6400000e+03   1.7210040e+01
   2.6500000e+03   1.7171861e+01
   2.6600000e+03   1.7171542e+01
   2.6700000e+03   1.7218910e+01
   2.6800000e+03   1.7152622e+01
   2.6900000e+03   1.7195213e+01
   2.7000000e+03   1.7207457e+01
   2.7100000e+03   1.7132723e+01
   2.7200000e+03   1.7192326e+01
   2.7300000e+03   1.7147875e+01
   2.7400000e+03   1.7170704e+01
   2.7500000e+03   1.7196832e+01
   2.7600000e+03   1.7144011e+01
   2.7700000e+03   1.7168930e+01
   2.7800000e+03   1.7153163e+01
   2.7900000e+03   1.7127986e+01
   2.8000000e+03   1.7183030e+01
   2.8100000e+03   1.7173191e+01
   2.8200000e+03   1.7161934e+01
   2.8300000e+03   1.7146938e+01
   2.8400000e+03   1.7146986e+01
   2.8500000e+03   1.7182635e+01
   2.8600000e+03   1.7130705e+01
   2.8700000e+03   1.7138807e+01
   2.8800000e+03   1.7199045e+01
   2.8900000e+03   1.7167062e+01
   2.9000000e+03   1.7200560e+01
   2.9100000e+03   1.7172621e+01
   2.9200000e+03   1.7177045e+01
   2.9300000e+03   1.7193164e+01
   2.9400000e+03   1.7161033e+01
   2.9500000e+03   1.7173376e+01
   2.9600000e+03   1.7180061e+01
   2.9700000e+03   1.7177860e+01
   2.9800000e+03   1.7194762e+01
   2.9900000e+03   1.7224959e+01
   3.0000000e+03   1.7168840e+01
   3.0100000e+03   1.7193551e+01
   3.0200000e+03   1.7166248e+01
   3.0300000e+03   1.7183174e+01
   3.0400000e+03   1.7177063e+01
   3.0500000e+03   1.7144994e+01
   3.0600000e+03   1.7190066e+01
   3.0700000e+03   1.7189491e+01
   3.0800000e+03   1.7163741e+01
   3.0900000e+03   1.7195332e+01
   3.1000000e+03   1.7158314e+01
   3.1100000e+03   1.7181094e+01
   3.1200000e+03   1.7199059e+01
   3.1300000e+03   1.7153754e+01
   3.1400000e+03   1.7215862e+01
   3.1500000e+03   1.7187851e+01
   3.1600000e+03   1.7158776e+01
   3.1700000e+03   1.7208529e+01
   3.1800000e+03   1.7156918e+01
   3.1900000e+03   1.7218146e+01
   3.2000000e+03   1.7200597e+01
   3.2100000e+03   1.7179246e+01
   3.2200000e+03   1.7218842e+01
   3.2300000e+03   1.7201696e+01
   3.2400000e+03   1.7172023e+01
   3.2500000e+03   1.7213013e+01
   3.2600000e+03   1.7186163e+01
   3.2700000e+03   1.7208723e+01
   3.2800000e+03   1.7201916e+01
   3.2900000e+03   1.7179343e+01
   3.3000000e+03   1.7229950e+01
   3.3100000e+03   1.7207464e+01
   3.3200000e+03   1.7189645e+01
   3.3300000e+03   1.7234655e+01
   3.3400000e+03   1.7193458e+01
   3.3500000e+03   1.7233103e+01
   3.3600000e+03   1.7199752e+01
   3.3700000e+03   1.7228068e+01
   3.3800000e+03   1.7257752e+01
   3.3900000e+03   1.7184305e+01
   3.4000000e+03   1.7229400e+01
   3.4100000e+03   1.7222630e+01
   3.4200000e+03   1.7184574e+01
   3.4300000e+03   1.7220981e+01
   3.4400000e+03   1.7193777e+01
   3.4500000e+03   1.7178256e+01
   3.4600000e+03   1.7201256e+01
   3.4700000e+03   1.7176668e+01
   3.4800000e+03   1.7210508e+01
   3.4900000e+03   1.7235879e+01
