   0.0000000e+00  -1.8232679e-04
   1.0000000e+01   7.9867019e-03
   2.0000000e+01  -1.7736287e-03
   3.0000000e+01  -1.0528826e-02
   4.0000000e+01  -7.3243829e-03
   5.0000000e+01  -6.3303711e-03
   6.0000000e+01  -2.7296083e-02
   7.0000000e+01  -4.2627965e-02
   8.0000000e+01  -4.4998695e-02
   9.0000000e+01  -4.3603882e-02
   1.0000000e+02  -4.9361771e-02
   1.1000000e+02  -4.9164991e-02
   1.2000000e+02  -5.2490291e-02
   1.3000000e+02  -4.8993557e-02
   1.4000000e+02  -4.3954930e-02
   1.5000000e+02  -4.8906341e-02
   1.6000000e+02  -4.3930583e-02
   1.7000000e+02  -5.8896436e-02
   1.8000000e+02  -5.2405073e-02
   1.9000000e+02  -5.4409597e-02
   2.0000000e+02  -5.4288855e-02
   2.1000000e+02  -4.6254612e-02
   2.2000000e+02  -6.3543551e-02
   2.3000000e+02  -5.1391636e-02
   2.4000000e+02  -5.8570725e-02
   2.5000000e+02  -7.1875054e-02
   2.6000000e+02  -7.7538645e-02
   2.7000000e+02  -7.9864697e-02
   2.8000000e+02  -8.3474042e-02
   2.9000000e+02  -1.0806551e-01
   3.0000000e+02  -1.0940145e-01
   3.1000000e+02  -1.2734139e-01
   3.2000000e+02  -1.1951957e-01
   3.3000000e+02  -1.4006481e-01
   3.4000000e+02  -1.5211088e-01
   3.5000000e+02  -1.7744923e-01
   3.6000000e+02  -1.9766462e-01
   3.7000000e+02  -2.1999660e-01
   3.8000000e+02  -2.3521271e-01
   3.9000000e+02  -2.6146976e-01
   4.0000000e+02  -2.6981345e-01
   4.1000000e+02  -2.8211827e-01
   4.2000000e+02  -2.9924249e-01
   4.3000000e+02  -3.1823882e-01
   4.4000000e+02  -3.4766605e-01
   4.5000000e+02  -3.6914404e-01
   4.6000000e+02  -3.8371421e-01
   4.7000000e+02  -4.0678274e-01
   4.8000000e+02  -4.2432352e-01
   4.9000000e+02  -4.5329860e-01
   5.0000000e+02  -4.7204878e-01
   5.1000000e+02  -5.0871785e-01
   5.2000000e+02  -5.1185117e-01
   5.3000000e+02  -5.6204870e-01
   5.4000000e+02  -5.7627610e-01
   5.5000000e+02  -5.9384248e-01
   5.6000000e+02  -6.1877369e-01
   5.7000000e+02  -6.4120981e-01
   5.8000000e+02  -6.6761030e-01
   5.9000000e+02  -6.8756375e-01
   6.0000000e+02  -7.1704747e-01
   6.1000000e+02  -7.5237895e-01
   6.2000000e+02  -7.6714707e-01
   6.3000000e+02  -7.9219186e-01
   6.4000000e+02  -8.1207392e-01
   6.5000000e+02  -8.2769841e-01
   6.6000000e+02  -8.6908668e-01
   6.7000000e+02  -8.8693706e-01
   6.8000000e+02  -9.0850855e-01
   6.9000000e+02  -9.1150771e-01
   7.0000000e+02  -9.4205915e-01
   7.1000000e+02  -9.6651852e-01
   7.2000000e+02  -9.8576492e-01
   7.3000000e+02  -1.0165139e+00
   7.4000000e+02  -1.0317854e+00
   7.5000000e+02  -1.0542036e+00
   7.6000000e+02  -1.0865083e+00
   7.7000000e+02  -1.1114229e+00
   7.8000000e+02  -1.1272587e+00
   7.9000000e+02  -1.1430834e+00
   8.0000000e+02  -1.1654537e+00
   8.1000000e+02  -1.1944327e+00
   8.2000000e+02  -1.2023279e+00
   8.3000000e+02  -1.2361414e+00
   8.4000000e+02  -1.2503397e+00
   8.5000000e+02  -1.2674509e+00
   8.6000000e+02  -1.2976669e+00
   8.7000000e+02  -1.3253899e+00
   8.8000000e+02  -1.3381694e+00
   8.9000000e+02  -1.3541800e+00
   9.0000000e+02  -1.4003578e+00
   9.1000000e+02  -1.4455704e+00
   9.2000000e+02  -1.4551068e+00
   9.3000000e+02  -1.4824142e+00
   9.4000000e+02  -1.5176166e+00
   9.5000000e+02  -1.5313638e+00
   9.6000000e+02  -1.5598355e+00
   9.7000000e+02  -1.5859942e+00
   9.8000000e+02  -1.6007822e+00
   9.9000000e+02  -1.6309075e+00
   1.0000000e+03  -1.6375178e+00
   1.0100000e+03  -1.6839595e+00
   1.0200000e+03  -1.7035946e+00
   1.0300000e+03  -1.7140249e+00
   1.0400000e+03  -1.7622687e+00
   1.0500000e+03  -1.7778531e+00
   1.0600000e+03  -1.7945404e+00
   1.0700000e+03  -1.8355769e+00
   1.0800000e+03  -1.8333255e+00
   1.0900000e+03  -1.8860676e+00
   1.1000000e+03  -1.8868774e+00
   1.1100000e+03  -1.9105192e+00
   1.1200000e+03  -1.9425234e+00
   1.1300000e+03  -1.9421328e+00
   1.1400000e+03  -1.9693747e+00
   1.1500000e+03  -2.0010255e+00
   1.1600000e+03  -2.0136134e+00
   1.1700000e+03  -2.0328256e+00
   1.1800000e+03  -2.0587487e+00
   1.1900000e+03  -2.0818927e+00
   1.2000000e+03  -2.1177959e+00
   1.2100000e+03  -2.1200505e+00
   1.2200000e+03  -2.1326767e+00
   1.2300000e+03  -2.1505067e+00
   1.2400000e+03  -2.1651531e+00
   1.2500000e+03  -2.1890319e+00
   1.2600000e+03  -2.2074867e+00
   1.2700000e+03  -2.2067656e+00
   1.2800000e+03  -2.2352496e+00
   1.2900000e+03  -2.2419488e+00
   1.3000000e+03  -2.2767773e+00
   1.3100000e+03  -2.3022385e+00
   1.3200000e+03  -2.2990318e+00
   1.3300000e+03  -2.3323197e+00
   1.3400000e+03  -2.3452670e+00
   1.3500000e+03  -2.3586914e+00
   1.3600000e+03  -2.3781169e+00
   1.3700000e+03  -2.3794057e+00
   1.3800000e+03  -2.3944109e+00
   1.3900000e+03  -2.4114488e+00
   1.4000000e+03  -2.4111203e+00
   1.4100000e+03  -2.4395849e+00
   1.4200000e+03  -2.4609341e+00
   1.4300000e+03  -2.4522405e+00
   1.4400000e+03  -2.4744711e+00
   1.4500000e+03  -2.4775842e+00
   1.4600000e+03  -2.4952961e+00
   1.4700000e+03  -2.5083179e+00
   1.4800000e+03  -2.5004198e+00
   1.4900000e+03  -2.5236064e+00
   1.5000000e+03  -2.5287517e+00
   1.5100000e+03  -2.5330021e+00
   1.5200000e+03  -2.5656933e+00
   1.5300000e+03  -2.5620327e+00
   1.5400000e+03  -2.5744174e+00
   1.5500000e+03  -2.5781688e+00
   1.5600000e+03  -2.5826416e+00
   1.5700000e+03  -2.6064188e+00
   1.5800000e+03  -2.6202384e+00
   1.5900000e+03  -2.6299052e+00
   1.6000000e+03  -2.6492733e+00
   1.6100000e+03  -2.6563191e+00
   1.6200000e+03  -2.6673208e+00
   1.6300000e+03  -2.6866887e+00
   1.6400000e+03  -2.6879768e+00
   1.6500000e+03  -2.7090230e+00
   1.6600000e+03  -2.7076776e+00
   1.6700000e+03  -2.7314921e+00
   1.6800000e+03  -2.7420399e+00
   1.6900000e+03  -2.7490116e+00
   1.7000000e+03  -2.7641656e+00
   1.7100000e+03  -2.7861306e+00
   1.7200000e+03  -2.7756334e+00
   1.7300000e+03  -2.7895134e+00
   1.7400000e+03  -2.7933612e+00
   1.7500000e+03  -2.8169808e+00
   1.7600000e+03  -2.8349897e+00
   1.7700000e+03  -2.8218096e+00
   1.7800000e+03  -2.8539318e+00
   1.7900000e+03  -2.8596056e+00
   1.8000000e+03  -2.8583088e+00
   1.8100000e+03  -2.8734516e+00
   1.8200000e+03  -2.8779861e+00
   1.8300000e+03  -2.8946728e+00
   1.8400000e+03  -2.8985814e+00
   1.8500000e+03  -2.8991340e+00
   1.8600000e+03  -2.9208563e+00
   1.8700000e+03  -2.9155520e+00
   1.8800000e+03  -2.9211399e+00
   1.8900000e+03  -2.9378511e+00
   1.9000000e+03  -2.9238490e+00
   1.9100000e+03  -2.9478369e+00
   1.9200000e+03  -2.9509984e+00
   1.9300000e+03  -2.9478500e+00
   1.9400000e+03  -2.9630054e+00
   1.9500000e+03  -2.9510849e+00
   1.9600000e+03  -2.9658970e+00
   1.9700000e+03  -2.9627115e+00
   1.9800000e+03  -2.9731131e+00
   1.9900000e+03  -2.9744364e+00
   2.0000000e+03  -2.9779408e+00
   2.0100000e+03  -2.9747186e+00
   2.0200000e+03  -2.9843975e+00
   2.0300000e+03  -2.9680174e+00
   2.0400000e+03  -2.9838708e+00
   2.0500000e+03  -2.9788113e+00
   2.0600000e+03  -2.9880858e+00
   2.0700000e+03  -2.9981204e+00
   2.0800000e+03  -3.0016003e+00
   2.0900000e+03  -2.9991629e+00
   2.1000000e+03  -3.0136947e+00
   2.1100000e+03  -3.0091137e+00
   2.1200000e+03  -3.0049376e+00
   2.1300000e+03  -3.0335354e+00
   2.1400000e+03  -3.0138974e+00
   2.1500000e+03  -3.0254659e+00
   2.1600000e+03  -3.0256152e+00
   2.1700000e+03  -3.0145170e+00
   2.1800000e+03  -3.0402112e+00
   2.1900000e+03  -3.0224598e+00
   2.2000000e+03  -3.0425550e+00
   2.2100000e+03  -3.0422015e+00
   2.2200000e+03  -3.0416152e+00
   2.2300000e+03  -3.0554121e+00
   2.2400000e+03  -3.0442638e+00
   2.2500000e+03  -3.0466662e+00
   2.2600000e+03  -3.0627548e+00
   2.2700000e+03  -3.0699358e+00
   2.2800000e+03  -3.0656855e+00
   2.2900000e+03  -3.0725607e+00
   2.3000000e+03  -3.0796438e+00
   2.3100000e+03  -3.0868497e+00
   2.3200000e+03  -3.0663400e+00
   2.3300000e+03  -3.0683998e+00
   2.3400000e+03  -3.0831896e+00
   2.3500000e+03  -3.0726659e+00
   2.3600000e+03  -3.0855933e+00
   2.3700000e+03  -3.0766503e+00
   2.3800000e+03  -3.0856810e+00
   2.3900000e+03  -3.0945035e+00
   2.4000000e+03  -3.0806593e+00
   2.4100000e+03  -3.0911847e+00
   2.4200000e+03  -3.1006200e+00
   2.4300000e+03  -3.0981944e+00
   2.4400000e+03  -3.1121630e+00
   2.4500000e+03  -3.1057315e+00
   2.4600000e+03  -3.0994224e+00
   2.4700000e+03  -3.1110630e+00
   2.4800000e+03  -3.0928928e+00
   2.4900000e+03  -3.1138700e+00
   2.5000000e+03  -3.1085774e+00
   2.5100000e+03  -3.1081002e+00
   2.5200000e+03  -3.1147048e+00
   2.5300000e+03  -3.1213095e+00
   2.5400000e+03  -3.1136032e+00
   2.5500000e+03  -3.1222666e+00
   2.5600000e+03  -3.1205027e+00
   2.5700000e+03  -3.1348018e+00
   2.5800000e+03  -3.1192043e+00
   2.5900000e+03  -3.1219368e+00
   2.6000000e+03  -3.1325233e+00
   2.6100000e+03  -3.1250491e+00
   2.6200000e+03  -3.1291661e+00
   2.6300000e+03  -3.1574832e+00
   2.6400000e+03  -3.1509037e+00
   2.6500000e+03  -3.1461135e+00
   2.6600000e+03  -3.1522530e+00
   2.6700000e+03  -3.1531847e+00
   2.6800000e+03  -3.1567878e+00
   2.6900000e+03  -3.1511031e+00
   2.7000000e+03  -3.1562870e+00
   2.7100000e+03  -3.1788335e+00
   2.7200000e+03  -3.1663365e+00
   2.7300000e+03  -3.1701606e+00
   2.7400000e+03  -3.1544901e+00
   2.7500000e+03  -3.1613523e+00
   2.7600000e+03  -3.1745007e+00
   2.7700000e+03  -3.1688406e+00
   2.7800000e+03  -3.1890715e+00
   2.7900000e+03  -3.1880062e+00
   2.8000000e+03  -3.1789153e+00
   2.8100000e+03  -3.1852879e+00
   2.8200000e+03  -3.1881931e+00
   2.8300000e+03  -3.1862333e+00
   2.8400000e+03  -3.2048103e+00
   2.8500000e+03  -3.2009636e+00
   2.8600000e+03  -3.1992490e+00
   2.8700000e+03  -3.1953164e+00
   2.8800000e+03  -3.1896317e+00
   2.8900000e+03  -3.1923646e+00
   2.9000000e+03  -3.1953302e+00
   2.9100000e+03  -3.1984311e+00
   2.9200000e+03  -3.1821227e+00
   2.9300000e+03  -3.1776022e+00
   2.9400000e+03  -3.2037636e+00
   2.9500000e+03  -3.1846368e+00
   2.9600000e+03  -3.1867819e+00
   2.9700000e+03  -3.1889879e+00
   2.9800000e+03  -3.1820531e+00
   2.9900000e+03  -3.1764538e+00
   3.0000000e+03  -3.1924446e+00
   3.0100000e+03  -3.1786110e+00
   3.0200000e+03  -3.1875929e+00
   3.0300000e+03  -3.1806334e+00
   3.0400000e+03  -3.1862948e+00
   3.0500000e+03  -3.1951665e+00
   3.0600000e+03  -3.1900205e+00
   3.0700000e+03  -3.1931577e+00
   3.0800000e+03  -3.2001178e+00
   3.0900000e+03  -3.1782216e+00
   3.1000000e+03  -3.1797168e+00
   3.1100000e+03  -3.1806238e+00
   3.1200000e+03  -3.1826335e+00
   3.1300000e+03  -3.2003520e+00
   3.1400000e+03  -3.1725375e+00
   3.1500000e+03  -3.1808333e+00
   3.1600000e+03  -3.1834435e+00
   3.1700000e+03  -3.1677843e+00
   3.1800000e+03  -3.1913596e+00
   3.1900000e+03  -3.1644274e+00
   3.2000000e+03  -3.1741074e+00
   3.2100000e+03  -3.1745609e+00
   3.2200000e+03  -3.1790947e+00
   3.2300000e+03  -3.1720738e+00
   3.2400000e+03  -3.1894857e+00
   3.2500000e+03  -3.1726009e+00
   3.2600000e+03  -3.1743778e+00
   3.2700000e+03  -3.1608383e+00
   3.2800000e+03  -3.1774413e+00
   3.2900000e+03  -3.1849403e+00
   3.3000000e+03  -3.1719153e+00
   3.3100000e+03  -3.1881753e+00
   3.3200000e+03  -3.1902094e+00
   3.3300000e+03  -3.1720870e+00
   3.3400000e+03  -3.1805661e+00
   3.3500000e+03  -3.1869132e+00
   3.3600000e+03  -3.1884571e+00
   3.3700000e+03  -3.1735694e+00
   3.3800000e+03  -3.1803576e+00
   3.3900000e+03  -3.1804311e+00
   3.4000000e+03  -3.1661806e+00
   3.4100000e+03  -3.1757625e+00
   3.4200000e+03  -3.1931987e+00
   3.4300000e+03  -3.1764852e+00
   3.4400000e+03  -3.1702361e+00
   3.4500000e+03  -3.1967395e+00
   3.4600000e+03  -3.1906741e+00
   3.4700000e+03  -3.1913478e+00
   3.4800000e+03  -3.1793028e+00
   3.4900000e+03  -3.1894850e+00
