   0.0000000e+00   1.6679863e+01
   1.0000000e+01   1.6676417e+01
   2.0000000e+01   1.6667353e+01
   3.0000000e+01   1.6660689e+01
   4.0000000e+01   1.6660177e+01
   5.0000000e+01   1.6656757e+01
   6.0000000e+01   1.6744038e+01
   7.0000000e+01   1.6780041e+01
   8.0000000e+01   1.6800434e+01
   9.0000000e+01   1.6826216e+01
   1.0000000e+02   1.6838576e+01
   1.1000000e+02   1.6865948e+01
   1.2000000e+02   1.6881900e+01
   1.3000000e+02   1.6897706e+01
   1.4000000e+02   1.6880447e+01
   1.5000000e+02   1.6927057e+01
   1.6000000e+02   1.6914845e+01
   1.7000000e+02   1.6900579e+01
   1.8000000e+02   1.6926346e+01
   1.9000000e+02   1.6927361e+01
   2.0000000e+02   1.6930965e+01
   2.1000000e+02   1.6927617e+01
   2.2000000e+02   1.6915442e+01
   2.3000000e+02   1.6891824e+01
   2.4000000e+02   1.6872337e+01
   2.5000000e+02   1.6879474e+01
   2.6000000e+02   1.6881012e+01
   2.7000000e+02   1.6851744e+01
   2.8000000e+02   1.6882046e+01
   2.9000000e+02   1.6826569e+01
   3.0000000e+02   1.6846601e+01
   3.1000000e+02   1.6838421e+01
   3.2000000e+02   1.6838576e+01
   3.3000000e+02   1.6821519e+01
   3.4000000e+02   1.6831077e+01
   3.5000000e+02   1.6806906e+01
   3.6000000e+02   1.6808761e+01
   3.7000000e+02   1.6815004e+01
   3.8000000e+02   1.6774475e+01
   3.9000000e+02   1.6773311e+01
   4.0000000e+02   1.6779370e+01
   4.1000000e+02   1.6804233e+01
   4.2000000e+02   1.6789669e+01
   4.3000000e+02   1.6792745e+01
   4.4000000e+02   1.6769599e+01
   4.5000000e+02   1.6752774e+01
   4.6000000e+02   1.6773283e+01
   4.7000000e+02   1.6754636e+01
   4.8000000e+02   1.6754755e+01
   4.9000000e+02   1.6779215e+01
   5.0000000e+02   1.6722147e+01
   5.1000000e+02   1.6737292e+01
   5.2000000e+02   1.6699550e+01
   5.3000000e+02   1.6691650e+01
   5.4000000e+02   1.6702981e+01
   5.5000000e+02   1.6697269e+01
   5.6000000e+02   1.6680945e+01
   5.7000000e+02   1.6673154e+01
   5.8000000e+02   1.6678126e+01
   5.9000000e+02   1.6672817e+01
   6.0000000e+02   1.6641723e+01
   6.1000000e+02   1.6645436e+01
   6.2000000e+02   1.6638574e+01
   6.3000000e+02   1.6636076e+01
   6.4000000e+02   1.6637577e+01
   6.5000000e+02   1.6634274e+01
   6.6000000e+02   1.6635189e+01
   6.7000000e+02   1.6620370e+01
   6.8000000e+02   1.6617861e+01
   6.9000000e+02   1.6644133e+01
   7.0000000e+02   1.6585725e+01
   7.1000000e+02   1.6574988e+01
   7.2000000e+02   1.6586651e+01
   7.3000000e+02   1.6538267e+01
   7.4000000e+02   1.6545308e+01
   7.5000000e+02   1.6596083e+01
   7.6000000e+02   1.6530116e+01
   7.7000000e+02   1.6521017e+01
   7.8000000e+02   1.6542828e+01
   7.9000000e+02   1.6512843e+01
   8.0000000e+02   1.6522085e+01
   8.1000000e+02   1.6557480e+01
   8.2000000e+02   1.6563762e+01
   8.3000000e+02   1.6554137e+01
   8.4000000e+02   1.6544596e+01
   8.5000000e+02   1.6511005e+01
   8.6000000e+02   1.6530298e+01
   8.7000000e+02   1.6504457e+01
   8.8000000e+02   1.6503072e+01
   8.9000000e+02   1.6502873e+01
   9.0000000e+02   1.6525271e+01
   9.1000000e+02   1.6595097e+01
   9.2000000e+02   1.6587893e+01
   9.3000000e+02   1.6529715e+01
   9.4000000e+02   1.6650195e+01
   9.5000000e+02   1.6550277e+01
   9.6000000e+02   1.6524158e+01
   9.7000000e+02   1.6635787e+01
   9.8000000e+02   1.6569443e+01
   9.9000000e+02   1.6525412e+01
   1.0000000e+03   1.6577352e+01
   1.0100000e+03   1.6511912e+01
   1.0200000e+03   1.6631221e+01
   1.0300000e+03   1.6537405e+01
   1.0400000e+03   1.6527782e+01
   1.0500000e+03   1.6646955e+01
   1.0600000e+03   1.6509022e+01
   1.0700000e+03   1.6550973e+01
   1.0800000e+03   1.6632438e+01
   1.0900000e+03   1.6504030e+01
   1.1000000e+03   1.6649576e+01
   1.1100000e+03   1.6501912e+01
   1.1200000e+03   1.6525473e+01
   1.1300000e+03   1.6609495e+01
   1.1400000e+03   1.6481232e+01
   1.1500000e+03   1.6562065e+01
   1.1600000e+03   1.6597118e+01
   1.1700000e+03   1.6451318e+01
   1.1800000e+03   1.6642645e+01
   1.1900000e+03   1.6458075e+01
   1.2000000e+03   1.6532111e+01
   1.2100000e+03   1.6608380e+01
   1.2200000e+03   1.6461261e+01
   1.2300000e+03   1.6602594e+01
   1.2400000e+03   1.6571475e+01
   1.2500000e+03   1.6476542e+01
   1.2600000e+03   1.6630026e+01
   1.2700000e+03   1.6568024e+01
   1.2800000e+03   1.6548178e+01
   1.2900000e+03   1.6545671e+01
   1.3000000e+03   1.6463036e+01
   1.3100000e+03   1.6569339e+01
   1.3200000e+03   1.6529795e+01
   1.3300000e+03   1.6429183e+01
   1.3400000e+03   1.6586082e+01
   1.3500000e+03   1.6492298e+01
   1.3600000e+03   1.6465236e+01
   1.3700000e+03   1.6481141e+01
   1.3800000e+03   1.6447573e+01
   1.3900000e+03   1.6575995e+01
   1.4000000e+03   1.6474335e+01
   1.4100000e+03   1.6414550e+01
   1.4200000e+03   1.6564691e+01
   1.4300000e+03   1.6441411e+01
   1.4400000e+03   1.6431994e+01
   1.4500000e+03   1.6558755e+01
   1.4600000e+03   1.6442103e+01
   1.4700000e+03   1.6594282e+01
   1.4800000e+03   1.6429785e+01
   1.4900000e+03   1.6436839e+01
   1.5000000e+03   1.6543915e+01
   1.5100000e+03   1.6392608e+01
   1.5200000e+03   1.6437570e+01
   1.5300000e+03   1.6551114e+01
   1.5400000e+03   1.6376584e+01
   1.5500000e+03   1.6558470e+01
   1.5600000e+03   1.6384870e+01
   1.5700000e+03   1.6480087e+01
   1.5800000e+03   1.6514382e+01
   1.5900000e+03   1.6361615e+01
   1.6000000e+03   1.6503055e+01
   1.6100000e+03   1.6500203e+01
   1.6200000e+03   1.6357718e+01
   1.6300000e+03   1.6475927e+01
   1.6400000e+03   1.6331520e+01
   1.6500000e+03   1.6456420e+01
   1.6600000e+03   1.6489824e+01
   1.6700000e+03   1.6380320e+01
   1.6800000e+03   1.6494089e+01
   1.6900000e+03   1.6472029e+01
   1.7000000e+03   1.6303556e+01
   1.7100000e+03   1.6522564e+01
   1.7200000e+03   1.6426404e+01
   1.7300000e+03   1.6481319e+01
   1.7400000e+03   1.6458195e+01
   1.7500000e+03   1.6332154e+01
   1.7600000e+03   1.6534896e+01
   1.7700000e+03   1.6421898e+01
   1.7800000e+03   1.6399128e+01
   1.7900000e+03   1.6558881e+01
   1.8000000e+03   1.6419619e+01
   1.8100000e+03   1.6390099e+01
   1.8200000e+03   1.6429252e+01
   1.8300000e+03   1.6388897e+01
   1.8400000e+03   1.6516263e+01
   1.8500000e+03   1.6414881e+01
   1.8600000e+03   1.6434555e+01
   1.8700000e+03   1.6551597e+01
   1.8800000e+03   1.6439383e+01
   1.8900000e+03   1.6507503e+01
   1.9000000e+03   1.6564689e+01
   1.9100000e+03   1.6442708e+01
   1.9200000e+03   1.6565935e+01
   1.9300000e+03   1.6421552e+01
   1.9400000e+03   1.6505630e+01
   1.9500000e+03   1.6567475e+01
   1.9600000e+03   1.6405398e+01
   1.9700000e+03   1.6506853e+01
   1.9800000e+03   1.6510643e+01
   1.9900000e+03   1.6414765e+01
   2.0000000e+03   1.6542531e+01
   2.0100000e+03   1.6427726e+01
   2.0200000e+03   1.6507280e+01
   2.0300000e+03   1.6547324e+01
   2.0400000e+03   1.6338200e+01
   2.0500000e+03   1.6509603e+01
   2.0600000e+03   1.6467821e+01
   2.0700000e+03   1.6347909e+01
   2.0800000e+03   1.6504283e+01
   2.0900000e+03   1.6353607e+01
   2.1000000e+03   1.6493839e+01
   2.1100000e+03   1.6433359e+01
   2.1200000e+03   1.6344125e+01
   2.1300000e+03   1.6483330e+01
   2.1400000e+03   1.6420220e+01
   2.1500000e+03   1.6379399e+01
   2.1600000e+03   1.6520972e+01
   2.1700000e+03   1.6371972e+01
   2.1800000e+03   1.6482476e+01
   2.1900000e+03   1.6409815e+01
   2.2000000e+03   1.6319822e+01
   2.2100000e+03   1.6507672e+01
   2.2200000e+03   1.6365139e+01
   2.2300000e+03   1.6356712e+01
   2.2400000e+03   1.6502826e+01
   2.2500000e+03   1.6314789e+01
   2.2600000e+03   1.6384236e+01
   2.2700000e+03   1.6345237e+01
   2.2800000e+03   1.6322991e+01
   2.2900000e+03   1.6533595e+01
   2.3000000e+03   1.6358085e+01
   2.3100000e+03   1.6372966e+01
   2.3200000e+03   1.6523309e+01
   2.3300000e+03   1.6352114e+01
   2.3400000e+03   1.6416814e+01
   2.3500000e+03   1.6496784e+01
   2.3600000e+03   1.6392808e+01
   2.3700000e+03   1.6501403e+01
   2.3800000e+03   1.6303266e+01
   2.3900000e+03   1.6395532e+01
   2.4000000e+03   1.6471847e+01
   2.4100000e+03   1.6309623e+01
   2.4200000e+03   1.6446582e+01
   2.4300000e+03   1.6414850e+01
   2.4400000e+03   1.6290775e+01
   2.4500000e+03   1.6427773e+01
   2.4600000e+03   1.6273053e+01
   2.4700000e+03   1.6431049e+01
   2.4800000e+03   1.6418050e+01
   2.4900000e+03   1.6307428e+01
   2.5000000e+03   1.6434227e+01
   2.5100000e+03   1.6413560e+01
   2.5200000e+03   1.6294512e+01
   2.5300000e+03   1.6435460e+01
   2.5400000e+03   1.6366944e+01
   2.5500000e+03   1.6416150e+01
   2.5600000e+03   1.6366796e+01
   2.5700000e+03   1.6282121e+01
   2.5800000e+03   1.6452198e+01
   2.5900000e+03   1.6341897e+01
   2.6000000e+03   1.6287881e+01
   2.6100000e+03   1.6446829e+01
   2.6200000e+03   1.6321438e+01
   2.6300000e+03   1.6324311e+01
   2.6400000e+03   1.6359224e+01
   2.6500000e+03   1.6325435e+01
   2.6600000e+03   1.6477531e+01
   2.6700000e+03   1.6318842e+01
   2.6800000e+03   1.6352422e+01
   2.6900000e+03   1.6496103e+01
   2.7000000e+03   1.6298551e+01
   2.7100000e+03   1.6396406e+01
   2.7200000e+03   1.6450001e+01
   2.7300000e+03   1.6351390e+01
   2.7400000e+03   1.6488541e+01
   2.7500000e+03   1.6291869e+01
   2.7600000e+03   1.6391437e+01
   2.7700000e+03   1.6486069e+01
   2.7800000e+03   1.6313464e+01
   2.7900000e+03   1.6415597e+01
   2.8000000e+03   1.6457661e+01
   2.8100000e+03   1.6309107e+01
   2.8200000e+03   1.6451887e+01
   2.8300000e+03   1.6313741e+01
   2.8400000e+03   1.6426011e+01
   2.8500000e+03   1.6470276e+01
   2.8600000e+03   1.6292153e+01
   2.8700000e+03   1.6460113e+01
   2.8800000e+03   1.6434886e+01
   2.8900000e+03   1.6366871e+01
   2.9000000e+03   1.6499594e+01
   2.9100000e+03   1.6341996e+01
   2.9200000e+03   1.6487683e+01
   2.9300000e+03   1.6493821e+01
   2.9400000e+03   1.6417298e+01
   2.9500000e+03   1.6533962e+01
   2.9600000e+03   1.6422163e+01
   2.9700000e+03   1.6423214e+01
   2.9800000e+03   1.6550014e+01
   2.9900000e+03   1.6419692e+01
   3.0000000e+03   1.6538251e+01
   3.0100000e+03   1.6428923e+01
   3.0200000e+03   1.6419030e+01
   3.0300000e+03   1.6524018e+01
   3.0400000e+03   1.6422881e+01
   3.0500000e+03   1.6450272e+01
   3.0600000e+03   1.6538812e+01
   3.0700000e+03   1.6393263e+01
   3.0800000e+03   1.6455089e+01
   3.0900000e+03   1.6400270e+01
   3.1000000e+03   1.6407374e+01
   3.1100000e+03   1.6524027e+01
   3.1200000e+03   1.6352186e+01
   3.1300000e+03   1.6457643e+01
   3.1400000e+03   1.6507935e+01
   3.1500000e+03   1.6324009e+01
   3.1600000e+03   1.6469405e+01
   3.1700000e+03   1.6480153e+01
   3.1800000e+03   1.6425029e+01
   3.1900000e+03   1.6538796e+01
   3.2000000e+03   1.6319337e+01
   3.2100000e+03   1.6468047e+01
   3.2200000e+03   1.6439128e+01
   3.2300000e+03   1.6328337e+01
   3.2400000e+03   1.6526800e+01
   3.2500000e+03   1.6442356e+01
   3.2600000e+03   1.6357637e+01
   3.2700000e+03   1.6480347e+01
   3.2800000e+03   1.6326233e+01
   3.2900000e+03   1.6461639e+01
   3.3000000e+03   1.6451869e+01
   3.3100000e+03   1.6356414e+01
   3.3200000e+03   1.6523522e+01
   3.3300000e+03   1.6427070e+01
   3.3400000e+03   1.6390495e+01
   3.3500000e+03   1.6517519e+01
   3.3600000e+03   1.6374720e+01
   3.3700000e+03   1.6529905e+01
   3.3800000e+03   1.6461333e+01
   3.3900000e+03   1.6409914e+01
   3.4000000e+03   1.6561207e+01
   3.4100000e+03   1.6392733e+01
   3.4200000e+03   1.6413901e+01
   3.4300000e+03   1.6530480e+01
   3.4400000e+03   1.6376873e+01
   3.4500000e+03   1.6494471e+01
   3.4600000e+03   1.6389701e+01
   3.4700000e+03   1.6376017e+01
   3.4800000e+03   1.6530689e+01
   3.4900000e+03   1.6386241e+01
