   0.0000000e+00   1.7126716e+01
   1.0000000e+01   1.7140920e+01
   2.0000000e+01   1.7128144e+01
   3.0000000e+01   1.7121017e+01
   4.0000000e+01   1.7125614e+01
   5.0000000e+01   1.7127536e+01
   6.0000000e+01   1.7116331e+01
   7.0000000e+01   1.7061992e+01
   8.0000000e+01   1.7041508e+01
   9.0000000e+01   1.7035471e+01
   1.0000000e+02   1.6980714e+01
   1.1000000e+02   1.6954203e+01
   1.2000000e+02   1.6903268e+01
   1.3000000e+02   1.6830351e+01
   1.4000000e+02   1.6757578e+01
   1.5000000e+02   1.6683638e+01
   1.6000000e+02   1.6603825e+01
   1.7000000e+02   1.6532175e+01
   1.8000000e+02   1.6466879e+01
   1.9000000e+02   1.6378910e+01
   2.0000000e+02   1.6295617e+01
   2.1000000e+02   1.6227670e+01
   2.2000000e+02   1.6144845e+01
   2.3000000e+02   1.6089144e+01
   2.4000000e+02   1.6035715e+01
   2.5000000e+02   1.5974994e+01
   2.6000000e+02   1.5924239e+01
   2.7000000e+02   1.5860783e+01
   2.8000000e+02   1.5778840e+01
   2.9000000e+02   1.5730756e+01
   3.0000000e+02   1.5681533e+01
   3.1000000e+02   1.5628247e+01
   3.2000000e+02   1.5583302e+01
   3.3000000e+02   1.5552513e+01
   3.4000000e+02   1.5507910e+01
   3.5000000e+02   1.5441401e+01
   3.6000000e+02   1.5404895e+01
   3.7000000e+02   1.5368828e+01
   3.8000000e+02   1.5331510e+01
   3.9000000e+02   1.5293141e+01
   4.0000000e+02   1.5266189e+01
   4.1000000e+02   1.5247828e+01
   4.2000000e+02   1.5205808e+01
   4.3000000e+02   1.5182145e+01
   4.4000000e+02   1.5128275e+01
   4.5000000e+02   1.5117942e+01
   4.6000000e+02   1.5094057e+01
   4.7000000e+02   1.5060969e+01
   4.8000000e+02   1.5022482e+01
   4.9000000e+02   1.5005808e+01
   5.0000000e+02   1.4991926e+01
   5.1000000e+02   1.4964063e+01
   5.2000000e+02   1.4935808e+01
   5.3000000e+02   1.4912083e+01
   5.4000000e+02   1.4900867e+01
   5.5000000e+02   1.4864213e+01
   5.6000000e+02   1.4817163e+01
   5.7000000e+02   1.4813316e+01
   5.8000000e+02   1.4805269e+01
   5.9000000e+02   1.4807164e+01
   6.0000000e+02   1.4757884e+01
   6.1000000e+02   1.4755089e+01
   6.2000000e+02   1.4751940e+01
   6.3000000e+02   1.4740599e+01
   6.4000000e+02   1.4716979e+01
   6.5000000e+02   1.4689711e+01
   6.6000000e+02   1.4670855e+01
   6.7000000e+02   1.4658341e+01
   6.8000000e+02   1.4659318e+01
   6.9000000e+02   1.4656781e+01
   7.0000000e+02   1.4643189e+01
   7.1000000e+02   1.4630808e+01
   7.2000000e+02   1.4625505e+01
   7.3000000e+02   1.4605901e+01
   7.4000000e+02   1.4596667e+01
   7.5000000e+02   1.4600521e+01
   7.6000000e+02   1.4583548e+01
   7.7000000e+02   1.4574203e+01
   7.8000000e+02   1.4565801e+01
   7.9000000e+02   1.4551129e+01
   8.0000000e+02   1.4540841e+01
   8.1000000e+02   1.4536969e+01
   8.2000000e+02   1.4530698e+01
   8.3000000e+02   1.4516870e+01
   8.4000000e+02   1.4506618e+01
   8.5000000e+02   1.4502758e+01
   8.6000000e+02   1.4488809e+01
   8.7000000e+02   1.4465723e+01
   8.8000000e+02   1.4489230e+01
   8.9000000e+02   1.4485076e+01
   9.0000000e+02   1.4613359e+01
   9.1000000e+02   1.4542535e+01
   9.2000000e+02   1.4765392e+01
   9.3000000e+02   1.4690855e+01
   9.4000000e+02   1.4724962e+01
   9.5000000e+02   1.4742615e+01
   9.6000000e+02   1.4689710e+01
   9.7000000e+02   1.4682852e+01
   9.8000000e+02   1.4759014e+01
   9.9000000e+02   1.4655141e+01
   1.0000000e+03   1.4796242e+01
   1.0100000e+03   1.4664886e+01
   1.0200000e+03   1.4671767e+01
   1.0300000e+03   1.4703672e+01
   1.0400000e+03   1.4595866e+01
   1.0500000e+03   1.4749864e+01
   1.0600000e+03   1.4740387e+01
   1.0700000e+03   1.4675386e+01
   1.0800000e+03   1.4738352e+01
   1.0900000e+03   1.4614422e+01
   1.1000000e+03   1.4603841e+01
   1.1100000e+03   1.4621839e+01
   1.1200000e+03   1.4585412e+01
   1.1300000e+03   1.4613952e+01
   1.1400000e+03   1.4586940e+01
   1.1500000e+03   1.4512945e+01
   1.1600000e+03   1.4573408e+01
   1.1700000e+03   1.4527207e+01
   1.1800000e+03   1.4601088e+01
   1.1900000e+03   1.4542582e+01
   1.2000000e+03   1.4582521e+01
   1.2100000e+03   1.4702863e+01
   1.2200000e+03   1.4666510e+01
   1.2300000e+03   1.4648915e+01
   1.2400000e+03   1.4723133e+01
   1.2500000e+03   1.4626212e+01
   1.2600000e+03   1.4629162e+01
   1.2700000e+03   1.4693158e+01
   1.2800000e+03   1.4656769e+01
   1.2900000e+03   1.4724045e+01
   1.3000000e+03   1.4644094e+01
   1.3100000e+03   1.4615846e+01
   1.3200000e+03   1.4612306e+01
   1.3300000e+03   1.4502715e+01
   1.3400000e+03   1.4510941e+01
   1.3500000e+03   1.4545910e+01
   1.3600000e+03   1.4545797e+01
   1.3700000e+03   1.4604763e+01
   1.3800000e+03   1.4559517e+01
   1.3900000e+03   1.4585987e+01
   1.4000000e+03   1.4615396e+01
   1.4100000e+03   1.4525985e+01
   1.4200000e+03   1.4544656e+01
   1.4300000e+03   1.4490765e+01
   1.4400000e+03   1.4406882e+01
   1.4500000e+03   1.4509398e+01
   1.4600000e+03   1.4467959e+01
   1.4700000e+03   1.4467503e+01
   1.4800000e+03   1.4506343e+01
   1.4900000e+03   1.4411036e+01
   1.5000000e+03   1.4510356e+01
   1.5100000e+03   1.4469115e+01
   1.5200000e+03   1.4381289e+01
   1.5300000e+03   1.4472663e+01
   1.5400000e+03   1.4416541e+01
   1.5500000e+03   1.4443502e+01
   1.5600000e+03   1.4405759e+01
   1.5700000e+03   1.4372913e+01
   1.5800000e+03   1.4441461e+01
   1.5900000e+03   1.4421095e+01
   1.6000000e+03   1.4368227e+01
   1.6100000e+03   1.4449364e+01
   1.6200000e+03   1.4409748e+01
   1.6300000e+03   1.4369677e+01
   1.6400000e+03   1.4370018e+01
   1.6500000e+03   1.4369919e+01
   1.6600000e+03   1.4469914e+01
   1.6700000e+03   1.4405159e+01
   1.6800000e+03   1.4399733e+01
   1.6900000e+03   1.4471869e+01
   1.7000000e+03   1.4346669e+01
   1.7100000e+03   1.4363102e+01
   1.7200000e+03   1.4401051e+01
   1.7300000e+03   1.4309927e+01
   1.7400000e+03   1.4431492e+01
   1.7500000e+03   1.4343896e+01
   1.7600000e+03   1.4363121e+01
   1.7700000e+03   1.4391886e+01
   1.7800000e+03   1.4307422e+01
   1.7900000e+03   1.4399010e+01
   1.8000000e+03   1.4408915e+01
   1.8100000e+03   1.4310480e+01
   1.8200000e+03   1.4436244e+01
   1.8300000e+03   1.4333010e+01
   1.8400000e+03   1.4411237e+01
   1.8500000e+03   1.4457218e+01
   1.8600000e+03   1.4482037e+01
   1.8700000e+03   1.4582725e+01
   1.8800000e+03   1.4603661e+01
   1.8900000e+03   1.4549969e+01
   1.9000000e+03   1.4629568e+01
   1.9100000e+03   1.4540919e+01
   1.9200000e+03   1.4604295e+01
   1.9300000e+03   1.4611397e+01
   1.9400000e+03   1.4556934e+01
   1.9500000e+03   1.4640965e+01
   1.9600000e+03   1.4581031e+01
   1.9700000e+03   1.4556530e+01
   1.9800000e+03   1.4523334e+01
   1.9900000e+03   1.4454542e+01
   2.0000000e+03   1.4475003e+01
   2.0100000e+03   1.4457284e+01
   2.0200000e+03   1.4441096e+01
   2.0300000e+03   1.4487713e+01
   2.0400000e+03   1.4346227e+01
   2.0500000e+03   1.4311496e+01
   2.0600000e+03   1.4390643e+01
   2.0700000e+03   1.4306622e+01
   2.0800000e+03   1.4327342e+01
   2.0900000e+03   1.4310699e+01
   2.1000000e+03   1.4303619e+01
   2.1100000e+03   1.4352873e+01
   2.1200000e+03   1.4290267e+01
   2.1300000e+03   1.4300075e+01
   2.1400000e+03   1.4375314e+01
   2.1500000e+03   1.4265792e+01
   2.1600000e+03   1.4336611e+01
   2.1700000e+03   1.4351893e+01
   2.1800000e+03   1.4314344e+01
   2.1900000e+03   1.4338602e+01
   2.2000000e+03   1.4280356e+01
   2.2100000e+03   1.4305374e+01
   2.2200000e+03   1.4389258e+01
   2.2300000e+03   1.4267271e+01
   2.2400000e+03   1.4394522e+01
   2.2500000e+03   1.4383047e+01
   2.2600000e+03   1.4317871e+01
   2.2700000e+03   1.4374215e+01
   2.2800000e+03   1.4294698e+01
   2.2900000e+03   1.4464658e+01
   2.3000000e+03   1.4468746e+01
   2.3100000e+03   1.4313798e+01
   2.3200000e+03   1.4392234e+01
   2.3300000e+03   1.4328284e+01
   2.3400000e+03   1.4267894e+01
   2.3500000e+03   1.4372882e+01
   2.3600000e+03   1.4282013e+01
   2.3700000e+03   1.4332369e+01
   2.3800000e+03   1.4295188e+01
   2.3900000e+03   1.4269151e+01
   2.4000000e+03   1.4374432e+01
   2.4100000e+03   1.4284568e+01
   2.4200000e+03   1.4275370e+01
   2.4300000e+03   1.4356208e+01
   2.4400000e+03   1.4237538e+01
   2.4500000e+03   1.4321452e+01
   2.4600000e+03   1.4278196e+01
   2.4700000e+03   1.4275868e+01
   2.4800000e+03   1.4378492e+01
   2.4900000e+03   1.4285860e+01
   2.5000000e+03   1.4298596e+01
   2.5100000e+03   1.4370506e+01
   2.5200000e+03   1.4271530e+01
   2.5300000e+03   1.4283311e+01
   2.5400000e+03   1.4391298e+01
   2.5500000e+03   1.4262110e+01
   2.5600000e+03   1.4339031e+01
   2.5700000e+03   1.4251443e+01
   2.5800000e+03   1.4301238e+01
   2.5900000e+03   1.4360167e+01
   2.6000000e+03   1.4262562e+01
   2.6100000e+03   1.4347749e+01
   2.6200000e+03   1.4339679e+01
   2.6300000e+03   1.4239941e+01
   2.6400000e+03   1.4342850e+01
   2.6500000e+03   1.4234086e+01
   2.6600000e+03   1.4299851e+01
   2.6700000e+03   1.4309623e+01
   2.6800000e+03   1.4214342e+01
   2.6900000e+03   1.4334739e+01
   2.7000000e+03   1.4316528e+01
   2.7100000e+03   1.4219067e+01
   2.7200000e+03   1.4318118e+01
   2.7300000e+03   1.4258218e+01
   2.7400000e+03   1.4333448e+01
   2.7500000e+03   1.4273072e+01
   2.7600000e+03   1.4219442e+01
   2.7700000e+03   1.4332601e+01
   2.7800000e+03   1.4290044e+01
   2.7900000e+03   1.4288781e+01
   2.8000000e+03   1.4352082e+01
   2.8100000e+03   1.4264739e+01
   2.8200000e+03   1.4300229e+01
   2.8300000e+03   1.4274032e+01
   2.8400000e+03   1.4240573e+01
   2.8500000e+03   1.4366344e+01
   2.8600000e+03   1.4331993e+01
   2.8700000e+03   1.4320799e+01
   2.8800000e+03   1.4413268e+01
   2.8900000e+03   1.4314442e+01
   2.9000000e+03   1.4272386e+01
   2.9100000e+03   1.4361197e+01
   2.9200000e+03   1.4421935e+01
   2.9300000e+03   1.4533475e+01
   2.9400000e+03   1.4441723e+01
   2.9500000e+03   1.4491083e+01
   2.9600000e+03   1.4544775e+01
   2.9700000e+03   1.4460677e+01
   2.9800000e+03   1.4538101e+01
   2.9900000e+03   1.4452496e+01
   3.0000000e+03   1.4439307e+01
   3.0100000e+03   1.4493847e+01
   3.0200000e+03   1.4442295e+01
   3.0300000e+03   1.4491593e+01
   3.0400000e+03   1.4488262e+01
   3.0500000e+03   1.4463576e+01
   3.0600000e+03   1.4501290e+01
   3.0700000e+03   1.4473261e+01
   3.0800000e+03   1.4440480e+01
   3.0900000e+03   1.4455382e+01
   3.1000000e+03   1.4319869e+01
   3.1100000e+03   1.4372246e+01
   3.1200000e+03   1.4360233e+01
   3.1300000e+03   1.4288542e+01
   3.1400000e+03   1.4357991e+01
   3.1500000e+03   1.4310377e+01
   3.1600000e+03   1.4334759e+01
   3.1700000e+03   1.4338310e+01
   3.1800000e+03   1.4250061e+01
   3.1900000e+03   1.4434269e+01
   3.2000000e+03   1.4304534e+01
   3.2100000e+03   1.4292679e+01
   3.2200000e+03   1.4367259e+01
   3.2300000e+03   1.4282833e+01
   3.2400000e+03   1.4352454e+01
   3.2500000e+03   1.4369096e+01
   3.2600000e+03   1.4275178e+01
   3.2700000e+03   1.4372010e+01
   3.2800000e+03   1.4251872e+01
   3.2900000e+03   1.4332100e+01
   3.3000000e+03   1.4429345e+01
   3.3100000e+03   1.4365630e+01
   3.3200000e+03   1.4431536e+01
   3.3300000e+03   1.4501297e+01
   3.3400000e+03   1.4418838e+01
   3.3500000e+03   1.4470428e+01
   3.3600000e+03   1.4435382e+01
   3.3700000e+03   1.4481436e+01
   3.3800000e+03   1.4459995e+01
   3.3900000e+03   1.4297516e+01
   3.4000000e+03   1.4326418e+01
   3.4100000e+03   1.4374080e+01
   3.4200000e+03   1.4325242e+01
   3.4300000e+03   1.4390110e+01
   3.4400000e+03   1.4365410e+01
   3.4500000e+03   1.4343343e+01
   3.4600000e+03   1.4380583e+01
   3.4700000e+03   1.4415741e+01
   3.4800000e+03   1.4533405e+01
   3.4900000e+03   1.4447849e+01
