   0.0000000e+00   7.2835116e-03
   1.0000000e+01  -4.7386007e-03
   2.0000000e+01  -1.3759585e-02
   3.0000000e+01  -9.0382229e-03
   4.0000000e+01  -1.7254842e-02
   5.0000000e+01  -2.4165118e-02
   6.0000000e+01  -1.8576618e-02
   7.0000000e+01  -1.9878855e-02
   8.0000000e+01  -2.7526555e-02
   9.0000000e+01  -2.9197475e-02
   1.0000000e+02  -7.2459112e-03
   1.1000000e+02  -4.3798490e-02
   1.2000000e+02  -9.9742833e-02
   1.3000000e+02  -1.3290653e-01
   1.4000000e+02  -2.0008657e-01
   1.5000000e+02  -3.2565300e-01
   1.6000000e+02  -3.7975666e-01
   1.7000000e+02  -4.5850060e-01
   1.8000000e+02  -5.2444354e-01
   1.9000000e+02  -5.8339182e-01
   2.0000000e+02  -6.4623690e-01
   2.1000000e+02  -7.1910893e-01
   2.2000000e+02  -7.6031193e-01
   2.3000000e+02  -8.2298972e-01
   2.4000000e+02  -8.8427740e-01
   2.5000000e+02  -9.1811131e-01
   2.6000000e+02  -9.6692064e-01
   2.7000000e+02  -1.0241952e+00
   2.8000000e+02  -1.0688078e+00
   2.9000000e+02  -1.1395365e+00
   3.0000000e+02  -1.1609848e+00
   3.1000000e+02  -1.1716817e+00
   3.2000000e+02  -1.2284203e+00
   3.3000000e+02  -1.2655747e+00
   3.4000000e+02  -1.2950170e+00
   3.5000000e+02  -1.3468953e+00
   3.6000000e+02  -1.3765301e+00
   3.7000000e+02  -1.4185143e+00
   3.8000000e+02  -1.4484925e+00
   3.9000000e+02  -1.4703567e+00
   4.0000000e+02  -1.4918266e+00
   4.1000000e+02  -1.5240674e+00
   4.2000000e+02  -1.5402490e+00
   4.3000000e+02  -1.5721512e+00
   4.4000000e+02  -1.5853480e+00
   4.5000000e+02  -1.6078982e+00
   4.6000000e+02  -1.6189444e+00
   4.7000000e+02  -1.6311220e+00
   4.8000000e+02  -1.6722585e+00
   4.9000000e+02  -1.7169419e+00
   5.0000000e+02  -1.7418656e+00
   5.1000000e+02  -1.7750540e+00
   5.2000000e+02  -1.7904492e+00
   5.3000000e+02  -1.8181286e+00
   5.4000000e+02  -1.8307958e+00
   5.5000000e+02  -1.8630731e+00
   5.6000000e+02  -1.8762713e+00
   5.7000000e+02  -1.8850787e+00
   5.8000000e+02  -1.9181491e+00
   5.9000000e+02  -1.9138525e+00
   6.0000000e+02  -1.9139038e+00
   6.1000000e+02  -1.9383954e+00
   6.2000000e+02  -1.9296390e+00
   6.3000000e+02  -1.9298708e+00
   6.4000000e+02  -1.9495766e+00
   6.5000000e+02  -1.9403720e+00
   6.6000000e+02  -1.9541052e+00
   6.7000000e+02  -1.9613214e+00
   6.8000000e+02  -1.9594823e+00
   6.9000000e+02  -1.9591029e+00
   7.0000000e+02  -1.9781017e+00
   7.1000000e+02  -1.9656272e+00
   7.2000000e+02  -1.9884611e+00
   7.3000000e+02  -2.0050906e+00
   7.4000000e+02  -2.0141499e+00
   7.5000000e+02  -2.0114538e+00
   7.6000000e+02  -2.0274018e+00
   7.7000000e+02  -2.0167128e+00
   7.8000000e+02  -2.0410762e+00
   7.9000000e+02  -2.0482397e+00
   8.0000000e+02  -2.0721262e+00
   8.1000000e+02  -2.0744621e+00
   8.2000000e+02  -2.0742648e+00
   8.3000000e+02  -2.0814130e+00
   8.4000000e+02  -2.0646438e+00
   8.5000000e+02  -2.0844103e+00
   8.6000000e+02  -2.0959657e+00
   8.7000000e+02  -2.1109872e+00
   8.8000000e+02  -2.1329769e+00
   8.9000000e+02  -2.1194101e+00
   9.0000000e+02  -2.1364070e+00
   9.1000000e+02  -2.1367385e+00
   9.2000000e+02  -2.1449932e+00
   9.3000000e+02  -2.1377692e+00
   9.4000000e+02  -2.1532651e+00
   9.5000000e+02  -2.1675916e+00
   9.6000000e+02  -2.1708276e+00
   9.7000000e+02  -2.1652386e+00
   9.8000000e+02  -2.1849791e+00
   9.9000000e+02  -2.1857727e+00
   1.0000000e+03  -2.1777170e+00
   1.0100000e+03  -2.1808173e+00
   1.0200000e+03  -2.1976261e+00
   1.0300000e+03  -2.2004396e+00
   1.0400000e+03  -2.2061439e+00
   1.0500000e+03  -2.2048780e+00
   1.0600000e+03  -2.2051665e+00
   1.0700000e+03  -2.1970266e+00
   1.0800000e+03  -2.1820110e+00
   1.0900000e+03  -2.1807726e+00
   1.1000000e+03  -2.1697283e+00
   1.1100000e+03  -2.1523410e+00
   1.1200000e+03  -2.1428514e+00
   1.1300000e+03  -2.1574078e+00
   1.1400000e+03  -2.1676945e+00
   1.1500000e+03  -2.1539227e+00
   1.1600000e+03  -2.1505837e+00
   1.1700000e+03  -2.1523871e+00
   1.1800000e+03  -2.1533575e+00
   1.1900000e+03  -2.1297770e+00
   1.2000000e+03  -2.1230270e+00
   1.2100000e+03  -2.1378545e+00
   1.2200000e+03  -2.1311869e+00
   1.2300000e+03  -2.1088744e+00
   1.2400000e+03  -2.0948972e+00
   1.2500000e+03  -2.1091113e+00
   1.2600000e+03  -2.0822960e+00
   1.2700000e+03  -2.0831718e+00
   1.2800000e+03  -2.0802675e+00
   1.2900000e+03  -2.0649803e+00
   1.3000000e+03  -2.0521887e+00
   1.3100000e+03  -2.0559824e+00
   1.3200000e+03  -2.0329636e+00
   1.3300000e+03  -2.0486779e+00
   1.3400000e+03  -2.0314967e+00
   1.3500000e+03  -2.0420965e+00
   1.3600000e+03  -2.0335900e+00
   1.3700000e+03  -2.0318879e+00
   1.3800000e+03  -2.0332411e+00
   1.3900000e+03  -2.0265345e+00
   1.4000000e+03  -2.0314753e+00
   1.4100000e+03  -2.0212206e+00
   1.4200000e+03  -2.0137910e+00
   1.4300000e+03  -2.0100968e+00
   1.4400000e+03  -2.0051885e+00
   1.4500000e+03  -2.0158429e+00
   1.4600000e+03  -2.0039380e+00
   1.4700000e+03  -1.9864859e+00
   1.4800000e+03  -2.0007415e+00
   1.4900000e+03  -1.9810640e+00
   1.5000000e+03  -1.9829357e+00
   1.5100000e+03  -1.9648263e+00
   1.5200000e+03  -1.9631106e+00
   1.5300000e+03  -1.9755644e+00
   1.5400000e+03  -1.9780629e+00
   1.5500000e+03  -1.9700188e+00
   1.5600000e+03  -1.9579923e+00
   1.5700000e+03  -1.9689727e+00
   1.5800000e+03  -1.9688249e+00
   1.5900000e+03  -1.9597177e+00
   1.6000000e+03  -1.9574834e+00
   1.6100000e+03  -1.9612783e+00
   1.6200000e+03  -1.9415739e+00
   1.6300000e+03  -1.9396005e+00
   1.6400000e+03  -1.9362756e+00
   1.6500000e+03  -1.9349427e+00
   1.6600000e+03  -1.9344944e+00
   1.6700000e+03  -1.9281847e+00
   1.6800000e+03  -1.9268106e+00
   1.6900000e+03  -1.9091811e+00
   1.7000000e+03  -1.9073296e+00
   1.7100000e+03  -1.9265608e+00
   1.7200000e+03  -1.9095580e+00
   1.7300000e+03  -1.9135022e+00
   1.7400000e+03  -1.9017508e+00
   1.7500000e+03  -1.8849253e+00
   1.7600000e+03  -1.8829503e+00
   1.7700000e+03  -1.8840729e+00
   1.7800000e+03  -1.8799840e+00
   1.7900000e+03  -1.8830557e+00
   1.8000000e+03  -1.8769628e+00
   1.8100000e+03  -1.8715807e+00
   1.8200000e+03  -1.8705620e+00
   1.8300000e+03  -1.8670725e+00
   1.8400000e+03  -1.8420805e+00
   1.8500000e+03  -1.8339701e+00
   1.8600000e+03  -1.8385667e+00
   1.8700000e+03  -1.8485378e+00
   1.8800000e+03  -1.8405616e+00
   1.8900000e+03  -1.8391326e+00
   1.9000000e+03  -1.8503420e+00
   1.9100000e+03  -1.8362959e+00
   1.9200000e+03  -1.8290838e+00
   1.9300000e+03  -1.8299958e+00
   1.9400000e+03  -1.8342904e+00
   1.9500000e+03  -1.8432076e+00
   1.9600000e+03  -1.8523155e+00
   1.9700000e+03  -1.8407507e+00
   1.9800000e+03  -1.8263752e+00
   1.9900000e+03  -1.8082498e+00
   2.0000000e+03  -1.8129393e+00
   2.0100000e+03  -1.8055505e+00
   2.0200000e+03  -1.7765612e+00
   2.0300000e+03  -1.7928972e+00
   2.0400000e+03  -1.8028359e+00
   2.0500000e+03  -1.7864860e+00
   2.0600000e+03  -1.7834832e+00
   2.0700000e+03  -1.7778635e+00
   2.0800000e+03  -1.7668575e+00
   2.0900000e+03  -1.7642481e+00
   2.1000000e+03  -1.7556853e+00
   2.1100000e+03  -1.7497104e+00
   2.1200000e+03  -1.7414755e+00
   2.1300000e+03  -1.7355571e+00
   2.1400000e+03  -1.7334725e+00
   2.1500000e+03  -1.7513741e+00
   2.1600000e+03  -1.7168109e+00
   2.1700000e+03  -1.7360513e+00
   2.1800000e+03  -1.7034099e+00
   2.1900000e+03  -1.7105298e+00
   2.2000000e+03  -1.6971547e+00
   2.2100000e+03  -1.6816129e+00
   2.2200000e+03  -1.6842876e+00
   2.2300000e+03  -1.6929323e+00
   2.2400000e+03  -1.6898535e+00
   2.2500000e+03  -1.6906313e+00
   2.2600000e+03  -1.6734671e+00
   2.2700000e+03  -1.6666630e+00
   2.2800000e+03  -1.6804876e+00
   2.2900000e+03  -1.6764650e+00
   2.3000000e+03  -1.6762301e+00
   2.3100000e+03  -1.6657054e+00
   2.3200000e+03  -1.6549902e+00
   2.3300000e+03  -1.6583281e+00
   2.3400000e+03  -1.6582594e+00
   2.3500000e+03  -1.6545784e+00
   2.3600000e+03  -1.6514433e+00
   2.3700000e+03  -1.6430735e+00
   2.3800000e+03  -1.6503409e+00
   2.3900000e+03  -1.6419161e+00
   2.4000000e+03  -1.6331773e+00
   2.4100000e+03  -1.6353608e+00
   2.4200000e+03  -1.6320764e+00
   2.4300000e+03  -1.6317912e+00
   2.4400000e+03  -1.6298181e+00
   2.4500000e+03  -1.6363383e+00
   2.4600000e+03  -1.6296870e+00
   2.4700000e+03  -1.6338208e+00
   2.4800000e+03  -1.6332917e+00
   2.4900000e+03  -1.6302664e+00
   2.5000000e+03  -1.6203307e+00
   2.5100000e+03  -1.5955206e+00
   2.5200000e+03  -1.6000233e+00
   2.5300000e+03  -1.6081946e+00
   2.5400000e+03  -1.6084431e+00
   2.5500000e+03  -1.6080375e+00
   2.5600000e+03  -1.6216189e+00
   2.5700000e+03  -1.6108370e+00
   2.5800000e+03  -1.6017049e+00
   2.5900000e+03  -1.6077324e+00
   2.6000000e+03  -1.6000169e+00
   2.6100000e+03  -1.6129852e+00
   2.6200000e+03  -1.6169802e+00
   2.6300000e+03  -1.6063615e+00
   2.6400000e+03  -1.6042206e+00
   2.6500000e+03  -1.6009362e+00
   2.6600000e+03  -1.5877270e+00
   2.6700000e+03  -1.6052879e+00
   2.6800000e+03  -1.5892411e+00
   2.6900000e+03  -1.5995760e+00
   2.7000000e+03  -1.5930346e+00
   2.7100000e+03  -1.5980252e+00
   2.7200000e+03  -1.5959560e+00
   2.7300000e+03  -1.5990925e+00
   2.7400000e+03  -1.5926853e+00
   2.7500000e+03  -1.5934918e+00
   2.7600000e+03  -1.5828473e+00
   2.7700000e+03  -1.5817997e+00
   2.7800000e+03  -1.5806301e+00
   2.7900000e+03  -1.5973064e+00
   2.8000000e+03  -1.5847131e+00
   2.8100000e+03  -1.5807486e+00
   2.8200000e+03  -1.5848699e+00
   2.8300000e+03  -1.5846136e+00
   2.8400000e+03  -1.5812086e+00
   2.8500000e+03  -1.5761113e+00
   2.8600000e+03  -1.5849212e+00
   2.8700000e+03  -1.5883457e+00
   2.8800000e+03  -1.5733785e+00
   2.8900000e+03  -1.5842880e+00
   2.9000000e+03  -1.5831292e+00
   2.9100000e+03  -1.5817415e+00
   2.9200000e+03  -1.5783610e+00
   2.9300000e+03  -1.5801632e+00
   2.9400000e+03  -1.5863139e+00
   2.9500000e+03  -1.5683064e+00
   2.9600000e+03  -1.5813126e+00
   2.9700000e+03  -1.5693294e+00
   2.9800000e+03  -1.5899182e+00
   2.9900000e+03  -1.5848468e+00
   3.0000000e+03  -1.5769956e+00
   3.0100000e+03  -1.5721452e+00
   3.0200000e+03  -1.5771371e+00
   3.0300000e+03  -1.5631244e+00
   3.0400000e+03  -1.5759168e+00
   3.0500000e+03  -1.5706302e+00
   3.0600000e+03  -1.5747376e+00
   3.0700000e+03  -1.5668619e+00
   3.0800000e+03  -1.5730811e+00
   3.0900000e+03  -1.5857898e+00
   3.1000000e+03  -1.5831074e+00
   3.1100000e+03  -1.5769198e+00
   3.1200000e+03  -1.5717826e+00
   3.1300000e+03  -1.5765016e+00
   3.1400000e+03  -1.5644664e+00
   3.1500000e+03  -1.5778977e+00
   3.1600000e+03  -1.5782406e+00
   3.1700000e+03  -1.5682487e+00
   3.1800000e+03  -1.5822396e+00
   3.1900000e+03  -1.5944011e+00
   3.2000000e+03  -1.5979050e+00
   3.2100000e+03  -1.5799096e+00
   3.2200000e+03  -1.5867940e+00
   3.2300000e+03  -1.5876127e+00
   3.2400000e+03  -1.5920848e+00
   3.2500000e+03  -1.5944834e+00
   3.2600000e+03  -1.5907491e+00
   3.2700000e+03  -1.5944985e+00
   3.2800000e+03  -1.5867144e+00
   3.2900000e+03  -1.5946096e+00
   3.3000000e+03  -1.5884205e+00
   3.3100000e+03  -1.6060636e+00
   3.3200000e+03  -1.5960441e+00
   3.3300000e+03  -1.5875112e+00
   3.3400000e+03  -1.5946960e+00
   3.3500000e+03  -1.5999718e+00
   3.3600000e+03  -1.6013226e+00
   3.3700000e+03  -1.5860534e+00
   3.3800000e+03  -1.5973963e+00
   3.3900000e+03  -1.6163204e+00
   3.4000000e+03  -1.6192114e+00
   3.4100000e+03  -1.6223328e+00
   3.4200000e+03  -1.6041052e+00
   3.4300000e+03  -1.5922288e+00
   3.4400000e+03  -1.6192526e+00
   3.4500000e+03  -1.6160215e+00
   3.4600000e+03  -1.6024293e+00
   3.4700000e+03  -1.6000307e+00
   3.4800000e+03  -1.6063310e+00
   3.4900000e+03  -1.5944423e+00
