   0.0000000e+00   2.0930335e+01
   1.0000000e+01   2.0921320e+01
   2.0000000e+01   2.0903501e+01
   3.0000000e+01   2.0902667e+01
   4.0000000e+01   2.0890513e+01
   5.0000000e+01   2.0898881e+01
   6.0000000e+01   2.0897525e+01
   7.0000000e+01   2.0890204e+01
   8.0000000e+01   2.0885564e+01
   9.0000000e+01   2.0836434e+01
   1.0000000e+02   2.0370038e+01
   1.1000000e+02   1.9788354e+01
   1.2000000e+02   1.9303110e+01
   1.3000000e+02   1.9130568e+01
   1.4000000e+02   1.8856681e+01
   1.5000000e+02   1.8710024e+01
   1.6000000e+02   1.8659073e+01
   1.7000000e+02   1.8542384e+01
   1.8000000e+02   1.8462175e+01
   1.9000000e+02   1.8338165e+01
   2.0000000e+02   1.8248989e+01
   2.1000000e+02   1.8149532e+01
   2.2000000e+02   1.8095722e+01
   2.3000000e+02   1.7971897e+01
   2.4000000e+02   1.7913045e+01
   2.5000000e+02   1.7857331e+01
   2.6000000e+02   1.7753189e+01
   2.7000000e+02   1.7675377e+01
   2.8000000e+02   1.7605374e+01
   2.9000000e+02   1.7544487e+01
   3.0000000e+02   1.7484692e+01
   3.1000000e+02   1.7463295e+01
   3.2000000e+02   1.7399709e+01
   3.3000000e+02   1.7368980e+01
   3.4000000e+02   1.7304884e+01
   3.5000000e+02   1.7293069e+01
   3.6000000e+02   1.7235512e+01
   3.7000000e+02   1.7193675e+01
   3.8000000e+02   1.7147614e+01
   3.9000000e+02   1.7111772e+01
   4.0000000e+02   1.7082828e+01
   4.1000000e+02   1.7052843e+01
   4.2000000e+02   1.6998543e+01
   4.3000000e+02   1.6954034e+01
   4.4000000e+02   1.6969608e+01
   4.5000000e+02   1.6898936e+01
   4.6000000e+02   1.6858602e+01
   4.7000000e+02   1.6815972e+01
   4.8000000e+02   1.6696004e+01
   4.9000000e+02   1.6612662e+01
   5.0000000e+02   1.6609984e+01
   5.1000000e+02   1.6599257e+01
   5.2000000e+02   1.6565243e+01
   5.3000000e+02   1.6596278e+01
   5.4000000e+02   1.6632368e+01
   5.5000000e+02   1.6577953e+01
   5.6000000e+02   1.6557758e+01
   5.7000000e+02   1.6553810e+01
   5.8000000e+02   1.6540417e+01
   5.9000000e+02   1.6533571e+01
   6.0000000e+02   1.6519116e+01
   6.1000000e+02   1.6491553e+01
   6.2000000e+02   1.6483368e+01
   6.3000000e+02   1.6428073e+01
   6.4000000e+02   1.6432720e+01
   6.5000000e+02   1.6411044e+01
   6.6000000e+02   1.6387058e+01
   6.7000000e+02   1.6356591e+01
   6.8000000e+02   1.6348443e+01
   6.9000000e+02   1.6306768e+01
   7.0000000e+02   1.6286565e+01
   7.1000000e+02   1.6276528e+01
   7.2000000e+02   1.6261078e+01
   7.3000000e+02   1.6216760e+01
   7.4000000e+02   1.6222319e+01
   7.5000000e+02   1.6218283e+01
   7.6000000e+02   1.6186962e+01
   7.7000000e+02   1.6192098e+01
   7.8000000e+02   1.6189523e+01
   7.9000000e+02   1.6169795e+01
   8.0000000e+02   1.6167233e+01
   8.1000000e+02   1.6145837e+01
   8.2000000e+02   1.6143478e+01
   8.3000000e+02   1.6136314e+01
   8.4000000e+02   1.6115242e+01
   8.5000000e+02   1.6130056e+01
   8.6000000e+02   1.6103369e+01
   8.7000000e+02   1.6069722e+01
   8.8000000e+02   1.6063717e+01
   8.9000000e+02   1.6043617e+01
   9.0000000e+02   1.6030300e+01
   9.1000000e+02   1.6013234e+01
   9.2000000e+02   1.5994270e+01
   9.3000000e+02   1.6005461e+01
   9.4000000e+02   1.5988535e+01
   9.5000000e+02   1.5999741e+01
   9.6000000e+02   1.5977207e+01
   9.7000000e+02   1.5945623e+01
   9.8000000e+02   1.5947451e+01
   9.9000000e+02   1.5933640e+01
   1.0000000e+03   1.5941715e+01
   1.0100000e+03   1.5922570e+01
   1.0200000e+03   1.5916646e+01
   1.0300000e+03   1.5906388e+01
   1.0400000e+03   1.5889514e+01
   1.0500000e+03   1.5869400e+01
   1.0600000e+03   1.5878408e+01
   1.0700000e+03   1.5874016e+01
   1.0800000e+03   1.5885813e+01
   1.0900000e+03   1.5888914e+01
   1.1000000e+03   1.5852336e+01
   1.1100000e+03   1.5847451e+01
   1.1200000e+03   1.5866726e+01
   1.1300000e+03   1.5848881e+01
   1.1400000e+03   1.5829272e+01
   1.1500000e+03   1.5807746e+01
   1.1600000e+03   1.5820856e+01
   1.1700000e+03   1.5816956e+01
   1.1800000e+03   1.5816913e+01
   1.1900000e+03   1.5844038e+01
   1.2000000e+03   1.5789440e+01
   1.2100000e+03   1.5776900e+01
   1.2200000e+03   1.5760340e+01
   1.2300000e+03   1.5807347e+01
   1.2400000e+03   1.5784633e+01
   1.2500000e+03   1.5781541e+01
   1.2600000e+03   1.5786341e+01
   1.2700000e+03   1.5767332e+01
   1.2800000e+03   1.5775823e+01
   1.2900000e+03   1.5785570e+01
   1.3000000e+03   1.5785377e+01
   1.3100000e+03   1.5782968e+01
   1.3200000e+03   1.5761881e+01
   1.3300000e+03   1.5784248e+01
   1.3400000e+03   1.5803333e+01
   1.3500000e+03   1.5787127e+01
   1.3600000e+03   1.5809137e+01
   1.3700000e+03   1.5786669e+01
   1.3800000e+03   1.5821109e+01
   1.3900000e+03   1.5778787e+01
   1.4000000e+03   1.5791964e+01
   1.4100000e+03   1.5807359e+01
   1.4200000e+03   1.5819224e+01
   1.4300000e+03   1.5836874e+01
   1.4400000e+03   1.5820643e+01
   1.4500000e+03   1.5837389e+01
   1.4600000e+03   1.5840956e+01
   1.4700000e+03   1.5849155e+01
   1.4800000e+03   1.5874842e+01
   1.4900000e+03   1.5847386e+01
   1.5000000e+03   1.5830866e+01
   1.5100000e+03   1.5845535e+01
   1.5200000e+03   1.5845861e+01
   1.5300000e+03   1.5840116e+01
   1.5400000e+03   1.5785776e+01
   1.5500000e+03   1.5829870e+01
   1.5600000e+03   1.5829608e+01
   1.5700000e+03   1.5821389e+01
   1.5800000e+03   1.5844083e+01
   1.5900000e+03   1.5831365e+01
   1.6000000e+03   1.5836162e+01
   1.6100000e+03   1.5788193e+01
   1.6200000e+03   1.5800744e+01
   1.6300000e+03   1.5824107e+01
   1.6400000e+03   1.5861608e+01
   1.6500000e+03   1.5879680e+01
   1.6600000e+03   1.5880129e+01
   1.6700000e+03   1.5906676e+01
   1.6800000e+03   1.5897827e+01
   1.6900000e+03   1.5911551e+01
   1.7000000e+03   1.5933628e+01
   1.7100000e+03   1.5939913e+01
   1.7200000e+03   1.5924653e+01
   1.7300000e+03   1.5927439e+01
   1.7400000e+03   1.5932480e+01
   1.7500000e+03   1.5926107e+01
   1.7600000e+03   1.5971782e+01
   1.7700000e+03   1.5973445e+01
   1.7800000e+03   1.5977080e+01
   1.7900000e+03   1.5970746e+01
   1.8000000e+03   1.5958262e+01
   1.8100000e+03   1.5959242e+01
   1.8200000e+03   1.5933070e+01
   1.8300000e+03   1.5954232e+01
   1.8400000e+03   1.5955118e+01
   1.8500000e+03   1.5944656e+01
   1.8600000e+03   1.5947949e+01
   1.8700000e+03   1.5937488e+01
   1.8800000e+03   1.5935258e+01
   1.8900000e+03   1.5929951e+01
   1.9000000e+03   1.5934284e+01
   1.9100000e+03   1.5943254e+01
   1.9200000e+03   1.5953738e+01
   1.9300000e+03   1.5985130e+01
   1.9400000e+03   1.5976176e+01
   1.9500000e+03   1.5982342e+01
   1.9600000e+03   1.5998776e+01
   1.9700000e+03   1.6002004e+01
   1.9800000e+03   1.6021064e+01
   1.9900000e+03   1.6021109e+01
   2.0000000e+03   1.6030119e+01
   2.0100000e+03   1.6031949e+01
   2.0200000e+03   1.6038935e+01
   2.0300000e+03   1.6049748e+01
   2.0400000e+03   1.6078129e+01
   2.0500000e+03   1.6065704e+01
   2.0600000e+03   1.6080334e+01
   2.0700000e+03   1.6081552e+01
   2.0800000e+03   1.6099326e+01
   2.0900000e+03   1.6099850e+01
   2.1000000e+03   1.6128885e+01
   2.1100000e+03   1.6113961e+01
   2.1200000e+03   1.6149406e+01
   2.1300000e+03   1.6136748e+01
   2.1400000e+03   1.6137444e+01
   2.1500000e+03   1.6137158e+01
   2.1600000e+03   1.6145782e+01
   2.1700000e+03   1.6154611e+01
   2.1800000e+03   1.6168280e+01
   2.1900000e+03   1.6179035e+01
   2.2000000e+03   1.6193374e+01
   2.2100000e+03   1.6184324e+01
   2.2200000e+03   1.6161193e+01
   2.2300000e+03   1.6172046e+01
   2.2400000e+03   1.6199764e+01
   2.2500000e+03   1.6220595e+01
   2.2600000e+03   1.6195279e+01
   2.2700000e+03   1.6214881e+01
   2.2800000e+03   1.6183593e+01
   2.2900000e+03   1.6179260e+01
   2.3000000e+03   1.6184376e+01
   2.3100000e+03   1.6193301e+01
   2.3200000e+03   1.6180806e+01
   2.3300000e+03   1.6188381e+01
   2.3400000e+03   1.6209828e+01
   2.3500000e+03   1.6201900e+01
   2.3600000e+03   1.6205508e+01
   2.3700000e+03   1.6220638e+01
   2.3800000e+03   1.6232406e+01
   2.3900000e+03   1.6211342e+01
   2.4000000e+03   1.6226842e+01
   2.4100000e+03   1.6222561e+01
   2.4200000e+03   1.6232361e+01
   2.4300000e+03   1.6246821e+01
   2.4400000e+03   1.6232766e+01
   2.4500000e+03   1.6202062e+01
   2.4600000e+03   1.6243121e+01
   2.4700000e+03   1.6243624e+01
   2.4800000e+03   1.6239043e+01
   2.4900000e+03   1.6241146e+01
   2.5000000e+03   1.6271091e+01
   2.5100000e+03   1.6276213e+01
   2.5200000e+03   1.6270073e+01
   2.5300000e+03   1.6260718e+01
   2.5400000e+03   1.6274643e+01
   2.5500000e+03   1.6259482e+01
   2.5600000e+03   1.6291176e+01
   2.5700000e+03   1.6278750e+01
   2.5800000e+03   1.6279772e+01
   2.5900000e+03   1.6314625e+01
   2.6000000e+03   1.6285647e+01
   2.6100000e+03   1.6318420e+01
   2.6200000e+03   1.6283047e+01
   2.6300000e+03   1.6299502e+01
   2.6400000e+03   1.6294910e+01
   2.6500000e+03   1.6302849e+01
   2.6600000e+03   1.6297968e+01
   2.6700000e+03   1.6295698e+01
   2.6800000e+03   1.6295056e+01
   2.6900000e+03   1.6300495e+01
   2.7000000e+03   1.6303336e+01
   2.7100000e+03   1.6323194e+01
   2.7200000e+03   1.6330845e+01
   2.7300000e+03   1.6323286e+01
   2.7400000e+03   1.6318092e+01
   2.7500000e+03   1.6327972e+01
   2.7600000e+03   1.6312155e+01
   2.7700000e+03   1.6311811e+01
   2.7800000e+03   1.6297880e+01
   2.7900000e+03   1.6323218e+01
   2.8000000e+03   1.6313305e+01
   2.8100000e+03   1.6325412e+01
   2.8200000e+03   1.6334524e+01
   2.8300000e+03   1.6339661e+01
   2.8400000e+03   1.6369329e+01
   2.8500000e+03   1.6355155e+01
   2.8600000e+03   1.6369557e+01
   2.8700000e+03   1.6360083e+01
   2.8800000e+03   1.6358127e+01
   2.8900000e+03   1.6365081e+01
   2.9000000e+03   1.6367172e+01
   2.9100000e+03   1.6358340e+01
   2.9200000e+03   1.6346394e+01
   2.9300000e+03   1.6374327e+01
   2.9400000e+03   1.6382799e+01
   2.9500000e+03   1.6381335e+01
   2.9600000e+03   1.6387580e+01
   2.9700000e+03   1.6407725e+01
   2.9800000e+03   1.6406602e+01
   2.9900000e+03   1.6370329e+01
   3.0000000e+03   1.6396787e+01
   3.0100000e+03   1.6380971e+01
   3.0200000e+03   1.6382937e+01
   3.0300000e+03   1.6374912e+01
   3.0400000e+03   1.6383696e+01
   3.0500000e+03   1.6382258e+01
   3.0600000e+03   1.6380696e+01
   3.0700000e+03   1.6376742e+01
   3.0800000e+03   1.6391186e+01
   3.0900000e+03   1.6382395e+01
   3.1000000e+03   1.6368820e+01
   3.1100000e+03   1.6354344e+01
   3.1200000e+03   1.6389467e+01
   3.1300000e+03   1.6367775e+01
   3.1400000e+03   1.6373799e+01
   3.1500000e+03   1.6371255e+01
   3.1600000e+03   1.6354879e+01
   3.1700000e+03   1.6383484e+01
   3.1800000e+03   1.6355284e+01
   3.1900000e+03   1.6349830e+01
   3.2000000e+03   1.6338418e+01
   3.2100000e+03   1.6344144e+01
   3.2200000e+03   1.6324463e+01
   3.2300000e+03   1.6356171e+01
   3.2400000e+03   1.6338444e+01
   3.2500000e+03   1.6319775e+01
   3.2600000e+03   1.6330024e+01
   3.2700000e+03   1.6328821e+01
   3.2800000e+03   1.6350798e+01
   3.2900000e+03   1.6341257e+01
   3.3000000e+03   1.6356523e+01
   3.3100000e+03   1.6334189e+01
   3.3200000e+03   1.6309148e+01
   3.3300000e+03   1.6285173e+01
   3.3400000e+03   1.6278667e+01
   3.3500000e+03   1.6307302e+01
   3.3600000e+03   1.6318495e+01
   3.3700000e+03   1.6318699e+01
   3.3800000e+03   1.6281768e+01
   3.3900000e+03   1.6283941e+01
   3.4000000e+03   1.6290337e+01
   3.4100000e+03   1.6306726e+01
   3.4200000e+03   1.6317564e+01
   3.4300000e+03   1.6314135e+01
   3.4400000e+03   1.6297731e+01
   3.4500000e+03   1.6276805e+01
   3.4600000e+03   1.6282532e+01
   3.4700000e+03   1.6282148e+01
   3.4800000e+03   1.6312777e+01
   3.4900000e+03   1.6300763e+01
