   0.0000000e+00   1.9701387e+01
   1.0000000e+01   1.9685411e+01
   2.0000000e+01   1.9682636e+01
   3.0000000e+01   1.9689217e+01
   4.0000000e+01   1.9696980e+01
   5.0000000e+01   1.9695855e+01
   6.0000000e+01   1.9701682e+01
   7.0000000e+01   1.9691340e+01
   8.0000000e+01   1.9679975e+01
   9.0000000e+01   1.9699854e+01
   1.0000000e+02   1.9865264e+01
   1.1000000e+02   2.0115032e+01
   1.2000000e+02   2.0259183e+01
   1.3000000e+02   2.0420322e+01
   1.4000000e+02   2.0512444e+01
   1.5000000e+02   2.0606834e+01
   1.6000000e+02   2.0693275e+01
   1.7000000e+02   2.0761556e+01
   1.8000000e+02   2.0803048e+01
   1.9000000e+02   2.0873760e+01
   2.0000000e+02   2.0926222e+01
   2.1000000e+02   2.0967043e+01
   2.2000000e+02   2.1016834e+01
   2.3000000e+02   2.1048172e+01
   2.4000000e+02   2.1081827e+01
   2.5000000e+02   2.1127871e+01
   2.6000000e+02   2.1151546e+01
   2.7000000e+02   2.1170237e+01
   2.8000000e+02   2.1186767e+01
   2.9000000e+02   2.1255898e+01
   3.0000000e+02   2.1242341e+01
   3.1000000e+02   2.1276785e+01
   3.2000000e+02   2.1271488e+01
   3.3000000e+02   2.1283439e+01
   3.4000000e+02   2.1264447e+01
   3.5000000e+02   2.1263778e+01
   3.6000000e+02   2.1256630e+01
   3.7000000e+02   2.1263069e+01
   3.8000000e+02   2.1250487e+01
   3.9000000e+02   2.1278872e+01
   4.0000000e+02   2.1262523e+01
   4.1000000e+02   2.1259950e+01
   4.2000000e+02   2.1290308e+01
   4.3000000e+02   2.1275577e+01
   4.4000000e+02   2.1264946e+01
   4.5000000e+02   2.1257008e+01
   4.6000000e+02   2.1229547e+01
   4.7000000e+02   2.1260896e+01
   4.8000000e+02   2.1322806e+01
   4.9000000e+02   2.1334427e+01
   5.0000000e+02   2.1319032e+01
   5.1000000e+02   2.1310197e+01
   5.2000000e+02   2.1322366e+01
   5.3000000e+02   2.1323661e+01
   5.4000000e+02   2.1317263e+01
   5.5000000e+02   2.1314432e+01
   5.6000000e+02   2.1272097e+01
   5.7000000e+02   2.1276033e+01
   5.8000000e+02   2.1268708e+01
   5.9000000e+02   2.1273229e+01
   6.0000000e+02   2.1283128e+01
   6.1000000e+02   2.1282748e+01
   6.2000000e+02   2.1258395e+01
   6.3000000e+02   2.1278992e+01
   6.4000000e+02   2.1282001e+01
   6.5000000e+02   2.1290032e+01
   6.6000000e+02   2.1265215e+01
   6.7000000e+02   2.1268888e+01
   6.8000000e+02   2.1269104e+01
   6.9000000e+02   2.1273186e+01
   7.0000000e+02   2.1277595e+01
   7.1000000e+02   2.1273847e+01
   7.2000000e+02   2.1290859e+01
   7.3000000e+02   2.1271251e+01
   7.4000000e+02   2.1273779e+01
   7.5000000e+02   2.1278553e+01
   7.6000000e+02   2.1292025e+01
   7.7000000e+02   2.1295058e+01
   7.8000000e+02   2.1310544e+01
   7.9000000e+02   2.1299460e+01
   8.0000000e+02   2.1302694e+01
   8.1000000e+02   2.1271666e+01
   8.2000000e+02   2.1277649e+01
   8.3000000e+02   2.1284862e+01
   8.4000000e+02   2.1288640e+01
   8.5000000e+02   2.1285111e+01
   8.6000000e+02   2.1276354e+01
   8.7000000e+02   2.1292140e+01
   8.8000000e+02   2.1272507e+01
   8.9000000e+02   2.1282114e+01
   9.0000000e+02   2.1288060e+01
   9.1000000e+02   2.1276390e+01
   9.2000000e+02   2.1280648e+01
   9.3000000e+02   2.1298735e+01
   9.4000000e+02   2.1295766e+01
   9.5000000e+02   2.1305998e+01
   9.6000000e+02   2.1296751e+01
   9.7000000e+02   2.1300247e+01
   9.8000000e+02   2.1266659e+01
   9.9000000e+02   2.1249436e+01
   1.0000000e+03   2.1249144e+01
   1.0100000e+03   2.1253687e+01
   1.0200000e+03   2.1253343e+01
   1.0300000e+03   2.1248452e+01
   1.0400000e+03   2.1292978e+01
   1.0500000e+03   2.1239162e+01
   1.0600000e+03   2.1255306e+01
   1.0700000e+03   2.1250470e+01
   1.0800000e+03   2.1278416e+01
   1.0900000e+03   2.1249566e+01
   1.1000000e+03   2.1259663e+01
   1.1100000e+03   2.1251560e+01
   1.1200000e+03   2.1254552e+01
   1.1300000e+03   2.1246040e+01
   1.1400000e+03   2.1220730e+01
   1.1500000e+03   2.1229615e+01
   1.1600000e+03   2.1216516e+01
   1.1700000e+03   2.1215873e+01
   1.1800000e+03   2.1230642e+01
   1.1900000e+03   2.1239135e+01
   1.2000000e+03   2.1260915e+01
   1.2100000e+03   2.1206309e+01
   1.2200000e+03   2.1228239e+01
   1.2300000e+03   2.1223895e+01
   1.2400000e+03   2.1229978e+01
   1.2500000e+03   2.1206995e+01
   1.2600000e+03   2.1200897e+01
   1.2700000e+03   2.1218538e+01
   1.2800000e+03   2.1219585e+01
   1.2900000e+03   2.1213553e+01
   1.3000000e+03   2.1244142e+01
   1.3100000e+03   2.1211888e+01
   1.3200000e+03   2.1233477e+01
   1.3300000e+03   2.1235149e+01
   1.3400000e+03   2.1226147e+01
   1.3500000e+03   2.1234312e+01
   1.3600000e+03   2.1221743e+01
   1.3700000e+03   2.1227376e+01
   1.3800000e+03   2.1197559e+01
   1.3900000e+03   2.1197310e+01
   1.4000000e+03   2.1197238e+01
   1.4100000e+03   2.1210021e+01
   1.4200000e+03   2.1214891e+01
   1.4300000e+03   2.1210247e+01
   1.4400000e+03   2.1235513e+01
   1.4500000e+03   2.1205669e+01
   1.4600000e+03   2.1192094e+01
   1.4700000e+03   2.1226411e+01
   1.4800000e+03   2.1206394e+01
   1.4900000e+03   2.1209374e+01
   1.5000000e+03   2.1199637e+01
   1.5100000e+03   2.1203828e+01
   1.5200000e+03   2.1185174e+01
   1.5300000e+03   2.1187091e+01
   1.5400000e+03   2.1200335e+01
   1.5500000e+03   2.1187767e+01
   1.5600000e+03   2.1189821e+01
   1.5700000e+03   2.1203623e+01
   1.5800000e+03   2.1203308e+01
   1.5900000e+03   2.1205456e+01
   1.6000000e+03   2.1204215e+01
   1.6100000e+03   2.1179597e+01
   1.6200000e+03   2.1181216e+01
   1.6300000e+03   2.1214430e+01
   1.6400000e+03   2.1194606e+01
   1.6500000e+03   2.1198945e+01
   1.6600000e+03   2.1203790e+01
   1.6700000e+03   2.1201757e+01
   1.6800000e+03   2.1209609e+01
   1.6900000e+03   2.1177681e+01
   1.7000000e+03   2.1206839e+01
   1.7100000e+03   2.1192963e+01
   1.7200000e+03   2.1185636e+01
   1.7300000e+03   2.1169201e+01
   1.7400000e+03   2.1158020e+01
   1.7500000e+03   2.1194953e+01
   1.7600000e+03   2.1188362e+01
   1.7700000e+03   2.1187935e+01
   1.7800000e+03   2.1200118e+01
   1.7900000e+03   2.1151456e+01
   1.8000000e+03   2.1169112e+01
   1.8100000e+03   2.1165922e+01
   1.8200000e+03   2.1148886e+01
   1.8300000e+03   2.1175978e+01
   1.8400000e+03   2.1162278e+01
   1.8500000e+03   2.1150240e+01
   1.8600000e+03   2.1183145e+01
   1.8700000e+03   2.1136158e+01
   1.8800000e+03   2.1141113e+01
   1.8900000e+03   2.1164527e+01
   1.9000000e+03   2.1162593e+01
   1.9100000e+03   2.1174997e+01
   1.9200000e+03   2.1186826e+01
   1.9300000e+03   2.1178278e+01
   1.9400000e+03   2.1179777e+01
   1.9500000e+03   2.1209756e+01
   1.9600000e+03   2.1179139e+01
   1.9700000e+03   2.1183973e+01
   1.9800000e+03   2.1193234e+01
   1.9900000e+03   2.1177540e+01
   2.0000000e+03   2.1174246e+01
   2.0100000e+03   2.1135102e+01
   2.0200000e+03   2.1149466e+01
   2.0300000e+03   2.1143802e+01
   2.0400000e+03   2.1102632e+01
   2.0500000e+03   2.1105301e+01
   2.0600000e+03   2.1128667e+01
   2.0700000e+03   2.1113448e+01
   2.0800000e+03   2.1141565e+01
   2.0900000e+03   2.1113387e+01
   2.1000000e+03   2.1077034e+01
   2.1100000e+03   2.1095499e+01
   2.1200000e+03   2.1118072e+01
   2.1300000e+03   2.1101531e+01
   2.1400000e+03   2.1123518e+01
   2.1500000e+03   2.1090134e+01
   2.1600000e+03   2.1119324e+01
   2.1700000e+03   2.1124415e+01
   2.1800000e+03   2.1070906e+01
   2.1900000e+03   2.1082776e+01
   2.2000000e+03   2.1067894e+01
   2.2100000e+03   2.1090821e+01
   2.2200000e+03   2.1069864e+01
   2.2300000e+03   2.1077434e+01
   2.2400000e+03   2.1044863e+01
   2.2500000e+03   2.1067464e+01
   2.2600000e+03   2.1033914e+01
   2.2700000e+03   2.1072188e+01
   2.2800000e+03   2.1058151e+01
   2.2900000e+03   2.1069344e+01
   2.3000000e+03   2.1054070e+01
   2.3100000e+03   2.1049072e+01
   2.3200000e+03   2.1050051e+01
   2.3300000e+03   2.1046255e+01
   2.3400000e+03   2.1077108e+01
   2.3500000e+03   2.1054166e+01
   2.3600000e+03   2.1048501e+01
   2.3700000e+03   2.1043434e+01
   2.3800000e+03   2.1047982e+01
   2.3900000e+03   2.1018434e+01
   2.4000000e+03   2.1046142e+01
   2.4100000e+03   2.1058312e+01
   2.4200000e+03   2.1081961e+01
   2.4300000e+03   2.1012342e+01
   2.4400000e+03   2.1055283e+01
   2.4500000e+03   2.1043911e+01
   2.4600000e+03   2.1028332e+01
   2.4700000e+03   2.1033463e+01
   2.4800000e+03   2.1044407e+01
   2.4900000e+03   2.1044651e+01
   2.5000000e+03   2.1017307e+01
   2.5100000e+03   2.1025882e+01
   2.5200000e+03   2.1011200e+01
   2.5300000e+03   2.0991002e+01
   2.5400000e+03   2.1020152e+01
   2.5500000e+03   2.1015696e+01
   2.5600000e+03   2.0996807e+01
   2.5700000e+03   2.1021233e+01
   2.5800000e+03   2.1003039e+01
   2.5900000e+03   2.1023408e+01
   2.6000000e+03   2.0990142e+01
   2.6100000e+03   2.1007051e+01
   2.6200000e+03   2.0958384e+01
   2.6300000e+03   2.1018296e+01
   2.6400000e+03   2.0994508e+01
   2.6500000e+03   2.1013066e+01
   2.6600000e+03   2.0987602e+01
   2.6700000e+03   2.1003396e+01
   2.6800000e+03   2.0975904e+01
   2.6900000e+03   2.0979239e+01
   2.7000000e+03   2.0961235e+01
   2.7100000e+03   2.0999770e+01
   2.7200000e+03   2.1004383e+01
   2.7300000e+03   2.0999630e+01
   2.7400000e+03   2.0999548e+01
   2.7500000e+03   2.0977677e+01
   2.7600000e+03   2.0974883e+01
   2.7700000e+03   2.1007411e+01
   2.7800000e+03   2.0977097e+01
   2.7900000e+03   2.0994006e+01
   2.8000000e+03   2.1022556e+01
   2.8100000e+03   2.0943876e+01
   2.8200000e+03   2.1011520e+01
   2.8300000e+03   2.0994415e+01
   2.8400000e+03   2.0970732e+01
   2.8500000e+03   2.0983000e+01
   2.8600000e+03   2.0985774e+01
   2.8700000e+03   2.0971937e+01
   2.8800000e+03   2.0911189e+01
   2.8900000e+03   2.0913488e+01
   2.9000000e+03   2.0940341e+01
   2.9100000e+03   2.0953070e+01
   2.9200000e+03   2.0959456e+01
   2.9300000e+03   2.0923164e+01
   2.9400000e+03   2.0891092e+01
   2.9500000e+03   2.0919033e+01
   2.9600000e+03   2.0956739e+01
   2.9700000e+03   2.0963384e+01
   2.9800000e+03   2.0906012e+01
   2.9900000e+03   2.0941635e+01
   3.0000000e+03   2.0904104e+01
   3.0100000e+03   2.0944367e+01
   3.0200000e+03   2.0925723e+01
   3.0300000e+03   2.0952220e+01
   3.0400000e+03   2.0923238e+01
   3.0500000e+03   2.0898655e+01
   3.0600000e+03   2.0957751e+01
   3.0700000e+03   2.0962145e+01
   3.0800000e+03   2.0960100e+01
   3.0900000e+03   2.0914997e+01
   3.1000000e+03   2.0939668e+01
   3.1100000e+03   2.0903485e+01
   3.1200000e+03   2.0936859e+01
   3.1300000e+03   2.0919182e+01
   3.1400000e+03   2.0945787e+01
   3.1500000e+03   2.0907370e+01
   3.1600000e+03   2.0904018e+01
   3.1700000e+03   2.0924647e+01
   3.1800000e+03   2.0902338e+01
   3.1900000e+03   2.0905470e+01
   3.2000000e+03   2.0915628e+01
   3.2100000e+03   2.0946335e+01
   3.2200000e+03   2.0952653e+01
   3.2300000e+03   2.0938409e+01
   3.2400000e+03   2.0922599e+01
   3.2500000e+03   2.0882469e+01
   3.2600000e+03   2.0933887e+01
   3.2700000e+03   2.0930605e+01
   3.2800000e+03   2.0938843e+01
   3.2900000e+03   2.0923087e+01
   3.3000000e+03   2.0902183e+01
   3.3100000e+03   2.0894284e+01
   3.3200000e+03   2.0915866e+01
   3.3300000e+03   2.0940825e+01
   3.3400000e+03   2.0951242e+01
   3.3500000e+03   2.0929306e+01
   3.3600000e+03   2.0948559e+01
   3.3700000e+03   2.0945754e+01
   3.3800000e+03   2.0954796e+01
   3.3900000e+03   2.0904642e+01
   3.4000000e+03   2.0935322e+01
   3.4100000e+03   2.0920398e+01
   3.4200000e+03   2.0914991e+01
   3.4300000e+03   2.0886573e+01
   3.4400000e+03   2.0909122e+01
   3.4500000e+03   2.0887810e+01
   3.4600000e+03   2.0878468e+01
   3.4700000e+03   2.0897763e+01
   3.4800000e+03   2.0893091e+01
   3.4900000e+03   2.0866768e+01
