   0.0000000e+00   1.5097306e-02
   1.0000000e+01  -4.1261138e-03
   2.0000000e+01  -8.7557533e-03
   3.0000000e+01  -1.4784539e-03
   4.0000000e+01   1.8823315e-03
   5.0000000e+01   3.7700188e-03
   6.0000000e+01   2.0259161e-02
   7.0000000e+01   5.0490398e-03
   8.0000000e+01  -5.9484647e-05
   9.0000000e+01   2.1212524e-02
   1.0000000e+02   2.8512951e-01
   1.1000000e+02   7.0100591e-01
   1.2000000e+02   8.6575834e-01
   1.3000000e+02   9.9561810e-01
   1.4000000e+02   1.0833341e+00
   1.5000000e+02   1.1172831e+00
   1.6000000e+02   1.2227083e+00
   1.7000000e+02   1.2439880e+00
   1.8000000e+02   1.2947410e+00
   1.9000000e+02   1.3522567e+00
   2.0000000e+02   1.3885149e+00
   2.1000000e+02   1.3929921e+00
   2.2000000e+02   1.4432482e+00
   2.3000000e+02   1.4866246e+00
   2.4000000e+02   1.5103277e+00
   2.5000000e+02   1.5086919e+00
   2.6000000e+02   1.5488033e+00
   2.7000000e+02   1.5749022e+00
   2.8000000e+02   1.5944427e+00
   2.9000000e+02   1.6175198e+00
   3.0000000e+02   1.6206266e+00
   3.1000000e+02   1.6451210e+00
   3.2000000e+02   1.6023279e+00
   3.3000000e+02   1.6191418e+00
   3.4000000e+02   1.6091737e+00
   3.5000000e+02   1.6117453e+00
   3.6000000e+02   1.6295929e+00
   3.7000000e+02   1.6355694e+00
   3.8000000e+02   1.6174320e+00
   3.9000000e+02   1.6578553e+00
   4.0000000e+02   1.6426620e+00
   4.1000000e+02   1.6407830e+00
   4.2000000e+02   1.6660519e+00
   4.3000000e+02   1.6517828e+00
   4.4000000e+02   1.6154587e+00
   4.5000000e+02   1.6086779e+00
   4.6000000e+02   1.5971837e+00
   4.7000000e+02   1.6498297e+00
   4.8000000e+02   1.6698539e+00
   4.9000000e+02   1.7323933e+00
   5.0000000e+02   1.6635345e+00
   5.1000000e+02   1.6521524e+00
   5.2000000e+02   1.7103796e+00
   5.3000000e+02   1.7204685e+00
   5.4000000e+02   1.6867611e+00
   5.5000000e+02   1.6825402e+00
   5.6000000e+02   1.6628831e+00
   5.7000000e+02   1.6202982e+00
   5.8000000e+02   1.6541705e+00
   5.9000000e+02   1.6510537e+00
   6.0000000e+02   1.6297091e+00
   6.1000000e+02   1.6478445e+00
   6.2000000e+02   1.6068244e+00
   6.3000000e+02   1.6295069e+00
   6.4000000e+02   1.6315900e+00
   6.5000000e+02   1.5866189e+00
   6.6000000e+02   1.6224398e+00
   6.7000000e+02   1.5744988e+00
   6.8000000e+02   1.6001753e+00
   6.9000000e+02   1.5544931e+00
   7.0000000e+02   1.5959368e+00
   7.1000000e+02   1.5512197e+00
   7.2000000e+02   1.6087403e+00
   7.3000000e+02   1.5606596e+00
   7.4000000e+02   1.5740673e+00
   7.5000000e+02   1.5982847e+00
   7.6000000e+02   1.5939365e+00
   7.7000000e+02   1.6029872e+00
   7.8000000e+02   1.5844514e+00
   7.9000000e+02   1.5830865e+00
   8.0000000e+02   1.5657215e+00
   8.1000000e+02   1.5481128e+00
   8.2000000e+02   1.5897417e+00
   8.3000000e+02   1.5585336e+00
   8.4000000e+02   1.5521278e+00
   8.5000000e+02   1.5509121e+00
   8.6000000e+02   1.5551161e+00
   8.7000000e+02   1.5461385e+00
   8.8000000e+02   1.5283530e+00
   8.9000000e+02   1.5599509e+00
   9.0000000e+02   1.5652043e+00
   9.1000000e+02   1.5695026e+00
   9.2000000e+02   1.5767705e+00
   9.3000000e+02   1.5807413e+00
   9.4000000e+02   1.5863358e+00
   9.5000000e+02   1.5771270e+00
   9.6000000e+02   1.5806092e+00
   9.7000000e+02   1.5836421e+00
   9.8000000e+02   1.5602335e+00
   9.9000000e+02   1.5557379e+00
   1.0000000e+03   1.5691028e+00
   1.0100000e+03   1.5692485e+00
   1.0200000e+03   1.5816344e+00
   1.0300000e+03   1.5519761e+00
   1.0400000e+03   1.5789186e+00
   1.0500000e+03   1.5716181e+00
   1.0600000e+03   1.5852178e+00
   1.0700000e+03   1.5961204e+00
   1.0800000e+03   1.5981470e+00
   1.0900000e+03   1.5822551e+00
   1.1000000e+03   1.5708278e+00
   1.1100000e+03   1.5643434e+00
   1.1200000e+03   1.5809917e+00
   1.1300000e+03   1.5810431e+00
   1.1400000e+03   1.5580443e+00
   1.1500000e+03   1.5611443e+00
   1.1600000e+03   1.5709584e+00
   1.1700000e+03   1.5740189e+00
   1.1800000e+03   1.5679581e+00
   1.1900000e+03   1.5859419e+00
   1.2000000e+03   1.5818013e+00
   1.2100000e+03   1.5767212e+00
   1.2200000e+03   1.5907838e+00
   1.2300000e+03   1.5855134e+00
   1.2400000e+03   1.5881247e+00
   1.2500000e+03   1.5843511e+00
   1.2600000e+03   1.6046389e+00
   1.2700000e+03   1.5810816e+00
   1.2800000e+03   1.6122187e+00
   1.2900000e+03   1.5851228e+00
   1.3000000e+03   1.6078452e+00
   1.3100000e+03   1.5570713e+00
   1.3200000e+03   1.5615344e+00
   1.3300000e+03   1.5534846e+00
   1.3400000e+03   1.5400835e+00
   1.3500000e+03   1.5313529e+00
   1.3600000e+03   1.5333643e+00
   1.3700000e+03   1.5545070e+00
   1.3800000e+03   1.5658866e+00
   1.3900000e+03   1.5480467e+00
   1.4000000e+03   1.5549189e+00
   1.4100000e+03   1.5517316e+00
   1.4200000e+03   1.5515106e+00
   1.4300000e+03   1.5755676e+00
   1.4400000e+03   1.5605619e+00
   1.4500000e+03   1.5406662e+00
   1.4600000e+03   1.5530146e+00
   1.4700000e+03   1.5704382e+00
   1.4800000e+03   1.5654645e+00
   1.4900000e+03   1.5577971e+00
   1.5000000e+03   1.5394942e+00
   1.5100000e+03   1.5626668e+00
   1.5200000e+03   1.5905350e+00
   1.5300000e+03   1.5933779e+00
   1.5400000e+03   1.6131033e+00
   1.5500000e+03   1.6167365e+00
   1.5600000e+03   1.6273543e+00
   1.5700000e+03   1.6182437e+00
   1.5800000e+03   1.6538033e+00
   1.5900000e+03   1.6640522e+00
   1.6000000e+03   1.6382777e+00
   1.6100000e+03   1.6314802e+00
   1.6200000e+03   1.6303214e+00
   1.6300000e+03   1.6054429e+00
   1.6400000e+03   1.6099197e+00
   1.6500000e+03   1.6063898e+00
   1.6600000e+03   1.6144755e+00
   1.6700000e+03   1.6182288e+00
   1.6800000e+03   1.6147402e+00
   1.6900000e+03   1.6524772e+00
   1.7000000e+03   1.6721469e+00
   1.7100000e+03   1.6332744e+00
   1.7200000e+03   1.6071992e+00
   1.7300000e+03   1.6025670e+00
   1.7400000e+03   1.5906909e+00
   1.7500000e+03   1.6054067e+00
   1.7600000e+03   1.6277466e+00
   1.7700000e+03   1.6164418e+00
   1.7800000e+03   1.6031651e+00
   1.7900000e+03   1.6125969e+00
   1.8000000e+03   1.6020153e+00
   1.8100000e+03   1.6212763e+00
   1.8200000e+03   1.5917412e+00
   1.8300000e+03   1.5926792e+00
   1.8400000e+03   1.6067539e+00
   1.8500000e+03   1.6069823e+00
   1.8600000e+03   1.5815614e+00
   1.8700000e+03   1.5903539e+00
   1.8800000e+03   1.6138255e+00
   1.8900000e+03   1.6059940e+00
   1.9000000e+03   1.5899412e+00
   1.9100000e+03   1.5886895e+00
   1.9200000e+03   1.5942704e+00
   1.9300000e+03   1.5602607e+00
   1.9400000e+03   1.6131433e+00
   1.9500000e+03   1.6213675e+00
   1.9600000e+03   1.5919056e+00
   1.9700000e+03   1.6261352e+00
   1.9800000e+03   1.6342390e+00
   1.9900000e+03   1.6143783e+00
   2.0000000e+03   1.6282122e+00
   2.0100000e+03   1.5830492e+00
   2.0200000e+03   1.5613054e+00
   2.0300000e+03   1.6220695e+00
   2.0400000e+03   1.6089056e+00
   2.0500000e+03   1.6277767e+00
   2.0600000e+03   1.6002229e+00
   2.0700000e+03   1.6234248e+00
   2.0800000e+03   1.5971501e+00
   2.0900000e+03   1.6203551e+00
   2.1000000e+03   1.6189527e+00
   2.1100000e+03   1.6246873e+00
   2.1200000e+03   1.6106904e+00
   2.1300000e+03   1.6117396e+00
   2.1400000e+03   1.6367349e+00
   2.1500000e+03   1.6188598e+00
   2.1600000e+03   1.6304583e+00
   2.1700000e+03   1.5848599e+00
   2.1800000e+03   1.5885222e+00
   2.1900000e+03   1.5828011e+00
   2.2000000e+03   1.5642155e+00
   2.2100000e+03   1.5896886e+00
   2.2200000e+03   1.5717411e+00
   2.2300000e+03   1.5369526e+00
   2.2400000e+03   1.5441936e+00
   2.2500000e+03   1.5698041e+00
   2.2600000e+03   1.5429662e+00
   2.2700000e+03   1.5560106e+00
   2.2800000e+03   1.5303998e+00
   2.2900000e+03   1.5480737e+00
   2.3000000e+03   1.5142820e+00
   2.3100000e+03   1.5393754e+00
   2.3200000e+03   1.5470671e+00
   2.3300000e+03   1.5502148e+00
   2.3400000e+03   1.5431078e+00
   2.3500000e+03   1.5359049e+00
   2.3600000e+03   1.5494519e+00
   2.3700000e+03   1.5411449e+00
   2.3800000e+03   1.5255541e+00
   2.3900000e+03   1.5517909e+00
   2.4000000e+03   1.5325104e+00
   2.4100000e+03   1.5180617e+00
   2.4200000e+03   1.5224992e+00
   2.4300000e+03   1.5179231e+00
   2.4400000e+03   1.5354022e+00
   2.4500000e+03   1.4659285e+00
   2.4600000e+03   1.5362276e+00
   2.4700000e+03   1.4818689e+00
   2.4800000e+03   1.5242946e+00
   2.4900000e+03   1.4923631e+00
   2.5000000e+03   1.5418682e+00
   2.5100000e+03   1.5231297e+00
   2.5200000e+03   1.5271972e+00
   2.5300000e+03   1.5220455e+00
   2.5400000e+03   1.5123069e+00
   2.5500000e+03   1.5039159e+00
   2.5600000e+03   1.4692868e+00
   2.5700000e+03   1.4960275e+00
   2.5800000e+03   1.5287584e+00
   2.5900000e+03   1.5139426e+00
   2.6000000e+03   1.5376198e+00
   2.6100000e+03   1.4945763e+00
   2.6200000e+03   1.5179006e+00
   2.6300000e+03   1.5442458e+00
   2.6400000e+03   1.4857375e+00
   2.6500000e+03   1.5089249e+00
   2.6600000e+03   1.4954978e+00
   2.6700000e+03   1.5212449e+00
   2.6800000e+03   1.4988466e+00
   2.6900000e+03   1.4679226e+00
   2.7000000e+03   1.4996873e+00
   2.7100000e+03   1.5069713e+00
   2.7200000e+03   1.4724641e+00
   2.7300000e+03   1.4994240e+00
   2.7400000e+03   1.5025825e+00
   2.7500000e+03   1.4858049e+00
   2.7600000e+03   1.5212042e+00
   2.7700000e+03   1.4854457e+00
   2.7800000e+03   1.4759657e+00
   2.7900000e+03   1.4998189e+00
   2.8000000e+03   1.5079984e+00
   2.8100000e+03   1.4976065e+00
   2.8200000e+03   1.4923329e+00
   2.8300000e+03   1.5099497e+00
   2.8400000e+03   1.4705267e+00
   2.8500000e+03   1.4959882e+00
   2.8600000e+03   1.4888094e+00
   2.8700000e+03   1.4904817e+00
   2.8800000e+03   1.4526526e+00
   2.8900000e+03   1.4838863e+00
   2.9000000e+03   1.5137470e+00
   2.9100000e+03   1.4801798e+00
   2.9200000e+03   1.4946671e+00
   2.9300000e+03   1.5044411e+00
   2.9400000e+03   1.4469087e+00
   2.9500000e+03   1.4417460e+00
   2.9600000e+03   1.4588487e+00
   2.9700000e+03   1.4694285e+00
   2.9800000e+03   1.4632167e+00
   2.9900000e+03   1.4636522e+00
   3.0000000e+03   1.4675586e+00
   3.0100000e+03   1.4950884e+00
   3.0200000e+03   1.4428798e+00
   3.0300000e+03   1.4744686e+00
   3.0400000e+03   1.4621546e+00
   3.0500000e+03   1.4713701e+00
   3.0600000e+03   1.4962028e+00
   3.0700000e+03   1.5010596e+00
   3.0800000e+03   1.4508662e+00
   3.0900000e+03   1.4603955e+00
   3.1000000e+03   1.4718710e+00
   3.1100000e+03   1.4873104e+00
   3.1200000e+03   1.4463760e+00
   3.1300000e+03   1.4928206e+00
   3.1400000e+03   1.4555354e+00
   3.1500000e+03   1.4465183e+00
   3.1600000e+03   1.4609910e+00
   3.1700000e+03   1.4591652e+00
   3.1800000e+03   1.4405612e+00
   3.1900000e+03   1.4874430e+00
   3.2000000e+03   1.4668137e+00
   3.2100000e+03   1.4669630e+00
   3.2200000e+03   1.5170310e+00
   3.2300000e+03   1.4805657e+00
   3.2400000e+03   1.4756361e+00
   3.2500000e+03   1.4943052e+00
   3.2600000e+03   1.4644701e+00
   3.2700000e+03   1.4679013e+00
   3.2800000e+03   1.4784536e+00
   3.2900000e+03   1.4782071e+00
   3.3000000e+03   1.4748978e+00
   3.3100000e+03   1.5112113e+00
   3.3200000e+03   1.5108017e+00
   3.3300000e+03   1.5054353e+00
   3.3400000e+03   1.5209442e+00
   3.3500000e+03   1.5096567e+00
   3.3600000e+03   1.4932615e+00
   3.3700000e+03   1.4925397e+00
   3.3800000e+03   1.5462553e+00
   3.3900000e+03   1.4511987e+00
   3.4000000e+03   1.4448389e+00
   3.4100000e+03   1.4438048e+00
   3.4200000e+03   1.4645564e+00
   3.4300000e+03   1.4849830e+00
   3.4400000e+03   1.4572982e+00
   3.4500000e+03   1.5197840e+00
   3.4600000e+03   1.4847488e+00
   3.4700000e+03   1.4450143e+00
   3.4800000e+03   1.4414995e+00
   3.4900000e+03   1.4857816e+00
