   0.0000000e+00   1.9203982e+01
   1.0000000e+01   1.9193331e+01
   2.0000000e+01   1.9189396e+01
   3.0000000e+01   1.9178360e+01
   4.0000000e+01   1.9195168e+01
   5.0000000e+01   1.9187087e+01
   6.0000000e+01   1.9201726e+01
   7.0000000e+01   1.9200190e+01
   8.0000000e+01   1.9181402e+01
   9.0000000e+01   1.9205230e+01
   1.0000000e+02   1.9442564e+01
   1.1000000e+02   1.9366090e+01
   1.2000000e+02   1.9341822e+01
   1.3000000e+02   1.9446762e+01
   1.4000000e+02   1.9458071e+01
   1.5000000e+02   1.9467948e+01
   1.6000000e+02   1.9478914e+01
   1.7000000e+02   1.9487237e+01
   1.8000000e+02   1.9494703e+01
   1.9000000e+02   1.9507088e+01
   2.0000000e+02   1.9506073e+01
   2.1000000e+02   1.9509860e+01
   2.2000000e+02   1.9526570e+01
   2.3000000e+02   1.9526427e+01
   2.4000000e+02   1.9526983e+01
   2.5000000e+02   1.9542727e+01
   2.6000000e+02   1.9490182e+01
   2.7000000e+02   1.9498006e+01
   2.8000000e+02   1.9504130e+01
   2.9000000e+02   1.9498731e+01
   3.0000000e+02   1.9489789e+01
   3.1000000e+02   1.9525675e+01
   3.2000000e+02   1.9509708e+01
   3.3000000e+02   1.9519592e+01
   3.4000000e+02   1.9517027e+01
   3.5000000e+02   1.9503610e+01
   3.6000000e+02   1.9527508e+01
   3.7000000e+02   1.9532334e+01
   3.8000000e+02   1.9534103e+01
   3.9000000e+02   1.9548392e+01
   4.0000000e+02   1.9560295e+01
   4.1000000e+02   1.9552851e+01
   4.2000000e+02   1.9567957e+01
   4.3000000e+02   1.9573368e+01
   4.4000000e+02   1.9569905e+01
   4.5000000e+02   1.9568909e+01
   4.6000000e+02   1.9579881e+01
   4.7000000e+02   1.9603858e+01
   4.8000000e+02   1.9609076e+01
   4.9000000e+02   1.9596381e+01
   5.0000000e+02   1.9597186e+01
   5.1000000e+02   1.9605488e+01
   5.2000000e+02   1.9610259e+01
   5.3000000e+02   1.9608542e+01
   5.4000000e+02   1.9601440e+01
   5.5000000e+02   1.9601154e+01
   5.6000000e+02   1.9588655e+01
   5.7000000e+02   1.9583558e+01
   5.8000000e+02   1.9587346e+01
   5.9000000e+02   1.9590251e+01
   6.0000000e+02   1.9600397e+01
   6.1000000e+02   1.9595613e+01
   6.2000000e+02   1.9603207e+01
   6.3000000e+02   1.9605757e+01
   6.4000000e+02   1.9607379e+01
   6.5000000e+02   1.9620057e+01
   6.6000000e+02   1.9606560e+01
   6.7000000e+02   1.9622522e+01
   6.8000000e+02   1.9629227e+01
   6.9000000e+02   1.9616165e+01
   7.0000000e+02   1.9632167e+01
   7.1000000e+02   1.9645795e+01
   7.2000000e+02   1.9628301e+01
   7.3000000e+02   1.9629291e+01
   7.4000000e+02   1.9625566e+01
   7.5000000e+02   1.9633591e+01
   7.6000000e+02   1.9635726e+01
   7.7000000e+02   1.9643166e+01
   7.8000000e+02   1.9636426e+01
   7.9000000e+02   1.9631352e+01
   8.0000000e+02   1.9632042e+01
   8.1000000e+02   1.9634342e+01
   8.2000000e+02   1.9632685e+01
   8.3000000e+02   1.9626004e+01
   8.4000000e+02   1.9620749e+01
   8.5000000e+02   1.9623471e+01
   8.6000000e+02   1.9634170e+01
   8.7000000e+02   1.9632134e+01
   8.8000000e+02   1.9619888e+01
   8.9000000e+02   1.9629045e+01
   9.0000000e+02   1.9624571e+01
   9.1000000e+02   1.9633046e+01
   9.2000000e+02   1.9628736e+01
   9.3000000e+02   1.9636188e+01
   9.4000000e+02   1.9624640e+01
   9.5000000e+02   1.9633033e+01
   9.6000000e+02   1.9630957e+01
   9.7000000e+02   1.9635848e+01
   9.8000000e+02   1.9634890e+01
   9.9000000e+02   1.9619728e+01
   1.0000000e+03   1.9644697e+01
   1.0100000e+03   1.9624681e+01
   1.0200000e+03   1.9633374e+01
   1.0300000e+03   1.9637051e+01
   1.0400000e+03   1.9638303e+01
   1.0500000e+03   1.9637946e+01
   1.0600000e+03   1.9643683e+01
   1.0700000e+03   1.9647646e+01
   1.0800000e+03   1.9641333e+01
   1.0900000e+03   1.9639094e+01
   1.1000000e+03   1.9647815e+01
   1.1100000e+03   1.9647811e+01
   1.1200000e+03   1.9667261e+01
   1.1300000e+03   1.9641357e+01
   1.1400000e+03   1.9641041e+01
   1.1500000e+03   1.9651097e+01
   1.1600000e+03   1.9648641e+01
   1.1700000e+03   1.9655181e+01
   1.1800000e+03   1.9625011e+01
   1.1900000e+03   1.9632357e+01
   1.2000000e+03   1.9536667e+01
   1.2100000e+03   1.9542009e+01
   1.2200000e+03   1.9588073e+01
   1.2300000e+03   1.9581406e+01
   1.2400000e+03   1.9557600e+01
   1.2500000e+03   1.9409192e+01
   1.2600000e+03   1.9552813e+01
   1.2700000e+03   1.9568856e+01
   1.2800000e+03   1.9584274e+01
   1.2900000e+03   1.9594456e+01
   1.3000000e+03   1.9595886e+01
   1.3100000e+03   1.9594644e+01
   1.3200000e+03   1.9601198e+01
   1.3300000e+03   1.9593833e+01
   1.3400000e+03   1.9590845e+01
   1.3500000e+03   1.9590910e+01
   1.3600000e+03   1.9588057e+01
   1.3700000e+03   1.9584660e+01
   1.3800000e+03   1.9587711e+01
   1.3900000e+03   1.9593024e+01
   1.4000000e+03   1.9585536e+01
   1.4100000e+03   1.9587211e+01
   1.4200000e+03   1.9574475e+01
   1.4300000e+03   1.9580949e+01
   1.4400000e+03   1.9577280e+01
   1.4500000e+03   1.9579377e+01
   1.4600000e+03   1.9599620e+01
   1.4700000e+03   1.9594585e+01
   1.4800000e+03   1.9584507e+01
   1.4900000e+03   1.9593053e+01
   1.5000000e+03   1.9580984e+01
   1.5100000e+03   1.9598856e+01
   1.5200000e+03   1.9600571e+01
   1.5300000e+03   1.9584413e+01
   1.5400000e+03   1.9581452e+01
   1.5500000e+03   1.9589957e+01
   1.5600000e+03   1.9592245e+01
   1.5700000e+03   1.9599114e+01
   1.5800000e+03   1.9609459e+01
   1.5900000e+03   1.9606280e+01
   1.6000000e+03   1.9599475e+01
   1.6100000e+03   1.9588265e+01
   1.6200000e+03   1.9591045e+01
   1.6300000e+03   1.9599043e+01
   1.6400000e+03   1.9610710e+01
   1.6500000e+03   1.9599759e+01
   1.6600000e+03   1.9614345e+01
   1.6700000e+03   1.9596318e+01
   1.6800000e+03   1.9593984e+01
   1.6900000e+03   1.9611144e+01
   1.7000000e+03   1.9611604e+01
   1.7100000e+03   1.9603967e+01
   1.7200000e+03   1.9612389e+01
   1.7300000e+03   1.9614008e+01
   1.7400000e+03   1.9599336e+01
   1.7500000e+03   1.9614766e+01
   1.7600000e+03   1.9630182e+01
   1.7700000e+03   1.9612374e+01
   1.7800000e+03   1.9635233e+01
   1.7900000e+03   1.9623124e+01
   1.8000000e+03   1.9613920e+01
   1.8100000e+03   1.9614897e+01
   1.8200000e+03   1.9605718e+01
   1.8300000e+03   1.9615000e+01
   1.8400000e+03   1.9619591e+01
   1.8500000e+03   1.9625614e+01
   1.8600000e+03   1.9615456e+01
   1.8700000e+03   1.9606878e+01
   1.8800000e+03   1.9617865e+01
   1.8900000e+03   1.9608402e+01
   1.9000000e+03   1.9606697e+01
   1.9100000e+03   1.9600113e+01
   1.9200000e+03   1.9612654e+01
   1.9300000e+03   1.9605948e+01
   1.9400000e+03   1.9606522e+01
   1.9500000e+03   1.9608731e+01
   1.9600000e+03   1.9600552e+01
   1.9700000e+03   1.9594501e+01
   1.9800000e+03   1.9603079e+01
   1.9900000e+03   1.9601501e+01
   2.0000000e+03   1.9580589e+01
   2.0100000e+03   1.9562020e+01
   2.0200000e+03   1.9591467e+01
   2.0300000e+03   1.9571889e+01
   2.0400000e+03   1.9561026e+01
   2.0500000e+03   1.9545157e+01
   2.0600000e+03   1.9559053e+01
   2.0700000e+03   1.9563976e+01
   2.0800000e+03   1.9569881e+01
   2.0900000e+03   1.9570173e+01
   2.1000000e+03   1.9563901e+01
   2.1100000e+03   1.9568021e+01
   2.1200000e+03   1.9575560e+01
   2.1300000e+03   1.9580087e+01
   2.1400000e+03   1.9586111e+01
   2.1500000e+03   1.9579336e+01
   2.1600000e+03   1.9599062e+01
   2.1700000e+03   1.9573335e+01
   2.1800000e+03   1.9570744e+01
   2.1900000e+03   1.9570115e+01
   2.2000000e+03   1.9583488e+01
   2.2100000e+03   1.9584196e+01
   2.2200000e+03   1.9584070e+01
   2.2300000e+03   1.9577744e+01
   2.2400000e+03   1.9573870e+01
   2.2500000e+03   1.9571470e+01
   2.2600000e+03   1.9559431e+01
   2.2700000e+03   1.9583153e+01
   2.2800000e+03   1.9563304e+01
   2.2900000e+03   1.9549712e+01
   2.3000000e+03   1.9547629e+01
   2.3100000e+03   1.9574376e+01
   2.3200000e+03   1.9552412e+01
   2.3300000e+03   1.9556491e+01
   2.3400000e+03   1.9565367e+01
   2.3500000e+03   1.9560936e+01
   2.3600000e+03   1.9562448e+01
   2.3700000e+03   1.9571281e+01
   2.3800000e+03   1.9566100e+01
   2.3900000e+03   1.9583563e+01
   2.4000000e+03   1.9575846e+01
   2.4100000e+03   1.9579225e+01
   2.4200000e+03   1.9579728e+01
   2.4300000e+03   1.9572133e+01
   2.4400000e+03   1.9583145e+01
   2.4500000e+03   1.9568050e+01
   2.4600000e+03   1.9574469e+01
   2.4700000e+03   1.9570336e+01
   2.4800000e+03   1.9584307e+01
   2.4900000e+03   1.9569718e+01
   2.5000000e+03   1.9580117e+01
   2.5100000e+03   1.9576188e+01
   2.5200000e+03   1.9576784e+01
   2.5300000e+03   1.9580432e+01
   2.5400000e+03   1.9584356e+01
   2.5500000e+03   1.9580358e+01
   2.5600000e+03   1.9577438e+01
   2.5700000e+03   1.9585670e+01
   2.5800000e+03   1.9585300e+01
   2.5900000e+03   1.9589006e+01
   2.6000000e+03   1.9574473e+01
   2.6100000e+03   1.9586535e+01
   2.6200000e+03   1.9586248e+01
   2.6300000e+03   1.9592695e+01
   2.6400000e+03   1.9579771e+01
   2.6500000e+03   1.9585836e+01
   2.6600000e+03   1.9580736e+01
   2.6700000e+03   1.9567579e+01
   2.6800000e+03   1.9569952e+01
   2.6900000e+03   1.9568656e+01
   2.7000000e+03   1.9579832e+01
   2.7100000e+03   1.9582490e+01
   2.7200000e+03   1.9562078e+01
   2.7300000e+03   1.9583277e+01
   2.7400000e+03   1.9583426e+01
   2.7500000e+03   1.9588182e+01
   2.7600000e+03   1.9595350e+01
   2.7700000e+03   1.9599642e+01
   2.7800000e+03   1.9598030e+01
   2.7900000e+03   1.9589466e+01
   2.8000000e+03   1.9582360e+01
   2.8100000e+03   1.9599070e+01
   2.8200000e+03   1.9583593e+01
   2.8300000e+03   1.9586631e+01
   2.8400000e+03   1.9595366e+01
   2.8500000e+03   1.9596523e+01
   2.8600000e+03   1.9593508e+01
   2.8700000e+03   1.9592633e+01
   2.8800000e+03   1.9594389e+01
   2.8900000e+03   1.9577222e+01
   2.9000000e+03   1.9591360e+01
   2.9100000e+03   1.9584404e+01
   2.9200000e+03   1.9580600e+01
   2.9300000e+03   1.9595484e+01
   2.9400000e+03   1.9577514e+01
   2.9500000e+03   1.9588337e+01
   2.9600000e+03   1.9577648e+01
   2.9700000e+03   1.9580129e+01
   2.9800000e+03   1.9572288e+01
   2.9900000e+03   1.9573651e+01
   3.0000000e+03   1.9588918e+01
   3.0100000e+03   1.9589597e+01
   3.0200000e+03   1.9576957e+01
   3.0300000e+03   1.9585407e+01
   3.0400000e+03   1.9589070e+01
   3.0500000e+03   1.9596442e+01
   3.0600000e+03   1.9592103e+01
   3.0700000e+03   1.9604614e+01
   3.0800000e+03   1.9595845e+01
   3.0900000e+03   1.9580819e+01
   3.1000000e+03   1.9576085e+01
   3.1100000e+03   1.9577870e+01
   3.1200000e+03   1.9595985e+01
   3.1300000e+03   1.9592888e+01
   3.1400000e+03   1.9589859e+01
   3.1500000e+03   1.9586162e+01
   3.1600000e+03   1.9575390e+01
   3.1700000e+03   1.9572635e+01
   3.1800000e+03   1.9576258e+01
   3.1900000e+03   1.9565024e+01
   3.2000000e+03   1.9569632e+01
   3.2100000e+03   1.9581369e+01
   3.2200000e+03   1.9570777e+01
   3.2300000e+03   1.9564627e+01
   3.2400000e+03   1.9563168e+01
   3.2500000e+03   1.9571663e+01
   3.2600000e+03   1.9567749e+01
   3.2700000e+03   1.9575356e+01
   3.2800000e+03   1.9576882e+01
   3.2900000e+03   1.9586601e+01
   3.3000000e+03   1.9569150e+01
   3.3100000e+03   1.9573061e+01
   3.3200000e+03   1.9583776e+01
   3.3300000e+03   1.9583501e+01
   3.3400000e+03   1.9573536e+01
   3.3500000e+03   1.9591668e+01
   3.3600000e+03   1.9584755e+01
   3.3700000e+03   1.9589131e+01
   3.3800000e+03   1.9589608e+01
   3.3900000e+03   1.9576479e+01
   3.4000000e+03   1.9570807e+01
   3.4100000e+03   1.9579042e+01
   3.4200000e+03   1.9575715e+01
   3.4300000e+03   1.9582724e+01
   3.4400000e+03   1.9581195e+01
   3.4500000e+03   1.9577241e+01
   3.4600000e+03   1.9585502e+01
   3.4700000e+03   1.9585351e+01
   3.4800000e+03   1.9587626e+01
   3.4900000e+03   1.9586073e+01
