   0.0000000e+00   2.0222676e+01
   1.0000000e+01   2.0199063e+01
   2.0000000e+01   2.0203470e+01
   3.0000000e+01   2.0201014e+01
   4.0000000e+01   2.0199740e+01
   5.0000000e+01   2.0197457e+01
   6.0000000e+01   2.0203977e+01
   7.0000000e+01   2.0197809e+01
   8.0000000e+01   2.0186681e+01
   9.0000000e+01   2.0185240e+01
   1.0000000e+02   2.0186130e+01
   1.1000000e+02   2.0205605e+01
   1.2000000e+02   2.0222123e+01
   1.3000000e+02   2.0235958e+01
   1.4000000e+02   2.0264631e+01
   1.5000000e+02   2.0265236e+01
   1.6000000e+02   2.0289861e+01
   1.7000000e+02   2.0291693e+01
   1.8000000e+02   2.0301702e+01
   1.9000000e+02   2.0315931e+01
   2.0000000e+02   2.0308663e+01
   2.1000000e+02   2.0307121e+01
   2.2000000e+02   2.0327757e+01
   2.3000000e+02   2.0320665e+01
   2.4000000e+02   2.0324695e+01
   2.5000000e+02   2.0337187e+01
   2.6000000e+02   2.0339570e+01
   2.7000000e+02   2.0343450e+01
   2.8000000e+02   2.0356518e+01
   2.9000000e+02   2.0373125e+01
   3.0000000e+02   2.0356548e+01
   3.1000000e+02   2.0372952e+01
   3.2000000e+02   2.0364872e+01
   3.3000000e+02   2.0362010e+01
   3.4000000e+02   2.0370332e+01
   3.5000000e+02   2.0365031e+01
   3.6000000e+02   2.0371078e+01
   3.7000000e+02   2.0366637e+01
   3.8000000e+02   2.0354509e+01
   3.9000000e+02   2.0362766e+01
   4.0000000e+02   2.0369565e+01
   4.1000000e+02   2.0353094e+01
   4.2000000e+02   2.0360315e+01
   4.3000000e+02   2.0349510e+01
   4.4000000e+02   2.0353692e+01
   4.5000000e+02   2.0362888e+01
   4.6000000e+02   2.0353471e+01
   4.7000000e+02   2.0346629e+01
   4.8000000e+02   2.0345359e+01
   4.9000000e+02   2.0344021e+01
   5.0000000e+02   2.0346447e+01
   5.1000000e+02   2.0351964e+01
   5.2000000e+02   2.0347236e+01
   5.3000000e+02   2.0350152e+01
   5.4000000e+02   2.0339581e+01
   5.5000000e+02   2.0333041e+01
   5.6000000e+02   2.0339541e+01
   5.7000000e+02   2.0334679e+01
   5.8000000e+02   2.0324106e+01
   5.9000000e+02   2.0335578e+01
   6.0000000e+02   2.0332979e+01
   6.1000000e+02   2.0322639e+01
   6.2000000e+02   2.0307994e+01
   6.3000000e+02   2.0317259e+01
   6.4000000e+02   2.0308921e+01
   6.5000000e+02   2.0309779e+01
   6.6000000e+02   2.0303007e+01
   6.7000000e+02   2.0309231e+01
   6.8000000e+02   2.0310837e+01
   6.9000000e+02   2.0297319e+01
   7.0000000e+02   2.0286445e+01
   7.1000000e+02   2.0299602e+01
   7.2000000e+02   2.0285592e+01
   7.3000000e+02   2.0277780e+01
   7.4000000e+02   2.0267108e+01
   7.5000000e+02   2.0282540e+01
   7.6000000e+02   2.0276799e+01
   7.7000000e+02   2.0281919e+01
   7.8000000e+02   2.0271477e+01
   7.9000000e+02   2.0261772e+01
   8.0000000e+02   2.0260377e+01
   8.1000000e+02   2.0244609e+01
   8.2000000e+02   2.0259862e+01
   8.3000000e+02   2.0245772e+01
   8.4000000e+02   2.0246543e+01
   8.5000000e+02   2.0245789e+01
   8.6000000e+02   2.0243742e+01
   8.7000000e+02   2.0245413e+01
   8.8000000e+02   2.0229469e+01
   8.9000000e+02   2.0238389e+01
   9.0000000e+02   2.0217472e+01
   9.1000000e+02   2.0215750e+01
   9.2000000e+02   2.0211442e+01
   9.3000000e+02   2.0221438e+01
   9.4000000e+02   2.0205032e+01
   9.5000000e+02   2.0203691e+01
   9.6000000e+02   2.0206945e+01
   9.7000000e+02   2.0200020e+01
   9.8000000e+02   2.0190028e+01
   9.9000000e+02   2.0180665e+01
   1.0000000e+03   2.0184079e+01
   1.0100000e+03   2.0178666e+01
   1.0200000e+03   2.0178089e+01
   1.0300000e+03   2.0174352e+01
   1.0400000e+03   2.0173750e+01
   1.0500000e+03   2.0167139e+01
   1.0600000e+03   2.0168703e+01
   1.0700000e+03   2.0176140e+01
   1.0800000e+03   2.0165428e+01
   1.0900000e+03   2.0158094e+01
   1.1000000e+03   2.0159167e+01
   1.1100000e+03   2.0159627e+01
   1.1200000e+03   2.0166790e+01
   1.1300000e+03   2.0153406e+01
   1.1400000e+03   2.0149616e+01
   1.1500000e+03   2.0166386e+01
   1.1600000e+03   2.0160224e+01
   1.1700000e+03   2.0154021e+01
   1.1800000e+03   2.0147260e+01
   1.1900000e+03   2.0143484e+01
   1.2000000e+03   2.0149069e+01
   1.2100000e+03   2.0141668e+01
   1.2200000e+03   2.0131188e+01
   1.2300000e+03   2.0128924e+01
   1.2400000e+03   2.0141035e+01
   1.2500000e+03   2.0142123e+01
   1.2600000e+03   2.0134398e+01
   1.2700000e+03   2.0132597e+01
   1.2800000e+03   2.0135267e+01
   1.2900000e+03   2.0138031e+01
   1.3000000e+03   2.0128109e+01
   1.3100000e+03   2.0133122e+01
   1.3200000e+03   2.0124384e+01
   1.3300000e+03   2.0125826e+01
   1.3400000e+03   2.0124692e+01
   1.3500000e+03   2.0120819e+01
   1.3600000e+03   2.0118894e+01
   1.3700000e+03   2.0114803e+01
   1.3800000e+03   2.0120632e+01
   1.3900000e+03   2.0116446e+01
   1.4000000e+03   2.0117764e+01
   1.4100000e+03   2.0122682e+01
   1.4200000e+03   2.0111109e+01
   1.4300000e+03   2.0111094e+01
   1.4400000e+03   2.0111133e+01
   1.4500000e+03   2.0110912e+01
   1.4600000e+03   2.0104043e+01
   1.4700000e+03   2.0118470e+01
   1.4800000e+03   2.0101909e+01
   1.4900000e+03   2.0099795e+01
   1.5000000e+03   2.0104643e+01
   1.5100000e+03   2.0105827e+01
   1.5200000e+03   2.0097349e+01
   1.5300000e+03   2.0089769e+01
   1.5400000e+03   2.0105805e+01
   1.5500000e+03   2.0087202e+01
   1.5600000e+03   2.0090417e+01
   1.5700000e+03   2.0093113e+01
   1.5800000e+03   2.0097430e+01
   1.5900000e+03   2.0093326e+01
   1.6000000e+03   2.0089999e+01
   1.6100000e+03   2.0087596e+01
   1.6200000e+03   2.0098714e+01
   1.6300000e+03   2.0097443e+01
   1.6400000e+03   2.0100997e+01
   1.6500000e+03   2.0082638e+01
   1.6600000e+03   2.0089573e+01
   1.6700000e+03   2.0088001e+01
   1.6800000e+03   2.0082424e+01
   1.6900000e+03   2.0084288e+01
   1.7000000e+03   2.0088918e+01
   1.7100000e+03   2.0083369e+01
   1.7200000e+03   2.0086692e+01
   1.7300000e+03   2.0072325e+01
   1.7400000e+03   2.0074107e+01
   1.7500000e+03   2.0082349e+01
   1.7600000e+03   2.0081775e+01
   1.7700000e+03   2.0085054e+01
   1.7800000e+03   2.0080106e+01
   1.7900000e+03   2.0099739e+01
   1.8000000e+03   2.0078723e+01
   1.8100000e+03   2.0074140e+01
   1.8200000e+03   2.0070062e+01
   1.8300000e+03   2.0075402e+01
   1.8400000e+03   2.0078369e+01
   1.8500000e+03   2.0094814e+01
   1.8600000e+03   2.0066128e+01
   1.8700000e+03   2.0066588e+01
   1.8800000e+03   2.0077571e+01
   1.8900000e+03   2.0083864e+01
   1.9000000e+03   2.0074052e+01
   1.9100000e+03   2.0076042e+01
   1.9200000e+03   2.0085334e+01
   1.9300000e+03   2.0080253e+01
   1.9400000e+03   2.0067621e+01
   1.9500000e+03   2.0079096e+01
   1.9600000e+03   2.0071848e+01
   1.9700000e+03   2.0069505e+01
   1.9800000e+03   2.0078543e+01
   1.9900000e+03   2.0081831e+01
   2.0000000e+03   2.0071816e+01
   2.0100000e+03   2.0079895e+01
   2.0200000e+03   2.0090565e+01
   2.0300000e+03   2.0079799e+01
   2.0400000e+03   2.0069635e+01
   2.0500000e+03   2.0068600e+01
   2.0600000e+03   2.0078319e+01
   2.0700000e+03   2.0066792e+01
   2.0800000e+03   2.0070379e+01
   2.0900000e+03   2.0073913e+01
   2.1000000e+03   2.0064864e+01
   2.1100000e+03   2.0078249e+01
   2.1200000e+03   2.0073969e+01
   2.1300000e+03   2.0079421e+01
   2.1400000e+03   2.0077566e+01
   2.1500000e+03   2.0067783e+01
   2.1600000e+03   2.0083099e+01
   2.1700000e+03   2.0074294e+01
   2.1800000e+03   2.0075875e+01
   2.1900000e+03   2.0065284e+01
   2.2000000e+03   2.0065910e+01
   2.2100000e+03   2.0062216e+01
   2.2200000e+03   2.0054214e+01
   2.2300000e+03   2.0051134e+01
   2.2400000e+03   2.0051199e+01
   2.2500000e+03   2.0057603e+01
   2.2600000e+03   2.0056457e+01
   2.2700000e+03   2.0062795e+01
   2.2800000e+03   2.0054537e+01
   2.2900000e+03   2.0052534e+01
   2.3000000e+03   2.0051379e+01
   2.3100000e+03   2.0068385e+01
   2.3200000e+03   2.0054538e+01
   2.3300000e+03   2.0057689e+01
   2.3400000e+03   2.0057757e+01
   2.3500000e+03   2.0043135e+01
   2.3600000e+03   2.0056694e+01
   2.3700000e+03   2.0053476e+01
   2.3800000e+03   2.0045517e+01
   2.3900000e+03   2.0064363e+01
   2.4000000e+03   2.0053638e+01
   2.4100000e+03   2.0056552e+01
   2.4200000e+03   2.0051495e+01
   2.4300000e+03   2.0049000e+01
   2.4400000e+03   2.0055605e+01
   2.4500000e+03   2.0047930e+01
   2.4600000e+03   2.0049481e+01
   2.4700000e+03   2.0041874e+01
   2.4800000e+03   2.0055145e+01
   2.4900000e+03   2.0041257e+01
   2.5000000e+03   2.0047713e+01
   2.5100000e+03   2.0050272e+01
   2.5200000e+03   2.0053417e+01
   2.5300000e+03   2.0049882e+01
   2.5400000e+03   2.0039672e+01
   2.5500000e+03   2.0037529e+01
   2.5600000e+03   2.0037159e+01
   2.5700000e+03   2.0035426e+01
   2.5800000e+03   2.0047334e+01
   2.5900000e+03   2.0044553e+01
   2.6000000e+03   2.0042303e+01
   2.6100000e+03   2.0029109e+01
   2.6200000e+03   2.0026042e+01
   2.6300000e+03   2.0035961e+01
   2.6400000e+03   2.0027676e+01
   2.6500000e+03   2.0036982e+01
   2.6600000e+03   2.0029104e+01
   2.6700000e+03   2.0030084e+01
   2.6800000e+03   2.0039869e+01
   2.6900000e+03   2.0031392e+01
   2.7000000e+03   2.0024957e+01
   2.7100000e+03   2.0039661e+01
   2.7200000e+03   2.0037559e+01
   2.7300000e+03   2.0036972e+01
   2.7400000e+03   2.0034341e+01
   2.7500000e+03   2.0030755e+01
   2.7600000e+03   2.0037689e+01
   2.7700000e+03   2.0051014e+01
   2.7800000e+03   2.0043380e+01
   2.7900000e+03   2.0024857e+01
   2.8000000e+03   2.0034433e+01
   2.8100000e+03   2.0030520e+01
   2.8200000e+03   2.0029643e+01
   2.8300000e+03   2.0035228e+01
   2.8400000e+03   2.0028901e+01
   2.8500000e+03   2.0023803e+01
   2.8600000e+03   2.0025422e+01
   2.8700000e+03   2.0028022e+01
   2.8800000e+03   2.0034875e+01
   2.8900000e+03   2.0022117e+01
   2.9000000e+03   2.0033700e+01
   2.9100000e+03   2.0036246e+01
   2.9200000e+03   2.0027578e+01
   2.9300000e+03   2.0027861e+01
   2.9400000e+03   2.0024493e+01
   2.9500000e+03   2.0033922e+01
   2.9600000e+03   2.0021384e+01
   2.9700000e+03   2.0025949e+01
   2.9800000e+03   2.0019037e+01
   2.9900000e+03   2.0027118e+01
   3.0000000e+03   2.0039368e+01
   3.0100000e+03   2.0026378e+01
   3.0200000e+03   2.0021156e+01
   3.0300000e+03   2.0028908e+01
   3.0400000e+03   2.0023303e+01
   3.0500000e+03   2.0035074e+01
   3.0600000e+03   2.0032126e+01
   3.0700000e+03   2.0034207e+01
   3.0800000e+03   2.0035172e+01
   3.0900000e+03   2.0021542e+01
   3.1000000e+03   2.0023297e+01
   3.1100000e+03   2.0019752e+01
   3.1200000e+03   2.0024423e+01
   3.1300000e+03   2.0025498e+01
   3.1400000e+03   2.0031737e+01
   3.1500000e+03   2.0023176e+01
   3.1600000e+03   2.0020516e+01
   3.1700000e+03   2.0030273e+01
   3.1800000e+03   2.0021616e+01
   3.1900000e+03   2.0018726e+01
   3.2000000e+03   2.0011053e+01
   3.2100000e+03   2.0023250e+01
   3.2200000e+03   2.0024708e+01
   3.2300000e+03   2.0027133e+01
   3.2400000e+03   2.0024748e+01
   3.2500000e+03   2.0018875e+01
   3.2600000e+03   2.0020755e+01
   3.2700000e+03   2.0019555e+01
   3.2800000e+03   2.0024788e+01
   3.2900000e+03   2.0024309e+01
   3.3000000e+03   2.0019376e+01
   3.3100000e+03   2.0007068e+01
   3.3200000e+03   2.0006195e+01
   3.3300000e+03   2.0006616e+01
   3.3400000e+03   2.0012871e+01
   3.3500000e+03   2.0015938e+01
   3.3600000e+03   2.0009259e+01
   3.3700000e+03   1.9998574e+01
   3.3800000e+03   2.0015037e+01
   3.3900000e+03   1.9997742e+01
   3.4000000e+03   1.9994157e+01
   3.4100000e+03   1.9999146e+01
   3.4200000e+03   1.9995125e+01
   3.4300000e+03   2.0004217e+01
   3.4400000e+03   1.9991800e+01
   3.4500000e+03   1.9997809e+01
   3.4600000e+03   1.9993325e+01
   3.4700000e+03   1.9993174e+01
   3.4800000e+03   1.9993364e+01
   3.4900000e+03   1.9987640e+01
