   0.0000000e+00   2.0231941e+01
   1.0000000e+01   2.0208560e+01
   2.0000000e+01   2.0191656e+01
   3.0000000e+01   2.0201709e+01
   4.0000000e+01   2.0199045e+01
   5.0000000e+01   2.0193056e+01
   6.0000000e+01   2.0195869e+01
   7.0000000e+01   2.0195029e+01
   8.0000000e+01   2.0175330e+01
   9.0000000e+01   2.0183387e+01
   1.0000000e+02   2.0220644e+01
   1.1000000e+02   2.0295940e+01
   1.2000000e+02   2.0327974e+01
   1.3000000e+02   2.0307993e+01
   1.4000000e+02   2.0298680e+01
   1.5000000e+02   2.0297432e+01
   1.6000000e+02   2.0301211e+01
   1.7000000e+02   2.0303737e+01
   1.8000000e+02   2.0312125e+01
   1.9000000e+02   2.0338398e+01
   2.0000000e+02   2.0326035e+01
   2.1000000e+02   2.0330977e+01
   2.2000000e+02   2.0342811e+01
   2.3000000e+02   2.0343595e+01
   2.4000000e+02   2.0344614e+01
   2.5000000e+02   2.0363822e+01
   2.6000000e+02   2.0355551e+01
   2.7000000e+02   2.0368232e+01
   2.8000000e+02   2.0364624e+01
   2.9000000e+02   2.0377989e+01
   3.0000000e+02   2.0370444e+01
   3.1000000e+02   2.0393565e+01
   3.2000000e+02   2.0376220e+01
   3.3000000e+02   2.0377064e+01
   3.4000000e+02   2.0387471e+01
   3.5000000e+02   2.0374527e+01
   3.6000000e+02   2.0387985e+01
   3.7000000e+02   2.0389565e+01
   3.8000000e+02   2.0382301e+01
   3.9000000e+02   2.0386621e+01
   4.0000000e+02   2.0380914e+01
   4.1000000e+02   2.0386908e+01
   4.2000000e+02   2.0384170e+01
   4.3000000e+02   2.0371744e+01
   4.4000000e+02   2.0377779e+01
   4.5000000e+02   2.0381185e+01
   4.6000000e+02   2.0381727e+01
   4.7000000e+02   2.0373032e+01
   4.8000000e+02   2.0363656e+01
   4.9000000e+02   2.0361160e+01
   5.0000000e+02   2.0352932e+01
   5.1000000e+02   2.0357523e+01
   5.2000000e+02   2.0361364e+01
   5.3000000e+02   2.0359185e+01
   5.4000000e+02   2.0346761e+01
   5.5000000e+02   2.0349253e+01
   5.6000000e+02   2.0328192e+01
   5.7000000e+02   2.0340470e+01
   5.8000000e+02   2.0337539e+01
   5.9000000e+02   2.0333031e+01
   6.0000000e+02   2.0337380e+01
   6.1000000e+02   2.0324029e+01
   6.2000000e+02   2.0321196e+01
   6.3000000e+02   2.0320733e+01
   6.4000000e+02   2.0311700e+01
   6.5000000e+02   2.0317653e+01
   6.6000000e+02   2.0311808e+01
   6.7000000e+02   2.0313400e+01
   6.8000000e+02   2.0310142e+01
   6.9000000e+02   2.0301488e+01
   7.0000000e+02   2.0303584e+01
   7.1000000e+02   2.0310488e+01
   7.2000000e+02   2.0302036e+01
   7.3000000e+02   2.0287044e+01
   7.4000000e+02   2.0288648e+01
   7.5000000e+02   2.0282540e+01
   7.6000000e+02   2.0278189e+01
   7.7000000e+02   2.0279139e+01
   7.8000000e+02   2.0269855e+01
   7.9000000e+02   2.0271964e+01
   8.0000000e+02   2.0265705e+01
   8.1000000e+02   2.0261750e+01
   8.2000000e+02   2.0260094e+01
   8.3000000e+02   2.0254111e+01
   8.4000000e+02   2.0251175e+01
   8.5000000e+02   2.0251812e+01
   8.6000000e+02   2.0244206e+01
   8.7000000e+02   2.0240549e+01
   8.8000000e+02   2.0243598e+01
   8.9000000e+02   2.0243716e+01
   9.0000000e+02   2.0236697e+01
   9.1000000e+02   2.0230112e+01
   9.2000000e+02   2.0226035e+01
   9.3000000e+02   2.0226766e+01
   9.4000000e+02   2.0219393e+01
   9.5000000e+02   2.0213883e+01
   9.6000000e+02   2.0219221e+01
   9.7000000e+02   2.0222488e+01
   9.8000000e+02   2.0205316e+01
   9.9000000e+02   2.0206377e+01
   1.0000000e+03   2.0206085e+01
   1.0100000e+03   2.0198587e+01
   1.0200000e+03   2.0202643e+01
   1.0300000e+03   2.0190567e+01
   1.0400000e+03   2.0197840e+01
   1.0500000e+03   2.0184743e+01
   1.0600000e+03   2.0180054e+01
   1.0700000e+03   2.0186796e+01
   1.0800000e+03   2.0180485e+01
   1.0900000e+03   2.0166665e+01
   1.1000000e+03   2.0169822e+01
   1.1100000e+03   2.0167966e+01
   1.1200000e+03   2.0172581e+01
   1.1300000e+03   2.0163831e+01
   1.1400000e+03   2.0144057e+01
   1.1500000e+03   2.0159205e+01
   1.1600000e+03   2.0151653e+01
   1.1700000e+03   2.0151473e+01
   1.1800000e+03   2.0139616e+01
   1.1900000e+03   2.0144410e+01
   1.2000000e+03   2.0143046e+01
   1.2100000e+03   2.0137962e+01
   1.2200000e+03   2.0134662e+01
   1.2300000e+03   2.0137495e+01
   1.2400000e+03   2.0139182e+01
   1.2500000e+03   2.0134247e+01
   1.2600000e+03   2.0142274e+01
   1.2700000e+03   2.0136535e+01
   1.2800000e+03   2.0131097e+01
   1.2900000e+03   2.0126912e+01
   1.3000000e+03   2.0136449e+01
   1.3100000e+03   2.0130574e+01
   1.3200000e+03   2.0122763e+01
   1.3300000e+03   2.0106599e+01
   1.3400000e+03   2.0118437e+01
   1.3500000e+03   2.0113406e+01
   1.3600000e+03   2.0103373e+01
   1.3700000e+03   2.0114571e+01
   1.3800000e+03   2.0105575e+01
   1.3900000e+03   2.0111581e+01
   1.4000000e+03   2.0092050e+01
   1.4100000e+03   2.0104381e+01
   1.4200000e+03   2.0088175e+01
   1.4300000e+03   2.0098816e+01
   1.4400000e+03   2.0096539e+01
   1.4500000e+03   2.0091453e+01
   1.4600000e+03   2.0091765e+01
   1.4700000e+03   2.0094377e+01
   1.4800000e+03   2.0098434e+01
   1.4900000e+03   2.0098637e+01
   1.5000000e+03   2.0093292e+01
   1.5100000e+03   2.0084746e+01
   1.5200000e+03   2.0087156e+01
   1.5300000e+03   2.0079113e+01
   1.5400000e+03   2.0091443e+01
   1.5500000e+03   2.0085812e+01
   1.5600000e+03   2.0070725e+01
   1.5700000e+03   2.0084773e+01
   1.5800000e+03   2.0084689e+01
   1.5900000e+03   2.0078036e+01
   1.6000000e+03   2.0076099e+01
   1.6100000e+03   2.0067210e+01
   1.6200000e+03   2.0066514e+01
   1.6300000e+03   2.0072887e+01
   1.6400000e+03   2.0066480e+01
   1.6500000e+03   2.0062483e+01
   1.6600000e+03   2.0075210e+01
   1.6700000e+03   2.0064603e+01
   1.6800000e+03   2.0058331e+01
   1.6900000e+03   2.0051160e+01
   1.7000000e+03   2.0063667e+01
   1.7100000e+03   2.0053484e+01
   1.7200000e+03   2.0063989e+01
   1.7300000e+03   2.0057036e+01
   1.7400000e+03   2.0047002e+01
   1.7500000e+03   2.0061963e+01
   1.7600000e+03   2.0066485e+01
   1.7700000e+03   2.0062583e+01
   1.7800000e+03   2.0062731e+01
   1.7900000e+03   2.0051785e+01
   1.8000000e+03   2.0062275e+01
   1.8100000e+03   2.0038000e+01
   1.8200000e+03   2.0039713e+01
   1.8300000e+03   2.0052236e+01
   1.8400000e+03   2.0053581e+01
   1.8500000e+03   2.0062150e+01
   1.8600000e+03   2.0053155e+01
   1.8700000e+03   2.0051761e+01
   1.8800000e+03   2.0043979e+01
   1.8900000e+03   2.0050504e+01
   1.9000000e+03   2.0045788e+01
   1.9100000e+03   2.0042914e+01
   1.9200000e+03   2.0052670e+01
   1.9300000e+03   2.0047125e+01
   1.9400000e+03   2.0037736e+01
   1.9500000e+03   2.0031836e+01
   1.9600000e+03   2.0027368e+01
   1.9700000e+03   2.0031975e+01
   1.9800000e+03   2.0040087e+01
   1.9900000e+03   2.0047544e+01
   2.0000000e+03   2.0040541e+01
   2.0100000e+03   2.0033098e+01
   2.0200000e+03   2.0041684e+01
   2.0300000e+03   2.0038331e+01
   2.0400000e+03   2.0042067e+01
   2.0500000e+03   2.0034313e+01
   2.0600000e+03   2.0031986e+01
   2.0700000e+03   2.0029031e+01
   2.0800000e+03   2.0037714e+01
   2.0900000e+03   2.0044723e+01
   2.1000000e+03   2.0040076e+01
   2.1100000e+03   2.0036781e+01
   2.1200000e+03   2.0046401e+01
   2.1300000e+03   2.0036563e+01
   2.1400000e+03   2.0049535e+01
   2.1500000e+03   2.0040910e+01
   2.1600000e+03   2.0056689e+01
   2.1700000e+03   2.0037923e+01
   2.1800000e+03   2.0046916e+01
   2.1900000e+03   2.0043044e+01
   2.2000000e+03   2.0057107e+01
   2.2100000e+03   2.0043914e+01
   2.2200000e+03   2.0037997e+01
   2.2300000e+03   2.0042794e+01
   2.2400000e+03   2.0039616e+01
   2.2500000e+03   2.0045093e+01
   2.2600000e+03   2.0045106e+01
   2.2700000e+03   2.0047736e+01
   2.2800000e+03   2.0057780e+01
   2.2900000e+03   2.0029831e+01
   2.3000000e+03   2.0036089e+01
   2.3100000e+03   2.0054485e+01
   2.3200000e+03   2.0042723e+01
   2.3300000e+03   2.0048422e+01
   2.3400000e+03   2.0044784e+01
   2.3500000e+03   2.0046610e+01
   2.3600000e+03   2.0040245e+01
   2.3700000e+03   2.0044904e+01
   2.3800000e+03   2.0038567e+01
   2.3900000e+03   2.0048146e+01
   2.4000000e+03   2.0047614e+01
   2.4100000e+03   2.0050528e+01
   2.4200000e+03   2.0059603e+01
   2.4300000e+03   2.0050390e+01
   2.4400000e+03   2.0068115e+01
   2.4500000e+03   2.0046540e+01
   2.4600000e+03   2.0047860e+01
   2.4700000e+03   2.0045118e+01
   2.4800000e+03   2.0057693e+01
   2.4900000e+03   2.0059791e+01
   2.5000000e+03   2.0064625e+01
   2.5100000e+03   2.0061392e+01
   2.5200000e+03   2.0059208e+01
   2.5300000e+03   2.0056369e+01
   2.5400000e+03   2.0061217e+01
   2.5500000e+03   2.0042163e+01
   2.5600000e+03   2.0050132e+01
   2.5700000e+03   2.0042608e+01
   2.5800000e+03   2.0052431e+01
   2.5900000e+03   2.0050113e+01
   2.6000000e+03   2.0054581e+01
   2.6100000e+03   2.0042082e+01
   2.6200000e+03   2.0042722e+01
   2.6300000e+03   2.0047081e+01
   2.6400000e+03   2.0046673e+01
   2.6500000e+03   2.0049956e+01
   2.6600000e+03   2.0046479e+01
   2.6700000e+03   2.0046533e+01
   2.6800000e+03   2.0048673e+01
   2.6900000e+03   2.0039037e+01
   2.7000000e+03   2.0056232e+01
   2.7100000e+03   2.0056109e+01
   2.7200000e+03   2.0045667e+01
   2.7300000e+03   2.0049946e+01
   2.7400000e+03   2.0041755e+01
   2.7500000e+03   2.0047435e+01
   2.7600000e+03   2.0052284e+01
   2.7700000e+03   2.0061671e+01
   2.7800000e+03   2.0056817e+01
   2.7900000e+03   2.0041769e+01
   2.8000000e+03   2.0048797e+01
   2.8100000e+03   2.0048126e+01
   2.8200000e+03   2.0044470e+01
   2.8300000e+03   2.0053298e+01
   2.8400000e+03   2.0050678e+01
   2.8500000e+03   2.0040715e+01
   2.8600000e+03   2.0034689e+01
   2.8700000e+03   2.0043544e+01
   2.8800000e+03   2.0046458e+01
   2.8900000e+03   2.0048990e+01
   2.9000000e+03   2.0049454e+01
   2.9100000e+03   2.0048987e+01
   2.9200000e+03   2.0045416e+01
   2.9300000e+03   2.0040372e+01
   2.9400000e+03   2.0033065e+01
   2.9500000e+03   2.0043883e+01
   2.9600000e+03   2.0035516e+01
   2.9700000e+03   2.0046336e+01
   2.9800000e+03   2.0036644e+01
   2.9900000e+03   2.0040555e+01
   3.0000000e+03   2.0042843e+01
   3.0100000e+03   2.0047691e+01
   3.0200000e+03   2.0039921e+01
   3.0300000e+03   2.0049527e+01
   3.0400000e+03   2.0042531e+01
   3.0500000e+03   2.0053839e+01
   3.0600000e+03   2.0041162e+01
   3.0700000e+03   2.0050192e+01
   3.0800000e+03   2.0057181e+01
   3.0900000e+03   2.0039381e+01
   3.1000000e+03   2.0034417e+01
   3.1100000e+03   2.0040602e+01
   3.1200000e+03   2.0048285e+01
   3.1300000e+03   2.0037082e+01
   3.1400000e+03   2.0037760e+01
   3.1500000e+03   2.0048196e+01
   3.1600000e+03   2.0044842e+01
   3.1700000e+03   2.0045794e+01
   3.1800000e+03   2.0038991e+01
   3.1900000e+03   2.0030310e+01
   3.2000000e+03   2.0026344e+01
   3.2100000e+03   2.0038772e+01
   3.2200000e+03   2.0046485e+01
   3.2300000e+03   2.0032230e+01
   3.2400000e+03   2.0040965e+01
   3.2500000e+03   2.0040653e+01
   3.2600000e+03   2.0036508e+01
   3.2700000e+03   2.0039711e+01
   3.2800000e+03   2.0040773e+01
   3.2900000e+03   2.0049793e+01
   3.3000000e+03   2.0028874e+01
   3.3100000e+03   2.0037417e+01
   3.3200000e+03   2.0037471e+01
   3.3300000e+03   2.0027235e+01
   3.3400000e+03   2.0033258e+01
   3.3500000e+03   2.0037946e+01
   3.3600000e+03   2.0033353e+01
   3.3700000e+03   2.0034484e+01
   3.3800000e+03   2.0028706e+01
   3.3900000e+03   2.0010948e+01
   3.4000000e+03   2.0020800e+01
   3.4100000e+03   2.0026484e+01
   3.4200000e+03   2.0022231e+01
   3.4300000e+03   2.0031554e+01
   3.4400000e+03   2.0019137e+01
   3.4500000e+03   2.0026305e+01
   3.4600000e+03   2.0024138e+01
   3.4700000e+03   2.0024219e+01
   3.4800000e+03   2.0025567e+01
   3.4900000e+03   2.0026562e+01
