   0.0000000e+00   1.0484111e-02
   1.0000000e+01  -5.7332990e-03
   2.0000000e+01  -2.7131524e-03
   3.0000000e+01  -4.4757283e-03
   4.0000000e+01   1.9522862e-02
   5.0000000e+01   1.8860795e-02
   6.0000000e+01   3.0951391e-02
   7.0000000e+01   3.1501784e-02
   8.0000000e+01   1.4334090e-02
   9.0000000e+01   1.5674509e-02
   1.0000000e+02   5.9691619e-02
   1.1000000e+02   8.2431679e-02
   1.2000000e+02   7.8793167e-02
   1.3000000e+02   6.2268766e-02
   1.4000000e+02   7.7290771e-02
   1.5000000e+02   6.6303512e-02
   1.6000000e+02   7.7737693e-02
   1.7000000e+02   7.4238670e-02
   1.8000000e+02   7.7302238e-02
   1.9000000e+02   1.0476171e-01
   2.0000000e+02   8.0560953e-02
   2.1000000e+02   7.6930061e-02
   2.2000000e+02   9.3413733e-02
   2.3000000e+02   1.1344184e-01
   2.4000000e+02   1.1330255e-01
   2.5000000e+02   1.2974818e-01
   2.6000000e+02   1.3398831e-01
   2.7000000e+02   1.2581688e-01
   2.8000000e+02   1.5234520e-01
   2.9000000e+02   1.7870618e-01
   3.0000000e+02   1.6211184e-01
   3.1000000e+02   1.7366438e-01
   3.2000000e+02   1.5769312e-01
   3.3000000e+02   1.6062458e-01
   3.4000000e+02   1.5133536e-01
   3.5000000e+02   1.4440574e-01
   3.6000000e+02   1.3678055e-01
   3.7000000e+02   1.2584255e-01
   3.8000000e+02   1.2900411e-01
   3.9000000e+02   1.3796544e-01
   4.0000000e+02   1.3016517e-01
   4.1000000e+02   1.3199244e-01
   4.2000000e+02   1.4594435e-01
   4.3000000e+02   1.2539078e-01
   4.4000000e+02   1.3259177e-01
   4.5000000e+02   1.3414596e-01
   4.6000000e+02   1.2541463e-01
   4.7000000e+02   1.3224450e-01
   4.8000000e+02   1.3885624e-01
   4.9000000e+02   1.4748581e-01
   5.0000000e+02   1.4133599e-01
   5.1000000e+02   1.4291767e-01
   5.2000000e+02   1.4792201e-01
   5.3000000e+02   1.3600357e-01
   5.4000000e+02   1.4002740e-01
   5.5000000e+02   1.4043611e-01
   5.6000000e+02   1.2074474e-01
   5.7000000e+02   1.3906241e-01
   5.8000000e+02   1.2940556e-01
   5.9000000e+02   1.4622208e-01
   6.0000000e+02   1.5011206e-01
   6.1000000e+02   1.2585084e-01
   6.2000000e+02   1.3275307e-01
   6.3000000e+02   1.3854920e-01
   6.4000000e+02   1.4573636e-01
   6.5000000e+02   1.3708940e-01
   6.6000000e+02   1.4607634e-01
   6.7000000e+02   1.4442413e-01
   6.8000000e+02   1.5507332e-01
   6.9000000e+02   1.4107847e-01
   7.0000000e+02   1.3645351e-01
   7.1000000e+02   1.4753717e-01
   7.2000000e+02   1.5484255e-01
   7.3000000e+02   1.4679138e-01
   7.4000000e+02   1.3912319e-01
   7.5000000e+02   1.4089188e-01
   7.6000000e+02   1.4650572e-01
   7.7000000e+02   1.5163016e-01
   7.8000000e+02   1.4882894e-01
   7.9000000e+02   1.4908470e-01
   8.0000000e+02   1.5533909e-01
   8.1000000e+02   1.3654249e-01
   8.2000000e+02   1.4068111e-01
   8.3000000e+02   1.3538814e-01
   8.4000000e+02   1.4010041e-01
   8.5000000e+02   1.3679609e-01
   8.6000000e+02   1.4054330e-01
   8.7000000e+02   1.4499803e-01
   8.8000000e+02   1.3692119e-01
   8.9000000e+02   1.4492230e-01
   9.0000000e+02   1.3743284e-01
   9.1000000e+02   1.3710131e-01
   9.2000000e+02   1.3696216e-01
   9.3000000e+02   1.3723000e-01
   9.4000000e+02   1.3193704e-01
   9.5000000e+02   1.4357903e-01
   9.6000000e+02   1.4103901e-01
   9.7000000e+02   1.5010492e-01
   9.8000000e+02   1.3639520e-01
   9.9000000e+02   1.3513807e-01
   1.0000000e+03   1.3554163e-01
   1.0100000e+03   1.2826854e-01
   1.0200000e+03   1.3348765e-01
   1.0300000e+03   1.3415228e-01
   1.0400000e+03   1.2543487e-01
   1.0500000e+03   1.2716429e-01
   1.0600000e+03   1.3730885e-01
   1.0700000e+03   1.4150611e-01
   1.0800000e+03   1.4770923e-01
   1.0900000e+03   1.3457314e-01
   1.1000000e+03   1.4839796e-01
   1.1100000e+03   1.5001747e-01
   1.1200000e+03   1.5046403e-01
   1.1300000e+03   1.5909373e-01
   1.1400000e+03   1.4788122e-01
   1.1500000e+03   1.5237732e-01
   1.1600000e+03   1.5154275e-01
   1.1700000e+03   1.4811669e-01
   1.1800000e+03   1.4343694e-01
   1.1900000e+03   1.3478833e-01
   1.2000000e+03   1.4431975e-01
   1.2100000e+03   1.2323387e-01
   1.2200000e+03   1.2897343e-01
   1.2300000e+03   1.3343177e-01
   1.2400000e+03   1.3303342e-01
   1.2500000e+03   1.3528153e-01
   1.2600000e+03   1.4609746e-01
   1.2700000e+03   1.3386132e-01
   1.2800000e+03   1.4001124e-01
   1.2900000e+03   1.3002650e-01
   1.3000000e+03   1.3771694e-01
   1.3100000e+03   1.3369150e-01
   1.3200000e+03   1.2796071e-01
   1.3300000e+03   1.2476648e-01
   1.3400000e+03   1.3267342e-01
   1.3500000e+03   1.3714385e-01
   1.3600000e+03   1.3150758e-01
   1.3700000e+03   1.3784652e-01
   1.3800000e+03   1.2350998e-01
   1.3900000e+03   1.3323051e-01
   1.4000000e+03   1.3176749e-01
   1.4100000e+03   1.3344371e-01
   1.4200000e+03   1.2510770e-01
   1.4300000e+03   1.3436618e-01
   1.4400000e+03   1.1910386e-01
   1.4500000e+03   1.1772324e-01
   1.4600000e+03   1.3449700e-01
   1.4700000e+03   1.2830094e-01
   1.4800000e+03   1.3120183e-01
   1.4900000e+03   1.2746320e-01
   1.5000000e+03   1.2443222e-01
   1.5100000e+03   1.3419562e-01
   1.5200000e+03   1.3289744e-01
   1.5300000e+03   1.3551318e-01
   1.5400000e+03   1.3950625e-01
   1.5500000e+03   1.4708682e-01
   1.5600000e+03   1.4705775e-01
   1.5700000e+03   1.3816368e-01
   1.5800000e+03   1.3390647e-01
   1.5900000e+03   1.4417309e-01
   1.6000000e+03   1.5220360e-01
   1.6100000e+03   1.3217943e-01
   1.6200000e+03   1.3148230e-01
   1.6300000e+03   1.3299218e-01
   1.6400000e+03   1.3979490e-01
   1.6500000e+03   1.2049356e-01
   1.6600000e+03   1.4111255e-01
   1.6700000e+03   1.3072969e-01
   1.6800000e+03   1.2607587e-01
   1.6900000e+03   1.3118707e-01
   1.7000000e+03   1.3767559e-01
   1.7100000e+03   1.1983400e-01
   1.7200000e+03   1.2478205e-01
   1.7300000e+03   1.1944641e-01
   1.7400000e+03   1.0963697e-01
   1.7500000e+03   1.2553685e-01
   1.7600000e+03   1.4513230e-01
   1.7700000e+03   1.3682243e-01
   1.7800000e+03   1.4531673e-01
   1.7900000e+03   1.4015815e-01
   1.8000000e+03   1.2955881e-01
   1.8100000e+03   1.2427661e-01
   1.8200000e+03   1.1625340e-01
   1.8300000e+03   1.2948090e-01
   1.8400000e+03   1.2804556e-01
   1.8500000e+03   1.3012911e-01
   1.8600000e+03   1.2112672e-01
   1.8700000e+03   1.1718224e-01
   1.8800000e+03   1.2886918e-01
   1.8900000e+03   1.3980404e-01
   1.9000000e+03   1.4829989e-01
   1.9100000e+03   1.5052375e-01
   1.9200000e+03   1.6306910e-01
   1.9300000e+03   1.5520177e-01
   1.9400000e+03   1.5994841e-01
   1.9500000e+03   1.7212761e-01
   1.9600000e+03   1.7646542e-01
   1.9700000e+03   1.7249825e-01
   1.9800000e+03   1.6763270e-01
   1.9900000e+03   1.5423022e-01
   2.0000000e+03   1.4814894e-01
   2.0100000e+03   1.3861436e-01
   2.0200000e+03   1.4998842e-01
   2.0300000e+03   1.3318582e-01
   2.0400000e+03   1.2741866e-01
   2.0500000e+03   1.2893330e-01
   2.0600000e+03   1.2915449e-01
   2.0700000e+03   1.3407971e-01
   2.0800000e+03   1.3766876e-01
   2.0900000e+03   1.3726463e-01
   2.1000000e+03   1.3261399e-01
   2.1100000e+03   1.5435548e-01
   2.1200000e+03   1.4450826e-01
   2.1300000e+03   1.4208154e-01
   2.1400000e+03   1.4648502e-01
   2.1500000e+03   1.3854896e-01
   2.1600000e+03   1.5155810e-01
   2.1700000e+03   1.3926886e-01
   2.1800000e+03   1.4548746e-01
   2.1900000e+03   1.3372894e-01
   2.2000000e+03   1.3713798e-01
   2.2100000e+03   1.3436802e-01
   2.2200000e+03   1.2149135e-01
   2.2300000e+03   1.1284431e-01
   2.2400000e+03   1.0804102e-01
   2.2500000e+03   1.1259565e-01
   2.2600000e+03   1.1701297e-01
   2.2700000e+03   1.1315391e-01
   2.2800000e+03   1.1625032e-01
   2.2900000e+03   1.0520390e-01
   2.3000000e+03   1.0358402e-01
   2.3100000e+03   1.1063410e-01
   2.3200000e+03   1.1416522e-01
   2.3300000e+03   1.1731808e-01
   2.3400000e+03   1.1645933e-01
   2.3500000e+03   1.0669419e-01
   2.3600000e+03   1.1261246e-01
   2.3700000e+03   1.0174140e-01
   2.3800000e+03   1.1278785e-01
   2.3900000e+03   1.1796936e-01
   2.4000000e+03   1.1952366e-01
   2.4100000e+03   1.0481949e-01
   2.4200000e+03   1.1482870e-01
   2.4300000e+03   1.0978138e-01
   2.4400000e+03   1.1013219e-01
   2.4500000e+03   1.0082764e-01
   2.4600000e+03   1.0029377e-01
   2.4700000e+03   9.1753350e-02
   2.4800000e+03   9.3905623e-02
   2.4900000e+03   1.0203266e-01
   2.5000000e+03   1.0061106e-01
   2.5100000e+03   9.7607673e-02
   2.5200000e+03   9.4262616e-02
   2.5300000e+03   9.6289852e-02
   2.5400000e+03   9.5345701e-02
   2.5500000e+03   9.9692982e-02
   2.5600000e+03   1.0442310e-01
   2.5700000e+03   1.1544059e-01
   2.5800000e+03   1.2596684e-01
   2.5900000e+03   1.2411056e-01
   2.6000000e+03   1.2580063e-01
   2.6100000e+03   1.1305972e-01
   2.6200000e+03   1.1230927e-01
   2.6300000e+03   1.2293163e-01
   2.6400000e+03   1.3017379e-01
   2.6500000e+03   1.2743132e-01
   2.6600000e+03   1.2766168e-01
   2.6700000e+03   1.2029598e-01
   2.6800000e+03   1.2220566e-01
   2.6900000e+03   1.2114102e-01
   2.7000000e+03   1.2559805e-01
   2.7100000e+03   1.3683498e-01
   2.7200000e+03   1.2545784e-01
   2.7300000e+03   1.3576739e-01
   2.7400000e+03   1.3058443e-01
   2.7500000e+03   1.4113803e-01
   2.7600000e+03   1.3880291e-01
   2.7700000e+03   1.4634249e-01
   2.7800000e+03   1.4241193e-01
   2.7900000e+03   1.3848137e-01
   2.8000000e+03   1.4597832e-01
   2.8100000e+03   1.4716206e-01
   2.8200000e+03   1.3260638e-01
   2.8300000e+03   1.4190471e-01
   2.8400000e+03   1.4276056e-01
   2.8500000e+03   1.3394901e-01
   2.8600000e+03   1.3394612e-01
   2.8700000e+03   1.4211268e-01
   2.8800000e+03   1.4062411e-01
   2.8900000e+03   1.3249293e-01
   2.9000000e+03   1.4199857e-01
   2.9100000e+03   1.2344803e-01
   2.9200000e+03   1.2543860e-01
   2.9300000e+03   1.3290970e-01
   2.9400000e+03   1.2768415e-01
   2.9500000e+03   1.3851085e-01
   2.9600000e+03   1.3431019e-01
   2.9700000e+03   1.5093434e-01
   2.9800000e+03   1.5097264e-01
   2.9900000e+03   1.4677203e-01
   3.0000000e+03   1.3862863e-01
   3.0100000e+03   1.4464000e-01
   3.0200000e+03   1.4057374e-01
   3.0300000e+03   1.4902703e-01
   3.0400000e+03   1.4712687e-01
   3.0500000e+03   1.4916946e-01
   3.0600000e+03   1.4459697e-01
   3.0700000e+03   1.4412906e-01
   3.0800000e+03   1.4022606e-01
   3.0900000e+03   1.3099061e-01
   3.1000000e+03   1.3460130e-01
   3.1100000e+03   1.4195033e-01
   3.1200000e+03   1.3178753e-01
   3.1300000e+03   1.2266179e-01
   3.1400000e+03   1.2936885e-01
   3.1500000e+03   1.1245490e-01
   3.1600000e+03   1.2277694e-01
   3.1700000e+03   1.2326669e-01
   3.1800000e+03   1.1831280e-01
   3.1900000e+03   1.1472531e-01
   3.2000000e+03   1.1562527e-01
   3.2100000e+03   1.1739775e-01
   3.2200000e+03   1.2813133e-01
   3.2300000e+03   1.1966135e-01
   3.2400000e+03   1.2330232e-01
   3.2500000e+03   1.2623540e-01
   3.2600000e+03   1.1003207e-01
   3.2700000e+03   1.2088781e-01
   3.2800000e+03   1.2890643e-01
   3.2900000e+03   1.2935503e-01
   3.3000000e+03   1.1746221e-01
   3.3100000e+03   1.1534676e-01
   3.3200000e+03   1.1771875e-01
   3.3300000e+03   1.1698067e-01
   3.3400000e+03   1.2138579e-01
   3.3500000e+03   1.2909162e-01
   3.3600000e+03   1.3144987e-01
   3.3700000e+03   1.2794474e-01
   3.3800000e+03   1.2471260e-01
   3.3900000e+03   1.1204187e-01
   3.4000000e+03   1.0845437e-01
   3.4100000e+03   1.1205559e-01
   3.4200000e+03   9.5048138e-02
   3.4300000e+03   1.1179768e-01
   3.4400000e+03   1.0261695e-01
   3.4500000e+03   1.1303650e-01
   3.4600000e+03   1.0646238e-01
   3.4700000e+03   1.2370016e-01
   3.4800000e+03   1.1716589e-01
   3.4900000e+03   1.0541014e-01
