   0.0000000e+00  -6.3146069e-03
   1.0000000e+01  -4.6854222e-04
   2.0000000e+01  -4.7249940e-04
   3.0000000e+01  -4.5817252e-03
   4.0000000e+01  -5.0940231e-03
   5.0000000e+01  -1.5447921e-03
   6.0000000e+01   2.8594121e-02
   7.0000000e+01   2.3483773e-02
   8.0000000e+01   3.3192176e-02
   9.0000000e+01   2.9011994e-02
   1.0000000e+02   1.7887901e-01
   1.1000000e+02   3.3189513e-01
   1.2000000e+02   3.6990806e-01
   1.3000000e+02   3.9383951e-01
   1.4000000e+02   3.9190970e-01
   1.5000000e+02   3.9555226e-01
   1.6000000e+02   4.1074406e-01
   1.7000000e+02   4.0158906e-01
   1.8000000e+02   4.1852802e-01
   1.9000000e+02   4.0514541e-01
   2.0000000e+02   3.9783499e-01
   2.1000000e+02   4.0656308e-01
   2.2000000e+02   3.9322802e-01
   2.3000000e+02   3.9794452e-01
   2.4000000e+02   3.7962111e-01
   2.5000000e+02   3.7537819e-01
   2.6000000e+02   3.5438942e-01
   2.7000000e+02   3.4207817e-01
   2.8000000e+02   3.4195350e-01
   2.9000000e+02   3.2224712e-01
   3.0000000e+02   3.0256479e-01
   3.1000000e+02   2.9159785e-01
   3.2000000e+02   2.7990879e-01
   3.3000000e+02   2.6029890e-01
   3.4000000e+02   2.5243705e-01
   3.5000000e+02   2.3221619e-01
   3.6000000e+02   2.0712982e-01
   3.7000000e+02   2.0268877e-01
   3.8000000e+02   1.5844478e-01
   3.9000000e+02   1.5658382e-01
   4.0000000e+02   1.3198401e-01
   4.1000000e+02   1.2409617e-01
   4.2000000e+02   1.0163498e-01
   4.3000000e+02   7.9392599e-02
   4.4000000e+02   5.0206643e-02
   4.5000000e+02   3.2916400e-02
   4.6000000e+02   1.4866364e-02
   4.7000000e+02   2.4903866e-03
   4.8000000e+02  -2.3175276e-02
   4.9000000e+02  -4.2152506e-02
   5.0000000e+02  -5.7179945e-02
   5.1000000e+02  -7.8505074e-02
   5.2000000e+02  -9.8131287e-02
   5.3000000e+02  -1.2926300e-01
   5.4000000e+02  -1.3767777e-01
   5.5000000e+02  -1.4873337e-01
   5.6000000e+02  -1.7667637e-01
   5.7000000e+02  -1.9817566e-01
   5.8000000e+02  -2.1341541e-01
   5.9000000e+02  -2.2871535e-01
   6.0000000e+02  -2.4726903e-01
   6.1000000e+02  -2.7538543e-01
   6.2000000e+02  -2.8921887e-01
   6.3000000e+02  -2.9752575e-01
   6.4000000e+02  -3.1089470e-01
   6.5000000e+02  -3.3603968e-01
   6.6000000e+02  -3.6509778e-01
   6.7000000e+02  -3.8642683e-01
   6.8000000e+02  -4.0357535e-01
   6.9000000e+02  -4.0796756e-01
   7.0000000e+02  -4.3200122e-01
   7.1000000e+02  -4.3530560e-01
   7.2000000e+02  -4.5222068e-01
   7.3000000e+02  -4.6855018e-01
   7.4000000e+02  -5.0101146e-01
   7.5000000e+02  -4.8949331e-01
   7.6000000e+02  -5.2271398e-01
   7.7000000e+02  -5.3994945e-01
   7.8000000e+02  -5.6042640e-01
   7.9000000e+02  -5.6439244e-01
   8.0000000e+02  -5.9000679e-01
   8.1000000e+02  -6.1339594e-01
   8.2000000e+02  -6.0083666e-01
   8.3000000e+02  -6.2766322e-01
   8.4000000e+02  -6.3836905e-01
   8.5000000e+02  -6.5198650e-01
   8.6000000e+02  -6.7707587e-01
   8.7000000e+02  -6.8340436e-01
   8.8000000e+02  -6.9919926e-01
   8.9000000e+02  -7.0962438e-01
   9.0000000e+02  -6.6676541e-01
   9.1000000e+02  -6.6663357e-01
   9.2000000e+02  -6.6082565e-01
   9.3000000e+02  -7.0113241e-01
   9.4000000e+02  -6.9843104e-01
   9.5000000e+02  -7.2100192e-01
   9.6000000e+02  -7.3156049e-01
   9.7000000e+02  -7.2888343e-01
   9.8000000e+02  -7.5249422e-01
   9.9000000e+02  -7.6842317e-01
   1.0000000e+03  -7.7526180e-01
   1.0100000e+03  -7.9238827e-01
   1.0200000e+03  -8.0387563e-01
   1.0300000e+03  -8.1615867e-01
   1.0400000e+03  -8.4879798e-01
   1.0500000e+03  -8.2950644e-01
   1.0600000e+03  -8.6989125e-01
   1.0700000e+03  -8.9044532e-01
   1.0800000e+03  -8.7424884e-01
   1.0900000e+03  -9.0975351e-01
   1.1000000e+03  -8.9150209e-01
   1.1100000e+03  -9.2163570e-01
   1.1200000e+03  -9.2944219e-01
   1.1300000e+03  -9.0813136e-01
   1.1400000e+03  -9.5116011e-01
   1.1500000e+03  -9.4884917e-01
   1.1600000e+03  -9.5050216e-01
   1.1700000e+03  -9.9248109e-01
   1.1800000e+03  -9.8258562e-01
   1.1900000e+03  -1.0259366e+00
   1.2000000e+03  -1.0122970e+00
   1.2100000e+03  -1.0198966e+00
   1.2200000e+03  -1.0471586e+00
   1.2300000e+03  -1.0254548e+00
   1.2400000e+03  -1.0428792e+00
   1.2500000e+03  -1.0665067e+00
   1.2600000e+03  -1.0530978e+00
   1.2700000e+03  -1.0628387e+00
   1.2800000e+03  -1.0708418e+00
   1.2900000e+03  -1.0766055e+00
   1.3000000e+03  -1.1225648e+00
   1.3100000e+03  -1.1066231e+00
   1.3200000e+03  -1.1189955e+00
   1.3300000e+03  -1.1408639e+00
   1.3400000e+03  -1.1217173e+00
   1.3500000e+03  -1.1451272e+00
   1.3600000e+03  -1.1591889e+00
   1.3700000e+03  -1.1495496e+00
   1.3800000e+03  -1.1631470e+00
   1.3900000e+03  -1.1594785e+00
   1.4000000e+03  -1.1712398e+00
   1.4100000e+03  -1.1836377e+00
   1.4200000e+03  -1.1756738e+00
   1.4300000e+03  -1.1781476e+00
   1.4400000e+03  -1.1926862e+00
   1.4500000e+03  -1.1895191e+00
   1.4600000e+03  -1.2065176e+00
   1.4700000e+03  -1.1895355e+00
   1.4800000e+03  -1.2230293e+00
   1.4900000e+03  -1.2259676e+00
   1.5000000e+03  -1.1939083e+00
   1.5100000e+03  -1.2369824e+00
   1.5200000e+03  -1.2370934e+00
   1.5300000e+03  -1.2232061e+00
   1.5400000e+03  -1.2597598e+00
   1.5500000e+03  -1.2339797e+00
   1.5600000e+03  -1.2723943e+00
   1.5700000e+03  -1.2640634e+00
   1.5800000e+03  -1.2650823e+00
   1.5900000e+03  -1.2931084e+00
   1.6000000e+03  -1.2861847e+00
   1.6100000e+03  -1.2841558e+00
   1.6200000e+03  -1.3151434e+00
   1.6300000e+03  -1.2982208e+00
   1.6400000e+03  -1.3220616e+00
   1.6500000e+03  -1.3112331e+00
   1.6600000e+03  -1.3261651e+00
   1.6700000e+03  -1.3457716e+00
   1.6800000e+03  -1.3225940e+00
   1.6900000e+03  -1.3516483e+00
   1.7000000e+03  -1.3512087e+00
   1.7100000e+03  -1.3550156e+00
   1.7200000e+03  -1.3573174e+00
   1.7300000e+03  -1.3404909e+00
   1.7400000e+03  -1.3703774e+00
   1.7500000e+03  -1.3956018e+00
   1.7600000e+03  -1.3729006e+00
   1.7700000e+03  -1.3922873e+00
   1.7800000e+03  -1.3962418e+00
   1.7900000e+03  -1.3795873e+00
   1.8000000e+03  -1.4029398e+00
   1.8100000e+03  -1.4120217e+00
   1.8200000e+03  -1.4009721e+00
   1.8300000e+03  -1.4304314e+00
   1.8400000e+03  -1.4080598e+00
   1.8500000e+03  -1.4497705e+00
   1.8600000e+03  -1.4356604e+00
   1.8700000e+03  -1.4226878e+00
   1.8800000e+03  -1.4561745e+00
   1.8900000e+03  -1.4475221e+00
   1.9000000e+03  -1.4321390e+00
   1.9100000e+03  -1.4542422e+00
   1.9200000e+03  -1.4432157e+00
   1.9300000e+03  -1.4607665e+00
   1.9400000e+03  -1.4454438e+00
   1.9500000e+03  -1.4381863e+00
   1.9600000e+03  -1.4685634e+00
   1.9700000e+03  -1.4470105e+00
   1.9800000e+03  -1.4569364e+00
   1.9900000e+03  -1.4596536e+00
   2.0000000e+03  -1.4312967e+00
   2.0100000e+03  -1.4557497e+00
   2.0200000e+03  -1.4396069e+00
   2.0300000e+03  -1.4199885e+00
   2.0400000e+03  -1.4562885e+00
   2.0500000e+03  -1.4247251e+00
   2.0600000e+03  -1.4332922e+00
   2.0700000e+03  -1.4640121e+00
   2.0800000e+03  -1.4472576e+00
   2.0900000e+03  -1.4704020e+00
   2.1000000e+03  -1.4572463e+00
   2.1100000e+03  -1.4580186e+00
   2.1200000e+03  -1.4675667e+00
   2.1300000e+03  -1.4621834e+00
   2.1400000e+03  -1.4753545e+00
   2.1500000e+03  -1.4683075e+00
   2.1600000e+03  -1.4668289e+00
   2.1700000e+03  -1.4755083e+00
   2.1800000e+03  -1.4732704e+00
   2.1900000e+03  -1.4839080e+00
   2.2000000e+03  -1.4958431e+00
   2.2100000e+03  -1.4699101e+00
   2.2200000e+03  -1.4949042e+00
   2.2300000e+03  -1.4921759e+00
   2.2400000e+03  -1.4535996e+00
   2.2500000e+03  -1.4934387e+00
   2.2600000e+03  -1.4709079e+00
   2.2700000e+03  -1.4985451e+00
   2.2800000e+03  -1.4845324e+00
   2.2900000e+03  -1.4762849e+00
   2.3000000e+03  -1.5135914e+00
   2.3100000e+03  -1.5082320e+00
   2.3200000e+03  -1.4835584e+00
   2.3300000e+03  -1.5049174e+00
   2.3400000e+03  -1.4882976e+00
   2.3500000e+03  -1.4910403e+00
   2.3600000e+03  -1.5067445e+00
   2.3700000e+03  -1.4952529e+00
   2.3800000e+03  -1.5242732e+00
   2.3900000e+03  -1.5012271e+00
   2.4000000e+03  -1.4899559e+00
   2.4100000e+03  -1.5211668e+00
   2.4200000e+03  -1.4978026e+00
   2.4300000e+03  -1.5046816e+00
   2.4400000e+03  -1.5330532e+00
   2.4500000e+03  -1.5110478e+00
   2.4600000e+03  -1.5284655e+00
   2.4700000e+03  -1.5107924e+00
   2.4800000e+03  -1.5070597e+00
   2.4900000e+03  -1.5359212e+00
   2.5000000e+03  -1.5106350e+00
   2.5100000e+03  -1.5210880e+00
   2.5200000e+03  -1.5295460e+00
   2.5300000e+03  -1.5152141e+00
   2.5400000e+03  -1.5296083e+00
   2.5500000e+03  -1.5326812e+00
   2.5600000e+03  -1.5365004e+00
   2.5700000e+03  -1.5470634e+00
   2.5800000e+03  -1.5200877e+00
   2.5900000e+03  -1.5372353e+00
   2.6000000e+03  -1.5459501e+00
   2.6100000e+03  -1.5324376e+00
   2.6200000e+03  -1.5491081e+00
   2.6300000e+03  -1.5434418e+00
   2.6400000e+03  -1.5540784e+00
   2.6500000e+03  -1.5506887e+00
   2.6600000e+03  -1.5326360e+00
   2.6700000e+03  -1.5624035e+00
   2.6800000e+03  -1.5436773e+00
   2.6900000e+03  -1.5438126e+00
   2.7000000e+03  -1.5582932e+00
   2.7100000e+03  -1.5505830e+00
   2.7200000e+03  -1.5476344e+00
   2.7300000e+03  -1.5507567e+00
   2.7400000e+03  -1.5464983e+00
   2.7500000e+03  -1.5696321e+00
   2.7600000e+03  -1.5592780e+00
   2.7700000e+03  -1.5471125e+00
   2.7800000e+03  -1.5766236e+00
   2.7900000e+03  -1.5604433e+00
   2.8000000e+03  -1.5599669e+00
   2.8100000e+03  -1.5605187e+00
   2.8200000e+03  -1.5601649e+00
   2.8300000e+03  -1.5937887e+00
   2.8400000e+03  -1.5730429e+00
   2.8500000e+03  -1.5524564e+00
   2.8600000e+03  -1.5819064e+00
   2.8700000e+03  -1.5535596e+00
   2.8800000e+03  -1.5581136e+00
   2.8900000e+03  -1.5747969e+00
   2.9000000e+03  -1.5514804e+00
   2.9100000e+03  -1.5787638e+00
   2.9200000e+03  -1.5494501e+00
   2.9300000e+03  -1.5647017e+00
   2.9400000e+03  -1.5994395e+00
   2.9500000e+03  -1.5547521e+00
   2.9600000e+03  -1.5906157e+00
   2.9700000e+03  -1.5746797e+00
   2.9800000e+03  -1.5535665e+00
   2.9900000e+03  -1.5665778e+00
   3.0000000e+03  -1.5472026e+00
   3.0100000e+03  -1.5694303e+00
   3.0200000e+03  -1.5721234e+00
   3.0300000e+03  -1.5477298e+00
   3.0400000e+03  -1.5729198e+00
   3.0500000e+03  -1.5608516e+00
   3.0600000e+03  -1.5464090e+00
   3.0700000e+03  -1.5718682e+00
   3.0800000e+03  -1.5574255e+00
   3.0900000e+03  -1.5674135e+00
   3.1000000e+03  -1.5568141e+00
   3.1100000e+03  -1.5239999e+00
   3.1200000e+03  -1.5553091e+00
   3.1300000e+03  -1.5564966e+00
   3.1400000e+03  -1.5298757e+00
   3.1500000e+03  -1.5753712e+00
   3.1600000e+03  -1.5319326e+00
   3.1700000e+03  -1.5428017e+00
   3.1800000e+03  -1.5298402e+00
   3.1900000e+03  -1.5231698e+00
   3.2000000e+03  -1.5456295e+00
   3.2100000e+03  -1.5358502e+00
   3.2200000e+03  -1.5468905e+00
   3.2300000e+03  -1.5563887e+00
   3.2400000e+03  -1.5486655e+00
   3.2500000e+03  -1.5383109e+00
   3.2600000e+03  -1.5670622e+00
   3.2700000e+03  -1.5326075e+00
   3.2800000e+03  -1.5550062e+00
   3.2900000e+03  -1.5438926e+00
   3.3000000e+03  -1.5501839e+00
   3.3100000e+03  -1.5657285e+00
   3.3200000e+03  -1.5521791e+00
   3.3300000e+03  -1.5629134e+00
   3.3400000e+03  -1.5727787e+00
   3.3500000e+03  -1.5616771e+00
   3.3600000e+03  -1.5760099e+00
   3.3700000e+03  -1.5516037e+00
   3.3800000e+03  -1.5588495e+00
   3.3900000e+03  -1.5633415e+00
   3.4000000e+03  -1.5449206e+00
   3.4100000e+03  -1.5547245e+00
   3.4200000e+03  -1.5553976e+00
   3.4300000e+03  -1.5496326e+00
   3.4400000e+03  -1.5645528e+00
   3.4500000e+03  -1.5519579e+00
   3.4600000e+03  -1.5712478e+00
   3.4700000e+03  -1.5647115e+00
   3.4800000e+03  -1.5531448e+00
   3.4900000e+03  -1.5775019e+00
