   0.0000000e+00   1.2799557e-02
   1.0000000e+01  -1.0813775e-02
   2.0000000e+01  -6.4068528e-03
   3.0000000e+01  -8.8625606e-03
   4.0000000e+01  -1.0136467e-02
   5.0000000e+01  -1.2419346e-02
   6.0000000e+01  -5.8999702e-03
   7.0000000e+01  -1.2067608e-02
   8.0000000e+01  -2.3195855e-02
   9.0000000e+01  -2.4636439e-02
   1.0000000e+02  -2.3746843e-02
   1.1000000e+02  -4.2711839e-03
   1.2000000e+02   1.2246019e-02
   1.3000000e+02   2.6081490e-02
   1.4000000e+02   5.4754662e-02
   1.5000000e+02   5.5359662e-02
   1.6000000e+02   7.9984762e-02
   1.7000000e+02   8.1816569e-02
   1.8000000e+02   9.1825563e-02
   1.9000000e+02   1.0605481e-01
   2.0000000e+02   9.8786798e-02
   2.1000000e+02   9.7244203e-02
   2.2000000e+02   1.1787988e-01
   2.3000000e+02   1.1078867e-01
   2.4000000e+02   1.1481857e-01
   2.5000000e+02   1.2731007e-01
   2.6000000e+02   1.2969302e-01
   2.7000000e+02   1.3357364e-01
   2.8000000e+02   1.4664165e-01
   2.9000000e+02   1.6324859e-01
   3.0000000e+02   1.4667094e-01
   3.1000000e+02   1.6307556e-01
   3.2000000e+02   1.5499503e-01
   3.3000000e+02   1.5213338e-01
   3.4000000e+02   1.6045561e-01
   3.5000000e+02   1.5515434e-01
   3.6000000e+02   1.6120171e-01
   3.7000000e+02   1.5676002e-01
   3.8000000e+02   1.4463229e-01
   3.9000000e+02   1.5288957e-01
   4.0000000e+02   1.5968850e-01
   4.1000000e+02   1.4321700e-01
   4.2000000e+02   1.5043801e-01
   4.3000000e+02   1.3963303e-01
   4.4000000e+02   1.4381571e-01
   4.5000000e+02   1.5301132e-01
   4.6000000e+02   1.4359419e-01
   4.7000000e+02   1.3675216e-01
   4.8000000e+02   1.3548245e-01
   4.9000000e+02   1.3414410e-01
   5.0000000e+02   1.3657003e-01
   5.1000000e+02   1.4208745e-01
   5.2000000e+02   1.3735917e-01
   5.3000000e+02   1.4027577e-01
   5.4000000e+02   1.2970412e-01
   5.5000000e+02   1.2316409e-01
   5.6000000e+02   1.2966474e-01
   5.7000000e+02   1.2480273e-01
   5.8000000e+02   1.1422913e-01
   5.9000000e+02   1.2570171e-01
   6.0000000e+02   1.2310269e-01
   6.1000000e+02   1.1276250e-01
   6.2000000e+02   9.8117634e-02
   6.3000000e+02   1.0738226e-01
   6.4000000e+02   9.9044100e-02
   6.5000000e+02   9.9901909e-02
   6.6000000e+02   9.3130091e-02
   6.7000000e+02   9.9354472e-02
   6.8000000e+02   1.0096024e-01
   6.9000000e+02   8.7442230e-02
   7.0000000e+02   7.6568018e-02
   7.1000000e+02   8.9725524e-02
   7.2000000e+02   7.5714883e-02
   7.3000000e+02   6.7902988e-02
   7.4000000e+02   5.7230971e-02
   7.5000000e+02   7.2663747e-02
   7.6000000e+02   6.6922733e-02
   7.7000000e+02   7.2042303e-02
   7.8000000e+02   6.1600187e-02
   7.9000000e+02   5.1895839e-02
   8.0000000e+02   5.0500743e-02
   8.1000000e+02   3.4732787e-02
   8.2000000e+02   4.9985658e-02
   8.3000000e+02   3.5895800e-02
   8.4000000e+02   3.6665995e-02
   8.5000000e+02   3.5912667e-02
   8.6000000e+02   3.3865672e-02
   8.7000000e+02   3.5536719e-02
   8.8000000e+02   1.9591893e-02
   8.9000000e+02   2.8512179e-02
   9.0000000e+02   7.5948783e-03
   9.1000000e+02   5.8738461e-03
   9.2000000e+02   1.5653882e-03
   9.3000000e+02   1.1561638e-02
   9.4000000e+02  -4.8450176e-03
   9.5000000e+02  -6.1851356e-03
   9.6000000e+02  -2.9319586e-03
   9.7000000e+02  -9.8570779e-03
   9.8000000e+02  -1.9848455e-02
   9.9000000e+02  -2.9211900e-02
   1.0000000e+03  -2.5797356e-02
   1.0100000e+03  -3.1210909e-02
   1.0200000e+03  -3.1787438e-02
   1.0300000e+03  -3.5524596e-02
   1.0400000e+03  -3.6126858e-02
   1.0500000e+03  -4.2738125e-02
   1.0600000e+03  -4.1173228e-02
   1.0700000e+03  -3.3736600e-02
   1.0800000e+03  -4.4448809e-02
   1.0900000e+03  -5.1782500e-02
   1.1000000e+03  -5.0710022e-02
   1.1100000e+03  -5.0250119e-02
   1.1200000e+03  -4.3086233e-02
   1.1300000e+03  -5.6470154e-02
   1.1400000e+03  -6.0260551e-02
   1.1500000e+03  -4.3491013e-02
   1.1600000e+03  -4.9652715e-02
   1.1700000e+03  -5.5855621e-02
   1.1800000e+03  -6.2616250e-02
   1.1900000e+03  -6.6392926e-02
   1.2000000e+03  -6.0807592e-02
   1.2100000e+03  -6.8208292e-02
   1.2200000e+03  -7.8689123e-02
   1.2300000e+03  -8.0952409e-02
   1.2400000e+03  -6.8841296e-02
   1.2500000e+03  -6.7753340e-02
   1.2600000e+03  -7.5478466e-02
   1.2700000e+03  -7.7280106e-02
   1.2800000e+03  -7.4610092e-02
   1.2900000e+03  -7.1845677e-02
   1.3000000e+03  -8.1767155e-02
   1.3100000e+03  -7.6754830e-02
   1.3200000e+03  -8.5492292e-02
   1.3300000e+03  -8.4050794e-02
   1.3400000e+03  -8.5184916e-02
   1.3500000e+03  -8.9057699e-02
   1.3600000e+03  -9.0982842e-02
   1.3700000e+03  -9.5073566e-02
   1.3800000e+03  -8.9244337e-02
   1.3900000e+03  -9.3431109e-02
   1.4000000e+03  -9.2113077e-02
   1.4100000e+03  -8.7195101e-02
   1.4200000e+03  -9.8767349e-02
   1.4300000e+03  -9.8782705e-02
   1.4400000e+03  -9.8743168e-02
   1.4500000e+03  -9.8964359e-02
   1.4600000e+03  -1.0583333e-01
   1.4700000e+03  -9.1406974e-02
   1.4800000e+03  -1.0796753e-01
   1.4900000e+03  -1.1008150e-01
   1.5000000e+03  -1.0523367e-01
   1.5100000e+03  -1.0404956e-01
   1.5200000e+03  -1.1252804e-01
   1.5300000e+03  -1.2010739e-01
   1.5400000e+03  -1.0407134e-01
   1.5500000e+03  -1.2267419e-01
   1.5600000e+03  -1.1946001e-01
   1.5700000e+03  -1.1676404e-01
   1.5800000e+03  -1.1244646e-01
   1.5900000e+03  -1.1655090e-01
   1.6000000e+03  -1.1987805e-01
   1.6100000e+03  -1.2228017e-01
   1.6200000e+03  -1.1116214e-01
   1.6300000e+03  -1.1243338e-01
   1.6400000e+03  -1.0887937e-01
   1.6500000e+03  -1.2723848e-01
   1.6600000e+03  -1.2030398e-01
   1.6700000e+03  -1.2187546e-01
   1.6800000e+03  -1.2745219e-01
   1.6900000e+03  -1.2558833e-01
   1.7000000e+03  -1.2095828e-01
   1.7100000e+03  -1.2650754e-01
   1.7200000e+03  -1.2318512e-01
   1.7300000e+03  -1.3755125e-01
   1.7400000e+03  -1.3576968e-01
   1.7500000e+03  -1.2752745e-01
   1.7600000e+03  -1.2810208e-01
   1.7700000e+03  -1.2482234e-01
   1.7800000e+03  -1.2977108e-01
   1.7900000e+03  -1.1013802e-01
   1.8000000e+03  -1.3115353e-01
   1.8100000e+03  -1.3573653e-01
   1.8200000e+03  -1.3981506e-01
   1.8300000e+03  -1.3447464e-01
   1.8400000e+03  -1.3150726e-01
   1.8500000e+03  -1.1506248e-01
   1.8600000e+03  -1.4374884e-01
   1.8700000e+03  -1.4328857e-01
   1.8800000e+03  -1.3230593e-01
   1.8900000e+03  -1.2601298e-01
   1.9000000e+03  -1.3582507e-01
   1.9100000e+03  -1.3383460e-01
   1.9200000e+03  -1.2454225e-01
   1.9300000e+03  -1.2962354e-01
   1.9400000e+03  -1.4225524e-01
   1.9500000e+03  -1.3078032e-01
   1.9600000e+03  -1.3802890e-01
   1.9700000e+03  -1.4037144e-01
   1.9800000e+03  -1.3133354e-01
   1.9900000e+03  -1.2804606e-01
   2.0000000e+03  -1.3806086e-01
   2.0100000e+03  -1.2998166e-01
   2.0200000e+03  -1.1931157e-01
   2.0300000e+03  -1.3007768e-01
   2.0400000e+03  -1.4024185e-01
   2.0500000e+03  -1.4127671e-01
   2.0600000e+03  -1.3155752e-01
   2.0700000e+03  -1.4308425e-01
   2.0800000e+03  -1.3949801e-01
   2.0900000e+03  -1.3596356e-01
   2.1000000e+03  -1.4501215e-01
   2.1100000e+03  -1.3162748e-01
   2.1200000e+03  -1.3590714e-01
   2.1300000e+03  -1.3045545e-01
   2.1400000e+03  -1.3231029e-01
   2.1500000e+03  -1.4209345e-01
   2.1600000e+03  -1.2677786e-01
   2.1700000e+03  -1.3558254e-01
   2.1800000e+03  -1.3400206e-01
   2.1900000e+03  -1.4459306e-01
   2.2000000e+03  -1.4396666e-01
   2.2100000e+03  -1.4766112e-01
   2.2200000e+03  -1.5566275e-01
   2.2300000e+03  -1.5874300e-01
   2.2400000e+03  -1.5867749e-01
   2.2500000e+03  -1.5227315e-01
   2.2600000e+03  -1.5341929e-01
   2.2700000e+03  -1.4708203e-01
   2.2800000e+03  -1.5533967e-01
   2.2900000e+03  -1.5734236e-01
   2.3000000e+03  -1.5849762e-01
   2.3100000e+03  -1.4149158e-01
   2.3200000e+03  -1.5533814e-01
   2.3300000e+03  -1.5218776e-01
   2.3400000e+03  -1.5211917e-01
   2.3500000e+03  -1.6674163e-01
   2.3600000e+03  -1.5318301e-01
   2.3700000e+03  -1.5640044e-01
   2.3800000e+03  -1.6435943e-01
   2.3900000e+03  -1.4551371e-01
   2.4000000e+03  -1.5623890e-01
   2.4100000e+03  -1.5332480e-01
   2.4200000e+03  -1.5838184e-01
   2.4300000e+03  -1.6087685e-01
   2.4400000e+03  -1.5427132e-01
   2.4500000e+03  -1.6194681e-01
   2.4600000e+03  -1.6039525e-01
   2.4700000e+03  -1.6800219e-01
   2.4800000e+03  -1.5473161e-01
   2.4900000e+03  -1.6861946e-01
   2.5000000e+03  -1.6216322e-01
   2.5100000e+03  -1.5960419e-01
   2.5200000e+03  -1.5645990e-01
   2.5300000e+03  -1.5999429e-01
   2.5400000e+03  -1.7020442e-01
   2.5500000e+03  -1.7234731e-01
   2.5600000e+03  -1.7271764e-01
   2.5700000e+03  -1.7445055e-01
   2.5800000e+03  -1.6254243e-01
   2.5900000e+03  -1.6532394e-01
   2.6000000e+03  -1.6757354e-01
   2.6100000e+03  -1.8076799e-01
   2.6200000e+03  -1.8383458e-01
   2.6300000e+03  -1.7391537e-01
   2.6400000e+03  -1.8220065e-01
   2.6500000e+03  -1.7289417e-01
   2.6600000e+03  -1.8077245e-01
   2.6700000e+03  -1.7979239e-01
   2.6800000e+03  -1.7000739e-01
   2.6900000e+03  -1.7848466e-01
   2.7000000e+03  -1.8491956e-01
   2.7100000e+03  -1.7021608e-01
   2.7200000e+03  -1.7231778e-01
   2.7300000e+03  -1.7290455e-01
   2.7400000e+03  -1.7553521e-01
   2.7500000e+03  -1.7912146e-01
   2.7600000e+03  -1.7218801e-01
   2.7700000e+03  -1.5886244e-01
   2.7800000e+03  -1.6649670e-01
   2.7900000e+03  -1.8501954e-01
   2.8000000e+03  -1.7544313e-01
   2.8100000e+03  -1.7935703e-01
   2.8200000e+03  -1.8023323e-01
   2.8300000e+03  -1.7464862e-01
   2.8400000e+03  -1.8097520e-01
   2.8500000e+03  -1.8607343e-01
   2.8600000e+03  -1.8445462e-01
   2.8700000e+03  -1.8185427e-01
   2.8800000e+03  -1.7500158e-01
   2.8900000e+03  -1.8776010e-01
   2.9000000e+03  -1.7617653e-01
   2.9100000e+03  -1.7363104e-01
   2.9200000e+03  -1.8229883e-01
   2.9300000e+03  -1.8201519e-01
   2.9400000e+03  -1.8538343e-01
   2.9500000e+03  -1.7595491e-01
   2.9600000e+03  -1.8849259e-01
   2.9700000e+03  -1.8392770e-01
   2.9800000e+03  -1.9083960e-01
   2.9900000e+03  -1.8275849e-01
   3.0000000e+03  -1.7050881e-01
   3.0100000e+03  -1.8349892e-01
   3.0200000e+03  -1.8872053e-01
   3.0300000e+03  -1.8096851e-01
   3.0400000e+03  -1.8657401e-01
   3.0500000e+03  -1.7480275e-01
   3.0600000e+03  -1.7775014e-01
   3.0700000e+03  -1.7566933e-01
   3.0800000e+03  -1.7470432e-01
   3.0900000e+03  -1.8833460e-01
   3.1000000e+03  -1.8657999e-01
   3.1100000e+03  -1.9012502e-01
   3.1200000e+03  -1.8545323e-01
   3.1300000e+03  -1.8437852e-01
   3.1400000e+03  -1.7813989e-01
   3.1500000e+03  -1.8670079e-01
   3.1600000e+03  -1.8936025e-01
   3.1700000e+03  -1.7960400e-01
   3.1800000e+03  -1.8826087e-01
   3.1900000e+03  -1.9115061e-01
   3.2000000e+03  -1.9882327e-01
   3.2100000e+03  -1.8662683e-01
   3.2200000e+03  -1.8516825e-01
   3.2300000e+03  -1.8274324e-01
   3.2400000e+03  -1.8512851e-01
   3.2500000e+03  -1.9100120e-01
   3.2600000e+03  -1.8912177e-01
   3.2700000e+03  -1.9032126e-01
   3.2800000e+03  -1.8508876e-01
   3.2900000e+03  -1.8556718e-01
   3.3000000e+03  -1.9050085e-01
   3.3100000e+03  -2.0280838e-01
   3.3200000e+03  -2.0368162e-01
   3.3300000e+03  -2.0326076e-01
   3.3400000e+03  -1.9700554e-01
   3.3500000e+03  -1.9393894e-01
   3.3600000e+03  -2.0061775e-01
   3.3700000e+03  -2.1130226e-01
   3.3800000e+03  -1.9483959e-01
   3.3900000e+03  -2.1213438e-01
   3.4000000e+03  -2.1571921e-01
   3.4100000e+03  -2.1073061e-01
   3.4200000e+03  -2.1475138e-01
   3.4300000e+03  -2.0565977e-01
   3.4400000e+03  -2.1807712e-01
   3.4500000e+03  -2.1206721e-01
   3.4600000e+03  -2.1655133e-01
   3.4700000e+03  -2.1670213e-01
   3.4800000e+03  -2.1651294e-01
   3.4900000e+03  -2.2223636e-01
