   0.0000000e+00   1.6972750e+01
   1.0000000e+01   1.6976040e+01
   2.0000000e+01   1.6969533e+01
   3.0000000e+01   1.6977037e+01
   4.0000000e+01   1.6961894e+01
   5.0000000e+01   1.6916903e+01
   6.0000000e+01   1.6800249e+01
   7.0000000e+01   1.6807217e+01
   8.0000000e+01   1.6820641e+01
   9.0000000e+01   1.6823662e+01
   1.0000000e+02   1.6380241e+01
   1.1000000e+02   1.5779697e+01
   1.2000000e+02   1.5521353e+01
   1.3000000e+02   1.5338385e+01
   1.4000000e+02   1.5175540e+01
   1.5000000e+02   1.5069654e+01
   1.6000000e+02   1.4940209e+01
   1.7000000e+02   1.4836607e+01
   1.8000000e+02   1.4746342e+01
   1.9000000e+02   1.4651983e+01
   2.0000000e+02   1.4544393e+01
   2.1000000e+02   1.4474966e+01
   2.2000000e+02   1.4384593e+01
   2.3000000e+02   1.4317654e+01
   2.4000000e+02   1.4248336e+01
   2.5000000e+02   1.4190564e+01
   2.6000000e+02   1.4126248e+01
   2.7000000e+02   1.4057361e+01
   2.8000000e+02   1.3977875e+01
   2.9000000e+02   1.3916931e+01
   3.0000000e+02   1.3862992e+01
   3.1000000e+02   1.3822441e+01
   3.2000000e+02   1.3766966e+01
   3.3000000e+02   1.3721474e+01
   3.4000000e+02   1.3691015e+01
   3.5000000e+02   1.3626054e+01
   3.6000000e+02   1.3581588e+01
   3.7000000e+02   1.3551529e+01
   3.8000000e+02   1.3485531e+01
   3.9000000e+02   1.3454098e+01
   4.0000000e+02   1.3402433e+01
   4.1000000e+02   1.3391267e+01
   4.2000000e+02   1.3333130e+01
   4.3000000e+02   1.3293604e+01
   4.4000000e+02   1.3259924e+01
   4.5000000e+02   1.3203241e+01
   4.6000000e+02   1.3201214e+01
   4.7000000e+02   1.3164592e+01
   4.8000000e+02   1.3146315e+01
   4.9000000e+02   1.3130552e+01
   5.0000000e+02   1.3093832e+01
   5.1000000e+02   1.3088756e+01
   5.2000000e+02   1.3054878e+01
   5.3000000e+02   1.3011561e+01
   5.4000000e+02   1.2978441e+01
   5.5000000e+02   1.2976906e+01
   5.6000000e+02   1.2954950e+01
   5.7000000e+02   1.2945509e+01
   5.8000000e+02   1.2921150e+01
   5.9000000e+02   1.2910937e+01
   6.0000000e+02   1.2876967e+01
   6.1000000e+02   1.2859962e+01
   6.2000000e+02   1.2836780e+01
   6.3000000e+02   1.2814944e+01
   6.4000000e+02   1.2819011e+01
   6.5000000e+02   1.2796833e+01
   6.6000000e+02   1.2757690e+01
   6.7000000e+02   1.2733282e+01
   6.8000000e+02   1.2723779e+01
   6.9000000e+02   1.2715416e+01
   7.0000000e+02   1.2694120e+01
   7.1000000e+02   1.2671009e+01
   7.2000000e+02   1.2671989e+01
   7.3000000e+02   1.2650030e+01
   7.4000000e+02   1.2625178e+01
   7.5000000e+02   1.2634861e+01
   7.6000000e+02   1.2616236e+01
   7.7000000e+02   1.2596164e+01
   7.8000000e+02   1.2599165e+01
   7.9000000e+02   1.2585873e+01
   8.0000000e+02   1.2568351e+01
   8.1000000e+02   1.2555156e+01
   8.2000000e+02   1.2554001e+01
   8.3000000e+02   1.2525015e+01
   8.4000000e+02   1.2516381e+01
   8.5000000e+02   1.2514612e+01
   8.6000000e+02   1.2482708e+01
   8.7000000e+02   1.2491274e+01
   8.8000000e+02   1.2502232e+01
   8.9000000e+02   1.2473379e+01
   9.0000000e+02   1.2301779e+01
   9.1000000e+02   1.2290262e+01
   9.2000000e+02   1.2352231e+01
   9.3000000e+02   1.2380786e+01
   9.4000000e+02   1.2406325e+01
   9.5000000e+02   1.2374615e+01
   9.6000000e+02   1.2408295e+01
   9.7000000e+02   1.2385818e+01
   9.8000000e+02   1.2408279e+01
   9.9000000e+02   1.2376238e+01
   1.0000000e+03   1.2427858e+01
   1.0100000e+03   1.2381571e+01
   1.0200000e+03   1.2378444e+01
   1.0300000e+03   1.2380111e+01
   1.0400000e+03   1.2381876e+01
   1.0500000e+03   1.2436622e+01
   1.0600000e+03   1.2428761e+01
   1.0700000e+03   1.2429127e+01
   1.0800000e+03   1.2405989e+01
   1.0900000e+03   1.2343847e+01
   1.1000000e+03   1.2305061e+01
   1.1100000e+03   1.2268568e+01
   1.1200000e+03   1.2339490e+01
   1.1300000e+03   1.2302605e+01
   1.1400000e+03   1.2272759e+01
   1.1500000e+03   1.2266687e+01
   1.1600000e+03   1.2278311e+01
   1.1700000e+03   1.2260234e+01
   1.1800000e+03   1.2275511e+01
   1.1900000e+03   1.2252333e+01
   1.2000000e+03   1.2323781e+01
   1.2100000e+03   1.2319660e+01
   1.2200000e+03   1.2318897e+01
   1.2300000e+03   1.2344609e+01
   1.2400000e+03   1.2321089e+01
   1.2500000e+03   1.2347267e+01
   1.2600000e+03   1.2336709e+01
   1.2700000e+03   1.2354671e+01
   1.2800000e+03   1.2376471e+01
   1.2900000e+03   1.2394457e+01
   1.3000000e+03   1.2377057e+01
   1.3100000e+03   1.2365774e+01
   1.3200000e+03   1.2279057e+01
   1.3300000e+03   1.2246890e+01
   1.3400000e+03   1.2261418e+01
   1.3500000e+03   1.2240288e+01
   1.3600000e+03   1.2317991e+01
   1.3700000e+03   1.2280123e+01
   1.3800000e+03   1.2300279e+01
   1.3900000e+03   1.2287181e+01
   1.4000000e+03   1.2298926e+01
   1.4100000e+03   1.2293491e+01
   1.4200000e+03   1.2171931e+01
   1.4300000e+03   1.2165025e+01
   1.4400000e+03   1.2215461e+01
   1.4500000e+03   1.2207218e+01
   1.4600000e+03   1.2159661e+01
   1.4700000e+03   1.2181805e+01
   1.4800000e+03   1.2172005e+01
   1.4900000e+03   1.2189331e+01
   1.5000000e+03   1.2134319e+01
   1.5100000e+03   1.2107462e+01
   1.5200000e+03   1.2105719e+01
   1.5300000e+03   1.2099598e+01
   1.5400000e+03   1.2070655e+01
   1.5500000e+03   1.2070860e+01
   1.5600000e+03   1.2033294e+01
   1.5700000e+03   1.2006923e+01
   1.5800000e+03   1.1994717e+01
   1.5900000e+03   1.1984805e+01
   1.6000000e+03   1.1974967e+01
   1.6100000e+03   1.1959523e+01
   1.6200000e+03   1.1967150e+01
   1.6300000e+03   1.1965001e+01
   1.6400000e+03   1.1968605e+01
   1.6500000e+03   1.1981787e+01
   1.6600000e+03   1.1963095e+01
   1.6700000e+03   1.1976069e+01
   1.6800000e+03   1.1962479e+01
   1.6900000e+03   1.1938255e+01
   1.7000000e+03   1.1945220e+01
   1.7100000e+03   1.1933249e+01
   1.7200000e+03   1.1940730e+01
   1.7300000e+03   1.1958758e+01
   1.7400000e+03   1.1936496e+01
   1.7500000e+03   1.1949667e+01
   1.7600000e+03   1.1961698e+01
   1.7700000e+03   1.1965572e+01
   1.7800000e+03   1.1954385e+01
   1.7900000e+03   1.1965949e+01
   1.8000000e+03   1.1999637e+01
   1.8100000e+03   1.1975623e+01
   1.8200000e+03   1.1950577e+01
   1.8300000e+03   1.1951116e+01
   1.8400000e+03   1.1952562e+01
   1.8500000e+03   1.2021682e+01
   1.8600000e+03   1.2071705e+01
   1.8700000e+03   1.2101015e+01
   1.8800000e+03   1.2101712e+01
   1.8900000e+03   1.2122964e+01
   1.9000000e+03   1.2133485e+01
   1.9100000e+03   1.2120657e+01
   1.9200000e+03   1.2140327e+01
   1.9300000e+03   1.2119945e+01
   1.9400000e+03   1.2140424e+01
   1.9500000e+03   1.2158647e+01
   1.9600000e+03   1.2158966e+01
   1.9700000e+03   1.2149573e+01
   1.9800000e+03   1.2093259e+01
   1.9900000e+03   1.2067469e+01
   2.0000000e+03   1.2083301e+01
   2.0100000e+03   1.2070682e+01
   2.0200000e+03   1.2093614e+01
   2.0300000e+03   1.2029156e+01
   2.0400000e+03   1.2027268e+01
   2.0500000e+03   1.2037692e+01
   2.0600000e+03   1.2018621e+01
   2.0700000e+03   1.2029082e+01
   2.0800000e+03   1.2022336e+01
   2.0900000e+03   1.1986095e+01
   2.1000000e+03   1.1999977e+01
   2.1100000e+03   1.1990115e+01
   2.1200000e+03   1.1970994e+01
   2.1300000e+03   1.1978718e+01
   2.1400000e+03   1.1953869e+01
   2.1500000e+03   1.1946483e+01
   2.1600000e+03   1.1962179e+01
   2.1700000e+03   1.1939966e+01
   2.1800000e+03   1.1949200e+01
   2.1900000e+03   1.1946696e+01
   2.2000000e+03   1.1969224e+01
   2.2100000e+03   1.1979364e+01
   2.2200000e+03   1.1972495e+01
   2.2300000e+03   1.1991307e+01
   2.2400000e+03   1.1987320e+01
   2.2500000e+03   1.1930854e+01
   2.2600000e+03   1.1993278e+01
   2.2700000e+03   1.1945777e+01
   2.2800000e+03   1.1999199e+01
   2.2900000e+03   1.1994880e+01
   2.3000000e+03   1.1998742e+01
   2.3100000e+03   1.2020191e+01
   2.3200000e+03   1.1998777e+01
   2.3300000e+03   1.1987161e+01
   2.3400000e+03   1.2016398e+01
   2.3500000e+03   1.2009688e+01
   2.3600000e+03   1.2006302e+01
   2.3700000e+03   1.1977971e+01
   2.3800000e+03   1.1955649e+01
   2.3900000e+03   1.1962897e+01
   2.4000000e+03   1.1935509e+01
   2.4100000e+03   1.1935692e+01
   2.4200000e+03   1.1931840e+01
   2.4300000e+03   1.1922151e+01
   2.4400000e+03   1.1912130e+01
   2.4500000e+03   1.1924859e+01
   2.4600000e+03   1.1904609e+01
   2.4700000e+03   1.1920455e+01
   2.4800000e+03   1.1908815e+01
   2.4900000e+03   1.1913917e+01
   2.5000000e+03   1.1939022e+01
   2.5100000e+03   1.1911070e+01
   2.5200000e+03   1.1919140e+01
   2.5300000e+03   1.1924413e+01
   2.5400000e+03   1.1912786e+01
   2.5500000e+03   1.1892928e+01
   2.5600000e+03   1.1902850e+01
   2.5700000e+03   1.1903917e+01
   2.5800000e+03   1.1900654e+01
   2.5900000e+03   1.1880441e+01
   2.6000000e+03   1.1895012e+01
   2.6100000e+03   1.1896202e+01
   2.6200000e+03   1.1877166e+01
   2.6300000e+03   1.1901720e+01
   2.6400000e+03   1.1895955e+01
   2.6500000e+03   1.1926150e+01
   2.6600000e+03   1.1915111e+01
   2.6700000e+03   1.1914412e+01
   2.6800000e+03   1.1933176e+01
   2.6900000e+03   1.1886900e+01
   2.7000000e+03   1.1876352e+01
   2.7100000e+03   1.1895030e+01
   2.7200000e+03   1.1898917e+01
   2.7300000e+03   1.1895089e+01
   2.7400000e+03   1.1914969e+01
   2.7500000e+03   1.1923480e+01
   2.7600000e+03   1.1950866e+01
   2.7700000e+03   1.1907130e+01
   2.7800000e+03   1.1911581e+01
   2.7900000e+03   1.1927561e+01
   2.8000000e+03   1.1931068e+01
   2.8100000e+03   1.1886472e+01
   2.8200000e+03   1.1912227e+01
   2.8300000e+03   1.1929569e+01
   2.8400000e+03   1.1921461e+01
   2.8500000e+03   1.1972382e+01
   2.8600000e+03   1.1978060e+01
   2.8700000e+03   1.2014152e+01
   2.8800000e+03   1.1989550e+01
   2.8900000e+03   1.1975163e+01
   2.9000000e+03   1.1951456e+01
   2.9100000e+03   1.2016627e+01
   2.9200000e+03   1.2062076e+01
   2.9300000e+03   1.2077319e+01
   2.9400000e+03   1.2082592e+01
   2.9500000e+03   1.2116414e+01
   2.9600000e+03   1.2094695e+01
   2.9700000e+03   1.2115554e+01
   2.9800000e+03   1.2096864e+01
   2.9900000e+03   1.2026041e+01
   3.0000000e+03   1.2083435e+01
   3.0100000e+03   1.2073514e+01
   3.0200000e+03   1.2105300e+01
   3.0300000e+03   1.2102246e+01
   3.0400000e+03   1.2083998e+01
   3.0500000e+03   1.2102147e+01
   3.0600000e+03   1.2089822e+01
   3.0700000e+03   1.2078993e+01
   3.0800000e+03   1.2076454e+01
   3.0900000e+03   1.2050602e+01
   3.1000000e+03   1.2006464e+01
   3.1100000e+03   1.1998100e+01
   3.1200000e+03   1.2006108e+01
   3.1300000e+03   1.1991869e+01
   3.1400000e+03   1.2000368e+01
   3.1500000e+03   1.1966665e+01
   3.1600000e+03   1.1971509e+01
   3.1700000e+03   1.1950365e+01
   3.1800000e+03   1.1956595e+01
   3.1900000e+03   1.1960949e+01
   3.2000000e+03   1.1943337e+01
   3.2100000e+03   1.1972943e+01
   3.2200000e+03   1.1929257e+01
   3.2300000e+03   1.1966578e+01
   3.2400000e+03   1.2006240e+01
   3.2500000e+03   1.1969546e+01
   3.2600000e+03   1.1976389e+01
   3.2700000e+03   1.1991106e+01
   3.2800000e+03   1.1972391e+01
   3.2900000e+03   1.2008459e+01
   3.3000000e+03   1.2013573e+01
   3.3100000e+03   1.2032251e+01
   3.3200000e+03   1.2054682e+01
   3.3300000e+03   1.2038101e+01
   3.3400000e+03   1.2039634e+01
   3.3500000e+03   1.2044233e+01
   3.3600000e+03   1.2054572e+01
   3.3700000e+03   1.2092773e+01
   3.3800000e+03   1.2055921e+01
   3.3900000e+03   1.2028352e+01
   3.4000000e+03   1.1999973e+01
   3.4100000e+03   1.2025568e+01
   3.4200000e+03   1.2033515e+01
   3.4300000e+03   1.2060029e+01
   3.4400000e+03   1.2052769e+01
   3.4500000e+03   1.2045583e+01
   3.4600000e+03   1.2067032e+01
   3.4700000e+03   1.2105969e+01
   3.4800000e+03   1.2131305e+01
   3.4900000e+03   1.2057970e+01
