   0.0000000e+00   2.0825001e+01
   1.0000000e+01   2.0803020e+01
   2.0000000e+01   2.0787745e+01
   3.0000000e+01   2.0800571e+01
   4.0000000e+01   2.0788648e+01
   5.0000000e+01   2.0796322e+01
   6.0000000e+01   2.0786863e+01
   7.0000000e+01   2.0790422e+01
   8.0000000e+01   2.0771891e+01
   9.0000000e+01   2.0732480e+01
   1.0000000e+02   2.0572906e+01
   1.1000000e+02   2.0227842e+01
   1.2000000e+02   1.9562479e+01
   1.3000000e+02   1.9340833e+01
   1.4000000e+02   1.9279586e+01
   1.5000000e+02   1.9060642e+01
   1.6000000e+02   1.8890289e+01
   1.7000000e+02   1.8726079e+01
   1.8000000e+02   1.8597870e+01
   1.9000000e+02   1.8491039e+01
   2.0000000e+02   1.8410689e+01
   2.1000000e+02   1.8365067e+01
   2.2000000e+02   1.8318227e+01
   2.3000000e+02   1.8271683e+01
   2.4000000e+02   1.8242543e+01
   2.5000000e+02   1.8196589e+01
   2.6000000e+02   1.8166957e+01
   2.7000000e+02   1.8107500e+01
   2.8000000e+02   1.8030792e+01
   2.9000000e+02   1.7966908e+01
   3.0000000e+02   1.7920593e+01
   3.1000000e+02   1.7929140e+01
   3.2000000e+02   1.7905031e+01
   3.3000000e+02   1.7901003e+01
   3.4000000e+02   1.7863623e+01
   3.5000000e+02   1.7847403e+01
   3.6000000e+02   1.7822364e+01
   3.7000000e+02   1.7787044e+01
   3.8000000e+02   1.7769089e+01
   3.9000000e+02   1.7755546e+01
   4.0000000e+02   1.7732651e+01
   4.1000000e+02   1.7708252e+01
   4.2000000e+02   1.7705276e+01
   4.3000000e+02   1.7654756e+01
   4.4000000e+02   1.7635736e+01
   4.5000000e+02   1.7622204e+01
   4.6000000e+02   1.7608587e+01
   4.7000000e+02   1.7591284e+01
   4.8000000e+02   1.7509924e+01
   4.9000000e+02   1.7490708e+01
   5.0000000e+02   1.7457156e+01
   5.1000000e+02   1.7438774e+01
   5.2000000e+02   1.7426142e+01
   5.3000000e+02   1.7390294e+01
   5.4000000e+02   1.7371803e+01
   5.5000000e+02   1.7345048e+01
   5.6000000e+02   1.7355976e+01
   5.7000000e+02   1.7343441e+01
   5.8000000e+02   1.7335627e+01
   5.9000000e+02   1.7338537e+01
   6.0000000e+02   1.7328502e+01
   6.1000000e+02   1.7334389e+01
   6.2000000e+02   1.7307636e+01
   6.3000000e+02   1.7331782e+01
   6.4000000e+02   1.7314369e+01
   6.5000000e+02   1.7319176e+01
   6.6000000e+02   1.7318424e+01
   6.7000000e+02   1.7310269e+01
   6.8000000e+02   1.7305609e+01
   6.9000000e+02   1.7291130e+01
   7.0000000e+02   1.7276514e+01
   7.1000000e+02   1.7291097e+01
   7.2000000e+02   1.7239205e+01
   7.3000000e+02   1.7230677e+01
   7.4000000e+02   1.7201635e+01
   7.5000000e+02   1.7192958e+01
   7.6000000e+02   1.7182558e+01
   7.7000000e+02   1.7189084e+01
   7.8000000e+02   1.7169327e+01
   7.9000000e+02   1.7168190e+01
   8.0000000e+02   1.7180260e+01
   8.1000000e+02   1.7183725e+01
   8.2000000e+02   1.7187870e+01
   8.3000000e+02   1.7175603e+01
   8.4000000e+02   1.7153155e+01
   8.5000000e+02   1.7162152e+01
   8.6000000e+02   1.7146168e+01
   8.7000000e+02   1.7112546e+01
   8.8000000e+02   1.7068230e+01
   8.9000000e+02   1.7076477e+01
   9.0000000e+02   1.7049236e+01
   9.1000000e+02   1.7067482e+01
   9.2000000e+02   1.7065253e+01
   9.3000000e+02   1.7054374e+01
   9.4000000e+02   1.7042570e+01
   9.5000000e+02   1.7046103e+01
   9.6000000e+02   1.7012208e+01
   9.7000000e+02   1.7061929e+01
   9.8000000e+02   1.7055396e+01
   9.9000000e+02   1.7052975e+01
   1.0000000e+03   1.7026906e+01
   1.0100000e+03   1.7017762e+01
   1.0200000e+03   1.7041801e+01
   1.0300000e+03   1.7018315e+01
   1.0400000e+03   1.7016085e+01
   1.0500000e+03   1.7015031e+01
   1.0600000e+03   1.7023567e+01
   1.0700000e+03   1.7014766e+01
   1.0800000e+03   1.7017960e+01
   1.0900000e+03   1.6963464e+01
   1.1000000e+03   1.7007503e+01
   1.1100000e+03   1.7018182e+01
   1.1200000e+03   1.6992155e+01
   1.1300000e+03   1.7006373e+01
   1.1400000e+03   1.7018829e+01
   1.1500000e+03   1.7005451e+01
   1.1600000e+03   1.7005080e+01
   1.1700000e+03   1.6997700e+01
   1.1800000e+03   1.6998121e+01
   1.1900000e+03   1.6991316e+01
   1.2000000e+03   1.7004579e+01
   1.2100000e+03   1.6988335e+01
   1.2200000e+03   1.7005463e+01
   1.2300000e+03   1.7014342e+01
   1.2400000e+03   1.7026948e+01
   1.2500000e+03   1.7032451e+01
   1.2600000e+03   1.7034924e+01
   1.2700000e+03   1.7023132e+01
   1.2800000e+03   1.7040207e+01
   1.2900000e+03   1.7041121e+01
   1.3000000e+03   1.7052075e+01
   1.3100000e+03   1.7059654e+01
   1.3200000e+03   1.7060184e+01
   1.3300000e+03   1.7070222e+01
   1.3400000e+03   1.7068388e+01
   1.3500000e+03   1.7056842e+01
   1.3600000e+03   1.7076509e+01
   1.3700000e+03   1.7082162e+01
   1.3800000e+03   1.7085451e+01
   1.3900000e+03   1.7073126e+01
   1.4000000e+03   1.7093721e+01
   1.4100000e+03   1.7084486e+01
   1.4200000e+03   1.7073582e+01
   1.4300000e+03   1.7084481e+01
   1.4400000e+03   1.7091255e+01
   1.4500000e+03   1.7082906e+01
   1.4600000e+03   1.7092508e+01
   1.4700000e+03   1.7107666e+01
   1.4800000e+03   1.7111036e+01
   1.4900000e+03   1.7115419e+01
   1.5000000e+03   1.7094038e+01
   1.5100000e+03   1.7129360e+01
   1.5200000e+03   1.7131079e+01
   1.5300000e+03   1.7126732e+01
   1.5400000e+03   1.7130267e+01
   1.5500000e+03   1.7136699e+01
   1.5600000e+03   1.7129007e+01
   1.5700000e+03   1.7130316e+01
   1.5800000e+03   1.7141610e+01
   1.5900000e+03   1.7159091e+01
   1.6000000e+03   1.7159239e+01
   1.6100000e+03   1.7140577e+01
   1.6200000e+03   1.7149399e+01
   1.6300000e+03   1.7166934e+01
   1.6400000e+03   1.7173051e+01
   1.6500000e+03   1.7170438e+01
   1.6600000e+03   1.7195036e+01
   1.6700000e+03   1.7190907e+01
   1.6800000e+03   1.7202268e+01
   1.6900000e+03   1.7202046e+01
   1.7000000e+03   1.7212028e+01
   1.7100000e+03   1.7208091e+01
   1.7200000e+03   1.7220941e+01
   1.7300000e+03   1.7221170e+01
   1.7400000e+03   1.7225510e+01
   1.7500000e+03   1.7263956e+01
   1.7600000e+03   1.7261058e+01
   1.7700000e+03   1.7266203e+01
   1.7800000e+03   1.7272620e+01
   1.7900000e+03   1.7279528e+01
   1.8000000e+03   1.7274949e+01
   1.8100000e+03   1.7270356e+01
   1.8200000e+03   1.7283450e+01
   1.8300000e+03   1.7284855e+01
   1.8400000e+03   1.7294098e+01
   1.8500000e+03   1.7307794e+01
   1.8600000e+03   1.7303655e+01
   1.8700000e+03   1.7295525e+01
   1.8800000e+03   1.7311176e+01
   1.8900000e+03   1.7312607e+01
   1.9000000e+03   1.7313221e+01
   1.9100000e+03   1.7335183e+01
   1.9200000e+03   1.7345657e+01
   1.9300000e+03   1.7347994e+01
   1.9400000e+03   1.7337889e+01
   1.9500000e+03   1.7343352e+01
   1.9600000e+03   1.7356751e+01
   1.9700000e+03   1.7359047e+01
   1.9800000e+03   1.7366247e+01
   1.9900000e+03   1.7369774e+01
   2.0000000e+03   1.7395027e+01
   2.0100000e+03   1.7381764e+01
   2.0200000e+03   1.7414281e+01
   2.0300000e+03   1.7400474e+01
   2.0400000e+03   1.7384019e+01
   2.0500000e+03   1.7380892e+01
   2.0600000e+03   1.7402241e+01
   2.0700000e+03   1.7385814e+01
   2.0800000e+03   1.7398462e+01
   2.0900000e+03   1.7405254e+01
   2.1000000e+03   1.7408491e+01
   2.1100000e+03   1.7421904e+01
   2.1200000e+03   1.7429224e+01
   2.1300000e+03   1.7446759e+01
   2.1400000e+03   1.7440489e+01
   2.1500000e+03   1.7429757e+01
   2.1600000e+03   1.7447659e+01
   2.1700000e+03   1.7449514e+01
   2.1800000e+03   1.7456902e+01
   2.1900000e+03   1.7472986e+01
   2.2000000e+03   1.7470596e+01
   2.2100000e+03   1.7481287e+01
   2.2200000e+03   1.7479769e+01
   2.2300000e+03   1.7498040e+01
   2.2400000e+03   1.7478373e+01
   2.2500000e+03   1.7508470e+01
   2.2600000e+03   1.7504071e+01
   2.2700000e+03   1.7512743e+01
   2.2800000e+03   1.7513522e+01
   2.2900000e+03   1.7510122e+01
   2.3000000e+03   1.7504322e+01
   2.3100000e+03   1.7516024e+01
   2.3200000e+03   1.7541845e+01
   2.3300000e+03   1.7522484e+01
   2.3400000e+03   1.7533463e+01
   2.3500000e+03   1.7539007e+01
   2.3600000e+03   1.7543076e+01
   2.3700000e+03   1.7555405e+01
   2.3800000e+03   1.7546733e+01
   2.3900000e+03   1.7567010e+01
   2.4000000e+03   1.7558120e+01
   2.4100000e+03   1.7568701e+01
   2.4200000e+03   1.7575936e+01
   2.4300000e+03   1.7562526e+01
   2.4400000e+03   1.7595840e+01
   2.4500000e+03   1.7575846e+01
   2.4600000e+03   1.7605024e+01
   2.4700000e+03   1.7591367e+01
   2.4800000e+03   1.7609306e+01
   2.4900000e+03   1.7591677e+01
   2.5000000e+03   1.7604878e+01
   2.5100000e+03   1.7607906e+01
   2.5200000e+03   1.7622895e+01
   2.5300000e+03   1.7619818e+01
   2.5400000e+03   1.7609123e+01
   2.5500000e+03   1.7613244e+01
   2.5600000e+03   1.7618444e+01
   2.5700000e+03   1.7628546e+01
   2.5800000e+03   1.7635370e+01
   2.5900000e+03   1.7630262e+01
   2.6000000e+03   1.7617098e+01
   2.6100000e+03   1.7611306e+01
   2.6200000e+03   1.7623089e+01
   2.6300000e+03   1.7636742e+01
   2.6400000e+03   1.7628208e+01
   2.6500000e+03   1.7626391e+01
   2.6600000e+03   1.7647977e+01
   2.6700000e+03   1.7659636e+01
   2.6800000e+03   1.7648317e+01
   2.6900000e+03   1.7641216e+01
   2.7000000e+03   1.7648696e+01
   2.7100000e+03   1.7654143e+01
   2.7200000e+03   1.7635325e+01
   2.7300000e+03   1.7659574e+01
   2.7400000e+03   1.7682935e+01
   2.7500000e+03   1.7664487e+01
   2.7600000e+03   1.7684664e+01
   2.7700000e+03   1.7682928e+01
   2.7800000e+03   1.7680153e+01
   2.7900000e+03   1.7684342e+01
   2.8000000e+03   1.7690687e+01
   2.8100000e+03   1.7680731e+01
   2.8200000e+03   1.7687513e+01
   2.8300000e+03   1.7682431e+01
   2.8400000e+03   1.7694661e+01
   2.8500000e+03   1.7698605e+01
   2.8600000e+03   1.7680266e+01
   2.8700000e+03   1.7684264e+01
   2.8800000e+03   1.7701342e+01
   2.8900000e+03   1.7701093e+01
   2.9000000e+03   1.7706432e+01
   2.9100000e+03   1.7695288e+01
   2.9200000e+03   1.7694495e+01
   2.9300000e+03   1.7691066e+01
   2.9400000e+03   1.7693030e+01
   2.9500000e+03   1.7711296e+01
   2.9600000e+03   1.7708716e+01
   2.9700000e+03   1.7721181e+01
   2.9800000e+03   1.7704275e+01
   2.9900000e+03   1.7711211e+01
   3.0000000e+03   1.7730447e+01
   3.0100000e+03   1.7726484e+01
   3.0200000e+03   1.7693864e+01
   3.0300000e+03   1.7711844e+01
   3.0400000e+03   1.7708549e+01
   3.0500000e+03   1.7724288e+01
   3.0600000e+03   1.7724817e+01
   3.0700000e+03   1.7736650e+01
   3.0800000e+03   1.7732046e+01
   3.0900000e+03   1.7715837e+01
   3.1000000e+03   1.7707382e+01
   3.1100000e+03   1.7721239e+01
   3.1200000e+03   1.7708047e+01
   3.1300000e+03   1.7718176e+01
   3.1400000e+03   1.7703072e+01
   3.1500000e+03   1.7704940e+01
   3.1600000e+03   1.7712488e+01
   3.1700000e+03   1.7706944e+01
   3.1800000e+03   1.7704306e+01
   3.1900000e+03   1.7704892e+01
   3.2000000e+03   1.7707418e+01
   3.2100000e+03   1.7705711e+01
   3.2200000e+03   1.7679086e+01
   3.2300000e+03   1.7701246e+01
   3.2400000e+03   1.7688875e+01
   3.2500000e+03   1.7705274e+01
   3.2600000e+03   1.7692998e+01
   3.2700000e+03   1.7710365e+01
   3.2800000e+03   1.7716536e+01
   3.2900000e+03   1.7713968e+01
   3.3000000e+03   1.7683725e+01
   3.3100000e+03   1.7688338e+01
   3.3200000e+03   1.7669126e+01
   3.3300000e+03   1.7666298e+01
   3.3400000e+03   1.7675351e+01
   3.3500000e+03   1.7676334e+01
   3.3600000e+03   1.7677767e+01
   3.3700000e+03   1.7665669e+01
   3.3800000e+03   1.7657094e+01
   3.3900000e+03   1.7646730e+01
   3.4000000e+03   1.7645692e+01
   3.4100000e+03   1.7658118e+01
   3.4200000e+03   1.7682407e+01
   3.4300000e+03   1.7665287e+01
   3.4400000e+03   1.7647508e+01
   3.4500000e+03   1.7640762e+01
   3.4600000e+03   1.7645090e+01
   3.4700000e+03   1.7675811e+01
   3.4800000e+03   1.7640718e+01
   3.4900000e+03   1.7646822e+01
