   0.0000000e+00   6.3316117e-03
   1.0000000e+01   2.8859562e-03
   2.0000000e+01  -6.1774250e-03
   3.0000000e+01  -1.2841901e-02
   4.0000000e+01  -1.3354201e-02
   5.0000000e+01  -1.6773804e-02
   6.0000000e+01   7.0507580e-02
   7.0000000e+01   1.0651054e-01
   8.0000000e+01   1.2690280e-01
   9.0000000e+01   1.5268556e-01
   1.0000000e+02   1.6504528e-01
   1.1000000e+02   1.9241660e-01
   1.2000000e+02   2.0836934e-01
   1.3000000e+02   2.2417484e-01
   1.4000000e+02   2.0691595e-01
   1.5000000e+02   2.5352563e-01
   1.6000000e+02   2.4131379e-01
   1.7000000e+02   2.2704807e-01
   1.8000000e+02   2.5281471e-01
   1.9000000e+02   2.5382990e-01
   2.0000000e+02   2.5743433e-01
   2.1000000e+02   2.5408649e-01
   2.2000000e+02   2.4191117e-01
   2.3000000e+02   2.1829347e-01
   2.4000000e+02   1.9880631e-01
   2.5000000e+02   2.0594343e-01
   2.6000000e+02   2.0748105e-01
   2.7000000e+02   1.7821348e-01
   2.8000000e+02   2.0851470e-01
   2.9000000e+02   1.5303790e-01
   3.0000000e+02   1.7307054e-01
   3.1000000e+02   1.6488972e-01
   3.2000000e+02   1.6504506e-01
   3.3000000e+02   1.4798844e-01
   3.4000000e+02   1.5754593e-01
   3.5000000e+02   1.3337509e-01
   3.6000000e+02   1.3523037e-01
   3.7000000e+02   1.4147345e-01
   3.8000000e+02   1.0094390e-01
   3.9000000e+02   9.9779692e-02
   4.0000000e+02   1.0583942e-01
   4.1000000e+02   1.3070188e-01
   4.2000000e+02   1.1613813e-01
   4.3000000e+02   1.1921391e-01
   4.4000000e+02   9.6068071e-02
   4.5000000e+02   7.9243018e-02
   4.6000000e+02   9.9751890e-02
   4.7000000e+02   8.1105225e-02
   4.8000000e+02   8.1224289e-02
   4.9000000e+02   1.0568456e-01
   5.0000000e+02   4.8616062e-02
   5.1000000e+02   6.3761365e-02
   5.2000000e+02   2.6018939e-02
   5.3000000e+02   1.8119337e-02
   5.4000000e+02   2.9450090e-02
   5.5000000e+02   2.3738551e-02
   5.6000000e+02   7.4138290e-03
   5.7000000e+02  -3.7711902e-04
   5.8000000e+02   4.5949604e-03
   5.9000000e+02  -7.1383240e-04
   6.0000000e+02  -3.1808348e-02
   6.1000000e+02  -2.8095029e-02
   6.2000000e+02  -3.4956915e-02
   6.3000000e+02  -3.7454709e-02
   6.4000000e+02  -3.5953827e-02
   6.5000000e+02  -3.9257279e-02
   6.6000000e+02  -3.8341948e-02
   6.7000000e+02  -5.3161300e-02
   6.8000000e+02  -5.5670410e-02
   6.9000000e+02  -2.9397810e-02
   7.0000000e+02  -8.7805785e-02
   7.1000000e+02  -9.8543215e-02
   7.2000000e+02  -8.6879871e-02
   7.3000000e+02  -1.3526416e-01
   7.4000000e+02  -1.2822323e-01
   7.5000000e+02  -7.7447970e-02
   7.6000000e+02  -1.4341480e-01
   7.7000000e+02  -1.5251421e-01
   7.8000000e+02  -1.3070318e-01
   7.9000000e+02  -1.6068761e-01
   8.0000000e+02  -1.5144596e-01
   8.1000000e+02  -1.1605105e-01
   8.2000000e+02  -1.0976881e-01
   8.3000000e+02  -1.1939428e-01
   8.4000000e+02  -1.2893449e-01
   8.5000000e+02  -1.6252624e-01
   8.6000000e+02  -1.4323312e-01
   8.7000000e+02  -1.6907401e-01
   8.8000000e+02  -1.7045883e-01
   8.9000000e+02  -1.7065764e-01
   9.0000000e+02  -1.4825967e-01
   9.1000000e+02  -7.8434170e-02
   9.2000000e+02  -8.5637942e-02
   9.3000000e+02  -1.4381584e-01
   9.4000000e+02  -2.3335961e-02
   9.5000000e+02  -1.2325389e-01
   9.6000000e+02  -1.4937305e-01
   9.7000000e+02  -3.7744359e-02
   9.8000000e+02  -1.0408755e-01
   9.9000000e+02  -1.4811909e-01
   1.0000000e+03  -9.6179017e-02
   1.0100000e+03  -1.6161873e-01
   1.0200000e+03  -4.2309432e-02
   1.0300000e+03  -1.3612610e-01
   1.0400000e+03  -1.4574934e-01
   1.0500000e+03  -2.6576246e-02
   1.0600000e+03  -1.6450846e-01
   1.0700000e+03  -1.2255793e-01
   1.0800000e+03  -4.1092786e-02
   1.0900000e+03  -1.6950124e-01
   1.1000000e+03  -2.3955051e-02
   1.1100000e+03  -1.7161938e-01
   1.1200000e+03  -1.4805821e-01
   1.1300000e+03  -6.4036151e-02
   1.1400000e+03  -1.9229908e-01
   1.1500000e+03  -1.1146566e-01
   1.1600000e+03  -7.6412790e-02
   1.1700000e+03  -2.2221276e-01
   1.1800000e+03  -3.0885806e-02
   1.1900000e+03  -2.1545567e-01
   1.2000000e+03  -1.4142034e-01
   1.2100000e+03  -6.5150685e-02
   1.2200000e+03  -2.1227021e-01
   1.2300000e+03  -7.0937336e-02
   1.2400000e+03  -1.0205574e-01
   1.2500000e+03  -1.9698940e-01
   1.2600000e+03  -4.3504638e-02
   1.2700000e+03  -1.0550720e-01
   1.2800000e+03  -1.2535266e-01
   1.2900000e+03  -1.2786003e-01
   1.3000000e+03  -2.1049486e-01
   1.3100000e+03  -1.0419184e-01
   1.3200000e+03  -1.4373601e-01
   1.3300000e+03  -2.4434816e-01
   1.3400000e+03  -8.7448427e-02
   1.3500000e+03  -1.8123289e-01
   1.3600000e+03  -2.0829509e-01
   1.3700000e+03  -1.9238965e-01
   1.3800000e+03  -2.2595795e-01
   1.3900000e+03  -9.7535879e-02
   1.4000000e+03  -1.9919569e-01
   1.4100000e+03  -2.5898079e-01
   1.4200000e+03  -1.0883999e-01
   1.4300000e+03  -2.3211960e-01
   1.4400000e+03  -2.4153675e-01
   1.4500000e+03  -1.1477587e-01
   1.4600000e+03  -2.3142809e-01
   1.4700000e+03  -7.9248936e-02
   1.4800000e+03  -2.4374599e-01
   1.4900000e+03  -2.3669178e-01
   1.5000000e+03  -1.2961578e-01
   1.5100000e+03  -2.8092307e-01
   1.5200000e+03  -2.3596056e-01
   1.5300000e+03  -1.2241697e-01
   1.5400000e+03  -2.9694664e-01
   1.5500000e+03  -1.1506136e-01
   1.5600000e+03  -2.8866125e-01
   1.5700000e+03  -1.9344355e-01
   1.5800000e+03  -1.5914848e-01
   1.5900000e+03  -3.1191639e-01
   1.6000000e+03  -1.7047624e-01
   1.6100000e+03  -1.7332784e-01
   1.6200000e+03  -3.1581242e-01
   1.6300000e+03  -1.9760375e-01
   1.6400000e+03  -3.4201069e-01
   1.6500000e+03  -2.1711089e-01
   1.6600000e+03  -1.8370665e-01
   1.6700000e+03  -2.9321075e-01
   1.6800000e+03  -1.7944150e-01
   1.6900000e+03  -2.0150180e-01
   1.7000000e+03  -3.6997532e-01
   1.7100000e+03  -1.5096719e-01
   1.7200000e+03  -2.4712728e-01
   1.7300000e+03  -1.9221232e-01
   1.7400000e+03  -2.1533633e-01
   1.7500000e+03  -3.4137644e-01
   1.7600000e+03  -1.3863502e-01
   1.7700000e+03  -2.5163263e-01
   1.7800000e+03  -2.7440327e-01
   1.7900000e+03  -1.1465007e-01
   1.8000000e+03  -2.5391211e-01
   1.8100000e+03  -2.8343237e-01
   1.8200000e+03  -2.4427894e-01
   1.8300000e+03  -2.8463358e-01
   1.8400000e+03  -1.5726785e-01
   1.8500000e+03  -2.5865004e-01
   1.8600000e+03  -2.3897614e-01
   1.8700000e+03  -1.2193412e-01
   1.8800000e+03  -2.3414782e-01
   1.8900000e+03  -1.6602754e-01
   1.9000000e+03  -1.0884199e-01
   1.9100000e+03  -2.3082333e-01
   1.9200000e+03  -1.0759548e-01
   1.9300000e+03  -2.5197890e-01
   1.9400000e+03  -1.6790063e-01
   1.9500000e+03  -1.0605564e-01
   1.9600000e+03  -2.6813317e-01
   1.9700000e+03  -1.6667801e-01
   1.9800000e+03  -1.6288765e-01
   1.9900000e+03  -2.5876641e-01
   2.0000000e+03  -1.3099950e-01
   2.0100000e+03  -2.4580484e-01
   2.0200000e+03  -1.6625089e-01
   2.0300000e+03  -1.2620676e-01
   2.0400000e+03  -3.3533060e-01
   2.0500000e+03  -1.6392813e-01
   2.0600000e+03  -2.0570998e-01
   2.0700000e+03  -3.2562163e-01
   2.0800000e+03  -1.6924804e-01
   2.0900000e+03  -3.1992413e-01
   2.1000000e+03  -1.7969217e-01
   2.1100000e+03  -2.4017231e-01
   2.1200000e+03  -3.2940564e-01
   2.1300000e+03  -1.9020049e-01
   2.1400000e+03  -2.5331086e-01
   2.1500000e+03  -2.9413207e-01
   2.1600000e+03  -1.5255890e-01
   2.1700000e+03  -3.0155908e-01
   2.1800000e+03  -1.9105494e-01
   2.1900000e+03  -2.6371549e-01
   2.2000000e+03  -3.5370870e-01
   2.2100000e+03  -1.6585935e-01
   2.2200000e+03  -3.0839179e-01
   2.2300000e+03  -3.1681848e-01
   2.2400000e+03  -1.7070537e-01
   2.2500000e+03  -3.5874166e-01
   2.2600000e+03  -2.8929530e-01
   2.2700000e+03  -3.2829395e-01
   2.2800000e+03  -3.5053975e-01
   2.2900000e+03  -1.3993565e-01
   2.3000000e+03  -3.1544555e-01
   2.3100000e+03  -3.0056462e-01
   2.3200000e+03  -1.5022225e-01
   2.3300000e+03  -3.2141687e-01
   2.3400000e+03  -2.5671672e-01
   2.3500000e+03  -1.7674729e-01
   2.3600000e+03  -2.8072331e-01
   2.3700000e+03  -1.7212760e-01
   2.3800000e+03  -3.7026517e-01
   2.3900000e+03  -2.7799893e-01
   2.4000000e+03  -2.0168436e-01
   2.4100000e+03  -3.6390835e-01
   2.4200000e+03  -2.2694855e-01
   2.4300000e+03  -2.5868104e-01
   2.4400000e+03  -3.8275562e-01
   2.4500000e+03  -2.4575757e-01
   2.4600000e+03  -4.0047826e-01
   2.4700000e+03  -2.4248199e-01
   2.4800000e+03  -2.5548089e-01
   2.4900000e+03  -3.6610317e-01
   2.5000000e+03  -2.3930440e-01
   2.5100000e+03  -2.5997068e-01
   2.5200000e+03  -3.7901895e-01
   2.5300000e+03  -2.3807093e-01
   2.5400000e+03  -3.0658736e-01
   2.5500000e+03  -2.5738067e-01
   2.5600000e+03  -3.0673536e-01
   2.5700000e+03  -3.9140989e-01
   2.5800000e+03  -2.2133308e-01
   2.5900000e+03  -3.3163380e-01
   2.6000000e+03  -3.8565032e-01
   2.6100000e+03  -2.2670142e-01
   2.6200000e+03  -3.5209326e-01
   2.6300000e+03  -3.4922009e-01
   2.6400000e+03  -3.1430677e-01
   2.6500000e+03  -3.4809608e-01
   2.6600000e+03  -1.9599980e-01
   2.6700000e+03  -3.5468884e-01
   2.6800000e+03  -3.2110866e-01
   2.6900000e+03  -1.7742789e-01
   2.7000000e+03  -3.7497948e-01
   2.7100000e+03  -2.7712462e-01
   2.7200000e+03  -2.2352955e-01
   2.7300000e+03  -3.2214066e-01
   2.7400000e+03  -1.8498973e-01
   2.7500000e+03  -3.8166153e-01
   2.7600000e+03  -2.8209422e-01
   2.7700000e+03  -1.8746193e-01
   2.7800000e+03  -3.6006712e-01
   2.7900000e+03  -2.5793343e-01
   2.8000000e+03  -2.1586968e-01
   2.8100000e+03  -3.6442343e-01
   2.8200000e+03  -2.2164342e-01
   2.8300000e+03  -3.5979041e-01
   2.8400000e+03  -2.4751976e-01
   2.8500000e+03  -2.0325533e-01
   2.8600000e+03  -3.8137788e-01
   2.8700000e+03  -2.1341820e-01
   2.8800000e+03  -2.3864535e-01
   2.8900000e+03  -3.0666021e-01
   2.9000000e+03  -1.7393655e-01
   2.9100000e+03  -3.3153486e-01
   2.9200000e+03  -1.8584767e-01
   2.9300000e+03  -1.7971029e-01
   2.9400000e+03  -2.5623333e-01
   2.9500000e+03  -1.3956910e-01
   2.9600000e+03  -2.5136780e-01
   2.9700000e+03  -2.5031666e-01
   2.9800000e+03  -1.2351657e-01
   2.9900000e+03  -2.5383931e-01
   3.0000000e+03  -1.3527975e-01
   3.0100000e+03  -2.4460761e-01
   3.0200000e+03  -2.5450053e-01
   3.0300000e+03  -1.4951320e-01
   3.0400000e+03  -2.5064942e-01
   3.0500000e+03  -2.2325881e-01
   3.0600000e+03  -1.3471935e-01
   3.0700000e+03  -2.8026753e-01
   3.0800000e+03  -2.1844203e-01
   3.0900000e+03  -2.7326124e-01
   3.1000000e+03  -2.6615679e-01
   3.1100000e+03  -1.4950359e-01
   3.1200000e+03  -3.2134500e-01
   3.1300000e+03  -2.1588777e-01
   3.1400000e+03  -1.6559564e-01
   3.1500000e+03  -3.4952161e-01
   3.1600000e+03  -2.0412555e-01
   3.1700000e+03  -1.9337764e-01
   3.1800000e+03  -2.4850146e-01
   3.1900000e+03  -1.3473528e-01
   3.2000000e+03  -3.5419422e-01
   3.2100000e+03  -2.0548375e-01
   3.2200000e+03  -2.3440295e-01
   3.2300000e+03  -3.4519398e-01
   3.2400000e+03  -1.4673084e-01
   3.2500000e+03  -2.3117514e-01
   3.2600000e+03  -3.1589383e-01
   3.2700000e+03  -1.9318342e-01
   3.2800000e+03  -3.4729799e-01
   3.2900000e+03  -2.1189214e-01
   3.3000000e+03  -2.2166233e-01
   3.3100000e+03  -3.1711720e-01
   3.3200000e+03  -1.5000853e-01
   3.3300000e+03  -2.4646096e-01
   3.3400000e+03  -2.8303592e-01
   3.3500000e+03  -1.5601209e-01
   3.3600000e+03  -2.9881069e-01
   3.3700000e+03  -1.4362572e-01
   3.3800000e+03  -2.1219779e-01
   3.3900000e+03  -2.6361689e-01
   3.4000000e+03  -1.1232415e-01
   3.4100000e+03  -2.8079766e-01
   3.4200000e+03  -2.5963024e-01
   3.4300000e+03  -1.4305059e-01
   3.4400000e+03  -2.9665787e-01
   3.4500000e+03  -1.7906004e-01
   3.4600000e+03  -2.8382982e-01
   3.4700000e+03  -2.9751345e-01
   3.4800000e+03  -1.4284209e-01
   3.4900000e+03  -2.8729002e-01
