   0.0000000e+00   4.8846954e-04
   1.0000000e+01   1.9209038e-03
   2.0000000e+01  -1.2252541e-02
   3.0000000e+01   4.3118545e-03
   4.0000000e+01  -8.9761663e-03
   5.0000000e+01  -4.4978903e-03
   6.0000000e+01   1.3561456e-02
   7.0000000e+01  -7.8087885e-03
   8.0000000e+01   1.7694853e-02
   9.0000000e+01   1.9005324e-03
   1.0000000e+02   2.1926618e-02
   1.1000000e+02   7.2295322e-02
   1.2000000e+02   8.3371352e-02
   1.3000000e+02   1.2147545e-01
   1.4000000e+02   1.3835862e-01
   1.5000000e+02   1.4455663e-01
   1.6000000e+02   1.5464117e-01
   1.7000000e+02   1.4223303e-01
   1.8000000e+02   1.5267155e-01
   1.9000000e+02   1.6878353e-01
   2.0000000e+02   1.5311073e-01
   2.1000000e+02   1.8576246e-01
   2.2000000e+02   1.7381913e-01
   2.3000000e+02   1.7876851e-01
   2.4000000e+02   1.8645524e-01
   2.5000000e+02   1.8244408e-01
   2.6000000e+02   1.7771082e-01
   2.7000000e+02   2.0511362e-01
   2.8000000e+02   2.0963394e-01
   2.9000000e+02   2.2244114e-01
   3.0000000e+02   2.1831862e-01
   3.1000000e+02   2.1060282e-01
   3.2000000e+02   2.5674260e-01
   3.3000000e+02   2.4433254e-01
   3.4000000e+02   2.3414841e-01
   3.5000000e+02   2.5619641e-01
   3.6000000e+02   2.4249126e-01
   3.7000000e+02   2.5662986e-01
   3.8000000e+02   2.3631046e-01
   3.9000000e+02   2.5140341e-01
   4.0000000e+02   2.5978467e-01
   4.1000000e+02   2.8185666e-01
   4.2000000e+02   2.7728124e-01
   4.3000000e+02   3.0311553e-01
   4.4000000e+02   2.8601174e-01
   4.5000000e+02   2.9264549e-01
   4.6000000e+02   3.1895619e-01
   4.7000000e+02   2.9357840e-01
   4.8000000e+02   3.2179748e-01
   4.9000000e+02   2.9376870e-01
   5.0000000e+02   2.9918223e-01
   5.1000000e+02   2.9365553e-01
   5.2000000e+02   2.7659006e-01
   5.3000000e+02   2.8494879e-01
   5.4000000e+02   2.9906372e-01
   5.5000000e+02   2.9381798e-01
   5.6000000e+02   3.0768754e-01
   5.7000000e+02   2.7272705e-01
   5.8000000e+02   2.8536175e-01
   5.9000000e+02   2.9561400e-01
   6.0000000e+02   2.8078402e-01
   6.1000000e+02   2.9285682e-01
   6.2000000e+02   2.8390668e-01
   6.3000000e+02   2.9557590e-01
   6.4000000e+02   3.0055986e-01
   6.5000000e+02   2.9656064e-01
   6.6000000e+02   3.0746171e-01
   6.7000000e+02   2.9218220e-01
   6.8000000e+02   2.7829427e-01
   6.9000000e+02   3.1802886e-01
   7.0000000e+02   2.8797094e-01
   7.1000000e+02   3.0974965e-01
   7.2000000e+02   3.1653223e-01
   7.3000000e+02   2.8651083e-01
   7.4000000e+02   2.9842622e-01
   7.5000000e+02   2.9159072e-01
   7.6000000e+02   2.8765246e-01
   7.7000000e+02   3.0642440e-01
   7.8000000e+02   3.0221743e-01
   7.9000000e+02   3.2194166e-01
   8.0000000e+02   3.2328391e-01
   8.1000000e+02   2.8760304e-01
   8.2000000e+02   3.3963250e-01
   8.3000000e+02   3.1120001e-01
   8.4000000e+02   3.0421773e-01
   8.5000000e+02   3.0547321e-01
   8.6000000e+02   2.8945973e-01
   8.7000000e+02   3.2075769e-01
   8.8000000e+02   3.1774782e-01
   8.9000000e+02   3.0500860e-01
   9.0000000e+02   3.0905172e-01
   9.1000000e+02   2.6366533e-01
   9.2000000e+02   3.0778782e-01
   9.3000000e+02   2.8725156e-01
   9.4000000e+02   2.9413108e-01
   9.5000000e+02   2.9782022e-01
   9.6000000e+02   2.7658712e-01
   9.7000000e+02   2.9273175e-01
   9.8000000e+02   3.0490389e-01
   9.9000000e+02   2.6831889e-01
   1.0000000e+03   3.0932628e-01
   1.0100000e+03   2.8408592e-01
   1.0200000e+03   2.8654231e-01
   1.0300000e+03   3.1723285e-01
   1.0400000e+03   2.8253192e-01
   1.0500000e+03   3.3269324e-01
   1.0600000e+03   3.2021238e-01
   1.0700000e+03   2.7854373e-01
   1.0800000e+03   3.3072142e-01
   1.0900000e+03   2.7411616e-01
   1.1000000e+03   3.4297711e-01
   1.1100000e+03   3.4306169e-01
   1.1200000e+03   2.9113894e-01
   1.1300000e+03   3.5515959e-01
   1.1400000e+03   3.3794988e-01
   1.1500000e+03   3.1564236e-01
   1.1600000e+03   3.8319384e-01
   1.1700000e+03   3.2616298e-01
   1.1800000e+03   3.6693426e-01
   1.1900000e+03   3.2548578e-01
   1.2000000e+03   3.2401653e-01
   1.2100000e+03   3.8330527e-01
   1.2200000e+03   3.2123854e-01
   1.2300000e+03   3.4082959e-01
   1.2400000e+03   3.5895391e-01
   1.2500000e+03   3.3813834e-01
   1.2600000e+03   3.4642398e-01
   1.2700000e+03   3.7129483e-01
   1.2800000e+03   3.4890264e-01
   1.2900000e+03   3.7658512e-01
   1.3000000e+03   3.2347757e-01
   1.3100000e+03   3.5449638e-01
   1.3200000e+03   4.1412569e-01
   1.3300000e+03   3.5768194e-01
   1.3400000e+03   3.7007239e-01
   1.3500000e+03   3.7385909e-01
   1.3600000e+03   3.5215018e-01
   1.3700000e+03   3.8291049e-01
   1.3800000e+03   3.2520619e-01
   1.3900000e+03   3.8971285e-01
   1.4000000e+03   3.5729768e-01
   1.4100000e+03   3.4653975e-01
   1.4200000e+03   3.5867447e-01
   1.4300000e+03   3.7849672e-01
   1.4400000e+03   3.3564397e-01
   1.4500000e+03   3.7991075e-01
   1.4600000e+03   3.4853463e-01
   1.4700000e+03   3.7176665e-01
   1.4800000e+03   3.6896601e-01
   1.4900000e+03   3.4095114e-01
   1.5000000e+03   3.9944516e-01
   1.5100000e+03   4.1703187e-01
   1.5200000e+03   3.9160958e-01
   1.5300000e+03   4.4286577e-01
   1.5400000e+03   4.2679283e-01
   1.5500000e+03   4.6531135e-01
   1.5600000e+03   4.4575503e-01
   1.5700000e+03   4.0600757e-01
   1.5800000e+03   4.7349144e-01
   1.5900000e+03   4.3064082e-01
   1.6000000e+03   4.2292633e-01
   1.6100000e+03   4.8718356e-01
   1.6200000e+03   4.3464221e-01
   1.6300000e+03   4.1160237e-01
   1.6400000e+03   4.0915616e-01
   1.6500000e+03   4.0464442e-01
   1.6600000e+03   4.6473570e-01
   1.6700000e+03   4.4747778e-01
   1.6800000e+03   4.4949343e-01
   1.6900000e+03   4.7063469e-01
   1.7000000e+03   4.3879711e-01
   1.7100000e+03   4.3499538e-01
   1.7200000e+03   4.6265133e-01
   1.7300000e+03   4.3463918e-01
   1.7400000e+03   4.8049232e-01
   1.7500000e+03   4.4160291e-01
   1.7600000e+03   4.5568114e-01
   1.7700000e+03   4.7347398e-01
   1.7800000e+03   4.5025205e-01
   1.7900000e+03   4.5550545e-01
   1.8000000e+03   4.9348707e-01
   1.8100000e+03   4.0848642e-01
   1.8200000e+03   4.7641160e-01
   1.8300000e+03   4.3724113e-01
   1.8400000e+03   4.7629992e-01
   1.8500000e+03   4.2535994e-01
   1.8600000e+03   4.1274590e-01
   1.8700000e+03   4.4892138e-01
   1.8800000e+03   4.5472512e-01
   1.8900000e+03   4.4130545e-01
   1.9000000e+03   4.5480911e-01
   1.9100000e+03   4.2762858e-01
   1.9200000e+03   4.6998730e-01
   1.9300000e+03   4.3829709e-01
   1.9400000e+03   4.4407743e-01
   1.9500000e+03   4.6734676e-01
   1.9600000e+03   4.2772477e-01
   1.9700000e+03   4.4320959e-01
   1.9800000e+03   4.4723030e-01
   1.9900000e+03   4.3197774e-01
   2.0000000e+03   4.4821965e-01
   2.0100000e+03   4.4632541e-01
   2.0200000e+03   4.2320207e-01
   2.0300000e+03   4.8760836e-01
   2.0400000e+03   4.5670104e-01
   2.0500000e+03   4.5129887e-01
   2.0600000e+03   5.0009785e-01
   2.0700000e+03   4.5409708e-01
   2.0800000e+03   4.6409363e-01
   2.0900000e+03   4.8742313e-01
   2.1000000e+03   4.7432095e-01
   2.1100000e+03   4.7494303e-01
   2.1200000e+03   4.9350508e-01
   2.1300000e+03   4.5011804e-01
   2.1400000e+03   4.9896412e-01
   2.1500000e+03   4.5096893e-01
   2.1600000e+03   4.6869976e-01
   2.1700000e+03   4.9788175e-01
   2.1800000e+03   4.4787079e-01
   2.1900000e+03   4.6488115e-01
   2.2000000e+03   4.5226687e-01
   2.2100000e+03   4.4031253e-01
   2.2200000e+03   4.6295696e-01
   2.2300000e+03   4.0437804e-01
   2.2400000e+03   4.4986574e-01
   2.2500000e+03   4.5095243e-01
   2.2600000e+03   4.1864944e-01
   2.2700000e+03   4.6071462e-01
   2.2800000e+03   4.2872991e-01
   2.2900000e+03   4.3812664e-01
   2.3000000e+03   4.5312105e-01
   2.3100000e+03   4.0924418e-01
   2.3200000e+03   4.7962672e-01
   2.3300000e+03   4.7223147e-01
   2.3400000e+03   4.3425851e-01
   2.3500000e+03   4.9560809e-01
   2.3600000e+03   4.2512671e-01
   2.3700000e+03   4.6748503e-01
   2.3800000e+03   4.8610931e-01
   2.3900000e+03   4.3156493e-01
   2.4000000e+03   4.7277426e-01
   2.4100000e+03   4.7388581e-01
   2.4200000e+03   4.3939642e-01
   2.4300000e+03   4.7362792e-01
   2.4400000e+03   4.4320844e-01
   2.4500000e+03   4.5775075e-01
   2.4600000e+03   4.6102510e-01
   2.4700000e+03   4.3153419e-01
   2.4800000e+03   4.8239903e-01
   2.4900000e+03   4.5636698e-01
   2.5000000e+03   4.4864255e-01
   2.5100000e+03   4.9672005e-01
   2.5200000e+03   4.6830555e-01
   2.5300000e+03   4.4174809e-01
   2.5400000e+03   5.1746949e-01
   2.5500000e+03   4.5588683e-01
   2.5600000e+03   5.0176446e-01
   2.5700000e+03   4.7542798e-01
   2.5800000e+03   4.6265653e-01
   2.5900000e+03   4.8268697e-01
   2.6000000e+03   4.4495979e-01
   2.6100000e+03   4.6077420e-01
   2.6200000e+03   4.8592528e-01
   2.6300000e+03   4.0775642e-01
   2.6400000e+03   4.9721647e-01
   2.6500000e+03   4.5903696e-01
   2.6600000e+03   4.5871848e-01
   2.6700000e+03   5.0608687e-01
   2.6800000e+03   4.3979853e-01
   2.6900000e+03   4.8238907e-01
   2.7000000e+03   4.9463356e-01
   2.7100000e+03   4.1989936e-01
   2.7200000e+03   4.7950190e-01
   2.7300000e+03   4.3505181e-01
   2.7400000e+03   4.5788038e-01
   2.7500000e+03   4.8400869e-01
   2.7600000e+03   4.3118731e-01
   2.7700000e+03   4.5610607e-01
   2.7800000e+03   4.4033952e-01
   2.7900000e+03   4.1516222e-01
   2.8000000e+03   4.7020678e-01
   2.8100000e+03   4.6036768e-01
   2.8200000e+03   4.4911066e-01
   2.8300000e+03   4.3411421e-01
   2.8400000e+03   4.3416206e-01
   2.8500000e+03   4.6981092e-01
   2.8600000e+03   4.1788116e-01
   2.8700000e+03   4.2598340e-01
   2.8800000e+03   4.8622155e-01
   2.8900000e+03   4.5423827e-01
   2.9000000e+03   4.8773617e-01
   2.9100000e+03   4.5979778e-01
   2.9200000e+03   4.6422122e-01
   2.9300000e+03   4.8034009e-01
   2.9400000e+03   4.4820969e-01
   2.9500000e+03   4.6055263e-01
   2.9600000e+03   4.6723697e-01
   2.9700000e+03   4.6503666e-01
   2.9800000e+03   4.8193803e-01
   2.9900000e+03   5.1213559e-01
   3.0000000e+03   4.5601613e-01
   3.0100000e+03   4.8072713e-01
   3.0200000e+03   4.5342461e-01
   3.0300000e+03   4.7035073e-01
   3.0400000e+03   4.6423969e-01
   3.0500000e+03   4.3217039e-01
   3.0600000e+03   4.7724237e-01
   3.0700000e+03   4.7666761e-01
   3.0800000e+03   4.5091709e-01
   3.0900000e+03   4.8250868e-01
   3.1000000e+03   4.4549024e-01
   3.1100000e+03   4.6827051e-01
   3.1200000e+03   4.8623537e-01
   3.1300000e+03   4.4093081e-01
   3.1400000e+03   5.0303859e-01
   3.1500000e+03   4.7502759e-01
   3.1600000e+03   4.4595287e-01
   3.1700000e+03   4.9570507e-01
   3.1800000e+03   4.4409469e-01
   3.1900000e+03   5.0532254e-01
   3.2000000e+03   4.8777312e-01
   3.2100000e+03   4.6642268e-01
   3.2200000e+03   5.0601876e-01
   3.2300000e+03   4.8887262e-01
   3.2400000e+03   4.5919949e-01
   3.2500000e+03   5.0018900e-01
   3.2600000e+03   4.7333920e-01
   3.2700000e+03   4.9589919e-01
   3.2800000e+03   4.8909199e-01
   3.2900000e+03   4.6651945e-01
   3.3000000e+03   5.1712651e-01
   3.3100000e+03   4.9464005e-01
   3.3200000e+03   4.7682172e-01
   3.3300000e+03   5.2183139e-01
   3.3400000e+03   4.8063472e-01
   3.3500000e+03   5.2027942e-01
   3.3600000e+03   4.8692868e-01
   3.3700000e+03   5.1524459e-01
   3.3800000e+03   5.4492858e-01
   3.3900000e+03   4.7148137e-01
   3.4000000e+03   5.1657684e-01
   3.4100000e+03   5.0980661e-01
   3.4200000e+03   4.7175046e-01
   3.4300000e+03   5.0815697e-01
   3.4400000e+03   4.8095315e-01
   3.4500000e+03   4.6543244e-01
   3.4600000e+03   4.8843271e-01
   3.4700000e+03   4.6384392e-01
   3.4800000e+03   4.9768429e-01
   3.4900000e+03   5.2305491e-01
