   0.0000000e+00   2.1135420e+01
   1.0000000e+01   2.1123398e+01
   2.0000000e+01   2.1114377e+01
   3.0000000e+01   2.1119099e+01
   4.0000000e+01   2.1110882e+01
   5.0000000e+01   2.1103972e+01
   6.0000000e+01   2.1109560e+01
   7.0000000e+01   2.1108258e+01
   8.0000000e+01   2.1100610e+01
   9.0000000e+01   2.1098939e+01
   1.0000000e+02   2.1120891e+01
   1.1000000e+02   2.1084338e+01
   1.2000000e+02   2.1028394e+01
   1.3000000e+02   2.0995230e+01
   1.4000000e+02   2.0928050e+01
   1.5000000e+02   2.0802484e+01
   1.6000000e+02   2.0748380e+01
   1.7000000e+02   2.0669636e+01
   1.8000000e+02   2.0603693e+01
   1.9000000e+02   2.0544745e+01
   2.0000000e+02   2.0481900e+01
   2.1000000e+02   2.0409028e+01
   2.2000000e+02   2.0367825e+01
   2.3000000e+02   2.0305147e+01
   2.4000000e+02   2.0243859e+01
   2.5000000e+02   2.0210025e+01
   2.6000000e+02   2.0161216e+01
   2.7000000e+02   2.0103942e+01
   2.8000000e+02   2.0059329e+01
   2.9000000e+02   1.9988600e+01
   3.0000000e+02   1.9967152e+01
   3.1000000e+02   1.9956455e+01
   3.2000000e+02   1.9899716e+01
   3.3000000e+02   1.9862562e+01
   3.4000000e+02   1.9833120e+01
   3.5000000e+02   1.9781241e+01
   3.6000000e+02   1.9751607e+01
   3.7000000e+02   1.9709622e+01
   3.8000000e+02   1.9679644e+01
   3.9000000e+02   1.9657780e+01
   4.0000000e+02   1.9636310e+01
   4.1000000e+02   1.9604069e+01
   4.2000000e+02   1.9587888e+01
   4.3000000e+02   1.9555986e+01
   4.4000000e+02   1.9542789e+01
   4.5000000e+02   1.9520239e+01
   4.6000000e+02   1.9509192e+01
   4.7000000e+02   1.9497015e+01
   4.8000000e+02   1.9455878e+01
   4.9000000e+02   1.9411195e+01
   5.0000000e+02   1.9386271e+01
   5.1000000e+02   1.9353083e+01
   5.2000000e+02   1.9337688e+01
   5.3000000e+02   1.9310008e+01
   5.4000000e+02   1.9297341e+01
   5.5000000e+02   1.9265064e+01
   5.6000000e+02   1.9251866e+01
   5.7000000e+02   1.9243058e+01
   5.8000000e+02   1.9209988e+01
   5.9000000e+02   1.9214284e+01
   6.0000000e+02   1.9214233e+01
   6.1000000e+02   1.9189741e+01
   6.2000000e+02   1.9198498e+01
   6.3000000e+02   1.9198266e+01
   6.4000000e+02   1.9178560e+01
   6.5000000e+02   1.9187765e+01
   6.6000000e+02   1.9174032e+01
   6.7000000e+02   1.9166815e+01
   6.8000000e+02   1.9168655e+01
   6.9000000e+02   1.9169034e+01
   7.0000000e+02   1.9150035e+01
   7.1000000e+02   1.9162510e+01
   7.2000000e+02   1.9139676e+01
   7.3000000e+02   1.9123046e+01
   7.4000000e+02   1.9113987e+01
   7.5000000e+02   1.9116683e+01
   7.6000000e+02   1.9100735e+01
   7.7000000e+02   1.9111424e+01
   7.8000000e+02   1.9087061e+01
   7.9000000e+02   1.9079897e+01
   8.0000000e+02   1.9056011e+01
   8.1000000e+02   1.9053675e+01
   8.2000000e+02   1.9053872e+01
   8.3000000e+02   1.9046724e+01
   8.4000000e+02   1.9063493e+01
   8.5000000e+02   1.9043726e+01
   8.6000000e+02   1.9032171e+01
   8.7000000e+02   1.9017150e+01
   8.8000000e+02   1.8995160e+01
   8.9000000e+02   1.9008727e+01
   9.0000000e+02   1.8991730e+01
   9.1000000e+02   1.8991398e+01
   9.2000000e+02   1.8983144e+01
   9.3000000e+02   1.8990368e+01
   9.4000000e+02   1.8974872e+01
   9.5000000e+02   1.8960545e+01
   9.6000000e+02   1.8957309e+01
   9.7000000e+02   1.8962898e+01
   9.8000000e+02   1.8943158e+01
   9.9000000e+02   1.8942364e+01
   1.0000000e+03   1.8950420e+01
   1.0100000e+03   1.8947319e+01
   1.0200000e+03   1.8930511e+01
   1.0300000e+03   1.8927697e+01
   1.0400000e+03   1.8921993e+01
   1.0500000e+03   1.8923259e+01
   1.0600000e+03   1.8922970e+01
   1.0700000e+03   1.8931110e+01
   1.0800000e+03   1.8946126e+01
   1.0900000e+03   1.8947364e+01
   1.1000000e+03   1.8958408e+01
   1.1100000e+03   1.8975796e+01
   1.1200000e+03   1.8985285e+01
   1.1300000e+03   1.8970729e+01
   1.1400000e+03   1.8960442e+01
   1.1500000e+03   1.8974214e+01
   1.1600000e+03   1.8977553e+01
   1.1700000e+03   1.8975750e+01
   1.1800000e+03   1.8974779e+01
   1.1900000e+03   1.8998360e+01
   1.2000000e+03   1.9005110e+01
   1.2100000e+03   1.8990282e+01
   1.2200000e+03   1.8996950e+01
   1.2300000e+03   1.9019262e+01
   1.2400000e+03   1.9033240e+01
   1.2500000e+03   1.9019025e+01
   1.2600000e+03   1.9045841e+01
   1.2700000e+03   1.9044965e+01
   1.2800000e+03   1.9047869e+01
   1.2900000e+03   1.9063157e+01
   1.3000000e+03   1.9075948e+01
   1.3100000e+03   1.9072154e+01
   1.3200000e+03   1.9095173e+01
   1.3300000e+03   1.9079459e+01
   1.3400000e+03   1.9096640e+01
   1.3500000e+03   1.9086040e+01
   1.3600000e+03   1.9094547e+01
   1.3700000e+03   1.9096249e+01
   1.3800000e+03   1.9094896e+01
   1.3900000e+03   1.9101602e+01
   1.4000000e+03   1.9096662e+01
   1.4100000e+03   1.9106916e+01
   1.4200000e+03   1.9114346e+01
   1.4300000e+03   1.9118040e+01
   1.4400000e+03   1.9122948e+01
   1.4500000e+03   1.9112294e+01
   1.4600000e+03   1.9124199e+01
   1.4700000e+03   1.9141651e+01
   1.4800000e+03   1.9127395e+01
   1.4900000e+03   1.9147073e+01
   1.5000000e+03   1.9145201e+01
   1.5100000e+03   1.9163310e+01
   1.5200000e+03   1.9165026e+01
   1.5300000e+03   1.9152572e+01
   1.5400000e+03   1.9150074e+01
   1.5500000e+03   1.9158118e+01
   1.5600000e+03   1.9170144e+01
   1.5700000e+03   1.9159164e+01
   1.5800000e+03   1.9159312e+01
   1.5900000e+03   1.9168419e+01
   1.6000000e+03   1.9170653e+01
   1.6100000e+03   1.9166858e+01
   1.6200000e+03   1.9186563e+01
   1.6300000e+03   1.9188536e+01
   1.6400000e+03   1.9191861e+01
   1.6500000e+03   1.9193194e+01
   1.6600000e+03   1.9193642e+01
   1.6700000e+03   1.9199952e+01
   1.6800000e+03   1.9201326e+01
   1.6900000e+03   1.9218956e+01
   1.7000000e+03   1.9220807e+01
   1.7100000e+03   1.9201576e+01
   1.7200000e+03   1.9218579e+01
   1.7300000e+03   1.9214635e+01
   1.7400000e+03   1.9226386e+01
   1.7500000e+03   1.9243211e+01
   1.7600000e+03   1.9245186e+01
   1.7700000e+03   1.9244064e+01
   1.7800000e+03   1.9248153e+01
   1.7900000e+03   1.9245081e+01
   1.8000000e+03   1.9251174e+01
   1.8100000e+03   1.9256556e+01
   1.8200000e+03   1.9257575e+01
   1.8300000e+03   1.9261064e+01
   1.8400000e+03   1.9286056e+01
   1.8500000e+03   1.9294167e+01
   1.8600000e+03   1.9289570e+01
   1.8700000e+03   1.9279599e+01
   1.8800000e+03   1.9287575e+01
   1.8900000e+03   1.9289004e+01
   1.9000000e+03   1.9277795e+01
   1.9100000e+03   1.9291841e+01
   1.9200000e+03   1.9299053e+01
   1.9300000e+03   1.9298141e+01
   1.9400000e+03   1.9293846e+01
   1.9500000e+03   1.9284929e+01
   1.9600000e+03   1.9275821e+01
   1.9700000e+03   1.9287386e+01
   1.9800000e+03   1.9301762e+01
   1.9900000e+03   1.9319887e+01
   2.0000000e+03   1.9315197e+01
   2.0100000e+03   1.9322586e+01
   2.0200000e+03   1.9351576e+01
   2.0300000e+03   1.9335240e+01
   2.0400000e+03   1.9325301e+01
   2.0500000e+03   1.9341651e+01
   2.0600000e+03   1.9344654e+01
   2.0700000e+03   1.9350273e+01
   2.0800000e+03   1.9361279e+01
   2.0900000e+03   1.9363889e+01
   2.1000000e+03   1.9372451e+01
   2.1100000e+03   1.9378426e+01
   2.1200000e+03   1.9386661e+01
   2.1300000e+03   1.9392580e+01
   2.1400000e+03   1.9394664e+01
   2.1500000e+03   1.9376763e+01
   2.1600000e+03   1.9411326e+01
   2.1700000e+03   1.9392086e+01
   2.1800000e+03   1.9424727e+01
   2.1900000e+03   1.9417607e+01
   2.2000000e+03   1.9430982e+01
   2.2100000e+03   1.9446524e+01
   2.2200000e+03   1.9443849e+01
   2.2300000e+03   1.9435204e+01
   2.2400000e+03   1.9438283e+01
   2.2500000e+03   1.9437506e+01
   2.2600000e+03   1.9454670e+01
   2.2700000e+03   1.9461474e+01
   2.2800000e+03   1.9447649e+01
   2.2900000e+03   1.9451672e+01
   2.3000000e+03   1.9451907e+01
   2.3100000e+03   1.9462431e+01
   2.3200000e+03   1.9473147e+01
   2.3300000e+03   1.9469809e+01
   2.3400000e+03   1.9469877e+01
   2.3500000e+03   1.9473558e+01
   2.3600000e+03   1.9476693e+01
   2.3700000e+03   1.9485063e+01
   2.3800000e+03   1.9477796e+01
   2.3900000e+03   1.9486221e+01
   2.4000000e+03   1.9494959e+01
   2.4100000e+03   1.9492776e+01
   2.4200000e+03   1.9496060e+01
   2.4300000e+03   1.9496346e+01
   2.4400000e+03   1.9498319e+01
   2.4500000e+03   1.9491798e+01
   2.4600000e+03   1.9498450e+01
   2.4700000e+03   1.9494316e+01
   2.4800000e+03   1.9494845e+01
   2.4900000e+03   1.9497870e+01
   2.5000000e+03   1.9507806e+01
   2.5100000e+03   1.9532616e+01
   2.5200000e+03   1.9528113e+01
   2.5300000e+03   1.9519942e+01
   2.5400000e+03   1.9519694e+01
   2.5500000e+03   1.9520099e+01
   2.5600000e+03   1.9506518e+01
   2.5700000e+03   1.9517300e+01
   2.5800000e+03   1.9526432e+01
   2.5900000e+03   1.9520404e+01
   2.6000000e+03   1.9528120e+01
   2.6100000e+03   1.9515152e+01
   2.6200000e+03   1.9511157e+01
   2.6300000e+03   1.9521775e+01
   2.6400000e+03   1.9523916e+01
   2.6500000e+03   1.9527201e+01
   2.6600000e+03   1.9540410e+01
   2.6700000e+03   1.9522849e+01
   2.6800000e+03   1.9538896e+01
   2.6900000e+03   1.9528561e+01
   2.7000000e+03   1.9535102e+01
   2.7100000e+03   1.9530112e+01
   2.7200000e+03   1.9532181e+01
   2.7300000e+03   1.9529044e+01
   2.7400000e+03   1.9535451e+01
   2.7500000e+03   1.9534645e+01
   2.7600000e+03   1.9545289e+01
   2.7700000e+03   1.9546337e+01
   2.7800000e+03   1.9547507e+01
   2.7900000e+03   1.9530830e+01
   2.8000000e+03   1.9543424e+01
   2.8100000e+03   1.9547388e+01
   2.8200000e+03   1.9543267e+01
   2.8300000e+03   1.9543523e+01
   2.8400000e+03   1.9546928e+01
   2.8500000e+03   1.9552025e+01
   2.8600000e+03   1.9543216e+01
   2.8700000e+03   1.9539791e+01
   2.8800000e+03   1.9554758e+01
   2.8900000e+03   1.9543849e+01
   2.9000000e+03   1.9545008e+01
   2.9100000e+03   1.9546395e+01
   2.9200000e+03   1.9549776e+01
   2.9300000e+03   1.9547974e+01
   2.9400000e+03   1.9541823e+01
   2.9500000e+03   1.9559830e+01
   2.9600000e+03   1.9546824e+01
   2.9700000e+03   1.9558807e+01
   2.9800000e+03   1.9538219e+01
   2.9900000e+03   1.9543290e+01
   3.0000000e+03   1.9551141e+01
   3.0100000e+03   1.9555992e+01
   3.0200000e+03   1.9551000e+01
   3.0300000e+03   1.9565012e+01
   3.0400000e+03   1.9552220e+01
   3.0500000e+03   1.9557507e+01
   3.0600000e+03   1.9553399e+01
   3.0700000e+03   1.9561275e+01
   3.0800000e+03   1.9555056e+01
   3.0900000e+03   1.9542347e+01
   3.1000000e+03   1.9545029e+01
   3.1100000e+03   1.9551217e+01
   3.1200000e+03   1.9556354e+01
   3.1300000e+03   1.9551635e+01
   3.1400000e+03   1.9563670e+01
   3.1500000e+03   1.9550239e+01
   3.1600000e+03   1.9549896e+01
   3.1700000e+03   1.9559888e+01
   3.1800000e+03   1.9545897e+01
   3.1900000e+03   1.9533736e+01
   3.2000000e+03   1.9530232e+01
   3.2100000e+03   1.9548227e+01
   3.2200000e+03   1.9541343e+01
   3.2300000e+03   1.9540524e+01
   3.2400000e+03   1.9536052e+01
   3.2500000e+03   1.9533653e+01
   3.2600000e+03   1.9537388e+01
   3.2700000e+03   1.9533638e+01
   3.2800000e+03   1.9541422e+01
   3.2900000e+03   1.9533527e+01
   3.3000000e+03   1.9539716e+01
   3.3100000e+03   1.9522073e+01
   3.3200000e+03   1.9532093e+01
   3.3300000e+03   1.9540626e+01
   3.3400000e+03   1.9533441e+01
   3.3500000e+03   1.9528165e+01
   3.3600000e+03   1.9526814e+01
   3.3700000e+03   1.9542083e+01
   3.3800000e+03   1.9530740e+01
   3.3900000e+03   1.9511816e+01
   3.4000000e+03   1.9508925e+01
   3.4100000e+03   1.9505804e+01
   3.4200000e+03   1.9524032e+01
   3.4300000e+03   1.9535908e+01
   3.4400000e+03   1.9508884e+01
   3.4500000e+03   1.9512115e+01
   3.4600000e+03   1.9525707e+01
   3.4700000e+03   1.9528106e+01
   3.4800000e+03   1.9521806e+01
   3.4900000e+03   1.9533695e+01
