   0.0000000e+00  -4.7584220e-03
   1.0000000e+01  -8.9011858e-03
   2.0000000e+01  -3.7944375e-03
   3.0000000e+01  -1.3943806e-02
   4.0000000e+01  -8.6484887e-03
   5.0000000e+01  -3.7052596e-03
   6.0000000e+01  -1.7702480e-02
   7.0000000e+01  -3.1408650e-02
   8.0000000e+01  -9.6194705e-03
   9.0000000e+01   2.6936530e-03
   1.0000000e+02   7.4755399e-02
   1.1000000e+02   1.1722839e-01
   1.2000000e+02   1.2412383e-01
   1.3000000e+02   1.3063989e-01
   1.4000000e+02   1.4380780e-01
   1.5000000e+02   1.4628982e-01
   1.6000000e+02   1.4522581e-01
   1.7000000e+02   1.3815906e-01
   1.8000000e+02   1.4395287e-01
   1.9000000e+02   1.3730298e-01
   2.0000000e+02   1.2395142e-01
   2.1000000e+02   1.2896523e-01
   2.2000000e+02   1.1074879e-01
   2.3000000e+02   9.8509702e-02
   2.4000000e+02   8.3201059e-02
   2.5000000e+02   8.3835073e-02
   2.6000000e+02   6.1679238e-02
   2.7000000e+02   5.6798113e-02
   2.8000000e+02   4.0645047e-02
   2.9000000e+02   2.3720865e-02
   3.0000000e+02   2.4708003e-02
   3.1000000e+02  -1.0188987e-02
   3.2000000e+02  -1.6305881e-02
   3.3000000e+02  -2.3608679e-02
   3.4000000e+02  -4.3785010e-02
   3.5000000e+02  -6.1223532e-02
   3.6000000e+02  -7.5397655e-02
   3.7000000e+02  -9.2385060e-02
   3.8000000e+02  -1.1805482e-01
   3.9000000e+02  -1.3385579e-01
   4.0000000e+02  -1.4661325e-01
   4.1000000e+02  -1.4892717e-01
   4.2000000e+02  -1.6697966e-01
   4.3000000e+02  -1.7296406e-01
   4.4000000e+02  -1.9751009e-01
   4.5000000e+02  -2.1968349e-01
   4.6000000e+02  -2.1636220e-01
   4.7000000e+02  -2.2943790e-01
   4.8000000e+02  -2.4883579e-01
   4.9000000e+02  -2.7014058e-01
   5.0000000e+02  -2.9028303e-01
   5.1000000e+02  -2.9581260e-01
   5.2000000e+02  -3.0847214e-01
   5.3000000e+02  -3.2752734e-01
   5.4000000e+02  -3.3222595e-01
   5.5000000e+02  -3.4769854e-01
   5.6000000e+02  -3.7146431e-01
   5.7000000e+02  -3.9320004e-01
   5.8000000e+02  -3.9635927e-01
   5.9000000e+02  -4.0097278e-01
   6.0000000e+02  -4.2928948e-01
   6.1000000e+02  -4.5043947e-01
   6.2000000e+02  -4.5428286e-01
   6.3000000e+02  -4.7235126e-01
   6.4000000e+02  -4.7991286e-01
   6.5000000e+02  -4.8833008e-01
   6.6000000e+02  -5.1135054e-01
   6.7000000e+02  -5.2338706e-01
   6.8000000e+02  -5.3496057e-01
   6.9000000e+02  -5.3981818e-01
   7.0000000e+02  -5.6269324e-01
   7.1000000e+02  -5.7273774e-01
   7.2000000e+02  -5.8314795e-01
   7.3000000e+02  -6.0017697e-01
   7.4000000e+02  -6.1126105e-01
   7.5000000e+02  -6.0253034e-01
   7.6000000e+02  -6.3017734e-01
   7.7000000e+02  -6.4230182e-01
   7.8000000e+02  -6.4023690e-01
   7.9000000e+02  -6.5303513e-01
   8.0000000e+02  -6.7144726e-01
   8.1000000e+02  -6.8693648e-01
   8.2000000e+02  -6.8901847e-01
   8.3000000e+02  -7.0841032e-01
   8.4000000e+02  -7.1167961e-01
   8.5000000e+02  -7.0414761e-01
   8.6000000e+02  -7.3481734e-01
   8.7000000e+02  -7.4835174e-01
   8.8000000e+02  -7.4625074e-01
   8.9000000e+02  -7.5156316e-01
   9.0000000e+02  -7.6494904e-01
   9.1000000e+02  -8.1688352e-01
   9.2000000e+02  -8.3687606e-01
   9.3000000e+02  -8.5324723e-01
   9.4000000e+02  -8.8680798e-01
   9.5000000e+02  -8.9473809e-01
   9.6000000e+02  -9.1738634e-01
   9.7000000e+02  -9.2749415e-01
   9.8000000e+02  -9.5017950e-01
   9.9000000e+02  -9.7587513e-01
   1.0000000e+03  -9.8341250e-01
   1.0100000e+03  -1.0063542e+00
   1.0200000e+03  -1.0257480e+00
   1.0300000e+03  -1.0343139e+00
   1.0400000e+03  -1.0558005e+00
   1.0500000e+03  -1.0646356e+00
   1.0600000e+03  -1.0794552e+00
   1.0700000e+03  -1.1123353e+00
   1.0800000e+03  -1.1047377e+00
   1.0900000e+03  -1.1230451e+00
   1.1000000e+03  -1.1287369e+00
   1.1100000e+03  -1.1442295e+00
   1.1200000e+03  -1.1525026e+00
   1.1300000e+03  -1.1507172e+00
   1.1400000e+03  -1.1777125e+00
   1.1500000e+03  -1.1967915e+00
   1.1600000e+03  -1.1996074e+00
   1.1700000e+03  -1.2178794e+00
   1.1800000e+03  -1.2240251e+00
   1.1900000e+03  -1.2350657e+00
   1.2000000e+03  -1.2460698e+00
   1.2100000e+03  -1.2534385e+00
   1.2200000e+03  -1.2535016e+00
   1.2300000e+03  -1.2515574e+00
   1.2400000e+03  -1.2673577e+00
   1.2500000e+03  -1.2700632e+00
   1.2600000e+03  -1.2875768e+00
   1.2700000e+03  -1.2889489e+00
   1.2800000e+03  -1.2971861e+00
   1.2900000e+03  -1.3045787e+00
   1.3000000e+03  -1.3133428e+00
   1.3100000e+03  -1.3218134e+00
   1.3200000e+03  -1.3186088e+00
   1.3300000e+03  -1.3302500e+00
   1.3400000e+03  -1.3469094e+00
   1.3500000e+03  -1.3589298e+00
   1.3600000e+03  -1.3674135e+00
   1.3700000e+03  -1.3626555e+00
   1.3800000e+03  -1.3706747e+00
   1.3900000e+03  -1.3814227e+00
   1.4000000e+03  -1.3803968e+00
   1.4100000e+03  -1.3869836e+00
   1.4200000e+03  -1.4020395e+00
   1.4300000e+03  -1.3954448e+00
   1.4400000e+03  -1.4113814e+00
   1.4500000e+03  -1.4070510e+00
   1.4600000e+03  -1.4140535e+00
   1.4700000e+03  -1.4291591e+00
   1.4800000e+03  -1.4319636e+00
   1.4900000e+03  -1.4302515e+00
   1.5000000e+03  -1.4351606e+00
   1.5100000e+03  -1.4489425e+00
   1.5200000e+03  -1.4544022e+00
   1.5300000e+03  -1.4444654e+00
   1.5400000e+03  -1.4521901e+00
   1.5500000e+03  -1.4531482e+00
   1.5600000e+03  -1.4629664e+00
   1.5700000e+03  -1.4657965e+00
   1.5800000e+03  -1.4798384e+00
   1.5900000e+03  -1.4827540e+00
   1.6000000e+03  -1.4862939e+00
   1.6100000e+03  -1.4912413e+00
   1.6200000e+03  -1.5110719e+00
   1.6300000e+03  -1.5076345e+00
   1.6400000e+03  -1.5107820e+00
   1.6500000e+03  -1.5218121e+00
   1.6600000e+03  -1.5279096e+00
   1.6700000e+03  -1.5386823e+00
   1.6800000e+03  -1.5357333e+00
   1.6900000e+03  -1.5492114e+00
   1.7000000e+03  -1.5562138e+00
   1.7100000e+03  -1.5632773e+00
   1.7200000e+03  -1.5569746e+00
   1.7300000e+03  -1.5503778e+00
   1.7400000e+03  -1.5565481e+00
   1.7500000e+03  -1.5657296e+00
   1.7600000e+03  -1.5774445e+00
   1.7700000e+03  -1.5786944e+00
   1.7800000e+03  -1.5842775e+00
   1.7900000e+03  -1.5748297e+00
   1.8000000e+03  -1.5816739e+00
   1.8100000e+03  -1.5914550e+00
   1.8200000e+03  -1.5978463e+00
   1.8300000e+03  -1.6005648e+00
   1.8400000e+03  -1.5988885e+00
   1.8500000e+03  -1.6138601e+00
   1.8600000e+03  -1.6157954e+00
   1.8700000e+03  -1.6149144e+00
   1.8800000e+03  -1.6116598e+00
   1.8900000e+03  -1.6116114e+00
   1.9000000e+03  -1.6015750e+00
   1.9100000e+03  -1.6213561e+00
   1.9200000e+03  -1.6070717e+00
   1.9300000e+03  -1.6120662e+00
   1.9400000e+03  -1.6090676e+00
   1.9500000e+03  -1.6097165e+00
   1.9600000e+03  -1.6114916e+00
   1.9700000e+03  -1.6043551e+00
   1.9800000e+03  -1.6100961e+00
   1.9900000e+03  -1.6007199e+00
   2.0000000e+03  -1.6044537e+00
   2.0100000e+03  -1.6047229e+00
   2.0200000e+03  -1.5999738e+00
   2.0300000e+03  -1.5996557e+00
   2.0400000e+03  -1.6134019e+00
   2.0500000e+03  -1.6020674e+00
   2.0600000e+03  -1.6101708e+00
   2.0700000e+03  -1.6118237e+00
   2.0800000e+03  -1.6108816e+00
   2.0900000e+03  -1.6133305e+00
   2.1000000e+03  -1.6192439e+00
   2.1100000e+03  -1.6328080e+00
   2.1200000e+03  -1.6097970e+00
   2.1300000e+03  -1.6244144e+00
   2.1400000e+03  -1.6250283e+00
   2.1500000e+03  -1.6310046e+00
   2.1600000e+03  -1.6241764e+00
   2.1700000e+03  -1.6193677e+00
   2.1800000e+03  -1.6324796e+00
   2.1900000e+03  -1.6333505e+00
   2.2000000e+03  -1.6366819e+00
   2.2100000e+03  -1.6400500e+00
   2.2200000e+03  -1.6357429e+00
   2.2300000e+03  -1.6392939e+00
   2.2400000e+03  -1.6297838e+00
   2.2500000e+03  -1.6440455e+00
   2.2600000e+03  -1.6433737e+00
   2.2700000e+03  -1.6475246e+00
   2.2800000e+03  -1.6518837e+00
   2.2900000e+03  -1.6466584e+00
   2.3000000e+03  -1.6639686e+00
   2.3100000e+03  -1.6600039e+00
   2.3200000e+03  -1.6560263e+00
   2.3300000e+03  -1.6434317e+00
   2.3400000e+03  -1.6426250e+00
   2.3500000e+03  -1.6449029e+00
   2.3600000e+03  -1.6580510e+00
   2.3700000e+03  -1.6477207e+00
   2.3800000e+03  -1.6541847e+00
   2.3900000e+03  -1.6616035e+00
   2.4000000e+03  -1.6596338e+00
   2.4100000e+03  -1.6561946e+00
   2.4200000e+03  -1.6586437e+00
   2.4300000e+03  -1.6618023e+00
   2.4400000e+03  -1.6718040e+00
   2.4500000e+03  -1.6646808e+00
   2.4600000e+03  -1.6723325e+00
   2.4700000e+03  -1.6693095e+00
   2.4800000e+03  -1.6646460e+00
   2.4900000e+03  -1.6730443e+00
   2.5000000e+03  -1.6814791e+00
   2.5100000e+03  -1.6772809e+00
   2.5200000e+03  -1.6845773e+00
   2.5300000e+03  -1.6795466e+00
   2.5400000e+03  -1.6709171e+00
   2.5500000e+03  -1.6918995e+00
   2.5600000e+03  -1.6901372e+00
   2.5700000e+03  -1.6930264e+00
   2.5800000e+03  -1.6806996e+00
   2.5900000e+03  -1.6962217e+00
   2.6000000e+03  -1.7012164e+00
   2.6100000e+03  -1.7025875e+00
   2.6200000e+03  -1.7097244e+00
   2.6300000e+03  -1.7182453e+00
   2.6400000e+03  -1.7181844e+00
   2.6500000e+03  -1.7075839e+00
   2.6600000e+03  -1.7032511e+00
   2.6700000e+03  -1.7072057e+00
   2.6800000e+03  -1.7005714e+00
   2.6900000e+03  -1.7062889e+00
   2.7000000e+03  -1.6984430e+00
   2.7100000e+03  -1.7144558e+00
   2.7200000e+03  -1.7096461e+00
   2.7300000e+03  -1.7178858e+00
   2.7400000e+03  -1.7145571e+00
   2.7500000e+03  -1.7081554e+00
   2.7600000e+03  -1.7124530e+00
   2.7700000e+03  -1.7130781e+00
   2.7800000e+03  -1.7177064e+00
   2.7900000e+03  -1.7147815e+00
   2.8000000e+03  -1.7194219e+00
   2.8100000e+03  -1.7062510e+00
   2.8200000e+03  -1.7147355e+00
   2.8300000e+03  -1.7213835e+00
   2.8400000e+03  -1.7304067e+00
   2.8500000e+03  -1.7186555e+00
   2.8600000e+03  -1.7141514e+00
   2.8700000e+03  -1.7220847e+00
   2.8800000e+03  -1.6998915e+00
   2.8900000e+03  -1.6954115e+00
   2.9000000e+03  -1.7011654e+00
   2.9100000e+03  -1.6968205e+00
   2.9200000e+03  -1.6905290e+00
   2.9300000e+03  -1.6955489e+00
   2.9400000e+03  -1.7067996e+00
   2.9500000e+03  -1.6855979e+00
   2.9600000e+03  -1.6984399e+00
   2.9700000e+03  -1.6797110e+00
   2.9800000e+03  -1.6772021e+00
   2.9900000e+03  -1.6630026e+00
   3.0000000e+03  -1.6859553e+00
   3.0100000e+03  -1.6893465e+00
   3.0200000e+03  -1.6832016e+00
   3.0300000e+03  -1.6883434e+00
   3.0400000e+03  -1.6830678e+00
   3.0500000e+03  -1.6898376e+00
   3.0600000e+03  -1.6770212e+00
   3.0700000e+03  -1.6894588e+00
   3.0800000e+03  -1.6861784e+00
   3.0900000e+03  -1.6840732e+00
   3.1000000e+03  -1.6734725e+00
   3.1100000e+03  -1.6769370e+00
   3.1200000e+03  -1.6738280e+00
   3.1300000e+03  -1.6785045e+00
   3.1400000e+03  -1.6739755e+00
   3.1500000e+03  -1.6955207e+00
   3.1600000e+03  -1.6844058e+00
   3.1700000e+03  -1.6873685e+00
   3.1800000e+03  -1.6913839e+00
   3.1900000e+03  -1.6702922e+00
   3.2000000e+03  -1.6848473e+00
   3.2100000e+03  -1.6741362e+00
   3.2200000e+03  -1.6854106e+00
   3.2300000e+03  -1.6844437e+00
   3.2400000e+03  -1.6843949e+00
   3.2500000e+03  -1.6758995e+00
   3.2600000e+03  -1.6809308e+00
   3.2700000e+03  -1.6827549e+00
   3.2800000e+03  -1.6844565e+00
   3.2900000e+03  -1.6770629e+00
   3.3000000e+03  -1.6849831e+00
   3.3100000e+03  -1.6844813e+00
   3.3200000e+03  -1.6853505e+00
   3.3300000e+03  -1.6818984e+00
   3.3400000e+03  -1.6780424e+00
   3.3500000e+03  -1.6718237e+00
   3.3600000e+03  -1.6803436e+00
   3.3700000e+03  -1.6761693e+00
   3.3800000e+03  -1.6773689e+00
   3.3900000e+03  -1.6874434e+00
   3.4000000e+03  -1.6680899e+00
   3.4100000e+03  -1.6674287e+00
   3.4200000e+03  -1.6894998e+00
   3.4300000e+03  -1.6767564e+00
   3.4400000e+03  -1.6726065e+00
   3.4500000e+03  -1.6883855e+00
   3.4600000e+03  -1.6867450e+00
   3.4700000e+03  -1.6862552e+00
   3.4800000e+03  -1.6912006e+00
   3.4900000e+03  -1.6834639e+00
