   0.0000000e+00   1.7349720e-02
   1.0000000e+01   8.3349288e-03
   2.0000000e+01  -9.4845567e-03
   3.0000000e+01  -1.0318305e-02
   4.0000000e+01  -2.2471976e-02
   5.0000000e+01  -1.4104465e-02
   6.0000000e+01  -1.5459965e-02
   7.0000000e+01  -2.2781469e-02
   8.0000000e+01  -2.7421066e-02
   9.0000000e+01  -7.6551367e-02
   1.0000000e+02  -5.4294717e-01
   1.1000000e+02  -1.1246307e+00
   1.2000000e+02  -1.6098747e+00
   1.3000000e+02  -1.7824170e+00
   1.4000000e+02  -2.0563042e+00
   1.5000000e+02  -2.2029611e+00
   1.6000000e+02  -2.2539121e+00
   1.7000000e+02  -2.3706011e+00
   1.8000000e+02  -2.4508106e+00
   1.9000000e+02  -2.5748198e+00
   2.0000000e+02  -2.6639963e+00
   2.1000000e+02  -2.7634534e+00
   2.2000000e+02  -2.8172629e+00
   2.3000000e+02  -2.9410881e+00
   2.4000000e+02  -2.9999401e+00
   2.5000000e+02  -3.0556540e+00
   2.6000000e+02  -3.1597958e+00
   2.7000000e+02  -3.2376086e+00
   2.8000000e+02  -3.3076109e+00
   2.9000000e+02  -3.3684984e+00
   3.0000000e+02  -3.4282933e+00
   3.1000000e+02  -3.4496906e+00
   3.2000000e+02  -3.5132763e+00
   3.3000000e+02  -3.5440049e+00
   3.4000000e+02  -3.6081009e+00
   3.5000000e+02  -3.6199165e+00
   3.6000000e+02  -3.6774735e+00
   3.7000000e+02  -3.7193103e+00
   3.8000000e+02  -3.7653713e+00
   3.9000000e+02  -3.8012128e+00
   4.0000000e+02  -3.8301574e+00
   4.1000000e+02  -3.8601418e+00
   4.2000000e+02  -3.9144425e+00
   4.3000000e+02  -3.9589517e+00
   4.4000000e+02  -3.9433777e+00
   4.5000000e+02  -4.0140496e+00
   4.6000000e+02  -4.0543833e+00
   4.7000000e+02  -4.0970133e+00
   4.8000000e+02  -4.2169809e+00
   4.9000000e+02  -4.3003237e+00
   5.0000000e+02  -4.3030011e+00
   5.1000000e+02  -4.3137285e+00
   5.2000000e+02  -4.3477419e+00
   5.3000000e+02  -4.3167071e+00
   5.4000000e+02  -4.2806175e+00
   5.5000000e+02  -4.3350319e+00
   5.6000000e+02  -4.3552274e+00
   5.7000000e+02  -4.3591749e+00
   5.8000000e+02  -4.3725683e+00
   5.9000000e+02  -4.3794138e+00
   6.0000000e+02  -4.3938690e+00
   6.1000000e+02  -4.4214327e+00
   6.2000000e+02  -4.4296173e+00
   6.3000000e+02  -4.4849120e+00
   6.4000000e+02  -4.4802653e+00
   6.5000000e+02  -4.5019414e+00
   6.6000000e+02  -4.5259276e+00
   6.7000000e+02  -4.5563941e+00
   6.8000000e+02  -4.5645419e+00
   6.9000000e+02  -4.6062175e+00
   7.0000000e+02  -4.6264207e+00
   7.1000000e+02  -4.6364571e+00
   7.2000000e+02  -4.6519069e+00
   7.3000000e+02  -4.6962257e+00
   7.4000000e+02  -4.6906662e+00
   7.5000000e+02  -4.6947027e+00
   7.6000000e+02  -4.7260235e+00
   7.7000000e+02  -4.7208873e+00
   7.8000000e+02  -4.7234626e+00
   7.9000000e+02  -4.7431907e+00
   8.0000000e+02  -4.7457522e+00
   8.1000000e+02  -4.7671487e+00
   8.2000000e+02  -4.7695072e+00
   8.3000000e+02  -4.7766716e+00
   8.4000000e+02  -4.7977433e+00
   8.5000000e+02  -4.7829291e+00
   8.6000000e+02  -4.8096160e+00
   8.7000000e+02  -4.8432633e+00
   8.8000000e+02  -4.8492678e+00
   8.9000000e+02  -4.8693679e+00
   9.0000000e+02  -4.8826854e+00
   9.1000000e+02  -4.8997509e+00
   9.2000000e+02  -4.9187154e+00
   9.3000000e+02  -4.9075237e+00
   9.4000000e+02  -4.9244500e+00
   9.5000000e+02  -4.9132445e+00
   9.6000000e+02  -4.9357780e+00
   9.7000000e+02  -4.9673624e+00
   9.8000000e+02  -4.9655341e+00
   9.9000000e+02  -4.9793449e+00
   1.0000000e+03  -4.9712705e+00
   1.0100000e+03  -4.9904150e+00
   1.0200000e+03  -4.9963392e+00
   1.0300000e+03  -5.0065968e+00
   1.0400000e+03  -5.0234709e+00
   1.0500000e+03  -5.0435855e+00
   1.0600000e+03  -5.0345775e+00
   1.0700000e+03  -5.0389696e+00
   1.0800000e+03  -5.0271725e+00
   1.0900000e+03  -5.0240717e+00
   1.1000000e+03  -5.0606493e+00
   1.1100000e+03  -5.0655338e+00
   1.1200000e+03  -5.0462591e+00
   1.1300000e+03  -5.0641047e+00
   1.1400000e+03  -5.0837136e+00
   1.1500000e+03  -5.1052391e+00
   1.1600000e+03  -5.0921295e+00
   1.1700000e+03  -5.0960292e+00
   1.1800000e+03  -5.0960722e+00
   1.1900000e+03  -5.0689476e+00
   1.2000000e+03  -5.1235450e+00
   1.2100000e+03  -5.1360850e+00
   1.2200000e+03  -5.1526455e+00
   1.2300000e+03  -5.1056382e+00
   1.2400000e+03  -5.1283521e+00
   1.2500000e+03  -5.1314444e+00
   1.2600000e+03  -5.1266440e+00
   1.2700000e+03  -5.1456529e+00
   1.2800000e+03  -5.1371625e+00
   1.2900000e+03  -5.1274152e+00
   1.3000000e+03  -5.1276080e+00
   1.3100000e+03  -5.1300168e+00
   1.3200000e+03  -5.1511039e+00
   1.3300000e+03  -5.1287373e+00
   1.3400000e+03  -5.1096527e+00
   1.3500000e+03  -5.1258582e+00
   1.3600000e+03  -5.1038483e+00
   1.3700000e+03  -5.1263159e+00
   1.3800000e+03  -5.0918765e+00
   1.3900000e+03  -5.1341981e+00
   1.4000000e+03  -5.1210209e+00
   1.4100000e+03  -5.1056262e+00
   1.4200000e+03  -5.0937613e+00
   1.4300000e+03  -5.0761115e+00
   1.4400000e+03  -5.0923424e+00
   1.4500000e+03  -5.0755964e+00
   1.4600000e+03  -5.0720289e+00
   1.4700000e+03  -5.0638297e+00
   1.4800000e+03  -5.0381432e+00
   1.4900000e+03  -5.0655993e+00
   1.5000000e+03  -5.0821193e+00
   1.5100000e+03  -5.0674499e+00
   1.5200000e+03  -5.0671243e+00
   1.5300000e+03  -5.0728696e+00
   1.5400000e+03  -5.1272088e+00
   1.5500000e+03  -5.0831154e+00
   1.5600000e+03  -5.0833770e+00
   1.5700000e+03  -5.0915966e+00
   1.5800000e+03  -5.0689020e+00
   1.5900000e+03  -5.0816203e+00
   1.6000000e+03  -5.0768234e+00
   1.6100000e+03  -5.1247918e+00
   1.6200000e+03  -5.1122415e+00
   1.6300000e+03  -5.0888784e+00
   1.6400000e+03  -5.0513769e+00
   1.6500000e+03  -5.0333056e+00
   1.6600000e+03  -5.0328561e+00
   1.6700000e+03  -5.0063092e+00
   1.6800000e+03  -5.0151583e+00
   1.6900000e+03  -5.0014346e+00
   1.7000000e+03  -4.9793577e+00
   1.7100000e+03  -4.9730718e+00
   1.7200000e+03  -4.9883321e+00
   1.7300000e+03  -4.9855461e+00
   1.7400000e+03  -4.9805048e+00
   1.7500000e+03  -4.9868781e+00
   1.7600000e+03  -4.9412036e+00
   1.7700000e+03  -4.9395401e+00
   1.7800000e+03  -4.9359056e+00
   1.7900000e+03  -4.9422390e+00
   1.8000000e+03  -4.9547236e+00
   1.8100000e+03  -4.9537436e+00
   1.8200000e+03  -4.9799151e+00
   1.8300000e+03  -4.9587528e+00
   1.8400000e+03  -4.9578675e+00
   1.8500000e+03  -4.9683293e+00
   1.8600000e+03  -4.9650358e+00
   1.8700000e+03  -4.9754976e+00
   1.8800000e+03  -4.9777270e+00
   1.8900000e+03  -4.9830345e+00
   1.9000000e+03  -4.9787011e+00
   1.9100000e+03  -4.9697315e+00
   1.9200000e+03  -4.9592468e+00
   1.9300000e+03  -4.9278556e+00
   1.9400000e+03  -4.9368096e+00
   1.9500000e+03  -4.9306430e+00
   1.9600000e+03  -4.9142092e+00
   1.9700000e+03  -4.9109814e+00
   1.9800000e+03  -4.8919210e+00
   1.9900000e+03  -4.8918767e+00
   2.0000000e+03  -4.8828664e+00
   2.0100000e+03  -4.8810363e+00
   2.0200000e+03  -4.8740504e+00
   2.0300000e+03  -4.8632377e+00
   2.0400000e+03  -4.8348561e+00
   2.0500000e+03  -4.8472816e+00
   2.0600000e+03  -4.8326514e+00
   2.0700000e+03  -4.8314328e+00
   2.0800000e+03  -4.8136593e+00
   2.0900000e+03  -4.8131348e+00
   2.1000000e+03  -4.7840999e+00
   2.1100000e+03  -4.7990247e+00
   2.1200000e+03  -4.7635797e+00
   2.1300000e+03  -4.7762370e+00
   2.1400000e+03  -4.7755414e+00
   2.1500000e+03  -4.7758273e+00
   2.1600000e+03  -4.7672031e+00
   2.1700000e+03  -4.7583741e+00
   2.1800000e+03  -4.7447049e+00
   2.1900000e+03  -4.7339497e+00
   2.2000000e+03  -4.7196112e+00
   2.2100000e+03  -4.7286616e+00
   2.2200000e+03  -4.7517926e+00
   2.2300000e+03  -4.7409395e+00
   2.2400000e+03  -4.7132209e+00
   2.2500000e+03  -4.6923899e+00
   2.2600000e+03  -4.7177064e+00
   2.2700000e+03  -4.6981045e+00
   2.2800000e+03  -4.7293925e+00
   2.2900000e+03  -4.7337251e+00
   2.3000000e+03  -4.7286097e+00
   2.3100000e+03  -4.7196846e+00
   2.3200000e+03  -4.7321795e+00
   2.3300000e+03  -4.7246042e+00
   2.3400000e+03  -4.7031570e+00
   2.3500000e+03  -4.7110852e+00
   2.3600000e+03  -4.7074773e+00
   2.3700000e+03  -4.6923471e+00
   2.3800000e+03  -4.6805788e+00
   2.3900000e+03  -4.7016435e+00
   2.4000000e+03  -4.6861435e+00
   2.4100000e+03  -4.6904240e+00
   2.4200000e+03  -4.6806247e+00
   2.4300000e+03  -4.6661644e+00
   2.4400000e+03  -4.6802196e+00
   2.4500000e+03  -4.7109232e+00
   2.4600000e+03  -4.6698640e+00
   2.4700000e+03  -4.6693610e+00
   2.4800000e+03  -4.6739426e+00
   2.4900000e+03  -4.6718391e+00
   2.5000000e+03  -4.6418946e+00
   2.5100000e+03  -4.6367719e+00
   2.5200000e+03  -4.6429127e+00
   2.5300000e+03  -4.6522668e+00
   2.5400000e+03  -4.6383418e+00
   2.5500000e+03  -4.6535034e+00
   2.5600000e+03  -4.6218089e+00
   2.5700000e+03  -4.6342356e+00
   2.5800000e+03  -4.6332128e+00
   2.5900000e+03  -4.5983607e+00
   2.6000000e+03  -4.6273380e+00
   2.6100000e+03  -4.5945649e+00
   2.6200000e+03  -4.6299383e+00
   2.6300000e+03  -4.6134835e+00
   2.6400000e+03  -4.6180757e+00
   2.6500000e+03  -4.6101357e+00
   2.6600000e+03  -4.6150167e+00
   2.6700000e+03  -4.6172868e+00
   2.6800000e+03  -4.6179288e+00
   2.6900000e+03  -4.6124898e+00
   2.7000000e+03  -4.6096495e+00
   2.7100000e+03  -4.5897907e+00
   2.7200000e+03  -4.5821398e+00
   2.7300000e+03  -4.5896989e+00
   2.7400000e+03  -4.5948932e+00
   2.7500000e+03  -4.5850136e+00
   2.7600000e+03  -4.6008303e+00
   2.7700000e+03  -4.6011742e+00
   2.7800000e+03  -4.6151048e+00
   2.7900000e+03  -4.5897672e+00
   2.8000000e+03  -4.5996803e+00
   2.8100000e+03  -4.5875733e+00
   2.8200000e+03  -4.5784610e+00
   2.8300000e+03  -4.5733247e+00
   2.8400000e+03  -4.5436558e+00
   2.8500000e+03  -4.5578304e+00
   2.8600000e+03  -4.5434278e+00
   2.8700000e+03  -4.5529019e+00
   2.8800000e+03  -4.5548584e+00
   2.8900000e+03  -4.5479047e+00
   2.9000000e+03  -4.5458135e+00
   2.9100000e+03  -4.5546456e+00
   2.9200000e+03  -4.5665916e+00
   2.9300000e+03  -4.5386579e+00
   2.9400000e+03  -4.5301863e+00
   2.9500000e+03  -4.5316506e+00
   2.9600000e+03  -4.5254048e+00
   2.9700000e+03  -4.5052600e+00
   2.9800000e+03  -4.5063833e+00
   2.9900000e+03  -4.5426562e+00
   3.0000000e+03  -4.5161980e+00
   3.0100000e+03  -4.5320139e+00
   3.0200000e+03  -4.5300480e+00
   3.0300000e+03  -4.5380728e+00
   3.0400000e+03  -4.5292893e+00
   3.0500000e+03  -4.5307274e+00
   3.0600000e+03  -4.5322893e+00
   3.0700000e+03  -4.5362434e+00
   3.0800000e+03  -4.5217997e+00
   3.0900000e+03  -4.5305903e+00
   3.1000000e+03  -4.5441653e+00
   3.1100000e+03  -4.5586410e+00
   3.1200000e+03  -4.5235184e+00
   3.1300000e+03  -4.5452103e+00
   3.1400000e+03  -4.5391858e+00
   3.1500000e+03  -4.5417307e+00
   3.1600000e+03  -4.5581063e+00
   3.1700000e+03  -4.5295017e+00
   3.1800000e+03  -4.5577008e+00
   3.1900000e+03  -4.5631548e+00
   3.2000000e+03  -4.5745674e+00
   3.2100000e+03  -4.5688411e+00
   3.2200000e+03  -4.5885223e+00
   3.2300000e+03  -4.5568140e+00
   3.2400000e+03  -4.5745413e+00
   3.2500000e+03  -4.5932106e+00
   3.2600000e+03  -4.5829609e+00
   3.2700000e+03  -4.5841639e+00
   3.2800000e+03  -4.5621869e+00
   3.2900000e+03  -4.5717283e+00
   3.3000000e+03  -4.5564620e+00
   3.3100000e+03  -4.5787965e+00
   3.3200000e+03  -4.6038370e+00
   3.3300000e+03  -4.6278125e+00
   3.3400000e+03  -4.6343186e+00
   3.3500000e+03  -4.6056835e+00
   3.3600000e+03  -4.5944906e+00
   3.3700000e+03  -4.5942857e+00
   3.3800000e+03  -4.6312168e+00
   3.3900000e+03  -4.6290444e+00
   3.4000000e+03  -4.6226484e+00
   3.4100000e+03  -4.6062596e+00
   3.4200000e+03  -4.5954214e+00
   3.4300000e+03  -4.5988503e+00
   3.4400000e+03  -4.6152541e+00
   3.4500000e+03  -4.6361802e+00
   3.4600000e+03  -4.6304537e+00
   3.4700000e+03  -4.6308373e+00
   3.4800000e+03  -4.6002087e+00
   3.4900000e+03  -4.6122225e+00
