   0.0000000e+00   1.7379339e+01
   1.0000000e+01   1.7396094e+01
   2.0000000e+01   1.7373570e+01
   3.0000000e+01   1.7382000e+01
   4.0000000e+01   1.7387988e+01
   5.0000000e+01   1.7385499e+01
   6.0000000e+01   1.7334827e+01
   7.0000000e+01   1.7267030e+01
   8.0000000e+01   1.7228903e+01
   9.0000000e+01   1.7193378e+01
   1.0000000e+02   1.7165795e+01
   1.1000000e+02   1.7055689e+01
   1.2000000e+02   1.6920454e+01
   1.3000000e+02   1.6775767e+01
   1.4000000e+02   1.6659553e+01
   1.5000000e+02   1.6538448e+01
   1.6000000e+02   1.6418433e+01
   1.7000000e+02   1.6291240e+01
   1.8000000e+02   1.6178296e+01
   1.9000000e+02   1.6063350e+01
   2.0000000e+02   1.5964931e+01
   2.1000000e+02   1.5876746e+01
   2.2000000e+02   1.5780884e+01
   2.3000000e+02   1.5705177e+01
   2.4000000e+02   1.5608725e+01
   2.5000000e+02   1.5541708e+01
   2.6000000e+02   1.5433045e+01
   2.7000000e+02   1.5397236e+01
   2.8000000e+02   1.5295966e+01
   2.9000000e+02   1.5201824e+01
   3.0000000e+02   1.5128397e+01
   3.1000000e+02   1.5052996e+01
   3.2000000e+02   1.5015243e+01
   3.3000000e+02   1.4961649e+01
   3.4000000e+02   1.4919586e+01
   3.5000000e+02   1.4847002e+01
   3.6000000e+02   1.4802107e+01
   3.7000000e+02   1.4786726e+01
   3.8000000e+02   1.4726365e+01
   3.9000000e+02   1.4680768e+01
   4.0000000e+02   1.4630308e+01
   4.1000000e+02   1.4589374e+01
   4.2000000e+02   1.4545008e+01
   4.3000000e+02   1.4513890e+01
   4.4000000e+02   1.4464416e+01
   4.5000000e+02   1.4419643e+01
   4.6000000e+02   1.4399004e+01
   4.7000000e+02   1.4366831e+01
   4.8000000e+02   1.4336004e+01
   4.9000000e+02   1.4328164e+01
   5.0000000e+02   1.4284957e+01
   5.1000000e+02   1.4264528e+01
   5.2000000e+02   1.4231140e+01
   5.3000000e+02   1.4169240e+01
   5.4000000e+02   1.4152434e+01
   5.5000000e+02   1.4123673e+01
   5.6000000e+02   1.4105224e+01
   5.7000000e+02   1.4069958e+01
   5.8000000e+02   1.4036308e+01
   5.9000000e+02   1.4036109e+01
   6.0000000e+02   1.4018920e+01
   6.1000000e+02   1.4006117e+01
   6.2000000e+02   1.4001569e+01
   6.3000000e+02   1.3969277e+01
   6.4000000e+02   1.3948438e+01
   6.5000000e+02   1.3933491e+01
   6.6000000e+02   1.3891118e+01
   6.7000000e+02   1.3890002e+01
   6.8000000e+02   1.3868868e+01
   6.9000000e+02   1.3863537e+01
   7.0000000e+02   1.3855756e+01
   7.1000000e+02   1.3846628e+01
   7.2000000e+02   1.3849934e+01
   7.3000000e+02   1.3831250e+01
   7.4000000e+02   1.3821080e+01
   7.5000000e+02   1.3801660e+01
   7.6000000e+02   1.3774437e+01
   7.7000000e+02   1.3757173e+01
   7.8000000e+02   1.3752723e+01
   7.9000000e+02   1.3730828e+01
   8.0000000e+02   1.3717508e+01
   8.1000000e+02   1.3705487e+01
   8.2000000e+02   1.3715739e+01
   8.3000000e+02   1.3704930e+01
   8.4000000e+02   1.3701191e+01
   8.5000000e+02   1.3703380e+01
   8.6000000e+02   1.3692916e+01
   8.7000000e+02   1.3680060e+01
   8.8000000e+02   1.3671223e+01
   8.9000000e+02   1.3665903e+01
   9.0000000e+02   1.3616415e+01
   9.1000000e+02   1.3658448e+01
   9.2000000e+02   1.3645876e+01
   9.3000000e+02   1.3634835e+01
   9.4000000e+02   1.3676648e+01
   9.5000000e+02   1.3635186e+01
   9.6000000e+02   1.3715861e+01
   9.7000000e+02   1.3793261e+01
   9.8000000e+02   1.3683722e+01
   9.9000000e+02   1.3750636e+01
   1.0000000e+03   1.3698862e+01
   1.0100000e+03   1.3748051e+01
   1.0200000e+03   1.3712804e+01
   1.0300000e+03   1.3661628e+01
   1.0400000e+03   1.3684342e+01
   1.0500000e+03   1.3709249e+01
   1.0600000e+03   1.3659261e+01
   1.0700000e+03   1.3672198e+01
   1.0800000e+03   1.3689349e+01
   1.0900000e+03   1.3680795e+01
   1.1000000e+03   1.3694184e+01
   1.1100000e+03   1.3621874e+01
   1.1200000e+03   1.3672019e+01
   1.1300000e+03   1.3664961e+01
   1.1400000e+03   1.3619543e+01
   1.1500000e+03   1.3672604e+01
   1.1600000e+03   1.3648136e+01
   1.1700000e+03   1.3626118e+01
   1.1800000e+03   1.3631371e+01
   1.1900000e+03   1.3588891e+01
   1.2000000e+03   1.3646314e+01
   1.2100000e+03   1.3591447e+01
   1.2200000e+03   1.3567639e+01
   1.2300000e+03   1.3624525e+01
   1.2400000e+03   1.3622673e+01
   1.2500000e+03   1.3602505e+01
   1.2600000e+03   1.3618959e+01
   1.2700000e+03   1.3584529e+01
   1.2800000e+03   1.3591181e+01
   1.2900000e+03   1.3592160e+01
   1.3000000e+03   1.3544276e+01
   1.3100000e+03   1.3599349e+01
   1.3200000e+03   1.3546220e+01
   1.3300000e+03   1.3602542e+01
   1.3400000e+03   1.3620550e+01
   1.3500000e+03   1.3565217e+01
   1.3600000e+03   1.3576744e+01
   1.3700000e+03   1.3560788e+01
   1.3800000e+03   1.3548802e+01
   1.3900000e+03   1.3573195e+01
   1.4000000e+03   1.3577015e+01
   1.4100000e+03   1.3588579e+01
   1.4200000e+03   1.3593993e+01
   1.4300000e+03   1.3577781e+01
   1.4400000e+03   1.3584873e+01
   1.4500000e+03   1.3573378e+01
   1.4600000e+03   1.3570093e+01
   1.4700000e+03   1.3571965e+01
   1.4800000e+03   1.3515381e+01
   1.4900000e+03   1.3560396e+01
   1.5000000e+03   1.3594125e+01
   1.5100000e+03   1.3533304e+01
   1.5200000e+03   1.3565551e+01
   1.5300000e+03   1.3542209e+01
   1.5400000e+03   1.3504444e+01
   1.5500000e+03   1.3543061e+01
   1.5600000e+03   1.3484576e+01
   1.5700000e+03   1.3543669e+01
   1.5800000e+03   1.3539622e+01
   1.5900000e+03   1.3520408e+01
   1.6000000e+03   1.3576693e+01
   1.6100000e+03   1.3556376e+01
   1.6200000e+03   1.3536525e+01
   1.6300000e+03   1.3561383e+01
   1.6400000e+03   1.3532392e+01
   1.6500000e+03   1.3591423e+01
   1.6600000e+03   1.3563902e+01
   1.6700000e+03   1.3562197e+01
   1.6800000e+03   1.3605655e+01
   1.6900000e+03   1.3553520e+01
   1.7000000e+03   1.3531844e+01
   1.7100000e+03   1.3572264e+01
   1.7200000e+03   1.3543887e+01
   1.7300000e+03   1.3596351e+01
   1.7400000e+03   1.3553858e+01
   1.7500000e+03   1.3559567e+01
   1.7600000e+03   1.3574146e+01
   1.7700000e+03   1.3539372e+01
   1.7800000e+03   1.3536111e+01
   1.7900000e+03   1.3576531e+01
   1.8000000e+03   1.3502866e+01
   1.8100000e+03   1.3525900e+01
   1.8200000e+03   1.3533471e+01
   1.8300000e+03   1.3563342e+01
   1.8400000e+03   1.3576427e+01
   1.8500000e+03   1.3505103e+01
   1.8600000e+03   1.3518763e+01
   1.8700000e+03   1.3504047e+01
   1.8800000e+03   1.3454225e+01
   1.8900000e+03   1.3497343e+01
   1.9000000e+03   1.3496680e+01
   1.9100000e+03   1.3525769e+01
   1.9200000e+03   1.3501421e+01
   1.9300000e+03   1.3495956e+01
   1.9400000e+03   1.3518746e+01
   1.9500000e+03   1.3520192e+01
   1.9600000e+03   1.3510267e+01
   1.9700000e+03   1.3539527e+01
   1.9800000e+03   1.3513294e+01
   1.9900000e+03   1.3493811e+01
   2.0000000e+03   1.3490772e+01
   2.0100000e+03   1.3443707e+01
   2.0200000e+03   1.3485246e+01
   2.0300000e+03   1.3483003e+01
   2.0400000e+03   1.3468545e+01
   2.0500000e+03   1.3543214e+01
   2.0600000e+03   1.3498552e+01
   2.0700000e+03   1.3495035e+01
   2.0800000e+03   1.3521121e+01
   2.0900000e+03   1.3467452e+01
   2.1000000e+03   1.3505766e+01
   2.1100000e+03   1.3451680e+01
   2.1200000e+03   1.3445380e+01
   2.1300000e+03   1.3494771e+01
   2.1400000e+03   1.3415465e+01
   2.1500000e+03   1.3442077e+01
   2.1600000e+03   1.3480575e+01
   2.1700000e+03   1.3466065e+01
   2.1800000e+03   1.3486930e+01
   2.1900000e+03   1.3445084e+01
   2.2000000e+03   1.3451760e+01
   2.2100000e+03   1.3480051e+01
   2.2200000e+03   1.3435239e+01
   2.2300000e+03   1.3459156e+01
   2.2400000e+03   1.3509417e+01
   2.2500000e+03   1.3412726e+01
   2.2600000e+03   1.3482544e+01
   2.2700000e+03   1.3447192e+01
   2.2800000e+03   1.3472396e+01
   2.2900000e+03   1.3490897e+01
   2.3000000e+03   1.3419323e+01
   2.3100000e+03   1.3460543e+01
   2.3200000e+03   1.3457074e+01
   2.3300000e+03   1.3438717e+01
   2.3400000e+03   1.3474214e+01
   2.3500000e+03   1.3464484e+01
   2.3600000e+03   1.3485779e+01
   2.3700000e+03   1.3506828e+01
   2.3800000e+03   1.3480569e+01
   2.3900000e+03   1.3499218e+01
   2.4000000e+03   1.3477443e+01
   2.4100000e+03   1.3427804e+01
   2.4200000e+03   1.3510794e+01
   2.4300000e+03   1.3494828e+01
   2.4400000e+03   1.3452456e+01
   2.4500000e+03   1.3467036e+01
   2.4600000e+03   1.3475674e+01
   2.4700000e+03   1.3509896e+01
   2.4800000e+03   1.3510606e+01
   2.4900000e+03   1.3471469e+01
   2.5000000e+03   1.3488868e+01
   2.5100000e+03   1.3445111e+01
   2.5200000e+03   1.3465512e+01
   2.5300000e+03   1.3475204e+01
   2.5400000e+03   1.3444264e+01
   2.5500000e+03   1.3490776e+01
   2.5600000e+03   1.3433872e+01
   2.5700000e+03   1.3477775e+01
   2.5800000e+03   1.3490347e+01
   2.5900000e+03   1.3451761e+01
   2.6000000e+03   1.3450952e+01
   2.6100000e+03   1.3466110e+01
   2.6200000e+03   1.3405884e+01
   2.6300000e+03   1.3439495e+01
   2.6400000e+03   1.3394389e+01
   2.6500000e+03   1.3410820e+01
   2.6600000e+03   1.3471033e+01
   2.6700000e+03   1.3367661e+01
   2.6800000e+03   1.3416908e+01
   2.6900000e+03   1.3413048e+01
   2.7000000e+03   1.3411123e+01
   2.7100000e+03   1.3415350e+01
   2.7200000e+03   1.3430874e+01
   2.7300000e+03   1.3420996e+01
   2.7400000e+03   1.3513262e+01
   2.7500000e+03   1.3390691e+01
   2.7600000e+03   1.3433885e+01
   2.7700000e+03   1.3411607e+01
   2.7800000e+03   1.3388814e+01
   2.7900000e+03   1.3458095e+01
   2.8000000e+03   1.3413638e+01
   2.8100000e+03   1.3439627e+01
   2.8200000e+03   1.3428108e+01
   2.8300000e+03   1.3395144e+01
   2.8400000e+03   1.3440825e+01
   2.8500000e+03   1.3432798e+01
   2.8600000e+03   1.3392605e+01
   2.8700000e+03   1.3448224e+01
   2.8800000e+03   1.3384528e+01
   2.8900000e+03   1.3364566e+01
   2.9000000e+03   1.3376501e+01
   2.9100000e+03   1.3326602e+01
   2.9200000e+03   1.3377603e+01
   2.9300000e+03   1.3383986e+01
   2.9400000e+03   1.3332677e+01
   2.9500000e+03   1.3375787e+01
   2.9600000e+03   1.3325213e+01
   2.9700000e+03   1.3374462e+01
   2.9800000e+03   1.3371852e+01
   2.9900000e+03   1.3328557e+01
   3.0000000e+03   1.3372402e+01
   3.0100000e+03   1.3319648e+01
   3.0200000e+03   1.3379117e+01
   3.0300000e+03   1.3397019e+01
   3.0400000e+03   1.3357598e+01
   3.0500000e+03   1.3387608e+01
   3.0600000e+03   1.3399040e+01
   3.0700000e+03   1.3346777e+01
   3.0800000e+03   1.3408965e+01
   3.0900000e+03   1.3390351e+01
   3.1000000e+03   1.3411905e+01
   3.1100000e+03   1.3386552e+01
   3.1200000e+03   1.3347290e+01
   3.1300000e+03   1.3389639e+01
   3.1400000e+03   1.3429096e+01
   3.1500000e+03   1.3370045e+01
   3.1600000e+03   1.3418190e+01
   3.1700000e+03   1.3417552e+01
   3.1800000e+03   1.3405850e+01
   3.1900000e+03   1.3405310e+01
   3.2000000e+03   1.3396794e+01
   3.2100000e+03   1.3430565e+01
   3.2200000e+03   1.3430920e+01
   3.2300000e+03   1.3406045e+01
   3.2400000e+03   1.3400506e+01
   3.2500000e+03   1.3387823e+01
   3.2600000e+03   1.3380692e+01
   3.2700000e+03   1.3401682e+01
   3.2800000e+03   1.3391132e+01
   3.2900000e+03   1.3392247e+01
   3.3000000e+03   1.3365692e+01
   3.3100000e+03   1.3414389e+01
   3.3200000e+03   1.3406069e+01
   3.3300000e+03   1.3360864e+01
   3.3400000e+03   1.3368682e+01
   3.3500000e+03   1.3403079e+01
   3.3600000e+03   1.3361489e+01
   3.3700000e+03   1.3370092e+01
   3.3800000e+03   1.3379135e+01
   3.3900000e+03   1.3384417e+01
   3.4000000e+03   1.3439644e+01
   3.4100000e+03   1.3401891e+01
   3.4200000e+03   1.3411694e+01
   3.4300000e+03   1.3415836e+01
   3.4400000e+03   1.3409978e+01
   3.4500000e+03   1.3454949e+01
   3.4600000e+03   1.3427955e+01
   3.4700000e+03   1.3439155e+01
   3.4800000e+03   1.3459348e+01
   3.4900000e+03   1.3376526e+01
