   0.0000000e+00   2.4874566e+01
   1.0000000e+01   2.4862000e+01
   2.0000000e+01   2.4860877e+01
   3.0000000e+01   2.4865321e+01
   4.0000000e+01   2.4844270e+01
   5.0000000e+01   2.4848974e+01
   6.0000000e+01   2.4839795e+01
   7.0000000e+01   2.4821145e+01
   8.0000000e+01   2.4807825e+01
   9.0000000e+01   2.4802064e+01
   1.0000000e+02   2.4785610e+01
   1.1000000e+02   2.4771107e+01
   1.2000000e+02   2.4761707e+01
   1.3000000e+02   2.4758821e+01
   1.4000000e+02   2.4761255e+01
   1.5000000e+02   2.4772330e+01
   1.6000000e+02   2.4796516e+01
   1.7000000e+02   2.4799395e+01
   1.8000000e+02   2.4841695e+01
   1.9000000e+02   2.4872174e+01
   2.0000000e+02   2.4878026e+01
   2.1000000e+02   2.4898220e+01
   2.2000000e+02   2.4931032e+01
   2.3000000e+02   2.4957277e+01
   2.4000000e+02   2.4981731e+01
   2.5000000e+02   2.5000091e+01
   2.6000000e+02   2.5015955e+01
   2.7000000e+02   2.5028740e+01
   2.8000000e+02   2.5045444e+01
   2.9000000e+02   2.5040346e+01
   3.0000000e+02   2.5050241e+01
   3.1000000e+02   2.5062359e+01
   3.2000000e+02   2.5063704e+01
   3.3000000e+02   2.5087422e+01
   3.4000000e+02   2.5075622e+01
   3.5000000e+02   2.5086504e+01
   3.6000000e+02   2.5104304e+01
   3.7000000e+02   2.5107888e+01
   3.8000000e+02   2.5109178e+01
   3.9000000e+02   2.5114129e+01
   4.0000000e+02   2.5114456e+01
   4.1000000e+02   2.5118200e+01
   4.2000000e+02   2.5126760e+01
   4.3000000e+02   2.5114672e+01
   4.4000000e+02   2.5132443e+01
   4.5000000e+02   2.5146063e+01
   4.6000000e+02   2.5145763e+01
   4.7000000e+02   2.5144705e+01
   4.8000000e+02   2.5151338e+01
   4.9000000e+02   2.5148353e+01
   5.0000000e+02   2.5146885e+01
   5.1000000e+02   2.5153450e+01
   5.2000000e+02   2.5155999e+01
   5.3000000e+02   2.5166498e+01
