   0.0000000e+00  -3.8926834e-03
   1.0000000e+01  -2.5798961e-03
   2.0000000e+01  -9.2864193e-03
   3.0000000e+01  -3.0466055e-02
   4.0000000e+01  -6.4801415e-02
   5.0000000e+01  -1.0559687e-01
   6.0000000e+01  -3.1323568e-02
   7.0000000e+01   5.4518957e-02
   8.0000000e+01   1.2751511e-01
   9.0000000e+01   1.5952941e-01
   1.0000000e+02   2.0340789e-01
   1.1000000e+02   2.2719730e-01
   1.2000000e+02   2.4646194e-01
   1.3000000e+02   2.5483210e-01
   1.4000000e+02   1.8966125e-01
   1.5000000e+02   4.6961503e-02
   1.6000000e+02  -1.0013693e-01
   1.7000000e+02  -2.3240406e-01
   1.8000000e+02  -3.4620198e-01
   1.9000000e+02  -4.7412565e-01
   2.0000000e+02  -5.9277714e-01
   2.1000000e+02  -6.9675535e-01
   2.2000000e+02  -8.0922210e-01
   2.3000000e+02  -9.0006722e-01
   2.4000000e+02  -9.8829320e-01
   2.5000000e+02  -1.0581551e+00
   2.6000000e+02  -1.1508963e+00
   2.7000000e+02  -1.2172624e+00
   2.8000000e+02  -1.3054235e+00
   2.9000000e+02  -1.3504860e+00
   3.0000000e+02  -1.4061974e+00
   3.1000000e+02  -1.4513863e+00
   3.2000000e+02  -1.5034790e+00
   3.3000000e+02  -1.5490463e+00
   3.4000000e+02  -1.5916582e+00
   3.5000000e+02  -1.6155416e+00
   3.6000000e+02  -1.6616800e+00
   3.7000000e+02  -1.6834787e+00
   3.8000000e+02  -1.7262370e+00
   3.9000000e+02  -1.7504907e+00
   4.0000000e+02  -1.7655905e+00
   4.1000000e+02  -1.7899900e+00
   4.2000000e+02  -1.8126323e+00
   4.3000000e+02  -1.8348811e+00
   4.4000000e+02  -1.8659554e+00
   4.5000000e+02  -1.8821572e+00
   4.6000000e+02  -1.8977411e+00
   4.7000000e+02  -1.9161504e+00
   4.8000000e+02  -1.9338637e+00
   4.9000000e+02  -1.9384103e+00
   5.0000000e+02  -1.9484413e+00
   5.1000000e+02  -1.9616429e+00
   5.2000000e+02  -1.9818798e+00
   5.3000000e+02  -2.0006265e+00
