   0.0000000e+00   2.5796565e-03
   1.0000000e+01   2.0309159e-04
   2.0000000e+01  -4.5563155e-05
   3.0000000e+01   2.1435098e-02
   4.0000000e+01   1.8219550e+00
   5.0000000e+01   5.5023738e+00
   6.0000000e+01   1.0427346e+01
   7.0000000e+01   1.3489078e+01
   8.0000000e+01   1.5738700e+01
   9.0000000e+01   1.7416932e+01
   1.0000000e+02   1.9364158e+01
   1.1000000e+02   2.0698580e+01
   1.2000000e+02   2.1662244e+01
   1.3000000e+02   2.2689345e+01
   1.4000000e+02   2.3542037e+01
   1.5000000e+02   2.3515206e+01
   1.6000000e+02   2.2248557e+01
   1.7000000e+02   2.0847767e+01
   1.8000000e+02   1.8463991e+01
   1.9000000e+02   1.6056729e+01
   2.0000000e+02   1.4481563e+01
   2.1000000e+02   1.3091832e+01
   2.2000000e+02   1.2034240e+01
   2.3000000e+02   1.1003182e+01
   2.4000000e+02   1.0188655e+01
   2.5000000e+02   9.4547726e+00
   2.6000000e+02   8.7926286e+00
   2.7000000e+02   8.2211926e+00
   2.8000000e+02   7.6628701e+00
   2.9000000e+02   7.1401333e+00
   3.0000000e+02   6.7511434e+00
   3.1000000e+02   6.3917061e+00
   3.2000000e+02   6.0220859e+00
   3.3000000e+02   5.8700117e+00
   3.4000000e+02   5.7121375e+00
   3.5000000e+02   5.8182148e+00
   3.6000000e+02   6.0814723e+00
   3.7000000e+02   6.8765511e+00
   3.8000000e+02   7.7122948e+00
   3.9000000e+02   8.0718174e+00
   4.0000000e+02   8.6511523e+00
   4.1000000e+02   8.8355437e+00
   4.2000000e+02   9.0950230e+00
   4.3000000e+02   9.1996423e+00
   4.4000000e+02   9.1389539e+00
   4.5000000e+02   9.0031382e+00
   4.6000000e+02   8.9900036e+00
   4.7000000e+02   8.6916942e+00
   4.8000000e+02   8.6823942e+00
   4.9000000e+02   8.3604388e+00
   5.0000000e+02   8.3280896e+00
   5.1000000e+02   8.1489276e+00
   5.2000000e+02   7.7954773e+00
   5.3000000e+02   7.7155676e+00
