   0.0000000e+00   2.5346017e+01
   1.0000000e+01   2.5336722e+01
   2.0000000e+01   2.5351461e+01
   3.0000000e+01   2.5366488e+01
   4.0000000e+01   2.5500705e+01
   5.0000000e+01   2.5855949e+01
   6.0000000e+01   2.6058749e+01
   7.0000000e+01   2.6298645e+01
   8.0000000e+01   2.6679741e+01
   9.0000000e+01   2.7020712e+01
   1.0000000e+02   2.7426809e+01
   1.1000000e+02   2.7818691e+01
   1.2000000e+02   2.8204307e+01
   1.3000000e+02   2.8570645e+01
   1.4000000e+02   2.8978467e+01
   1.5000000e+02   2.9333948e+01
   1.6000000e+02   2.9683801e+01
   1.7000000e+02   2.9920442e+01
   1.8000000e+02   3.0093015e+01
   1.9000000e+02   3.0218011e+01
   2.0000000e+02   3.0280852e+01
   2.1000000e+02   3.0317213e+01
   2.2000000e+02   3.0347667e+01
   2.3000000e+02   3.0346385e+01
   2.4000000e+02   3.0341748e+01
   2.5000000e+02   3.0307867e+01
   2.6000000e+02   3.0255834e+01
   2.7000000e+02   3.0197892e+01
   2.8000000e+02   3.0117596e+01
   2.9000000e+02   3.0046859e+01
   3.0000000e+02   2.9950609e+01
   3.1000000e+02   2.9860453e+01
   3.2000000e+02   2.9762508e+01
   3.3000000e+02   2.9670355e+01
   3.4000000e+02   2.9578380e+01
   3.5000000e+02   2.9519720e+01
   3.6000000e+02   2.9452480e+01
   3.7000000e+02   2.9437234e+01
   3.8000000e+02   2.9396323e+01
   3.9000000e+02   2.9396095e+01
   4.0000000e+02   2.9415306e+01
   4.1000000e+02   2.9407353e+01
   4.2000000e+02   2.9448696e+01
   4.3000000e+02   2.9455286e+01
   4.4000000e+02   2.9476301e+01
   4.5000000e+02   2.9493957e+01
   4.6000000e+02   2.9508782e+01
   4.7000000e+02   2.9524933e+01
   4.8000000e+02   2.9519267e+01
   4.9000000e+02   2.9523935e+01
   5.0000000e+02   2.9527973e+01
   5.1000000e+02   2.9529549e+01
   5.2000000e+02   2.9507135e+01
   5.3000000e+02   2.9497457e+01
