   0.0000000e+00   2.5438936e+01
   1.0000000e+01   2.5443246e+01
   2.0000000e+01   2.5440692e+01
   3.0000000e+01   2.5445803e+01
   4.0000000e+01   2.5456670e+01
   5.0000000e+01   2.5639976e+01
   6.0000000e+01   2.9315700e+01
   7.0000000e+01   3.3151797e+01
   8.0000000e+01   3.6328088e+01
   9.0000000e+01   3.7753463e+01
   1.0000000e+02   3.9317096e+01
   1.1000000e+02   4.0931278e+01
   1.2000000e+02   4.1771360e+01
   1.3000000e+02   4.2386534e+01
   1.4000000e+02   4.3115752e+01
   1.5000000e+02   4.3206087e+01
   1.6000000e+02   4.3033039e+01
   1.7000000e+02   4.1787414e+01
   1.8000000e+02   4.0144379e+01
   1.9000000e+02   3.8711893e+01
   2.0000000e+02   3.7311381e+01
   2.1000000e+02   3.6263958e+01
   2.2000000e+02   3.5467764e+01
   2.3000000e+02   3.4603949e+01
   2.4000000e+02   3.3855044e+01
   2.5000000e+02   3.3167088e+01
   2.6000000e+02   3.2556767e+01
   2.7000000e+02   3.2121440e+01
   2.8000000e+02   3.1573303e+01
   2.9000000e+02   3.1196116e+01
   3.0000000e+02   3.0857537e+01
   3.1000000e+02   3.0575886e+01
   3.2000000e+02   3.0268710e+01
   3.3000000e+02   3.0050580e+01
   3.4000000e+02   2.9864504e+01
   3.5000000e+02   2.9821474e+01
   3.6000000e+02   2.9837834e+01
   3.7000000e+02   3.0146068e+01
   3.8000000e+02   3.0625906e+01
   3.9000000e+02   3.0855549e+01
   4.0000000e+02   3.1180457e+01
   4.1000000e+02   3.1693631e+01
   4.2000000e+02   3.1595065e+01
   4.3000000e+02   3.1768505e+01
   4.4000000e+02   3.2012218e+01
   4.5000000e+02   3.1954673e+01
   4.6000000e+02   3.2007730e+01
   4.7000000e+02   3.1768328e+01
   4.8000000e+02   3.1884596e+01
   4.9000000e+02   3.1795063e+01
   5.0000000e+02   3.1761506e+01
   5.1000000e+02   3.1795394e+01
   5.2000000e+02   3.1408327e+01
   5.3000000e+02   3.1300305e+01
