   0.0000000e+00   8.7986790e-03
   1.0000000e+01   1.7682855e-02
   2.0000000e+01  -2.4888693e-01
   3.0000000e+01  -1.9283318e+00
   4.0000000e+01  -2.3378053e+00
   5.0000000e+01  -2.6217595e+00
   6.0000000e+01  -2.6341927e+00
   7.0000000e+01  -2.5715174e+00
   8.0000000e+01  -2.6528203e+00
   9.0000000e+01  -2.8710446e+00
   1.0000000e+02  -2.9182850e+00
   1.1000000e+02  -2.8967515e+00
   1.2000000e+02  -2.8622431e+00
   1.3000000e+02  -2.7678060e+00
   1.4000000e+02  -2.6548697e+00
   1.5000000e+02  -2.5834431e+00
   1.6000000e+02  -2.5511224e+00
   1.7000000e+02  -2.5517042e+00
   1.8000000e+02  -2.5342860e+00
   1.9000000e+02  -2.5541341e+00
   2.0000000e+02  -2.5767009e+00
   2.1000000e+02  -2.6038505e+00
   2.2000000e+02  -2.6243650e+00
   2.3000000e+02  -2.6678725e+00
   2.4000000e+02  -2.6956084e+00
   2.5000000e+02  -2.7167369e+00
   2.6000000e+02  -2.7338942e+00
   2.7000000e+02  -2.7515952e+00
   2.8000000e+02  -2.7558894e+00
   2.9000000e+02  -2.7640043e+00
   3.0000000e+02  -2.7728127e+00
   3.1000000e+02  -2.7710692e+00
   3.2000000e+02  -2.7817418e+00
   3.3000000e+02  -2.7637481e+00
   3.4000000e+02  -2.7882903e+00
   3.5000000e+02  -2.7813131e+00
   3.6000000e+02  -2.7720242e+00
   3.7000000e+02  -2.7617283e+00
   3.8000000e+02  -2.7639024e+00
   3.9000000e+02  -2.7681866e+00
   4.0000000e+02  -2.7618489e+00
   4.1000000e+02  -2.7541660e+00
   4.2000000e+02  -2.7488219e+00
   4.3000000e+02  -2.7493801e+00
   4.4000000e+02  -2.7350339e+00
   4.5000000e+02  -2.7257747e+00
   4.6000000e+02  -2.7390202e+00
   4.7000000e+02  -2.7236683e+00
   4.8000000e+02  -2.7214119e+00
   4.9000000e+02  -2.7135387e+00
   5.0000000e+02  -2.7261064e+00
   5.1000000e+02  -2.7139774e+00
   5.2000000e+02  -2.7162767e+00
   5.3000000e+02  -2.6891098e+00
