   0.0000000e+00  -2.9979226e-04
   1.0000000e+01   2.1272045e-03
   2.0000000e+01  -1.1906236e-02
   3.0000000e+01  -6.7732123e-03
   4.0000000e+01  -2.4814604e-02
   5.0000000e+01  -1.0891448e-02
   6.0000000e+01   1.0811392e-01
   7.0000000e+01   2.7234690e+00
   8.0000000e+01   6.1856380e+00
   9.0000000e+01   9.2891450e+00
   1.0000000e+02   1.2139546e+01
   1.1000000e+02   1.2644353e+01
   1.2000000e+02   1.1842815e+01
   1.3000000e+02   1.0912279e+01
   1.4000000e+02   1.0042628e+01
   1.5000000e+02   9.2941994e+00
   1.6000000e+02   8.6901936e+00
   1.7000000e+02   8.1491410e+00
   1.8000000e+02   7.6677556e+00
   1.9000000e+02   7.2151799e+00
   2.0000000e+02   6.8252323e+00
   2.1000000e+02   6.4869685e+00
   2.2000000e+02   6.1794729e+00
   2.3000000e+02   5.8965419e+00
   2.4000000e+02   5.6583073e+00
   2.5000000e+02   5.5373564e+00
   2.6000000e+02   5.4517559e+00
   2.7000000e+02   5.5644671e+00
   2.8000000e+02   6.2340296e+00
   2.9000000e+02   6.8395984e+00
   3.0000000e+02   6.8235403e+00
   3.1000000e+02   6.7095821e+00
   3.2000000e+02   6.5927001e+00
   3.3000000e+02   6.6093877e+00
   3.4000000e+02   6.4180226e+00
   3.5000000e+02   6.1004056e+00
   3.6000000e+02   5.9888084e+00
   3.7000000e+02   5.8616903e+00
   3.8000000e+02   5.8854421e+00
   3.9000000e+02   6.1425320e+00
   4.0000000e+02   6.0690461e+00
   4.1000000e+02   6.0422793e+00
   4.2000000e+02   6.1374355e+00
   4.3000000e+02   6.2388788e+00
   4.4000000e+02   6.2728126e+00
   4.5000000e+02   6.3246200e+00
   4.6000000e+02   6.3568652e+00
   4.7000000e+02   6.3214372e+00
   4.8000000e+02   6.1146443e+00
   4.9000000e+02   6.1178668e+00
   5.0000000e+02   6.1487273e+00
   5.1000000e+02   5.9723246e+00
   5.2000000e+02   5.7008664e+00
   5.3000000e+02   5.6411339e+00
