   0.0000000e+00   2.9559728e-03
   1.0000000e+01   1.8531100e-02
   2.0000000e+01   3.3971765e-04
   3.0000000e+01  -1.4130475e-02
   4.0000000e+01  -1.8571455e-02
   5.0000000e+01  -9.0244236e-03
   6.0000000e+01  -1.8893875e-02
   7.0000000e+01  -2.7162238e-02
   8.0000000e+01  -3.2176438e-02
   9.0000000e+01  -2.3405130e-02
   1.0000000e+02  -2.5555730e-02
   1.1000000e+02  -3.2444208e-02
   1.2000000e+02  -4.3687185e-02
   1.3000000e+02  -4.1037570e-02
   1.4000000e+02  -5.1290410e-02
   1.5000000e+02  -5.7977488e-02
   1.6000000e+02  -4.5098694e-02
   1.7000000e+02  -5.3752568e-02
   1.8000000e+02  -5.4822675e-02
   1.9000000e+02  -3.7263172e-02
   2.0000000e+02  -4.3868016e-02
   2.1000000e+02  -4.9509730e-02
   2.2000000e+02  -3.0307573e-02
   2.3000000e+02  -3.1511552e-02
   2.4000000e+02  -1.2825010e-02
   2.5000000e+02  -8.9961682e-03
   2.6000000e+02  -3.2804814e-03
   2.7000000e+02   5.5832976e-03
   2.8000000e+02   1.6752378e-02
   2.9000000e+02   1.5575528e-02
   3.0000000e+02   2.3855259e-02
   3.1000000e+02   4.0355995e-02
   3.2000000e+02   4.6083853e-02
   3.3000000e+02   5.8269618e-02
   3.4000000e+02   6.0769598e-02
   3.5000000e+02   6.6346574e-02
   3.6000000e+02   8.0226415e-02
   3.7000000e+02   9.6725177e-02
   3.8000000e+02   1.0747147e-01
   3.9000000e+02   9.7892987e-02
   4.0000000e+02   1.0859762e-01
   4.1000000e+02   1.2225864e-01
   4.2000000e+02   1.2759003e-01
   4.3000000e+02   1.4063993e-01
   4.4000000e+02   1.5103138e-01
   4.5000000e+02   1.6626453e-01
   4.6000000e+02   1.7957158e-01
   4.7000000e+02   1.8381711e-01
   4.8000000e+02   1.8399258e-01
   4.9000000e+02   1.9161628e-01
   5.0000000e+02   1.9499101e-01
   5.1000000e+02   2.1031919e-01
   5.2000000e+02   2.1286822e-01
   5.3000000e+02   2.2636367e-01
