   0.0000000e+00  -3.0860174e-03
   1.0000000e+01   3.7616357e-03
   2.0000000e+01  -1.5954885e-01
   3.0000000e+01  -1.6066305e-01
   4.0000000e+01  -4.2430485e-01
   5.0000000e+01  -4.0281884e-01
   6.0000000e+01   1.3229624e-01
   7.0000000e+01   5.6231654e-01
   8.0000000e+01   7.1548116e-01
   9.0000000e+01   7.1498068e-01
   1.0000000e+02   7.0974520e-01
   1.1000000e+02   6.9710805e-01
   1.2000000e+02   7.8319741e-01
   1.3000000e+02   5.9151088e-01
   1.4000000e+02  -7.1283901e-02
   1.5000000e+02  -8.0398838e-01
   1.6000000e+02  -1.3452811e+00
   1.7000000e+02  -1.7095744e+00
   1.8000000e+02  -2.0085713e+00
   1.9000000e+02  -2.2984434e+00
   2.0000000e+02  -2.5028062e+00
   2.1000000e+02  -2.6770049e+00
   2.2000000e+02  -2.8014585e+00
   2.3000000e+02  -2.9065670e+00
   2.4000000e+02  -2.9836167e+00
   2.5000000e+02  -3.0492063e+00
   2.6000000e+02  -3.1298509e+00
   2.7000000e+02  -3.1570130e+00
   2.8000000e+02  -3.2201116e+00
   2.9000000e+02  -3.2444319e+00
   3.0000000e+02  -3.2824241e+00
   3.1000000e+02  -3.2955341e+00
   3.2000000e+02  -3.3106994e+00
   3.3000000e+02  -3.3251101e+00
   3.4000000e+02  -3.3305449e+00
   3.5000000e+02  -3.3220797e+00
   3.6000000e+02  -3.3365950e+00
   3.7000000e+02  -3.3359872e+00
   3.8000000e+02  -3.3334674e+00
   3.9000000e+02  -3.3417936e+00
   4.0000000e+02  -3.3300810e+00
   4.1000000e+02  -3.3390149e+00
   4.2000000e+02  -3.3339290e+00
   4.3000000e+02  -3.3377012e+00
   4.4000000e+02  -3.3419823e+00
   4.5000000e+02  -3.3366919e+00
   4.6000000e+02  -3.3337897e+00
   4.7000000e+02  -3.3385738e+00
   4.8000000e+02  -3.3424295e+00
   4.9000000e+02  -3.3361095e+00
   5.0000000e+02  -3.3338927e+00
   5.1000000e+02  -3.3415583e+00
   5.2000000e+02  -3.3400749e+00
   5.3000000e+02  -3.3431135e+00
