   0.0000000e+00   2.5361004e+01
   1.0000000e+01   2.5347790e+01
   2.0000000e+01   2.5351000e+01
   3.0000000e+01   2.5357726e+01
   4.0000000e+01   2.8480754e+01
   5.0000000e+01   3.2257552e+01
   6.0000000e+01   3.4662270e+01
   7.0000000e+01   3.6424726e+01
   8.0000000e+01   3.7957015e+01
   9.0000000e+01   3.9948221e+01
   1.0000000e+02   4.0567306e+01
   1.1000000e+02   4.1339404e+01
   1.2000000e+02   4.1801340e+01
   1.3000000e+02   4.2659132e+01
   1.4000000e+02   4.3139119e+01
   1.5000000e+02   4.2677418e+01
   1.6000000e+02   4.2075680e+01
   1.7000000e+02   4.0213581e+01
   1.8000000e+02   3.8954040e+01
   1.9000000e+02   3.7228430e+01
   2.0000000e+02   3.6496627e+01
   2.1000000e+02   3.5376929e+01
   2.2000000e+02   3.4452067e+01
   2.3000000e+02   3.3758330e+01
   2.4000000e+02   3.3055300e+01
   2.5000000e+02   3.2599297e+01
   2.6000000e+02   3.2001480e+01
   2.7000000e+02   3.1472623e+01
   2.8000000e+02   3.1063140e+01
   2.9000000e+02   3.0828004e+01
   3.0000000e+02   3.0325225e+01
   3.1000000e+02   3.0092327e+01
   3.2000000e+02   3.0045827e+01
   3.3000000e+02   2.9871046e+01
   3.4000000e+02   2.9668634e+01
   3.5000000e+02   2.9886223e+01
   3.6000000e+02   3.0073386e+01
   3.7000000e+02   3.0762667e+01
   3.8000000e+02   3.0952116e+01
   3.9000000e+02   3.1470129e+01
   4.0000000e+02   3.2136505e+01
   4.1000000e+02   3.1956267e+01
   4.2000000e+02   3.2206007e+01
   4.3000000e+02   3.2161949e+01
   4.4000000e+02   3.2037651e+01
   4.5000000e+02   3.2058472e+01
   4.6000000e+02   3.1676575e+01
   4.7000000e+02   3.1949830e+01
   4.8000000e+02   3.1885742e+01
   4.9000000e+02   3.1716221e+01
   5.0000000e+02   3.1720709e+01
   5.1000000e+02   3.1286484e+01
   5.2000000e+02   3.1054738e+01
   5.3000000e+02   3.1210649e+01
