   0.0000000e+00   6.6687306e-03
   1.0000000e+01   8.1743196e-03
   2.0000000e+01  -1.2325113e-02
   3.0000000e+01  -7.8814102e-03
   4.0000000e+01  -1.8550754e-02
   5.0000000e+01  -2.0997957e-02
   6.0000000e+01  -2.6485368e-02
   7.0000000e+01  -4.3289316e-02
   8.0000000e+01  -5.2917473e-02
   9.0000000e+01  -5.4295241e-02
   1.0000000e+02  -7.5131209e-02
   1.1000000e+02  -7.6253351e-02
   1.2000000e+02  -8.7266826e-02
   1.3000000e+02  -9.1998880e-02
   1.4000000e+02  -8.5412713e-02
   1.5000000e+02  -7.6413856e-02
   1.6000000e+02  -5.0615971e-02
   1.7000000e+02  -3.5972051e-02
   1.8000000e+02  -1.8588369e-02
   1.9000000e+02   2.3422152e-02
   2.0000000e+02   3.9652698e-02
   2.1000000e+02   6.7225568e-02
   2.2000000e+02   1.0926090e-01
   2.3000000e+02   1.2212620e-01
   2.4000000e+02   1.5072866e-01
   2.5000000e+02   1.7462217e-01
   2.6000000e+02   1.9486678e-01
   2.7000000e+02   2.1203194e-01
   2.8000000e+02   2.3265499e-01
   2.9000000e+02   2.4185606e-01
   3.0000000e+02   2.5221012e-01
   3.1000000e+02   2.7193699e-01
   3.2000000e+02   2.7835582e-01
   3.3000000e+02   3.0460661e-01
   3.4000000e+02   3.0157172e-01
   3.5000000e+02   3.1060685e-01
   3.6000000e+02   3.2310087e-01
   3.7000000e+02   3.3198735e-01
   3.8000000e+02   3.4734389e-01
   3.9000000e+02   3.5713673e-01
   4.0000000e+02   3.5446526e-01
   4.1000000e+02   3.6051462e-01
   4.2000000e+02   3.6999578e-01
   4.3000000e+02   3.6805544e-01
   4.4000000e+02   3.7867597e-01
   4.5000000e+02   3.8721998e-01
   4.6000000e+02   3.8669018e-01
   4.7000000e+02   4.0292547e-01
   4.8000000e+02   3.9572229e-01
   4.9000000e+02   4.1302937e-01
   5.0000000e+02   4.1455900e-01
   5.1000000e+02   4.1558928e-01
   5.2000000e+02   4.1698510e-01
   5.3000000e+02   4.3001773e-01
