   0.0000000e+00   4.5496387e-03
   1.0000000e+01  -3.4287791e-03
   2.0000000e+01   5.7963976e-03
   3.0000000e+01   2.3760807e-03
   4.0000000e+01  -1.2858792e-02
   5.0000000e+01  -3.5040921e-03
   6.0000000e+01   6.7159932e-03
   7.0000000e+01   1.4027492e-01
   8.0000000e+01   4.4167954e-01
   9.0000000e+01   1.0929813e+00
   1.0000000e+02   8.1057626e-01
   1.1000000e+02   9.8076496e-01
   1.2000000e+02   1.2279645e+00
   1.3000000e+02   1.2005394e+00
   1.4000000e+02   1.0345852e+00
   1.5000000e+02   8.2193082e-01
   1.6000000e+02   4.7900140e-01
   1.7000000e+02   3.7485709e-02
   1.8000000e+02  -3.3122839e-01
   1.9000000e+02  -7.3930008e-01
   2.0000000e+02  -1.1358825e+00
   2.1000000e+02  -1.5147927e+00
   2.2000000e+02  -1.9355351e+00
   2.3000000e+02  -2.3042315e+00
   2.4000000e+02  -2.6354139e+00
   2.5000000e+02  -2.9120455e+00
   2.6000000e+02  -3.1618455e+00
   2.7000000e+02  -3.4061727e+00
   2.8000000e+02  -3.6182769e+00
   2.9000000e+02  -3.7852978e+00
   3.0000000e+02  -4.0087735e+00
   3.1000000e+02  -4.2276190e+00
   3.2000000e+02  -4.3645099e+00
   3.3000000e+02  -4.4291514e+00
   3.4000000e+02  -4.4737744e+00
   3.5000000e+02  -4.5544184e+00
   3.6000000e+02  -4.6457597e+00
   3.7000000e+02  -4.7955264e+00
   3.8000000e+02  -4.9574422e+00
   3.9000000e+02  -5.0011856e+00
   4.0000000e+02  -5.0252668e+00
   4.1000000e+02  -5.0577020e+00
   4.2000000e+02  -5.0434060e+00
   4.3000000e+02  -5.0826696e+00
   4.4000000e+02  -5.0746303e+00
   4.5000000e+02  -5.1568452e+00
   4.6000000e+02  -5.1321998e+00
   4.7000000e+02  -5.1490392e+00
   4.8000000e+02  -5.0614631e+00
   4.9000000e+02  -5.0506027e+00
   5.0000000e+02  -5.1514854e+00
   5.1000000e+02  -5.2176694e+00
   5.2000000e+02  -5.1846353e+00
   5.3000000e+02  -5.1426719e+00
   5.4000000e+02  -5.1544109e+00
   5.5000000e+02  -5.1614521e+00
   5.6000000e+02  -5.1374204e+00
   5.7000000e+02  -5.2458233e+00
   5.8000000e+02  -5.3281307e+00
   5.9000000e+02  -5.4038329e+00
   6.0000000e+02  -5.5230357e+00
   6.1000000e+02  -5.6214411e+00
   6.2000000e+02  -5.7386332e+00
   6.3000000e+02  -5.7947318e+00
   6.4000000e+02  -5.9010136e+00
   6.5000000e+02  -5.9384531e+00
   6.6000000e+02  -6.0339822e+00
   6.7000000e+02  -6.1208019e+00
   6.8000000e+02  -6.2077191e+00
   6.9000000e+02  -6.2593687e+00
   7.0000000e+02  -6.3189509e+00
   7.1000000e+02  -6.3761482e+00
   7.2000000e+02  -6.4670789e+00
   7.3000000e+02  -6.4859698e+00
   7.4000000e+02  -6.4963693e+00
   7.5000000e+02  -6.4930927e+00
   7.6000000e+02  -6.4564190e+00
   7.7000000e+02  -6.4337015e+00
   7.8000000e+02  -6.4068511e+00
   7.9000000e+02  -6.3465295e+00
   8.0000000e+02  -6.2853706e+00
   8.1000000e+02  -6.2166094e+00
   8.2000000e+02  -6.1152820e+00
   8.3000000e+02  -6.0440561e+00
   8.4000000e+02  -6.0588610e+00
   8.5000000e+02  -6.0766286e+00
   8.6000000e+02  -6.1105365e+00
   8.7000000e+02  -6.1509298e+00
   8.8000000e+02  -6.1719068e+00
   8.9000000e+02  -6.1078076e+00
   9.0000000e+02  -6.0985723e+00
   9.1000000e+02  -6.0923632e+00
   9.2000000e+02  -6.1461583e+00
   9.3000000e+02  -6.2013835e+00
   9.4000000e+02  -6.1784950e+00
   9.5000000e+02  -6.1863790e+00
   9.6000000e+02  -6.1450614e+00
   9.7000000e+02  -6.0355873e+00
   9.8000000e+02  -6.0368548e+00
   9.9000000e+02  -6.0469506e+00
   1.0000000e+03  -6.0608143e+00
   1.0100000e+03  -6.0563219e+00
   1.0200000e+03  -6.0652141e+00
   1.0300000e+03  -6.0889111e+00
   1.0400000e+03  -6.1109639e+00
   1.0500000e+03  -6.1175973e+00
   1.0600000e+03  -6.0803712e+00
   1.0700000e+03  -6.0982151e+00
   1.0800000e+03  -6.0185681e+00
   1.0900000e+03  -5.9672944e+00
   1.1000000e+03  -5.9376871e+00
   1.1100000e+03  -5.9155984e+00
   1.1200000e+03  -5.8657643e+00
   1.1300000e+03  -5.8068160e+00
   1.1400000e+03  -5.7337966e+00
   1.1500000e+03  -5.6902855e+00
   1.1600000e+03  -5.5865970e+00
   1.1700000e+03  -5.4695681e+00
   1.1800000e+03  -5.3514581e+00
   1.1900000e+03  -5.2014098e+00
   1.2000000e+03  -5.0643280e+00
   1.2100000e+03  -4.9600457e+00
   1.2200000e+03  -4.8543975e+00
   1.2300000e+03  -4.7011827e+00
   1.2400000e+03  -4.6395467e+00
   1.2500000e+03  -4.5733734e+00
   1.2600000e+03  -4.4906372e+00
   1.2700000e+03  -4.3781509e+00
   1.2800000e+03  -4.3246988e+00
   1.2900000e+03  -4.2737126e+00
   1.3000000e+03  -4.2618914e+00
   1.3100000e+03  -4.2334312e+00
   1.3200000e+03  -4.2137184e+00
   1.3300000e+03  -4.2235366e+00
   1.3400000e+03  -4.2058223e+00
   1.3500000e+03  -4.2341126e+00
   1.3600000e+03  -4.2403194e+00
   1.3700000e+03  -4.1576846e+00
   1.3800000e+03  -4.1540351e+00
   1.3900000e+03  -4.1801230e+00
   1.4000000e+03  -4.1830822e+00
   1.4100000e+03  -4.2060968e+00
   1.4200000e+03  -4.1915960e+00
   1.4300000e+03  -4.1860073e+00
   1.4400000e+03  -4.2049278e+00
   1.4500000e+03  -4.2048091e+00
   1.4600000e+03  -4.2820392e+00
   1.4700000e+03  -4.3268776e+00
   1.4800000e+03  -4.3880656e+00
   1.4900000e+03  -4.4062517e+00
   1.5000000e+03  -4.4578347e+00
   1.5100000e+03  -4.4886489e+00
   1.5200000e+03  -4.5679250e+00
   1.5300000e+03  -4.6135122e+00
   1.5400000e+03  -4.7139528e+00
   1.5500000e+03  -4.7558001e+00
   1.5600000e+03  -4.7851501e+00
   1.5700000e+03  -4.7851752e+00
   1.5800000e+03  -4.7157856e+00
   1.5900000e+03  -4.7118890e+00
   1.6000000e+03  -4.6180332e+00
   1.6100000e+03  -4.5766123e+00
   1.6200000e+03  -4.5478244e+00
   1.6300000e+03  -4.5290349e+00
   1.6400000e+03  -4.4152541e+00
   1.6500000e+03  -4.4068189e+00
   1.6600000e+03  -4.4574067e+00
   1.6700000e+03  -4.4736835e+00
   1.6800000e+03  -4.5748183e+00
   1.6900000e+03  -4.5671064e+00
   1.7000000e+03  -4.5671355e+00
   1.7100000e+03  -4.6148736e+00
   1.7200000e+03  -4.6288101e+00
   1.7300000e+03  -4.6030108e+00
   1.7400000e+03  -4.5998512e+00
   1.7500000e+03  -4.5644903e+00
   1.7600000e+03  -4.5037357e+00
   1.7700000e+03  -4.4191817e+00
   1.7800000e+03  -4.3556673e+00
   1.7900000e+03  -4.3281618e+00
   1.8000000e+03  -4.2742073e+00
   1.8100000e+03  -4.2249030e+00
   1.8200000e+03  -4.1127438e+00
   1.8300000e+03  -4.0169205e+00
   1.8400000e+03  -3.9587053e+00
   1.8500000e+03  -3.8630987e+00
   1.8600000e+03  -3.7841448e+00
   1.8700000e+03  -3.7380646e+00
   1.8800000e+03  -3.7352116e+00
   1.8900000e+03  -3.6665532e+00
   1.9000000e+03  -3.6685633e+00
   1.9100000e+03  -3.6828304e+00
   1.9200000e+03  -3.6936354e+00
   1.9300000e+03  -3.6464235e+00
   1.9400000e+03  -3.5905832e+00
   1.9500000e+03  -3.5964232e+00
   1.9600000e+03  -3.5624770e+00
   1.9700000e+03  -3.5434494e+00
   1.9800000e+03  -3.4286644e+00
   1.9900000e+03  -3.3578863e+00
   2.0000000e+03  -3.3402997e+00
   2.0100000e+03  -3.3514955e+00
   2.0200000e+03  -3.4064330e+00
   2.0300000e+03  -3.3565975e+00
   2.0400000e+03  -3.2877480e+00
   2.0500000e+03  -3.2233740e+00
   2.0600000e+03  -3.1741751e+00
   2.0700000e+03  -3.1819386e+00
   2.0800000e+03  -3.2978593e+00
   2.0900000e+03  -3.5042807e+00
   2.1000000e+03  -3.5353683e+00
   2.1100000e+03  -3.6677668e+00
   2.1200000e+03  -3.7826787e+00
   2.1300000e+03  -3.8256870e+00
   2.1400000e+03  -3.8758793e+00
   2.1500000e+03  -3.8744992e+00
   2.1600000e+03  -3.8419308e+00
   2.1700000e+03  -3.7507750e+00
   2.1800000e+03  -3.8489603e+00
   2.1900000e+03  -3.8467753e+00
   2.2000000e+03  -3.8060595e+00
   2.2100000e+03  -3.6643500e+00
   2.2200000e+03  -3.6036883e+00
   2.2300000e+03  -3.6444694e+00
   2.2400000e+03  -3.6636834e+00
   2.2500000e+03  -3.6955059e+00
   2.2600000e+03  -3.8208831e+00
   2.2700000e+03  -3.8875030e+00
   2.2800000e+03  -3.9923001e+00
   2.2900000e+03  -4.0163823e+00
   2.3000000e+03  -4.0515519e+00
   2.3100000e+03  -4.1485065e+00
   2.3200000e+03  -4.1481837e+00
   2.3300000e+03  -4.1629414e+00
   2.3400000e+03  -4.2057985e+00
   2.3500000e+03  -4.2277969e+00
   2.3600000e+03  -4.2730480e+00
   2.3700000e+03  -4.3534569e+00
   2.3800000e+03  -4.2982096e+00
   2.3900000e+03  -4.3524353e+00
   2.4000000e+03  -4.3153776e+00
   2.4100000e+03  -4.2417609e+00
   2.4200000e+03  -4.2051078e+00
   2.4300000e+03  -4.2165384e+00
   2.4400000e+03  -4.1621930e+00
   2.4500000e+03  -4.1248941e+00
   2.4600000e+03  -4.0426673e+00
   2.4700000e+03  -4.0041522e+00
   2.4800000e+03  -4.0220459e+00
   2.4900000e+03  -4.0201999e+00
   2.5000000e+03  -3.9331783e+00
   2.5100000e+03  -3.8512910e+00
   2.5200000e+03  -3.8433198e+00
   2.5300000e+03  -3.7921152e+00
   2.5400000e+03  -3.7528355e+00
   2.5500000e+03  -3.6950269e+00
   2.5600000e+03  -3.6727679e+00
   2.5700000e+03  -3.6491799e+00
   2.5800000e+03  -3.6511301e+00
   2.5900000e+03  -3.6815466e+00
   2.6000000e+03  -3.6826076e+00
   2.6100000e+03  -3.6540001e+00
   2.6200000e+03  -3.6160696e+00
   2.6300000e+03  -3.6083666e+00
   2.6400000e+03  -3.5943191e+00
   2.6500000e+03  -3.5655695e+00
   2.6600000e+03  -3.5934582e+00
   2.6700000e+03  -3.5729697e+00
   2.6800000e+03  -3.5552442e+00
   2.6900000e+03  -3.5570847e+00
   2.7000000e+03  -3.5269812e+00
   2.7100000e+03  -3.4883681e+00
   2.7200000e+03  -3.4051459e+00
   2.7300000e+03  -3.3631975e+00
   2.7400000e+03  -3.3984448e+00
   2.7500000e+03  -3.4209010e+00
   2.7600000e+03  -3.4826957e+00
   2.7700000e+03  -3.5466856e+00
   2.7800000e+03  -3.5849376e+00
   2.7900000e+03  -3.6636895e+00
   2.8000000e+03  -3.6807701e+00
   2.8100000e+03  -3.7121652e+00
   2.8200000e+03  -3.7293736e+00
   2.8300000e+03  -3.7484953e+00
   2.8400000e+03  -3.7757486e+00
   2.8500000e+03  -3.8631711e+00
   2.8600000e+03  -3.9372133e+00
   2.8700000e+03  -4.0055400e+00
   2.8800000e+03  -4.0298039e+00
   2.8900000e+03  -4.0118071e+00
   2.9000000e+03  -3.9948983e+00
   2.9100000e+03  -3.9653536e+00
   2.9200000e+03  -4.0181911e+00
   2.9300000e+03  -4.1086323e+00
   2.9400000e+03  -4.2183041e+00
   2.9500000e+03  -4.2150935e+00
   2.9600000e+03  -4.2356984e+00
   2.9700000e+03  -4.2573405e+00
   2.9800000e+03  -4.2199754e+00
   2.9900000e+03  -4.2509064e+00
   3.0000000e+03  -4.2390543e+00
   3.0100000e+03  -4.2770481e+00
   3.0200000e+03  -4.3192472e+00
   3.0300000e+03  -4.3097106e+00
   3.0400000e+03  -4.2905245e+00
   3.0500000e+03  -4.3165791e+00
   3.0600000e+03  -4.3251430e+00
   3.0700000e+03  -4.3093187e+00
   3.0800000e+03  -4.3470939e+00
   3.0900000e+03  -4.4011793e+00
   3.1000000e+03  -4.4724424e+00
   3.1100000e+03  -4.5079178e+00
   3.1200000e+03  -4.5396967e+00
   3.1300000e+03  -4.5748095e+00
   3.1400000e+03  -4.6047608e+00
   3.1500000e+03  -4.6459947e+00
   3.1600000e+03  -4.6826130e+00
   3.1700000e+03  -4.7238906e+00
   3.1800000e+03  -4.7627635e+00
   3.1900000e+03  -4.7807363e+00
   3.2000000e+03  -4.7587801e+00
   3.2100000e+03  -4.7119296e+00
   3.2200000e+03  -4.7350354e+00
   3.2300000e+03  -4.6839802e+00
   3.2400000e+03  -4.6590009e+00
   3.2500000e+03  -4.6834489e+00
   3.2600000e+03  -4.7295253e+00
   3.2700000e+03  -4.7666676e+00
   3.2800000e+03  -4.7606604e+00
   3.2900000e+03  -4.7721963e+00
   3.3000000e+03  -4.7685403e+00
   3.3100000e+03  -4.8062457e+00
   3.3200000e+03  -4.7556123e+00
   3.3300000e+03  -4.7193456e+00
   3.3400000e+03  -4.6966150e+00
   3.3500000e+03  -4.6572961e+00
   3.3600000e+03  -4.6486307e+00
   3.3700000e+03  -4.6623713e+00
   3.3800000e+03  -4.6875090e+00
   3.3900000e+03  -4.6863516e+00
   3.4000000e+03  -4.6651754e+00
   3.4100000e+03  -4.7313889e+00
   3.4200000e+03  -4.8488494e+00
   3.4300000e+03  -4.9435932e+00
   3.4400000e+03  -4.9927598e+00
   3.4500000e+03  -5.1044103e+00
   3.4600000e+03  -5.1539001e+00
   3.4700000e+03  -5.1808544e+00
   3.4800000e+03  -5.1494168e+00
   3.4900000e+03  -5.0986384e+00
