   0.0000000e+00   1.0010066e-02
   1.0000000e+01   2.1950282e-03
   2.0000000e+01   9.6173011e-04
   3.0000000e+01   1.3157941e-02
   4.0000000e+01  -6.7924581e-04
   5.0000000e+01   2.1973489e-02
   6.0000000e+01  -8.2074185e-02
   7.0000000e+01  -3.4190703e-01
   8.0000000e+01  -7.7045564e-01
   9.0000000e+01  -1.2415546e+00
   1.0000000e+02  -2.0179031e+00
   1.1000000e+02  -2.7650965e+00
   1.2000000e+02  -3.3330101e+00
   1.3000000e+02  -3.9307646e+00
   1.4000000e+02  -4.4326559e+00
   1.5000000e+02  -5.1824403e+00
   1.6000000e+02  -5.3893560e+00
   1.7000000e+02  -5.8459592e+00
   1.8000000e+02  -6.2426730e+00
   1.9000000e+02  -6.3388746e+00
   2.0000000e+02  -6.5474760e+00
   2.1000000e+02  -6.9727399e+00
   2.2000000e+02  -7.1707541e+00
   2.3000000e+02  -7.2489591e+00
   2.4000000e+02  -7.2341064e+00
   2.5000000e+02  -7.4477122e+00
   2.6000000e+02  -7.4570298e+00
   2.7000000e+02  -7.5546151e+00
   2.8000000e+02  -7.6822575e+00
   2.9000000e+02  -7.9046682e+00
   3.0000000e+02  -7.9078231e+00
   3.1000000e+02  -8.0436590e+00
   3.2000000e+02  -8.2810990e+00
   3.3000000e+02  -8.4573121e+00
   3.4000000e+02  -8.1542178e+00
   3.5000000e+02  -8.2562567e+00
   3.6000000e+02  -8.3028442e+00
   3.7000000e+02  -8.5948682e+00
   3.8000000e+02  -8.4243189e+00
   3.9000000e+02  -8.3196546e+00
   4.0000000e+02  -8.1988727e+00
   4.1000000e+02  -8.3601216e+00
   4.2000000e+02  -8.7243705e+00
   4.3000000e+02  -8.3714466e+00
   4.4000000e+02  -8.2604580e+00
   4.5000000e+02  -8.4172049e+00
   4.6000000e+02  -8.5879692e+00
   4.7000000e+02  -8.2182844e+00
   4.8000000e+02  -8.3957987e+00
   4.9000000e+02  -8.4556530e+00
   5.0000000e+02  -8.2376755e+00
   5.1000000e+02  -8.4508462e+00
   5.2000000e+02  -8.4632937e+00
   5.3000000e+02  -8.2509673e+00
   5.4000000e+02  -8.5439423e+00
   5.5000000e+02  -8.2059959e+00
   5.6000000e+02  -8.2860194e+00
   5.7000000e+02  -8.1944957e+00
   5.8000000e+02  -8.2171792e+00
   5.9000000e+02  -8.1355765e+00
   6.0000000e+02  -8.0436133e+00
   6.1000000e+02  -8.4308980e+00
   6.2000000e+02  -7.9099663e+00
   6.3000000e+02  -8.0783633e+00
   6.4000000e+02  -8.0116735e+00
   6.5000000e+02  -8.4694959e+00
   6.6000000e+02  -7.9152140e+00
   6.7000000e+02  -8.0177721e+00
   6.8000000e+02  -7.8146865e+00
   6.9000000e+02  -7.9286020e+00
   7.0000000e+02  -7.8200556e+00
   7.1000000e+02  -8.1266068e+00
   7.2000000e+02  -8.0637672e+00
   7.3000000e+02  -7.8091445e+00
   7.4000000e+02  -8.1455050e+00
   7.5000000e+02  -7.8552472e+00
   7.6000000e+02  -8.1018334e+00
   7.7000000e+02  -7.9439017e+00
   7.8000000e+02  -8.1297816e+00
   7.9000000e+02  -8.2470853e+00
   8.0000000e+02  -8.3386936e+00
   8.1000000e+02  -8.4041969e+00
   8.2000000e+02  -8.4432459e+00
   8.3000000e+02  -8.2903812e+00
   8.4000000e+02  -8.7336008e+00
   8.5000000e+02  -8.3790066e+00
   8.6000000e+02  -8.3814155e+00
   8.7000000e+02  -8.4059403e+00
   8.8000000e+02  -8.3690420e+00
   8.9000000e+02  -8.5614793e+00
   9.0000000e+02  -8.3837970e+00
   9.1000000e+02  -8.2324373e+00
   9.2000000e+02  -8.3689779e+00
   9.3000000e+02  -8.4743244e+00
   9.4000000e+02  -8.8061228e+00
   9.5000000e+02  -8.7204246e+00
   9.6000000e+02  -8.6600483e+00
   9.7000000e+02  -8.4278451e+00
   9.8000000e+02  -8.5155294e+00
   9.9000000e+02  -8.6544596e+00
   1.0000000e+03  -8.7223125e+00
   1.0100000e+03  -8.7154609e+00
   1.0200000e+03  -8.4417772e+00
   1.0300000e+03  -8.5592992e+00
   1.0400000e+03  -8.8184132e+00
   1.0500000e+03  -8.6728955e+00
   1.0600000e+03  -8.7802231e+00
   1.0700000e+03  -8.5881976e+00
   1.0800000e+03  -8.5443240e+00
   1.0900000e+03  -8.4073966e+00
   1.1000000e+03  -8.6784794e+00
   1.1100000e+03  -8.4429750e+00
   1.1200000e+03  -8.4272595e+00
   1.1300000e+03  -8.5989227e+00
   1.1400000e+03  -8.6032571e+00
   1.1500000e+03  -8.4553004e+00
   1.1600000e+03  -8.6431314e+00
   1.1700000e+03  -8.6563055e+00
   1.1800000e+03  -8.2558872e+00
   1.1900000e+03  -8.4317895e+00
   1.2000000e+03  -8.5389580e+00
   1.2100000e+03  -8.1252447e+00
   1.2200000e+03  -8.2025644e+00
   1.2300000e+03  -8.1766186e+00
   1.2400000e+03  -8.0288835e+00
   1.2500000e+03  -8.0341161e+00
   1.2600000e+03  -8.1427974e+00
   1.2700000e+03  -7.8521598e+00
   1.2800000e+03  -7.9213998e+00
   1.2900000e+03  -7.9013087e+00
   1.3000000e+03  -7.8435735e+00
   1.3100000e+03  -7.9205368e+00
   1.3200000e+03  -7.8838191e+00
   1.3300000e+03  -7.7885609e+00
   1.3400000e+03  -8.0763126e+00
   1.3500000e+03  -7.9724552e+00
   1.3600000e+03  -7.9492984e+00
   1.3700000e+03  -7.7666960e+00
   1.3800000e+03  -7.8777424e+00
   1.3900000e+03  -7.8555658e+00
   1.4000000e+03  -7.8279788e+00
   1.4100000e+03  -7.9918155e+00
   1.4200000e+03  -7.9309789e+00
   1.4300000e+03  -7.8636533e+00
   1.4400000e+03  -8.2352735e+00
   1.4500000e+03  -7.9593706e+00
   1.4600000e+03  -7.7697426e+00
   1.4700000e+03  -8.1272034e+00
   1.4800000e+03  -7.9917604e+00
   1.4900000e+03  -7.9872424e+00
   1.5000000e+03  -7.9996186e+00
   1.5100000e+03  -7.9905559e+00
   1.5200000e+03  -7.8093079e+00
   1.5300000e+03  -7.9728501e+00
   1.5400000e+03  -7.7189910e+00
   1.5500000e+03  -8.0495852e+00
   1.5600000e+03  -7.7839422e+00
   1.5700000e+03  -7.8070526e+00
   1.5800000e+03  -7.7464141e+00
   1.5900000e+03  -7.6735638e+00
   1.6000000e+03  -7.9510560e+00
   1.6100000e+03  -7.6293145e+00
   1.6200000e+03  -7.5739252e+00
   1.6300000e+03  -7.6132975e+00
   1.6400000e+03  -7.9111005e+00
   1.6500000e+03  -7.6539376e+00
   1.6600000e+03  -7.8366056e+00
   1.6700000e+03  -7.5709035e+00
   1.6800000e+03  -7.4777184e+00
   1.6900000e+03  -7.7188010e+00
   1.7000000e+03  -7.8927848e+00
   1.7100000e+03  -7.6244034e+00
   1.7200000e+03  -7.6237909e+00
   1.7300000e+03  -7.6673954e+00
   1.7400000e+03  -8.1597376e+00
   1.7500000e+03  -7.7194908e+00
   1.7600000e+03  -8.2781168e+00
   1.7700000e+03  -7.9668540e+00
   1.7800000e+03  -8.1151258e+00
   1.7900000e+03  -8.0376241e+00
   1.8000000e+03  -7.9021871e+00
   1.8100000e+03  -8.1344755e+00
   1.8200000e+03  -7.9541283e+00
   1.8300000e+03  -8.0211385e+00
   1.8400000e+03  -8.2300323e+00
   1.8500000e+03  -8.4052182e+00
   1.8600000e+03  -8.2239880e+00
   1.8700000e+03  -8.4134445e+00
   1.8800000e+03  -8.2093990e+00
   1.8900000e+03  -8.2177305e+00
   1.9000000e+03  -8.1797070e+00
   1.9100000e+03  -8.3244677e+00
   1.9200000e+03  -8.3112771e+00
   1.9300000e+03  -8.2326878e+00
   1.9400000e+03  -8.2288822e+00
   1.9500000e+03  -8.2114402e+00
   1.9600000e+03  -8.1362937e+00
   1.9700000e+03  -8.0058881e+00
   1.9800000e+03  -8.5391649e+00
   1.9900000e+03  -8.4236727e+00
   2.0000000e+03  -8.2052564e+00
   2.0100000e+03  -8.2221992e+00
   2.0200000e+03  -8.3900388e+00
   2.0300000e+03  -8.4633817e+00
   2.0400000e+03  -8.3938854e+00
   2.0500000e+03  -8.7064706e+00
   2.0600000e+03  -8.6664987e+00
   2.0700000e+03  -8.3837947e+00
   2.0800000e+03  -8.4281079e+00
   2.0900000e+03  -8.3884209e+00
   2.1000000e+03  -8.4579174e+00
   2.1100000e+03  -8.3575398e+00
   2.1200000e+03  -8.3900277e+00
   2.1300000e+03  -8.3833355e+00
   2.1400000e+03  -8.5756185e+00
   2.1500000e+03  -8.1978546e+00
   2.1600000e+03  -8.2484557e+00
   2.1700000e+03  -8.1574718e+00
   2.1800000e+03  -8.4474723e+00
   2.1900000e+03  -8.3488347e+00
   2.2000000e+03  -8.1263468e+00
   2.2100000e+03  -8.1563050e+00
   2.2200000e+03  -8.4033183e+00
   2.2300000e+03  -8.1335308e+00
   2.2400000e+03  -8.1325575e+00
   2.2500000e+03  -8.1931807e+00
   2.2600000e+03  -8.2996758e+00
   2.2700000e+03  -8.1305034e+00
   2.2800000e+03  -8.4731192e+00
   2.2900000e+03  -7.9871148e+00
   2.3000000e+03  -8.5069275e+00
   2.3100000e+03  -8.2670735e+00
   2.3200000e+03  -8.3200820e+00
   2.3300000e+03  -8.0488986e+00
   2.3400000e+03  -8.0427667e+00
   2.3500000e+03  -8.2907064e+00
   2.3600000e+03  -8.2900727e+00
   2.3700000e+03  -8.1476869e+00
   2.3800000e+03  -8.0168933e+00
   2.3900000e+03  -8.1529445e+00
   2.4000000e+03  -8.2569849e+00
   2.4100000e+03  -8.2225058e+00
   2.4200000e+03  -8.1638806e+00
   2.4300000e+03  -8.3269696e+00
   2.4400000e+03  -8.4123613e+00
   2.4500000e+03  -8.4283320e+00
   2.4600000e+03  -8.3303284e+00
   2.4700000e+03  -8.3008207e+00
   2.4800000e+03  -8.4532080e+00
   2.4900000e+03  -8.2459921e+00
   2.5000000e+03  -8.3206159e+00
   2.5100000e+03  -8.4462743e+00
   2.5200000e+03  -8.6230233e+00
   2.5300000e+03  -8.7230324e+00
   2.5400000e+03  -8.8524138e+00
   2.5500000e+03  -8.8331459e+00
   2.5600000e+03  -8.8343188e+00
   2.5700000e+03  -8.7400836e+00
   2.5800000e+03  -8.6307931e+00
   2.5900000e+03  -8.6889570e+00
   2.6000000e+03  -8.6510913e+00
   2.6100000e+03  -8.9239083e+00
   2.6200000e+03  -8.7486817e+00
   2.6300000e+03  -8.7682680e+00
   2.6400000e+03  -8.6673823e+00
   2.6500000e+03  -8.7216205e+00
   2.6600000e+03  -8.6414227e+00
   2.6700000e+03  -8.6725344e+00
   2.6800000e+03  -9.0037126e+00
   2.6900000e+03  -9.1004377e+00
   2.7000000e+03  -9.0996705e+00
   2.7100000e+03  -9.0176258e+00
   2.7200000e+03  -8.9852617e+00
   2.7300000e+03  -8.9552583e+00
   2.7400000e+03  -9.1338133e+00
   2.7500000e+03  -9.0230506e+00
   2.7600000e+03  -9.1960629e+00
   2.7700000e+03  -9.0023404e+00
   2.7800000e+03  -8.9958524e+00
   2.7900000e+03  -8.8375003e+00
   2.8000000e+03  -8.9705282e+00
   2.8100000e+03  -9.0290536e+00
   2.8200000e+03  -8.9836677e+00
   2.8300000e+03  -8.9153609e+00
   2.8400000e+03  -8.9250671e+00
   2.8500000e+03  -9.2122248e+00
   2.8600000e+03  -9.0659530e+00
   2.8700000e+03  -8.9895697e+00
   2.8800000e+03  -9.2706272e+00
   2.8900000e+03  -9.2160750e+00
   2.9000000e+03  -9.1136898e+00
   2.9100000e+03  -9.2757929e+00
   2.9200000e+03  -9.0553331e+00
   2.9300000e+03  -9.2186455e+00
   2.9400000e+03  -9.1893263e+00
   2.9500000e+03  -9.2589728e+00
   2.9600000e+03  -9.1440707e+00
   2.9700000e+03  -9.5148334e+00
   2.9800000e+03  -9.2270980e+00
   2.9900000e+03  -9.2937515e+00
   3.0000000e+03  -9.6044081e+00
   3.0100000e+03  -9.3120142e+00
   3.0200000e+03  -9.5204516e+00
   3.0300000e+03  -9.4388058e+00
   3.0400000e+03  -9.4662995e+00
   3.0500000e+03  -9.4751344e+00
   3.0600000e+03  -9.4637567e+00
   3.0700000e+03  -9.3104214e+00
   3.0800000e+03  -9.1669108e+00
   3.0900000e+03  -9.0989920e+00
   3.1000000e+03  -9.0134994e+00
   3.1100000e+03  -9.0458690e+00
   3.1200000e+03  -8.9365896e+00
   3.1300000e+03  -8.7242281e+00
   3.1400000e+03  -8.7734134e+00
   3.1500000e+03  -8.8182465e+00
   3.1600000e+03  -8.6203877e+00
   3.1700000e+03  -8.6484317e+00
   3.1800000e+03  -8.5202401e+00
   3.1900000e+03  -8.6530824e+00
   3.2000000e+03  -8.3457633e+00
   3.2100000e+03  -8.2767560e+00
   3.2200000e+03  -8.2801004e+00
   3.2300000e+03  -8.3097526e+00
   3.2400000e+03  -8.5283985e+00
   3.2500000e+03  -8.3947749e+00
   3.2600000e+03  -8.1783658e+00
   3.2700000e+03  -8.2663433e+00
   3.2800000e+03  -8.1884064e+00
   3.2900000e+03  -8.0013216e+00
   3.3000000e+03  -8.1936746e+00
   3.3100000e+03  -8.0993726e+00
   3.3200000e+03  -8.2891622e+00
   3.3300000e+03  -8.3614930e+00
   3.3400000e+03  -8.3636380e+00
   3.3500000e+03  -8.4302332e+00
   3.3600000e+03  -8.1556687e+00
   3.3700000e+03  -8.2681663e+00
   3.3800000e+03  -8.1419831e+00
   3.3900000e+03  -8.2354908e+00
   3.4000000e+03  -8.0569387e+00
   3.4100000e+03  -8.0363843e+00
   3.4200000e+03  -7.7781651e+00
   3.4300000e+03  -7.9596229e+00
   3.4400000e+03  -7.8566358e+00
   3.4500000e+03  -7.9347765e+00
   3.4600000e+03  -7.7768151e+00
   3.4700000e+03  -7.7423163e+00
   3.4800000e+03  -7.6688041e+00
   3.4900000e+03  -7.6015716e+00
