   0.0000000e+00   1.3829840e+02
   1.0000000e+01   1.3823499e+02
   2.0000000e+01   1.3825424e+02
   3.0000000e+01   1.3817961e+02
   4.0000000e+01   1.7700051e+02
   5.0000000e+01   2.2977170e+03
   6.0000000e+01   1.9570779e+02
   7.0000000e+01   6.9872305e+01
   8.0000000e+01   2.0176543e+02
   9.0000000e+01   1.9671623e+02
   1.0000000e+02   1.9788053e+02
   1.1000000e+02   7.0867255e+01
   1.2000000e+02   1.4744450e+02
   1.3000000e+02   1.4837691e+02
   1.4000000e+02   1.1176005e+02
   1.5000000e+02   1.4461556e+02
   1.6000000e+02   1.2553933e+02
   1.7000000e+02   3.4789691e+02
   1.8000000e+02   2.3492212e+02
   1.9000000e+02   1.0241969e+02
   2.0000000e+02   1.2735824e+02
   2.1000000e+02   1.9387952e+02
   2.2000000e+02   1.4223495e+02
   2.3000000e+02   7.8694813e+01
   2.4000000e+02   6.6698412e+01
   2.5000000e+02   7.4103681e+01
   2.6000000e+02   8.3143786e+01
   2.7000000e+02   3.8719480e+01
   2.8000000e+02   5.2923018e+01
   2.9000000e+02   7.1782023e+01
   3.0000000e+02   3.7690280e+01
   3.1000000e+02   1.0227296e+02
   3.2000000e+02   5.8023601e+01
   3.3000000e+02   7.3820080e+01
   3.4000000e+02   7.4279500e+01
   3.5000000e+02   4.5037242e+01
   3.6000000e+02   6.2139753e+01
   3.7000000e+02   4.4944955e+01
   3.8000000e+02   6.4339525e+01
   3.9000000e+02   5.0039065e+01
   4.0000000e+02   3.3950870e+01
   4.1000000e+02   7.3768302e+01
   4.2000000e+02   4.5981359e+01
   4.3000000e+02   4.3415313e+01
   4.4000000e+02   9.2217543e+01
   4.5000000e+02   2.8858613e+01
   4.6000000e+02   6.3003249e+01
   4.7000000e+02   5.5164973e+01
   4.8000000e+02   6.3903440e+01
   4.9000000e+02   2.7906078e+01
   5.0000000e+02   4.7425145e+01
   5.1000000e+02   1.0411484e+02
   5.2000000e+02   3.7070768e+01
   5.3000000e+02   9.5862663e+01
   5.4000000e+02   3.2959343e+01
   5.5000000e+02   5.4628248e+01
   5.6000000e+02   8.2842566e+01
   5.7000000e+02   8.1555334e+01
   5.8000000e+02   5.4102253e+01
   5.9000000e+02   6.9559799e+01
   6.0000000e+02   7.2567997e+01
   6.1000000e+02   7.4407705e+01
   6.2000000e+02   6.8259617e+01
   6.3000000e+02   3.6597684e+01
   6.4000000e+02   7.6790672e+01
   6.5000000e+02   5.6357465e+01
   6.6000000e+02   7.4729830e+01
   6.7000000e+02   7.0754593e+01
   6.8000000e+02   4.6363042e+01
   6.9000000e+02   6.2588784e+01
   7.0000000e+02   2.4662297e+01
   7.1000000e+02   5.4383457e+01
   7.2000000e+02   3.8944437e+01
   7.3000000e+02   8.6246734e+01
   7.4000000e+02   3.0149119e+01
   7.5000000e+02   4.6272094e+01
   7.6000000e+02   7.0028439e+01
   7.7000000e+02   7.9652424e+01
   7.8000000e+02   4.6890425e+01
   7.9000000e+02   6.1580376e+01
   8.0000000e+02   5.2842761e+01
   8.1000000e+02   5.0560898e+01
   8.2000000e+02   4.8580005e+01
   8.3000000e+02   6.1978370e+01
   8.4000000e+02   6.0942952e+01
   8.5000000e+02   6.4500705e+01
   8.6000000e+02   5.7480772e+01
   8.7000000e+02   5.3706655e+01
   8.8000000e+02   6.7664018e+01
   8.9000000e+02   2.6675957e+01
   9.0000000e+02   7.2348636e+01
   9.1000000e+02   6.1204577e+01
   9.2000000e+02   5.3987059e+01
   9.3000000e+02   4.5758998e+01
   9.4000000e+02   6.8135720e+01
   9.5000000e+02   3.4382485e+01
   9.6000000e+02   3.1834318e+01
   9.7000000e+02   5.5754256e+01
   9.8000000e+02   5.2995949e+01
   9.9000000e+02   3.1353389e+01
   1.0000000e+03   4.4978886e+01
   1.0100000e+03   4.9158063e+01
   1.0200000e+03   3.2577623e+01
   1.0300000e+03   2.6896405e+01
   1.0400000e+03   3.1797257e+01
   1.0500000e+03   6.7326251e+01
   1.0600000e+03   5.7197999e+01
   1.0700000e+03   5.3283475e+01
   1.0800000e+03   4.2432607e+01
   1.0900000e+03   4.9829139e+01
   1.1000000e+03   4.1597893e+01
   1.1100000e+03   6.3483556e+01
   1.1200000e+03   3.5378268e+01
   1.1300000e+03   4.8763152e+01
   1.1400000e+03   7.6727154e+01
   1.1500000e+03   6.7891128e+01
   1.1600000e+03   3.9666294e+01
   1.1700000e+03   3.3250369e+01
   1.1800000e+03   4.0485078e+01
   1.1900000e+03   9.2166269e+01
   1.2000000e+03   1.2516719e+02
   1.2100000e+03   1.5936501e+02
   1.2200000e+03   2.5420343e+02
   1.2300000e+03   7.0868069e+01
   1.2400000e+03   3.5869872e+01
   1.2500000e+03   7.8020193e+01
   1.2600000e+03   4.9905034e+01
   1.2700000e+03   4.6694579e+01
   1.2800000e+03   5.3306077e+01
   1.2900000e+03   4.4912354e+01
   1.3000000e+03   3.0832115e+01
   1.3100000e+03   1.2931722e+02
   1.3200000e+03   1.6077733e+02
   1.3300000e+03   3.3273213e+01
   1.3400000e+03   6.2934471e+01
   1.3500000e+03   9.2567456e+01
   1.3600000e+03   3.3900537e+01
   1.3700000e+03   1.7268196e+02
   1.3800000e+03   9.2700384e+01
   1.3900000e+03   1.7343840e+02
   1.4000000e+03   9.1766840e+01
   1.4100000e+03   8.4920419e+01
   1.4200000e+03   4.2458766e+01
   1.4300000e+03   4.0627752e+01
   1.4400000e+03   4.7146399e+01
   1.4500000e+03   5.5433120e+01
   1.4600000e+03   3.9461051e+01
   1.4700000e+03   6.5727064e+01
   1.4800000e+03   4.2052028e+01
   1.4900000e+03   8.6321220e+01
   1.5000000e+03   5.8019710e+01
   1.5100000e+03   7.6547123e+01
   1.5200000e+03   4.5719803e+01
   1.5300000e+03   7.0316048e+01
   1.5400000e+03   4.3158119e+01
   1.5500000e+03   6.2817564e+01
   1.5600000e+03   8.3481507e+01
   1.5700000e+03   1.9595463e+02
   1.5800000e+03   6.0154577e+01
   1.5900000e+03   1.1474003e+02
   1.6000000e+03   2.3015485e+02
   1.6100000e+03   7.5759488e+01
   1.6200000e+03   1.0487201e+02
   1.6300000e+03   8.4902709e+01
   1.6400000e+03   1.0891167e+02
   1.6500000e+03   1.8139174e+02
   1.6600000e+03   3.5188966e+02
   1.6700000e+03   3.1691677e+02
   1.6800000e+03   1.6276849e+02
   1.6900000e+03   4.2631247e+02
   1.7000000e+03   2.7339937e+02
   1.7100000e+03   9.5310481e+02
   1.7200000e+03   4.7089658e+02
   1.7300000e+03   4.5582909e+02
   1.7400000e+03   3.6630664e+02
   1.7500000e+03   5.2496411e+02
   1.7600000e+03   2.0607075e+02
   1.7700000e+03   1.4332897e+02
   1.7800000e+03   1.9830362e+02
   1.7900000e+03   1.3091843e+03
   1.8000000e+03   5.1572297e+02
   1.8100000e+03   4.9209266e+02
   1.8200000e+03   3.3511334e+02
   1.8300000e+03   6.9969212e+02
   1.8400000e+03   5.3509903e+02
   1.8500000e+03   1.9683776e+02
   1.8600000e+03   1.8615177e+03
   1.8700000e+03   2.3721918e+02
   1.8800000e+03   3.1931735e+02
   1.8900000e+03   7.2519016e+02
   1.9000000e+03   4.7854612e+02
   1.9100000e+03   2.8342985e+02
   1.9200000e+03   3.1094225e+02
   1.9300000e+03   2.8040175e+02
   1.9400000e+03   6.0621670e+02
   1.9500000e+03   5.9774031e+02
   1.9600000e+03   1.0394435e+03
   1.9700000e+03   2.3376946e+02
   1.9800000e+03   3.4183915e+02
   1.9900000e+03   3.3387206e+02
   2.0000000e+03   7.2993008e+02
   2.0100000e+03   5.3997854e+02
   2.0200000e+03   6.0067962e+02
   2.0300000e+03   8.4656449e+01
   2.0400000e+03   1.6694476e+02
   2.0500000e+03   8.0081095e+02
   2.0600000e+03   7.3224748e+02
   2.0700000e+03   7.8136831e+02
   2.0800000e+03   3.6178732e+02
   2.0900000e+03   9.5048158e+02
   2.1000000e+03   8.3791721e+02
   2.1100000e+03   2.3237526e+02
   2.1200000e+03   2.2980258e+03
   2.1300000e+03   1.3295333e+03
   2.1400000e+03   2.2980270e+03
   2.1500000e+03   1.6356265e+03
   2.1600000e+03   2.0179914e+03
   2.1700000e+03   2.1683139e+02
   2.1800000e+03   6.8447118e+02
   2.1900000e+03   1.4546327e+03
   2.2000000e+03   4.2726416e+02
   2.2100000e+03   1.6855774e+03
   2.2200000e+03   1.8029311e+03
   2.2300000e+03   2.2980512e+03
   2.2400000e+03   2.2980374e+03
   2.2500000e+03   1.0441959e+03
   2.2600000e+03   5.0710719e+02
   2.2700000e+03   4.1172984e+02
   2.2800000e+03   2.5146125e+02
   2.2900000e+03   2.2980681e+03
   2.3000000e+03   5.0871482e+02
   2.3100000e+03   2.0269241e+02
   2.3200000e+03   7.7061279e+02
   2.3300000e+03   7.3332285e+02
   2.3400000e+03   7.8294276e+02
   2.3500000e+03   1.4907698e+03
   2.3600000e+03   1.2274756e+02
   2.3700000e+03   2.2948963e+02
   2.3800000e+03   3.4447635e+02
   2.3900000e+03   1.7640374e+02
   2.4000000e+03   2.6156608e+02
   2.4100000e+03   1.6132673e+02
   2.4200000e+03   4.2232103e+01
   2.4300000e+03   8.4335874e+01
   2.4400000e+03   5.2439061e+01
   2.4500000e+03   7.7522113e+01
   2.4600000e+03   2.3030286e+02
   2.4700000e+03   8.5057580e+01
   2.4800000e+03   1.0998602e+02
   2.4900000e+03   5.2736735e+01
   2.5000000e+03   1.0553919e+02
   2.5100000e+03   9.1312243e+01
   2.5200000e+03   7.4264173e+01
   2.5300000e+03   1.0924035e+02
   2.5400000e+03   7.4800255e+01
   2.5500000e+03   9.8917184e+01
   2.5600000e+03   7.9798633e+01
   2.5700000e+03   1.2396359e+02
   2.5800000e+03   1.1981600e+02
   2.5900000e+03   5.0873892e+01
   2.6000000e+03   9.2088611e+01
   2.6100000e+03   1.1271009e+02
   2.6200000e+03   3.8046459e+02
   2.6300000e+03   1.6302903e+02
   2.6400000e+03   4.9324834e+02
   2.6500000e+03   5.9391488e+02
   2.6600000e+03   5.3882270e+02
   2.6700000e+03   8.4849652e+01
   2.6800000e+03   3.2410276e+02
   2.6900000e+03   2.9545677e+02
   2.7000000e+03   6.1238461e+02
   2.7100000e+03   4.2314877e+02
   2.7200000e+03   1.9462262e+02
   2.7300000e+03   3.7520622e+02
   2.7400000e+03   3.0814786e+02
   2.7500000e+03   5.3510059e+02
   2.7600000e+03   4.6704985e+02
   2.7700000e+03   1.8969603e+02
   2.7800000e+03   2.8172782e+02
   2.7900000e+03   3.8461662e+02
   2.8000000e+03   5.4360683e+02
   2.8100000e+03   1.2324876e+03
   2.8200000e+03   2.6366301e+02
   2.8300000e+03   2.8801253e+02
   2.8400000e+03   1.5330085e+03
   2.8500000e+03   4.2351176e+02
   2.8600000e+03   3.9267279e+02
   2.8700000e+03   4.8164405e+02
   2.8800000e+03   1.7684884e+02
   2.8900000e+03   6.1515108e+02
   2.9000000e+03   2.6052615e+02
   2.9100000e+03   4.0639171e+02
   2.9200000e+03   1.6384525e+02
   2.9300000e+03   2.1732858e+02
   2.9400000e+03   3.8949620e+02
   2.9500000e+03   1.8039590e+02
   2.9600000e+03   9.7888491e+02
   2.9700000e+03   2.1023729e+02
   2.9800000e+03   4.7348871e+02
   2.9900000e+03   5.5775432e+02
   3.0000000e+03   2.2373094e+02
   3.0100000e+03   2.2789710e+02
   3.0200000e+03   2.1398783e+02
   3.0300000e+03   9.2470944e+02
   3.0400000e+03   3.9307613e+02
   3.0500000e+03   3.8190832e+02
   3.0600000e+03   1.2123442e+02
   3.0700000e+03   3.1113324e+02
   3.0800000e+03   3.0778132e+02
   3.0900000e+03   1.2737943e+03
   3.1000000e+03   1.1673043e+03
   3.1100000e+03   1.2757748e+02
   3.1200000e+03   1.2828138e+02
   3.1300000e+03   1.2488583e+02
   3.1400000e+03   6.6980954e+02
   3.1500000e+03   5.8063304e+02
   3.1600000e+03   4.1626258e+02
   3.1700000e+03   8.2036917e+02
   3.1800000e+03   7.2638888e+02
   3.1900000e+03   7.4964326e+01
   3.2000000e+03   1.8391343e+02
   3.2100000e+03   4.8070846e+02
   3.2200000e+03   5.6248709e+02
   3.2300000e+03   3.6338100e+02
   3.2400000e+03   2.8353190e+02
   3.2500000e+03   1.7880421e+02
   3.2600000e+03   3.8631056e+02
   3.2700000e+03   8.1099282e+02
   3.2800000e+03   7.6892525e+02
   3.2900000e+03   8.4878831e+02
   3.3000000e+03   5.2986800e+02
   3.3100000e+03   9.2909423e+02
   3.3200000e+03   2.3875917e+02
   3.3300000e+03   1.8604923e+02
   3.3400000e+03   9.5336707e+02
   3.3500000e+03   1.2587656e+03
   3.3600000e+03   1.7806451e+02
   3.3700000e+03   3.5938770e+02
   3.3800000e+03   1.3808287e+02
   3.3900000e+03   2.2185049e+02
   3.4000000e+03   8.4651439e+02
   3.4100000e+03   4.0612799e+02
   3.4200000e+03   9.2159844e+02
   3.4300000e+03   8.4094312e+02
   3.4400000e+03   1.9110651e+02
   3.4500000e+03   3.0237686e+02
   3.4600000e+03   5.8524781e+02
   3.4700000e+03   6.0166964e+02
   3.4800000e+03   3.2228055e+02
   3.4900000e+03   5.8465543e+02
