   0.0000000e+00   1.8767972e+01
   1.0000000e+01   1.8763176e+01
   2.0000000e+01   1.8766813e+01
   3.0000000e+01   1.8773437e+01
   4.0000000e+01   1.8752882e+01
   5.0000000e+01   1.8607376e+01
   6.0000000e+01   1.6549909e+01
   7.0000000e+01   1.2878172e+01
   8.0000000e+01   1.0101451e+01
   9.0000000e+01   7.8098403e+00
   1.0000000e+02   5.9906443e+00
   1.1000000e+02   4.6915815e+00
   1.2000000e+02   3.6096919e+00
   1.3000000e+02   2.8263185e+00
   1.4000000e+02   2.4537236e+00
   1.5000000e+02   1.6472367e+00
   1.6000000e+02   1.3085521e+00
   1.7000000e+02   1.0594528e+00
   1.8000000e+02   6.9085562e-01
   1.9000000e+02   5.9557547e-01
   2.0000000e+02   3.8482773e-01
   2.1000000e+02  -1.2454444e-01
   2.2000000e+02   9.6848030e-02
   2.3000000e+02  -2.6126086e-01
   2.4000000e+02  -1.6208402e-01
   2.5000000e+02  -3.0476484e-01
   2.6000000e+02  -1.8414263e-01
   2.7000000e+02  -5.5446576e-01
   2.8000000e+02  -6.3348394e-01
   2.9000000e+02  -1.0804139e+00
   3.0000000e+02  -1.1287829e+00
   3.1000000e+02  -1.1855954e+00
   3.2000000e+02  -7.8893171e-01
   3.3000000e+02  -1.2633365e+00
   3.4000000e+02  -1.1533387e+00
   3.5000000e+02  -1.0181238e+00
   3.6000000e+02  -9.0137956e-01
   3.7000000e+02  -1.0323364e+00
   3.8000000e+02  -1.2973817e+00
   3.9000000e+02  -1.1790388e+00
   4.0000000e+02  -1.1178993e+00
   4.1000000e+02  -1.1118309e+00
   4.2000000e+02  -1.3023361e+00
   4.3000000e+02  -1.2221213e+00
   4.4000000e+02  -1.2690322e+00
   4.5000000e+02  -1.1101088e+00
   4.6000000e+02  -1.2042452e+00
   4.7000000e+02  -1.3880155e+00
   4.8000000e+02  -9.4593860e-01
   4.9000000e+02  -1.3115838e+00
   5.0000000e+02  -1.5492048e+00
   5.1000000e+02  -1.1247473e+00
   5.2000000e+02  -1.2321721e+00
   5.3000000e+02  -1.1728157e+00
   5.4000000e+02  -1.3493660e+00
   5.5000000e+02  -1.2230103e+00
   5.6000000e+02  -1.2409124e+00
   5.7000000e+02  -1.2121102e+00
   5.8000000e+02  -1.0624731e+00
   5.9000000e+02  -9.9851831e-01
   6.0000000e+02  -1.0163403e+00
   6.1000000e+02  -1.1474590e+00
   6.2000000e+02  -1.3329518e+00
   6.3000000e+02  -1.0913964e+00
   6.4000000e+02  -1.0725924e+00
   6.5000000e+02  -1.3385105e+00
   6.6000000e+02  -1.1567186e+00
   6.7000000e+02  -1.2032557e+00
   6.8000000e+02  -1.3161103e+00
   6.9000000e+02  -1.1313923e+00
   7.0000000e+02  -1.1781415e+00
   7.1000000e+02  -1.4226420e+00
   7.2000000e+02  -1.0065534e+00
   7.3000000e+02  -1.1257034e+00
   7.4000000e+02  -1.0899456e+00
   7.5000000e+02  -1.5106719e+00
   7.6000000e+02  -1.4560484e+00
   7.7000000e+02  -1.3097528e+00
   7.8000000e+02  -1.5646364e+00
   7.9000000e+02  -1.7645245e+00
   8.0000000e+02  -1.7104511e+00
   8.1000000e+02  -1.5861612e+00
   8.2000000e+02  -1.5051796e+00
   8.3000000e+02  -1.2582645e+00
   8.4000000e+02  -1.2245298e+00
   8.5000000e+02  -1.6946067e+00
   8.6000000e+02  -1.5508905e+00
   8.7000000e+02  -1.6782085e+00
   8.8000000e+02  -1.7319294e+00
   8.9000000e+02  -2.5804246e+00
   9.0000000e+02  -2.8966997e+00
   9.1000000e+02  -2.1248748e+00
   9.2000000e+02  -1.5204162e+00
   9.3000000e+02  -1.8081684e+00
   9.4000000e+02  -1.9726174e+00
   9.5000000e+02  -1.4747835e+00
   9.6000000e+02  -1.6527803e+00
   9.7000000e+02  -1.9645260e+00
   9.8000000e+02  -1.9637797e+00
   9.9000000e+02  -1.8619658e+00
   1.0000000e+03  -1.7001346e+00
   1.0100000e+03  -1.7285794e+00
   1.0200000e+03  -2.2940281e+00
   1.0300000e+03  -1.8263810e+00
   1.0400000e+03  -1.8293344e+00
   1.0500000e+03  -1.7131517e+00
   1.0600000e+03  -1.9110347e+00
   1.0700000e+03  -1.5375319e+00
   1.0800000e+03  -1.7751572e+00
   1.0900000e+03  -1.8716500e+00
   1.1000000e+03  -2.0349091e+00
   1.1100000e+03  -1.9699183e+00
   1.1200000e+03  -1.6752336e+00
   1.1300000e+03  -1.6810756e+00
   1.1400000e+03  -1.8929990e+00
   1.1500000e+03  -2.0335965e+00
   1.1600000e+03  -1.5850088e+00
   1.1700000e+03  -1.6791754e+00
   1.1800000e+03  -1.5970661e+00
   1.1900000e+03  -1.7036248e+00
   1.2000000e+03  -1.4972252e+00
   1.2100000e+03  -1.5815002e+00
   1.2200000e+03  -1.5799586e+00
   1.2300000e+03  -1.5179237e+00
   1.2400000e+03  -1.4391462e+00
   1.2500000e+03  -1.5356200e+00
   1.2600000e+03  -1.4034210e+00
   1.2700000e+03  -1.5254619e+00
   1.2800000e+03  -1.6965603e+00
   1.2900000e+03  -1.4681376e+00
   1.3000000e+03  -1.5481295e+00
   1.3100000e+03  -1.3424477e+00
   1.3200000e+03  -1.5454316e+00
   1.3300000e+03  -1.5427394e+00
   1.3400000e+03  -1.4632561e+00
   1.3500000e+03  -1.4907641e+00
   1.3600000e+03  -1.5786002e+00
   1.3700000e+03  -1.3036841e+00
   1.3800000e+03  -1.6936892e+00
   1.3900000e+03  -1.5232475e+00
   1.4000000e+03  -1.5172902e+00
   1.4100000e+03  -1.4563644e+00
   1.4200000e+03  -1.5339294e+00
   1.4300000e+03  -1.7228310e+00
   1.4400000e+03  -1.6335167e+00
   1.4500000e+03  -1.3166577e+00
   1.4600000e+03  -1.4709424e+00
   1.4700000e+03  -1.4889783e+00
   1.4800000e+03  -1.6585212e+00
   1.4900000e+03  -1.5349234e+00
   1.5000000e+03  -1.5417717e+00
   1.5100000e+03  -1.3959608e+00
   1.5200000e+03  -1.3905231e+00
   1.5300000e+03  -1.2716306e+00
   1.5400000e+03  -1.5549246e+00
   1.5500000e+03  -1.5052958e+00
   1.5600000e+03  -1.6929410e+00
   1.5700000e+03  -1.3609221e+00
   1.5800000e+03  -1.5668463e+00
   1.5900000e+03  -1.3233882e+00
   1.6000000e+03  -1.5026061e+00
   1.6100000e+03  -1.6113689e+00
   1.6200000e+03  -1.4373351e+00
   1.6300000e+03  -1.3986606e+00
   1.6400000e+03  -1.3986346e+00
   1.6500000e+03  -1.4517287e+00
   1.6600000e+03  -1.4682759e+00
   1.6700000e+03  -1.5928729e+00
   1.6800000e+03  -1.5029412e+00
   1.6900000e+03  -1.6219075e+00
   1.7000000e+03  -1.5759381e+00
   1.7100000e+03  -1.4626511e+00
   1.7200000e+03  -1.6432666e+00
   1.7300000e+03  -1.6604700e+00
   1.7400000e+03  -1.5044055e+00
   1.7500000e+03  -1.7789282e+00
   1.7600000e+03  -1.6506446e+00
   1.7700000e+03  -1.6052975e+00
   1.7800000e+03  -1.5684478e+00
   1.7900000e+03  -1.7508605e+00
   1.8000000e+03  -1.7900900e+00
   1.8100000e+03  -1.6853579e+00
   1.8200000e+03  -1.6883832e+00
   1.8300000e+03  -1.9172299e+00
   1.8400000e+03  -1.8829070e+00
   1.8500000e+03  -1.9237091e+00
   1.8600000e+03  -1.8013129e+00
   1.8700000e+03  -1.8662063e+00
   1.8800000e+03  -1.7929308e+00
   1.8900000e+03  -1.8633895e+00
   1.9000000e+03  -1.7869678e+00
   1.9100000e+03  -1.6838127e+00
   1.9200000e+03  -1.6815630e+00
   1.9300000e+03  -1.6747530e+00
   1.9400000e+03  -1.6871747e+00
   1.9500000e+03  -1.5672428e+00
   1.9600000e+03  -1.6353298e+00
   1.9700000e+03  -1.7999008e+00
   1.9800000e+03  -2.0693455e+00
   1.9900000e+03  -1.8180490e+00
   2.0000000e+03  -1.8111486e+00
   2.0100000e+03  -2.0396875e+00
   2.0200000e+03  -1.9076502e+00
   2.0300000e+03  -1.9662534e+00
   2.0400000e+03  -1.7141242e+00
   2.0500000e+03  -1.7069970e+00
   2.0600000e+03  -1.7444154e+00
   2.0700000e+03  -1.7409459e+00
   2.0800000e+03  -1.8430543e+00
   2.0900000e+03  -1.7208625e+00
   2.1000000e+03  -1.8361601e+00
   2.1100000e+03  -1.9642057e+00
   2.1200000e+03  -1.8661181e+00
   2.1300000e+03  -1.9211613e+00
   2.1400000e+03  -1.8711868e+00
   2.1500000e+03  -1.7645151e+00
   2.1600000e+03  -1.7637874e+00
   2.1700000e+03  -1.6206647e+00
   2.1800000e+03  -1.6067840e+00
   2.1900000e+03  -1.8204578e+00
   2.2000000e+03  -1.5960489e+00
   2.2100000e+03  -1.7732133e+00
   2.2200000e+03  -1.4542513e+00
   2.2300000e+03  -1.9150665e+00
   2.2400000e+03  -1.7091192e+00
   2.2500000e+03  -1.6734898e+00
   2.2600000e+03  -1.6514497e+00
   2.2700000e+03  -1.7374608e+00
   2.2800000e+03  -1.7654417e+00
   2.2900000e+03  -1.8049751e+00
   2.3000000e+03  -1.6102820e+00
   2.3100000e+03  -1.7819014e+00
   2.3200000e+03  -1.4757414e+00
   2.3300000e+03  -1.8351371e+00
   2.3400000e+03  -1.6756543e+00
   2.3500000e+03  -1.7824452e+00
   2.3600000e+03  -1.7443082e+00
   2.3700000e+03  -2.0610665e+00
   2.3800000e+03  -1.6605839e+00
   2.3900000e+03  -1.8349117e+00
   2.4000000e+03  -2.3362827e+00
   2.4100000e+03  -1.9194128e+00
   2.4200000e+03  -1.6702823e+00
   2.4300000e+03  -2.0401864e+00
   2.4400000e+03  -2.0172998e+00
   2.4500000e+03  -2.0544621e+00
   2.4600000e+03  -1.8090591e+00
   2.4700000e+03  -1.9481299e+00
   2.4800000e+03  -2.0411565e+00
   2.4900000e+03  -2.0255251e+00
   2.5000000e+03  -1.8598591e+00
   2.5100000e+03  -2.0719067e+00
   2.5200000e+03  -1.8507057e+00
   2.5300000e+03  -1.8296241e+00
   2.5400000e+03  -1.7254984e+00
   2.5500000e+03  -2.0379435e+00
   2.5600000e+03  -1.8432901e+00
   2.5700000e+03  -2.0337346e+00
   2.5800000e+03  -1.9173038e+00
   2.5900000e+03  -1.9763598e+00
   2.6000000e+03  -1.8944181e+00
   2.6100000e+03  -1.9683158e+00
   2.6200000e+03  -1.7522492e+00
   2.6300000e+03  -1.9938008e+00
   2.6400000e+03  -1.9288219e+00
   2.6500000e+03  -1.9933480e+00
   2.6600000e+03  -2.1588824e+00
   2.6700000e+03  -2.3136437e+00
   2.6800000e+03  -2.3191436e+00
   2.6900000e+03  -2.1820468e+00
   2.7000000e+03  -2.0592197e+00
   2.7100000e+03  -2.2146651e+00
   2.7200000e+03  -2.0527850e+00
   2.7300000e+03  -2.0911243e+00
   2.7400000e+03  -2.1397881e+00
   2.7500000e+03  -1.9199112e+00
   2.7600000e+03  -2.0330307e+00
   2.7700000e+03  -2.0438601e+00
   2.7800000e+03  -2.0129890e+00
   2.7900000e+03  -2.0664230e+00
   2.8000000e+03  -2.3155521e+00
   2.8100000e+03  -2.2966080e+00
   2.8200000e+03  -2.3210574e+00
   2.8300000e+03  -2.0370777e+00
   2.8400000e+03  -1.9395206e+00
   2.8500000e+03  -2.2207734e+00
   2.8600000e+03  -2.0572175e+00
   2.8700000e+03  -2.2065828e+00
   2.8800000e+03  -2.1497590e+00
   2.8900000e+03  -2.4214337e+00
   2.9000000e+03  -2.7406162e+00
   2.9100000e+03  -2.1712760e+00
   2.9200000e+03  -2.1449125e+00
   2.9300000e+03  -2.0669628e+00
   2.9400000e+03  -2.2991539e+00
   2.9500000e+03  -2.3391737e+00
   2.9600000e+03  -2.5716115e+00
   2.9700000e+03  -2.4379884e+00
   2.9800000e+03  -2.4732370e+00
   2.9900000e+03  -2.3885522e+00
   3.0000000e+03  -2.5378962e+00
   3.0100000e+03  -2.2889254e+00
   3.0200000e+03  -2.4205201e+00
   3.0300000e+03  -2.6819834e+00
   3.0400000e+03  -2.5372578e+00
   3.0500000e+03  -2.6227931e+00
   3.0600000e+03  -2.3031328e+00
   3.0700000e+03  -2.3685716e+00
   3.0800000e+03  -2.5694532e+00
   3.0900000e+03  -2.3648030e+00
   3.1000000e+03  -2.4003944e+00
   3.1100000e+03  -2.6144446e+00
   3.1200000e+03  -2.3577321e+00
   3.1300000e+03  -2.2086777e+00
   3.1400000e+03  -2.4306663e+00
   3.1500000e+03  -2.3210802e+00
   3.1600000e+03  -2.4621308e+00
   3.1700000e+03  -2.5148767e+00
   3.1800000e+03  -2.2716639e+00
   3.1900000e+03  -2.2868663e+00
   3.2000000e+03  -2.1165614e+00
   3.2100000e+03  -2.2058544e+00
   3.2200000e+03  -2.1487943e+00
   3.2300000e+03  -2.1778604e+00
   3.2400000e+03  -1.9140318e+00
   3.2500000e+03  -1.8482725e+00
   3.2600000e+03  -1.8700540e+00
   3.2700000e+03  -1.6906133e+00
   3.2800000e+03  -2.0819701e+00
   3.2900000e+03  -1.9207786e+00
   3.3000000e+03  -1.9091278e+00
   3.3100000e+03  -2.2279547e+00
   3.3200000e+03  -2.1305787e+00
   3.3300000e+03  -2.1006092e+00
   3.3400000e+03  -2.2612142e+00
   3.3500000e+03  -1.9971468e+00
   3.3600000e+03  -1.9145718e+00
   3.3700000e+03  -1.8436228e+00
   3.3800000e+03  -1.9290421e+00
   3.3900000e+03  -2.0885418e+00
   3.4000000e+03  -1.9786917e+00
   3.4100000e+03  -1.8795675e+00
   3.4200000e+03  -1.6493794e+00
   3.4300000e+03  -1.6906364e+00
   3.4400000e+03  -1.8107746e+00
   3.4500000e+03  -1.7900247e+00
   3.4600000e+03  -1.9388150e+00
   3.4700000e+03  -1.8758409e+00
   3.4800000e+03  -1.5570001e+00
   3.4900000e+03  -1.7099228e+00
