   0.0000000e+00   1.7949128e+01
   1.0000000e+01   1.7964824e+01
   2.0000000e+01   1.7952231e+01
   3.0000000e+01   1.7955078e+01
   4.0000000e+01   1.7951454e+01
   5.0000000e+01   1.7946648e+01
   6.0000000e+01   1.7930640e+01
   7.0000000e+01   1.8033045e+01
   8.0000000e+01   1.8149643e+01
   9.0000000e+01   1.8386276e+01
   1.0000000e+02   1.9012411e+01
   1.1000000e+02   1.9956099e+01
   1.2000000e+02   2.1212011e+01
   1.3000000e+02   2.1258705e+01
   1.4000000e+02   2.1392366e+01
   1.5000000e+02   2.1362838e+01
   1.6000000e+02   2.1750194e+01
   1.7000000e+02   2.1787887e+01
   1.8000000e+02   2.1620645e+01
   1.9000000e+02   2.1854311e+01
   2.0000000e+02   2.1937132e+01
   2.1000000e+02   2.1945366e+01
   2.2000000e+02   2.1857270e+01
   2.3000000e+02   2.1799546e+01
   2.4000000e+02   2.1747990e+01
   2.5000000e+02   2.1742647e+01
   2.6000000e+02   2.1826486e+01
   2.7000000e+02   2.1624560e+01
   2.8000000e+02   2.1765614e+01
   2.9000000e+02   2.1726867e+01
   3.0000000e+02   2.1810400e+01
   3.1000000e+02   2.1938109e+01
   3.2000000e+02   2.1828046e+01
   3.3000000e+02   2.1719424e+01
   3.4000000e+02   2.1848362e+01
   3.5000000e+02   2.1892019e+01
   3.6000000e+02   2.1651634e+01
   3.7000000e+02   2.1678247e+01
   3.8000000e+02   2.1496152e+01
   3.9000000e+02   2.1987553e+01
   4.0000000e+02   2.1912531e+01
   4.1000000e+02   2.1907391e+01
   4.2000000e+02   2.1967842e+01
   4.3000000e+02   2.1968413e+01
   4.4000000e+02   2.1912327e+01
   4.5000000e+02   2.1850366e+01
   4.6000000e+02   2.1934740e+01
   4.7000000e+02   2.2048929e+01
   4.8000000e+02   2.2062316e+01
   4.9000000e+02   2.1808038e+01
   5.0000000e+02   2.1747662e+01
   5.1000000e+02   2.1829074e+01
   5.2000000e+02   2.1839894e+01
   5.3000000e+02   2.1857729e+01
   5.4000000e+02   2.1821325e+01
   5.5000000e+02   2.1725274e+01
   5.6000000e+02   2.1642950e+01
   5.7000000e+02   2.1618598e+01
   5.8000000e+02   2.1747864e+01
   5.9000000e+02   2.1690522e+01
   6.0000000e+02   2.1771366e+01
   6.1000000e+02   2.1795596e+01
   6.2000000e+02   2.1694773e+01
   6.3000000e+02   2.1642097e+01
   6.4000000e+02   2.1839658e+01
   6.5000000e+02   2.1959327e+01
   6.6000000e+02   2.1973708e+01
   6.7000000e+02   2.1984477e+01
   6.8000000e+02   2.1937332e+01
   6.9000000e+02   2.1956171e+01
   7.0000000e+02   2.2012242e+01
   7.1000000e+02   2.2033905e+01
   7.2000000e+02   2.2017253e+01
   7.3000000e+02   2.2063734e+01
   7.4000000e+02   2.2091115e+01
   7.5000000e+02   2.2072164e+01
   7.6000000e+02   2.2022970e+01
   7.7000000e+02   2.2116270e+01
   7.8000000e+02   2.2225917e+01
   7.9000000e+02   2.2085718e+01
   8.0000000e+02   2.2094119e+01
   8.1000000e+02   2.2153538e+01
   8.2000000e+02   2.2359249e+01
   8.3000000e+02   2.2130921e+01
   8.4000000e+02   2.2105133e+01
   8.5000000e+02   2.2042641e+01
   8.6000000e+02   2.2008539e+01
   8.7000000e+02   2.2024433e+01
   8.8000000e+02   2.2144462e+01
   8.9000000e+02   2.2159716e+01
   9.0000000e+02   2.1992424e+01
   9.1000000e+02   2.1991183e+01
   9.2000000e+02   2.1713899e+01
   9.3000000e+02   2.1984324e+01
   9.4000000e+02   2.1923306e+01
   9.5000000e+02   2.1997591e+01
   9.6000000e+02   2.1919933e+01
   9.7000000e+02   2.2042193e+01
   9.8000000e+02   2.1837168e+01
   9.9000000e+02   2.2001778e+01
   1.0000000e+03   2.1905453e+01
   1.0100000e+03   2.1876835e+01
   1.0200000e+03   2.2101837e+01
   1.0300000e+03   2.1995764e+01
   1.0400000e+03   2.2167222e+01
   1.0500000e+03   2.2182379e+01
   1.0600000e+03   2.1882347e+01
   1.0700000e+03   2.2032558e+01
   1.0800000e+03   2.2038032e+01
   1.0900000e+03   2.2116422e+01
   1.1000000e+03   2.2078500e+01
   1.1100000e+03   2.2057169e+01
   1.1200000e+03   2.1991903e+01
   1.1300000e+03   2.1903298e+01
   1.1400000e+03   2.1976453e+01
   1.1500000e+03   2.1852870e+01
   1.1600000e+03   2.2050138e+01
   1.1700000e+03   2.1928989e+01
   1.1800000e+03   2.1821861e+01
   1.1900000e+03   2.1883844e+01
   1.2000000e+03   2.2041896e+01
   1.2100000e+03   2.1889622e+01
   1.2200000e+03   2.1912869e+01
   1.2300000e+03   2.1919287e+01
   1.2400000e+03   2.2061205e+01
   1.2500000e+03   2.2077418e+01
   1.2600000e+03   2.2164656e+01
   1.2700000e+03   2.1878570e+01
   1.2800000e+03   2.1871521e+01
   1.2900000e+03   2.2103483e+01
   1.3000000e+03   2.1983169e+01
   1.3100000e+03   2.2131924e+01
   1.3200000e+03   2.2072179e+01
   1.3300000e+03   2.1904463e+01
   1.3400000e+03   2.2096903e+01
   1.3500000e+03   2.2219350e+01
   1.3600000e+03   2.2155839e+01
   1.3700000e+03   2.2301255e+01
   1.3800000e+03   2.2184409e+01
   1.3900000e+03   2.2053279e+01
   1.4000000e+03   2.1993215e+01
   1.4100000e+03   2.1983771e+01
   1.4200000e+03   2.2049979e+01
   1.4300000e+03   2.2026852e+01
   1.4400000e+03   2.2243013e+01
   1.4500000e+03   2.2098372e+01
   1.4600000e+03   2.2153490e+01
   1.4700000e+03   2.2093932e+01
   1.4800000e+03   2.2158973e+01
   1.4900000e+03   2.2291448e+01
   1.5000000e+03   2.2196069e+01
   1.5100000e+03   2.2030419e+01
   1.5200000e+03   2.2058777e+01
   1.5300000e+03   2.2118043e+01
   1.5400000e+03   2.2138111e+01
   1.5500000e+03   2.2098647e+01
   1.5600000e+03   2.2130792e+01
   1.5700000e+03   2.2022767e+01
   1.5800000e+03   2.2239887e+01
   1.5900000e+03   2.2077259e+01
   1.6000000e+03   2.2115635e+01
   1.6100000e+03   2.2076746e+01
   1.6200000e+03   2.2047746e+01
   1.6300000e+03   2.1980369e+01
   1.6400000e+03   2.2114400e+01
   1.6500000e+03   2.2056636e+01
   1.6600000e+03   2.1933777e+01
   1.6700000e+03   2.2089220e+01
   1.6800000e+03   2.2056557e+01
   1.6900000e+03   2.2082947e+01
   1.7000000e+03   2.2039209e+01
   1.7100000e+03   2.1990650e+01
   1.7200000e+03   2.2044807e+01
   1.7300000e+03   2.2063023e+01
   1.7400000e+03   2.2131837e+01
   1.7500000e+03   2.2221518e+01
   1.7600000e+03   2.2330390e+01
   1.7700000e+03   2.2221035e+01
   1.7800000e+03   2.2457037e+01
   1.7900000e+03   2.2153014e+01
   1.8000000e+03   2.2234339e+01
   1.8100000e+03   2.1974343e+01
   1.8200000e+03   2.1417201e+01
   1.8300000e+03   2.2202648e+01
   1.8400000e+03   2.1782884e+01
   1.8500000e+03   2.2115860e+01
   1.8600000e+03   2.2274061e+01
   1.8700000e+03   2.2094143e+01
   1.8800000e+03   2.2016034e+01
   1.8900000e+03   2.2183221e+01
   1.9000000e+03   2.1905319e+01
   1.9100000e+03   2.2250296e+01
   1.9200000e+03   2.2294594e+01
   1.9300000e+03   2.2182175e+01
   1.9400000e+03   2.2251058e+01
   1.9500000e+03   2.2332657e+01
   1.9600000e+03   2.2448451e+01
   1.9700000e+03   2.2391750e+01
   1.9800000e+03   2.2366819e+01
   1.9900000e+03   2.2230658e+01
   2.0000000e+03   2.2217146e+01
   2.0100000e+03   2.2329264e+01
   2.0200000e+03   2.2244395e+01
   2.0300000e+03   2.2424537e+01
   2.0400000e+03   2.2421032e+01
   2.0500000e+03   2.2450074e+01
   2.0600000e+03   2.2417342e+01
   2.0700000e+03   2.2317610e+01
   2.0800000e+03   2.2199887e+01
   2.0900000e+03   2.2180943e+01
   2.1000000e+03   2.1871138e+01
   2.1100000e+03   2.1928778e+01
   2.1200000e+03   2.1989922e+01
   2.1300000e+03   2.2191871e+01
   2.1400000e+03   2.2134153e+01
   2.1500000e+03   2.2193566e+01
   2.1600000e+03   2.2137118e+01
   2.1700000e+03   2.1811370e+01
   2.1800000e+03   2.1907649e+01
   2.1900000e+03   2.1992852e+01
   2.2000000e+03   2.2048334e+01
   2.2100000e+03   2.2119966e+01
   2.2200000e+03   2.1969781e+01
   2.2300000e+03   2.2123298e+01
   2.2400000e+03   2.2150229e+01
   2.2500000e+03   2.2047155e+01
   2.2600000e+03   2.1978564e+01
   2.2700000e+03   2.2254413e+01
   2.2800000e+03   2.1777958e+01
   2.2900000e+03   2.2025116e+01
   2.3000000e+03   2.1980468e+01
   2.3100000e+03   2.1978295e+01
   2.3200000e+03   2.2257739e+01
   2.3300000e+03   2.2225280e+01
   2.3400000e+03   2.2147109e+01
   2.3500000e+03   2.2282966e+01
   2.3600000e+03   2.2327978e+01
   2.3700000e+03   2.2243978e+01
   2.3800000e+03   2.2222529e+01
   2.3900000e+03   2.1932791e+01
   2.4000000e+03   2.2025103e+01
   2.4100000e+03   2.1787822e+01
   2.4200000e+03   2.2163520e+01
   2.4300000e+03   2.2208591e+01
   2.4400000e+03   2.2079412e+01
   2.4500000e+03   2.2188837e+01
   2.4600000e+03   2.2187946e+01
   2.4700000e+03   2.2206311e+01
   2.4800000e+03   2.2213051e+01
   2.4900000e+03   2.2111286e+01
   2.5000000e+03   2.2246277e+01
   2.5100000e+03   2.2272344e+01
   2.5200000e+03   2.2289509e+01
   2.5300000e+03   2.2184057e+01
   2.5400000e+03   2.2196482e+01
   2.5500000e+03   2.2188928e+01
   2.5600000e+03   2.2343067e+01
   2.5700000e+03   2.2045771e+01
   2.5800000e+03   2.2239702e+01
   2.5900000e+03   2.2342671e+01
   2.6000000e+03   2.2266009e+01
   2.6100000e+03   2.2264829e+01
   2.6200000e+03   2.2348287e+01
   2.6300000e+03   2.2162171e+01
   2.6400000e+03   2.2244341e+01
   2.6500000e+03   2.2133464e+01
   2.6600000e+03   2.2052566e+01
   2.6700000e+03   2.2293295e+01
   2.6800000e+03   2.2213326e+01
   2.6900000e+03   2.2258900e+01
   2.7000000e+03   2.2176427e+01
   2.7100000e+03   2.2107490e+01
   2.7200000e+03   2.2213070e+01
   2.7300000e+03   2.2036217e+01
   2.7400000e+03   2.1868660e+01
   2.7500000e+03   2.1745487e+01
   2.7600000e+03   2.1749997e+01
   2.7700000e+03   2.1807614e+01
   2.7800000e+03   2.1619691e+01
   2.7900000e+03   2.1861589e+01
   2.8000000e+03   2.1603103e+01
   2.8100000e+03   2.1978567e+01
   2.8200000e+03   2.1779433e+01
   2.8300000e+03   2.1802532e+01
   2.8400000e+03   2.1856874e+01
   2.8500000e+03   2.1843106e+01
   2.8600000e+03   2.1945333e+01
   2.8700000e+03   2.1524894e+01
   2.8800000e+03   2.1964372e+01
   2.8900000e+03   2.2124710e+01
   2.9000000e+03   2.2190297e+01
   2.9100000e+03   2.2139861e+01
   2.9200000e+03   2.2015687e+01
   2.9300000e+03   2.2059992e+01
   2.9400000e+03   2.1601068e+01
   2.9500000e+03   2.2026179e+01
   2.9600000e+03   2.1889144e+01
   2.9700000e+03   2.1965023e+01
   2.9800000e+03   2.1994733e+01
   2.9900000e+03   2.2105781e+01
   3.0000000e+03   2.2322425e+01
   3.0100000e+03   2.1810599e+01
   3.0200000e+03   2.1991888e+01
   3.0300000e+03   2.2080222e+01
   3.0400000e+03   2.2222992e+01
   3.0500000e+03   2.2182090e+01
   3.0600000e+03   2.2322266e+01
   3.0700000e+03   2.2325492e+01
   3.0800000e+03   2.2067612e+01
   3.0900000e+03   2.2033328e+01
   3.1000000e+03   2.2034486e+01
   3.1100000e+03   2.2210858e+01
   3.1200000e+03   2.2220698e+01
   3.1300000e+03   2.2225147e+01
   3.1400000e+03   2.1987046e+01
   3.1500000e+03   2.2249513e+01
   3.1600000e+03   2.2003642e+01
   3.1700000e+03   2.1881935e+01
   3.1800000e+03   2.2142610e+01
   3.1900000e+03   2.2075972e+01
   3.2000000e+03   2.2225649e+01
   3.2100000e+03   2.2440936e+01
   3.2200000e+03   2.2247138e+01
   3.2300000e+03   2.2282559e+01
   3.2400000e+03   2.2379724e+01
   3.2500000e+03   2.2324012e+01
   3.2600000e+03   2.2315963e+01
   3.2700000e+03   2.2203251e+01
   3.2800000e+03   2.2265172e+01
   3.2900000e+03   2.1684529e+01
   3.3000000e+03   2.2165550e+01
   3.3100000e+03   2.2273798e+01
   3.3200000e+03   2.2137222e+01
   3.3300000e+03   2.1662757e+01
   3.3400000e+03   2.2305393e+01
   3.3500000e+03   2.2405229e+01
   3.3600000e+03   2.2225623e+01
   3.3700000e+03   2.2329212e+01
   3.3800000e+03   2.2306340e+01
   3.3900000e+03   2.2356737e+01
   3.4000000e+03   2.1927518e+01
   3.4100000e+03   2.2312725e+01
   3.4200000e+03   2.2131381e+01
   3.4300000e+03   2.2313661e+01
   3.4400000e+03   2.2247521e+01
   3.4500000e+03   2.2114734e+01
   3.4600000e+03   2.2259164e+01
   3.4700000e+03   2.2255305e+01
   3.4800000e+03   2.2050173e+01
   3.4900000e+03   2.2271000e+01
