   0.0000000e+00   1.7800366e+01
   1.0000000e+01   1.7797729e+01
   2.0000000e+01   1.7808343e+01
   3.0000000e+01   1.7804692e+01
   4.0000000e+01   1.7791551e+01
   5.0000000e+01   1.7788602e+01
   6.0000000e+01   1.7758202e+01
   7.0000000e+01   1.7614592e+01
   8.0000000e+01   1.7266239e+01
   9.0000000e+01   1.6487469e+01
   1.0000000e+02   1.2964239e+01
   1.1000000e+02   9.4494579e+00
   1.2000000e+02   6.3833380e+00
   1.3000000e+02   3.9581461e+00
   1.4000000e+02   2.4110448e+00
   1.5000000e+02   1.3287348e+00
   1.6000000e+02   3.5586539e-01
   1.7000000e+02  -3.0982723e-01
   1.8000000e+02  -7.3541929e-01
   1.9000000e+02  -1.5144248e+00
   2.0000000e+02  -1.6690299e+00
   2.1000000e+02  -2.1131182e+00
   2.2000000e+02  -2.4661918e+00
   2.3000000e+02  -2.9645603e+00
   2.4000000e+02  -2.8727307e+00
   2.5000000e+02  -3.3213159e+00
   2.6000000e+02  -3.3640851e+00
   2.7000000e+02  -3.5078630e+00
   2.8000000e+02  -3.5806811e+00
   2.9000000e+02  -3.3914793e+00
   3.0000000e+02  -3.7066404e+00
   3.1000000e+02  -3.6485317e+00
   3.2000000e+02  -3.7528051e+00
   3.3000000e+02  -3.7242514e+00
   3.4000000e+02  -3.7786904e+00
   3.5000000e+02  -3.8446748e+00
   3.6000000e+02  -3.9421963e+00
   3.7000000e+02  -3.8864473e+00
   3.8000000e+02  -3.8506487e+00
   3.9000000e+02  -3.8181039e+00
   4.0000000e+02  -3.9816116e+00
   4.1000000e+02  -4.0625682e+00
   4.2000000e+02  -4.0845497e+00
   4.3000000e+02  -3.9686561e+00
   4.4000000e+02  -4.1246590e+00
   4.5000000e+02  -3.8352071e+00
   4.6000000e+02  -3.7437302e+00
   4.7000000e+02  -4.2557641e+00
   4.8000000e+02  -4.1883784e+00
   4.9000000e+02  -4.2570688e+00
   5.0000000e+02  -3.9583047e+00
   5.1000000e+02  -3.8729282e+00
   5.2000000e+02  -3.9218406e+00
   5.3000000e+02  -4.0594131e+00
   5.4000000e+02  -3.9045914e+00
   5.5000000e+02  -4.0939631e+00
   5.6000000e+02  -4.1046073e+00
   5.7000000e+02  -4.0825996e+00
   5.8000000e+02  -4.1752088e+00
   5.9000000e+02  -4.1754164e+00
   6.0000000e+02  -4.3445622e+00
   6.1000000e+02  -4.3099589e+00
   6.2000000e+02  -4.0614186e+00
   6.3000000e+02  -4.2402904e+00
   6.4000000e+02  -4.1890161e+00
   6.5000000e+02  -4.1737360e+00
   6.6000000e+02  -4.3617080e+00
   6.7000000e+02  -4.3568258e+00
   6.8000000e+02  -4.6679461e+00
   6.9000000e+02  -4.3260512e+00
   7.0000000e+02  -4.5648626e+00
   7.1000000e+02  -4.4592419e+00
   7.2000000e+02  -4.5635160e+00
   7.3000000e+02  -4.5948791e+00
   7.4000000e+02  -4.5603382e+00
   7.5000000e+02  -4.5287324e+00
   7.6000000e+02  -4.8107067e+00
   7.7000000e+02  -4.7908761e+00
   7.8000000e+02  -4.9256190e+00
   7.9000000e+02  -5.0326818e+00
   8.0000000e+02  -4.9779137e+00
   8.1000000e+02  -5.0706674e+00
   8.2000000e+02  -5.1749268e+00
   8.3000000e+02  -5.2780457e+00
   8.4000000e+02  -5.1694480e+00
   8.5000000e+02  -4.8503884e+00
   8.6000000e+02  -4.8704646e+00
   8.7000000e+02  -4.9901165e+00
   8.8000000e+02  -4.8201326e+00
   8.9000000e+02  -4.5129140e+00
   9.0000000e+02  -4.3296731e+00
   9.1000000e+02  -4.8060579e+00
   9.2000000e+02  -4.8732710e+00
   9.3000000e+02  -4.8925009e+00
   9.4000000e+02  -5.0229889e+00
   9.5000000e+02  -4.9416271e+00
   9.6000000e+02  -4.9173209e+00
   9.7000000e+02  -4.7999833e+00
   9.8000000e+02  -5.0680303e+00
   9.9000000e+02  -4.9929594e+00
   1.0000000e+03  -4.9417144e+00
   1.0100000e+03  -4.9630481e+00
   1.0200000e+03  -4.8667984e+00
   1.0300000e+03  -5.1411205e+00
   1.0400000e+03  -5.1805113e+00
   1.0500000e+03  -4.8555574e+00
   1.0600000e+03  -5.1416832e+00
   1.0700000e+03  -4.9544204e+00
   1.0800000e+03  -4.8841269e+00
   1.0900000e+03  -4.9773326e+00
   1.1000000e+03  -4.7949940e+00
   1.1100000e+03  -5.0356423e+00
   1.1200000e+03  -4.6819780e+00
   1.1300000e+03  -4.4696212e+00
   1.1400000e+03  -4.1701644e+00
   1.1500000e+03  -4.1339266e+00
   1.1600000e+03  -4.4411479e+00
   1.1700000e+03  -4.4332678e+00
   1.1800000e+03  -4.5176169e+00
   1.1900000e+03  -4.2970171e+00
   1.2000000e+03  -4.4391618e+00
   1.2100000e+03  -4.3345337e+00
   1.2200000e+03  -4.3429604e+00
   1.2300000e+03  -4.2789185e+00
   1.2400000e+03  -4.6511717e+00
   1.2500000e+03  -4.9715449e+00
   1.2600000e+03  -4.6760384e+00
   1.2700000e+03  -4.7050282e+00
   1.2800000e+03  -4.5749388e+00
   1.2900000e+03  -4.7134705e+00
   1.3000000e+03  -4.4783317e+00
   1.3100000e+03  -4.4559547e+00
   1.3200000e+03  -4.4111524e+00
   1.3300000e+03  -4.4727005e+00
   1.3400000e+03  -4.6066560e+00
   1.3500000e+03  -4.7172594e+00
   1.3600000e+03  -4.8612072e+00
   1.3700000e+03  -4.9292278e+00
   1.3800000e+03  -4.6944726e+00
   1.3900000e+03  -4.9276499e+00
   1.4000000e+03  -5.1282818e+00
   1.4100000e+03  -5.0243143e+00
   1.4200000e+03  -5.1269885e+00
   1.4300000e+03  -5.0803723e+00
   1.4400000e+03  -4.9876904e+00
   1.4500000e+03  -4.9466734e+00
   1.4600000e+03  -4.8553021e+00
   1.4700000e+03  -4.7665375e+00
   1.4800000e+03  -4.5659356e+00
   1.4900000e+03  -4.8889106e+00
   1.5000000e+03  -4.7575838e+00
   1.5100000e+03  -4.7997244e+00
   1.5200000e+03  -4.9376896e+00
   1.5300000e+03  -4.9447571e+00
   1.5400000e+03  -5.0491949e+00
   1.5500000e+03  -5.0467345e+00
   1.5600000e+03  -5.0457830e+00
   1.5700000e+03  -5.0843350e+00
   1.5800000e+03  -5.1692725e+00
   1.5900000e+03  -5.0651617e+00
   1.6000000e+03  -5.0601802e+00
   1.6100000e+03  -5.1591601e+00
   1.6200000e+03  -4.9801770e+00
   1.6300000e+03  -4.9493451e+00
   1.6400000e+03  -5.1351785e+00
   1.6500000e+03  -4.9952899e+00
   1.6600000e+03  -4.9682352e+00
   1.6700000e+03  -4.7585467e+00
   1.6800000e+03  -4.8779220e+00
   1.6900000e+03  -4.8534112e+00
   1.7000000e+03  -4.6153213e+00
   1.7100000e+03  -4.8339400e+00
   1.7200000e+03  -4.8854838e+00
   1.7300000e+03  -4.6706881e+00
   1.7400000e+03  -4.8922990e+00
   1.7500000e+03  -4.5978934e+00
   1.7600000e+03  -4.8709809e+00
   1.7700000e+03  -5.0928104e+00
   1.7800000e+03  -4.7146415e+00
   1.7900000e+03  -4.8051627e+00
   1.8000000e+03  -4.4099083e+00
   1.8100000e+03  -4.4349076e+00
   1.8200000e+03  -4.5323641e+00
   1.8300000e+03  -5.0456074e+00
   1.8400000e+03  -4.9661779e+00
   1.8500000e+03  -4.7340219e+00
   1.8600000e+03  -5.0147319e+00
   1.8700000e+03  -4.9474550e+00
   1.8800000e+03  -4.9309893e+00
   1.8900000e+03  -4.9485960e+00
   1.9000000e+03  -4.7645228e+00
   1.9100000e+03  -5.1457207e+00
   1.9200000e+03  -4.8939966e+00
   1.9300000e+03  -5.1330188e+00
   1.9400000e+03  -5.1368498e+00
   1.9500000e+03  -4.9226145e+00
   1.9600000e+03  -4.9290720e+00
   1.9700000e+03  -4.4897527e+00
   1.9800000e+03  -5.0363287e+00
   1.9900000e+03  -4.9820864e+00
   2.0000000e+03  -5.1850554e+00
   2.0100000e+03  -5.2048250e+00
   2.0200000e+03  -5.0837679e+00
   2.0300000e+03  -4.9776788e+00
   2.0400000e+03  -5.1456144e+00
   2.0500000e+03  -5.2027940e+00
   2.0600000e+03  -5.2390924e+00
   2.0700000e+03  -5.3764700e+00
   2.0800000e+03  -4.8805852e+00
   2.0900000e+03  -5.2056472e+00
   2.1000000e+03  -4.7929906e+00
   2.1100000e+03  -4.8932528e+00
   2.1200000e+03  -5.0118076e+00
   2.1300000e+03  -4.9035654e+00
   2.1400000e+03  -4.9840683e+00
   2.1500000e+03  -4.7316381e+00
   2.1600000e+03  -4.2692139e+00
   2.1700000e+03  -4.4761358e+00
   2.1800000e+03  -4.3604288e+00
   2.1900000e+03  -4.2176574e+00
   2.2000000e+03  -4.1884876e+00
   2.2100000e+03  -4.3020152e+00
   2.2200000e+03  -4.6300975e+00
   2.2300000e+03  -4.7121203e+00
   2.2400000e+03  -4.7063084e+00
   2.2500000e+03  -4.7259623e+00
   2.2600000e+03  -4.2062120e+00
   2.2700000e+03  -4.4382116e+00
   2.2800000e+03  -4.6919484e+00
   2.2900000e+03  -4.6267101e+00
   2.3000000e+03  -4.6378889e+00
   2.3100000e+03  -4.8195409e+00
   2.3200000e+03  -4.8322845e+00
   2.3300000e+03  -4.8406938e+00
   2.3400000e+03  -4.8970443e+00
   2.3500000e+03  -4.8401046e+00
   2.3600000e+03  -5.0893592e+00
   2.3700000e+03  -4.9120416e+00
   2.3800000e+03  -5.0182657e+00
   2.3900000e+03  -4.8824712e+00
   2.4000000e+03  -4.7231943e+00
   2.4100000e+03  -4.8013532e+00
   2.4200000e+03  -4.9600552e+00
   2.4300000e+03  -4.8236208e+00
   2.4400000e+03  -4.6849761e+00
   2.4500000e+03  -4.7973396e+00
   2.4600000e+03  -4.6901248e+00
   2.4700000e+03  -4.9360297e+00
   2.4800000e+03  -5.0168368e+00
   2.4900000e+03  -4.7705676e+00
   2.5000000e+03  -4.5168708e+00
   2.5100000e+03  -4.2844562e+00
   2.5200000e+03  -4.5320798e+00
   2.5300000e+03  -4.7195475e+00
   2.5400000e+03  -4.9634923e+00
   2.5500000e+03  -4.8775884e+00
   2.5600000e+03  -4.8593741e+00
   2.5700000e+03  -5.1110993e+00
   2.5800000e+03  -4.7063254e+00
   2.5900000e+03  -5.0273977e+00
   2.6000000e+03  -4.6132378e+00
   2.6100000e+03  -4.6346453e+00
   2.6200000e+03  -4.8967971e+00
   2.6300000e+03  -4.8192817e+00
   2.6400000e+03  -4.5784841e+00
   2.6500000e+03  -5.0896470e+00
   2.6600000e+03  -5.1224245e+00
   2.6700000e+03  -5.0398940e+00
   2.6800000e+03  -5.0372419e+00
   2.6900000e+03  -5.0812154e+00
   2.7000000e+03  -4.9788827e+00
   2.7100000e+03  -4.7899175e+00
   2.7200000e+03  -4.6600313e+00
   2.7300000e+03  -4.8886083e+00
   2.7400000e+03  -4.5705126e+00
   2.7500000e+03  -4.6314470e+00
   2.7600000e+03  -4.5676593e+00
   2.7700000e+03  -4.7705598e+00
   2.7800000e+03  -4.6119091e+00
   2.7900000e+03  -4.6471488e+00
   2.8000000e+03  -4.9638304e+00
   2.8100000e+03  -4.8323343e+00
   2.8200000e+03  -4.8494305e+00
   2.8300000e+03  -4.8461364e+00
   2.8400000e+03  -4.8333174e+00
   2.8500000e+03  -4.7474041e+00
   2.8600000e+03  -4.6718451e+00
   2.8700000e+03  -4.6919165e+00
   2.8800000e+03  -4.7271365e+00
   2.8900000e+03  -4.8254602e+00
   2.9000000e+03  -5.0923185e+00
   2.9100000e+03  -4.9194725e+00
   2.9200000e+03  -5.1993648e+00
   2.9300000e+03  -4.8603667e+00
   2.9400000e+03  -4.9385788e+00
   2.9500000e+03  -4.8062209e+00
   2.9600000e+03  -4.5361729e+00
   2.9700000e+03  -4.9277938e+00
   2.9800000e+03  -4.7743643e+00
   2.9900000e+03  -4.6148785e+00
   3.0000000e+03  -4.6327219e+00
   3.0100000e+03  -5.0867854e+00
   3.0200000e+03  -5.1807873e+00
   3.0300000e+03  -4.9636688e+00
   3.0400000e+03  -5.0227834e+00
   3.0500000e+03  -5.1195485e+00
   3.0600000e+03  -5.3250378e+00
   3.0700000e+03  -5.3507484e+00
   3.0800000e+03  -4.9481024e+00
   3.0900000e+03  -5.1008252e+00
   3.1000000e+03  -4.8623366e+00
   3.1100000e+03  -4.8272330e+00
   3.1200000e+03  -5.0648565e+00
   3.1300000e+03  -4.9506612e+00
   3.1400000e+03  -5.1555574e+00
   3.1500000e+03  -5.0777902e+00
   3.1600000e+03  -5.1741690e+00
   3.1700000e+03  -4.8967050e+00
   3.1800000e+03  -4.9549248e+00
   3.1900000e+03  -4.9818297e+00
   3.2000000e+03  -4.9173363e+00
   3.2100000e+03  -5.0894611e+00
   3.2200000e+03  -5.0333832e+00
   3.2300000e+03  -5.0197843e+00
   3.2400000e+03  -5.0159221e+00
   3.2500000e+03  -4.9921343e+00
   3.2600000e+03  -5.0296604e+00
   3.2700000e+03  -4.9703223e+00
   3.2800000e+03  -5.0100815e+00
   3.2900000e+03  -4.9436300e+00
   3.3000000e+03  -4.9719961e+00
   3.3100000e+03  -4.8559481e+00
   3.3200000e+03  -4.7655407e+00
   3.3300000e+03  -4.8171885e+00
   3.3400000e+03  -4.7932810e+00
   3.3500000e+03  -4.9380950e+00
   3.3600000e+03  -4.9625357e+00
   3.3700000e+03  -4.6426163e+00
   3.3800000e+03  -4.8488782e+00
   3.3900000e+03  -4.8881086e+00
   3.4000000e+03  -4.7833043e+00
   3.4100000e+03  -4.6728643e+00
   3.4200000e+03  -4.8882516e+00
   3.4300000e+03  -4.4205812e+00
   3.4400000e+03  -4.6360359e+00
   3.4500000e+03  -4.4313345e+00
   3.4600000e+03  -4.4732316e+00
   3.4700000e+03  -4.8547538e+00
   3.4800000e+03  -4.7732441e+00
   3.4900000e+03  -4.6482627e+00
