   0.0000000e+00   1.8569207e+01
   1.0000000e+01   1.8557915e+01
   2.0000000e+01   1.8549260e+01
   3.0000000e+01   1.8577920e+01
   4.0000000e+01   1.8493341e+01
   5.0000000e+01   1.7391408e+01
   6.0000000e+01   1.0309429e+01
   7.0000000e+01   3.1529833e+00
   8.0000000e+01  -2.8347054e+00
   9.0000000e+01  -8.5859847e+00
   1.0000000e+02  -1.2242214e+01
   1.1000000e+02  -1.4480190e+01
   1.2000000e+02  -1.5841627e+01
   1.3000000e+02  -1.7246659e+01
   1.4000000e+02  -1.8427976e+01
   1.5000000e+02  -1.9111283e+01
   1.6000000e+02  -1.9532404e+01
   1.7000000e+02  -2.0223709e+01
   1.8000000e+02  -2.0640992e+01
   1.9000000e+02  -2.1171633e+01
   2.0000000e+02  -2.1271489e+01
   2.1000000e+02  -2.1211274e+01
   2.2000000e+02  -2.1668519e+01
   2.3000000e+02  -2.1723592e+01
   2.4000000e+02  -2.2283449e+01
   2.5000000e+02  -2.2218172e+01
   2.6000000e+02  -2.2623257e+01
   2.7000000e+02  -2.2362816e+01
   2.8000000e+02  -2.2016649e+01
   2.9000000e+02  -2.2152975e+01
   3.0000000e+02  -2.1826042e+01
   3.1000000e+02  -2.1891381e+01
   3.2000000e+02  -2.2693292e+01
   3.3000000e+02  -2.2577378e+01
   3.4000000e+02  -2.2404595e+01
   3.5000000e+02  -2.2619511e+01
   3.6000000e+02  -2.2885252e+01
   3.7000000e+02  -2.2357099e+01
   3.8000000e+02  -2.2466932e+01
   3.9000000e+02  -2.2468243e+01
   4.0000000e+02  -2.2653773e+01
   4.1000000e+02  -2.2596564e+01
   4.2000000e+02  -2.2382546e+01
   4.3000000e+02  -2.2548004e+01
   4.4000000e+02  -2.2633217e+01
   4.5000000e+02  -2.2542655e+01
   4.6000000e+02  -2.2531628e+01
   4.7000000e+02  -2.2399860e+01
   4.8000000e+02  -2.2538555e+01
   4.9000000e+02  -2.2514714e+01
   5.0000000e+02  -2.2526859e+01
   5.1000000e+02  -2.2249169e+01
   5.2000000e+02  -2.2243875e+01
   5.3000000e+02  -2.2247266e+01
   5.4000000e+02  -2.2105153e+01
   5.5000000e+02  -2.2172003e+01
   5.6000000e+02  -2.2291105e+01
   5.7000000e+02  -2.1941640e+01
   5.8000000e+02  -2.1946098e+01
   5.9000000e+02  -2.2008718e+01
   6.0000000e+02  -2.1887423e+01
   6.1000000e+02  -2.1620157e+01
   6.2000000e+02  -2.1626469e+01
   6.3000000e+02  -2.1686312e+01
   6.4000000e+02  -2.1476017e+01
   6.5000000e+02  -2.1424134e+01
   6.6000000e+02  -2.1288834e+01
   6.7000000e+02  -2.1217472e+01
   6.8000000e+02  -2.1078899e+01
   6.9000000e+02  -2.1205926e+01
   7.0000000e+02  -2.1088667e+01
   7.1000000e+02  -2.1230552e+01
   7.2000000e+02  -2.1123050e+01
   7.3000000e+02  -2.0862755e+01
   7.4000000e+02  -2.0912543e+01
   7.5000000e+02  -2.0577288e+01
   7.6000000e+02  -2.0818314e+01
   7.7000000e+02  -2.0743648e+01
   7.8000000e+02  -2.0587284e+01
   7.9000000e+02  -2.0604077e+01
   8.0000000e+02  -2.0737658e+01
   8.1000000e+02  -2.0860555e+01
   8.2000000e+02  -2.0850644e+01
   8.3000000e+02  -2.0929879e+01
   8.4000000e+02  -2.0949087e+01
   8.5000000e+02  -2.0728096e+01
   8.6000000e+02  -2.0625005e+01
   8.7000000e+02  -2.0520663e+01
   8.8000000e+02  -2.0478929e+01
   8.9000000e+02  -1.9882791e+01
   9.0000000e+02  -1.9962792e+01
   9.1000000e+02  -2.0516583e+01
   9.2000000e+02  -2.0920097e+01
   9.3000000e+02  -2.0601164e+01
   9.4000000e+02  -2.0269849e+01
   9.5000000e+02  -2.0593552e+01
   9.6000000e+02  -2.0404398e+01
   9.7000000e+02  -2.0127451e+01
   9.8000000e+02  -2.0125462e+01
   9.9000000e+02  -2.0184792e+01
   1.0000000e+03  -2.0218621e+01
   1.0100000e+03  -2.0243392e+01
   1.0200000e+03  -1.9834303e+01
   1.0300000e+03  -2.0125366e+01
   1.0400000e+03  -2.0162290e+01
   1.0500000e+03  -2.0090733e+01
   1.0600000e+03  -2.0009105e+01
   1.0700000e+03  -2.0102426e+01
   1.0800000e+03  -2.0102171e+01
   1.0900000e+03  -1.9802307e+01
   1.1000000e+03  -1.9568758e+01
   1.1100000e+03  -1.9706720e+01
   1.1200000e+03  -1.9710529e+01
   1.1300000e+03  -1.9606258e+01
   1.1400000e+03  -1.9697466e+01
   1.1500000e+03  -1.9623402e+01
   1.1600000e+03  -1.9578862e+01
   1.1700000e+03  -1.9576784e+01
   1.1800000e+03  -1.9500265e+01
   1.1900000e+03  -1.9382456e+01
   1.2000000e+03  -1.9269862e+01
   1.2100000e+03  -1.9232778e+01
   1.2200000e+03  -1.9155515e+01
   1.2300000e+03  -1.9014119e+01
   1.2400000e+03  -1.9170706e+01
   1.2500000e+03  -1.8972548e+01
   1.2600000e+03  -1.8901022e+01
   1.2700000e+03  -1.8770917e+01
   1.2800000e+03  -1.8754106e+01
   1.2900000e+03  -1.8848420e+01
   1.3000000e+03  -1.8664470e+01
   1.3100000e+03  -1.8659359e+01
   1.3200000e+03  -1.8422997e+01
   1.3300000e+03  -1.8692460e+01
   1.3400000e+03  -1.8547014e+01
   1.3500000e+03  -1.8439283e+01
   1.3600000e+03  -1.8443589e+01
   1.3700000e+03  -1.8262582e+01
   1.3800000e+03  -1.8306588e+01
   1.3900000e+03  -1.8363670e+01
   1.4000000e+03  -1.8348293e+01
   1.4100000e+03  -1.8380474e+01
   1.4200000e+03  -1.8287939e+01
   1.4300000e+03  -1.8335647e+01
   1.4400000e+03  -1.8330586e+01
   1.4500000e+03  -1.8272565e+01
   1.4600000e+03  -1.8297584e+01
   1.4700000e+03  -1.8270747e+01
   1.4800000e+03  -1.8147661e+01
   1.4900000e+03  -1.8136154e+01
   1.5000000e+03  -1.8245974e+01
   1.5100000e+03  -1.8189161e+01
   1.5200000e+03  -1.8080559e+01
   1.5300000e+03  -1.7989282e+01
   1.5400000e+03  -1.7985292e+01
   1.5500000e+03  -1.7938036e+01
   1.5600000e+03  -1.7950928e+01
   1.5700000e+03  -1.7993934e+01
   1.5800000e+03  -1.7902869e+01
   1.5900000e+03  -1.7731854e+01
   1.6000000e+03  -1.7960033e+01
   1.6100000e+03  -1.7791640e+01
   1.6200000e+03  -1.7808996e+01
   1.6300000e+03  -1.7900250e+01
   1.6400000e+03  -1.7755517e+01
   1.6500000e+03  -1.7762648e+01
   1.6600000e+03  -1.7752751e+01
   1.6700000e+03  -1.7679613e+01
   1.6800000e+03  -1.7722192e+01
   1.6900000e+03  -1.7656353e+01
   1.7000000e+03  -1.7678436e+01
   1.7100000e+03  -1.7775116e+01
   1.7200000e+03  -1.7780305e+01
   1.7300000e+03  -1.7764033e+01
   1.7400000e+03  -1.7781479e+01
   1.7500000e+03  -1.7692754e+01
   1.7600000e+03  -1.7786447e+01
   1.7700000e+03  -1.8020925e+01
   1.7800000e+03  -1.7922245e+01
   1.7900000e+03  -1.8087330e+01
   1.8000000e+03  -1.8020379e+01
   1.8100000e+03  -1.8045603e+01
   1.8200000e+03  -1.7957890e+01
   1.8300000e+03  -1.8135746e+01
   1.8400000e+03  -1.8201461e+01
   1.8500000e+03  -1.8149704e+01
   1.8600000e+03  -1.8090956e+01
   1.8700000e+03  -1.8337812e+01
   1.8800000e+03  -1.8162483e+01
   1.8900000e+03  -1.8188407e+01
   1.9000000e+03  -1.8171402e+01
   1.9100000e+03  -1.8211132e+01
   1.9200000e+03  -1.8190351e+01
   1.9300000e+03  -1.8167301e+01
   1.9400000e+03  -1.8185444e+01
   1.9500000e+03  -1.8119669e+01
   1.9600000e+03  -1.8269768e+01
   1.9700000e+03  -1.8106262e+01
   1.9800000e+03  -1.8263188e+01
   1.9900000e+03  -1.8141470e+01
   2.0000000e+03  -1.8391171e+01
   2.0100000e+03  -1.8281008e+01
   2.0200000e+03  -1.8239088e+01
   2.0300000e+03  -1.8299190e+01
   2.0400000e+03  -1.8364338e+01
   2.0500000e+03  -1.8368171e+01
   2.0600000e+03  -1.8445859e+01
   2.0700000e+03  -1.8393437e+01
   2.0800000e+03  -1.8481884e+01
   2.0900000e+03  -1.8444186e+01
   2.1000000e+03  -1.8497384e+01
   2.1100000e+03  -1.8553225e+01
   2.1200000e+03  -1.8491308e+01
   2.1300000e+03  -1.8495516e+01
   2.1400000e+03  -1.8327634e+01
   2.1500000e+03  -1.8429633e+01
   2.1600000e+03  -1.8379795e+01
   2.1700000e+03  -1.8323899e+01
   2.1800000e+03  -1.8187142e+01
   2.1900000e+03  -1.8197151e+01
   2.2000000e+03  -1.8216891e+01
   2.2100000e+03  -1.8098451e+01
   2.2200000e+03  -1.8200198e+01
   2.2300000e+03  -1.8141292e+01
   2.2400000e+03  -1.8110886e+01
   2.2500000e+03  -1.8161627e+01
   2.2600000e+03  -1.8015044e+01
   2.2700000e+03  -1.8125265e+01
   2.2800000e+03  -1.8003010e+01
   2.2900000e+03  -1.8068010e+01
   2.3000000e+03  -1.8045491e+01
   2.3100000e+03  -1.8125860e+01
   2.3200000e+03  -1.7898108e+01
   2.3300000e+03  -1.8028877e+01
   2.3400000e+03  -1.7814387e+01
   2.3500000e+03  -1.8055252e+01
   2.3600000e+03  -1.7984161e+01
   2.3700000e+03  -1.8059116e+01
   2.3800000e+03  -1.7953540e+01
   2.3900000e+03  -1.7982258e+01
   2.4000000e+03  -1.8087179e+01
   2.4100000e+03  -1.8477917e+01
   2.4200000e+03  -1.8527909e+01
   2.4300000e+03  -1.8440684e+01
   2.4400000e+03  -1.8536694e+01
   2.4500000e+03  -1.8413827e+01
   2.4600000e+03  -1.8327541e+01
   2.4700000e+03  -1.8369217e+01
   2.4800000e+03  -1.8344480e+01
   2.4900000e+03  -1.8401529e+01
   2.5000000e+03  -1.8447675e+01
   2.5100000e+03  -1.8360585e+01
   2.5200000e+03  -1.8441890e+01
   2.5300000e+03  -1.8352128e+01
   2.5400000e+03  -1.8291986e+01
   2.5500000e+03  -1.8388071e+01
   2.5600000e+03  -1.8367179e+01
   2.5700000e+03  -1.8373774e+01
   2.5800000e+03  -1.8423250e+01
   2.5900000e+03  -1.8373988e+01
   2.6000000e+03  -1.8247813e+01
   2.6100000e+03  -1.8240573e+01
   2.6200000e+03  -1.8131268e+01
   2.6300000e+03  -1.8153602e+01
   2.6400000e+03  -1.8169543e+01
   2.6500000e+03  -1.8226501e+01
   2.6600000e+03  -1.8199118e+01
   2.6700000e+03  -1.8118065e+01
   2.6800000e+03  -1.8011265e+01
   2.6900000e+03  -1.8343950e+01
   2.7000000e+03  -1.8259811e+01
   2.7100000e+03  -1.8380919e+01
   2.7200000e+03  -1.8271166e+01
   2.7300000e+03  -1.8370649e+01
   2.7400000e+03  -1.8322328e+01
   2.7500000e+03  -1.8401877e+01
   2.7600000e+03  -1.8405369e+01
   2.7700000e+03  -1.8316161e+01
   2.7800000e+03  -1.8324227e+01
   2.7900000e+03  -1.8366847e+01
   2.8000000e+03  -1.8375615e+01
   2.8100000e+03  -1.8395249e+01
   2.8200000e+03  -1.8325633e+01
   2.8300000e+03  -1.8352916e+01
   2.8400000e+03  -1.8383679e+01
   2.8500000e+03  -1.8463756e+01
   2.8600000e+03  -1.8389446e+01
   2.8700000e+03  -1.8431410e+01
   2.8800000e+03  -1.8397227e+01
   2.8900000e+03  -1.8541653e+01
   2.9000000e+03  -1.8262258e+01
   2.9100000e+03  -1.8589267e+01
   2.9200000e+03  -1.8711388e+01
   2.9300000e+03  -1.8739056e+01
   2.9400000e+03  -1.8663048e+01
   2.9500000e+03  -1.8616232e+01
   2.9600000e+03  -1.8647752e+01
   2.9700000e+03  -1.8788914e+01
   2.9800000e+03  -1.8812785e+01
   2.9900000e+03  -1.8715913e+01
   3.0000000e+03  -1.8854026e+01
   3.0100000e+03  -1.8862113e+01
   3.0200000e+03  -1.8808627e+01
   3.0300000e+03  -1.8962132e+01
   3.0400000e+03  -1.8882309e+01
   3.0500000e+03  -1.8782814e+01
   3.0600000e+03  -1.8695831e+01
   3.0700000e+03  -1.8810602e+01
   3.0800000e+03  -1.8942919e+01
   3.0900000e+03  -1.8820826e+01
   3.1000000e+03  -1.8770893e+01
   3.1100000e+03  -1.8633700e+01
   3.1200000e+03  -1.8623661e+01
   3.1300000e+03  -1.8440371e+01
   3.1400000e+03  -1.8619700e+01
   3.1500000e+03  -1.8482643e+01
   3.1600000e+03  -1.8541224e+01
   3.1700000e+03  -1.8469571e+01
   3.1800000e+03  -1.8330949e+01
   3.1900000e+03  -1.8267379e+01
   3.2000000e+03  -1.8469498e+01
   3.2100000e+03  -1.8345608e+01
   3.2200000e+03  -1.8229065e+01
   3.2300000e+03  -1.8136778e+01
   3.2400000e+03  -1.8133425e+01
   3.2500000e+03  -1.8137130e+01
   3.2600000e+03  -1.8144742e+01
   3.2700000e+03  -1.7963101e+01
   3.2800000e+03  -1.8051237e+01
   3.2900000e+03  -1.8041270e+01
   3.3000000e+03  -1.7929708e+01
   3.3100000e+03  -1.7901475e+01
   3.3200000e+03  -1.8003127e+01
   3.3300000e+03  -1.7951169e+01
   3.3400000e+03  -1.7885895e+01
   3.3500000e+03  -1.7873379e+01
   3.3600000e+03  -1.7876304e+01
   3.3700000e+03  -1.7844315e+01
   3.3800000e+03  -1.7686775e+01
   3.3900000e+03  -1.7798896e+01
   3.4000000e+03  -1.7772570e+01
   3.4100000e+03  -1.7572283e+01
   3.4200000e+03  -1.7615706e+01
   3.4300000e+03  -1.7593376e+01
   3.4400000e+03  -1.7512426e+01
   3.4500000e+03  -1.7562183e+01
   3.4600000e+03  -1.7587118e+01
   3.4700000e+03  -1.7569177e+01
   3.4800000e+03  -1.7516706e+01
   3.4900000e+03  -1.7467859e+01
