   0.0000000e+00  -6.7524539e-04
   1.0000000e+01  -3.3128094e-03
   2.0000000e+01   7.3017214e-03
   3.0000000e+01   3.6504994e-03
   4.0000000e+01  -9.4902552e-03
   5.0000000e+01  -1.2439722e-02
   6.0000000e+01  -4.2839831e-02
   7.0000000e+01  -1.8644962e-01
   8.0000000e+01  -5.3480309e-01
   9.0000000e+01  -1.3135729e+00
   1.0000000e+02  -4.8368023e+00
   1.1000000e+02  -8.3515838e+00
   1.2000000e+02  -1.1417704e+01
   1.3000000e+02  -1.3842896e+01
   1.4000000e+02  -1.5389997e+01
   1.5000000e+02  -1.6472307e+01
   1.6000000e+02  -1.7445176e+01
   1.7000000e+02  -1.8110869e+01
   1.8000000e+02  -1.8536461e+01
   1.9000000e+02  -1.9315466e+01
   2.0000000e+02  -1.9470072e+01
   2.1000000e+02  -1.9914160e+01
   2.2000000e+02  -2.0267233e+01
   2.3000000e+02  -2.0765602e+01
   2.4000000e+02  -2.0673772e+01
   2.5000000e+02  -2.1122358e+01
   2.6000000e+02  -2.1165127e+01
   2.7000000e+02  -2.1308905e+01
   2.8000000e+02  -2.1381723e+01
   2.9000000e+02  -2.1192521e+01
   3.0000000e+02  -2.1507682e+01
   3.1000000e+02  -2.1449573e+01
   3.2000000e+02  -2.1553847e+01
   3.3000000e+02  -2.1525293e+01
   3.4000000e+02  -2.1579732e+01
   3.5000000e+02  -2.1645716e+01
   3.6000000e+02  -2.1743238e+01
   3.7000000e+02  -2.1687489e+01
   3.8000000e+02  -2.1651690e+01
   3.9000000e+02  -2.1619146e+01
   4.0000000e+02  -2.1782653e+01
   4.1000000e+02  -2.1863610e+01
   4.2000000e+02  -2.1885591e+01
   4.3000000e+02  -2.1769698e+01
   4.4000000e+02  -2.1925701e+01
   4.5000000e+02  -2.1636249e+01
   4.6000000e+02  -2.1544772e+01
   4.7000000e+02  -2.2056806e+01
   4.8000000e+02  -2.1989420e+01
   4.9000000e+02  -2.2058110e+01
   5.0000000e+02  -2.1759346e+01
   5.1000000e+02  -2.1673970e+01
   5.2000000e+02  -2.1722882e+01
   5.3000000e+02  -2.1860455e+01
   5.4000000e+02  -2.1705633e+01
   5.5000000e+02  -2.1895005e+01
   5.6000000e+02  -2.1905649e+01
   5.7000000e+02  -2.1883641e+01
   5.8000000e+02  -2.1976250e+01
   5.9000000e+02  -2.1976458e+01
   6.0000000e+02  -2.2145604e+01
   6.1000000e+02  -2.2111001e+01
   6.2000000e+02  -2.1862460e+01
   6.3000000e+02  -2.2041332e+01
   6.4000000e+02  -2.1990058e+01
   6.5000000e+02  -2.1974778e+01
   6.6000000e+02  -2.2162750e+01
   6.7000000e+02  -2.2157867e+01
   6.8000000e+02  -2.2468988e+01
   6.9000000e+02  -2.2127093e+01
   7.0000000e+02  -2.2365904e+01
   7.1000000e+02  -2.2260284e+01
   7.2000000e+02  -2.2364558e+01
   7.3000000e+02  -2.2395921e+01
   7.4000000e+02  -2.2361380e+01
   7.5000000e+02  -2.2329774e+01
   7.6000000e+02  -2.2611748e+01
   7.7000000e+02  -2.2591918e+01
   7.8000000e+02  -2.2726661e+01
   7.9000000e+02  -2.2833723e+01
   8.0000000e+02  -2.2778955e+01
   8.1000000e+02  -2.2871709e+01
   8.2000000e+02  -2.2975968e+01
   8.3000000e+02  -2.3079087e+01
   8.4000000e+02  -2.2970490e+01
   8.5000000e+02  -2.2651430e+01
   8.6000000e+02  -2.2671506e+01
   8.7000000e+02  -2.2791158e+01
   8.8000000e+02  -2.2621174e+01
   8.9000000e+02  -2.2313956e+01
   9.0000000e+02  -2.2130715e+01
   9.1000000e+02  -2.2607100e+01
   9.2000000e+02  -2.2674313e+01
   9.3000000e+02  -2.2693543e+01
   9.4000000e+02  -2.2824031e+01
   9.5000000e+02  -2.2742669e+01
   9.6000000e+02  -2.2718363e+01
   9.7000000e+02  -2.2601025e+01
   9.8000000e+02  -2.2869072e+01
   9.9000000e+02  -2.2794001e+01
   1.0000000e+03  -2.2742756e+01
   1.0100000e+03  -2.2764090e+01
   1.0200000e+03  -2.2667840e+01
   1.0300000e+03  -2.2942162e+01
   1.0400000e+03  -2.2981553e+01
   1.0500000e+03  -2.2656599e+01
   1.0600000e+03  -2.2942725e+01
   1.0700000e+03  -2.2755462e+01
   1.0800000e+03  -2.2685169e+01
   1.0900000e+03  -2.2778374e+01
   1.1000000e+03  -2.2596036e+01
   1.1100000e+03  -2.2836684e+01
   1.1200000e+03  -2.2483020e+01
   1.1300000e+03  -2.2270663e+01
   1.1400000e+03  -2.1971206e+01
   1.1500000e+03  -2.1934968e+01
   1.1600000e+03  -2.2242190e+01
   1.1700000e+03  -2.2234309e+01
   1.1800000e+03  -2.2318659e+01
   1.1900000e+03  -2.2098059e+01
   1.2000000e+03  -2.2240203e+01
   1.2100000e+03  -2.2135575e+01
   1.2200000e+03  -2.2144002e+01
   1.2300000e+03  -2.2079960e+01
   1.2400000e+03  -2.2452213e+01
   1.2500000e+03  -2.2772587e+01
   1.2600000e+03  -2.2477080e+01
   1.2700000e+03  -2.2506070e+01
   1.2800000e+03  -2.2375980e+01
   1.2900000e+03  -2.2514512e+01
   1.3000000e+03  -2.2279373e+01
   1.3100000e+03  -2.2256996e+01
   1.3200000e+03  -2.2212194e+01
   1.3300000e+03  -2.2273742e+01
   1.3400000e+03  -2.2407698e+01
   1.3500000e+03  -2.2518301e+01
   1.3600000e+03  -2.2662249e+01
   1.3700000e+03  -2.2730269e+01
   1.3800000e+03  -2.2495514e+01
   1.3900000e+03  -2.2728692e+01
   1.4000000e+03  -2.2929323e+01
   1.4100000e+03  -2.2825356e+01
   1.4200000e+03  -2.2928030e+01
   1.4300000e+03  -2.2881414e+01
   1.4400000e+03  -2.2788732e+01
   1.4500000e+03  -2.2747715e+01
   1.4600000e+03  -2.2656344e+01
   1.4700000e+03  -2.2567579e+01
   1.4800000e+03  -2.2366977e+01
   1.4900000e+03  -2.2689952e+01
   1.5000000e+03  -2.2558625e+01
   1.5100000e+03  -2.2600766e+01
   1.5200000e+03  -2.2738731e+01
   1.5300000e+03  -2.2745799e+01
   1.5400000e+03  -2.2850237e+01
   1.5500000e+03  -2.2847776e+01
   1.5600000e+03  -2.2846825e+01
   1.5700000e+03  -2.2885377e+01
   1.5800000e+03  -2.2970314e+01
   1.5900000e+03  -2.2866203e+01
   1.6000000e+03  -2.2861222e+01
   1.6100000e+03  -2.2960202e+01
   1.6200000e+03  -2.2781219e+01
   1.6300000e+03  -2.2750387e+01
   1.6400000e+03  -2.2936220e+01
   1.6500000e+03  -2.2796332e+01
   1.6600000e+03  -2.2769277e+01
   1.6700000e+03  -2.2559588e+01
   1.6800000e+03  -2.2678964e+01
   1.6900000e+03  -2.2654453e+01
   1.7000000e+03  -2.2416363e+01
   1.7100000e+03  -2.2634982e+01
   1.7200000e+03  -2.2686525e+01
   1.7300000e+03  -2.2471730e+01
   1.7400000e+03  -2.2693341e+01
   1.7500000e+03  -2.2398935e+01
   1.7600000e+03  -2.2672023e+01
   1.7700000e+03  -2.2893852e+01
   1.7800000e+03  -2.2515683e+01
   1.7900000e+03  -2.2606204e+01
   1.8000000e+03  -2.2210950e+01
   1.8100000e+03  -2.2235949e+01
   1.8200000e+03  -2.2333406e+01
   1.8300000e+03  -2.2846649e+01
   1.8400000e+03  -2.2767220e+01
   1.8500000e+03  -2.2535064e+01
   1.8600000e+03  -2.2815774e+01
   1.8700000e+03  -2.2748497e+01
   1.8800000e+03  -2.2732031e+01
   1.8900000e+03  -2.2749638e+01
   1.9000000e+03  -2.2565564e+01
   1.9100000e+03  -2.2946762e+01
   1.9200000e+03  -2.2695038e+01
   1.9300000e+03  -2.2934060e+01
   1.9400000e+03  -2.2937891e+01
   1.9500000e+03  -2.2723656e+01
   1.9600000e+03  -2.2730114e+01
   1.9700000e+03  -2.2290794e+01
   1.9800000e+03  -2.2837370e+01
   1.9900000e+03  -2.2783128e+01
   2.0000000e+03  -2.2986097e+01
   2.0100000e+03  -2.3005867e+01
   2.0200000e+03  -2.2884810e+01
   2.0300000e+03  -2.2778720e+01
   2.0400000e+03  -2.2946656e+01
   2.0500000e+03  -2.3003836e+01
   2.0600000e+03  -2.3040134e+01
   2.0700000e+03  -2.3177512e+01
   2.0800000e+03  -2.2681627e+01
   2.0900000e+03  -2.3006689e+01
   2.1000000e+03  -2.2594032e+01
   2.1100000e+03  -2.2694294e+01
   2.1200000e+03  -2.2812849e+01
   2.1300000e+03  -2.2704607e+01
   2.1400000e+03  -2.2785110e+01
   2.1500000e+03  -2.2532680e+01
   2.1600000e+03  -2.2070256e+01
   2.1700000e+03  -2.2277177e+01
   2.1800000e+03  -2.2161470e+01
   2.1900000e+03  -2.2018699e+01
   2.2000000e+03  -2.1989529e+01
   2.2100000e+03  -2.2103057e+01
   2.2200000e+03  -2.2431139e+01
   2.2300000e+03  -2.2513162e+01
   2.2400000e+03  -2.2507350e+01
   2.2500000e+03  -2.2527004e+01
   2.2600000e+03  -2.2007254e+01
   2.2700000e+03  -2.2239253e+01
   2.2800000e+03  -2.2492990e+01
   2.2900000e+03  -2.2427752e+01
   2.3000000e+03  -2.2438931e+01
   2.3100000e+03  -2.2620583e+01
   2.3200000e+03  -2.2633326e+01
   2.3300000e+03  -2.2641735e+01
   2.3400000e+03  -2.2698086e+01
   2.3500000e+03  -2.2641146e+01
   2.3600000e+03  -2.2890401e+01
   2.3700000e+03  -2.2713083e+01
   2.3800000e+03  -2.2819307e+01
   2.3900000e+03  -2.2683513e+01
   2.4000000e+03  -2.2524236e+01
   2.4100000e+03  -2.2602395e+01
   2.4200000e+03  -2.2761097e+01
   2.4300000e+03  -2.2624662e+01
   2.4400000e+03  -2.2486018e+01
   2.4500000e+03  -2.2598381e+01
   2.4600000e+03  -2.2491166e+01
   2.4700000e+03  -2.2737071e+01
   2.4800000e+03  -2.2817878e+01
   2.4900000e+03  -2.2571609e+01
   2.5000000e+03  -2.2317912e+01
   2.5100000e+03  -2.2085498e+01
   2.5200000e+03  -2.2333121e+01
   2.5300000e+03  -2.2520589e+01
   2.5400000e+03  -2.2764534e+01
   2.5500000e+03  -2.2678630e+01
   2.5600000e+03  -2.2660416e+01
   2.5700000e+03  -2.2912141e+01
   2.5800000e+03  -2.2507367e+01
   2.5900000e+03  -2.2828439e+01
   2.6000000e+03  -2.2414279e+01
   2.6100000e+03  -2.2435687e+01
   2.6200000e+03  -2.2697839e+01
   2.6300000e+03  -2.2620323e+01
   2.6400000e+03  -2.2379526e+01
   2.6500000e+03  -2.2890689e+01
   2.6600000e+03  -2.2923466e+01
   2.6700000e+03  -2.2840936e+01
   2.6800000e+03  -2.2838284e+01
   2.6900000e+03  -2.2882257e+01
   2.7000000e+03  -2.2779924e+01
   2.7100000e+03  -2.2590959e+01
   2.7200000e+03  -2.2461073e+01
   2.7300000e+03  -2.2689650e+01
   2.7400000e+03  -2.2371554e+01
   2.7500000e+03  -2.2432489e+01
   2.7600000e+03  -2.2368701e+01
   2.7700000e+03  -2.2571601e+01
   2.7800000e+03  -2.2412951e+01
   2.7900000e+03  -2.2448190e+01
   2.8000000e+03  -2.2764872e+01
   2.8100000e+03  -2.2633376e+01
   2.8200000e+03  -2.2650472e+01
   2.8300000e+03  -2.2647178e+01
   2.8400000e+03  -2.2634359e+01
   2.8500000e+03  -2.2548446e+01
   2.8600000e+03  -2.2472887e+01
   2.8700000e+03  -2.2492958e+01
   2.8800000e+03  -2.2528178e+01
   2.8900000e+03  -2.2626502e+01
   2.9000000e+03  -2.2893360e+01
   2.9100000e+03  -2.2720514e+01
   2.9200000e+03  -2.3000406e+01
   2.9300000e+03  -2.2661408e+01
   2.9400000e+03  -2.2739620e+01
   2.9500000e+03  -2.2607263e+01
   2.9600000e+03  -2.2337215e+01
   2.9700000e+03  -2.2728835e+01
   2.9800000e+03  -2.2575406e+01
   2.9900000e+03  -2.2415920e+01
   3.0000000e+03  -2.2433764e+01
   3.0100000e+03  -2.2887827e+01
   3.0200000e+03  -2.2981829e+01
   3.0300000e+03  -2.2764710e+01
   3.0400000e+03  -2.2823825e+01
   3.0500000e+03  -2.2920590e+01
   3.0600000e+03  -2.3126079e+01
   3.0700000e+03  -2.3151790e+01
   3.0800000e+03  -2.2749144e+01
   3.0900000e+03  -2.2901867e+01
   3.1000000e+03  -2.2663378e+01
   3.1100000e+03  -2.2628275e+01
   3.1200000e+03  -2.2865898e+01
   3.1300000e+03  -2.2751703e+01
   3.1400000e+03  -2.2956599e+01
   3.1500000e+03  -2.2878832e+01
   3.1600000e+03  -2.2975211e+01
   3.1700000e+03  -2.2697747e+01
   3.1800000e+03  -2.2755966e+01
   3.1900000e+03  -2.2782871e+01
   3.2000000e+03  -2.2718378e+01
   3.2100000e+03  -2.2890503e+01
   3.2200000e+03  -2.2834425e+01
   3.2300000e+03  -2.2820826e+01
   3.2400000e+03  -2.2816964e+01
   3.2500000e+03  -2.2793176e+01
   3.2600000e+03  -2.2830702e+01
   3.2700000e+03  -2.2771364e+01
   3.2800000e+03  -2.2811123e+01
   3.2900000e+03  -2.2744672e+01
   3.3000000e+03  -2.2773038e+01
   3.3100000e+03  -2.2656990e+01
   3.3200000e+03  -2.2566582e+01
   3.3300000e+03  -2.2618230e+01
   3.3400000e+03  -2.2594323e+01
   3.3500000e+03  -2.2739137e+01
   3.3600000e+03  -2.2763577e+01
   3.3700000e+03  -2.2443658e+01
   3.3800000e+03  -2.2649920e+01
   3.3900000e+03  -2.2689150e+01
   3.4000000e+03  -2.2584346e+01
   3.4100000e+03  -2.2473906e+01
   3.4200000e+03  -2.2689293e+01
   3.4300000e+03  -2.2221623e+01
   3.4400000e+03  -2.2437078e+01
   3.4500000e+03  -2.2232376e+01
   3.4600000e+03  -2.2274273e+01
   3.4700000e+03  -2.2655795e+01
   3.4800000e+03  -2.2574286e+01
   3.4900000e+03  -2.2449304e+01
