   0.0000000e+00   4.7366723e-03
   1.0000000e+01   2.5636005e-03
   2.0000000e+01  -3.7636667e-03
   3.0000000e+01   7.0768973e-04
   4.0000000e+01  -2.2206066e-03
   5.0000000e+01  -8.1864425e-03
   6.0000000e+01  -1.2591072e-02
   7.0000000e+01  -9.5065296e-03
   8.0000000e+01  -1.9459123e-01
   9.0000000e+01  -6.6375396e-01
   1.0000000e+02  -2.1250348e+00
   1.1000000e+02  -3.5997720e+00
   1.2000000e+02  -5.0316957e+00
   1.3000000e+02  -6.0441889e+00
   1.4000000e+02  -6.7187956e+00
   1.5000000e+02  -7.4090809e+00
   1.6000000e+02  -7.6287197e+00
   1.7000000e+02  -8.0133556e+00
   1.8000000e+02  -8.4829575e+00
   1.9000000e+02  -8.4859698e+00
   2.0000000e+02  -8.7185836e+00
   2.1000000e+02  -8.9277609e+00
   2.2000000e+02  -8.9886404e+00
   2.3000000e+02  -9.1892407e+00
   2.4000000e+02  -9.3304156e+00
   2.5000000e+02  -9.3619468e+00
   2.6000000e+02  -9.2873911e+00
   2.7000000e+02  -9.4133999e+00
   2.8000000e+02  -9.4484760e+00
   2.9000000e+02  -9.5573639e+00
   3.0000000e+02  -9.6033239e+00
   3.1000000e+02  -9.5878887e+00
   3.2000000e+02  -9.7780999e+00
   3.3000000e+02  -9.7938731e+00
   3.4000000e+02  -9.9193759e+00
   3.5000000e+02  -9.9119652e+00
   3.6000000e+02  -9.9717690e+00
   3.7000000e+02  -9.8720757e+00
   3.8000000e+02  -9.7773100e+00
   3.9000000e+02  -9.9098538e+00
   4.0000000e+02  -1.0059120e+01
   4.1000000e+02  -9.9043879e+00
   4.2000000e+02  -1.0011694e+01
   4.3000000e+02  -1.0128551e+01
   4.4000000e+02  -9.9479646e+00
   4.5000000e+02  -1.0185838e+01
   4.6000000e+02  -1.0074757e+01
   4.7000000e+02  -1.0013420e+01
   4.8000000e+02  -1.0376503e+01
   4.9000000e+02  -1.0079607e+01
   5.0000000e+02  -1.0182335e+01
   5.1000000e+02  -9.9948731e+00
   5.2000000e+02  -1.0026209e+01
   5.3000000e+02  -1.0086651e+01
   5.4000000e+02  -9.9893865e+00
   5.5000000e+02  -1.0038699e+01
   5.6000000e+02  -1.0039599e+01
   5.7000000e+02  -9.9908649e+00
   5.8000000e+02  -9.9225172e+00
   5.9000000e+02  -9.9014770e+00
   6.0000000e+02  -1.0009925e+01
   6.1000000e+02  -1.0056210e+01
   6.2000000e+02  -9.9940715e+00
   6.3000000e+02  -1.0013377e+01
   6.4000000e+02  -1.0079677e+01
   6.5000000e+02  -9.9318074e+00
   6.6000000e+02  -1.0251384e+01
   6.7000000e+02  -1.0233041e+01
   6.8000000e+02  -1.0179070e+01
   6.9000000e+02  -1.0132270e+01
   7.0000000e+02  -1.0259180e+01
   7.1000000e+02  -1.0296848e+01
   7.2000000e+02  -1.0312726e+01
   7.3000000e+02  -1.0377174e+01
   7.4000000e+02  -1.0305399e+01
   7.5000000e+02  -1.0463929e+01
   7.6000000e+02  -1.0329602e+01
   7.7000000e+02  -1.0437374e+01
   7.8000000e+02  -1.0562027e+01
   7.9000000e+02  -1.0716909e+01
   8.0000000e+02  -1.0751628e+01
   8.1000000e+02  -1.0611999e+01
   8.2000000e+02  -1.0914023e+01
   8.3000000e+02  -1.0829592e+01
   8.4000000e+02  -1.0864040e+01
   8.5000000e+02  -1.0762507e+01
   8.6000000e+02  -1.0794140e+01
   8.7000000e+02  -1.0660397e+01
   8.8000000e+02  -1.0696588e+01
   8.9000000e+02  -1.0808220e+01
   9.0000000e+02  -1.0772814e+01
   9.1000000e+02  -1.0661978e+01
   9.2000000e+02  -1.0729876e+01
   9.3000000e+02  -1.0611225e+01
   9.4000000e+02  -1.0520115e+01
   9.5000000e+02  -1.0588490e+01
   9.6000000e+02  -1.0653585e+01
   9.7000000e+02  -1.0710886e+01
   9.8000000e+02  -1.0608475e+01
   9.9000000e+02  -1.0749124e+01
   1.0000000e+03  -1.0822093e+01
   1.0100000e+03  -1.0790738e+01
   1.0200000e+03  -1.0691059e+01
   1.0300000e+03  -1.0773644e+01
   1.0400000e+03  -1.0566423e+01
   1.0500000e+03  -1.0669041e+01
   1.0600000e+03  -1.0592054e+01
   1.0700000e+03  -1.0623706e+01
   1.0800000e+03  -1.0748947e+01
   1.0900000e+03  -1.0820647e+01
   1.1000000e+03  -1.0725132e+01
   1.1100000e+03  -1.0789873e+01
   1.1200000e+03  -1.0749053e+01
   1.1300000e+03  -1.0764720e+01
   1.1400000e+03  -1.0681987e+01
   1.1500000e+03  -1.0698405e+01
   1.1600000e+03  -1.0597549e+01
   1.1700000e+03  -1.0608014e+01
   1.1800000e+03  -1.0802568e+01
   1.1900000e+03  -1.0777123e+01
   1.2000000e+03  -1.0789882e+01
   1.2100000e+03  -1.0707538e+01
   1.2200000e+03  -1.0750153e+01
   1.2300000e+03  -1.0537950e+01
   1.2400000e+03  -1.0612761e+01
   1.2500000e+03  -1.0719218e+01
   1.2600000e+03  -1.0918594e+01
   1.2700000e+03  -1.0882630e+01
   1.2800000e+03  -1.0742159e+01
   1.2900000e+03  -1.0627982e+01
   1.3000000e+03  -1.0788931e+01
   1.3100000e+03  -1.0809663e+01
   1.3200000e+03  -1.0862755e+01
   1.3300000e+03  -1.0803944e+01
   1.3400000e+03  -1.0617347e+01
   1.3500000e+03  -1.0794701e+01
   1.3600000e+03  -1.0775705e+01
   1.3700000e+03  -1.0775968e+01
   1.3800000e+03  -1.0762500e+01
   1.3900000e+03  -1.0799405e+01
   1.4000000e+03  -1.0797936e+01
   1.4100000e+03  -1.0648679e+01
   1.4200000e+03  -1.0738285e+01
   1.4300000e+03  -1.0832862e+01
   1.4400000e+03  -1.0848334e+01
   1.4500000e+03  -1.0820659e+01
   1.4600000e+03  -1.0801429e+01
   1.4700000e+03  -1.0818370e+01
   1.4800000e+03  -1.0891638e+01
   1.4900000e+03  -1.0844487e+01
   1.5000000e+03  -1.0862349e+01
   1.5100000e+03  -1.0931079e+01
   1.5200000e+03  -1.0774471e+01
   1.5300000e+03  -1.0896775e+01
   1.5400000e+03  -1.0896125e+01
   1.5500000e+03  -1.0663923e+01
   1.5600000e+03  -1.0717865e+01
   1.5700000e+03  -1.0760624e+01
   1.5800000e+03  -1.0777229e+01
   1.5900000e+03  -1.0901996e+01
   1.6000000e+03  -1.1004531e+01
   1.6100000e+03  -1.0817743e+01
   1.6200000e+03  -1.0942074e+01
   1.6300000e+03  -1.0990725e+01
   1.6400000e+03  -1.0895783e+01
   1.6500000e+03  -1.0903438e+01
   1.6600000e+03  -1.0842070e+01
   1.6700000e+03  -1.0773388e+01
   1.6800000e+03  -1.0907721e+01
   1.6900000e+03  -1.0851881e+01
   1.7000000e+03  -1.0868024e+01
   1.7100000e+03  -1.0813369e+01
   1.7200000e+03  -1.0922856e+01
   1.7300000e+03  -1.1027301e+01
   1.7400000e+03  -1.1054727e+01
   1.7500000e+03  -1.1047996e+01
   1.7600000e+03  -1.0971196e+01
   1.7700000e+03  -1.0879871e+01
   1.7800000e+03  -1.1179800e+01
   1.7900000e+03  -1.1172534e+01
   1.8000000e+03  -1.1213944e+01
   1.8100000e+03  -1.1114048e+01
   1.8200000e+03  -1.1030983e+01
   1.8300000e+03  -1.0876022e+01
   1.8400000e+03  -1.1032248e+01
   1.8500000e+03  -1.1001268e+01
   1.8600000e+03  -1.1043738e+01
   1.8700000e+03  -1.1180842e+01
   1.8800000e+03  -1.1081525e+01
   1.8900000e+03  -1.0905450e+01
   1.9000000e+03  -1.0976826e+01
   1.9100000e+03  -1.1075915e+01
   1.9200000e+03  -1.1047520e+01
   1.9300000e+03  -1.1112021e+01
   1.9400000e+03  -1.1157120e+01
   1.9500000e+03  -1.1230009e+01
   1.9600000e+03  -1.1272788e+01
   1.9700000e+03  -1.1437275e+01
   1.9800000e+03  -1.1133144e+01
   1.9900000e+03  -1.1167215e+01
   2.0000000e+03  -1.1144195e+01
   2.0100000e+03  -1.1154964e+01
   2.0200000e+03  -1.1277591e+01
   2.0300000e+03  -1.1311193e+01
   2.0400000e+03  -1.1383635e+01
   2.0500000e+03  -1.1318793e+01
   2.0600000e+03  -1.1332242e+01
   2.0700000e+03  -1.1278141e+01
   2.0800000e+03  -1.1501925e+01
   2.0900000e+03  -1.1199678e+01
   2.1000000e+03  -1.0953888e+01
   2.1100000e+03  -1.0984435e+01
   2.1200000e+03  -1.0921528e+01
   2.1300000e+03  -1.0952762e+01
   2.1400000e+03  -1.1101433e+01
   2.1500000e+03  -1.1025082e+01
   2.1600000e+03  -1.1099840e+01
   2.1700000e+03  -1.0834411e+01
   2.1800000e+03  -1.0956258e+01
   2.1900000e+03  -1.0679207e+01
   2.2000000e+03  -1.0908552e+01
   2.2100000e+03  -1.0895767e+01
   2.2200000e+03  -1.0763216e+01
   2.2300000e+03  -1.0948450e+01
   2.2400000e+03  -1.1005093e+01
   2.2500000e+03  -1.0989611e+01
   2.2600000e+03  -1.0894231e+01
   2.2700000e+03  -1.0673589e+01
   2.2800000e+03  -1.0820035e+01
   2.2900000e+03  -1.0626549e+01
   2.3000000e+03  -1.0829722e+01
   2.3100000e+03  -1.0853634e+01
   2.3200000e+03  -1.0781618e+01
   2.3300000e+03  -1.0835651e+01
   2.3400000e+03  -1.0776814e+01
   2.3500000e+03  -1.0855622e+01
   2.3600000e+03  -1.0766491e+01
   2.3700000e+03  -1.0903873e+01
   2.3800000e+03  -1.0956128e+01
   2.3900000e+03  -1.1048575e+01
   2.4000000e+03  -1.0903986e+01
   2.4100000e+03  -1.0858650e+01
   2.4200000e+03  -1.0772385e+01
   2.4300000e+03  -1.0831955e+01
   2.4400000e+03  -1.0992535e+01
   2.4500000e+03  -1.1045038e+01
   2.4600000e+03  -1.1024919e+01
   2.4700000e+03  -1.1009174e+01
   2.4800000e+03  -1.0868785e+01
   2.4900000e+03  -1.0961981e+01
   2.5000000e+03  -1.1035134e+01
   2.5100000e+03  -1.1037999e+01
   2.5200000e+03  -1.0985630e+01
   2.5300000e+03  -1.0856498e+01
   2.5400000e+03  -1.0907938e+01
   2.5500000e+03  -1.1080211e+01
   2.5600000e+03  -1.0928966e+01
   2.5700000e+03  -1.1051963e+01
   2.5800000e+03  -1.1059291e+01
   2.5900000e+03  -1.1168046e+01
   2.6000000e+03  -1.1111424e+01
   2.6100000e+03  -1.1098370e+01
   2.6200000e+03  -1.0871850e+01
   2.6300000e+03  -1.1168424e+01
   2.6400000e+03  -1.1214819e+01
   2.6500000e+03  -1.1083678e+01
   2.6600000e+03  -1.1080365e+01
   2.6700000e+03  -1.1161401e+01
   2.6800000e+03  -1.1358954e+01
   2.6900000e+03  -1.1249860e+01
   2.7000000e+03  -1.1228763e+01
   2.7100000e+03  -1.1300021e+01
   2.7200000e+03  -1.1303159e+01
   2.7300000e+03  -1.1204776e+01
   2.7400000e+03  -1.1179657e+01
   2.7500000e+03  -1.1161086e+01
   2.7600000e+03  -1.1110524e+01
   2.7700000e+03  -1.1013819e+01
   2.7800000e+03  -1.0981903e+01
   2.7900000e+03  -1.0990620e+01
   2.8000000e+03  -1.0956378e+01
   2.8100000e+03  -1.0992312e+01
   2.8200000e+03  -1.1033397e+01
   2.8300000e+03  -1.1006339e+01
   2.8400000e+03  -1.1003787e+01
   2.8500000e+03  -1.0992699e+01
   2.8600000e+03  -1.1145911e+01
   2.8700000e+03  -1.1115193e+01
   2.8800000e+03  -1.1096325e+01
   2.8900000e+03  -1.1135492e+01
   2.9000000e+03  -1.1238576e+01
   2.9100000e+03  -1.1094266e+01
   2.9200000e+03  -1.1224339e+01
   2.9300000e+03  -1.1245693e+01
   2.9400000e+03  -1.1239620e+01
   2.9500000e+03  -1.1284512e+01
   2.9600000e+03  -1.1442981e+01
   2.9700000e+03  -1.1281808e+01
   2.9800000e+03  -1.1264885e+01
   2.9900000e+03  -1.1158812e+01
   3.0000000e+03  -1.1049770e+01
   3.0100000e+03  -1.1012441e+01
   3.0200000e+03  -1.1295785e+01
   3.0300000e+03  -1.1131141e+01
   3.0400000e+03  -1.1266511e+01
   3.0500000e+03  -1.1281665e+01
   3.0600000e+03  -1.1259891e+01
   3.0700000e+03  -1.1325766e+01
   3.0800000e+03  -1.1520610e+01
   3.0900000e+03  -1.1342455e+01
   3.1000000e+03  -1.1520432e+01
   3.1100000e+03  -1.1304458e+01
   3.1200000e+03  -1.1425315e+01
   3.1300000e+03  -1.1346547e+01
   3.1400000e+03  -1.1312586e+01
   3.1500000e+03  -1.1351131e+01
   3.1600000e+03  -1.1378274e+01
   3.1700000e+03  -1.1284665e+01
   3.1800000e+03  -1.1265019e+01
   3.1900000e+03  -1.1225351e+01
   3.2000000e+03  -1.1372667e+01
   3.2100000e+03  -1.1337835e+01
   3.2200000e+03  -1.1389264e+01
   3.2300000e+03  -1.1449714e+01
   3.2400000e+03  -1.1512255e+01
   3.2500000e+03  -1.1488655e+01
   3.2600000e+03  -1.1399855e+01
   3.2700000e+03  -1.1374503e+01
   3.2800000e+03  -1.1170657e+01
   3.2900000e+03  -1.1408074e+01
   3.3000000e+03  -1.1540112e+01
   3.3100000e+03  -1.1479820e+01
   3.3200000e+03  -1.1319275e+01
   3.3300000e+03  -1.1346672e+01
   3.3400000e+03  -1.1151050e+01
   3.3500000e+03  -1.1375776e+01
   3.3600000e+03  -1.1244002e+01
   3.3700000e+03  -1.1459577e+01
   3.3800000e+03  -1.1295130e+01
   3.3900000e+03  -1.1233712e+01
   3.4000000e+03  -1.1368496e+01
   3.4100000e+03  -1.1318576e+01
   3.4200000e+03  -1.1129923e+01
   3.4300000e+03  -1.1274656e+01
   3.4400000e+03  -1.1122858e+01
   3.4500000e+03  -1.1277057e+01
   3.4600000e+03  -1.1250528e+01
   3.4700000e+03  -1.1020878e+01
   3.4800000e+03  -1.1269623e+01
   3.4900000e+03  -1.1442005e+01
