   0.0000000e+00   5.5907827e-03
   1.0000000e+01   9.4524597e-03
   2.0000000e+01   1.3569150e-02
   3.0000000e+01   9.4530237e-03
   4.0000000e+01  -6.7077893e-03
   5.0000000e+01  -1.1282729e-02
   6.0000000e+01   9.8459642e-03
   7.0000000e+01   2.3111607e-01
   8.0000000e+01   4.3870269e-01
   9.0000000e+01   5.8765966e-01
   1.0000000e+02   2.0658809e+00
   1.1000000e+02   3.2436275e+00
   1.2000000e+02   4.7071946e+00
   1.3000000e+02   3.7154595e+00
   1.4000000e+02   3.6313527e+00
   1.5000000e+02   4.4238519e+00
   1.6000000e+02   4.1759390e+00
   1.7000000e+02   3.9850623e+00
   1.8000000e+02   4.2194309e+00
   1.9000000e+02   4.4549122e+00
   2.0000000e+02   4.7377404e+00
   2.1000000e+02   4.3718055e+00
   2.2000000e+02   4.7418384e+00
   2.3000000e+02   5.5742393e+00
   2.4000000e+02   4.5042578e+00
   2.5000000e+02   4.7093482e+00
   2.6000000e+02   4.5771817e+00
   2.7000000e+02   4.4578800e+00
   2.8000000e+02   4.5389900e+00
   2.9000000e+02   4.5823511e+00
   3.0000000e+02   4.6535974e+00
   3.1000000e+02   4.6529326e+00
   3.2000000e+02   5.9226459e+00
   3.3000000e+02   4.5917911e+00
   3.4000000e+02   4.6265692e+00
   3.5000000e+02   5.0909723e+00
   3.6000000e+02   1.0234954e+01
   3.7000000e+02   5.6721162e+00
   3.8000000e+02   5.1383119e+00
   3.9000000e+02   4.7580872e+00
   4.0000000e+02   4.7718753e+00
   4.1000000e+02   4.5995605e+00
   4.2000000e+02   4.6324804e+00
   4.3000000e+02   4.6792983e+00
   4.4000000e+02   5.2866867e+00
   4.5000000e+02   4.4636885e+00
   4.6000000e+02   5.0576182e+00
   4.7000000e+02   4.7681174e+00
   4.8000000e+02   4.8372211e+00
   4.9000000e+02   6.4444020e+00
   5.0000000e+02   5.0271580e+00
   5.1000000e+02   4.3586740e+00
   5.2000000e+02   4.4379536e+00
   5.3000000e+02   5.1498556e+00
   5.4000000e+02   6.1893721e+00
   5.5000000e+02   4.4720667e+00
   5.6000000e+02   4.7532894e+00
   5.7000000e+02   4.8880191e+00
   5.8000000e+02   6.6765947e+00
   5.9000000e+02   4.6477666e+00
   6.0000000e+02   5.2154124e+00
   6.1000000e+02   5.0332178e+00
   6.2000000e+02   5.1613076e+00
   6.3000000e+02   8.0434902e+00
   6.4000000e+02   5.2205500e+00
   6.5000000e+02   5.0768740e+00
   6.6000000e+02   5.0755287e+00
   6.7000000e+02   4.7827580e+00
   6.8000000e+02   4.9175806e+00
   6.9000000e+02   4.8739916e+00
   7.0000000e+02   5.9402847e+00
   7.1000000e+02   4.9882168e+00
   7.2000000e+02   5.1324535e+00
   7.3000000e+02   5.2933069e+00
   7.4000000e+02   4.8075185e+00
   7.5000000e+02   5.9615563e+00
   7.6000000e+02   6.3433386e+00
   7.7000000e+02   5.5389811e+00
   7.8000000e+02   6.6608944e+00
   7.9000000e+02   6.9209300e+00
   8.0000000e+02   5.8093266e+00
   8.1000000e+02   4.7917811e+00
   8.2000000e+02   5.2803613e+00
   8.3000000e+02   5.4450210e+00
   8.4000000e+02   6.3143107e+00
   8.5000000e+02   6.2526109e+00
   8.6000000e+02   7.2481647e+00
   8.7000000e+02   4.5785292e+00
   8.8000000e+02   4.9963214e+00
   8.9000000e+02   4.7010795e+00
   9.0000000e+02   4.8693088e+00
   9.1000000e+02   4.8983540e+00
   9.2000000e+02   4.6794571e+00
   9.3000000e+02   5.1665734e+00
   9.4000000e+02   5.0688440e+00
   9.5000000e+02   4.9852073e+00
   9.6000000e+02   4.6643591e+00
   9.7000000e+02   4.8173350e+00
   9.8000000e+02   4.8158467e+00
   9.9000000e+02   4.9140307e+00
   1.0000000e+03   6.0967042e+00
   1.0100000e+03   5.1428286e+00
   1.0200000e+03   4.8418200e+00
   1.0300000e+03   4.9417713e+00
   1.0400000e+03   5.3606725e+00
   1.0500000e+03   7.1911156e+00
   1.0600000e+03   5.3570294e+00
   1.0700000e+03   5.2131571e+00
   1.0800000e+03   4.8857704e+00
   1.0900000e+03   7.0648623e+00
   1.1000000e+03   9.0275292e+00
   1.1100000e+03   4.9851167e+00
   1.1200000e+03   5.0685178e+00
   1.1300000e+03   5.0261959e+00
   1.1400000e+03   3.9957606e+00
   1.1500000e+03   4.9482891e+00
   1.1600000e+03   4.7600779e+00
   1.1700000e+03   5.1325394e+00
   1.1800000e+03   8.5053771e+00
   1.1900000e+03   4.3903108e+00
   1.2000000e+03   4.4014966e+00
   1.2100000e+03   4.3149046e+00
   1.2200000e+03   4.8034267e+00
   1.2300000e+03   4.7957381e+00
   1.2400000e+03   4.8275555e+00
   1.2500000e+03   5.1077570e+00
   1.2600000e+03   4.6038142e+00
   1.2700000e+03   4.2506512e+00
   1.2800000e+03   5.1224951e+00
   1.2900000e+03   1.2013016e+01
   1.3000000e+03   7.7625567e+00
   1.3100000e+03   5.7886471e+00
   1.3200000e+03   7.6977317e+00
   1.3300000e+03   1.3402597e+01
   1.3400000e+03   5.1984191e+00
   1.3500000e+03   5.2553912e+00
   1.3600000e+03   5.3992119e+00
   1.3700000e+03   7.5539771e+00
   1.3800000e+03   2.2789917e+01
   1.3900000e+03   1.4107979e+01
   1.4000000e+03   5.8836346e+00
   1.4100000e+03   1.8829842e+01
   1.4200000e+03   4.6385264e+00
   1.4300000e+03   7.4410485e+00
   1.4400000e+03   6.1975331e+00
   1.4500000e+03   4.6686460e+00
   1.4600000e+03   5.4613340e+00
   1.4700000e+03   6.4275708e+00
   1.4800000e+03   5.1229341e+00
   1.4900000e+03   7.3333801e+00
   1.5000000e+03   7.7691534e+00
   1.5100000e+03   5.0887510e+00
   1.5200000e+03   5.9828311e+00
   1.5300000e+03   1.2699708e+01
   1.5400000e+03   5.8518831e+00
   1.5500000e+03   5.2491583e+00
   1.5600000e+03   1.6872111e+01
   1.5700000e+03   8.7386823e+00
   1.5800000e+03   6.1417625e+00
   1.5900000e+03   8.2284262e+00
   1.6000000e+03   4.9681991e+00
   1.6100000e+03   4.5875941e+00
   1.6200000e+03   4.4711791e+00
   1.6300000e+03   4.8218862e+00
   1.6400000e+03   4.6557688e+00
   1.6500000e+03   4.7124702e+00
   1.6600000e+03   4.9561005e+00
   1.6700000e+03   5.0296361e+00
   1.6800000e+03   5.0265769e+00
   1.6900000e+03   5.2951742e+00
   1.7000000e+03   1.5706000e+01
   1.7100000e+03   5.3691043e+00
   1.7200000e+03   4.8585577e+00
   1.7300000e+03   5.0016018e+00
   1.7400000e+03   5.1988960e+00
   1.7500000e+03   4.8715396e+00
   1.7600000e+03   5.0363314e+00
   1.7700000e+03   5.1338875e+00
   1.7800000e+03   4.3224826e+00
   1.7900000e+03   4.5852352e+00
   1.8000000e+03   4.4371564e+00
   1.8100000e+03   4.8327397e+00
   1.8200000e+03   4.4492762e+00
   1.8300000e+03   4.8651577e+00
   1.8400000e+03   4.9456175e+00
   1.8500000e+03   4.6054309e+00
   1.8600000e+03   4.9652211e+00
   1.8700000e+03   4.5444024e+00
   1.8800000e+03   4.8473652e+00
   1.8900000e+03   4.8986763e+00
   1.9000000e+03   4.6899833e+00
   1.9100000e+03   4.5946473e+00
   1.9200000e+03   4.8708549e+00
   1.9300000e+03   4.4851249e+00
   1.9400000e+03   4.6472070e+00
   1.9500000e+03   5.2657993e+00
   1.9600000e+03   4.4915178e+00
   1.9700000e+03   4.8676665e+00
   1.9800000e+03   4.8892054e+00
   1.9900000e+03   4.7426507e+00
   2.0000000e+03   5.0962533e+00
   2.0100000e+03   4.9318747e+00
   2.0200000e+03   4.9672321e+00
   2.0300000e+03   4.7885545e+00
   2.0400000e+03   4.9244578e+00
   2.0500000e+03   4.6392923e+00
   2.0600000e+03   4.9226177e+00
   2.0700000e+03   4.4980118e+00
   2.0800000e+03   4.6328018e+00
   2.0900000e+03   5.0115221e+00
   2.1000000e+03   4.8181259e+00
   2.1100000e+03   6.2354508e+00
   2.1200000e+03   5.6867674e+00
   2.1300000e+03   5.6239873e+00
   2.1400000e+03   5.1861869e+00
   2.1500000e+03   5.0650550e+00
   2.1600000e+03   4.6218316e+00
   2.1700000e+03   5.4441809e+00
   2.1800000e+03   4.5001481e+00
   2.1900000e+03   7.2336716e+00
   2.2000000e+03   4.0917271e+00
   2.2100000e+03   4.7868857e+00
   2.2200000e+03   4.9992522e+00
   2.2300000e+03   5.5966012e+00
   2.2400000e+03   5.4370477e+00
   2.2500000e+03   4.7936271e+00
   2.2600000e+03   5.2516466e+00
   2.2700000e+03   5.2703293e+00
   2.2800000e+03   5.8155785e+00
   2.2900000e+03   5.4324258e+00
   2.3000000e+03   6.4936858e+00
   2.3100000e+03   5.1626283e+00
   2.3200000e+03   6.0365031e+00
   2.3300000e+03   5.1598565e+00
   2.3400000e+03   5.6257039e+00
   2.3500000e+03   5.5089176e+00
   2.3600000e+03   6.2128811e+00
   2.3700000e+03   7.6398337e+00
   2.3800000e+03   5.6774899e+00
   2.3900000e+03   5.1936590e+00
   2.4000000e+03   5.0543139e+00
   2.4100000e+03   5.1116679e+00
   2.4200000e+03   5.2432715e+00
   2.4300000e+03   5.4204998e+00
   2.4400000e+03   5.2297048e+00
   2.4500000e+03   5.3610129e+00
   2.4600000e+03   5.0897174e+00
   2.4700000e+03   6.0567311e+00
   2.4800000e+03   5.4053149e+00
   2.4900000e+03   4.2129958e+00
   2.5000000e+03   4.5938658e+00
   2.5100000e+03   4.8106908e+00
   2.5200000e+03   4.4858625e+00
   2.5300000e+03   3.9984670e+00
   2.5400000e+03   5.7898428e+00
   2.5500000e+03   5.0132631e+00
   2.5600000e+03   4.9255630e+00
   2.5700000e+03   3.9894480e+00
   2.5800000e+03   5.1888326e+00
   2.5900000e+03   5.0536943e+00
   2.6000000e+03   5.2689773e+00
   2.6100000e+03   4.3624196e+00
   2.6200000e+03   4.8917125e+00
   2.6300000e+03   5.1212764e+00
   2.6400000e+03   4.9516898e+00
   2.6500000e+03   4.2219949e+00
   2.6600000e+03   4.4685989e+00
   2.6700000e+03   5.4293557e+00
   2.6800000e+03   5.8149857e+00
   2.6900000e+03   5.6276558e+00
   2.7000000e+03   4.6363965e+00
   2.7100000e+03   4.9020319e+00
   2.7200000e+03   4.9067869e+00
   2.7300000e+03   4.9278797e+00
   2.7400000e+03   4.4088964e+00
   2.7500000e+03   4.5810765e+00
   2.7600000e+03   5.1154785e+00
   2.7700000e+03   4.6466504e+00
   2.7800000e+03   4.7078476e+00
   2.7900000e+03   5.2556356e+00
   2.8000000e+03   5.1547803e+00
   2.8100000e+03   5.1071969e+00
   2.8200000e+03   5.3933292e+00
   2.8300000e+03   6.2842181e+00
   2.8400000e+03   5.1864436e+00
   2.8500000e+03   4.5216460e+00
   2.8600000e+03   4.3236628e+00
   2.8700000e+03   4.4838338e+00
   2.8800000e+03   7.8727070e+00
   2.8900000e+03   1.4287864e+01
   2.9000000e+03   5.3971344e+00
   2.9100000e+03   1.3234423e+01
   2.9200000e+03   8.9161451e+00
   2.9300000e+03   5.1284777e+00
   2.9400000e+03   6.0505599e+00
   2.9500000e+03   4.0293087e+00
   2.9600000e+03   4.6946240e+00
   2.9700000e+03   5.1997505e+00
   2.9800000e+03   4.0242269e+00
   2.9900000e+03   5.2204657e+00
   3.0000000e+03   7.4909123e+00
   3.0100000e+03   5.0489039e+00
   3.0200000e+03   6.5244758e+00
   3.0300000e+03   4.0269222e+00
   3.0400000e+03   6.7101382e+00
   3.0500000e+03   7.0094791e+00
   3.0600000e+03   8.7824910e+00
   3.0700000e+03   7.7660927e+00
   3.0800000e+03   6.0888829e+00
   3.0900000e+03   7.2777356e+00
   3.1000000e+03   4.7876660e+00
   3.1100000e+03   9.7533081e+00
   3.1200000e+03   7.6920236e+00
   3.1300000e+03   4.5341149e+00
   3.1400000e+03   4.7194306e+00
   3.1500000e+03   4.9559360e+00
   3.1600000e+03   4.3523697e+00
   3.1700000e+03   4.9930561e+00
   3.1800000e+03   6.5920485e+00
   3.1900000e+03   7.5059504e+00
   3.2000000e+03   5.6810683e+00
   3.2100000e+03   6.4517484e+00
   3.2200000e+03   4.5500959e+00
   3.2300000e+03   7.3023666e+00
   3.2400000e+03   6.8771951e+00
   3.2500000e+03   2.7540384e+00
   3.2600000e+03   5.2722227e+00
   3.2700000e+03   9.5671202e+00
   3.2800000e+03   1.2746589e+01
   3.2900000e+03   7.0253486e+00
   3.3000000e+03   5.7346870e+00
   3.3100000e+03   3.9047829e+00
   3.3200000e+03   1.0485309e+01
   3.3300000e+03   6.9219472e+00
   3.3400000e+03   9.6971130e+00
   3.3500000e+03   9.1456752e+00
   3.3600000e+03   6.4907067e+00
   3.3700000e+03   7.9604767e+00
   3.3800000e+03   5.0943454e+00
   3.3900000e+03   1.2306311e+01
   3.4000000e+03   5.4451378e+00
   3.4100000e+03   7.5093752e+00
   3.4200000e+03   5.1603040e+00
   3.4300000e+03   8.8227546e+00
   3.4400000e+03   8.3716125e+00
   3.4500000e+03   7.7182580e+00
   3.4600000e+03   5.7279517e+00
   3.4700000e+03   6.0770273e+00
   3.4800000e+03   3.6120334e+00
   3.4900000e+03   4.1437551e+00
