   0.0000000e+00   1.7086022e+01
   1.0000000e+01   1.7090350e+01
   2.0000000e+01   1.7100041e+01
   3.0000000e+01   1.7109160e+01
   4.0000000e+01   1.7083937e+01
   5.0000000e+01   1.7094686e+01
   6.0000000e+01   1.7198024e+01
   7.0000000e+01   1.7832539e+01
   8.0000000e+01   1.8645851e+01
   9.0000000e+01   1.9605676e+01
   1.0000000e+02   2.2212033e+01
   1.1000000e+02   2.2968507e+01
   1.2000000e+02   2.3969707e+01
   1.3000000e+02   2.3695343e+01
   1.4000000e+02   2.3625503e+01
   1.5000000e+02   2.3168002e+01
   1.6000000e+02   2.2677677e+01
   1.7000000e+02   2.2242574e+01
   1.8000000e+02   2.2012031e+01
   1.9000000e+02   2.1618815e+01
   2.0000000e+02   2.1514254e+01
   2.1000000e+02   2.1597222e+01
   2.2000000e+02   2.1172627e+01
   2.3000000e+02   2.0675249e+01
   2.4000000e+02   2.0228312e+01
   2.5000000e+02   2.0347343e+01
   2.6000000e+02   1.9918426e+01
   2.7000000e+02   1.9411868e+01
   2.8000000e+02   1.9455148e+01
   2.9000000e+02   1.9737079e+01
   3.0000000e+02   1.9331743e+01
   3.1000000e+02   1.9720448e+01
   3.2000000e+02   2.0176213e+01
   3.3000000e+02   1.9898541e+01
   3.4000000e+02   1.9378593e+01
   3.5000000e+02   1.9355354e+01
   3.6000000e+02   1.9292727e+01
   3.7000000e+02   1.8944271e+01
   3.8000000e+02   1.8998979e+01
   3.9000000e+02   1.9194484e+01
   4.0000000e+02   1.8982022e+01
   4.1000000e+02   1.8593292e+01
   4.2000000e+02   1.8613091e+01
   4.3000000e+02   1.9024132e+01
   4.4000000e+02   1.9052537e+01
   4.5000000e+02   1.9383384e+01
   4.6000000e+02   1.9315878e+01
   4.7000000e+02   1.9060334e+01
   4.8000000e+02   1.9210542e+01
   4.9000000e+02   1.8645820e+01
   5.0000000e+02   1.8465128e+01
   5.1000000e+02   1.8426839e+01
   5.2000000e+02   1.8577332e+01
   5.3000000e+02   1.8315691e+01
   5.4000000e+02   1.8184285e+01
   5.5000000e+02   1.8487681e+01
   5.6000000e+02   1.7825976e+01
   5.7000000e+02   1.7909233e+01
   5.8000000e+02   1.7998754e+01
   5.9000000e+02   1.7742568e+01
   6.0000000e+02   1.7695096e+01
   6.1000000e+02   1.7769310e+01
   6.2000000e+02   1.7963366e+01
   6.3000000e+02   1.7858773e+01
   6.4000000e+02   1.8059975e+01
   6.5000000e+02   1.7746765e+01
   6.6000000e+02   1.7992578e+01
   6.7000000e+02   1.7737885e+01
   6.8000000e+02   1.8033819e+01
   6.9000000e+02   1.7913021e+01
   7.0000000e+02   1.8177423e+01
   7.1000000e+02   1.8247183e+01
   7.2000000e+02   1.8348103e+01
   7.3000000e+02   1.8339515e+01
   7.4000000e+02   1.8152375e+01
   7.5000000e+02   1.8593857e+01
   7.6000000e+02   1.8287255e+01
   7.7000000e+02   1.8652706e+01
   7.8000000e+02   1.8768241e+01
   7.9000000e+02   1.8834734e+01
   8.0000000e+02   1.8911103e+01
   8.1000000e+02   1.8745280e+01
   8.2000000e+02   1.8590501e+01
   8.3000000e+02   1.9010842e+01
   8.4000000e+02   1.8688154e+01
   8.5000000e+02   1.8948067e+01
   8.6000000e+02   1.8812536e+01
   8.7000000e+02   1.8951144e+01
   8.8000000e+02   1.9090962e+01
   8.9000000e+02   1.9110197e+01
   9.0000000e+02   1.8857136e+01
   9.1000000e+02   1.8321488e+01
   9.2000000e+02   1.7885547e+01
   9.3000000e+02   1.8653046e+01
   9.4000000e+02   1.8073118e+01
   9.5000000e+02   1.8190799e+01
   9.6000000e+02   1.8532805e+01
   9.7000000e+02   1.8493979e+01
   9.8000000e+02   1.8399233e+01
   9.9000000e+02   1.8274580e+01
   1.0000000e+03   1.8420625e+01
   1.0100000e+03   1.8516723e+01
   1.0200000e+03   1.8728914e+01
   1.0300000e+03   1.8714383e+01
   1.0400000e+03   1.8655102e+01
   1.0500000e+03   1.8891082e+01
   1.0600000e+03   1.8882199e+01
   1.0700000e+03   1.8861898e+01
   1.0800000e+03   1.8881532e+01
   1.0900000e+03   1.8889408e+01
   1.1000000e+03   1.8885006e+01
   1.1100000e+03   1.8902111e+01
   1.1200000e+03   1.8681056e+01
   1.1300000e+03   1.8519370e+01
   1.1400000e+03   1.8295809e+01
   1.1500000e+03   1.8648792e+01
   1.1600000e+03   1.8732961e+01
   1.1700000e+03   1.8545598e+01
   1.1800000e+03   1.8350011e+01
   1.1900000e+03   1.8675443e+01
   1.2000000e+03   1.8372590e+01
   1.2100000e+03   1.8019368e+01
   1.2200000e+03   1.8156854e+01
   1.2300000e+03   1.8573908e+01
   1.2400000e+03   1.8571500e+01
   1.2500000e+03   1.8847747e+01
   1.2600000e+03   1.8906470e+01
   1.2700000e+03   1.8196462e+01
   1.2800000e+03   1.8440876e+01
   1.2900000e+03   1.8502335e+01
   1.3000000e+03   1.8800548e+01
   1.3100000e+03   1.8486094e+01
   1.3200000e+03   1.8787996e+01
   1.3300000e+03   1.8697974e+01
   1.3400000e+03   1.8472075e+01
   1.3500000e+03   1.8289389e+01
   1.3600000e+03   1.8299445e+01
   1.3700000e+03   1.8573146e+01
   1.3800000e+03   1.8558689e+01
   1.3900000e+03   1.8408367e+01
   1.4000000e+03   1.8208220e+01
   1.4100000e+03   1.8862374e+01
   1.4200000e+03   1.8479520e+01
   1.4300000e+03   1.8602224e+01
   1.4400000e+03   1.8456264e+01
   1.4500000e+03   1.8103737e+01
   1.4600000e+03   1.8250455e+01
   1.4700000e+03   1.8417596e+01
   1.4800000e+03   1.8196793e+01
   1.4900000e+03   1.8453822e+01
   1.5000000e+03   1.8568761e+01
   1.5100000e+03   1.8399123e+01
   1.5200000e+03   1.8763192e+01
   1.5300000e+03   1.8561938e+01
   1.5400000e+03   1.8433380e+01
   1.5500000e+03   1.8126752e+01
   1.5600000e+03   1.8317004e+01
   1.5700000e+03   1.8523439e+01
   1.5800000e+03   1.8418332e+01
   1.5900000e+03   1.9086418e+01
   1.6000000e+03   1.8489240e+01
   1.6100000e+03   1.8687980e+01
   1.6200000e+03   1.8826109e+01
   1.6300000e+03   1.8809569e+01
   1.6400000e+03   1.8571274e+01
   1.6500000e+03   1.8158387e+01
   1.6600000e+03   1.8318425e+01
   1.6700000e+03   1.8527462e+01
   1.6800000e+03   1.8654745e+01
   1.6900000e+03   1.8335125e+01
   1.7000000e+03   1.8407476e+01
   1.7100000e+03   1.8660086e+01
   1.7200000e+03   1.8788376e+01
   1.7300000e+03   1.8909836e+01
   1.7400000e+03   1.8890025e+01
   1.7500000e+03   1.8889056e+01
   1.7600000e+03   1.9382616e+01
   1.7700000e+03   1.9584507e+01
   1.7800000e+03   1.9153994e+01
   1.7900000e+03   1.9260198e+01
   1.8000000e+03   1.8907247e+01
   1.8100000e+03   1.8626801e+01
   1.8200000e+03   1.8945601e+01
   1.8300000e+03   1.8748614e+01
   1.8400000e+03   1.8884519e+01
   1.8500000e+03   1.8903685e+01
   1.8600000e+03   1.8686422e+01
   1.8700000e+03   1.8717951e+01
   1.8800000e+03   1.8476092e+01
   1.8900000e+03   1.8715447e+01
   1.9000000e+03   1.8036973e+01
   1.9100000e+03   1.8515067e+01
   1.9200000e+03   1.8893239e+01
   1.9300000e+03   1.9288040e+01
   1.9400000e+03   1.9355471e+01
   1.9500000e+03   1.9804366e+01
   1.9600000e+03   1.9653241e+01
   1.9700000e+03   1.9460356e+01
   1.9800000e+03   1.9825163e+01
   1.9900000e+03   1.9611301e+01
   2.0000000e+03   1.9596368e+01
   2.0100000e+03   1.9201600e+01
   2.0200000e+03   1.9610700e+01
   2.0300000e+03   2.0083411e+01
   2.0400000e+03   2.0005533e+01
   2.0500000e+03   2.0177568e+01
   2.0600000e+03   2.0201988e+01
   2.0700000e+03   1.9155371e+01
   2.0800000e+03   1.9303246e+01
   2.0900000e+03   1.9229314e+01
   2.1000000e+03   1.8834785e+01
   2.1100000e+03   1.9138351e+01
   2.1200000e+03   1.9255047e+01
   2.1300000e+03   1.9423628e+01
   2.1400000e+03   1.9812599e+01
   2.1500000e+03   1.9191894e+01
   2.1600000e+03   1.8516124e+01
   2.1700000e+03   1.7514486e+01
   2.1800000e+03   1.8282473e+01
   2.1900000e+03   1.8746715e+01
   2.2000000e+03   1.8781477e+01
   2.2100000e+03   1.8278304e+01
   2.2200000e+03   1.9008809e+01
   2.2300000e+03   1.8499942e+01
   2.2400000e+03   1.9057793e+01
   2.2500000e+03   1.8767308e+01
   2.2600000e+03   1.9193356e+01
   2.2700000e+03   2.0102685e+01
   2.2800000e+03   1.7699622e+01
   2.2900000e+03   1.9802986e+01
   2.3000000e+03   2.0086560e+01
   2.3100000e+03   1.8403676e+01
   2.3200000e+03   1.9847693e+01
   2.3300000e+03   1.9965538e+01
   2.3400000e+03   2.0280342e+01
   2.3500000e+03   2.0394649e+01
   2.3600000e+03   1.9717878e+01
   2.3700000e+03   1.9419536e+01
   2.3800000e+03   1.9310877e+01
   2.3900000e+03   1.9421016e+01
   2.4000000e+03   1.9640530e+01
   2.4100000e+03   1.9719120e+01
   2.4200000e+03   1.9792206e+01
   2.4300000e+03   1.9615373e+01
   2.4400000e+03   1.9806642e+01
   2.4500000e+03   1.9825453e+01
   2.4600000e+03   1.9950605e+01
   2.4700000e+03   2.0066540e+01
   2.4800000e+03   1.9783910e+01
   2.4900000e+03   1.9695606e+01
   2.5000000e+03   1.9640397e+01
   2.5100000e+03   1.9476247e+01
   2.5200000e+03   1.9451734e+01
   2.5300000e+03   1.9013574e+01
   2.5400000e+03   1.9027191e+01
   2.5500000e+03   1.8910867e+01
   2.5600000e+03   1.9034832e+01
   2.5700000e+03   1.8991782e+01
   2.5800000e+03   1.9996205e+01
   2.5900000e+03   2.0086170e+01
   2.6000000e+03   2.0155073e+01
   2.6100000e+03   2.0210179e+01
   2.6200000e+03   1.9851773e+01
   2.6300000e+03   2.0104327e+01
   2.6400000e+03   1.9872034e+01
   2.6500000e+03   1.9404256e+01
   2.6600000e+03   1.9202392e+01
   2.6700000e+03   1.9147915e+01
   2.6800000e+03   1.9926685e+01
   2.6900000e+03   2.0030963e+01
   2.7000000e+03   2.0033588e+01
   2.7100000e+03   1.9986534e+01
   2.7200000e+03   1.9900015e+01
   2.7300000e+03   1.9756410e+01
   2.7400000e+03   1.9478437e+01
   2.7500000e+03   1.9730472e+01
   2.7600000e+03   1.9638355e+01
   2.7700000e+03   1.9706968e+01
   2.7800000e+03   1.9515926e+01
   2.7900000e+03   1.9541114e+01
   2.8000000e+03   1.9389906e+01
   2.8100000e+03   1.9371393e+01
   2.8200000e+03   1.9336641e+01
   2.8300000e+03   1.9413333e+01
   2.8400000e+03   1.9339373e+01
   2.8500000e+03   1.9105570e+01
   2.8600000e+03   1.9147063e+01
   2.8700000e+03   1.9121219e+01
   2.8800000e+03   1.8980895e+01
   2.8900000e+03   1.9111501e+01
   2.9000000e+03   1.9101212e+01
   2.9100000e+03   1.8966476e+01
   2.9200000e+03   1.9051817e+01
   2.9300000e+03   1.8967550e+01
   2.9400000e+03   1.9397603e+01
   2.9500000e+03   1.9347254e+01
   2.9600000e+03   1.9292898e+01
   2.9700000e+03   1.9606747e+01
   2.9800000e+03   1.9209564e+01
   2.9900000e+03   1.9308590e+01
   3.0000000e+03   1.9208420e+01
   3.0100000e+03   1.8928997e+01
   3.0200000e+03   1.8862860e+01
   3.0300000e+03   1.8902734e+01
   3.0400000e+03   1.8785948e+01
   3.0500000e+03   1.8683930e+01
   3.0600000e+03   1.9332979e+01
   3.0700000e+03   1.9541574e+01
   3.0800000e+03   1.9303711e+01
   3.0900000e+03   1.9608911e+01
   3.1000000e+03   1.9626525e+01
   3.1100000e+03   1.9471401e+01
   3.1200000e+03   1.9190581e+01
   3.1300000e+03   1.9287307e+01
   3.1400000e+03   1.9213914e+01
   3.1500000e+03   1.9525443e+01
   3.1600000e+03   1.9342283e+01
   3.1700000e+03   1.9374223e+01
   3.1800000e+03   1.9520737e+01
   3.1900000e+03   1.9640288e+01
   3.2000000e+03   1.9761313e+01
   3.2100000e+03   1.9760880e+01
   3.2200000e+03   1.9354324e+01
   3.2300000e+03   1.9768525e+01
   3.2400000e+03   1.9235503e+01
   3.2500000e+03   1.9471718e+01
   3.2600000e+03   1.9260129e+01
   3.2700000e+03   1.9536785e+01
   3.2800000e+03   1.9635001e+01
   3.2900000e+03   1.9548666e+01
   3.3000000e+03   1.9551145e+01
   3.3100000e+03   1.9796125e+01
   3.3200000e+03   1.9815442e+01
   3.3300000e+03   1.9606812e+01
   3.3400000e+03   1.9501727e+01
   3.3500000e+03   1.9525786e+01
   3.3600000e+03   1.9615525e+01
   3.3700000e+03   1.9729079e+01
   3.3800000e+03   1.9532111e+01
   3.3900000e+03   1.9533726e+01
   3.4000000e+03   1.9697323e+01
   3.4100000e+03   1.9271952e+01
   3.4200000e+03   1.8936408e+01
   3.4300000e+03   1.9415449e+01
   3.4400000e+03   1.9707689e+01
   3.4500000e+03   1.9861960e+01
   3.4600000e+03   1.9994854e+01
   3.4700000e+03   1.9884875e+01
   3.4800000e+03   1.9560899e+01
   3.4900000e+03   1.9328871e+01
