   0.0000000e+00   4.8121420e-03
   1.0000000e+01  -1.4480589e-04
   2.0000000e+01  -8.0951720e-03
   3.0000000e+01  -1.9402091e-02
   4.0000000e+01  -2.4418163e-02
   5.0000000e+01  -2.5974610e-02
   6.0000000e+01  -5.3813411e-02
   7.0000000e+01  -2.0759120e-01
   8.0000000e+01  -5.7905756e-01
   9.0000000e+01  -1.6070995e+00
   1.0000000e+02  -5.8996888e+00
   1.1000000e+02  -9.5244609e+00
   1.2000000e+02  -1.2906779e+01
   1.3000000e+02  -1.5133000e+01
   1.4000000e+02  -1.6542922e+01
   1.5000000e+02  -1.7405513e+01
   1.6000000e+02  -1.8121780e+01
   1.7000000e+02  -1.8484167e+01
   1.8000000e+02  -1.8988253e+01
   1.9000000e+02  -1.9533695e+01
   2.0000000e+02  -2.0196645e+01
   2.1000000e+02  -2.0353006e+01
   2.2000000e+02  -2.0304814e+01
   2.3000000e+02  -2.0428668e+01
   2.4000000e+02  -2.0588080e+01
   2.5000000e+02  -2.0814513e+01
   2.6000000e+02  -2.1216292e+01
   2.7000000e+02  -2.1180764e+01
   2.8000000e+02  -2.1139419e+01
   2.9000000e+02  -2.0916235e+01
   3.0000000e+02  -2.1360577e+01
   3.1000000e+02  -2.1416662e+01
   3.2000000e+02  -2.1500220e+01
   3.3000000e+02  -2.1577809e+01
   3.4000000e+02  -2.1576531e+01
   3.5000000e+02  -2.1618522e+01
   3.6000000e+02  -2.1729926e+01
   3.7000000e+02  -2.1738449e+01
   3.8000000e+02  -2.1450870e+01
   3.9000000e+02  -2.1507179e+01
   4.0000000e+02  -2.1604384e+01
   4.1000000e+02  -2.1745419e+01
   4.2000000e+02  -2.1578529e+01
   4.3000000e+02  -2.1793095e+01
   4.4000000e+02  -2.1850100e+01
   4.5000000e+02  -2.2005604e+01
   4.6000000e+02  -2.1396906e+01
   4.7000000e+02  -2.1872708e+01
   4.8000000e+02  -2.2070492e+01
   4.9000000e+02  -2.1575187e+01
   5.0000000e+02  -2.1337427e+01
   5.1000000e+02  -2.1431675e+01
   5.2000000e+02  -2.1482168e+01
   5.3000000e+02  -2.1508195e+01
   5.4000000e+02  -2.1857313e+01
   5.5000000e+02  -2.1600008e+01
   5.6000000e+02  -2.1536016e+01
   5.7000000e+02  -2.1618987e+01
   5.8000000e+02  -2.1704341e+01
   5.9000000e+02  -2.1851966e+01
   6.0000000e+02  -2.1715337e+01
   6.1000000e+02  -2.1628913e+01
   6.2000000e+02  -2.1596656e+01
   6.3000000e+02  -2.1838292e+01
   6.4000000e+02  -2.1735425e+01
   6.5000000e+02  -2.2033804e+01
   6.6000000e+02  -2.2224715e+01
   6.7000000e+02  -2.2180453e+01
   6.8000000e+02  -2.2135579e+01
   6.9000000e+02  -2.2264773e+01
   7.0000000e+02  -2.2296704e+01
   7.1000000e+02  -2.2418062e+01
   7.2000000e+02  -2.2592091e+01
   7.3000000e+02  -2.2692081e+01
   7.4000000e+02  -2.2622398e+01
   7.5000000e+02  -2.2616448e+01
   7.6000000e+02  -2.2854399e+01
   7.7000000e+02  -2.2755699e+01
   7.8000000e+02  -2.3238157e+01
   7.9000000e+02  -2.3041121e+01
   8.0000000e+02  -2.3161577e+01
   8.1000000e+02  -2.3314264e+01
   8.2000000e+02  -2.3360729e+01
   8.3000000e+02  -2.3220277e+01
   8.4000000e+02  -2.3253453e+01
   8.5000000e+02  -2.3158864e+01
   8.6000000e+02  -2.3122596e+01
   8.7000000e+02  -2.3046350e+01
   8.8000000e+02  -2.3090562e+01
   8.9000000e+02  -2.3314331e+01
   9.0000000e+02  -2.3108254e+01
   9.1000000e+02  -2.2912959e+01
   9.2000000e+02  -2.3036493e+01
   9.3000000e+02  -2.3071886e+01
   9.4000000e+02  -2.2979141e+01
   9.5000000e+02  -2.2666191e+01
   9.6000000e+02  -2.3224863e+01
   9.7000000e+02  -2.3372415e+01
   9.8000000e+02  -2.3177976e+01
   9.9000000e+02  -2.3292910e+01
   1.0000000e+03  -2.3042886e+01
   1.0100000e+03  -2.3019289e+01
   1.0200000e+03  -2.3351505e+01
   1.0300000e+03  -2.3213242e+01
   1.0400000e+03  -2.3006312e+01
   1.0500000e+03  -2.2891631e+01
   1.0600000e+03  -2.2858438e+01
   1.0700000e+03  -2.3280760e+01
   1.0800000e+03  -2.3141491e+01
   1.0900000e+03  -2.3403108e+01
   1.1000000e+03  -2.3276324e+01
   1.1100000e+03  -2.2918588e+01
   1.1200000e+03  -2.3020596e+01
   1.1300000e+03  -2.2709581e+01
   1.1400000e+03  -2.2691935e+01
   1.1500000e+03  -2.2837633e+01
   1.1600000e+03  -2.2741913e+01
   1.1700000e+03  -2.2825019e+01
   1.1800000e+03  -2.2790604e+01
   1.1900000e+03  -2.2915357e+01
   1.2000000e+03  -2.2771521e+01
   1.2100000e+03  -2.2723389e+01
   1.2200000e+03  -2.2747260e+01
   1.2300000e+03  -2.2791032e+01
   1.2400000e+03  -2.2649076e+01
   1.2500000e+03  -2.3335708e+01
   1.2600000e+03  -2.3138984e+01
   1.2700000e+03  -2.3431281e+01
   1.2800000e+03  -2.3109140e+01
   1.2900000e+03  -2.3053525e+01
   1.3000000e+03  -2.3225004e+01
   1.3100000e+03  -2.2905934e+01
   1.3200000e+03  -2.3296619e+01
   1.3300000e+03  -2.3036297e+01
   1.3400000e+03  -2.3461967e+01
   1.3500000e+03  -2.3233258e+01
   1.3600000e+03  -2.3055807e+01
   1.3700000e+03  -2.2983340e+01
   1.3800000e+03  -2.3205937e+01
   1.3900000e+03  -2.3432379e+01
   1.4000000e+03  -2.3326215e+01
   1.4100000e+03  -2.3386832e+01
   1.4200000e+03  -2.3121364e+01
   1.4300000e+03  -2.3291385e+01
   1.4400000e+03  -2.3373506e+01
   1.4500000e+03  -2.3069001e+01
   1.4600000e+03  -2.3165681e+01
   1.4700000e+03  -2.3302788e+01
   1.4800000e+03  -2.3523972e+01
   1.4900000e+03  -2.3419782e+01
   1.5000000e+03  -2.3421563e+01
   1.5100000e+03  -2.3621279e+01
   1.5200000e+03  -2.3538314e+01
   1.5300000e+03  -2.3542056e+01
   1.5400000e+03  -2.3381034e+01
   1.5500000e+03  -2.3070382e+01
   1.5600000e+03  -2.3469452e+01
   1.5700000e+03  -2.3528487e+01
   1.5800000e+03  -2.3265882e+01
   1.5900000e+03  -2.3490030e+01
   1.6000000e+03  -2.3809223e+01
   1.6100000e+03  -2.3462244e+01
   1.6200000e+03  -2.3354810e+01
   1.6300000e+03  -2.3353698e+01
   1.6400000e+03  -2.3231320e+01
   1.6500000e+03  -2.3402994e+01
   1.6600000e+03  -2.3242971e+01
   1.6700000e+03  -2.3675486e+01
   1.6800000e+03  -2.3335994e+01
   1.6900000e+03  -2.3219907e+01
   1.7000000e+03  -2.3386664e+01
   1.7100000e+03  -2.3574384e+01
   1.7200000e+03  -2.3529130e+01
   1.7300000e+03  -2.3782439e+01
   1.7400000e+03  -2.3643522e+01
   1.7500000e+03  -2.3831394e+01
   1.7600000e+03  -2.3786667e+01
   1.7700000e+03  -2.3647394e+01
   1.7800000e+03  -2.3842433e+01
   1.7900000e+03  -2.3555805e+01
   1.8000000e+03  -2.3378385e+01
   1.8100000e+03  -2.3237408e+01
   1.8200000e+03  -2.3590764e+01
   1.8300000e+03  -2.3062362e+01
   1.8400000e+03  -2.3387666e+01
   1.8500000e+03  -2.3437231e+01
   1.8600000e+03  -2.3481687e+01
   1.8700000e+03  -2.3521437e+01
   1.8800000e+03  -2.3664883e+01
   1.8900000e+03  -2.3626100e+01
   1.9000000e+03  -2.3625775e+01
   1.9100000e+03  -2.3502097e+01
   1.9200000e+03  -2.3856863e+01
   1.9300000e+03  -2.4056491e+01
   1.9400000e+03  -2.4129416e+01
   1.9500000e+03  -2.3820998e+01
   1.9600000e+03  -2.3675341e+01
   1.9700000e+03  -2.3822288e+01
   1.9800000e+03  -2.3751537e+01
   1.9900000e+03  -2.4122083e+01
   2.0000000e+03  -2.4114801e+01
   2.0100000e+03  -2.4066465e+01
   2.0200000e+03  -2.4003353e+01
   2.0300000e+03  -2.4100037e+01
   2.0400000e+03  -2.4078396e+01
   2.0500000e+03  -2.4058238e+01
   2.0600000e+03  -2.4171780e+01
   2.0700000e+03  -2.3975570e+01
   2.0800000e+03  -2.3520657e+01
   2.0900000e+03  -2.3770079e+01
   2.1000000e+03  -2.3429885e+01
   2.1100000e+03  -2.3407712e+01
   2.1200000e+03  -2.3367185e+01
   2.1300000e+03  -2.3355230e+01
   2.1400000e+03  -2.3645900e+01
   2.1500000e+03  -2.3328987e+01
   2.1600000e+03  -2.3210337e+01
   2.1700000e+03  -2.3342911e+01
   2.1800000e+03  -2.3192787e+01
   2.1900000e+03  -2.3119463e+01
   2.2000000e+03  -2.3181307e+01
   2.2100000e+03  -2.2944838e+01
   2.2200000e+03  -2.2814002e+01
   2.2300000e+03  -2.3381762e+01
   2.2400000e+03  -2.3360720e+01
   2.2500000e+03  -2.3457712e+01
   2.2600000e+03  -2.3128446e+01
   2.2700000e+03  -2.3243570e+01
   2.2800000e+03  -2.3013218e+01
   2.2900000e+03  -2.3472057e+01
   2.3000000e+03  -2.3551544e+01
   2.3100000e+03  -2.3115646e+01
   2.3200000e+03  -2.3229448e+01
   2.3300000e+03  -2.3812758e+01
   2.3400000e+03  -2.3007970e+01
   2.3500000e+03  -2.3235132e+01
   2.3600000e+03  -2.3622995e+01
   2.3700000e+03  -2.3333978e+01
   2.3800000e+03  -2.3697508e+01
   2.3900000e+03  -2.3507792e+01
   2.4000000e+03  -2.3579389e+01
   2.4100000e+03  -2.3398526e+01
   2.4200000e+03  -2.3125887e+01
   2.4300000e+03  -2.3269294e+01
   2.4400000e+03  -2.3514464e+01
   2.4500000e+03  -2.3258456e+01
   2.4600000e+03  -2.3367355e+01
   2.4700000e+03  -2.3247857e+01
   2.4800000e+03  -2.3339152e+01
   2.4900000e+03  -2.3479528e+01
   2.5000000e+03  -2.3210322e+01
   2.5100000e+03  -2.3215142e+01
   2.5200000e+03  -2.3320441e+01
   2.5300000e+03  -2.3145665e+01
   2.5400000e+03  -2.3454684e+01
   2.5500000e+03  -2.3404407e+01
   2.5600000e+03  -2.3503709e+01
   2.5700000e+03  -2.3801152e+01
   2.5800000e+03  -2.3346227e+01
   2.5900000e+03  -2.3400384e+01
   2.6000000e+03  -2.3506153e+01
   2.6100000e+03  -2.3247840e+01
   2.6200000e+03  -2.3052648e+01
   2.6300000e+03  -2.3464291e+01
   2.6400000e+03  -2.3512746e+01
   2.6500000e+03  -2.3207911e+01
   2.6600000e+03  -2.3495686e+01
   2.6700000e+03  -2.3729633e+01
   2.6800000e+03  -2.3897456e+01
   2.6900000e+03  -2.3661258e+01
   2.7000000e+03  -2.3744970e+01
   2.7100000e+03  -2.3631213e+01
   2.7200000e+03  -2.3478302e+01
   2.7300000e+03  -2.3580566e+01
   2.7400000e+03  -2.3604471e+01
   2.7500000e+03  -2.3508923e+01
   2.7600000e+03  -2.3255460e+01
   2.7700000e+03  -2.3368895e+01
   2.7800000e+03  -2.3623095e+01
   2.7900000e+03  -2.3558439e+01
   2.8000000e+03  -2.3340359e+01
   2.8100000e+03  -2.3297039e+01
   2.8200000e+03  -2.3419286e+01
   2.8300000e+03  -2.3282071e+01
   2.8400000e+03  -2.3421478e+01
   2.8500000e+03  -2.3188517e+01
   2.8600000e+03  -2.3773123e+01
   2.8700000e+03  -2.3366056e+01
   2.8800000e+03  -2.3393939e+01
   2.8900000e+03  -2.3759406e+01
   2.9000000e+03  -2.3741879e+01
   2.9100000e+03  -2.3921674e+01
   2.9200000e+03  -2.3709514e+01
   2.9300000e+03  -2.3751038e+01
   2.9400000e+03  -2.3575852e+01
   2.9500000e+03  -2.3732043e+01
   2.9600000e+03  -2.3761678e+01
   2.9700000e+03  -2.3531265e+01
   2.9800000e+03  -2.3243791e+01
   2.9900000e+03  -2.3565858e+01
   3.0000000e+03  -2.3521859e+01
   3.0100000e+03  -2.3496674e+01
   3.0200000e+03  -2.3742105e+01
   3.0300000e+03  -2.3837589e+01
   3.0400000e+03  -2.3814876e+01
   3.0500000e+03  -2.4018941e+01
   3.0600000e+03  -2.3927190e+01
   3.0700000e+03  -2.4132771e+01
   3.0800000e+03  -2.4063733e+01
   3.0900000e+03  -2.4285861e+01
   3.1000000e+03  -2.3739442e+01
   3.1100000e+03  -2.3922384e+01
   3.1200000e+03  -2.3901057e+01
   3.1300000e+03  -2.3959585e+01
   3.1400000e+03  -2.3681387e+01
   3.1500000e+03  -2.3877811e+01
   3.1600000e+03  -2.3807856e+01
   3.1700000e+03  -2.3806002e+01
   3.1800000e+03  -2.3813117e+01
   3.1900000e+03  -2.3903640e+01
   3.2000000e+03  -2.3832141e+01
   3.2100000e+03  -2.3958085e+01
   3.2200000e+03  -2.3647659e+01
   3.2300000e+03  -2.3954038e+01
   3.2400000e+03  -2.3992088e+01
   3.2500000e+03  -2.3757761e+01
   3.2600000e+03  -2.3527082e+01
   3.2700000e+03  -2.3932838e+01
   3.2800000e+03  -2.3962182e+01
   3.2900000e+03  -2.4019709e+01
   3.3000000e+03  -2.3949042e+01
   3.3100000e+03  -2.3669010e+01
   3.3200000e+03  -2.3884623e+01
   3.3300000e+03  -2.3595451e+01
   3.3400000e+03  -2.3943378e+01
   3.3500000e+03  -2.3776502e+01
   3.3600000e+03  -2.3713129e+01
   3.3700000e+03  -2.3847405e+01
   3.3800000e+03  -2.3606237e+01
   3.3900000e+03  -2.3604340e+01
   3.4000000e+03  -2.3900993e+01
   3.4100000e+03  -2.3541836e+01
   3.4200000e+03  -2.3323495e+01
   3.4300000e+03  -2.3572999e+01
   3.4400000e+03  -2.3920822e+01
   3.4500000e+03  -2.3625186e+01
   3.4600000e+03  -2.3545559e+01
   3.4700000e+03  -2.3581895e+01
   3.4800000e+03  -2.3763051e+01
   3.4900000e+03  -2.3930934e+01
