   0.0000000e+00   1.6746673e-03
   1.0000000e+01  -1.5004178e-03
   2.0000000e+01  -3.6623868e-03
   3.0000000e+01   1.0857687e-02
   4.0000000e+01   3.1134423e-02
   5.0000000e+01   5.1694468e-01
   6.0000000e+01   2.8943704e+00
   7.0000000e+01   3.7149880e+00
   8.0000000e+01   4.0252029e+00
   9.0000000e+01   3.9829448e+00
   1.0000000e+02   3.7928732e+00
   1.1000000e+02   3.4332070e+00
   1.2000000e+02   3.1177322e+00
   1.3000000e+02   3.2899008e+00
   1.4000000e+02   3.0358641e+00
   1.5000000e+02   3.0531805e+00
   1.6000000e+02   2.9662670e+00
   1.7000000e+02   2.5781480e+00
   1.8000000e+02   2.6660263e+00
   1.9000000e+02   2.5743597e+00
   2.0000000e+02   2.4761461e+00
   2.1000000e+02   2.3759995e+00
   2.2000000e+02   2.3089775e+00
   2.3000000e+02   2.4006143e+00
   2.4000000e+02   2.1102662e+00
   2.5000000e+02   2.1086278e+00
   2.6000000e+02   2.3053310e+00
   2.7000000e+02   2.3151834e+00
   2.8000000e+02   2.2866127e+00
   2.9000000e+02   2.2510255e+00
   3.0000000e+02   2.0029930e+00
   3.1000000e+02   2.0121776e+00
   3.2000000e+02   2.2026606e+00
   3.3000000e+02   2.2347868e+00
   3.4000000e+02   2.1604735e+00
   3.5000000e+02   2.1768260e+00
   3.6000000e+02   2.0411211e+00
   3.7000000e+02   2.1846089e+00
   3.8000000e+02   2.2077780e+00
   3.9000000e+02   2.4569520e+00
   4.0000000e+02   2.2743580e+00
   4.1000000e+02   2.1760788e+00
   4.2000000e+02   2.2459950e+00
   4.3000000e+02   2.1351759e+00
   4.4000000e+02   2.1631545e+00
   4.5000000e+02   2.0290248e+00
   4.6000000e+02   1.9159607e+00
   4.7000000e+02   2.1788594e+00
   4.8000000e+02   1.9453174e+00
   4.9000000e+02   2.0480710e+00
   5.0000000e+02   1.9030972e+00
   5.1000000e+02   1.9483408e+00
   5.2000000e+02   1.9621623e+00
   5.3000000e+02   1.9869875e+00
   5.4000000e+02   2.0639600e+00
   5.5000000e+02   1.9969006e+00
   5.6000000e+02   1.7966715e+00
   5.7000000e+02   1.9499304e+00
   5.8000000e+02   1.8907832e+00
   5.9000000e+02   1.8464783e+00
   6.0000000e+02   1.7765464e+00
   6.1000000e+02   1.8485793e+00
   6.2000000e+02   1.6854562e+00
   6.3000000e+02   1.8555795e+00
   6.4000000e+02   1.7401434e+00
   6.5000000e+02   1.6556488e+00
   6.6000000e+02   1.7692411e+00
   6.7000000e+02   1.8664159e+00
   6.8000000e+02   2.0962140e+00
   6.9000000e+02   1.7265037e+00
   7.0000000e+02   1.7639081e+00
   7.1000000e+02   1.3628318e+00
   7.2000000e+02   1.9405280e+00
   7.3000000e+02   1.9633885e+00
   7.4000000e+02   1.7341774e+00
   7.5000000e+02   1.9592944e+00
   7.6000000e+02   1.9798769e+00
   7.7000000e+02   1.8869714e+00
   7.8000000e+02   1.7725124e+00
   7.9000000e+02   1.8631599e+00
   8.0000000e+02   1.8025137e+00
   8.1000000e+02   1.9084727e+00
   8.2000000e+02   2.0916730e+00
   8.3000000e+02   1.7812140e+00
   8.4000000e+02   1.9703793e+00
   8.5000000e+02   1.8604971e+00
   8.6000000e+02   1.8425773e+00
   8.7000000e+02   1.7674603e+00
   8.8000000e+02   1.8184843e+00
   8.9000000e+02   1.2944176e+00
   9.0000000e+02   1.9171493e+00
   9.1000000e+02   2.2065057e+00
   9.2000000e+02   2.1978655e+00
   9.3000000e+02   1.8624519e+00
   9.4000000e+02   1.8895503e+00
   9.5000000e+02   1.8432659e+00
   9.6000000e+02   1.7477275e+00
   9.7000000e+02   1.6349105e+00
   9.8000000e+02   1.7397114e+00
   9.9000000e+02   1.6538479e+00
   1.0000000e+03   1.8603940e+00
   1.0100000e+03   1.8790178e+00
   1.0200000e+03   1.5860680e+00
   1.0300000e+03   1.9347035e+00
   1.0400000e+03   1.8625127e+00
   1.0500000e+03   1.7409920e+00
   1.0600000e+03   1.8962700e+00
   1.0700000e+03   2.0362290e+00
   1.0800000e+03   1.7843447e+00
   1.0900000e+03   1.7827004e+00
   1.1000000e+03   1.8184154e+00
   1.1100000e+03   1.8780650e+00
   1.1200000e+03   1.9715365e+00
   1.1300000e+03   2.0378584e+00
   1.1400000e+03   1.9645022e+00
   1.1500000e+03   1.9318668e+00
   1.1600000e+03   1.9819046e+00
   1.1700000e+03   1.9632595e+00
   1.1800000e+03   2.2024460e+00
   1.1900000e+03   2.0302958e+00
   1.2000000e+03   1.9386857e+00
   1.2100000e+03   2.0303067e+00
   1.2200000e+03   2.0966994e+00
   1.2300000e+03   1.8986334e+00
   1.2400000e+03   2.2747608e+00
   1.2500000e+03   2.0985834e+00
   1.2600000e+03   2.0416032e+00
   1.2700000e+03   2.1637130e+00
   1.2800000e+03   2.0430310e+00
   1.2900000e+03   2.1308772e+00
   1.3000000e+03   1.9588428e+00
   1.3100000e+03   1.9379930e+00
   1.3200000e+03   1.7747113e+00
   1.3300000e+03   1.8702909e+00
   1.3400000e+03   1.7317731e+00
   1.3500000e+03   1.8852525e+00
   1.3600000e+03   1.9580812e+00
   1.3700000e+03   2.0461119e+00
   1.3800000e+03   1.8766939e+00
   1.3900000e+03   1.9429888e+00
   1.4000000e+03   1.9161730e+00
   1.4100000e+03   1.9156095e+00
   1.4200000e+03   1.8047951e+00
   1.4300000e+03   1.9191958e+00
   1.4400000e+03   1.9756969e+00
   1.4500000e+03   1.7392707e+00
   1.4600000e+03   1.8776340e+00
   1.4700000e+03   1.8149360e+00
   1.4800000e+03   1.6952659e+00
   1.4900000e+03   1.7794832e+00
   1.5000000e+03   1.8436650e+00
   1.5100000e+03   1.8385327e+00
   1.5200000e+03   1.9708730e+00
   1.5300000e+03   1.8445370e+00
   1.5400000e+03   1.9220368e+00
   1.5500000e+03   1.6192634e+00
   1.5600000e+03   1.9983916e+00
   1.5700000e+03   1.8243390e+00
   1.5800000e+03   1.8843604e+00
   1.5900000e+03   1.7952228e+00
   1.6000000e+03   1.8782411e+00
   1.6100000e+03   1.7877459e+00
   1.6200000e+03   1.5764831e+00
   1.6300000e+03   1.6520861e+00
   1.6400000e+03   1.7343921e+00
   1.6500000e+03   1.7537738e+00
   1.6600000e+03   1.7998402e+00
   1.6700000e+03   1.7586528e+00
   1.6800000e+03   1.8141812e+00
   1.6900000e+03   1.7189797e+00
   1.7000000e+03   1.5516356e+00
   1.7100000e+03   1.9353801e+00
   1.7200000e+03   1.9709793e+00
   1.7300000e+03   1.6722582e+00
   1.7400000e+03   1.6393775e+00
   1.7500000e+03   1.5878001e+00
   1.7600000e+03   1.6420516e+00
   1.7700000e+03   1.7621961e+00
   1.7800000e+03   1.7740950e+00
   1.7900000e+03   1.7050872e+00
   1.8000000e+03   1.6658368e+00
   1.8100000e+03   1.5541458e+00
   1.8200000e+03   1.7753042e+00
   1.8300000e+03   1.6199482e+00
   1.8400000e+03   1.6970121e+00
   1.8500000e+03   1.7155667e+00
   1.8600000e+03   1.7241087e+00
   1.8700000e+03   1.8603547e+00
   1.8800000e+03   1.8730209e+00
   1.8900000e+03   2.0779285e+00
   1.9000000e+03   1.9192022e+00
   1.9100000e+03   1.8048266e+00
   1.9200000e+03   1.6624149e+00
   1.9300000e+03   1.6167264e+00
   1.9400000e+03   1.9843627e+00
   1.9500000e+03   1.9502461e+00
   1.9600000e+03   1.7994156e+00
   1.9700000e+03   1.9964045e+00
   1.9800000e+03   1.6782208e+00
   1.9900000e+03   1.7639822e+00
   2.0000000e+03   1.7246413e+00
   2.0100000e+03   1.9085065e+00
   2.0200000e+03   1.9436234e+00
   2.0300000e+03   1.7739004e+00
   2.0400000e+03   1.8146628e+00
   2.0500000e+03   1.7227061e+00
   2.0600000e+03   1.5742049e+00
   2.0700000e+03   1.8499472e+00
   2.0800000e+03   1.8434714e+00
   2.0900000e+03   1.9758179e+00
   2.1000000e+03   1.8451463e+00
   2.1100000e+03   1.7383659e+00
   2.1200000e+03   1.8041263e+00
   2.1300000e+03   1.7442593e+00
   2.1400000e+03   1.7048186e+00
   2.1500000e+03   1.8462518e+00
   2.1600000e+03   1.8054836e+00
   2.1700000e+03   1.6599398e+00
   2.1800000e+03   1.5938537e+00
   2.1900000e+03   1.6144370e+00
   2.2000000e+03   1.8296921e+00
   2.2100000e+03   1.5656013e+00
   2.2200000e+03   1.6043446e+00
   2.2300000e+03   1.6144245e+00
   2.2400000e+03   1.6888671e+00
   2.2500000e+03   1.5097174e+00
   2.2600000e+03   1.4836355e+00
   2.2700000e+03   1.8547628e+00
   2.2800000e+03   1.4939623e+00
   2.2900000e+03   1.5589550e+00
   2.3000000e+03   1.4395057e+00
   2.3100000e+03   1.6177924e+00
   2.3200000e+03   1.5924745e+00
   2.3300000e+03   1.8352593e+00
   2.3400000e+03   1.7637136e+00
   2.3500000e+03   1.5713626e+00
   2.3600000e+03   2.0389769e+00
   2.3700000e+03   2.1651066e+00
   2.3800000e+03   2.1849656e+00
   2.3900000e+03   1.8403474e+00
   2.4000000e+03   1.8132329e+00
   2.4100000e+03   2.3048654e+00
   2.4200000e+03   2.2215388e+00
   2.4300000e+03   2.0354639e+00
   2.4400000e+03   1.8183256e+00
   2.4500000e+03   1.9041968e+00
   2.4600000e+03   1.8402562e+00
   2.4700000e+03   1.8294768e+00
   2.4800000e+03   2.0057791e+00
   2.4900000e+03   1.7671417e+00
   2.5000000e+03   1.4922680e+00
   2.5100000e+03   1.3882656e+00
   2.5200000e+03   1.2140135e+00
   2.5300000e+03   1.3253914e+00
   2.5400000e+03   1.2272044e+00
   2.5500000e+03   1.5201473e+00
   2.5600000e+03   1.3601825e+00
   2.5700000e+03   1.2956969e+00
   2.5800000e+03   1.3843542e+00
   2.5900000e+03   1.1693585e+00
   2.6000000e+03   1.4376758e+00
   2.6100000e+03   1.3212481e+00
   2.6200000e+03   1.4858353e+00
   2.6300000e+03   1.4714764e+00
   2.6400000e+03   1.4036385e+00
   2.6500000e+03   1.3260988e+00
   2.6600000e+03   1.4252589e+00
   2.6700000e+03   1.2550069e+00
   2.6800000e+03   1.2224803e+00
   2.6900000e+03   1.4676573e+00
   2.7000000e+03   1.3469404e+00
   2.7100000e+03   1.2777508e+00
   2.7200000e+03   1.6784900e+00
   2.7300000e+03   1.4366220e+00
   2.7400000e+03   1.2385950e+00
   2.7500000e+03   1.1684850e+00
   2.7600000e+03   1.2620738e+00
   2.7700000e+03   1.3070804e+00
   2.7800000e+03   1.2089585e+00
   2.7900000e+03   1.4886994e+00
   2.8000000e+03   1.3391505e+00
   2.8100000e+03   1.0968973e+00
   2.8200000e+03   1.3029113e+00
   2.8300000e+03   1.2513742e+00
   2.8400000e+03   1.2312961e+00
   2.8500000e+03   1.1815580e+00
   2.8600000e+03   1.2974372e+00
   2.8700000e+03   1.0865081e+00
   2.8800000e+03   1.2403958e+00
   2.8900000e+03   1.4510816e+00
   2.9000000e+03   1.2625299e+00
   2.9100000e+03   1.4589912e+00
   2.9200000e+03   1.4466263e+00
   2.9300000e+03   1.4849238e+00
   2.9400000e+03   1.4500651e+00
   2.9500000e+03   1.4750031e+00
   2.9600000e+03   1.4994233e+00
   2.9700000e+03   1.4130475e+00
   2.9800000e+03   1.5532570e+00
   2.9900000e+03   1.3106290e+00
   3.0000000e+03   1.2978779e+00
   3.0100000e+03   1.3666770e+00
   3.0200000e+03   1.1767742e+00
   3.0300000e+03   1.6125745e+00
   3.0400000e+03   1.4093239e+00
   3.0500000e+03   1.3449077e+00
   3.0600000e+03   1.3613097e+00
   3.0700000e+03   1.5238126e+00
   3.0800000e+03   1.6285665e+00
   3.0900000e+03   1.7484028e+00
   3.1000000e+03   1.6497478e+00
   3.1100000e+03   1.7582850e+00
   3.1200000e+03   1.8322830e+00
   3.1300000e+03   1.6770222e+00
   3.1400000e+03   2.0133340e+00
   3.1500000e+03   1.9685803e+00
   3.1600000e+03   1.9822472e+00
   3.1700000e+03   1.6614585e+00
   3.1800000e+03   1.5607299e+00
   3.1900000e+03   1.9553377e+00
   3.2000000e+03   1.7356959e+00
   3.2100000e+03   1.7502520e+00
   3.2200000e+03   1.7216666e+00
   3.2300000e+03   1.7853769e+00
   3.2400000e+03   1.6601759e+00
   3.2500000e+03   1.4586820e+00
   3.2600000e+03   1.5555013e+00
   3.2700000e+03   1.7225872e+00
   3.2800000e+03   1.5863208e+00
   3.2900000e+03   1.6496075e+00
   3.3000000e+03   1.7018463e+00
   3.3100000e+03   1.5030288e+00
   3.3200000e+03   1.4732194e+00
   3.3300000e+03   1.5548051e+00
   3.3400000e+03   1.5508194e+00
   3.3500000e+03   1.8313952e+00
   3.3600000e+03   1.7574535e+00
   3.3700000e+03   1.7145182e+00
   3.3800000e+03   1.6982756e+00
   3.3900000e+03   1.6501001e+00
   3.4000000e+03   1.8940133e+00
   3.4100000e+03   1.7559176e+00
   3.4200000e+03   2.0564980e+00
   3.4300000e+03   1.8706566e+00
   3.4400000e+03   2.0167715e+00
   3.4500000e+03   1.8056568e+00
   3.4600000e+03   1.9549575e+00
   3.4700000e+03   1.8337406e+00
   3.4800000e+03   2.1229762e+00
   3.4900000e+03   2.1610406e+00
