   0.0000000e+00   1.7803538e+01
   1.0000000e+01   1.7801756e+01
   2.0000000e+01   1.7810502e+01
   3.0000000e+01   1.7821773e+01
   4.0000000e+01   1.7817912e+01
   5.0000000e+01   1.7948717e+01
   6.0000000e+01   1.8982741e+01
   7.0000000e+01   2.0206500e+01
   8.0000000e+01   2.0716664e+01
   9.0000000e+01   2.0923944e+01
   1.0000000e+02   2.1289509e+01
   1.1000000e+02   2.1432908e+01
   1.2000000e+02   2.1218863e+01
   1.3000000e+02   2.1436108e+01
   1.4000000e+02   2.0887252e+01
   1.5000000e+02   2.0973784e+01
   1.6000000e+02   2.1016977e+01
   1.7000000e+02   2.0844036e+01
   1.8000000e+02   2.1132567e+01
   1.9000000e+02   2.0789084e+01
   2.0000000e+02   2.1120104e+01
   2.1000000e+02   2.1104979e+01
   2.2000000e+02   2.0930602e+01
   2.3000000e+02   2.1435284e+01
   2.4000000e+02   2.1113766e+01
   2.5000000e+02   2.0796841e+01
   2.6000000e+02   2.0975571e+01
   2.7000000e+02   2.0857862e+01
   2.8000000e+02   2.1351950e+01
   2.9000000e+02   2.0940751e+01
   3.0000000e+02   2.1046185e+01
   3.1000000e+02   1.8979343e+01
   3.2000000e+02   2.1376391e+01
   3.3000000e+02   2.0010690e+01
   3.4000000e+02   1.9736875e+01
   3.5000000e+02   2.1002032e+01
   3.6000000e+02   2.0219206e+01
   3.7000000e+02   1.9930624e+01
   3.8000000e+02   2.1332676e+01
   3.9000000e+02   2.1284457e+01
   4.0000000e+02   2.1432964e+01
   4.1000000e+02   2.1328320e+01
   4.2000000e+02   2.0557173e+01
   4.3000000e+02   2.0905091e+01
   4.4000000e+02   2.1646751e+01
   4.5000000e+02   2.1720111e+01
   4.6000000e+02   2.1741641e+01
   4.7000000e+02   2.1436848e+01
   4.8000000e+02   2.1533814e+01
   4.9000000e+02   2.0637925e+01
   5.0000000e+02   2.0945006e+01
   5.1000000e+02   2.1566679e+01
   5.2000000e+02   2.1402084e+01
   5.3000000e+02   2.1648992e+01
   5.4000000e+02   2.0971445e+01
   5.5000000e+02   2.1240999e+01
   5.6000000e+02   2.1508495e+01
   5.7000000e+02   2.1369737e+01
   5.8000000e+02   2.1344227e+01
   5.9000000e+02   2.1341176e+01
   6.0000000e+02   2.1049155e+01
   6.1000000e+02   2.0984300e+01
   6.2000000e+02   2.1008642e+01
   6.3000000e+02   2.1057262e+01
   6.4000000e+02   2.1104228e+01
   6.5000000e+02   1.9698532e+01
   6.6000000e+02   2.1142776e+01
   6.7000000e+02   2.1460123e+01
   6.8000000e+02   2.1470930e+01
   6.9000000e+02   2.1043387e+01
   7.0000000e+02   2.1526225e+01
   7.1000000e+02   2.1254961e+01
   7.2000000e+02   2.1506820e+01
   7.3000000e+02   2.1086017e+01
   7.4000000e+02   2.1515517e+01
   7.5000000e+02   2.1454986e+01
   7.6000000e+02   2.1114522e+01
   7.7000000e+02   2.0018772e+01
   7.8000000e+02   2.1074986e+01
   7.9000000e+02   2.1440212e+01
   8.0000000e+02   2.0841982e+01
   8.1000000e+02   2.1708487e+01
   8.2000000e+02   2.1768778e+01
   8.3000000e+02   2.0916085e+01
   8.4000000e+02   2.1178637e+01
   8.5000000e+02   2.0976760e+01
   8.6000000e+02   2.1399761e+01
   8.7000000e+02   2.1354608e+01
   8.8000000e+02   2.0707677e+01
   8.9000000e+02   2.0503944e+01
   9.0000000e+02   2.1207403e+01
   9.1000000e+02   2.1688883e+01
   9.2000000e+02   2.1618485e+01
   9.3000000e+02   2.1418449e+01
   9.4000000e+02   2.1291853e+01
   9.5000000e+02   2.0921815e+01
   9.6000000e+02   2.0049160e+01
   9.7000000e+02   2.1336583e+01
   9.8000000e+02   2.1307231e+01
   9.9000000e+02   2.1041657e+01
   1.0000000e+03   2.1621161e+01
   1.0100000e+03   2.1136223e+01
   1.0200000e+03   2.1591406e+01
   1.0300000e+03   2.0903890e+01
   1.0400000e+03   2.1550166e+01
   1.0500000e+03   2.1686585e+01
   1.0600000e+03   2.1313143e+01
   1.0700000e+03   2.0822201e+01
   1.0800000e+03   2.1511459e+01
   1.0900000e+03   2.1478349e+01
   1.1000000e+03   2.0532784e+01
   1.1100000e+03   2.0497444e+01
   1.1200000e+03   2.0523233e+01
   1.1300000e+03   2.1540146e+01
   1.1400000e+03   2.0882498e+01
   1.1500000e+03   2.1099898e+01
   1.1600000e+03   2.0916784e+01
   1.1700000e+03   2.1146298e+01
   1.1800000e+03   2.1350028e+01
   1.1900000e+03   1.9687321e+01
   1.2000000e+03   2.1280752e+01
   1.2100000e+03   2.0642170e+01
   1.2200000e+03   2.1118267e+01
   1.2300000e+03   2.1109986e+01
   1.2400000e+03   2.1375054e+01
   1.2500000e+03   2.1319415e+01
   1.2600000e+03   2.1254636e+01
   1.2700000e+03   2.1696586e+01
   1.2800000e+03   2.1321091e+01
   1.2900000e+03   2.1164676e+01
   1.3000000e+03   2.1296254e+01
   1.3100000e+03   2.1230998e+01
   1.3200000e+03   2.1424558e+01
   1.3300000e+03   2.1288356e+01
   1.3400000e+03   2.1079666e+01
   1.3500000e+03   2.1374109e+01
   1.3600000e+03   2.1266566e+01
   1.3700000e+03   2.0937641e+01
   1.3800000e+03   2.1235274e+01
   1.3900000e+03   2.0964716e+01
   1.4000000e+03   2.1051354e+01
   1.4100000e+03   2.0226931e+01
   1.4200000e+03   2.0942649e+01
   1.4300000e+03   2.1084232e+01
   1.4400000e+03   2.1311004e+01
   1.4500000e+03   2.1058915e+01
   1.4600000e+03   2.1200340e+01
   1.4700000e+03   2.0792345e+01
   1.4800000e+03   2.1026772e+01
   1.4900000e+03   2.1010655e+01
   1.5000000e+03   2.1227052e+01
   1.5100000e+03   2.0895557e+01
   1.5200000e+03   2.1004840e+01
   1.5300000e+03   2.0880951e+01
   1.5400000e+03   2.0887532e+01
   1.5500000e+03   2.1075635e+01
   1.5600000e+03   2.1200367e+01
   1.5700000e+03   2.1010550e+01
   1.5800000e+03   2.0881610e+01
   1.5900000e+03   2.0995589e+01
   1.6000000e+03   2.0998187e+01
   1.6100000e+03   2.1159636e+01
   1.6200000e+03   1.9932668e+01
   1.6300000e+03   2.1178541e+01
   1.6400000e+03   2.1161440e+01
   1.6500000e+03   2.0896547e+01
   1.6600000e+03   2.0950663e+01
   1.6700000e+03   2.0824560e+01
   1.6800000e+03   2.0417624e+01
   1.6900000e+03   2.1179608e+01
   1.7000000e+03   2.1078700e+01
   1.7100000e+03   2.1030263e+01
   1.7200000e+03   2.1094756e+01
   1.7300000e+03   2.0921154e+01
   1.7400000e+03   2.0900351e+01
   1.7500000e+03   2.0156187e+01
   1.7600000e+03   2.0848156e+01
   1.7700000e+03   2.0600036e+01
   1.7800000e+03   2.0567465e+01
   1.7900000e+03   2.0507315e+01
   1.8000000e+03   2.1026085e+01
   1.8100000e+03   2.1037691e+01
   1.8200000e+03   2.1320092e+01
   1.8300000e+03   2.1186953e+01
   1.8400000e+03   2.1376138e+01
   1.8500000e+03   2.1183144e+01
   1.8600000e+03   2.1412216e+01
   1.8700000e+03   2.0600857e+01
   1.8800000e+03   2.0022201e+01
   1.8900000e+03   2.1171497e+01
   1.9000000e+03   2.1575068e+01
   1.9100000e+03   2.1016061e+01
   1.9200000e+03   2.1171265e+01
   1.9300000e+03   2.0928889e+01
   1.9400000e+03   2.0893080e+01
   1.9500000e+03   2.1482973e+01
   1.9600000e+03   1.9601037e+01
   1.9700000e+03   2.1016687e+01
   1.9800000e+03   2.0758800e+01
   1.9900000e+03   2.1165067e+01
   2.0000000e+03   1.9685014e+01
   2.0100000e+03   2.1213121e+01
   2.0200000e+03   2.0858398e+01
   2.0300000e+03   2.0265965e+01
   2.0400000e+03   2.1500774e+01
   2.0500000e+03   2.0811804e+01
   2.0600000e+03   2.1332442e+01
   2.0700000e+03   2.1432573e+01
   2.0800000e+03   2.1595938e+01
   2.0900000e+03   2.1446959e+01
   2.1000000e+03   2.0730147e+01
   2.1100000e+03   2.1459771e+01
   2.1200000e+03   2.0397386e+01
   2.1300000e+03   2.0804857e+01
   2.1400000e+03   2.1363569e+01
   2.1500000e+03   2.1270367e+01
   2.1600000e+03   2.0613415e+01
   2.1700000e+03   2.1169488e+01
   2.1800000e+03   1.9662936e+01
   2.1900000e+03   2.0980077e+01
   2.2000000e+03   2.1293404e+01
   2.2100000e+03   2.1209296e+01
   2.2200000e+03   2.1220439e+01
   2.2300000e+03   2.0759208e+01
   2.2400000e+03   2.1226146e+01
   2.2500000e+03   2.1171090e+01
   2.2600000e+03   2.1163565e+01
   2.2700000e+03   2.1084454e+01
   2.2800000e+03   2.1271078e+01
   2.2900000e+03   2.0693382e+01
   2.3000000e+03   2.0533079e+01
   2.3100000e+03   2.1144529e+01
   2.3200000e+03   2.0861609e+01
   2.3300000e+03   2.1081408e+01
   2.3400000e+03   2.0651799e+01
   2.3500000e+03   2.0608063e+01
   2.3600000e+03   2.0730716e+01
   2.3700000e+03   2.0988239e+01
   2.3800000e+03   2.0967340e+01
   2.3900000e+03   2.0996679e+01
   2.4000000e+03   2.0520658e+01
   2.4100000e+03   2.1441917e+01
   2.4200000e+03   2.1140216e+01
   2.4300000e+03   2.0889731e+01
   2.4400000e+03   1.9879248e+01
   2.4500000e+03   2.0808591e+01
   2.4600000e+03   2.0390415e+01
   2.4700000e+03   2.1246673e+01
   2.4800000e+03   2.1219318e+01
   2.4900000e+03   2.0844847e+01
   2.5000000e+03   2.1077056e+01
   2.5100000e+03   2.1385875e+01
   2.5200000e+03   2.0881869e+01
   2.5300000e+03   2.0057051e+01
   2.5400000e+03   2.1254504e+01
   2.5500000e+03   2.0742140e+01
   2.5600000e+03   2.0859051e+01
   2.5700000e+03   2.0855083e+01
   2.5800000e+03   2.1019767e+01
   2.5900000e+03   2.1138211e+01
   2.6000000e+03   2.1447688e+01
   2.6100000e+03   2.1262515e+01
   2.6200000e+03   2.0163629e+01
   2.6300000e+03   2.1049120e+01
   2.6400000e+03   2.0941337e+01
   2.6500000e+03   2.1484414e+01
   2.6600000e+03   2.0937461e+01
   2.6700000e+03   2.1369035e+01
   2.6800000e+03   2.1471246e+01
   2.6900000e+03   2.0841594e+01
   2.7000000e+03   2.0703904e+01
   2.7100000e+03   2.0364089e+01
   2.7200000e+03   2.0888023e+01
   2.7300000e+03   2.1079130e+01
   2.7400000e+03   2.0704528e+01
   2.7500000e+03   2.1261623e+01
   2.7600000e+03   2.0767566e+01
   2.7700000e+03   2.0736568e+01
   2.7800000e+03   2.1074510e+01
   2.7900000e+03   2.0983681e+01
   2.8000000e+03   2.0818139e+01
   2.8100000e+03   2.0794803e+01
   2.8200000e+03   2.0914838e+01
   2.8300000e+03   2.1123333e+01
   2.8400000e+03   2.1315287e+01
   2.8500000e+03   2.1273745e+01
   2.8600000e+03   2.1156123e+01
   2.8700000e+03   2.0858052e+01
   2.8800000e+03   2.1163525e+01
   2.8900000e+03   2.1012089e+01
   2.9000000e+03   2.1005542e+01
   2.9100000e+03   2.1494416e+01
   2.9200000e+03   2.1244188e+01
   2.9300000e+03   2.0524493e+01
   2.9400000e+03   2.1394569e+01
   2.9500000e+03   2.1133884e+01
   2.9600000e+03   2.1304069e+01
   2.9700000e+03   2.1191919e+01
   2.9800000e+03   2.0860177e+01
   2.9900000e+03   2.1318333e+01
   3.0000000e+03   2.0408049e+01
   3.0100000e+03   2.0706249e+01
   3.0200000e+03   2.0931733e+01
   3.0300000e+03   2.1083538e+01
   3.0400000e+03   2.1155568e+01
   3.0500000e+03   2.1253038e+01
   3.0600000e+03   2.0942591e+01
   3.0700000e+03   2.1060177e+01
   3.0800000e+03   2.1421886e+01
   3.0900000e+03   2.1289065e+01
   3.1000000e+03   2.1105613e+01
   3.1100000e+03   2.1228347e+01
   3.1200000e+03   2.1297612e+01
   3.1300000e+03   2.1382792e+01
   3.1400000e+03   2.1363402e+01
   3.1500000e+03   2.1275432e+01
   3.1600000e+03   2.1363134e+01
   3.1700000e+03   2.1171930e+01
   3.1800000e+03   2.1304873e+01
   3.1900000e+03   2.1271232e+01
   3.2000000e+03   2.1302990e+01
   3.2100000e+03   2.1049050e+01
   3.2200000e+03   2.1128133e+01
   3.2300000e+03   2.0471055e+01
   3.2400000e+03   2.0331819e+01
   3.2500000e+03   2.1096063e+01
   3.2600000e+03   2.0339326e+01
   3.2700000e+03   2.0480105e+01
   3.2800000e+03   2.1241555e+01
   3.2900000e+03   2.1016590e+01
   3.3000000e+03   2.0283593e+01
   3.3100000e+03   2.1152145e+01
   3.3200000e+03   2.1383434e+01
   3.3300000e+03   2.1064737e+01
   3.3400000e+03   2.1368800e+01
   3.3500000e+03   2.0321804e+01
   3.3600000e+03   2.0847671e+01
   3.3700000e+03   1.9793769e+01
   3.3800000e+03   2.0166062e+01
   3.3900000e+03   2.0733952e+01
   3.4000000e+03   2.0754196e+01
   3.4100000e+03   2.0615529e+01
   3.4200000e+03   2.0752623e+01
   3.4300000e+03   2.0598184e+01
   3.4400000e+03   1.9635789e+01
   3.4500000e+03   2.0908785e+01
   3.4600000e+03   2.0326251e+01
   3.4700000e+03   2.0195133e+01
   3.4800000e+03   2.1207469e+01
   3.4900000e+03   1.9911920e+01
