   0.0000000e+00   2.0696781e-03
   1.0000000e+01   2.4493323e-03
   2.0000000e+01   4.2445147e-03
   3.0000000e+01   7.3241194e-03
   4.0000000e+01  -5.8174595e-03
   5.0000000e+01  -1.6658820e-02
   6.0000000e+01  -1.7403437e-01
   7.0000000e+01  -1.1874118e+00
   8.0000000e+01  -2.8214635e+00
   9.0000000e+01  -6.3956275e+00
   1.0000000e+02  -1.3566357e+01
   1.1000000e+02  -1.7335167e+01
   1.2000000e+02  -2.0659916e+01
   1.3000000e+02  -2.2725437e+01
   1.4000000e+02  -2.3487073e+01
   1.5000000e+02  -2.3890838e+01
   1.6000000e+02  -2.5478038e+01
   1.7000000e+02  -2.5741803e+01
   1.8000000e+02  -2.6192330e+01
   1.9000000e+02  -2.7290779e+01
   2.0000000e+02  -2.7942861e+01
   2.1000000e+02  -2.8000570e+01
   2.2000000e+02  -2.7886760e+01
   2.3000000e+02  -2.7884012e+01
   2.4000000e+02  -2.7858780e+01
   2.5000000e+02  -2.7977139e+01
   2.6000000e+02  -2.7993599e+01
   2.7000000e+02  -2.8174361e+01
   2.8000000e+02  -2.8420366e+01
   2.9000000e+02  -2.8449071e+01
   3.0000000e+02  -2.8361848e+01
   3.1000000e+02  -2.8952493e+01
   3.2000000e+02  -2.8512642e+01
   3.3000000e+02  -2.8850422e+01
   3.4000000e+02  -2.9209069e+01
   3.5000000e+02  -2.9234866e+01
   3.6000000e+02  -2.8686992e+01
   3.7000000e+02  -2.8612970e+01
   3.8000000e+02  -2.8573577e+01
   3.9000000e+02  -2.8986206e+01
   4.0000000e+02  -2.9201512e+01
   4.1000000e+02  -2.9113786e+01
   4.2000000e+02  -2.9270507e+01
   4.3000000e+02  -2.9114307e+01
   4.4000000e+02  -2.9105288e+01
   4.5000000e+02  -2.8902331e+01
   4.6000000e+02  -2.8839644e+01
   4.7000000e+02  -2.8915913e+01
   4.8000000e+02  -2.9020764e+01
   4.9000000e+02  -2.8732631e+01
   5.0000000e+02  -2.8668465e+01
   5.1000000e+02  -2.8585817e+01
   5.2000000e+02  -2.8722124e+01
   5.3000000e+02  -2.8773531e+01
   5.4000000e+02  -2.8524428e+01
   5.5000000e+02  -2.8891939e+01
   5.6000000e+02  -2.8464384e+01
   5.7000000e+02  -2.8377726e+01
   5.8000000e+02  -2.8735305e+01
   5.9000000e+02  -2.8462791e+01
   6.0000000e+02  -2.8713292e+01
   6.1000000e+02  -2.8481478e+01
   6.2000000e+02  -2.8591480e+01
   6.3000000e+02  -2.8696898e+01
   6.4000000e+02  -2.8985825e+01
   6.5000000e+02  -2.8911687e+01
   6.6000000e+02  -2.9134773e+01
   6.7000000e+02  -2.9075241e+01
   6.8000000e+02  -2.9018456e+01
   6.9000000e+02  -2.9126795e+01
   7.0000000e+02  -2.9148815e+01
   7.1000000e+02  -2.9231867e+01
   7.2000000e+02  -2.9473632e+01
   7.3000000e+02  -2.9669518e+01
   7.4000000e+02  -2.9578934e+01
   7.5000000e+02  -2.9978268e+01
   7.6000000e+02  -2.9681855e+01
   7.7000000e+02  -2.9897435e+01
   7.8000000e+02  -3.0151925e+01
   7.9000000e+02  -3.0042655e+01
   8.0000000e+02  -3.0319564e+01
   8.1000000e+02  -3.0341501e+01
   8.2000000e+02  -3.0695343e+01
   8.3000000e+02  -3.0047840e+01
   8.4000000e+02  -3.0656529e+01
   8.5000000e+02  -2.9791119e+01
   8.6000000e+02  -3.0246825e+01
   8.7000000e+02  -3.0408061e+01
   8.8000000e+02  -3.0298920e+01
   8.9000000e+02  -2.9763859e+01
   9.0000000e+02  -2.9589700e+01
   9.1000000e+02  -3.0310672e+01
   9.2000000e+02  -3.0073365e+01
   9.3000000e+02  -3.0338535e+01
   9.4000000e+02  -2.9721308e+01
   9.5000000e+02  -2.9759536e+01
   9.6000000e+02  -2.9598946e+01
   9.7000000e+02  -3.0382572e+01
   9.8000000e+02  -3.0233317e+01
   9.9000000e+02  -3.0052757e+01
   1.0000000e+03  -2.9989299e+01
   1.0100000e+03  -3.0535810e+01
   1.0200000e+03  -3.0080053e+01
   1.0300000e+03  -3.0137048e+01
   1.0400000e+03  -2.9955380e+01
   1.0500000e+03  -2.9937913e+01
   1.0600000e+03  -3.0180007e+01
   1.0700000e+03  -2.9938360e+01
   1.0800000e+03  -3.0175641e+01
   1.0900000e+03  -2.9978658e+01
   1.1000000e+03  -2.9779552e+01
   1.1100000e+03  -2.9641453e+01
   1.1200000e+03  -2.9194014e+01
   1.1300000e+03  -2.9184175e+01
   1.1400000e+03  -2.9328421e+01
   1.1500000e+03  -2.9229155e+01
   1.1600000e+03  -2.9355700e+01
   1.1700000e+03  -2.9236108e+01
   1.1800000e+03  -2.9442059e+01
   1.1900000e+03  -2.9065165e+01
   1.2000000e+03  -2.9146597e+01
   1.2100000e+03  -2.9228460e+01
   1.2200000e+03  -2.9293039e+01
   1.2300000e+03  -2.9362620e+01
   1.2400000e+03  -2.9636050e+01
   1.2500000e+03  -2.9780919e+01
   1.2600000e+03  -2.9782788e+01
   1.2700000e+03  -2.9869210e+01
   1.2800000e+03  -2.9861861e+01
   1.2900000e+03  -2.9623339e+01
   1.3000000e+03  -2.9974609e+01
   1.3100000e+03  -2.9689768e+01
   1.3200000e+03  -2.9768078e+01
   1.3300000e+03  -3.0173597e+01
   1.3400000e+03  -2.9974421e+01
   1.3500000e+03  -3.0113005e+01
   1.3600000e+03  -3.0246116e+01
   1.3700000e+03  -2.9975208e+01
   1.3800000e+03  -3.0358727e+01
   1.3900000e+03  -3.0275623e+01
   1.4000000e+03  -3.0002676e+01
   1.4100000e+03  -3.0197227e+01
   1.4200000e+03  -2.9966934e+01
   1.4300000e+03  -3.0022557e+01
   1.4400000e+03  -3.0229017e+01
   1.4500000e+03  -2.9985412e+01
   1.4600000e+03  -3.0192921e+01
   1.4700000e+03  -3.0242191e+01
   1.4800000e+03  -3.0515103e+01
   1.4900000e+03  -3.0322128e+01
   1.5000000e+03  -3.0334533e+01
   1.5100000e+03  -3.0619669e+01
   1.5200000e+03  -3.0706532e+01
   1.5300000e+03  -3.0401129e+01
   1.5400000e+03  -3.0073103e+01
   1.5500000e+03  -3.0107940e+01
   1.5600000e+03  -3.0170559e+01
   1.5700000e+03  -3.0045593e+01
   1.5800000e+03  -3.0250339e+01
   1.5900000e+03  -3.0473741e+01
   1.6000000e+03  -3.0471826e+01
   1.6100000e+03  -3.0380546e+01
   1.6200000e+03  -3.0251275e+01
   1.6300000e+03  -3.0299291e+01
   1.6400000e+03  -3.0286873e+01
   1.6500000e+03  -3.0262731e+01
   1.6600000e+03  -3.0173660e+01
   1.6700000e+03  -3.0717466e+01
   1.6800000e+03  -3.0557243e+01
   1.6900000e+03  -3.0304461e+01
   1.7000000e+03  -3.0395559e+01
   1.7100000e+03  -3.0286896e+01
   1.7200000e+03  -3.0362502e+01
   1.7300000e+03  -3.0598465e+01
   1.7400000e+03  -3.0417355e+01
   1.7500000e+03  -3.0801090e+01
   1.7600000e+03  -3.0361296e+01
   1.7700000e+03  -3.0874404e+01
   1.7800000e+03  -3.0831794e+01
   1.7900000e+03  -3.0499625e+01
   1.8000000e+03  -3.0331762e+01
   1.8100000e+03  -2.9993910e+01
   1.8200000e+03  -3.0290469e+01
   1.8300000e+03  -3.0389595e+01
   1.8400000e+03  -3.0364048e+01
   1.8500000e+03  -3.0138663e+01
   1.8600000e+03  -3.0416137e+01
   1.8700000e+03  -3.0599533e+01
   1.8800000e+03  -3.0454641e+01
   1.8900000e+03  -3.0559238e+01
   1.9000000e+03  -3.0439145e+01
   1.9100000e+03  -3.1011476e+01
   1.9200000e+03  -3.0944780e+01
   1.9300000e+03  -3.0969902e+01
   1.9400000e+03  -3.0904341e+01
   1.9500000e+03  -3.0940290e+01
   1.9600000e+03  -3.0857385e+01
   1.9700000e+03  -3.0713765e+01
   1.9800000e+03  -3.0949753e+01
   1.9900000e+03  -3.0863165e+01
   2.0000000e+03  -3.1005294e+01
   2.0100000e+03  -3.0966736e+01
   2.0200000e+03  -3.1130020e+01
   2.0300000e+03  -3.1327317e+01
   2.0400000e+03  -3.1334111e+01
   2.0500000e+03  -3.1090564e+01
   2.0600000e+03  -3.1180671e+01
   2.0700000e+03  -3.0952607e+01
   2.0800000e+03  -3.0928042e+01
   2.0900000e+03  -3.0249595e+01
   2.1000000e+03  -2.9982403e+01
   2.1100000e+03  -3.0096016e+01
   2.1200000e+03  -3.0133980e+01
   2.1300000e+03  -3.0450219e+01
   2.1400000e+03  -3.0017986e+01
   2.1500000e+03  -2.9770747e+01
   2.1600000e+03  -3.0131697e+01
   2.1700000e+03  -2.9398358e+01
   2.1800000e+03  -2.9482267e+01
   2.1900000e+03  -2.9995107e+01
   2.2000000e+03  -2.9890878e+01
   2.2100000e+03  -2.9649264e+01
   2.2200000e+03  -2.9941354e+01
   2.2300000e+03  -3.0477818e+01
   2.2400000e+03  -3.0467105e+01
   2.2500000e+03  -3.0525590e+01
   2.2600000e+03  -2.9793301e+01
   2.2700000e+03  -3.0106830e+01
   2.2800000e+03  -2.9277464e+01
   2.2900000e+03  -3.0429035e+01
   2.3000000e+03  -3.0465190e+01
   2.3100000e+03  -2.9632799e+01
   2.3200000e+03  -3.0378211e+01
   2.3300000e+03  -3.0500947e+01
   2.3400000e+03  -3.0693042e+01
   2.3500000e+03  -3.0196309e+01
   2.3600000e+03  -3.0487656e+01
   2.3700000e+03  -3.0179115e+01
   2.3800000e+03  -3.0568879e+01
   2.3900000e+03  -2.9847442e+01
   2.4000000e+03  -2.9952622e+01
   2.4100000e+03  -2.9710893e+01
   2.4200000e+03  -2.9865097e+01
   2.4300000e+03  -2.9905564e+01
   2.4400000e+03  -3.0504028e+01
   2.4500000e+03  -3.0189343e+01
   2.4600000e+03  -3.0241577e+01
   2.4700000e+03  -2.9947184e+01
   2.4800000e+03  -2.9941370e+01
   2.4900000e+03  -3.0073825e+01
   2.5000000e+03  -2.9890883e+01
   2.5100000e+03  -2.9568654e+01
   2.5200000e+03  -2.9725752e+01
   2.5300000e+03  -2.9731541e+01
   2.5400000e+03  -3.0007262e+01
   2.5500000e+03  -3.0000921e+01
   2.5600000e+03  -3.0422053e+01
   2.5700000e+03  -3.0643679e+01
   2.5800000e+03  -3.0279921e+01
   2.5900000e+03  -3.0140136e+01
   2.6000000e+03  -2.9925713e+01
   2.6100000e+03  -2.9964984e+01
   2.6200000e+03  -3.0056981e+01
   2.6300000e+03  -3.0317330e+01
   2.6400000e+03  -3.0414339e+01
   2.6500000e+03  -3.0655442e+01
   2.6600000e+03  -3.0734941e+01
   2.6700000e+03  -3.0954574e+01
   2.6800000e+03  -3.0926084e+01
   2.6900000e+03  -3.0528804e+01
   2.7000000e+03  -3.0496192e+01
   2.7100000e+03  -3.0548269e+01
   2.7200000e+03  -3.0421865e+01
   2.7300000e+03  -3.0343263e+01
   2.7400000e+03  -3.0082508e+01
   2.7500000e+03  -3.0114656e+01
   2.7600000e+03  -2.9980404e+01
   2.7700000e+03  -3.0046846e+01
   2.7800000e+03  -3.0152652e+01
   2.7900000e+03  -3.0410729e+01
   2.8000000e+03  -3.0276147e+01
   2.8100000e+03  -2.9953155e+01
   2.8200000e+03  -3.0366919e+01
   2.8300000e+03  -3.0393697e+01
   2.8400000e+03  -3.0384077e+01
   2.8500000e+03  -3.0244477e+01
   2.8600000e+03  -3.0428785e+01
   2.8700000e+03  -3.0924710e+01
   2.8800000e+03  -3.0655237e+01
   2.8900000e+03  -3.0944703e+01
   2.9000000e+03  -3.1110231e+01
   2.9100000e+03  -3.0844515e+01
   2.9200000e+03  -3.1068516e+01
   2.9300000e+03  -3.0795905e+01
   2.9400000e+03  -3.0578486e+01
   2.9500000e+03  -3.0577573e+01
   2.9600000e+03  -3.0541782e+01
   2.9700000e+03  -3.0397430e+01
   2.9800000e+03  -3.0148478e+01
   2.9900000e+03  -3.0039823e+01
   3.0000000e+03  -3.0340927e+01
   3.0100000e+03  -3.0711596e+01
   3.0200000e+03  -3.1049440e+01
   3.0300000e+03  -3.0882101e+01
   3.0400000e+03  -3.1240632e+01
   3.0500000e+03  -3.1176197e+01
   3.0600000e+03  -3.1221251e+01
   3.0700000e+03  -3.1170847e+01
   3.0800000e+03  -3.1059709e+01
   3.0900000e+03  -3.1088950e+01
   3.1000000e+03  -3.1009845e+01
   3.1100000e+03  -3.1249432e+01
   3.1200000e+03  -3.1552363e+01
   3.1300000e+03  -3.1062546e+01
   3.1400000e+03  -3.0819870e+01
   3.1500000e+03  -3.0784198e+01
   3.1600000e+03  -3.0555267e+01
   3.1700000e+03  -3.0753202e+01
   3.1800000e+03  -3.0753897e+01
   3.1900000e+03  -3.1026392e+01
   3.2000000e+03  -3.1281526e+01
   3.2100000e+03  -3.0862811e+01
   3.2200000e+03  -3.0688804e+01
   3.2300000e+03  -3.1125183e+01
   3.2400000e+03  -3.1069893e+01
   3.2500000e+03  -3.0804401e+01
   3.2600000e+03  -3.0781935e+01
   3.2700000e+03  -3.0914166e+01
   3.2800000e+03  -3.0822356e+01
   3.2900000e+03  -3.1028403e+01
   3.3000000e+03  -3.1354123e+01
   3.3100000e+03  -3.0496410e+01
   3.3200000e+03  -3.0321639e+01
   3.3300000e+03  -3.0411096e+01
   3.3400000e+03  -3.0550233e+01
   3.3500000e+03  -3.0728638e+01
   3.3600000e+03  -3.0782346e+01
   3.3700000e+03  -3.0739434e+01
   3.3800000e+03  -3.0510449e+01
   3.3900000e+03  -3.0910596e+01
   3.4000000e+03  -3.0980545e+01
   3.4100000e+03  -3.0686959e+01
   3.4200000e+03  -3.0579765e+01
   3.4300000e+03  -3.0521132e+01
   3.4400000e+03  -3.0993872e+01
   3.4500000e+03  -3.0414454e+01
   3.4600000e+03  -3.0181843e+01
   3.4700000e+03  -3.0532792e+01
   3.4800000e+03  -3.0506542e+01
   3.4900000e+03  -3.0956124e+01
