   0.0000000e+00   1.8193469e+01
   1.0000000e+01   1.8188512e+01
   2.0000000e+01   1.8180561e+01
   3.0000000e+01   1.8169255e+01
   4.0000000e+01   1.8164238e+01
   5.0000000e+01   1.8162682e+01
   6.0000000e+01   1.8134843e+01
   7.0000000e+01   1.7981065e+01
   8.0000000e+01   1.7609599e+01
   9.0000000e+01   1.6581557e+01
   1.0000000e+02   1.2288968e+01
   1.1000000e+02   8.6641957e+00
   1.2000000e+02   5.2818780e+00
   1.3000000e+02   3.0556570e+00
   1.4000000e+02   1.6457344e+00
   1.5000000e+02   7.8314346e-01
   1.6000000e+02   6.6876774e-02
   1.7000000e+02  -2.9551035e-01
   1.8000000e+02  -7.9959624e-01
   1.9000000e+02  -1.3450387e+00
   2.0000000e+02  -2.0079885e+00
   2.1000000e+02  -2.1643492e+00
   2.2000000e+02  -2.1161578e+00
   2.3000000e+02  -2.2400112e+00
   2.4000000e+02  -2.3994234e+00
   2.5000000e+02  -2.6258567e+00
   2.6000000e+02  -3.0276353e+00
   2.7000000e+02  -2.9921076e+00
   2.8000000e+02  -2.9507624e+00
   2.9000000e+02  -2.7275781e+00
   3.0000000e+02  -3.1719202e+00
   3.1000000e+02  -3.2280057e+00
   3.2000000e+02  -3.3115636e+00
   3.3000000e+02  -3.3891525e+00
   3.4000000e+02  -3.3878740e+00
   3.5000000e+02  -3.4298659e+00
   3.6000000e+02  -3.5412694e+00
   3.7000000e+02  -3.5497923e+00
   3.8000000e+02  -3.2622131e+00
   3.9000000e+02  -3.3185227e+00
   4.0000000e+02  -3.4157275e+00
   4.1000000e+02  -3.5567622e+00
   4.2000000e+02  -3.3898725e+00
   4.3000000e+02  -3.6044389e+00
   4.4000000e+02  -3.6614434e+00
   4.5000000e+02  -3.8169471e+00
   4.6000000e+02  -3.2082499e+00
   4.7000000e+02  -3.6840517e+00
   4.8000000e+02  -3.8818353e+00
   4.9000000e+02  -3.3865301e+00
   5.0000000e+02  -3.1487700e+00
   5.1000000e+02  -3.2430180e+00
   5.2000000e+02  -3.2935117e+00
   5.3000000e+02  -3.3195387e+00
   5.4000000e+02  -3.6686562e+00
   5.5000000e+02  -3.4113518e+00
   5.6000000e+02  -3.3473596e+00
   5.7000000e+02  -3.4303307e+00
   5.8000000e+02  -3.5156842e+00
   5.9000000e+02  -3.6633093e+00
   6.0000000e+02  -3.5266802e+00
   6.1000000e+02  -3.4402565e+00
   6.2000000e+02  -3.4079989e+00
   6.3000000e+02  -3.6496354e+00
   6.4000000e+02  -3.5467687e+00
   6.5000000e+02  -3.8451476e+00
   6.6000000e+02  -4.0360582e+00
   6.7000000e+02  -3.9917963e+00
   6.8000000e+02  -3.9469225e+00
   6.9000000e+02  -4.0761160e+00
   7.0000000e+02  -4.1080478e+00
   7.1000000e+02  -4.2294054e+00
   7.2000000e+02  -4.4034341e+00
   7.3000000e+02  -4.5034241e+00
   7.4000000e+02  -4.4337413e+00
   7.5000000e+02  -4.4277918e+00
   7.6000000e+02  -4.6657424e+00
   7.7000000e+02  -4.5670428e+00
   7.8000000e+02  -5.0495007e+00
   7.9000000e+02  -4.8524647e+00
   8.0000000e+02  -4.9729205e+00
   8.1000000e+02  -5.1256070e+00
   8.2000000e+02  -5.1720723e+00
   8.3000000e+02  -5.0316200e+00
   8.4000000e+02  -5.0647968e+00
   8.5000000e+02  -4.9702077e+00
   8.6000000e+02  -4.9339392e+00
   8.7000000e+02  -4.8576932e+00
   8.8000000e+02  -4.9019052e+00
   8.9000000e+02  -5.1256747e+00
   9.0000000e+02  -4.9195976e+00
   9.1000000e+02  -4.7243027e+00
   9.2000000e+02  -4.8478360e+00
   9.3000000e+02  -4.8832296e+00
   9.4000000e+02  -4.7904842e+00
   9.5000000e+02  -4.4775340e+00
   9.6000000e+02  -5.0362065e+00
   9.7000000e+02  -5.1837582e+00
   9.8000000e+02  -4.9893191e+00
   9.9000000e+02  -5.1042537e+00
   1.0000000e+03  -4.8542296e+00
   1.0100000e+03  -4.8306326e+00
   1.0200000e+03  -5.1628479e+00
   1.0300000e+03  -5.0245858e+00
   1.0400000e+03  -4.8176551e+00
   1.0500000e+03  -4.7029745e+00
   1.0600000e+03  -4.6697814e+00
   1.0700000e+03  -5.0921038e+00
   1.0800000e+03  -4.9528340e+00
   1.0900000e+03  -5.2144516e+00
   1.1000000e+03  -5.0876675e+00
   1.1100000e+03  -4.7299315e+00
   1.1200000e+03  -4.8319391e+00
   1.1300000e+03  -4.5209247e+00
   1.1400000e+03  -4.5032788e+00
   1.1500000e+03  -4.6489767e+00
   1.1600000e+03  -4.5532562e+00
   1.1700000e+03  -4.6363626e+00
   1.1800000e+03  -4.6019477e+00
   1.1900000e+03  -4.7267002e+00
   1.2000000e+03  -4.5828645e+00
   1.2100000e+03  -4.5347324e+00
   1.2200000e+03  -4.5586035e+00
   1.2300000e+03  -4.6023755e+00
   1.2400000e+03  -4.4604197e+00
   1.2500000e+03  -5.1470514e+00
   1.2600000e+03  -4.9503278e+00
   1.2700000e+03  -5.2426242e+00
   1.2800000e+03  -4.9204837e+00
   1.2900000e+03  -4.8648684e+00
   1.3000000e+03  -5.0363478e+00
   1.3100000e+03  -4.7172769e+00
   1.3200000e+03  -5.1079619e+00
   1.3300000e+03  -4.8476408e+00
   1.3400000e+03  -5.2733107e+00
   1.3500000e+03  -5.0446015e+00
   1.3600000e+03  -4.8671501e+00
   1.3700000e+03  -4.7946831e+00
   1.3800000e+03  -5.0172802e+00
   1.3900000e+03  -5.2437222e+00
   1.4000000e+03  -5.1375580e+00
   1.4100000e+03  -5.1981756e+00
   1.4200000e+03  -4.9327070e+00
   1.4300000e+03  -5.1027284e+00
   1.4400000e+03  -5.1848495e+00
   1.4500000e+03  -4.8803444e+00
   1.4600000e+03  -4.9770249e+00
   1.4700000e+03  -5.1141311e+00
   1.4800000e+03  -5.3353158e+00
   1.4900000e+03  -5.2311249e+00
   1.5000000e+03  -5.2329068e+00
   1.5100000e+03  -5.4326226e+00
   1.5200000e+03  -5.3496575e+00
   1.5300000e+03  -5.3533997e+00
   1.5400000e+03  -5.1923778e+00
   1.5500000e+03  -4.8817258e+00
   1.5600000e+03  -5.2807955e+00
   1.5700000e+03  -5.3398307e+00
   1.5800000e+03  -5.0772259e+00
   1.5900000e+03  -5.3013736e+00
   1.6000000e+03  -5.6205666e+00
   1.6100000e+03  -5.2735871e+00
   1.6200000e+03  -5.1661530e+00
   1.6300000e+03  -5.1650412e+00
   1.6400000e+03  -5.0426630e+00
   1.6500000e+03  -5.2143378e+00
   1.6600000e+03  -5.0543148e+00
   1.6700000e+03  -5.4868290e+00
   1.6800000e+03  -5.1473377e+00
   1.6900000e+03  -5.0312507e+00
   1.7000000e+03  -5.1980077e+00
   1.7100000e+03  -5.3857269e+00
   1.7200000e+03  -5.3404736e+00
   1.7300000e+03  -5.5937823e+00
   1.7400000e+03  -5.4548656e+00
   1.7500000e+03  -5.6427378e+00
   1.7600000e+03  -5.5980102e+00
   1.7700000e+03  -5.4587373e+00
   1.7800000e+03  -5.6537761e+00
   1.7900000e+03  -5.3671479e+00
   1.8000000e+03  -5.1897288e+00
   1.8100000e+03  -5.0487514e+00
   1.8200000e+03  -5.4021078e+00
   1.8300000e+03  -4.8737052e+00
   1.8400000e+03  -5.1990093e+00
   1.8500000e+03  -5.2485741e+00
   1.8600000e+03  -5.2930306e+00
   1.8700000e+03  -5.3327800e+00
   1.8800000e+03  -5.4762264e+00
   1.8900000e+03  -5.4374429e+00
   1.9000000e+03  -5.4371181e+00
   1.9100000e+03  -5.3134407e+00
   1.9200000e+03  -5.6682067e+00
   1.9300000e+03  -5.8678342e+00
   1.9400000e+03  -5.9407590e+00
   1.9500000e+03  -5.6323419e+00
   1.9600000e+03  -5.4866841e+00
   1.9700000e+03  -5.6336310e+00
   1.9800000e+03  -5.5628802e+00
   1.9900000e+03  -5.9334269e+00
   2.0000000e+03  -5.9261447e+00
   2.0100000e+03  -5.8778089e+00
   2.0200000e+03  -5.8146968e+00
   2.0300000e+03  -5.9113806e+00
   2.0400000e+03  -5.8897399e+00
   2.0500000e+03  -5.8695814e+00
   2.0600000e+03  -5.9831237e+00
   2.0700000e+03  -5.7869134e+00
   2.0800000e+03  -5.3320009e+00
   2.0900000e+03  -5.5814224e+00
   2.1000000e+03  -5.2412280e+00
   2.1100000e+03  -5.2190553e+00
   2.1200000e+03  -5.1785280e+00
   2.1300000e+03  -5.1665735e+00
   2.1400000e+03  -5.4572430e+00
   2.1500000e+03  -5.1403300e+00
   2.1600000e+03  -5.0216806e+00
   2.1700000e+03  -5.1542542e+00
   2.1800000e+03  -5.0041304e+00
   2.1900000e+03  -4.9308067e+00
   2.2000000e+03  -4.9926503e+00
   2.2100000e+03  -4.7561810e+00
   2.2200000e+03  -4.6253457e+00
   2.2300000e+03  -5.1931053e+00
   2.2400000e+03  -5.1720633e+00
   2.2500000e+03  -5.2690550e+00
   2.2600000e+03  -4.9397891e+00
   2.2700000e+03  -5.0549136e+00
   2.2800000e+03  -4.8245611e+00
   2.2900000e+03  -5.2834009e+00
   2.3000000e+03  -5.3628876e+00
   2.3100000e+03  -4.9269891e+00
   2.3200000e+03  -5.0407915e+00
   2.3300000e+03  -5.6241019e+00
   2.3400000e+03  -4.8193133e+00
   2.3500000e+03  -5.0464750e+00
   2.3600000e+03  -5.4343386e+00
   2.3700000e+03  -5.1453214e+00
   2.3800000e+03  -5.5088516e+00
   2.3900000e+03  -5.3191358e+00
   2.4000000e+03  -5.3907320e+00
   2.4100000e+03  -5.2098693e+00
   2.4200000e+03  -4.9372305e+00
   2.4300000e+03  -5.0806376e+00
   2.4400000e+03  -5.3258073e+00
   2.4500000e+03  -5.0697996e+00
   2.4600000e+03  -5.1786986e+00
   2.4700000e+03  -5.0592007e+00
   2.4800000e+03  -5.1504952e+00
   2.4900000e+03  -5.2908710e+00
   2.5000000e+03  -5.0216656e+00
   2.5100000e+03  -5.0264854e+00
   2.5200000e+03  -5.1317844e+00
   2.5300000e+03  -4.9570088e+00
   2.5400000e+03  -5.2660274e+00
   2.5500000e+03  -5.2157501e+00
   2.5600000e+03  -5.3150521e+00
   2.5700000e+03  -5.6124956e+00
   2.5800000e+03  -5.1575703e+00
   2.5900000e+03  -5.2117274e+00
   2.6000000e+03  -5.3174959e+00
   2.6100000e+03  -5.0591834e+00
   2.6200000e+03  -4.8639915e+00
   2.6300000e+03  -5.2756340e+00
   2.6400000e+03  -5.3240899e+00
   2.6500000e+03  -5.0192548e+00
   2.6600000e+03  -5.3070295e+00
   2.6700000e+03  -5.5409768e+00
   2.6800000e+03  -5.7087993e+00
   2.6900000e+03  -5.4726010e+00
   2.7000000e+03  -5.5563129e+00
   2.7100000e+03  -5.4425565e+00
   2.7200000e+03  -5.2896449e+00
   2.7300000e+03  -5.3919091e+00
   2.7400000e+03  -5.4158146e+00
   2.7500000e+03  -5.3202662e+00
   2.7600000e+03  -5.0668032e+00
   2.7700000e+03  -5.1802379e+00
   2.7800000e+03  -5.4344383e+00
   2.7900000e+03  -5.3697824e+00
   2.8000000e+03  -5.1517027e+00
   2.8100000e+03  -5.1083827e+00
   2.8200000e+03  -5.2306297e+00
   2.8300000e+03  -5.0934146e+00
   2.8400000e+03  -5.2328215e+00
   2.8500000e+03  -4.9998601e+00
   2.8600000e+03  -5.5844661e+00
   2.8700000e+03  -5.1773998e+00
   2.8800000e+03  -5.2052826e+00
   2.8900000e+03  -5.5707499e+00
   2.9000000e+03  -5.5532226e+00
   2.9100000e+03  -5.7330177e+00
   2.9200000e+03  -5.5208573e+00
   2.9300000e+03  -5.5623818e+00
   2.9400000e+03  -5.3871949e+00
   2.9500000e+03  -5.5433859e+00
   2.9600000e+03  -5.5730216e+00
   2.9700000e+03  -5.3426084e+00
   2.9800000e+03  -5.0551339e+00
   2.9900000e+03  -5.3772015e+00
   3.0000000e+03  -5.3332026e+00
   3.0100000e+03  -5.3080178e+00
   3.0200000e+03  -5.5534480e+00
   3.0300000e+03  -5.6489320e+00
   3.0400000e+03  -5.6262194e+00
   3.0500000e+03  -5.8302847e+00
   3.0600000e+03  -5.7385335e+00
   3.0700000e+03  -5.9441140e+00
   3.0800000e+03  -5.8750761e+00
   3.0900000e+03  -6.0972039e+00
   3.1000000e+03  -5.5507850e+00
   3.1100000e+03  -5.7337270e+00
   3.1200000e+03  -5.7124002e+00
   3.1300000e+03  -5.7709287e+00
   3.1400000e+03  -5.4927301e+00
   3.1500000e+03  -5.6891545e+00
   3.1600000e+03  -5.6191999e+00
   3.1700000e+03  -5.6173455e+00
   3.1800000e+03  -5.6244606e+00
   3.1900000e+03  -5.7149834e+00
   3.2000000e+03  -5.6434847e+00
   3.2100000e+03  -5.7694280e+00
   3.2200000e+03  -5.4590021e+00
   3.2300000e+03  -5.7653811e+00
   3.2400000e+03  -5.8034316e+00
   3.2500000e+03  -5.5691046e+00
   3.2600000e+03  -5.3384253e+00
   3.2700000e+03  -5.7441812e+00
   3.2800000e+03  -5.7735256e+00
   3.2900000e+03  -5.8310526e+00
   3.3000000e+03  -5.7603855e+00
   3.3100000e+03  -5.4803537e+00
   3.3200000e+03  -5.6959664e+00
   3.3300000e+03  -5.4067943e+00
   3.3400000e+03  -5.7547217e+00
   3.3500000e+03  -5.5878458e+00
   3.3600000e+03  -5.5244725e+00
   3.3700000e+03  -5.6587485e+00
   3.3800000e+03  -5.4175802e+00
   3.3900000e+03  -5.4156837e+00
   3.4000000e+03  -5.7123365e+00
   3.4100000e+03  -5.3531789e+00
   3.4200000e+03  -5.1348389e+00
   3.4300000e+03  -5.3843419e+00
   3.4400000e+03  -5.7321656e+00
   3.4500000e+03  -5.4365289e+00
   3.4600000e+03  -5.3569025e+00
   3.4700000e+03  -5.3932381e+00
   3.4800000e+03  -5.5743943e+00
   3.4900000e+03  -5.7422777e+00
