   0.0000000e+00   1.8272508e+01
   1.0000000e+01   1.8269566e+01
   2.0000000e+01   1.8269261e+01
   3.0000000e+01   1.8285167e+01
   4.0000000e+01   1.8356707e+01
   5.0000000e+01   1.9002543e+01
   6.0000000e+01   2.3046262e+01
   7.0000000e+01   2.5118205e+01
   8.0000000e+01   2.6404094e+01
   9.0000000e+01   2.6644168e+01
   1.0000000e+02   2.7363940e+01
   1.1000000e+02   2.6918902e+01
   1.2000000e+02   2.7860880e+01
   1.3000000e+02   2.6690207e+01
   1.4000000e+02   2.7459701e+01
   1.5000000e+02   2.7456203e+01
   1.6000000e+02   2.6529218e+01
   1.7000000e+02   2.6514232e+01
   1.8000000e+02   2.7194282e+01
   1.9000000e+02   2.6762186e+01
   2.0000000e+02   2.7079450e+01
   2.1000000e+02   2.6519588e+01
   2.2000000e+02   2.6679580e+01
   2.3000000e+02   2.6922417e+01
   2.4000000e+02   2.6179561e+01
   2.5000000e+02   2.6620442e+01
   2.6000000e+02   2.7239337e+01
   2.7000000e+02   2.6471325e+01
   2.8000000e+02   2.7105644e+01
   2.9000000e+02   2.7353861e+01
   3.0000000e+02   2.9051107e+01
   3.1000000e+02   2.8777550e+01
   3.2000000e+02   2.8483343e+01
   3.3000000e+02   2.9767647e+01
   3.4000000e+02   2.9876997e+01
   3.5000000e+02   3.0689373e+01
   3.6000000e+02   2.9932301e+01
   3.7000000e+02   3.0047846e+01
   3.8000000e+02   3.1248697e+01
   3.9000000e+02   3.1559044e+01
   4.0000000e+02   3.1610564e+01
   4.1000000e+02   3.2000352e+01
   4.2000000e+02   3.1207413e+01
   4.3000000e+02   3.1770605e+01
   4.4000000e+02   3.2577674e+01
   4.5000000e+02   3.1394637e+01
   4.6000000e+02   3.1916114e+01
   4.7000000e+02   3.1661630e+01
   4.8000000e+02   3.2278277e+01
   4.9000000e+02   3.2470559e+01
   5.0000000e+02   3.4508035e+01
   5.1000000e+02   3.3577057e+01
   5.2000000e+02   3.3946422e+01
   5.3000000e+02   3.4330861e+01
   5.4000000e+02   3.5158253e+01
   5.5000000e+02   3.4941327e+01
   5.6000000e+02   3.4202072e+01
   5.7000000e+02   3.3590524e+01
   5.8000000e+02   3.4037671e+01
   5.9000000e+02   3.3971991e+01
   6.0000000e+02   3.3004147e+01
   6.1000000e+02   3.5501697e+01
   6.2000000e+02   3.4041340e+01
   6.3000000e+02   3.4133741e+01
   6.4000000e+02   3.4494973e+01
   6.5000000e+02   3.6181752e+01
   6.6000000e+02   3.5436299e+01
   6.7000000e+02   3.5154940e+01
   6.8000000e+02   3.5369149e+01
   6.9000000e+02   3.5512720e+01
   7.0000000e+02   3.4319972e+01
   7.1000000e+02   3.4514695e+01
   7.2000000e+02   3.4869511e+01
   7.3000000e+02   3.4947812e+01
   7.4000000e+02   3.4412046e+01
   7.5000000e+02   3.4357037e+01
   7.6000000e+02   3.5015483e+01
   7.7000000e+02   3.5877255e+01
   7.8000000e+02   3.6414588e+01
   7.9000000e+02   3.6611307e+01
   8.0000000e+02   3.5415872e+01
   8.1000000e+02   3.5148197e+01
   8.2000000e+02   3.5591695e+01
   8.3000000e+02   3.5088080e+01
   8.4000000e+02   3.5919477e+01
   8.5000000e+02   3.6277581e+01
   8.6000000e+02   3.6341408e+01
   8.7000000e+02   3.7313815e+01
   8.8000000e+02   3.7263917e+01
   8.9000000e+02   3.7126905e+01
   9.0000000e+02   3.4676417e+01
   9.1000000e+02   3.4176161e+01
   9.2000000e+02   3.5222665e+01
   9.3000000e+02   3.6343864e+01
   9.4000000e+02   3.6407290e+01
   9.5000000e+02   3.6109742e+01
   9.6000000e+02   3.4908828e+01
   9.7000000e+02   3.6431545e+01
   9.8000000e+02   3.5274255e+01
   9.9000000e+02   3.6533246e+01
   1.0000000e+03   3.5691924e+01
   1.0100000e+03   3.5418868e+01
   1.0200000e+03   3.5489905e+01
   1.0300000e+03   3.4796350e+01
   1.0400000e+03   3.5709996e+01
   1.0500000e+03   3.3910199e+01
   1.0600000e+03   3.5944633e+01
   1.0700000e+03   3.6248906e+01
   1.0800000e+03   3.4977836e+01
   1.0900000e+03   3.5893709e+01
   1.1000000e+03   3.7717060e+01
   1.1100000e+03   3.6425645e+01
   1.1200000e+03   3.6389901e+01
   1.1300000e+03   3.7464027e+01
   1.1400000e+03   3.8283403e+01
   1.1500000e+03   3.8450413e+01
   1.1600000e+03   3.4844501e+01
   1.1700000e+03   3.6766661e+01
   1.1800000e+03   3.5938559e+01
   1.1900000e+03   3.6615474e+01
   1.2000000e+03   3.7034891e+01
   1.2100000e+03   3.6064580e+01
   1.2200000e+03   3.5592310e+01
   1.2300000e+03   3.6153092e+01
   1.2400000e+03   3.5755483e+01
   1.2500000e+03   3.6079343e+01
   1.2600000e+03   3.7831504e+01
   1.2700000e+03   3.7600392e+01
   1.2800000e+03   3.6944187e+01
   1.2900000e+03   3.6308814e+01
   1.3000000e+03   3.6810218e+01
   1.3100000e+03   3.5813138e+01
   1.3200000e+03   3.4833285e+01
   1.3300000e+03   3.5113067e+01
   1.3400000e+03   3.6672242e+01
   1.3500000e+03   3.6787505e+01
   1.3600000e+03   3.6071269e+01
   1.3700000e+03   3.5896381e+01
   1.3800000e+03   3.7524098e+01
   1.3900000e+03   3.6720699e+01
   1.4000000e+03   3.6428485e+01
   1.4100000e+03   3.5818939e+01
   1.4200000e+03   3.6348932e+01
   1.4300000e+03   3.6590957e+01
   1.4400000e+03   3.5965809e+01
   1.4500000e+03   3.6293767e+01
   1.4600000e+03   3.6501664e+01
   1.4700000e+03   3.6861089e+01
   1.4800000e+03   3.5986796e+01
   1.4900000e+03   3.6180222e+01
   1.5000000e+03   3.7484539e+01
   1.5100000e+03   3.6934495e+01
   1.5200000e+03   3.7728203e+01
   1.5300000e+03   3.6432337e+01
   1.5400000e+03   3.7100379e+01
   1.5500000e+03   3.7731815e+01
   1.5600000e+03   3.7043708e+01
   1.5700000e+03   3.7421299e+01
   1.5800000e+03   3.6460368e+01
   1.5900000e+03   3.7547225e+01
   1.6000000e+03   3.6866145e+01
   1.6100000e+03   3.7253284e+01
   1.6200000e+03   3.7399097e+01
   1.6300000e+03   3.7972159e+01
   1.6400000e+03   3.9199523e+01
   1.6500000e+03   3.7859295e+01
   1.6600000e+03   3.9476143e+01
   1.6700000e+03   3.8905092e+01
   1.6800000e+03   3.9854955e+01
   1.6900000e+03   3.9607694e+01
   1.7000000e+03   3.9743308e+01
   1.7100000e+03   4.0920267e+01
   1.7200000e+03   4.1423279e+01
   1.7300000e+03   4.0041404e+01
   1.7400000e+03   3.9052481e+01
   1.7500000e+03   3.8747721e+01
   1.7600000e+03   3.8571467e+01
   1.7700000e+03   3.9477411e+01
   1.7800000e+03   3.8828048e+01
   1.7900000e+03   3.9997422e+01
   1.8000000e+03   3.9441283e+01
   1.8100000e+03   3.9599470e+01
   1.8200000e+03   4.2340897e+01
   1.8300000e+03   4.0140870e+01
   1.8400000e+03   4.0769671e+01
   1.8500000e+03   4.1634516e+01
   1.8600000e+03   4.0615977e+01
   1.8700000e+03   4.0511595e+01
   1.8800000e+03   4.0941155e+01
   1.8900000e+03   3.9154783e+01
   1.9000000e+03   4.0642536e+01
   1.9100000e+03   4.0990869e+01
   1.9200000e+03   3.9928928e+01
   1.9300000e+03   3.9658853e+01
   1.9400000e+03   3.9790431e+01
   1.9500000e+03   3.9712796e+01
   1.9600000e+03   4.1466141e+01
   1.9700000e+03   4.0895345e+01
   1.9800000e+03   4.0613025e+01
   1.9900000e+03   4.0237398e+01
   2.0000000e+03   4.0435293e+01
   2.0100000e+03   3.9838581e+01
   2.0200000e+03   3.9001891e+01
   2.0300000e+03   4.0959404e+01
   2.0400000e+03   3.9833361e+01
   2.0500000e+03   4.1377543e+01
   2.0600000e+03   4.1650216e+01
   2.0700000e+03   4.1127608e+01
   2.0800000e+03   4.0365197e+01
   2.0900000e+03   3.9995196e+01
   2.1000000e+03   3.9535877e+01
   2.1100000e+03   3.9842186e+01
   2.1200000e+03   4.0230170e+01
   2.1300000e+03   4.0070667e+01
   2.1400000e+03   3.8773420e+01
   2.1500000e+03   3.8432772e+01
   2.1600000e+03   4.0611001e+01
   2.1700000e+03   3.9201065e+01
   2.1800000e+03   3.9001167e+01
   2.1900000e+03   4.1541311e+01
   2.2000000e+03   4.0367822e+01
   2.2100000e+03   3.9976544e+01
   2.2200000e+03   4.0416646e+01
   2.2300000e+03   3.9801523e+01
   2.2400000e+03   4.0590503e+01
   2.2500000e+03   4.1103540e+01
   2.2600000e+03   4.1492634e+01
   2.2700000e+03   4.0791189e+01
   2.2800000e+03   3.9217443e+01
   2.2900000e+03   4.0223169e+01
   2.3000000e+03   4.0584419e+01
   2.3100000e+03   4.0216081e+01
   2.3200000e+03   4.0454115e+01
   2.3300000e+03   3.9773043e+01
   2.3400000e+03   4.0755758e+01
   2.3500000e+03   4.0714640e+01
   2.3600000e+03   4.0232094e+01
   2.3700000e+03   3.9170550e+01
   2.3800000e+03   3.8854035e+01
   2.3900000e+03   3.7766892e+01
   2.4000000e+03   3.6661857e+01
   2.4100000e+03   3.6052951e+01
   2.4200000e+03   3.6007368e+01
   2.4300000e+03   3.6660489e+01
   2.4400000e+03   3.7056471e+01
   2.4500000e+03   3.6209698e+01
   2.4600000e+03   3.6844040e+01
   2.4700000e+03   3.6676479e+01
   2.4800000e+03   3.6733240e+01
   2.4900000e+03   3.1867724e+01
   2.5000000e+03   3.1491390e+01
   2.5100000e+03   3.3982776e+01
   2.5200000e+03   3.3459683e+01
   2.5300000e+03   3.3660657e+01
   2.5400000e+03   3.3393068e+01
   2.5500000e+03   3.4234305e+01
   2.5600000e+03   3.4045182e+01
   2.5700000e+03   3.4162237e+01
   2.5800000e+03   3.4022143e+01
   2.5900000e+03   3.4467043e+01
   2.6000000e+03   3.4364230e+01
   2.6100000e+03   3.4763298e+01
   2.6200000e+03   3.4776541e+01
   2.6300000e+03   3.4166630e+01
   2.6400000e+03   3.4658477e+01
   2.6500000e+03   3.5986445e+01
   2.6600000e+03   3.5948484e+01
   2.6700000e+03   3.5367470e+01
   2.6800000e+03   3.3825627e+01
   2.6900000e+03   3.5643415e+01
   2.7000000e+03   3.4629549e+01
   2.7100000e+03   3.4413885e+01
   2.7200000e+03   3.4076775e+01
   2.7300000e+03   3.5042236e+01
   2.7400000e+03   3.4484326e+01
   2.7500000e+03   3.4207137e+01
   2.7600000e+03   3.6422580e+01
   2.7700000e+03   3.5130255e+01
   2.7800000e+03   3.4885493e+01
   2.7900000e+03   3.5659576e+01
   2.8000000e+03   3.6334366e+01
   2.8100000e+03   3.5726510e+01
   2.8200000e+03   3.6643709e+01
   2.8300000e+03   3.5309755e+01
   2.8400000e+03   3.6288452e+01
   2.8500000e+03   3.6448993e+01
   2.8600000e+03   3.6121441e+01
   2.8700000e+03   3.6332175e+01
   2.8800000e+03   3.7429257e+01
   2.8900000e+03   3.4393454e+01
   2.9000000e+03   3.4726443e+01
   2.9100000e+03   3.5236544e+01
   2.9200000e+03   3.4657433e+01
   2.9300000e+03   3.5184427e+01
   2.9400000e+03   3.6513139e+01
   2.9500000e+03   3.5955922e+01
   2.9600000e+03   3.4685032e+01
   2.9700000e+03   3.2911157e+01
   2.9800000e+03   3.2302644e+01
   2.9900000e+03   3.2672168e+01
   3.0000000e+03   3.1981757e+01
   3.0100000e+03   3.2710810e+01
   3.0200000e+03   3.3091761e+01
   3.0300000e+03   3.1681651e+01
   3.0400000e+03   3.2744231e+01
   3.0500000e+03   3.3395507e+01
   3.0600000e+03   3.4039205e+01
   3.0700000e+03   3.3080745e+01
   3.0800000e+03   3.3156492e+01
   3.0900000e+03   3.3226308e+01
   3.1000000e+03   3.4519430e+01
   3.1100000e+03   3.2818065e+01
   3.1200000e+03   3.3864203e+01
   3.1300000e+03   3.3397269e+01
   3.1400000e+03   3.3665937e+01
   3.1500000e+03   3.3044587e+01
   3.1600000e+03   3.1810938e+01
   3.1700000e+03   3.3807233e+01
   3.1800000e+03   3.4022563e+01
   3.1900000e+03   3.4341016e+01
   3.2000000e+03   3.4891024e+01
   3.2100000e+03   3.5524245e+01
   3.2200000e+03   3.3745187e+01
   3.2300000e+03   3.4445404e+01
   3.2400000e+03   3.4798508e+01
   3.2500000e+03   3.5339035e+01
   3.2600000e+03   3.5423928e+01
   3.2700000e+03   3.4262974e+01
   3.2800000e+03   3.5842961e+01
   3.2900000e+03   3.5671032e+01
   3.3000000e+03   3.3616039e+01
   3.3100000e+03   3.5591710e+01
   3.3200000e+03   3.5710321e+01
   3.3300000e+03   3.6741709e+01
   3.3400000e+03   3.6167543e+01
   3.3500000e+03   3.4922771e+01
   3.3600000e+03   3.4874771e+01
   3.3700000e+03   3.6322797e+01
   3.3800000e+03   3.6329169e+01
   3.3900000e+03   3.2452631e+01
   3.4000000e+03   3.5546244e+01
   3.4100000e+03   3.5581670e+01
   3.4200000e+03   3.6221627e+01
   3.4300000e+03   3.5155694e+01
   3.4400000e+03   3.5582044e+01
   3.4500000e+03   3.5164266e+01
   3.4600000e+03   3.5225094e+01
   3.4700000e+03   3.5270765e+01
   3.4800000e+03   3.5266700e+01
   3.4900000e+03   3.3753669e+01
