   0.0000000e+00  -3.7022841e-03
   1.0000000e+01   3.1275649e-04
   2.0000000e+01   4.8760680e-03
   3.0000000e+01  -1.4846203e-03
   4.0000000e+01  -1.8554407e-02
   5.0000000e+01  -1.0928677e-01
   6.0000000e+01  -1.2461461e+00
   7.0000000e+01  -2.8265967e+00
   8.0000000e+01  -3.3787538e+00
   9.0000000e+01  -3.9594054e+00
   1.0000000e+02  -4.4486275e+00
   1.1000000e+02  -4.8867591e+00
   1.2000000e+02  -5.3160887e+00
   1.3000000e+02  -5.5661239e+00
   1.4000000e+02  -5.7221868e+00
   1.5000000e+02  -5.9687889e+00
   1.6000000e+02  -6.0839090e+00
   1.7000000e+02  -6.2553133e+00
   1.8000000e+02  -6.3749128e+00
   1.9000000e+02  -6.4696584e+00
   2.0000000e+02  -6.5320884e+00
   2.1000000e+02  -6.6518937e+00
   2.2000000e+02  -6.7153286e+00
   2.3000000e+02  -6.8155935e+00
   2.4000000e+02  -6.8916089e+00
   2.5000000e+02  -6.9638471e+00
   2.6000000e+02  -7.0025119e+00
   2.7000000e+02  -7.0934871e+00
   2.8000000e+02  -7.1292128e+00
   2.9000000e+02  -7.1680347e+00
   3.0000000e+02  -7.1318089e+00
   3.1000000e+02  -7.2274262e+00
   3.2000000e+02  -7.2460382e+00
   3.3000000e+02  -7.2668537e+00
   3.4000000e+02  -7.3485894e+00
   3.5000000e+02  -7.3582412e+00
   3.6000000e+02  -7.3663282e+00
   3.7000000e+02  -7.4294118e+00
   3.8000000e+02  -7.4478208e+00
   3.9000000e+02  -7.3560886e+00
   4.0000000e+02  -7.5188089e+00
   4.1000000e+02  -7.4878634e+00
   4.2000000e+02  -7.4308178e+00
   4.3000000e+02  -7.4413813e+00
   4.4000000e+02  -7.5388514e+00
   4.5000000e+02  -7.5227470e+00
   4.6000000e+02  -7.5795964e+00
   4.7000000e+02  -7.5717622e+00
   4.8000000e+02  -7.6976019e+00
   4.9000000e+02  -7.6553124e+00
   5.0000000e+02  -7.6575588e+00
   5.1000000e+02  -7.7500336e+00
   5.2000000e+02  -7.7885749e+00
   5.3000000e+02  -7.6720041e+00
   5.4000000e+02  -7.7891985e+00
   5.5000000e+02  -7.7727451e+00
   5.6000000e+02  -7.7154158e+00
   5.7000000e+02  -7.7610211e+00
   5.8000000e+02  -7.7776259e+00
   5.9000000e+02  -7.8256845e+00
   6.0000000e+02  -7.7857685e+00
   6.1000000e+02  -7.7692619e+00
   6.2000000e+02  -7.8025559e+00
   6.3000000e+02  -7.8512613e+00
   6.4000000e+02  -7.7820553e+00
   6.5000000e+02  -7.8218097e+00
   6.6000000e+02  -7.8087325e+00
   6.7000000e+02  -7.8249776e+00
   6.8000000e+02  -7.7684062e+00
   6.9000000e+02  -7.7657046e+00
   7.0000000e+02  -7.8646772e+00
   7.1000000e+02  -7.7908488e+00
   7.2000000e+02  -7.7793357e+00
   7.3000000e+02  -7.7733564e+00
   7.4000000e+02  -7.7689423e+00
   7.5000000e+02  -7.8119715e+00
   7.6000000e+02  -7.7621320e+00
   7.7000000e+02  -7.8029039e+00
   7.8000000e+02  -7.7634869e+00
   7.9000000e+02  -7.8683448e+00
   8.0000000e+02  -7.8472937e+00
   8.1000000e+02  -7.6885115e+00
   8.2000000e+02  -7.7531622e+00
   8.3000000e+02  -7.7983226e+00
   8.4000000e+02  -7.8521014e+00
   8.5000000e+02  -7.9234707e+00
   8.6000000e+02  -7.9156211e+00
   8.7000000e+02  -7.9564433e+00
   8.8000000e+02  -7.9093184e+00
   8.9000000e+02  -7.9556685e+00
   9.0000000e+02  -7.9552975e+00
   9.1000000e+02  -7.8653631e+00
   9.2000000e+02  -7.9090212e+00
   9.3000000e+02  -7.9280314e+00
   9.4000000e+02  -7.9681411e+00
   9.5000000e+02  -7.9767017e+00
   9.6000000e+02  -7.9623041e+00
   9.7000000e+02  -8.0545591e+00
   9.8000000e+02  -8.0652448e+00
   9.9000000e+02  -7.9907547e+00
   1.0000000e+03  -7.8781198e+00
   1.0100000e+03  -8.0554310e+00
   1.0200000e+03  -7.9861903e+00
   1.0300000e+03  -7.9877575e+00
   1.0400000e+03  -8.0200487e+00
   1.0500000e+03  -7.9970520e+00
   1.0600000e+03  -8.1278286e+00
   1.0700000e+03  -7.9644139e+00
   1.0800000e+03  -8.1196603e+00
   1.0900000e+03  -8.0786523e+00
   1.1000000e+03  -8.1026393e+00
   1.1100000e+03  -8.0302802e+00
   1.1200000e+03  -8.0257666e+00
   1.1300000e+03  -8.1194304e+00
   1.1400000e+03  -8.0706087e+00
   1.1500000e+03  -8.0325718e+00
   1.1600000e+03  -8.0957627e+00
   1.1700000e+03  -8.1765338e+00
   1.1800000e+03  -8.1083875e+00
   1.1900000e+03  -8.1340332e+00
   1.2000000e+03  -8.2229392e+00
   1.2100000e+03  -8.1596666e+00
   1.2200000e+03  -8.2348442e+00
   1.2300000e+03  -8.2319941e+00
   1.2400000e+03  -8.1540471e+00
   1.2500000e+03  -8.1289698e+00
   1.2600000e+03  -8.2163765e+00
   1.2700000e+03  -8.1636820e+00
   1.2800000e+03  -8.1037353e+00
   1.2900000e+03  -8.1785382e+00
   1.3000000e+03  -8.1725845e+00
   1.3100000e+03  -8.2499813e+00
   1.3200000e+03  -8.2074507e+00
   1.3300000e+03  -8.1108347e+00
   1.3400000e+03  -8.2590374e+00
   1.3500000e+03  -8.2116505e+00
   1.3600000e+03  -8.1826762e+00
   1.3700000e+03  -8.0742925e+00
   1.3800000e+03  -8.2004440e+00
   1.3900000e+03  -8.1656876e+00
   1.4000000e+03  -8.2117834e+00
   1.4100000e+03  -8.1316857e+00
   1.4200000e+03  -8.1032852e+00
   1.4300000e+03  -8.1649125e+00
   1.4400000e+03  -8.0772967e+00
   1.4500000e+03  -8.1796880e+00
   1.4600000e+03  -8.1568344e+00
   1.4700000e+03  -8.0732688e+00
   1.4800000e+03  -8.1519131e+00
   1.4900000e+03  -8.1751403e+00
   1.5000000e+03  -8.1418161e+00
   1.5100000e+03  -8.1854462e+00
   1.5200000e+03  -8.1586160e+00
   1.5300000e+03  -8.2216040e+00
   1.5400000e+03  -8.1942271e+00
   1.5500000e+03  -8.2241631e+00
   1.5600000e+03  -8.1999373e+00
   1.5700000e+03  -8.2608081e+00
   1.5800000e+03  -8.2521822e+00
   1.5900000e+03  -8.1756265e+00
   1.6000000e+03  -8.2166060e+00
   1.6100000e+03  -8.1535399e+00
   1.6200000e+03  -8.1804641e+00
   1.6300000e+03  -8.1806578e+00
   1.6400000e+03  -8.1946203e+00
   1.6500000e+03  -8.2770068e+00
   1.6600000e+03  -8.2166766e+00
   1.6700000e+03  -8.2093831e+00
   1.6800000e+03  -8.1157574e+00
   1.6900000e+03  -8.1758525e+00
   1.7000000e+03  -8.0548531e+00
   1.7100000e+03  -8.2031840e+00
   1.7200000e+03  -8.1219075e+00
   1.7300000e+03  -8.1619999e+00
   1.7400000e+03  -8.2410012e+00
   1.7500000e+03  -8.1625540e+00
   1.7600000e+03  -8.1578788e+00
   1.7700000e+03  -8.1302833e+00
   1.7800000e+03  -8.1710019e+00
   1.7900000e+03  -8.1576541e+00
   1.8000000e+03  -8.1108755e+00
   1.8100000e+03  -8.1180696e+00
   1.8200000e+03  -8.1683867e+00
   1.8300000e+03  -8.1721840e+00
   1.8400000e+03  -8.1375676e+00
   1.8500000e+03  -8.1860466e+00
   1.8600000e+03  -8.2135906e+00
   1.8700000e+03  -8.1154684e+00
   1.8800000e+03  -8.2006421e+00
   1.8900000e+03  -8.1884526e+00
   1.9000000e+03  -8.2994293e+00
   1.9100000e+03  -8.1738921e+00
   1.9200000e+03  -8.1819255e+00
   1.9300000e+03  -8.1863819e+00
   1.9400000e+03  -8.2138191e+00
   1.9500000e+03  -8.3022349e+00
   1.9600000e+03  -8.1907591e+00
   1.9700000e+03  -8.2821380e+00
   1.9800000e+03  -8.2742046e+00
   1.9900000e+03  -8.2317658e+00
   2.0000000e+03  -8.2785683e+00
   2.0100000e+03  -8.3055274e+00
   2.0200000e+03  -8.3905032e+00
   2.0300000e+03  -8.2798416e+00
   2.0400000e+03  -8.3271981e+00
   2.0500000e+03  -8.2760852e+00
   2.0600000e+03  -8.2417398e+00
   2.0700000e+03  -8.2672195e+00
   2.0800000e+03  -8.2870239e+00
   2.0900000e+03  -8.4334206e+00
   2.1000000e+03  -8.3123843e+00
   2.1100000e+03  -8.4174789e+00
   2.1200000e+03  -8.3447929e+00
   2.1300000e+03  -8.2828478e+00
   2.1400000e+03  -8.2933795e+00
   2.1500000e+03  -8.3429811e+00
   2.1600000e+03  -8.3082212e+00
   2.1700000e+03  -8.3954152e+00
   2.1800000e+03  -8.4129290e+00
   2.1900000e+03  -8.3490896e+00
   2.2000000e+03  -8.3519473e+00
   2.2100000e+03  -8.3473839e+00
   2.2200000e+03  -8.4135680e+00
   2.2300000e+03  -8.3964335e+00
   2.2400000e+03  -8.4493218e+00
   2.2500000e+03  -8.3031035e+00
   2.2600000e+03  -8.4051128e+00
   2.2700000e+03  -8.4365429e+00
   2.2800000e+03  -8.4005550e+00
   2.2900000e+03  -8.3286551e+00
   2.3000000e+03  -8.4012334e+00
   2.3100000e+03  -8.3958436e+00
   2.3200000e+03  -8.3620882e+00
   2.3300000e+03  -8.3712942e+00
   2.3400000e+03  -8.3698281e+00
   2.3500000e+03  -8.2651153e+00
   2.3600000e+03  -8.2696112e+00
   2.3700000e+03  -8.3308428e+00
   2.3800000e+03  -8.4115820e+00
   2.3900000e+03  -8.3808641e+00
   2.4000000e+03  -8.1833871e+00
   2.4100000e+03  -8.1652488e+00
   2.4200000e+03  -8.2285888e+00
   2.4300000e+03  -8.2598568e+00
   2.4400000e+03  -8.2356163e+00
   2.4500000e+03  -8.2338575e+00
   2.4600000e+03  -8.3110090e+00
   2.4700000e+03  -8.3001706e+00
   2.4800000e+03  -8.3253975e+00
   2.4900000e+03  -8.3157846e+00
   2.5000000e+03  -8.3435029e+00
   2.5100000e+03  -8.3811874e+00
   2.5200000e+03  -8.2402635e+00
   2.5300000e+03  -8.3425289e+00
   2.5400000e+03  -8.2631373e+00
   2.5500000e+03  -8.3061361e+00
   2.5600000e+03  -8.3872806e+00
   2.5700000e+03  -8.3134027e+00
   2.5800000e+03  -8.4345519e+00
   2.5900000e+03  -8.2716414e+00
   2.6000000e+03  -8.4196285e+00
   2.6100000e+03  -8.4042861e+00
   2.6200000e+03  -8.4073302e+00
   2.6300000e+03  -8.3905287e+00
   2.6400000e+03  -8.3407787e+00
   2.6500000e+03  -8.3052124e+00
   2.6600000e+03  -8.3689300e+00
   2.6700000e+03  -8.3599164e+00
   2.6800000e+03  -8.2667218e+00
   2.6900000e+03  -8.2607727e+00
   2.7000000e+03  -8.2572084e+00
   2.7100000e+03  -8.3909047e+00
   2.7200000e+03  -8.3627650e+00
   2.7300000e+03  -8.3269583e+00
   2.7400000e+03  -8.3799176e+00
   2.7500000e+03  -8.3627498e+00
   2.7600000e+03  -8.3609705e+00
   2.7700000e+03  -8.4462810e+00
   2.7800000e+03  -8.4507571e+00
   2.7900000e+03  -8.3862628e+00
   2.8000000e+03  -8.3897795e+00
   2.8100000e+03  -8.4016233e+00
   2.8200000e+03  -8.4147994e+00
   2.8300000e+03  -8.3575074e+00
   2.8400000e+03  -8.4089414e+00
   2.8500000e+03  -8.3922727e+00
   2.8600000e+03  -8.3575841e+00
   2.8700000e+03  -8.3500488e+00
   2.8800000e+03  -8.4046871e+00
   2.8900000e+03  -8.2998256e+00
   2.9000000e+03  -8.2614223e+00
   2.9100000e+03  -8.3569205e+00
   2.9200000e+03  -8.3038401e+00
   2.9300000e+03  -8.3902935e+00
   2.9400000e+03  -8.3740586e+00
   2.9500000e+03  -8.2839271e+00
   2.9600000e+03  -8.3178871e+00
   2.9700000e+03  -8.2914469e+00
   2.9800000e+03  -8.3299564e+00
   2.9900000e+03  -8.4000430e+00
   3.0000000e+03  -8.3566746e+00
   3.0100000e+03  -8.3809822e+00
   3.0200000e+03  -8.3723679e+00
   3.0300000e+03  -8.3686831e+00
   3.0400000e+03  -8.4472115e+00
   3.0500000e+03  -8.4138343e+00
   3.0600000e+03  -8.4532985e+00
   3.0700000e+03  -8.4467754e+00
   3.0800000e+03  -8.4449290e+00
   3.0900000e+03  -8.4759329e+00
   3.1000000e+03  -8.5406742e+00
   3.1100000e+03  -8.4347461e+00
   3.1200000e+03  -8.3892108e+00
   3.1300000e+03  -8.4754613e+00
   3.1400000e+03  -8.4975649e+00
   3.1500000e+03  -8.4978303e+00
   3.1600000e+03  -8.4423403e+00
   3.1700000e+03  -8.5687669e+00
   3.1800000e+03  -8.5152674e+00
   3.1900000e+03  -8.5048601e+00
   3.2000000e+03  -8.4749596e+00
   3.2100000e+03  -8.4726734e+00
   3.2200000e+03  -8.4834778e+00
   3.2300000e+03  -8.5585859e+00
   3.2400000e+03  -8.5063993e+00
   3.2500000e+03  -8.5691833e+00
   3.2600000e+03  -8.4703946e+00
   3.2700000e+03  -8.5247563e+00
   3.2800000e+03  -8.4543157e+00
   3.2900000e+03  -8.4398512e+00
   3.3000000e+03  -8.4633123e+00
   3.3100000e+03  -8.4795728e+00
   3.3200000e+03  -8.4237501e+00
   3.3300000e+03  -8.3158090e+00
   3.3400000e+03  -8.3792728e+00
   3.3500000e+03  -8.3691197e+00
   3.3600000e+03  -8.5589319e+00
   3.3700000e+03  -8.4773786e+00
   3.3800000e+03  -8.4468518e+00
   3.3900000e+03  -8.5855571e+00
   3.4000000e+03  -8.4611719e+00
   3.4100000e+03  -8.4828291e+00
   3.4200000e+03  -8.4067958e+00
   3.4300000e+03  -8.4401375e+00
   3.4400000e+03  -8.4236884e+00
   3.4500000e+03  -8.3852217e+00
   3.4600000e+03  -8.4744638e+00
   3.4700000e+03  -8.3490400e+00
   3.4800000e+03  -8.4401581e+00
   3.4900000e+03  -8.4372922e+00
