   0.0000000e+00   1.8107077e+01
   1.0000000e+01   1.8099262e+01
   2.0000000e+01   1.8098029e+01
   3.0000000e+01   1.8110225e+01
   4.0000000e+01   1.8096388e+01
   5.0000000e+01   1.8119041e+01
   6.0000000e+01   1.8014993e+01
   7.0000000e+01   1.7755160e+01
   8.0000000e+01   1.7326612e+01
   9.0000000e+01   1.6855513e+01
   1.0000000e+02   1.6079164e+01
   1.1000000e+02   1.5331971e+01
   1.2000000e+02   1.4764057e+01
   1.3000000e+02   1.4166303e+01
   1.4000000e+02   1.3664411e+01
   1.5000000e+02   1.2914627e+01
   1.6000000e+02   1.2707711e+01
   1.7000000e+02   1.2251108e+01
   1.8000000e+02   1.1854394e+01
   1.9000000e+02   1.1758193e+01
   2.0000000e+02   1.1549591e+01
   2.1000000e+02   1.1124327e+01
   2.2000000e+02   1.0926313e+01
   2.3000000e+02   1.0848108e+01
   2.4000000e+02   1.0862961e+01
   2.5000000e+02   1.0649355e+01
   2.6000000e+02   1.0640037e+01
   2.7000000e+02   1.0542452e+01
   2.8000000e+02   1.0414810e+01
   2.9000000e+02   1.0192399e+01
   3.0000000e+02   1.0189244e+01
   3.1000000e+02   1.0053408e+01
   3.2000000e+02   9.8159682e+00
   3.3000000e+02   9.6397551e+00
   3.4000000e+02   9.9428493e+00
   3.5000000e+02   9.8408104e+00
   3.6000000e+02   9.7942230e+00
   3.7000000e+02   9.5021990e+00
   3.8000000e+02   9.6727482e+00
   3.9000000e+02   9.7774126e+00
   4.0000000e+02   9.8981944e+00
   4.1000000e+02   9.7369456e+00
   4.2000000e+02   9.3726967e+00
   4.3000000e+02   9.7256206e+00
   4.4000000e+02   9.8366092e+00
   4.5000000e+02   9.6798623e+00
   4.6000000e+02   9.5090979e+00
   4.7000000e+02   9.8787828e+00
   4.8000000e+02   9.7012685e+00
   4.9000000e+02   9.6414142e+00
   5.0000000e+02   9.8593917e+00
   5.1000000e+02   9.6462209e+00
   5.2000000e+02   9.6337734e+00
   5.3000000e+02   9.8460999e+00
   5.4000000e+02   9.5531249e+00
   5.5000000e+02   9.8910712e+00
   5.6000000e+02   9.8110477e+00
   5.7000000e+02   9.9025715e+00
   5.8000000e+02   9.8798880e+00
   5.9000000e+02   9.9614907e+00
   6.0000000e+02   1.0053454e+01
   6.1000000e+02   9.6661692e+00
   6.2000000e+02   1.0187101e+01
   6.3000000e+02   1.0018704e+01
   6.4000000e+02   1.0085394e+01
   6.5000000e+02   9.6275713e+00
   6.6000000e+02   1.0181853e+01
   6.7000000e+02   1.0079295e+01
   6.8000000e+02   1.0282381e+01
   6.9000000e+02   1.0168465e+01
   7.0000000e+02   1.0277012e+01
   7.1000000e+02   9.9704604e+00
   7.2000000e+02   1.0033300e+01
   7.3000000e+02   1.0287923e+01
   7.4000000e+02   9.9515622e+00
   7.5000000e+02   1.0241820e+01
   7.6000000e+02   9.9952338e+00
   7.7000000e+02   1.0153166e+01
   7.8000000e+02   9.9672856e+00
   7.9000000e+02   9.8499818e+00
   8.0000000e+02   9.7583736e+00
   8.1000000e+02   9.6928703e+00
   8.2000000e+02   9.6538213e+00
   8.3000000e+02   9.8066860e+00
   8.4000000e+02   9.3634664e+00
   8.5000000e+02   9.7180605e+00
   8.6000000e+02   9.7156517e+00
   8.7000000e+02   9.6911269e+00
   8.8000000e+02   9.7280252e+00
   8.9000000e+02   9.5355879e+00
   9.0000000e+02   9.7132702e+00
   9.1000000e+02   9.8646299e+00
   9.2000000e+02   9.7280893e+00
   9.3000000e+02   9.6227428e+00
   9.4000000e+02   9.2909444e+00
   9.5000000e+02   9.3766425e+00
   9.6000000e+02   9.4370189e+00
   9.7000000e+02   9.6692221e+00
   9.8000000e+02   9.5815378e+00
   9.9000000e+02   9.4426076e+00
   1.0000000e+03   9.3747547e+00
   1.0100000e+03   9.3816063e+00
   1.0200000e+03   9.6552900e+00
   1.0300000e+03   9.5377680e+00
   1.0400000e+03   9.2786540e+00
   1.0500000e+03   9.4241717e+00
   1.0600000e+03   9.3168441e+00
   1.0700000e+03   9.5088696e+00
   1.0800000e+03   9.5527432e+00
   1.0900000e+03   9.6896706e+00
   1.1000000e+03   9.4185878e+00
   1.1100000e+03   9.6540922e+00
   1.1200000e+03   9.6698077e+00
   1.1300000e+03   9.4981445e+00
   1.1400000e+03   9.4938100e+00
   1.1500000e+03   9.6417668e+00
   1.1600000e+03   9.4539358e+00
   1.1700000e+03   9.4407616e+00
   1.1800000e+03   9.8411799e+00
   1.1900000e+03   9.6652777e+00
   1.2000000e+03   9.5581092e+00
   1.2100000e+03   9.9718225e+00
   1.2200000e+03   9.8945028e+00
   1.2300000e+03   9.9204486e+00
   1.2400000e+03   1.0068184e+01
   1.2500000e+03   1.0062951e+01
   1.2600000e+03   9.9542698e+00
   1.2700000e+03   1.0244907e+01
   1.2800000e+03   1.0175667e+01
   1.2900000e+03   1.0195758e+01
   1.3000000e+03   1.0253494e+01
   1.3100000e+03   1.0176530e+01
   1.3200000e+03   1.0213248e+01
   1.3300000e+03   1.0308506e+01
   1.3400000e+03   1.0020755e+01
   1.3500000e+03   1.0124612e+01
   1.3600000e+03   1.0147769e+01
   1.3700000e+03   1.0330371e+01
   1.3800000e+03   1.0219325e+01
   1.3900000e+03   1.0241501e+01
   1.4000000e+03   1.0269088e+01
   1.4100000e+03   1.0105252e+01
   1.4200000e+03   1.0166088e+01
   1.4300000e+03   1.0233414e+01
   1.4400000e+03   9.8617937e+00
   1.4500000e+03   1.0137697e+01
   1.4600000e+03   1.0327325e+01
   1.4700000e+03   9.9698637e+00
   1.4800000e+03   1.0105307e+01
   1.4900000e+03   1.0109825e+01
   1.5000000e+03   1.0097449e+01
   1.5100000e+03   1.0106511e+01
   1.5200000e+03   1.0287759e+01
   1.5300000e+03   1.0124217e+01
   1.5400000e+03   1.0378076e+01
   1.5500000e+03   1.0047482e+01
   1.5600000e+03   1.0313125e+01
   1.5700000e+03   1.0290015e+01
   1.5800000e+03   1.0350653e+01
   1.5900000e+03   1.0423503e+01
   1.6000000e+03   1.0146011e+01
   1.6100000e+03   1.0467753e+01
   1.6200000e+03   1.0523142e+01
   1.6300000e+03   1.0483770e+01
   1.6400000e+03   1.0185967e+01
   1.6500000e+03   1.0443130e+01
   1.6600000e+03   1.0260462e+01
   1.6700000e+03   1.0526164e+01
   1.6800000e+03   1.0619349e+01
   1.6900000e+03   1.0378266e+01
   1.7000000e+03   1.0204282e+01
   1.7100000e+03   1.0472664e+01
   1.7200000e+03   1.0473276e+01
   1.7300000e+03   1.0429672e+01
   1.7400000e+03   9.9373296e+00
   1.7500000e+03   1.0377576e+01
   1.7600000e+03   9.8189504e+00
   1.7700000e+03   1.0130213e+01
   1.7800000e+03   9.9819413e+00
   1.7900000e+03   1.0059443e+01
   1.8000000e+03   1.0194880e+01
   1.8100000e+03   9.9625916e+00
   1.8200000e+03   1.0142939e+01
   1.8300000e+03   1.0075929e+01
   1.8400000e+03   9.8670349e+00
   1.8500000e+03   9.6918489e+00
   1.8600000e+03   9.8730792e+00
   1.8700000e+03   9.6836227e+00
   1.8800000e+03   9.8876682e+00
   1.8900000e+03   9.8793367e+00
   1.9000000e+03   9.9173601e+00
   1.9100000e+03   9.7725995e+00
   1.9200000e+03   9.7857901e+00
   1.9300000e+03   9.8643793e+00
   1.9400000e+03   9.8681850e+00
   1.9500000e+03   9.8856270e+00
   1.9600000e+03   9.9607734e+00
   1.9700000e+03   1.0091179e+01
   1.9800000e+03   9.5579023e+00
   1.9900000e+03   9.6733945e+00
   2.0000000e+03   9.8918107e+00
   2.0100000e+03   9.8748679e+00
   2.0200000e+03   9.7070284e+00
   2.0300000e+03   9.6336855e+00
   2.0400000e+03   9.7031817e+00
   2.0500000e+03   9.3905966e+00
   2.0600000e+03   9.4305684e+00
   2.0700000e+03   9.7132725e+00
   2.0800000e+03   9.6689592e+00
   2.0900000e+03   9.7086462e+00
   2.1000000e+03   9.6391498e+00
   2.1100000e+03   9.7395274e+00
   2.1200000e+03   9.7070395e+00
   2.1300000e+03   9.7137317e+00
   2.1400000e+03   9.5214487e+00
   2.1500000e+03   9.8992126e+00
   2.1600000e+03   9.8486115e+00
   2.1700000e+03   9.9395954e+00
   2.1800000e+03   9.6495948e+00
   2.1900000e+03   9.7482325e+00
   2.2000000e+03   9.9707203e+00
   2.2100000e+03   9.9407622e+00
   2.2200000e+03   9.6937489e+00
   2.2300000e+03   9.9635363e+00
   2.2400000e+03   9.9645097e+00
   2.2500000e+03   9.9038865e+00
   2.2600000e+03   9.7973914e+00
   2.2700000e+03   9.9665638e+00
   2.2800000e+03   9.6239479e+00
   2.2900000e+03   1.0109952e+01
   2.3000000e+03   9.5901397e+00
   2.3100000e+03   9.8299937e+00
   2.3200000e+03   9.7769852e+00
   2.3300000e+03   1.0048169e+01
   2.3400000e+03   1.0054300e+01
   2.3500000e+03   9.8063608e+00
   2.3600000e+03   9.8069945e+00
   2.3700000e+03   9.9493803e+00
   2.3800000e+03   1.0080174e+01
   2.3900000e+03   9.9441227e+00
   2.4000000e+03   9.8400823e+00
   2.4100000e+03   9.8745613e+00
   2.4200000e+03   9.9331865e+00
   2.4300000e+03   9.7700976e+00
   2.4400000e+03   9.6847059e+00
   2.4500000e+03   9.6687352e+00
   2.4600000e+03   9.7667388e+00
   2.4700000e+03   9.7962465e+00
   2.4800000e+03   9.6438592e+00
   2.4900000e+03   9.8510750e+00
   2.5000000e+03   9.7764513e+00
   2.5100000e+03   9.6507929e+00
   2.5200000e+03   9.4740439e+00
   2.5300000e+03   9.3740347e+00
   2.5400000e+03   9.2446534e+00
   2.5500000e+03   9.2639212e+00
   2.5600000e+03   9.2627484e+00
   2.5700000e+03   9.3569836e+00
   2.5800000e+03   9.4662740e+00
   2.5900000e+03   9.4081102e+00
   2.6000000e+03   9.4459759e+00
   2.6100000e+03   9.1731589e+00
   2.6200000e+03   9.3483855e+00
   2.6300000e+03   9.3287992e+00
   2.6400000e+03   9.4296849e+00
   2.6500000e+03   9.3754467e+00
   2.6600000e+03   9.4556444e+00
   2.6700000e+03   9.4245328e+00
   2.6800000e+03   9.0933546e+00
   2.6900000e+03   8.9966294e+00
   2.7000000e+03   8.9973967e+00
   2.7100000e+03   9.0794414e+00
   2.7200000e+03   9.1118054e+00
   2.7300000e+03   9.1418088e+00
   2.7400000e+03   8.9632539e+00
   2.7500000e+03   9.0740166e+00
   2.7600000e+03   8.9010042e+00
   2.7700000e+03   9.0947267e+00
   2.7800000e+03   9.1012148e+00
   2.7900000e+03   9.2595668e+00
   2.8000000e+03   9.1265390e+00
   2.8100000e+03   9.0680136e+00
   2.8200000e+03   9.1133995e+00
   2.8300000e+03   9.1817062e+00
   2.8400000e+03   9.1720001e+00
   2.8500000e+03   8.8848423e+00
   2.8600000e+03   9.0311142e+00
   2.8700000e+03   9.1074974e+00
   2.8800000e+03   8.8264400e+00
   2.8900000e+03   8.8809922e+00
   2.9000000e+03   8.9833773e+00
   2.9100000e+03   8.8212743e+00
   2.9200000e+03   9.0417341e+00
   2.9300000e+03   8.8784217e+00
   2.9400000e+03   8.9077409e+00
   2.9500000e+03   8.8380944e+00
   2.9600000e+03   8.9529964e+00
   2.9700000e+03   8.5822338e+00
   2.9800000e+03   8.8699692e+00
   2.9900000e+03   8.8033156e+00
   3.0000000e+03   8.4926591e+00
   3.0100000e+03   8.7850530e+00
   3.0200000e+03   8.5766156e+00
   3.0300000e+03   8.6582613e+00
   3.0400000e+03   8.6307677e+00
   3.0500000e+03   8.6219328e+00
   3.0600000e+03   8.6333105e+00
   3.0700000e+03   8.7866458e+00
   3.0800000e+03   8.9301564e+00
   3.0900000e+03   8.9980751e+00
   3.1000000e+03   9.0835678e+00
   3.1100000e+03   9.0511982e+00
   3.1200000e+03   9.1604776e+00
   3.1300000e+03   9.3728391e+00
   3.1400000e+03   9.3236538e+00
   3.1500000e+03   9.2788207e+00
   3.1600000e+03   9.4766795e+00
   3.1700000e+03   9.4486355e+00
   3.1800000e+03   9.5768271e+00
   3.1900000e+03   9.4439848e+00
   3.2000000e+03   9.7513039e+00
   3.2100000e+03   9.8203112e+00
   3.2200000e+03   9.8169667e+00
   3.2300000e+03   9.7873145e+00
   3.2400000e+03   9.5686687e+00
   3.2500000e+03   9.7022923e+00
   3.2600000e+03   9.9187013e+00
   3.2700000e+03   9.8307239e+00
   3.2800000e+03   9.9086608e+00
   3.2900000e+03   1.0095746e+01
   3.3000000e+03   9.9033926e+00
   3.3100000e+03   9.9976945e+00
   3.3200000e+03   9.8079050e+00
   3.3300000e+03   9.7355742e+00
   3.3400000e+03   9.7334292e+00
   3.3500000e+03   9.6668340e+00
   3.3600000e+03   9.9413985e+00
   3.3700000e+03   9.8289009e+00
   3.3800000e+03   9.9550841e+00
   3.3900000e+03   9.8615764e+00
   3.4000000e+03   1.0040128e+01
   3.4100000e+03   1.0060683e+01
   3.4200000e+03   1.0318902e+01
   3.4300000e+03   1.0137444e+01
   3.4400000e+03   1.0240431e+01
   3.4500000e+03   1.0162291e+01
   3.4600000e+03   1.0320252e+01
   3.4700000e+03   1.0354751e+01
   3.4800000e+03   1.0428263e+01
   3.4900000e+03   1.0495496e+01
