   0.0000000e+00  -3.4788190e-04
   1.0000000e+01  -3.2897658e-03
   2.0000000e+01  -3.5948742e-03
   3.0000000e+01   1.2311723e-02
   4.0000000e+01   8.3851465e-02
   5.0000000e+01   7.2968717e-01
   6.0000000e+01   4.7734065e+00
   7.0000000e+01   6.8453496e+00
   8.0000000e+01   8.1312387e+00
   9.0000000e+01   8.3713128e+00
   1.0000000e+02   9.0910846e+00
   1.1000000e+02   8.6460461e+00
   1.2000000e+02   9.5880244e+00
   1.3000000e+02   8.4173516e+00
   1.4000000e+02   9.1868456e+00
   1.5000000e+02   9.1833470e+00
   1.6000000e+02   8.2563622e+00
   1.7000000e+02   8.2413760e+00
   1.8000000e+02   8.9214259e+00
   1.9000000e+02   8.4893301e+00
   2.0000000e+02   8.8065944e+00
   2.1000000e+02   8.2467323e+00
   2.2000000e+02   8.4067240e+00
   2.3000000e+02   8.6495613e+00
   2.4000000e+02   7.9067052e+00
   2.5000000e+02   8.3475866e+00
   2.6000000e+02   8.9664814e+00
   2.7000000e+02   8.1984693e+00
   2.8000000e+02   8.8327882e+00
   2.9000000e+02   9.0810056e+00
   3.0000000e+02   1.0778251e+01
   3.1000000e+02   1.0504694e+01
   3.2000000e+02   1.0210488e+01
   3.3000000e+02   1.1494791e+01
   3.4000000e+02   1.1604142e+01
   3.5000000e+02   1.2416518e+01
   3.6000000e+02   1.1659446e+01
   3.7000000e+02   1.1774991e+01
   3.8000000e+02   1.2975842e+01
   3.9000000e+02   1.3286188e+01
   4.0000000e+02   1.3337708e+01
   4.1000000e+02   1.3727496e+01
   4.2000000e+02   1.2934558e+01
   4.3000000e+02   1.3497749e+01
   4.4000000e+02   1.4304818e+01
   4.5000000e+02   1.3121781e+01
   4.6000000e+02   1.3643258e+01
   4.7000000e+02   1.3388775e+01
   4.8000000e+02   1.4005422e+01
   4.9000000e+02   1.4197703e+01
   5.0000000e+02   1.6235180e+01
   5.1000000e+02   1.5304201e+01
   5.2000000e+02   1.5673566e+01
   5.3000000e+02   1.6058005e+01
   5.4000000e+02   1.6885397e+01
   5.5000000e+02   1.6668472e+01
   5.6000000e+02   1.5929216e+01
   5.7000000e+02   1.5317668e+01
   5.8000000e+02   1.5764816e+01
   5.9000000e+02   1.5699135e+01
   6.0000000e+02   1.4731292e+01
   6.1000000e+02   1.7228842e+01
   6.2000000e+02   1.5768485e+01
   6.3000000e+02   1.5860886e+01
   6.4000000e+02   1.6222117e+01
   6.5000000e+02   1.7908897e+01
   6.6000000e+02   1.7163443e+01
   6.7000000e+02   1.6882084e+01
   6.8000000e+02   1.7096293e+01
   6.9000000e+02   1.7239864e+01
   7.0000000e+02   1.6047116e+01
   7.1000000e+02   1.6241839e+01
   7.2000000e+02   1.6596655e+01
   7.3000000e+02   1.6674956e+01
   7.4000000e+02   1.6139190e+01
   7.5000000e+02   1.6084182e+01
   7.6000000e+02   1.6742627e+01
   7.7000000e+02   1.7604400e+01
   7.8000000e+02   1.8141732e+01
   7.9000000e+02   1.8338452e+01
   8.0000000e+02   1.7143016e+01
   8.1000000e+02   1.6875341e+01
   8.2000000e+02   1.7318840e+01
   8.3000000e+02   1.6815224e+01
   8.4000000e+02   1.7646621e+01
   8.5000000e+02   1.8004726e+01
   8.6000000e+02   1.8068553e+01
   8.7000000e+02   1.9040960e+01
   8.8000000e+02   1.8991061e+01
   8.9000000e+02   1.8854050e+01
   9.0000000e+02   1.6403562e+01
   9.1000000e+02   1.5903306e+01
   9.2000000e+02   1.6949809e+01
   9.3000000e+02   1.8071008e+01
   9.4000000e+02   1.8134434e+01
   9.5000000e+02   1.7836886e+01
   9.6000000e+02   1.6635973e+01
   9.7000000e+02   1.8158689e+01
   9.8000000e+02   1.7001399e+01
   9.9000000e+02   1.8260391e+01
   1.0000000e+03   1.7419068e+01
   1.0100000e+03   1.7146012e+01
   1.0200000e+03   1.7217049e+01
   1.0300000e+03   1.6523494e+01
   1.0400000e+03   1.7437140e+01
   1.0500000e+03   1.5637344e+01
   1.0600000e+03   1.7671777e+01
   1.0700000e+03   1.7976051e+01
   1.0800000e+03   1.6704981e+01
   1.0900000e+03   1.7620853e+01
   1.1000000e+03   1.9444204e+01
   1.1100000e+03   1.8152790e+01
   1.1200000e+03   1.8117045e+01
   1.1300000e+03   1.9191171e+01
   1.1400000e+03   2.0010547e+01
   1.1500000e+03   2.0177557e+01
   1.1600000e+03   1.6571645e+01
   1.1700000e+03   1.8493806e+01
   1.1800000e+03   1.7665703e+01
   1.1900000e+03   1.8342618e+01
   1.2000000e+03   1.8762035e+01
   1.2100000e+03   1.7791725e+01
   1.2200000e+03   1.7319455e+01
   1.2300000e+03   1.7880236e+01
   1.2400000e+03   1.7482627e+01
   1.2500000e+03   1.7806487e+01
   1.2600000e+03   1.9558648e+01
   1.2700000e+03   1.9327536e+01
   1.2800000e+03   1.8671331e+01
   1.2900000e+03   1.8035958e+01
   1.3000000e+03   1.8537363e+01
   1.3100000e+03   1.7540282e+01
   1.3200000e+03   1.6560430e+01
   1.3300000e+03   1.6840211e+01
   1.3400000e+03   1.8399386e+01
   1.3500000e+03   1.8514650e+01
   1.3600000e+03   1.7798414e+01
   1.3700000e+03   1.7623525e+01
   1.3800000e+03   1.9251242e+01
   1.3900000e+03   1.8447843e+01
   1.4000000e+03   1.8155630e+01
   1.4100000e+03   1.7546083e+01
   1.4200000e+03   1.8076077e+01
   1.4300000e+03   1.8318102e+01
   1.4400000e+03   1.7692953e+01
   1.4500000e+03   1.8020911e+01
   1.4600000e+03   1.8228808e+01
   1.4700000e+03   1.8588234e+01
   1.4800000e+03   1.7713941e+01
   1.4900000e+03   1.7907367e+01
   1.5000000e+03   1.9211684e+01
   1.5100000e+03   1.8661639e+01
   1.5200000e+03   1.9455348e+01
   1.5300000e+03   1.8159481e+01
   1.5400000e+03   1.8827523e+01
   1.5500000e+03   1.9458960e+01
   1.5600000e+03   1.8770852e+01
   1.5700000e+03   1.9148444e+01
   1.5800000e+03   1.8187513e+01
   1.5900000e+03   1.9274369e+01
   1.6000000e+03   1.8593290e+01
   1.6100000e+03   1.8980428e+01
   1.6200000e+03   1.9126241e+01
   1.6300000e+03   1.9699303e+01
   1.6400000e+03   2.0926667e+01
   1.6500000e+03   1.9586440e+01
   1.6600000e+03   2.1203287e+01
   1.6700000e+03   2.0632237e+01
   1.6800000e+03   2.1582099e+01
   1.6900000e+03   2.1334839e+01
   1.7000000e+03   2.1470452e+01
   1.7100000e+03   2.2647411e+01
   1.7200000e+03   2.3150424e+01
   1.7300000e+03   2.1768548e+01
   1.7400000e+03   2.0779626e+01
   1.7500000e+03   2.0474865e+01
   1.7600000e+03   2.0298612e+01
   1.7700000e+03   2.1204555e+01
   1.7800000e+03   2.0555193e+01
   1.7900000e+03   2.1724567e+01
   1.8000000e+03   2.1168428e+01
   1.8100000e+03   2.1326614e+01
   1.8200000e+03   2.4068041e+01
   1.8300000e+03   2.1868015e+01
   1.8400000e+03   2.2496816e+01
   1.8500000e+03   2.3361661e+01
   1.8600000e+03   2.2343121e+01
   1.8700000e+03   2.2238740e+01
   1.8800000e+03   2.2668299e+01
   1.8900000e+03   2.0881928e+01
   1.9000000e+03   2.2369680e+01
   1.9100000e+03   2.2718013e+01
   1.9200000e+03   2.1656073e+01
   1.9300000e+03   2.1385997e+01
   1.9400000e+03   2.1517575e+01
   1.9500000e+03   2.1439940e+01
   1.9600000e+03   2.3193286e+01
   1.9700000e+03   2.2622490e+01
   1.9800000e+03   2.2340169e+01
   1.9900000e+03   2.1964543e+01
   2.0000000e+03   2.2162437e+01
   2.0100000e+03   2.1565725e+01
   2.0200000e+03   2.0729035e+01
   2.0300000e+03   2.2686549e+01
   2.0400000e+03   2.1560505e+01
   2.0500000e+03   2.3104687e+01
   2.0600000e+03   2.3377360e+01
   2.0700000e+03   2.2854752e+01
   2.0800000e+03   2.2092342e+01
   2.0900000e+03   2.1722341e+01
   2.1000000e+03   2.1263021e+01
   2.1100000e+03   2.1569330e+01
   2.1200000e+03   2.1957314e+01
   2.1300000e+03   2.1797811e+01
   2.1400000e+03   2.0500565e+01
   2.1500000e+03   2.0159917e+01
   2.1600000e+03   2.2338146e+01
   2.1700000e+03   2.0928209e+01
   2.1800000e+03   2.0728311e+01
   2.1900000e+03   2.3268456e+01
   2.2000000e+03   2.2094966e+01
   2.2100000e+03   2.1703688e+01
   2.2200000e+03   2.2143790e+01
   2.2300000e+03   2.1528667e+01
   2.2400000e+03   2.2317647e+01
   2.2500000e+03   2.2830685e+01
   2.2600000e+03   2.3219779e+01
   2.2700000e+03   2.2518334e+01
   2.2800000e+03   2.0944588e+01
   2.2900000e+03   2.1950313e+01
   2.3000000e+03   2.2311563e+01
   2.3100000e+03   2.1943225e+01
   2.3200000e+03   2.2181260e+01
   2.3300000e+03   2.1500188e+01
   2.3400000e+03   2.2482902e+01
   2.3500000e+03   2.2441784e+01
   2.3600000e+03   2.1959238e+01
   2.3700000e+03   2.0897695e+01
   2.3800000e+03   2.0581180e+01
   2.3900000e+03   1.9494036e+01
   2.4000000e+03   1.8389002e+01
   2.4100000e+03   1.7780096e+01
   2.4200000e+03   1.7734512e+01
   2.4300000e+03   1.8387633e+01
   2.4400000e+03   1.8783616e+01
   2.4500000e+03   1.7936843e+01
   2.4600000e+03   1.8571184e+01
   2.4700000e+03   1.8403624e+01
   2.4800000e+03   1.8460384e+01
   2.4900000e+03   1.3594868e+01
   2.5000000e+03   1.3218534e+01
   2.5100000e+03   1.5709921e+01
   2.5200000e+03   1.5186827e+01
   2.5300000e+03   1.5387801e+01
   2.5400000e+03   1.5120212e+01
   2.5500000e+03   1.5961450e+01
   2.5600000e+03   1.5772327e+01
   2.5700000e+03   1.5889382e+01
   2.5800000e+03   1.5749288e+01
   2.5900000e+03   1.6194187e+01
   2.6000000e+03   1.6091374e+01
   2.6100000e+03   1.6490443e+01
   2.6200000e+03   1.6503685e+01
   2.6300000e+03   1.5893775e+01
   2.6400000e+03   1.6385622e+01
   2.6500000e+03   1.7713590e+01
   2.6600000e+03   1.7675629e+01
   2.6700000e+03   1.7094614e+01
   2.6800000e+03   1.5552772e+01
   2.6900000e+03   1.7370560e+01
   2.7000000e+03   1.6356694e+01
   2.7100000e+03   1.6141030e+01
   2.7200000e+03   1.5803920e+01
   2.7300000e+03   1.6769381e+01
   2.7400000e+03   1.6211470e+01
   2.7500000e+03   1.5934281e+01
   2.7600000e+03   1.8149725e+01
   2.7700000e+03   1.6857399e+01
   2.7800000e+03   1.6612638e+01
   2.7900000e+03   1.7386721e+01
   2.8000000e+03   1.8061510e+01
   2.8100000e+03   1.7453654e+01
   2.8200000e+03   1.8370854e+01
   2.8300000e+03   1.7036899e+01
   2.8400000e+03   1.8015596e+01
   2.8500000e+03   1.8176137e+01
   2.8600000e+03   1.7848585e+01
   2.8700000e+03   1.8059320e+01
   2.8800000e+03   1.9156401e+01
   2.8900000e+03   1.6120599e+01
   2.9000000e+03   1.6453587e+01
   2.9100000e+03   1.6963689e+01
   2.9200000e+03   1.6384577e+01
   2.9300000e+03   1.6911572e+01
   2.9400000e+03   1.8240284e+01
   2.9500000e+03   1.7683066e+01
   2.9600000e+03   1.6412177e+01
   2.9700000e+03   1.4638301e+01
   2.9800000e+03   1.4029789e+01
   2.9900000e+03   1.4399312e+01
   3.0000000e+03   1.3708901e+01
   3.0100000e+03   1.4437954e+01
   3.0200000e+03   1.4818905e+01
   3.0300000e+03   1.3408795e+01
   3.0400000e+03   1.4471375e+01
   3.0500000e+03   1.5122652e+01
   3.0600000e+03   1.5766349e+01
   3.0700000e+03   1.4807890e+01
   3.0800000e+03   1.4883636e+01
   3.0900000e+03   1.4953453e+01
   3.1000000e+03   1.6246574e+01
   3.1100000e+03   1.4545209e+01
   3.1200000e+03   1.5591347e+01
   3.1300000e+03   1.5124413e+01
   3.1400000e+03   1.5393081e+01
   3.1500000e+03   1.4771732e+01
   3.1600000e+03   1.3538082e+01
   3.1700000e+03   1.5534377e+01
   3.1800000e+03   1.5749708e+01
   3.1900000e+03   1.6068160e+01
   3.2000000e+03   1.6618168e+01
   3.2100000e+03   1.7251390e+01
   3.2200000e+03   1.5472331e+01
   3.2300000e+03   1.6172548e+01
   3.2400000e+03   1.6525653e+01
   3.2500000e+03   1.7066179e+01
   3.2600000e+03   1.7151073e+01
   3.2700000e+03   1.5990118e+01
   3.2800000e+03   1.7570105e+01
   3.2900000e+03   1.7398177e+01
   3.3000000e+03   1.5343183e+01
   3.3100000e+03   1.7318855e+01
   3.3200000e+03   1.7437465e+01
   3.3300000e+03   1.8468854e+01
   3.3400000e+03   1.7894687e+01
   3.3500000e+03   1.6649915e+01
   3.3600000e+03   1.6601916e+01
   3.3700000e+03   1.8049941e+01
   3.3800000e+03   1.8056313e+01
   3.3900000e+03   1.4179775e+01
   3.4000000e+03   1.7273389e+01
   3.4100000e+03   1.7308814e+01
   3.4200000e+03   1.7948771e+01
   3.4300000e+03   1.6882838e+01
   3.4400000e+03   1.7309188e+01
   3.4500000e+03   1.6891411e+01
   3.4600000e+03   1.6952239e+01
   3.4700000e+03   1.6997909e+01
   3.4800000e+03   1.6993845e+01
   3.4900000e+03   1.5480813e+01
