   0.0000000e+00   1.7067909e+01
   1.0000000e+01   1.7066663e+01
   2.0000000e+01   1.7065440e+01
   3.0000000e+01   1.7073398e+01
   4.0000000e+01   1.7058856e+01
   5.0000000e+01   1.7063104e+01
   6.0000000e+01   1.7091440e+01
   7.0000000e+01   1.7404734e+01
   8.0000000e+01   1.7818496e+01
   9.0000000e+01   1.8801690e+01
   1.0000000e+02   2.0633922e+01
   1.1000000e+02   2.1006556e+01
   1.2000000e+02   2.0930549e+01
   1.3000000e+02   2.0573707e+01
   1.4000000e+02   2.0659054e+01
   1.5000000e+02   2.0615151e+01
   1.6000000e+02   2.0131608e+01
   1.7000000e+02   1.9967343e+01
   1.8000000e+02   2.0199251e+01
   1.9000000e+02   1.9784568e+01
   2.0000000e+02   1.9467087e+01
   2.1000000e+02   1.9442194e+01
   2.2000000e+02   1.9290858e+01
   2.3000000e+02   1.9337093e+01
   2.4000000e+02   1.9322749e+01
   2.5000000e+02   1.9278915e+01
   2.6000000e+02   1.9482533e+01
   2.7000000e+02   1.9672140e+01
   2.8000000e+02   1.9332992e+01
   2.9000000e+02   1.9266348e+01
   3.0000000e+02   1.9670596e+01
   3.1000000e+02   1.9406875e+01
   3.2000000e+02   1.9291011e+01
   3.3000000e+02   1.9330287e+01
   3.4000000e+02   1.9477335e+01
   3.5000000e+02   1.9586670e+01
   3.6000000e+02   1.9633213e+01
   3.7000000e+02   1.9937004e+01
   3.8000000e+02   1.9609569e+01
   3.9000000e+02   1.9522250e+01
   4.0000000e+02   1.9623444e+01
   4.1000000e+02   1.9986258e+01
   4.2000000e+02   1.9645956e+01
   4.3000000e+02   1.9475025e+01
   4.4000000e+02   1.9530536e+01
   4.5000000e+02   1.9619792e+01
   4.6000000e+02   1.9145487e+01
   4.7000000e+02   1.9321609e+01
   4.8000000e+02   1.9130791e+01
   4.9000000e+02   1.9584799e+01
   5.0000000e+02   1.9728248e+01
   5.1000000e+02   1.9880471e+01
   5.2000000e+02   1.9650551e+01
   5.3000000e+02   1.9822518e+01
   5.4000000e+02   1.9902135e+01
   5.5000000e+02   1.9488204e+01
   5.6000000e+02   1.9854850e+01
   5.7000000e+02   1.9898351e+01
   5.8000000e+02   1.9707131e+01
   5.9000000e+02   1.9893923e+01
   6.0000000e+02   2.0111808e+01
   6.1000000e+02   1.9797814e+01
   6.2000000e+02   1.9845352e+01
   6.3000000e+02   1.9640114e+01
   6.4000000e+02   2.0124833e+01
   6.5000000e+02   1.9588062e+01
   6.6000000e+02   1.9623793e+01
   6.7000000e+02   1.9996982e+01
   6.8000000e+02   1.9924734e+01
   6.9000000e+02   1.9398089e+01
   7.0000000e+02   1.9644560e+01
   7.1000000e+02   1.9650741e+01
   7.2000000e+02   1.9599524e+01
   7.3000000e+02   1.9719330e+01
   7.4000000e+02   1.9516640e+01
   7.5000000e+02   1.9399371e+01
   7.6000000e+02   1.9084159e+01
   7.7000000e+02   1.9379836e+01
   7.8000000e+02   1.9312187e+01
   7.9000000e+02   1.9237942e+01
   8.0000000e+02   1.9188638e+01
   8.1000000e+02   1.9383813e+01
   8.2000000e+02   1.9341081e+01
   8.3000000e+02   1.9069271e+01
   8.4000000e+02   1.8875769e+01
   8.5000000e+02   1.8863892e+01
   8.6000000e+02   1.9241716e+01
   8.7000000e+02   1.9162135e+01
   8.8000000e+02   1.8927032e+01
   8.9000000e+02   1.9124108e+01
   9.0000000e+02   1.9111963e+01
   9.1000000e+02   1.9678614e+01
   9.2000000e+02   1.9517599e+01
   9.3000000e+02   1.9215126e+01
   9.4000000e+02   1.8855086e+01
   9.5000000e+02   1.8743117e+01
   9.6000000e+02   1.8755231e+01
   9.7000000e+02   1.8920023e+01
   9.8000000e+02   1.9178445e+01
   9.9000000e+02   1.8851210e+01
   1.0000000e+03   1.9133751e+01
   1.0100000e+03   1.8720831e+01
   1.0200000e+03   1.9134012e+01
   1.0300000e+03   1.9023497e+01
   1.0400000e+03   1.8973274e+01
   1.0500000e+03   1.8743360e+01
   1.0600000e+03   1.8742361e+01
   1.0700000e+03   1.8729942e+01
   1.0800000e+03   1.8422303e+01
   1.0900000e+03   1.8501860e+01
   1.1000000e+03   1.8668170e+01
   1.1100000e+03   1.8989066e+01
   1.1200000e+03   1.9089184e+01
   1.1300000e+03   1.9277180e+01
   1.1400000e+03   1.9409375e+01
   1.1500000e+03   1.9121617e+01
   1.1600000e+03   1.9342988e+01
   1.1700000e+03   1.9412570e+01
   1.1800000e+03   1.9216889e+01
   1.1900000e+03   1.9408355e+01
   1.2000000e+03   1.9366484e+01
   1.2100000e+03   1.9559006e+01
   1.2200000e+03   1.9094119e+01
   1.2300000e+03   1.9163845e+01
   1.2400000e+03   1.9036471e+01
   1.2500000e+03   1.8819455e+01
   1.2600000e+03   1.9064838e+01
   1.2700000e+03   1.9438070e+01
   1.2800000e+03   1.9439583e+01
   1.2900000e+03   1.9173916e+01
   1.3000000e+03   1.9358156e+01
   1.3100000e+03   1.9426123e+01
   1.3200000e+03   1.9324515e+01
   1.3300000e+03   1.9247515e+01
   1.3400000e+03   1.9014065e+01
   1.3500000e+03   1.9354979e+01
   1.3600000e+03   1.9224548e+01
   1.3700000e+03   1.8937948e+01
   1.3800000e+03   1.8845116e+01
   1.3900000e+03   1.8716630e+01
   1.4000000e+03   1.9039259e+01
   1.4100000e+03   1.8614453e+01
   1.4200000e+03   1.8912062e+01
   1.4300000e+03   1.8830899e+01
   1.4400000e+03   1.9027476e+01
   1.4500000e+03   1.8911425e+01
   1.4600000e+03   1.9340187e+01
   1.4700000e+03   1.9270054e+01
   1.4800000e+03   1.9708632e+01
   1.4900000e+03   1.9138644e+01
   1.5000000e+03   1.9490648e+01
   1.5100000e+03   1.9113420e+01
   1.5200000e+03   1.9162018e+01
   1.5300000e+03   1.9317635e+01
   1.5400000e+03   1.9346097e+01
   1.5500000e+03   1.9352900e+01
   1.5600000e+03   1.8895237e+01
   1.5700000e+03   1.8841877e+01
   1.5800000e+03   1.8915593e+01
   1.5900000e+03   1.8612188e+01
   1.6000000e+03   1.9400525e+01
   1.6100000e+03   1.8806490e+01
   1.6200000e+03   1.9248098e+01
   1.6300000e+03   1.9282099e+01
   1.6400000e+03   1.9036477e+01
   1.6500000e+03   1.9279727e+01
   1.6600000e+03   1.9338789e+01
   1.6700000e+03   1.9199492e+01
   1.6800000e+03   1.9153302e+01
   1.6900000e+03   1.9051082e+01
   1.7000000e+03   1.9362400e+01
   1.7100000e+03   1.9415954e+01
   1.7200000e+03   1.9562938e+01
   1.7300000e+03   1.9174389e+01
   1.7400000e+03   1.9365075e+01
   1.7500000e+03   1.9265355e+01
   1.7600000e+03   1.8955341e+01
   1.7700000e+03   1.8643208e+01
   1.7800000e+03   1.8865552e+01
   1.7900000e+03   1.8983838e+01
   1.8000000e+03   1.8882666e+01
   1.8100000e+03   1.9405638e+01
   1.8200000e+03   1.9080083e+01
   1.8300000e+03   1.8973089e+01
   1.8400000e+03   1.8881040e+01
   1.8500000e+03   1.8862872e+01
   1.8600000e+03   1.8863370e+01
   1.8700000e+03   1.9000400e+01
   1.8800000e+03   1.9195213e+01
   1.8900000e+03   1.8959869e+01
   1.9000000e+03   1.9467193e+01
   1.9100000e+03   1.9088802e+01
   1.9200000e+03   1.9023785e+01
   1.9300000e+03   1.9019106e+01
   1.9400000e+03   1.8688397e+01
   1.9500000e+03   1.8490526e+01
   1.9600000e+03   1.8724751e+01
   1.9700000e+03   1.8957055e+01
   1.9800000e+03   1.8653761e+01
   1.9900000e+03   1.8363604e+01
   2.0000000e+03   1.8742978e+01
   2.0100000e+03   1.8784234e+01
   2.0200000e+03   1.9079639e+01
   2.0300000e+03   1.8694963e+01
   2.0400000e+03   1.8475736e+01
   2.0500000e+03   1.8149228e+01
   2.0600000e+03   1.8566210e+01
   2.0700000e+03   1.8728017e+01
   2.0800000e+03   1.8759992e+01
   2.0900000e+03   1.8974511e+01
   2.1000000e+03   1.8928469e+01
   2.1100000e+03   1.9410040e+01
   2.1200000e+03   1.8886860e+01
   2.1300000e+03   1.8501458e+01
   2.1400000e+03   1.8258199e+01
   2.1500000e+03   1.9203949e+01
   2.1600000e+03   1.9243567e+01
   2.1700000e+03   1.9669481e+01
   2.1800000e+03   1.9366382e+01
   2.1900000e+03   1.9186813e+01
   2.2000000e+03   1.8683375e+01
   2.2100000e+03   1.9118801e+01
   2.2200000e+03   1.8528055e+01
   2.2300000e+03   1.9424431e+01
   2.2400000e+03   1.9100686e+01
   2.2500000e+03   1.9865616e+01
   2.2600000e+03   1.9363045e+01
   2.2700000e+03   1.9028243e+01
   2.2800000e+03   1.9951375e+01
   2.2900000e+03   1.9249755e+01
   2.3000000e+03   1.8667502e+01
   2.3100000e+03   1.9700692e+01
   2.3200000e+03   1.8755630e+01
   2.3300000e+03   1.8621952e+01
   2.3400000e+03   1.8344045e+01
   2.3500000e+03   1.8531371e+01
   2.3600000e+03   1.8800105e+01
   2.3700000e+03   1.9146689e+01
   2.3800000e+03   1.9273092e+01
   2.3900000e+03   1.9192219e+01
   2.4000000e+03   1.9049200e+01
   2.4100000e+03   1.8801580e+01
   2.4200000e+03   1.8791237e+01
   2.4300000e+03   1.8959803e+01
   2.4400000e+03   1.8669549e+01
   2.4500000e+03   1.8375236e+01
   2.4600000e+03   1.8611642e+01
   2.4700000e+03   1.8874501e+01
   2.4800000e+03   1.8995809e+01
   2.4900000e+03   1.8629152e+01
   2.5000000e+03   1.8726508e+01
   2.5100000e+03   1.9272729e+01
   2.5200000e+03   1.8983442e+01
   2.5300000e+03   1.8812993e+01
   2.5400000e+03   1.8878094e+01
   2.5500000e+03   1.9058802e+01
   2.5600000e+03   1.9029731e+01
   2.5700000e+03   1.8994101e+01
   2.5800000e+03   1.8850710e+01
   2.5900000e+03   1.8915484e+01
   2.6000000e+03   1.9029901e+01
   2.6100000e+03   1.9082972e+01
   2.6200000e+03   1.8791254e+01
   2.6300000e+03   1.8781768e+01
   2.6400000e+03   1.8675397e+01
   2.6500000e+03   1.9214172e+01
   2.6600000e+03   1.9264521e+01
   2.6700000e+03   1.9049379e+01
   2.6800000e+03   1.8762107e+01
   2.6900000e+03   1.8775115e+01
   2.7000000e+03   1.9179116e+01
   2.7100000e+03   1.8923583e+01
   2.7200000e+03   1.8936932e+01
   2.7300000e+03   1.8998666e+01
   2.7400000e+03   1.9199345e+01
   2.7500000e+03   1.9313287e+01
   2.7600000e+03   1.9558400e+01
   2.7700000e+03   1.9102919e+01
   2.7800000e+03   1.9133676e+01
   2.7900000e+03   1.9134297e+01
   2.8000000e+03   1.8937591e+01
   2.8100000e+03   1.9387155e+01
   2.8200000e+03   1.9169498e+01
   2.8300000e+03   1.9391312e+01
   2.8400000e+03   1.9152292e+01
   2.8500000e+03   1.9343424e+01
   2.8600000e+03   1.9245128e+01
   2.8700000e+03   1.9008537e+01
   2.8800000e+03   1.8763843e+01
   2.8900000e+03   1.8964733e+01
   2.9000000e+03   1.9199976e+01
   2.9100000e+03   1.8786760e+01
   2.9200000e+03   1.8864925e+01
   2.9300000e+03   1.9253882e+01
   2.9400000e+03   1.9006042e+01
   2.9500000e+03   1.9172926e+01
   2.9600000e+03   1.9061991e+01
   2.9700000e+03   1.8911520e+01
   2.9800000e+03   1.8884496e+01
   2.9900000e+03   1.8894507e+01
   3.0000000e+03   1.8743050e+01
   3.0100000e+03   1.9249648e+01
   3.0200000e+03   1.9040478e+01
   3.0300000e+03   1.9177258e+01
   3.0400000e+03   1.9179898e+01
   3.0500000e+03   1.9452532e+01
   3.0600000e+03   1.8674010e+01
   3.0700000e+03   1.8535992e+01
   3.0800000e+03   1.9098772e+01
   3.0900000e+03   1.9025217e+01
   3.1000000e+03   1.9244079e+01
   3.1100000e+03   1.8945149e+01
   3.1200000e+03   1.8956871e+01
   3.1300000e+03   1.8978955e+01
   3.1400000e+03   1.8586194e+01
   3.1500000e+03   1.9110970e+01
   3.1600000e+03   1.9062464e+01
   3.1700000e+03   1.8825202e+01
   3.1800000e+03   1.8819664e+01
   3.1900000e+03   1.8726631e+01
   3.2000000e+03   1.8747795e+01
   3.2100000e+03   1.8435627e+01
   3.2200000e+03   1.8618828e+01
   3.2300000e+03   1.8507999e+01
   3.2400000e+03   1.8899080e+01
   3.2500000e+03   1.8786155e+01
   3.2600000e+03   1.8910959e+01
   3.2700000e+03   1.8929868e+01
   3.2800000e+03   1.8559912e+01
   3.2900000e+03   1.8628446e+01
   3.3000000e+03   1.8761037e+01
   3.3100000e+03   1.8919455e+01
   3.3200000e+03   1.8913511e+01
   3.3300000e+03   1.8774534e+01
   3.3400000e+03   1.8787656e+01
   3.3500000e+03   1.8761173e+01
   3.3600000e+03   1.8874853e+01
   3.3700000e+03   1.8685152e+01
   3.3800000e+03   1.8348597e+01
   3.3900000e+03   1.8466204e+01
   3.4000000e+03   1.8668444e+01
   3.4100000e+03   1.9013448e+01
   3.4200000e+03   1.9309447e+01
   3.4300000e+03   1.8928593e+01
   3.4400000e+03   1.9003478e+01
   3.4500000e+03   1.8961455e+01
   3.4600000e+03   1.8895736e+01
   3.4700000e+03   1.8811398e+01
   3.4800000e+03   1.8752941e+01
   3.4900000e+03   1.8876069e+01
