   0.0000000e+00   1.7304523e+01
   1.0000000e+01   1.7312797e+01
   2.0000000e+01   1.7309484e+01
   3.0000000e+01   1.7315816e+01
   4.0000000e+01   1.7301045e+01
   5.0000000e+01   1.7297630e+01
   6.0000000e+01   1.7305064e+01
   7.0000000e+01   1.7300256e+01
   8.0000000e+01   1.7269257e+01
   9.0000000e+01   1.7220948e+01
   1.0000000e+02   1.7112677e+01
   1.1000000e+02   1.7019218e+01
   1.2000000e+02   1.6937854e+01
   1.3000000e+02   1.6880897e+01
   1.4000000e+02   1.6872438e+01
   1.5000000e+02   1.6926877e+01
   1.6000000e+02   1.7051170e+01
   1.7000000e+02   1.7197219e+01
   1.8000000e+02   1.7427790e+01
   1.9000000e+02   1.7749543e+01
   2.0000000e+02   1.7970268e+01
   2.1000000e+02   1.8195253e+01
   2.2000000e+02   1.8463468e+01
   2.3000000e+02   1.8704797e+01
   2.4000000e+02   1.8985887e+01
   2.5000000e+02   1.9226524e+01
   2.6000000e+02   1.9470944e+01
   2.7000000e+02   1.9676543e+01
   2.8000000e+02   1.9899855e+01
   2.9000000e+02   2.0085315e+01
   3.0000000e+02   2.0180085e+01
   3.1000000e+02   2.0200498e+01
   3.2000000e+02   2.0462488e+01
   3.3000000e+02   2.0652242e+01
   3.4000000e+02   2.0811397e+01
   3.5000000e+02   2.0874309e+01
   3.6000000e+02   2.1043025e+01
   3.7000000e+02   2.0928912e+01
   3.8000000e+02   2.0833983e+01
   3.9000000e+02   2.0941685e+01
   4.0000000e+02   2.1015444e+01
   4.1000000e+02   2.1076270e+01
   4.2000000e+02   2.1151808e+01
   4.3000000e+02   2.1178302e+01
   4.4000000e+02   2.1240908e+01
   4.5000000e+02   2.1282131e+01
   4.6000000e+02   2.1400100e+01
   4.7000000e+02   2.1571028e+01
   4.8000000e+02   2.1812522e+01
   4.9000000e+02   2.1830707e+01
   5.0000000e+02   2.1683582e+01
   5.1000000e+02   2.1633366e+01
   5.2000000e+02   2.1616657e+01
   5.3000000e+02   2.1624316e+01
   5.4000000e+02   2.1552505e+01
   5.5000000e+02   2.1599884e+01
   5.6000000e+02   2.1551562e+01
   5.7000000e+02   2.1353202e+01
   5.8000000e+02   2.1235586e+01
   5.9000000e+02   2.1087720e+01
   6.0000000e+02   2.0873012e+01
   6.1000000e+02   2.0609933e+01
   6.2000000e+02   2.0432816e+01
   6.3000000e+02   2.0201272e+01
   6.4000000e+02   2.0044447e+01
   6.5000000e+02   1.9911782e+01
   6.6000000e+02   1.9747309e+01
   6.7000000e+02   1.9553469e+01
   6.8000000e+02   1.9405401e+01
   6.9000000e+02   1.9290068e+01
   7.0000000e+02   1.9160810e+01
   7.1000000e+02   1.9030665e+01
   7.2000000e+02   1.8924931e+01
   7.3000000e+02   1.8798311e+01
   7.4000000e+02   1.8749238e+01
   7.5000000e+02   1.8763861e+01
   7.6000000e+02   1.8763928e+01
   7.7000000e+02   1.8818296e+01
   7.8000000e+02   1.8873525e+01
   7.9000000e+02   1.8979432e+01
   8.0000000e+02   1.9130215e+01
   8.1000000e+02   1.9231050e+01
   8.2000000e+02   1.9327637e+01
   8.3000000e+02   1.9527795e+01
   8.4000000e+02   1.9614355e+01
   8.5000000e+02   1.9790654e+01
   8.6000000e+02   1.9802829e+01
   8.7000000e+02   1.9790948e+01
   8.8000000e+02   1.9849807e+01
   8.9000000e+02   2.0058084e+01
   9.0000000e+02   2.0212506e+01
   9.1000000e+02   2.0235121e+01
   9.2000000e+02   2.0163137e+01
   9.3000000e+02   2.0131657e+01
   9.4000000e+02   2.0301024e+01
   9.5000000e+02   2.0428218e+01
   9.6000000e+02   2.0639698e+01
   9.7000000e+02   2.0807472e+01
   9.8000000e+02   2.0911317e+01
   9.9000000e+02   2.1014721e+01
   1.0000000e+03   2.1103726e+01
   1.0100000e+03   2.1145451e+01
   1.0200000e+03   2.1254657e+01
   1.0300000e+03   2.1310510e+01
   1.0400000e+03   2.1384653e+01
   1.0500000e+03   2.1489831e+01
   1.0600000e+03   2.1619326e+01
   1.0700000e+03   2.1716365e+01
   1.0800000e+03   2.1831489e+01
   1.0900000e+03   2.1990150e+01
   1.1000000e+03   2.2137008e+01
   1.1100000e+03   2.2267371e+01
   1.1200000e+03   2.2372064e+01
   1.1300000e+03   2.2451111e+01
   1.1400000e+03   2.2524000e+01
   1.1500000e+03   2.2656151e+01
   1.1600000e+03   2.2753437e+01
   1.1700000e+03   2.2968866e+01
   1.1800000e+03   2.3187181e+01
   1.1900000e+03   2.3318624e+01
   1.2000000e+03   2.3492411e+01
   1.2100000e+03   2.3603184e+01
   1.2200000e+03   2.3738167e+01
   1.2300000e+03   2.3977545e+01
   1.2400000e+03   2.4047639e+01
   1.2500000e+03   2.4144619e+01
   1.2600000e+03   2.4303707e+01
   1.2700000e+03   2.4443102e+01
   1.2800000e+03   2.4439531e+01
   1.2900000e+03   2.4509902e+01
   1.3000000e+03   2.4526000e+01
   1.3100000e+03   2.4540588e+01
   1.3200000e+03   2.4588965e+01
   1.3300000e+03   2.4546701e+01
   1.3400000e+03   2.4586637e+01
   1.3500000e+03   2.4534606e+01
   1.3600000e+03   2.4521994e+01
   1.3700000e+03   2.4643566e+01
   1.3800000e+03   2.4651104e+01
   1.3900000e+03   2.4647404e+01
   1.4000000e+03   2.4709997e+01
   1.4100000e+03   2.4711189e+01
   1.4200000e+03   2.4734323e+01
   1.4300000e+03   2.4746781e+01
   1.4400000e+03   2.4758719e+01
   1.4500000e+03   2.4747994e+01
   1.4600000e+03   2.4568569e+01
   1.4700000e+03   2.4457449e+01
   1.4800000e+03   2.4324346e+01
   1.4900000e+03   2.4271934e+01
   1.5000000e+03   2.4193343e+01
   1.5100000e+03   2.4064003e+01
   1.5200000e+03   2.3959796e+01
   1.5300000e+03   2.3849727e+01
   1.5400000e+03   2.3775095e+01
   1.5500000e+03   2.3760396e+01
   1.5600000e+03   2.3723219e+01
   1.5700000e+03   2.3820177e+01
   1.5800000e+03   2.3888959e+01
   1.5900000e+03   2.3913832e+01
   1.6000000e+03   2.4051417e+01
   1.6100000e+03   2.4195885e+01
   1.6200000e+03   2.4258806e+01
   1.6300000e+03   2.4305353e+01
   1.6400000e+03   2.4543178e+01
   1.6500000e+03   2.4468463e+01
   1.6600000e+03   2.4349332e+01
   1.6700000e+03   2.4276886e+01
   1.6800000e+03   2.4180813e+01
   1.6900000e+03   2.4249853e+01
   1.7000000e+03   2.4265750e+01
   1.7100000e+03   2.4263220e+01
   1.7200000e+03   2.4259796e+01
   1.7300000e+03   2.4196499e+01
   1.7400000e+03   2.4175855e+01
   1.7500000e+03   2.4157116e+01
   1.7600000e+03   2.4165162e+01
   1.7700000e+03   2.4260504e+01
   1.7800000e+03   2.4323451e+01
   1.7900000e+03   2.4376789e+01
   1.8000000e+03   2.4533641e+01
   1.8100000e+03   2.4646180e+01
   1.8200000e+03   2.4853971e+01
   1.8300000e+03   2.4925607e+01
   1.8400000e+03   2.5062163e+01
   1.8500000e+03   2.5326135e+01
   1.8600000e+03   2.5407792e+01
   1.8700000e+03   2.5417694e+01
   1.8800000e+03   2.5446573e+01
   1.8900000e+03   2.5602407e+01
   1.9000000e+03   2.5590043e+01
   1.9100000e+03   2.5473553e+01
   1.9200000e+03   2.5499509e+01
   1.9300000e+03   2.5526441e+01
   1.9400000e+03   2.5637301e+01
   1.9500000e+03   2.5723260e+01
   1.9600000e+03   2.5811270e+01
   1.9700000e+03   2.5926446e+01
   1.9800000e+03   2.6131340e+01
   1.9900000e+03   2.6231820e+01
   2.0000000e+03   2.6279180e+01
   2.0100000e+03   2.6248975e+01
   2.0200000e+03   2.6236753e+01
   2.0300000e+03   2.6330547e+01
   2.0400000e+03   2.6438087e+01
   2.0500000e+03   2.6611436e+01
   2.0600000e+03   2.6721845e+01
   2.0700000e+03   2.6712089e+01
   2.0800000e+03   2.6561211e+01
   2.0900000e+03   2.6416348e+01
   2.1000000e+03   2.6447776e+01
   2.1100000e+03   2.6366738e+01
   2.1200000e+03   2.6240807e+01
   2.1300000e+03   2.6182115e+01
   2.1400000e+03   2.6251096e+01
   2.1500000e+03   2.6250849e+01
   2.1600000e+03   2.6304964e+01
   2.1700000e+03   2.6247499e+01
   2.1800000e+03   2.6068068e+01
   2.1900000e+03   2.5991422e+01
   2.2000000e+03   2.6162603e+01
   2.2100000e+03   2.6295019e+01
   2.2200000e+03   2.6288247e+01
   2.2300000e+03   2.6174619e+01
   2.2400000e+03   2.6083942e+01
   2.2500000e+03   2.5971327e+01
   2.2600000e+03   2.5773453e+01
   2.2700000e+03   2.5715331e+01
   2.2800000e+03   2.5541952e+01
   2.2900000e+03   2.5499663e+01
   2.3000000e+03   2.5453541e+01
   2.3100000e+03   2.5315107e+01
   2.3200000e+03   2.5267002e+01
   2.3300000e+03   2.5250312e+01
   2.3400000e+03   2.5197491e+01
   2.3500000e+03   2.5193693e+01
   2.3600000e+03   2.5148879e+01
   2.3700000e+03   2.5115140e+01
   2.3800000e+03   2.5104817e+01
   2.3900000e+03   2.5131604e+01
   2.4000000e+03   2.5203818e+01
   2.4100000e+03   2.5379558e+01
   2.4200000e+03   2.5493548e+01
   2.4300000e+03   2.5535717e+01
   2.4400000e+03   2.5676426e+01
   2.4500000e+03   2.5860861e+01
   2.4600000e+03   2.6007233e+01
   2.4700000e+03   2.6114248e+01
   2.4800000e+03   2.6125572e+01
   2.4900000e+03   2.6176706e+01
   2.5000000e+03   2.6346675e+01
   2.5100000e+03   2.6433919e+01
   2.5200000e+03   2.6428445e+01
   2.5300000e+03   2.6476115e+01
   2.5400000e+03   2.6519586e+01
   2.5500000e+03   2.6543156e+01
   2.5600000e+03   2.6560113e+01
   2.5700000e+03   2.6554431e+01
   2.5800000e+03   2.6602480e+01
   2.5900000e+03   2.6618218e+01
   2.6000000e+03   2.6665762e+01
   2.6100000e+03   2.6712717e+01
   2.6200000e+03   2.6731819e+01
   2.6300000e+03   2.6780199e+01
   2.6400000e+03   2.6803307e+01
   2.6500000e+03   2.6804346e+01
   2.6600000e+03   2.6698691e+01
   2.6700000e+03   2.6685109e+01
   2.6800000e+03   2.6745939e+01
   2.6900000e+03   2.6822180e+01
   2.7000000e+03   2.6891334e+01
   2.7100000e+03   2.7008960e+01
   2.7200000e+03   2.7129261e+01
   2.7300000e+03   2.7223002e+01
   2.7400000e+03   2.7152693e+01
   2.7500000e+03   2.7066486e+01
   2.7600000e+03   2.6963000e+01
   2.7700000e+03   2.6827172e+01
   2.7800000e+03   2.6750874e+01
   2.7900000e+03   2.6644406e+01
   2.8000000e+03   2.6576609e+01
   2.8100000e+03   2.6543933e+01
   2.8200000e+03   2.6500189e+01
   2.8300000e+03   2.6420688e+01
   2.8400000e+03   2.6344654e+01
   2.8500000e+03   2.6169210e+01
   2.8600000e+03   2.6027495e+01
   2.8700000e+03   2.5938205e+01
   2.8800000e+03   2.5898978e+01
   2.8900000e+03   2.5913566e+01
   2.9000000e+03   2.5979618e+01
   2.9100000e+03   2.5948715e+01
   2.9200000e+03   2.5877056e+01
   2.9300000e+03   2.5752958e+01
   2.9400000e+03   2.5705708e+01
   2.9500000e+03   2.5755446e+01
   2.9600000e+03   2.5701167e+01
   2.9700000e+03   2.5749817e+01
   2.9800000e+03   2.5807314e+01
   2.9900000e+03   2.5835472e+01
   3.0000000e+03   2.5849507e+01
   3.0100000e+03   2.5709334e+01
   3.0200000e+03   2.5624918e+01
   3.0300000e+03   2.5555749e+01
   3.0400000e+03   2.5523563e+01
   3.0500000e+03   2.5462725e+01
   3.0600000e+03   2.5496899e+01
   3.0700000e+03   2.5537002e+01
   3.0800000e+03   2.5572917e+01
   3.0900000e+03   2.5513382e+01
   3.1000000e+03   2.5454593e+01
   3.1100000e+03   2.5366673e+01
   3.1200000e+03   2.5316304e+01
   3.1300000e+03   2.5275545e+01
   3.1400000e+03   2.5282787e+01
   3.1500000e+03   2.5288314e+01
   3.1600000e+03   2.5211475e+01
   3.1700000e+03   2.5119640e+01
   3.1800000e+03   2.5080921e+01
   3.1900000e+03   2.5063356e+01
   3.2000000e+03   2.5111849e+01
   3.2100000e+03   2.5174379e+01
   3.2200000e+03   2.5189554e+01
   3.2300000e+03   2.5238256e+01
   3.2400000e+03   2.5261141e+01
   3.2500000e+03   2.5239935e+01
   3.2600000e+03   2.5168489e+01
   3.2700000e+03   2.5131946e+01
   3.2800000e+03   2.5114831e+01
   3.2900000e+03   2.5160374e+01
   3.3000000e+03   2.5160073e+01
   3.3100000e+03   2.5208763e+01
   3.3200000e+03   2.5303393e+01
   3.3300000e+03   2.5365580e+01
   3.3400000e+03   2.5359259e+01
   3.3500000e+03   2.5358292e+01
   3.3600000e+03   2.5347040e+01
   3.3700000e+03   2.5367102e+01
   3.3800000e+03   2.5383030e+01
   3.3900000e+03   2.5399163e+01
   3.4000000e+03   2.5460242e+01
   3.4100000e+03   2.5343974e+01
   3.4200000e+03   2.5157822e+01
   3.4300000e+03   2.4990679e+01
   3.4400000e+03   2.4873027e+01
   3.4500000e+03   2.4756012e+01
   3.4600000e+03   2.4674936e+01
   3.4700000e+03   2.4686082e+01
   3.4800000e+03   2.4643382e+01
   3.4900000e+03   2.4579225e+01
