   0.0000000e+00   1.8650850e+01
   1.0000000e+01   1.8653244e+01
   2.0000000e+01   1.8639023e+01
   3.0000000e+01   1.8657476e+01
   4.0000000e+01   1.8592154e+01
   5.0000000e+01   1.7257674e+01
   6.0000000e+01   8.3232914e+00
   7.0000000e+01   1.5585503e+00
   8.0000000e+01  -2.6684515e+00
   9.0000000e+01  -6.0070210e+00
   1.0000000e+02  -8.6663350e+00
   1.1000000e+02  -1.0458824e+01
   1.2000000e+02  -1.1921875e+01
   1.3000000e+02  -1.2795631e+01
   1.4000000e+02  -1.3593595e+01
   1.5000000e+02  -1.4545124e+01
   1.6000000e+02  -1.4852849e+01
   1.7000000e+02  -1.5625572e+01
   1.8000000e+02  -1.6190984e+01
   1.9000000e+02  -1.6354437e+01
   2.0000000e+02  -1.6499813e+01
   2.1000000e+02  -1.6586163e+01
   2.2000000e+02  -1.6577518e+01
   2.3000000e+02  -1.6788239e+01
   2.4000000e+02  -1.7102792e+01
   2.5000000e+02  -1.7169750e+01
   2.6000000e+02  -1.7364294e+01
   2.7000000e+02  -1.7471898e+01
   2.8000000e+02  -1.7240034e+01
   2.9000000e+02  -1.7235817e+01
   3.0000000e+02  -1.7165360e+01
   3.1000000e+02  -1.6881969e+01
   3.2000000e+02  -1.7625209e+01
   3.3000000e+02  -1.7587668e+01
   3.4000000e+02  -1.7203520e+01
   3.5000000e+02  -1.7450840e+01
   3.6000000e+02  -1.7501728e+01
   3.7000000e+02  -1.7041224e+01
   3.8000000e+02  -1.7165881e+01
   3.9000000e+02  -1.7448114e+01
   4.0000000e+02  -1.7213327e+01
   4.1000000e+02  -1.7317206e+01
   4.2000000e+02  -1.6821076e+01
   4.3000000e+02  -1.7122555e+01
   4.4000000e+02  -1.6654449e+01
   4.5000000e+02  -1.6947746e+01
   4.6000000e+02  -1.7238270e+01
   4.7000000e+02  -1.7111994e+01
   4.8000000e+02  -1.7064200e+01
   4.9000000e+02  -1.7112839e+01
   5.0000000e+02  -1.6943245e+01
   5.1000000e+02  -1.6914819e+01
   5.2000000e+02  -1.6957821e+01
   5.3000000e+02  -1.6763112e+01
   5.4000000e+02  -1.6754582e+01
   5.5000000e+02  -1.6588902e+01
   5.6000000e+02  -1.6849717e+01
   5.7000000e+02  -1.6607005e+01
   5.8000000e+02  -1.6602701e+01
   5.9000000e+02  -1.6711808e+01
   6.0000000e+02  -1.6549856e+01
   6.1000000e+02  -1.6313920e+01
   6.2000000e+02  -1.6236612e+01
   6.3000000e+02  -1.6469404e+01
   6.4000000e+02  -1.6271745e+01
   6.5000000e+02  -1.5997257e+01
   6.6000000e+02  -1.6009580e+01
   6.7000000e+02  -1.6092803e+01
   6.8000000e+02  -1.5933070e+01
   6.9000000e+02  -1.5981107e+01
   7.0000000e+02  -1.5908624e+01
   7.1000000e+02  -1.5970666e+01
   7.2000000e+02  -1.6027711e+01
   7.3000000e+02  -1.5800471e+01
   7.4000000e+02  -1.5932417e+01
   7.5000000e+02  -1.5539511e+01
   7.6000000e+02  -1.5622792e+01
   7.7000000e+02  -1.5514130e+01
   7.8000000e+02  -1.5381771e+01
   7.9000000e+02  -1.5260315e+01
   8.0000000e+02  -1.5553433e+01
   8.1000000e+02  -1.5624761e+01
   8.2000000e+02  -1.5627031e+01
   8.3000000e+02  -1.5800256e+01
   8.4000000e+02  -1.5916625e+01
   8.5000000e+02  -1.5903352e+01
   8.6000000e+02  -1.5946040e+01
   8.7000000e+02  -1.5703768e+01
   8.8000000e+02  -1.5504096e+01
   8.9000000e+02  -1.5101341e+01
   9.0000000e+02  -1.5167696e+01
   9.1000000e+02  -1.5943714e+01
   9.2000000e+02  -1.6228316e+01
   9.3000000e+02  -1.5845632e+01
   9.4000000e+02  -1.5728256e+01
   9.5000000e+02  -1.6254557e+01
   9.6000000e+02  -1.5931336e+01
   9.7000000e+02  -1.5555403e+01
   9.8000000e+02  -1.5548589e+01
   9.9000000e+02  -1.5764321e+01
   1.0000000e+03  -1.5813167e+01
   1.0100000e+03  -1.5757651e+01
   1.0200000e+03  -1.5356229e+01
   1.0300000e+03  -1.5585271e+01
   1.0400000e+03  -1.5719464e+01
   1.0500000e+03  -1.5921909e+01
   1.0600000e+03  -1.6114397e+01
   1.0700000e+03  -1.5949506e+01
   1.0800000e+03  -1.6012929e+01
   1.0900000e+03  -1.5801124e+01
   1.1000000e+03  -1.5646930e+01
   1.1100000e+03  -1.5663533e+01
   1.1200000e+03  -1.5876924e+01
   1.1300000e+03  -1.5733576e+01
   1.1400000e+03  -1.5734926e+01
   1.1500000e+03  -1.5660588e+01
   1.1600000e+03  -1.5813081e+01
   1.1700000e+03  -1.5765509e+01
   1.1800000e+03  -1.5746556e+01
   1.1900000e+03  -1.5759143e+01
   1.2000000e+03  -1.5593938e+01
   1.2100000e+03  -1.5607393e+01
   1.2200000e+03  -1.5862116e+01
   1.2300000e+03  -1.5794527e+01
   1.2400000e+03  -1.5879167e+01
   1.2500000e+03  -1.5696527e+01
   1.2600000e+03  -1.5629473e+01
   1.2700000e+03  -1.5534131e+01
   1.2800000e+03  -1.5800542e+01
   1.2900000e+03  -1.5662796e+01
   1.3000000e+03  -1.5674524e+01
   1.3100000e+03  -1.5704769e+01
   1.3200000e+03  -1.5689420e+01
   1.3300000e+03  -1.5629544e+01
   1.3400000e+03  -1.5555182e+01
   1.3500000e+03  -1.5407782e+01
   1.3600000e+03  -1.5400699e+01
   1.3700000e+03  -1.5515637e+01
   1.3800000e+03  -1.5555831e+01
   1.3900000e+03  -1.5482500e+01
   1.4000000e+03  -1.5538322e+01
   1.4100000e+03  -1.5565284e+01
   1.4200000e+03  -1.5664540e+01
   1.4300000e+03  -1.5263505e+01
   1.4400000e+03  -1.5488270e+01
   1.4500000e+03  -1.5492916e+01
   1.4600000e+03  -1.5650431e+01
   1.4700000e+03  -1.5598052e+01
   1.4800000e+03  -1.5595231e+01
   1.4900000e+03  -1.5387316e+01
   1.5000000e+03  -1.5507325e+01
   1.5100000e+03  -1.5469376e+01
   1.5200000e+03  -1.5445646e+01
   1.5300000e+03  -1.5470365e+01
   1.5400000e+03  -1.5547927e+01
   1.5500000e+03  -1.5620374e+01
   1.5600000e+03  -1.5494091e+01
   1.5700000e+03  -1.5636872e+01
   1.5800000e+03  -1.5568151e+01
   1.5900000e+03  -1.5551366e+01
   1.6000000e+03  -1.5401555e+01
   1.6100000e+03  -1.5247596e+01
   1.6200000e+03  -1.5533159e+01
   1.6300000e+03  -1.5384816e+01
   1.6400000e+03  -1.5523413e+01
   1.6500000e+03  -1.5547215e+01
   1.6600000e+03  -1.5406466e+01
   1.6700000e+03  -1.5379304e+01
   1.6800000e+03  -1.5447379e+01
   1.6900000e+03  -1.5401602e+01
   1.7000000e+03  -1.5418287e+01
   1.7100000e+03  -1.5300065e+01
   1.7200000e+03  -1.5266294e+01
   1.7300000e+03  -1.5246698e+01
   1.7400000e+03  -1.5410175e+01
   1.7500000e+03  -1.5314269e+01
   1.7600000e+03  -1.5644497e+01
   1.7700000e+03  -1.5597462e+01
   1.7800000e+03  -1.5526242e+01
   1.7900000e+03  -1.5622969e+01
   1.8000000e+03  -1.5632974e+01
   1.8100000e+03  -1.5403330e+01
   1.8200000e+03  -1.5511189e+01
   1.8300000e+03  -1.5575135e+01
   1.8400000e+03  -1.5567275e+01
   1.8500000e+03  -1.5550809e+01
   1.8600000e+03  -1.5730644e+01
   1.8700000e+03  -1.5552807e+01
   1.8800000e+03  -1.5535954e+01
   1.8900000e+03  -1.5442738e+01
   1.9000000e+03  -1.5553306e+01
   1.9100000e+03  -1.5720170e+01
   1.9200000e+03  -1.5816128e+01
   1.9300000e+03  -1.5832374e+01
   1.9400000e+03  -1.5805430e+01
   1.9500000e+03  -1.5584528e+01
   1.9600000e+03  -1.5651523e+01
   1.9700000e+03  -1.5568510e+01
   1.9800000e+03  -1.5665781e+01
   1.9900000e+03  -1.5614956e+01
   2.0000000e+03  -1.5920347e+01
   2.0100000e+03  -1.5660299e+01
   2.0200000e+03  -1.5628225e+01
   2.0300000e+03  -1.5732136e+01
   2.0400000e+03  -1.5646492e+01
   2.0500000e+03  -1.5627320e+01
   2.0600000e+03  -1.5658945e+01
   2.0700000e+03  -1.5976593e+01
   2.0800000e+03  -1.5736446e+01
   2.0900000e+03  -1.5819197e+01
   2.1000000e+03  -1.6014053e+01
   2.1100000e+03  -1.5821043e+01
   2.1200000e+03  -1.5901716e+01
   2.1300000e+03  -1.5986528e+01
   2.1400000e+03  -1.5960421e+01
   2.1500000e+03  -1.5990623e+01
   2.1600000e+03  -1.6098839e+01
   2.1700000e+03  -1.6003912e+01
   2.1800000e+03  -1.5810268e+01
   2.1900000e+03  -1.5851951e+01
   2.2000000e+03  -1.5944732e+01
   2.2100000e+03  -1.6063477e+01
   2.2200000e+03  -1.6086688e+01
   2.2300000e+03  -1.5926284e+01
   2.2400000e+03  -1.5903727e+01
   2.2500000e+03  -1.5974151e+01
   2.2600000e+03  -1.6020036e+01
   2.2700000e+03  -1.5951225e+01
   2.2800000e+03  -1.5812672e+01
   2.2900000e+03  -1.5915947e+01
   2.3000000e+03  -1.5807567e+01
   2.3100000e+03  -1.5916472e+01
   2.3200000e+03  -1.5935168e+01
   2.3300000e+03  -1.5924391e+01
   2.3400000e+03  -1.5783436e+01
   2.3500000e+03  -1.5785586e+01
   2.3600000e+03  -1.5627618e+01
   2.3700000e+03  -1.5174437e+01
   2.3800000e+03  -1.5645020e+01
   2.3900000e+03  -1.5774319e+01
   2.4000000e+03  -1.5868722e+01
   2.4100000e+03  -1.5913797e+01
   2.4200000e+03  -1.6045674e+01
   2.4300000e+03  -1.5970158e+01
   2.4400000e+03  -1.5916902e+01
   2.4500000e+03  -1.5679562e+01
   2.4600000e+03  -1.6021100e+01
   2.4700000e+03  -1.6178870e+01
   2.4800000e+03  -1.5893440e+01
   2.4900000e+03  -1.5842548e+01
   2.5000000e+03  -1.6156069e+01
   2.5100000e+03  -1.6085266e+01
   2.5200000e+03  -1.6275521e+01
   2.5300000e+03  -1.6176127e+01
   2.5400000e+03  -1.6123934e+01
   2.5500000e+03  -1.6223818e+01
   2.5600000e+03  -1.6154073e+01
   2.5700000e+03  -1.6271574e+01
   2.5800000e+03  -1.5977243e+01
   2.5900000e+03  -1.6143423e+01
   2.6000000e+03  -1.6030267e+01
   2.6100000e+03  -1.5893524e+01
   2.6200000e+03  -1.6013864e+01
   2.6300000e+03  -1.5854307e+01
   2.6400000e+03  -1.6170676e+01
   2.6500000e+03  -1.5800831e+01
   2.6600000e+03  -1.5629550e+01
   2.6700000e+03  -1.5753300e+01
   2.6800000e+03  -1.5594371e+01
   2.6900000e+03  -1.5831667e+01
   2.7000000e+03  -1.6114143e+01
   2.7100000e+03  -1.6077923e+01
   2.7200000e+03  -1.5994946e+01
   2.7300000e+03  -1.6060425e+01
   2.7400000e+03  -1.5744534e+01
   2.7500000e+03  -1.6079193e+01
   2.7600000e+03  -1.6079282e+01
   2.7700000e+03  -1.6100322e+01
   2.7800000e+03  -1.6165029e+01
   2.7900000e+03  -1.6226642e+01
   2.8000000e+03  -1.5968037e+01
   2.8100000e+03  -1.5793449e+01
   2.8200000e+03  -1.6112425e+01
   2.8300000e+03  -1.6227047e+01
   2.8400000e+03  -1.6115786e+01
   2.8500000e+03  -1.6086366e+01
   2.8600000e+03  -1.6029516e+01
   2.8700000e+03  -1.5958740e+01
   2.8800000e+03  -1.5992718e+01
   2.8900000e+03  -1.5831063e+01
   2.9000000e+03  -1.5464992e+01
   2.9100000e+03  -1.5881384e+01
   2.9200000e+03  -1.6217557e+01
   2.9300000e+03  -1.6177546e+01
   2.9400000e+03  -1.6197737e+01
   2.9500000e+03  -1.6084987e+01
   2.9600000e+03  -1.6201390e+01
   2.9700000e+03  -1.6028629e+01
   2.9800000e+03  -1.6274965e+01
   2.9900000e+03  -1.6196392e+01
   3.0000000e+03  -1.6257911e+01
   3.0100000e+03  -1.6365767e+01
   3.0200000e+03  -1.6434342e+01
   3.0300000e+03  -1.6328522e+01
   3.0400000e+03  -1.6379103e+01
   3.0500000e+03  -1.6463864e+01
   3.0600000e+03  -1.6481128e+01
   3.0700000e+03  -1.6552615e+01
   3.0800000e+03  -1.6388844e+01
   3.0900000e+03  -1.6449163e+01
   3.1000000e+03  -1.6232510e+01
   3.1100000e+03  -1.6158813e+01
   3.1200000e+03  -1.6336284e+01
   3.1300000e+03  -1.6360729e+01
   3.1400000e+03  -1.6263785e+01
   3.1500000e+03  -1.6321226e+01
   3.1600000e+03  -1.6418861e+01
   3.1700000e+03  -1.6041551e+01
   3.1800000e+03  -1.6305186e+01
   3.1900000e+03  -1.6309635e+01
   3.2000000e+03  -1.6544103e+01
   3.2100000e+03  -1.6347173e+01
   3.2200000e+03  -1.6408062e+01
   3.2300000e+03  -1.6337106e+01
   3.2400000e+03  -1.6310992e+01
   3.2500000e+03  -1.6294096e+01
   3.2600000e+03  -1.6357403e+01
   3.2700000e+03  -1.6433750e+01
   3.2800000e+03  -1.6097285e+01
   3.2900000e+03  -1.6306291e+01
   3.3000000e+03  -1.6186546e+01
   3.3100000e+03  -1.5916011e+01
   3.3200000e+03  -1.6011787e+01
   3.3300000e+03  -1.6040855e+01
   3.3400000e+03  -1.6045502e+01
   3.3500000e+03  -1.6200599e+01
   3.3600000e+03  -1.6005430e+01
   3.3700000e+03  -1.6083460e+01
   3.3800000e+03  -1.6181558e+01
   3.3900000e+03  -1.6001843e+01
   3.4000000e+03  -1.6026676e+01
   3.4100000e+03  -1.5858629e+01
   3.4200000e+03  -1.5884510e+01
   3.4300000e+03  -1.5915496e+01
   3.4400000e+03  -1.5687109e+01
   3.4500000e+03  -1.5807404e+01
   3.4600000e+03  -1.5793545e+01
   3.4700000e+03  -1.5822852e+01
   3.4800000e+03  -1.5828127e+01
   3.4900000e+03  -1.5814502e+01
