   0.0000000e+00  -1.5842396e-03
   1.0000000e+01   5.6548598e-03
   2.0000000e+01   7.8657931e-03
   3.0000000e+01   1.1211052e-02
   4.0000000e+01  -9.4859486e-03
   5.0000000e+01  -8.8741586e-03
   6.0000000e+01  -1.7811852e-02
   7.0000000e+01  -2.1620506e-02
   8.0000000e+01  -1.0408732e-02
   9.0000000e+01  -1.7599989e-02
   1.0000000e+02  -6.1846939e-02
   1.1000000e+02  -1.0127807e-01
   1.2000000e+02  -1.3572423e-01
   1.3000000e+02  -1.9654555e-01
   1.4000000e+02  -2.6249578e-01
   1.5000000e+02  -3.3846952e-01
   1.6000000e+02  -4.2758674e-01
   1.7000000e+02  -5.1630938e-01
   1.8000000e+02  -5.9719759e-01
   1.9000000e+02  -7.1049803e-01
   2.0000000e+02  -7.9592302e-01
   2.1000000e+02  -8.6751307e-01
   2.2000000e+02  -9.4343395e-01
   2.3000000e+02  -1.0553757e+00
   2.4000000e+02  -1.1253086e+00
   2.5000000e+02  -1.2093757e+00
   2.6000000e+02  -1.2961420e+00
   2.7000000e+02  -1.3574191e+00
   2.8000000e+02  -1.4272198e+00
   2.9000000e+02  -1.4963996e+00
   3.0000000e+02  -1.5567988e+00
   3.1000000e+02  -1.6183367e+00
   3.2000000e+02  -1.6601585e+00
   3.3000000e+02  -1.7333921e+00
   3.4000000e+02  -1.7594461e+00
   3.5000000e+02  -1.7722425e+00
   3.6000000e+02  -1.8358430e+00
   3.7000000e+02  -1.8864196e+00
   3.8000000e+02  -1.9042942e+00
   3.9000000e+02  -1.9334985e+00
   4.0000000e+02  -1.9874711e+00
   4.1000000e+02  -2.0122411e+00
   4.2000000e+02  -2.0589034e+00
   4.3000000e+02  -2.0877224e+00
   4.4000000e+02  -2.1378054e+00
   4.5000000e+02  -2.1446094e+00
   4.6000000e+02  -2.1784066e+00
   4.7000000e+02  -2.2017348e+00
   4.8000000e+02  -2.2010989e+00
   4.9000000e+02  -2.2392110e+00
   5.0000000e+02  -2.2822426e+00
   5.1000000e+02  -2.3061641e+00
   5.2000000e+02  -2.3140416e+00
   5.3000000e+02  -2.3017640e+00
   5.4000000e+02  -2.3357971e+00
   5.5000000e+02  -2.3304785e+00
   5.6000000e+02  -2.3799781e+00
   5.7000000e+02  -2.3758937e+00
   5.8000000e+02  -2.4019845e+00
   5.9000000e+02  -2.4361849e+00
   6.0000000e+02  -2.4292477e+00
   6.1000000e+02  -2.4369020e+00
   6.2000000e+02  -2.4266182e+00
   6.3000000e+02  -2.4552828e+00
   6.4000000e+02  -2.4914619e+00
   6.5000000e+02  -2.4775678e+00
   6.6000000e+02  -2.4698148e+00
   6.7000000e+02  -2.4902525e+00
   6.8000000e+02  -2.4965757e+00
   6.9000000e+02  -2.5005329e+00
   7.0000000e+02  -2.5226996e+00
   7.1000000e+02  -2.5466244e+00
   7.2000000e+02  -2.5497482e+00
   7.3000000e+02  -2.5835540e+00
   7.4000000e+02  -2.5853303e+00
   7.5000000e+02  -2.5920423e+00
   7.6000000e+02  -2.5555419e+00
   7.7000000e+02  -2.5363859e+00
   7.8000000e+02  -2.5819114e+00
   7.9000000e+02  -2.6093908e+00
   8.0000000e+02  -2.5932394e+00
   8.1000000e+02  -2.6135313e+00
   8.2000000e+02  -2.6074767e+00
   8.3000000e+02  -2.6300042e+00
   8.4000000e+02  -2.6412436e+00
   8.5000000e+02  -2.6172429e+00
   8.6000000e+02  -2.6177258e+00
   8.7000000e+02  -2.6518633e+00
   8.8000000e+02  -2.6436146e+00
   8.9000000e+02  -2.6585096e+00
   9.0000000e+02  -2.6650744e+00
   9.1000000e+02  -2.6523072e+00
   9.2000000e+02  -2.6470676e+00
   9.3000000e+02  -2.6564380e+00
   9.4000000e+02  -2.6329653e+00
   9.5000000e+02  -2.6702393e+00
   9.6000000e+02  -2.6733970e+00
   9.7000000e+02  -2.6859293e+00
   9.8000000e+02  -2.6685762e+00
   9.9000000e+02  -2.6896458e+00
   1.0000000e+03  -2.6744391e+00
   1.0100000e+03  -2.6918784e+00
   1.0200000e+03  -2.6917907e+00
   1.0300000e+03  -2.7045138e+00
   1.0400000e+03  -2.6907015e+00
   1.0500000e+03  -2.6983393e+00
   1.0600000e+03  -2.6901662e+00
   1.0700000e+03  -2.7219768e+00
   1.0800000e+03  -2.7268632e+00
   1.0900000e+03  -2.6824291e+00
   1.1000000e+03  -2.6936427e+00
   1.1100000e+03  -2.7042897e+00
   1.1200000e+03  -2.7304576e+00
   1.1300000e+03  -2.7071230e+00
   1.1400000e+03  -2.7375806e+00
   1.1500000e+03  -2.7298627e+00
   1.1600000e+03  -2.7207974e+00
   1.1700000e+03  -2.6894922e+00
   1.1800000e+03  -2.7358877e+00
   1.1900000e+03  -2.7380606e+00
   1.2000000e+03  -2.7226966e+00
   1.2100000e+03  -2.7408113e+00
   1.2200000e+03  -2.7532383e+00
   1.2300000e+03  -2.7626085e+00
   1.2400000e+03  -2.7418175e+00
   1.2500000e+03  -2.7578019e+00
   1.2600000e+03  -2.7691302e+00
   1.2700000e+03  -2.7587815e+00
   1.2800000e+03  -2.7475218e+00
   1.2900000e+03  -2.7507040e+00
   1.3000000e+03  -2.7584050e+00
   1.3100000e+03  -2.7053520e+00
   1.3200000e+03  -2.7605528e+00
   1.3300000e+03  -2.7839442e+00
   1.3400000e+03  -2.7674966e+00
   1.3500000e+03  -2.7514598e+00
   1.3600000e+03  -2.7526293e+00
   1.3700000e+03  -2.7735750e+00
   1.3800000e+03  -2.7510322e+00
   1.3900000e+03  -2.7802003e+00
   1.4000000e+03  -2.7728029e+00
   1.4100000e+03  -2.7895576e+00
   1.4200000e+03  -2.7718708e+00
   1.4300000e+03  -2.7704923e+00
   1.4400000e+03  -2.7620504e+00
   1.4500000e+03  -2.7672734e+00
   1.4600000e+03  -2.7810726e+00
   1.4700000e+03  -2.7965375e+00
   1.4800000e+03  -2.7781847e+00
   1.4900000e+03  -2.7584310e+00
   1.5000000e+03  -2.8194741e+00
   1.5100000e+03  -2.7939842e+00
   1.5200000e+03  -2.7996466e+00
   1.5300000e+03  -2.7990289e+00
   1.5400000e+03  -2.7963889e+00
   1.5500000e+03  -2.8183376e+00
   1.5600000e+03  -2.8318630e+00
   1.5700000e+03  -2.8112420e+00
   1.5800000e+03  -2.8041688e+00
   1.5900000e+03  -2.8252895e+00
   1.6000000e+03  -2.7970476e+00
   1.6100000e+03  -2.8016875e+00
   1.6200000e+03  -2.7523674e+00
   1.6300000e+03  -2.8022252e+00
   1.6400000e+03  -2.7673088e+00
   1.6500000e+03  -2.8182881e+00
   1.6600000e+03  -2.7811993e+00
   1.6700000e+03  -2.7808773e+00
   1.6800000e+03  -2.7943256e+00
   1.6900000e+03  -2.8101466e+00
   1.7000000e+03  -2.7938089e+00
   1.7100000e+03  -2.8011842e+00
   1.7200000e+03  -2.8125784e+00
   1.7300000e+03  -2.7744418e+00
   1.7400000e+03  -2.7988005e+00
   1.7500000e+03  -2.8109048e+00
   1.7600000e+03  -2.7884461e+00
   1.7700000e+03  -2.8177636e+00
   1.7800000e+03  -2.7966231e+00
   1.7900000e+03  -2.8155712e+00
   1.8000000e+03  -2.8109113e+00
   1.8100000e+03  -2.8019393e+00
   1.8200000e+03  -2.8285879e+00
   1.8300000e+03  -2.8090362e+00
   1.8400000e+03  -2.8114683e+00
   1.8500000e+03  -2.8128558e+00
   1.8600000e+03  -2.8166670e+00
   1.8700000e+03  -2.8049529e+00
   1.8800000e+03  -2.7704720e+00
   1.8900000e+03  -2.8272216e+00
   1.9000000e+03  -2.7909695e+00
   1.9100000e+03  -2.8118566e+00
   1.9200000e+03  -2.8203173e+00
   1.9300000e+03  -2.8324880e+00
   1.9400000e+03  -2.8126622e+00
   1.9500000e+03  -2.8155462e+00
   1.9600000e+03  -2.8228601e+00
   1.9700000e+03  -2.8357380e+00
   1.9800000e+03  -2.8118608e+00
   1.9900000e+03  -2.8338721e+00
   2.0000000e+03  -2.8350873e+00
   2.0100000e+03  -2.8278311e+00
   2.0200000e+03  -2.8047151e+00
   2.0300000e+03  -2.7944240e+00
   2.0400000e+03  -2.8073043e+00
   2.0500000e+03  -2.8344839e+00
   2.0600000e+03  -2.8196987e+00
   2.0700000e+03  -2.8193374e+00
   2.0800000e+03  -2.8342591e+00
   2.0900000e+03  -2.8320535e+00
   2.1000000e+03  -2.8038070e+00
   2.1100000e+03  -2.8003086e+00
   2.1200000e+03  -2.8416282e+00
   2.1300000e+03  -2.8250977e+00
   2.1400000e+03  -2.8380233e+00
   2.1500000e+03  -2.8496362e+00
   2.1600000e+03  -2.8326661e+00
   2.1700000e+03  -2.8275499e+00
   2.1800000e+03  -2.8360483e+00
   2.1900000e+03  -2.8385503e+00
   2.2000000e+03  -2.8386919e+00
   2.2100000e+03  -2.8503685e+00
   2.2200000e+03  -2.8073063e+00
   2.2300000e+03  -2.7869486e+00
   2.2400000e+03  -2.8416340e+00
   2.2500000e+03  -2.8582694e+00
   2.2600000e+03  -2.8377323e+00
   2.2700000e+03  -2.8348031e+00
   2.2800000e+03  -2.8567573e+00
   2.2900000e+03  -2.8650997e+00
   2.3000000e+03  -2.8759612e+00
   2.3100000e+03  -2.8266081e+00
   2.3200000e+03  -2.8113418e+00
   2.3300000e+03  -2.8613371e+00
   2.3400000e+03  -2.8855782e+00
   2.3500000e+03  -2.8519318e+00
   2.3600000e+03  -2.8681303e+00
   2.3700000e+03  -2.8433287e+00
   2.3800000e+03  -2.8440397e+00
   2.3900000e+03  -2.8522924e+00
   2.4000000e+03  -2.8916608e+00
   2.4100000e+03  -2.8486990e+00
   2.4200000e+03  -2.8622478e+00
   2.4300000e+03  -2.8464749e+00
   2.4400000e+03  -2.8497559e+00
   2.4500000e+03  -2.8442662e+00
   2.4600000e+03  -2.8738439e+00
   2.4700000e+03  -2.8454015e+00
   2.4800000e+03  -2.8708199e+00
   2.4900000e+03  -2.8482791e+00
   2.5000000e+03  -2.8622390e+00
   2.5100000e+03  -2.8692498e+00
   2.5200000e+03  -2.8463104e+00
   2.5300000e+03  -2.8359102e+00
   2.5400000e+03  -2.8376221e+00
   2.5500000e+03  -2.8308676e+00
   2.5600000e+03  -2.8648952e+00
   2.5700000e+03  -2.8343067e+00
   2.5800000e+03  -2.8349507e+00
   2.5900000e+03  -2.8249516e+00
   2.6000000e+03  -2.8537519e+00
   2.6100000e+03  -2.8569661e+00
   2.6200000e+03  -2.8662122e+00
   2.6300000e+03  -2.8673083e+00
   2.6400000e+03  -2.8685884e+00
   2.6500000e+03  -2.8656428e+00
   2.6600000e+03  -2.8583156e+00
   2.6700000e+03  -2.8481628e+00
   2.6800000e+03  -2.8319884e+00
   2.6900000e+03  -2.8536327e+00
   2.7000000e+03  -2.8573627e+00
   2.7100000e+03  -2.8488756e+00
   2.7200000e+03  -2.8555001e+00
   2.7300000e+03  -2.8870780e+00
   2.7400000e+03  -2.8058351e+00
   2.7500000e+03  -2.8299723e+00
   2.7600000e+03  -2.8763906e+00
   2.7700000e+03  -2.8704070e+00
   2.7800000e+03  -2.8758027e+00
   2.7900000e+03  -2.8500216e+00
   2.8000000e+03  -2.8352419e+00
   2.8100000e+03  -2.8525095e+00
   2.8200000e+03  -2.8725544e+00
   2.8300000e+03  -2.8809085e+00
   2.8400000e+03  -2.8399772e+00
   2.8500000e+03  -2.8614271e+00
   2.8600000e+03  -2.8620450e+00
   2.8700000e+03  -2.8610993e+00
   2.8800000e+03  -2.8626982e+00
   2.8900000e+03  -2.8675545e+00
   2.9000000e+03  -2.8455545e+00
   2.9100000e+03  -2.8636114e+00
   2.9200000e+03  -2.8902068e+00
   2.9300000e+03  -2.8701351e+00
   2.9400000e+03  -2.8562721e+00
   2.9500000e+03  -2.8680389e+00
   2.9600000e+03  -2.8872048e+00
   2.9700000e+03  -2.8735917e+00
   2.9800000e+03  -2.8725435e+00
   2.9900000e+03  -2.8935438e+00
   3.0000000e+03  -2.8865425e+00
   3.0100000e+03  -2.8819813e+00
   3.0200000e+03  -2.8426792e+00
   3.0300000e+03  -2.8914502e+00
   3.0400000e+03  -2.8762477e+00
   3.0500000e+03  -2.8797213e+00
   3.0600000e+03  -2.8800678e+00
   3.0700000e+03  -2.9108073e+00
   3.0800000e+03  -2.8866755e+00
   3.0900000e+03  -2.8914649e+00
   3.1000000e+03  -2.8545569e+00
   3.1100000e+03  -2.8706312e+00
   3.1200000e+03  -2.8595577e+00
   3.1300000e+03  -2.8814189e+00
   3.1400000e+03  -2.8661604e+00
   3.1500000e+03  -2.8557565e+00
   3.1600000e+03  -2.8734733e+00
   3.1700000e+03  -2.8625020e+00
   3.1800000e+03  -2.8797412e+00
   3.1900000e+03  -2.8678526e+00
   3.2000000e+03  -2.8929943e+00
   3.2100000e+03  -2.8985299e+00
   3.2200000e+03  -2.8562871e+00
   3.2300000e+03  -2.8695971e+00
   3.2400000e+03  -2.8797824e+00
   3.2500000e+03  -2.8800601e+00
   3.2600000e+03  -2.8827650e+00
   3.2700000e+03  -2.8928609e+00
   3.2800000e+03  -2.8667901e+00
   3.2900000e+03  -2.9206334e+00
   3.3000000e+03  -2.8818412e+00
   3.3100000e+03  -2.8859967e+00
   3.3200000e+03  -2.8697162e+00
   3.3300000e+03  -2.9222842e+00
   3.3400000e+03  -2.8854947e+00
   3.3500000e+03  -2.8929073e+00
   3.3600000e+03  -2.9091142e+00
   3.3700000e+03  -2.9053158e+00
   3.3800000e+03  -2.8883291e+00
   3.3900000e+03  -2.9092754e+00
   3.4000000e+03  -2.8659230e+00
   3.4100000e+03  -2.9102870e+00
   3.4200000e+03  -2.8850027e+00
   3.4300000e+03  -2.9003305e+00
   3.4400000e+03  -2.8999149e+00
   3.4500000e+03  -2.8929232e+00
   3.4600000e+03  -2.9072826e+00
   3.4700000e+03  -2.9175575e+00
   3.4800000e+03  -2.8980769e+00
   3.4900000e+03  -2.9091921e+00
