   0.0000000e+00   1.7508953e+01
   1.0000000e+01   1.7531976e+01
   2.0000000e+01   1.7533990e+01
   3.0000000e+01   1.7514885e+01
   4.0000000e+01   1.7605604e+01
   5.0000000e+01   1.7882479e+01
   6.0000000e+01   1.8067884e+01
   7.0000000e+01   1.8129790e+01
   8.0000000e+01   1.8231906e+01
   9.0000000e+01   1.8273120e+01
   1.0000000e+02   1.8340039e+01
   1.1000000e+02   1.8394499e+01
   1.2000000e+02   1.8405639e+01
   1.3000000e+02   1.8446325e+01
   1.4000000e+02   1.8474363e+01
   1.5000000e+02   1.8522961e+01
   1.6000000e+02   1.8546175e+01
   1.7000000e+02   1.8562835e+01
   1.8000000e+02   1.8569889e+01
   1.9000000e+02   1.8577067e+01
   2.0000000e+02   1.8597380e+01
   2.1000000e+02   1.8593228e+01
   2.2000000e+02   1.8619192e+01
   2.3000000e+02   1.8606253e+01
   2.4000000e+02   1.8602591e+01
   2.5000000e+02   1.8628262e+01
   2.6000000e+02   1.8638567e+01
   2.7000000e+02   1.8644306e+01
   2.8000000e+02   1.8661522e+01
   2.9000000e+02   1.8659264e+01
   3.0000000e+02   1.8658573e+01
   3.1000000e+02   1.8654401e+01
   3.2000000e+02   1.8668370e+01
   3.3000000e+02   1.8674207e+01
   3.4000000e+02   1.8687113e+01
   3.5000000e+02   1.8663900e+01
   3.6000000e+02   1.8664598e+01
   3.7000000e+02   1.8683942e+01
   3.8000000e+02   1.8683690e+01
   3.9000000e+02   1.8676480e+01
   4.0000000e+02   1.8665157e+01
   4.1000000e+02   1.8702724e+01
   4.2000000e+02   1.8681296e+01
   4.3000000e+02   1.8685452e+01
   4.4000000e+02   1.8682325e+01
   4.5000000e+02   1.8694197e+01
   4.6000000e+02   1.8675837e+01
   4.7000000e+02   1.8676190e+01
   4.8000000e+02   1.8667299e+01
   4.9000000e+02   1.8685960e+01
   5.0000000e+02   1.8695113e+01
   5.1000000e+02   1.8727833e+01
   5.2000000e+02   1.8696509e+01
   5.3000000e+02   1.8690331e+01
   5.4000000e+02   1.8709994e+01
   5.5000000e+02   1.8734152e+01
   5.6000000e+02   1.8732550e+01
   5.7000000e+02   1.8706283e+01
   5.8000000e+02   1.8681585e+01
   5.9000000e+02   1.8717583e+01
   6.0000000e+02   1.8698393e+01
   6.1000000e+02   1.8725007e+01
   6.2000000e+02   1.8728926e+01
   6.3000000e+02   1.8716466e+01
   6.4000000e+02   1.8702095e+01
   6.5000000e+02   1.8695325e+01
   6.6000000e+02   1.8710157e+01
   6.7000000e+02   1.8690252e+01
   6.8000000e+02   1.8723356e+01
   6.9000000e+02   1.8741692e+01
   7.0000000e+02   1.8707858e+01
   7.1000000e+02   1.8702366e+01
   7.2000000e+02   1.8682104e+01
   7.3000000e+02   1.8700383e+01
   7.4000000e+02   1.8688268e+01
   7.5000000e+02   1.8712902e+01
   7.6000000e+02   1.8707412e+01
   7.7000000e+02   1.8723233e+01
   7.8000000e+02   1.8706855e+01
   7.9000000e+02   1.8699377e+01
   8.0000000e+02   1.8704955e+01
   8.1000000e+02   1.8713354e+01
   8.2000000e+02   1.8690412e+01
   8.3000000e+02   1.8715742e+01
   8.4000000e+02   1.8708247e+01
   8.5000000e+02   1.8724789e+01
   8.6000000e+02   1.8702671e+01
   8.7000000e+02   1.8716405e+01
   8.8000000e+02   1.8699353e+01
   8.9000000e+02   1.8697206e+01
   9.0000000e+02   1.8688727e+01
   9.1000000e+02   1.8700719e+01
   9.2000000e+02   1.8732582e+01
   9.3000000e+02   1.8715609e+01
   9.4000000e+02   1.8726881e+01
   9.5000000e+02   1.8721857e+01
   9.6000000e+02   1.8724304e+01
   9.7000000e+02   1.8728976e+01
   9.8000000e+02   1.8729912e+01
   9.9000000e+02   1.8718395e+01
   1.0000000e+03   1.8719666e+01
   1.0100000e+03   1.8700738e+01
   1.0200000e+03   1.8705983e+01
   1.0300000e+03   1.8797111e+01
   1.0400000e+03   1.8677742e+01
   1.0500000e+03   1.8697077e+01
   1.0600000e+03   1.8766428e+01
   1.0700000e+03   1.8765098e+01
   1.0800000e+03   1.8705419e+01
   1.0900000e+03   1.8702022e+01
   1.1000000e+03   1.8727595e+01
   1.1100000e+03   1.8745744e+01
   1.1200000e+03   1.8710199e+01
   1.1300000e+03   1.8706476e+01
   1.1400000e+03   1.8688926e+01
   1.1500000e+03   1.8739888e+01
   1.1600000e+03   1.8694666e+01
   1.1700000e+03   1.8716796e+01
   1.1800000e+03   1.8690570e+01
   1.1900000e+03   1.8677909e+01
   1.2000000e+03   1.8695833e+01
   1.2100000e+03   1.8676873e+01
   1.2200000e+03   1.8699147e+01
   1.2300000e+03   1.8690334e+01
   1.2400000e+03   1.8709576e+01
   1.2500000e+03   1.8696283e+01
   1.2600000e+03   1.8692217e+01
   1.2700000e+03   1.8700978e+01
   1.2800000e+03   1.8691231e+01
   1.2900000e+03   1.8665128e+01
   1.3000000e+03   1.8683014e+01
   1.3100000e+03   1.8691300e+01
   1.3200000e+03   1.8661243e+01
   1.3300000e+03   1.8681478e+01
   1.3400000e+03   1.8703630e+01
   1.3500000e+03   1.8682458e+01
   1.3600000e+03   1.8688745e+01
   1.3700000e+03   1.8671437e+01
   1.3800000e+03   1.8688778e+01
   1.3900000e+03   1.8693827e+01
   1.4000000e+03   1.8688842e+01
   1.4100000e+03   1.8696392e+01
   1.4200000e+03   1.8678833e+01
   1.4300000e+03   1.8671508e+01
   1.4400000e+03   1.8696773e+01
   1.4500000e+03   1.8680780e+01
   1.4600000e+03   1.8698239e+01
   1.4700000e+03   1.8679973e+01
   1.4800000e+03   1.8683753e+01
   1.4900000e+03   1.8673728e+01
   1.5000000e+03   1.8703762e+01
   1.5100000e+03   1.8705827e+01
   1.5200000e+03   1.8728504e+01
   1.5300000e+03   1.8696958e+01
   1.5400000e+03   1.8706818e+01
   1.5500000e+03   1.8708566e+01
   1.5600000e+03   1.8702192e+01
   1.5700000e+03   1.8696415e+01
   1.5800000e+03   1.8708616e+01
   1.5900000e+03   1.8663713e+01
   1.6000000e+03   1.8708646e+01
   1.6100000e+03   1.8689487e+01
   1.6200000e+03   1.8717013e+01
   1.6300000e+03   1.8717250e+01
   1.6400000e+03   1.8751054e+01
   1.6500000e+03   1.8723085e+01
   1.6600000e+03   1.8723815e+01
   1.6700000e+03   1.8721444e+01
   1.6800000e+03   1.8720200e+01
   1.6900000e+03   1.8751764e+01
   1.7000000e+03   1.8745058e+01
   1.7100000e+03   1.8732468e+01
   1.7200000e+03   1.8725232e+01
   1.7300000e+03   1.8714884e+01
   1.7400000e+03   1.8722127e+01
   1.7500000e+03   1.8712855e+01
   1.7600000e+03   1.8688382e+01
   1.7700000e+03   1.8696914e+01
   1.7800000e+03   1.8692056e+01
   1.7900000e+03   1.8679305e+01
   1.8000000e+03   1.8676286e+01
   1.8100000e+03   1.8658714e+01
   1.8200000e+03   1.8689943e+01
   1.8300000e+03   1.8685426e+01
   1.8400000e+03   1.8687542e+01
   1.8500000e+03   1.8673279e+01
   1.8600000e+03   1.8681852e+01
   1.8700000e+03   1.8698749e+01
   1.8800000e+03   1.8643115e+01
   1.8900000e+03   1.8645233e+01
   1.9000000e+03   1.8685469e+01
   1.9100000e+03   1.8707976e+01
   1.9200000e+03   1.8723258e+01
   1.9300000e+03   1.8713348e+01
   1.9400000e+03   1.8703298e+01
   1.9500000e+03   1.8702964e+01
   1.9600000e+03   1.8698763e+01
   1.9700000e+03   1.8689948e+01
   1.9800000e+03   1.8691890e+01
   1.9900000e+03   1.8665748e+01
   2.0000000e+03   1.8666026e+01
   2.0100000e+03   1.8656716e+01
   2.0200000e+03   1.8659773e+01
   2.0300000e+03   1.8661164e+01
   2.0400000e+03   1.8658223e+01
   2.0500000e+03   1.8654405e+01
   2.0600000e+03   1.8668359e+01
   2.0700000e+03   1.8667601e+01
   2.0800000e+03   1.8647467e+01
   2.0900000e+03   1.8701782e+01
   2.1000000e+03   1.8653147e+01
   2.1100000e+03   1.8655657e+01
   2.1200000e+03   1.8654461e+01
   2.1300000e+03   1.8643184e+01
   2.1400000e+03   1.8623446e+01
   2.1500000e+03   1.8618784e+01
   2.1600000e+03   1.8640638e+01
   2.1700000e+03   1.8622022e+01
   2.1800000e+03   1.8609662e+01
   2.1900000e+03   1.8606818e+01
   2.2000000e+03   1.8619652e+01
   2.2100000e+03   1.8616445e+01
   2.2200000e+03   1.8593769e+01
   2.2300000e+03   1.8600892e+01
   2.2400000e+03   1.8604682e+01
   2.2500000e+03   1.8609680e+01
   2.2600000e+03   1.8637103e+01
   2.2700000e+03   1.8650589e+01
   2.2800000e+03   1.8643892e+01
   2.2900000e+03   1.8661184e+01
   2.3000000e+03   1.8663100e+01
   2.3100000e+03   1.8657356e+01
   2.3200000e+03   1.8647450e+01
   2.3300000e+03   1.8643586e+01
   2.3400000e+03   1.8646437e+01
   2.3500000e+03   1.8620390e+01
   2.3600000e+03   1.8624419e+01
   2.3700000e+03   1.8660825e+01
   2.3800000e+03   1.8616832e+01
   2.3900000e+03   1.8615383e+01
   2.4000000e+03   1.8620085e+01
   2.4100000e+03   1.8613791e+01
   2.4200000e+03   1.8612882e+01
   2.4300000e+03   1.8630622e+01
   2.4400000e+03   1.8631738e+01
   2.4500000e+03   1.8639706e+01
   2.4600000e+03   1.8647950e+01
   2.4700000e+03   1.8652019e+01
   2.4800000e+03   1.8655825e+01
   2.4900000e+03   1.8644606e+01
   2.5000000e+03   1.8635801e+01
   2.5100000e+03   1.8649544e+01
   2.5200000e+03   1.8644048e+01
   2.5300000e+03   1.8644865e+01
   2.5400000e+03   1.8669314e+01
   2.5500000e+03   1.8663669e+01
   2.5600000e+03   1.8662781e+01
   2.5700000e+03   1.8685682e+01
   2.5800000e+03   1.8674314e+01
   2.5900000e+03   1.8673007e+01
   2.6000000e+03   1.8659382e+01
   2.6100000e+03   1.8679745e+01
   2.6200000e+03   1.8684306e+01
   2.6300000e+03   1.8656741e+01
   2.6400000e+03   1.8664611e+01
   2.6500000e+03   1.8690942e+01
   2.6600000e+03   1.8693328e+01
   2.6700000e+03   1.8686725e+01
   2.6800000e+03   1.8681062e+01
   2.6900000e+03   1.8660519e+01
   2.7000000e+03   1.8670835e+01
   2.7100000e+03   1.8690829e+01
   2.7200000e+03   1.8688577e+01
   2.7300000e+03   1.8690600e+01
   2.7400000e+03   1.8688449e+01
   2.7500000e+03   1.8674287e+01
   2.7600000e+03   1.8679721e+01
   2.7700000e+03   1.8688727e+01
   2.7800000e+03   1.8680923e+01
   2.7900000e+03   1.8692010e+01
   2.8000000e+03   1.8700823e+01
   2.8100000e+03   1.8710250e+01
   2.8200000e+03   1.8713954e+01
   2.8300000e+03   1.8716542e+01
   2.8400000e+03   1.8707372e+01
   2.8500000e+03   1.8699098e+01
   2.8600000e+03   1.8690197e+01
   2.8700000e+03   1.8698396e+01
   2.8800000e+03   1.8823956e+01
   2.8900000e+03   1.8707272e+01
   2.9000000e+03   1.8716330e+01
   2.9100000e+03   1.8712959e+01
   2.9200000e+03   1.8796417e+01
   2.9300000e+03   1.8765066e+01
   2.9400000e+03   1.8752493e+01
   2.9500000e+03   1.8748232e+01
   2.9600000e+03   1.8721011e+01
   2.9700000e+03   1.8724090e+01
   2.9800000e+03   1.8704960e+01
   2.9900000e+03   1.8706153e+01
   3.0000000e+03   1.8718151e+01
   3.0100000e+03   1.8720052e+01
   3.0200000e+03   1.8699431e+01
   3.0300000e+03   1.8687993e+01
   3.0400000e+03   1.8706229e+01
   3.0500000e+03   1.8711948e+01
   3.0600000e+03   1.8741861e+01
   3.0700000e+03   1.8728481e+01
   3.0800000e+03   1.8725361e+01
   3.0900000e+03   1.8749991e+01
   3.1000000e+03   1.8732267e+01
   3.1100000e+03   1.8724754e+01
   3.1200000e+03   1.8735187e+01
   3.1300000e+03   1.8723900e+01
   3.1400000e+03   1.8704923e+01
   3.1500000e+03   1.8705132e+01
   3.1600000e+03   1.8729443e+01
   3.1700000e+03   1.8727935e+01
   3.1800000e+03   1.8705712e+01
   3.1900000e+03   1.8727910e+01
   3.2000000e+03   1.8719076e+01
   3.2100000e+03   1.8745806e+01
   3.2200000e+03   1.8713899e+01
   3.2300000e+03   1.8727567e+01
   3.2400000e+03   1.8719322e+01
   3.2500000e+03   1.8717338e+01
   3.2600000e+03   1.8700988e+01
   3.2700000e+03   1.8689853e+01
   3.2800000e+03   1.8694139e+01
   3.2900000e+03   1.8706372e+01
   3.3000000e+03   1.8692498e+01
   3.3100000e+03   1.8712166e+01
   3.3200000e+03   1.8701276e+01
   3.3300000e+03   1.8717766e+01
   3.3400000e+03   1.8677258e+01
   3.3500000e+03   1.8742871e+01
   3.3600000e+03   1.8788256e+01
   3.3700000e+03   1.8773481e+01
   3.3800000e+03   1.8767945e+01
   3.3900000e+03   1.8729859e+01
   3.4000000e+03   1.8744131e+01
   3.4100000e+03   1.8707918e+01
   3.4200000e+03   1.8712812e+01
   3.4300000e+03   1.8718503e+01
   3.4400000e+03   1.8694018e+01
   3.4500000e+03   1.8691254e+01
   3.4600000e+03   1.8715843e+01
   3.4700000e+03   1.8708609e+01
   3.4800000e+03   1.8693496e+01
   3.4900000e+03   1.8716550e+01
