   0.0000000e+00   1.8038112e+01
   1.0000000e+01   1.8047210e+01
   2.0000000e+01   1.8055454e+01
   3.0000000e+01   1.8048590e+01
   4.0000000e+01   1.8050629e+01
   5.0000000e+01   1.8032909e+01
   6.0000000e+01   1.8036731e+01
   7.0000000e+01   1.8042204e+01
   8.0000000e+01   1.8036943e+01
   9.0000000e+01   1.8019772e+01
   1.0000000e+02   1.7821184e+01
   1.1000000e+02   1.7645026e+01
   1.2000000e+02   1.7501923e+01
   1.3000000e+02   1.7277385e+01
   1.4000000e+02   1.7015863e+01
   1.5000000e+02   1.6713830e+01
   1.6000000e+02   1.6503123e+01
   1.7000000e+02   1.6302543e+01
   1.8000000e+02   1.6149289e+01
   1.9000000e+02   1.5984951e+01
   2.0000000e+02   1.5847121e+01
   2.1000000e+02   1.5718952e+01
   2.2000000e+02   1.5607826e+01
   2.3000000e+02   1.5492245e+01
   2.4000000e+02   1.5406872e+01
   2.5000000e+02   1.5301995e+01
   2.6000000e+02   1.5210227e+01
   2.7000000e+02   1.5133517e+01
   2.8000000e+02   1.5056178e+01
   2.9000000e+02   1.4969925e+01
   3.0000000e+02   1.4914791e+01
   3.1000000e+02   1.4829443e+01
   3.2000000e+02   1.4775235e+01
   3.3000000e+02   1.4707947e+01
   3.4000000e+02   1.4649289e+01
   3.5000000e+02   1.4599951e+01
   3.6000000e+02   1.4543936e+01
   3.7000000e+02   1.4494451e+01
   3.8000000e+02   1.4434905e+01
   3.9000000e+02   1.4388208e+01
   4.0000000e+02   1.4359053e+01
   4.1000000e+02   1.4307722e+01
   4.2000000e+02   1.4278211e+01
   4.3000000e+02   1.4245860e+01
   4.4000000e+02   1.4194076e+01
   4.5000000e+02   1.4169111e+01
   4.6000000e+02   1.4129680e+01
   4.7000000e+02   1.4089097e+01
   4.8000000e+02   1.4076934e+01
   4.9000000e+02   1.4049239e+01
   5.0000000e+02   1.4018479e+01
   5.1000000e+02   1.3992894e+01
   5.2000000e+02   1.3962430e+01
   5.3000000e+02   1.3947728e+01
   5.4000000e+02   1.3916205e+01
   5.5000000e+02   1.3896162e+01
   5.6000000e+02   1.3863812e+01
   5.7000000e+02   1.3851843e+01
   5.8000000e+02   1.3839213e+01
   5.9000000e+02   1.3810781e+01
   6.0000000e+02   1.3786539e+01
   6.1000000e+02   1.3777942e+01
   6.2000000e+02   1.3767758e+01
   6.3000000e+02   1.3743705e+01
   6.4000000e+02   1.3718412e+01
   6.5000000e+02   1.3725577e+01
   6.6000000e+02   1.3702382e+01
   6.7000000e+02   1.3686337e+01
   6.8000000e+02   1.3666502e+01
   6.9000000e+02   1.3664402e+01
   7.0000000e+02   1.3656168e+01
   7.1000000e+02   1.3634535e+01
   7.2000000e+02   1.3609757e+01
   7.3000000e+02   1.3598947e+01
   7.4000000e+02   1.3600660e+01
   7.5000000e+02   1.3578108e+01
   7.6000000e+02   1.3578813e+01
   7.7000000e+02   1.3567968e+01
   7.8000000e+02   1.3559387e+01
   7.9000000e+02   1.3545368e+01
   8.0000000e+02   1.3534307e+01
   8.1000000e+02   1.3528650e+01
   8.2000000e+02   1.3524936e+01
   8.3000000e+02   1.3514713e+01
   8.4000000e+02   1.3496705e+01
   8.5000000e+02   1.3496764e+01
   8.6000000e+02   1.3491624e+01
   8.7000000e+02   1.3493985e+01
   8.8000000e+02   1.3472912e+01
   8.9000000e+02   1.3456132e+01
   9.0000000e+02   1.3465155e+01
   9.1000000e+02   1.3459317e+01
   9.2000000e+02   1.3448966e+01
   9.3000000e+02   1.3436788e+01
   9.4000000e+02   1.3430729e+01
   9.5000000e+02   1.3426690e+01
   9.6000000e+02   1.3425157e+01
   9.7000000e+02   1.3420521e+01
   9.8000000e+02   1.3423001e+01
   9.9000000e+02   1.3418196e+01
   1.0000000e+03   1.3402694e+01
   1.0100000e+03   1.3402689e+01
   1.0200000e+03   1.3400449e+01
   1.0300000e+03   1.3378160e+01
   1.0400000e+03   1.3390364e+01
   1.0500000e+03   1.3389466e+01
   1.0600000e+03   1.3371809e+01
   1.0700000e+03   1.3371147e+01
   1.0800000e+03   1.3374169e+01
   1.0900000e+03   1.3372340e+01
   1.1000000e+03   1.3370888e+01
   1.1100000e+03   1.3364648e+01
   1.1200000e+03   1.3359627e+01
   1.1300000e+03   1.3344348e+01
   1.1400000e+03   1.3343878e+01
   1.1500000e+03   1.3347650e+01
   1.1600000e+03   1.3345088e+01
   1.1700000e+03   1.3353392e+01
   1.1800000e+03   1.3337424e+01
   1.1900000e+03   1.3337344e+01
   1.2000000e+03   1.3336899e+01
   1.2100000e+03   1.3341341e+01
   1.2200000e+03   1.3335414e+01
   1.2300000e+03   1.3316716e+01
   1.2400000e+03   1.3331485e+01
   1.2500000e+03   1.3320366e+01
   1.2600000e+03   1.3326715e+01
   1.2700000e+03   1.3311934e+01
   1.2800000e+03   1.3321814e+01
   1.2900000e+03   1.3314436e+01
   1.3000000e+03   1.3313242e+01
   1.3100000e+03   1.3315854e+01
   1.3200000e+03   1.3326225e+01
   1.3300000e+03   1.3311413e+01
   1.3400000e+03   1.3310656e+01
   1.3500000e+03   1.3302503e+01
   1.3600000e+03   1.3311809e+01
   1.3700000e+03   1.3297816e+01
   1.3800000e+03   1.3315504e+01
   1.3900000e+03   1.3294207e+01
   1.4000000e+03   1.3308135e+01
   1.4100000e+03   1.3296477e+01
   1.4200000e+03   1.3299755e+01
   1.4300000e+03   1.3299041e+01
   1.4400000e+03   1.3287705e+01
   1.4500000e+03   1.3289458e+01
   1.4600000e+03   1.3288444e+01
   1.4700000e+03   1.3280406e+01
   1.4800000e+03   1.3290405e+01
   1.4900000e+03   1.3284810e+01
   1.5000000e+03   1.3282813e+01
   1.5100000e+03   1.3275046e+01
   1.5200000e+03   1.3268444e+01
   1.5300000e+03   1.3275582e+01
   1.5400000e+03   1.3268447e+01
   1.5500000e+03   1.3268351e+01
   1.5600000e+03   1.3264817e+01
   1.5700000e+03   1.3276389e+01
   1.5800000e+03   1.3270900e+01
   1.5900000e+03   1.3270004e+01
   1.6000000e+03   1.3252420e+01
   1.6100000e+03   1.3262442e+01
   1.6200000e+03   1.3260148e+01
   1.6300000e+03   1.3257712e+01
   1.6400000e+03   1.3253100e+01
   1.6500000e+03   1.3260950e+01
   1.6600000e+03   1.3256418e+01
   1.6700000e+03   1.3248591e+01
   1.6800000e+03   1.3260501e+01
   1.6900000e+03   1.3253969e+01
   1.7000000e+03   1.3251472e+01
   1.7100000e+03   1.3261083e+01
   1.7200000e+03   1.3250835e+01
   1.7300000e+03   1.3254338e+01
   1.7400000e+03   1.3249034e+01
   1.7500000e+03   1.3249717e+01
   1.7600000e+03   1.3247297e+01
   1.7700000e+03   1.3254956e+01
   1.7800000e+03   1.3236313e+01
   1.7900000e+03   1.3233401e+01
   1.8000000e+03   1.3233877e+01
   1.8100000e+03   1.3246589e+01
   1.8200000e+03   1.3244115e+01
   1.8300000e+03   1.3231797e+01
   1.8400000e+03   1.3246126e+01
   1.8500000e+03   1.3230998e+01
   1.8600000e+03   1.3224387e+01
   1.8700000e+03   1.3229367e+01
   1.8800000e+03   1.3228044e+01
   1.8900000e+03   1.3223363e+01
   1.9000000e+03   1.3218924e+01
   1.9100000e+03   1.3227342e+01
   1.9200000e+03   1.3232373e+01
   1.9300000e+03   1.3216691e+01
   1.9400000e+03   1.3219783e+01
   1.9500000e+03   1.3211771e+01
   1.9600000e+03   1.3230525e+01
   1.9700000e+03   1.3232064e+01
   1.9800000e+03   1.3216161e+01
   1.9900000e+03   1.3222057e+01
   2.0000000e+03   1.3225031e+01
   2.0100000e+03   1.3228806e+01
   2.0200000e+03   1.3226578e+01
   2.0300000e+03   1.3222915e+01
   2.0400000e+03   1.3209083e+01
   2.0500000e+03   1.3215158e+01
   2.0600000e+03   1.3226007e+01
   2.0700000e+03   1.3217987e+01
   2.0800000e+03   1.3211424e+01
   2.0900000e+03   1.3205484e+01
   2.1000000e+03   1.3218407e+01
   2.1100000e+03   1.3207241e+01
   2.1200000e+03   1.3205674e+01
   2.1300000e+03   1.3211053e+01
   2.1400000e+03   1.3208120e+01
   2.1500000e+03   1.3207898e+01
   2.1600000e+03   1.3212088e+01
   2.1700000e+03   1.3204872e+01
   2.1800000e+03   1.3207304e+01
   2.1900000e+03   1.3201072e+01
   2.2000000e+03   1.3221421e+01
   2.2100000e+03   1.3195057e+01
   2.2200000e+03   1.3206752e+01
   2.2300000e+03   1.3209213e+01
   2.2400000e+03   1.3203106e+01
   2.2500000e+03   1.3204607e+01
   2.2600000e+03   1.3210274e+01
   2.2700000e+03   1.3208085e+01
   2.2800000e+03   1.3206122e+01
   2.2900000e+03   1.3196835e+01
   2.3000000e+03   1.3217392e+01
   2.3100000e+03   1.3211636e+01
   2.3200000e+03   1.3212024e+01
   2.3300000e+03   1.3204096e+01
   2.3400000e+03   1.3195652e+01
   2.3500000e+03   1.3210023e+01
   2.3600000e+03   1.3222207e+01
   2.3700000e+03   1.3214682e+01
   2.3800000e+03   1.3207450e+01
   2.3900000e+03   1.3200814e+01
   2.4000000e+03   1.3193751e+01
   2.4100000e+03   1.3208139e+01
   2.4200000e+03   1.3194103e+01
   2.4300000e+03   1.3198724e+01
   2.4400000e+03   1.3199396e+01
   2.4500000e+03   1.3209784e+01
   2.4600000e+03   1.3199720e+01
   2.4700000e+03   1.3196539e+01
   2.4800000e+03   1.3195530e+01
   2.4900000e+03   1.3195752e+01
   2.5000000e+03   1.3199235e+01
   2.5100000e+03   1.3203390e+01
   2.5200000e+03   1.3202381e+01
   2.5300000e+03   1.3184390e+01
   2.5400000e+03   1.3193619e+01
   2.5500000e+03   1.3199220e+01
   2.5600000e+03   1.3192383e+01
   2.5700000e+03   1.3200200e+01
   2.5800000e+03   1.3199089e+01
   2.5900000e+03   1.3187914e+01
   2.6000000e+03   1.3205872e+01
   2.6100000e+03   1.3188682e+01
   2.6200000e+03   1.3197351e+01
   2.6300000e+03   1.3189500e+01
   2.6400000e+03   1.3191245e+01
   2.6500000e+03   1.3206304e+01
   2.6600000e+03   1.3189426e+01
   2.6700000e+03   1.3185856e+01
   2.6800000e+03   1.3189948e+01
   2.6900000e+03   1.3178515e+01
   2.7000000e+03   1.3199694e+01
   2.7100000e+03   1.3187238e+01
   2.7200000e+03   1.3186191e+01
   2.7300000e+03   1.3186698e+01
   2.7400000e+03   1.3198446e+01
   2.7500000e+03   1.3191967e+01
   2.7600000e+03   1.3174815e+01
   2.7700000e+03   1.3174288e+01
   2.7800000e+03   1.3167254e+01
   2.7900000e+03   1.3178406e+01
   2.8000000e+03   1.3176909e+01
   2.8100000e+03   1.3180804e+01
   2.8200000e+03   1.3173069e+01
   2.8300000e+03   1.3174482e+01
   2.8400000e+03   1.3176824e+01
   2.8500000e+03   1.3185611e+01
   2.8600000e+03   1.3174979e+01
   2.8700000e+03   1.3181515e+01
   2.8800000e+03   1.3179681e+01
   2.8900000e+03   1.3164105e+01
   2.9000000e+03   1.3179154e+01
   2.9100000e+03   1.3179930e+01
   2.9200000e+03   1.3166799e+01
   2.9300000e+03   1.3171766e+01
   2.9400000e+03   1.3167721e+01
   2.9500000e+03   1.3169907e+01
   2.9600000e+03   1.3161190e+01
   2.9700000e+03   1.3172962e+01
   2.9800000e+03   1.3182161e+01
   2.9900000e+03   1.3177894e+01
   3.0000000e+03   1.3160223e+01
   3.0100000e+03   1.3163627e+01
   3.0200000e+03   1.3165036e+01
   3.0300000e+03   1.3159034e+01
   3.0400000e+03   1.3159357e+01
   3.0500000e+03   1.3164494e+01
   3.0600000e+03   1.3164147e+01
   3.0700000e+03   1.3156179e+01
   3.0800000e+03   1.3163816e+01
   3.0900000e+03   1.3159019e+01
   3.1000000e+03   1.3164316e+01
   3.1100000e+03   1.3164517e+01
   3.1200000e+03   1.3165362e+01
   3.1300000e+03   1.3154411e+01
   3.1400000e+03   1.3155256e+01
   3.1500000e+03   1.3170334e+01
   3.1600000e+03   1.3162834e+01
   3.1700000e+03   1.3159852e+01
   3.1800000e+03   1.3167035e+01
   3.1900000e+03   1.3155890e+01
   3.2000000e+03   1.3154460e+01
   3.2100000e+03   1.3171969e+01
   3.2200000e+03   1.3160953e+01
   3.2300000e+03   1.3149951e+01
   3.2400000e+03   1.3152324e+01
   3.2500000e+03   1.3148786e+01
   3.2600000e+03   1.3150268e+01
   3.2700000e+03   1.3150169e+01
   3.2800000e+03   1.3150434e+01
   3.2900000e+03   1.3151228e+01
   3.3000000e+03   1.3155851e+01
   3.3100000e+03   1.3164961e+01
   3.3200000e+03   1.3165200e+01
   3.3300000e+03   1.3150972e+01
   3.3400000e+03   1.3155917e+01
   3.3500000e+03   1.3163629e+01
   3.3600000e+03   1.3146465e+01
   3.3700000e+03   1.3169597e+01
   3.3800000e+03   1.3153544e+01
   3.3900000e+03   1.3147468e+01
   3.4000000e+03   1.3146180e+01
   3.4100000e+03   1.3158796e+01
   3.4200000e+03   1.3150356e+01
   3.4300000e+03   1.3150372e+01
   3.4400000e+03   1.3152419e+01
   3.4500000e+03   1.3152668e+01
   3.4600000e+03   1.3152258e+01
   3.4700000e+03   1.3138242e+01
   3.4800000e+03   1.3151000e+01
   3.4900000e+03   1.3149181e+01
