   0.0000000e+00  -1.6664846e-02
   1.0000000e+01   1.0213490e-04
   2.0000000e+01   1.6015652e-02
   3.0000000e+01   8.9721471e-02
   4.0000000e+01   1.0847887e-01
   5.0000000e+01   1.1443162e-01
   6.0000000e+01   1.2754422e-01
   7.0000000e+01   1.3859235e-01
   8.0000000e+01   1.4586653e-01
   9.0000000e+01   1.0871661e-01
   1.0000000e+02   2.1008562e-02
   1.1000000e+02   3.2163494e-02
   1.2000000e+02   2.0908396e-02
   1.3000000e+02   2.5055062e-02
   1.4000000e+02   4.3577213e-02
   1.5000000e+02   1.4425359e-01
   1.6000000e+02   1.1127506e-01
   1.7000000e+02   1.0841776e-01
   1.8000000e+02   8.8559557e-02
   1.9000000e+02   1.0454808e-01
   2.0000000e+02   1.6050200e-01
   2.1000000e+02   2.0452448e-01
   2.2000000e+02   2.2935955e-01
   2.3000000e+02   8.0172936e-01
   2.4000000e+02   1.1016803e-01
   2.5000000e+02   3.0309422e-01
   2.6000000e+02   3.9603541e-01
   2.7000000e+02   1.0419516e+00
   2.8000000e+02   1.0919384e+00
   2.9000000e+02   1.1244507e+00
   3.0000000e+02   1.2033198e+00
   3.1000000e+02   1.2239812e+00
   3.2000000e+02   1.2026269e+00
   3.3000000e+02   1.2143968e+00
   3.4000000e+02   1.2180723e+00
   3.5000000e+02   1.2352198e+00
   3.6000000e+02   1.2310964e+00
   3.7000000e+02   1.2348773e+00
   3.8000000e+02   1.2121568e+00
   3.9000000e+02   1.2082820e+00
   4.0000000e+02   1.2077478e+00
   4.1000000e+02   1.2092304e+00
   4.2000000e+02   1.2320054e+00
   4.3000000e+02   1.2403502e+00
   4.4000000e+02   1.2411535e+00
   4.5000000e+02   1.2445681e+00
   4.6000000e+02   1.2491047e+00
   4.7000000e+02   1.2538860e+00
   4.8000000e+02   1.2691357e+00
   4.9000000e+02   1.2737738e+00
   5.0000000e+02   1.2920606e+00
   5.1000000e+02   1.2962512e+00
   5.2000000e+02   1.2781808e+00
   5.3000000e+02   1.2834770e+00
   5.4000000e+02   1.2796626e+00
   5.5000000e+02   1.2919309e+00
   5.6000000e+02   1.2777828e+00
   5.7000000e+02   1.2774521e+00
   5.8000000e+02   1.2845827e+00
   5.9000000e+02   1.2717886e+00
   6.0000000e+02   1.2798726e+00
   6.1000000e+02   1.2798881e+00
   6.2000000e+02   1.2829611e+00
   6.3000000e+02   1.2794045e+00
   6.4000000e+02   1.2773958e+00
   6.5000000e+02   1.2764164e+00
   6.6000000e+02   1.2818348e+00
   6.7000000e+02   1.2890418e+00
   6.8000000e+02   1.2848186e+00
   6.9000000e+02   1.2980355e+00
   7.0000000e+02   1.3014296e+00
   7.1000000e+02   1.3037652e+00
   7.2000000e+02   1.2871931e+00
   7.3000000e+02   1.3035616e+00
   7.4000000e+02   1.3106040e+00
   7.5000000e+02   1.3057613e+00
   7.6000000e+02   1.3231664e+00
   7.7000000e+02   1.3209426e+00
   7.8000000e+02   1.3077527e+00
   7.9000000e+02   1.3051502e+00
   8.0000000e+02   1.3054945e+00
   8.1000000e+02   1.3082093e+00
   8.2000000e+02   1.3065964e+00
   8.3000000e+02   1.3256382e+00
   8.4000000e+02   1.3016635e+00
   8.5000000e+02   1.3130884e+00
   8.6000000e+02   1.3184058e+00
   8.7000000e+02   1.3126393e+00
   8.8000000e+02   1.3111280e+00
   8.9000000e+02   1.3129659e+00
   9.0000000e+02   1.3024712e+00
   9.1000000e+02   1.3205473e+00
   9.2000000e+02   1.3079141e+00
   9.3000000e+02   1.3233842e+00
   9.4000000e+02   1.3152602e+00
   9.5000000e+02   1.3137872e+00
   9.6000000e+02   1.3384726e+00
   9.7000000e+02   1.3241109e+00
   9.8000000e+02   1.3319168e+00
   9.9000000e+02   1.3155308e+00
   1.0000000e+03   1.3256023e+00
   1.0100000e+03   1.3383558e+00
   1.0200000e+03   1.3291646e+00
   1.0300000e+03   1.3227316e+00
   1.0400000e+03   1.3149413e+00
   1.0500000e+03   1.3356201e+00
   1.0600000e+03   1.3224347e+00
   1.0700000e+03   1.3233994e+00
   1.0800000e+03   1.3210751e+00
   1.0900000e+03   1.3389702e+00
   1.1000000e+03   1.3287082e+00
   1.1100000e+03   1.3134443e+00
   1.1200000e+03   1.3249115e+00
   1.1300000e+03   1.3226796e+00
   1.1400000e+03   1.3082928e+00
   1.1500000e+03   1.3150664e+00
   1.1600000e+03   1.3178491e+00
   1.1700000e+03   1.3163801e+00
   1.1800000e+03   1.3181011e+00
   1.1900000e+03   1.3293872e+00
   1.2000000e+03   1.3296402e+00
   1.2100000e+03   1.3384728e+00
   1.2200000e+03   1.3279284e+00
   1.2300000e+03   1.3225220e+00
   1.2400000e+03   1.3351491e+00
   1.2500000e+03   1.3159516e+00
   1.2600000e+03   1.3127667e+00
   1.2700000e+03   1.3063910e+00
   1.2800000e+03   1.3127552e+00
   1.2900000e+03   1.2979810e+00
   1.3000000e+03   1.2930801e+00
   1.3100000e+03   1.3086727e+00
   1.3200000e+03   1.3222535e+00
   1.3300000e+03   1.3033200e+00
   1.3400000e+03   1.3139328e+00
   1.3500000e+03   1.3097535e+00
   1.3600000e+03   1.3190253e+00
   1.3700000e+03   1.2967327e+00
   1.3800000e+03   1.3206190e+00
   1.3900000e+03   1.3012565e+00
   1.4000000e+03   1.3167570e+00
   1.4100000e+03   1.3023583e+00
   1.4200000e+03   1.3104959e+00
   1.4300000e+03   1.3086238e+00
   1.4400000e+03   1.3086965e+00
   1.4500000e+03   1.3076602e+00
   1.4600000e+03   1.3047936e+00
   1.4700000e+03   1.3016569e+00
   1.4800000e+03   1.3132427e+00
   1.4900000e+03   1.3125401e+00
   1.5000000e+03   1.3049833e+00
   1.5100000e+03   1.3035087e+00
   1.5200000e+03   1.3062096e+00
   1.5300000e+03   1.3365184e+00
   1.5400000e+03   1.3159555e+00
   1.5500000e+03   1.3158602e+00
   1.5600000e+03   1.3076998e+00
   1.5700000e+03   1.3090218e+00
   1.5800000e+03   1.3044809e+00
   1.5900000e+03   1.3012684e+00
   1.6000000e+03   1.2907088e+00
   1.6100000e+03   1.2951261e+00
   1.6200000e+03   1.2958572e+00
   1.6300000e+03   1.2904140e+00
   1.6400000e+03   1.2997379e+00
   1.6500000e+03   1.3059347e+00
   1.6600000e+03   1.3030434e+00
   1.6700000e+03   1.3024367e+00
   1.6800000e+03   1.3096633e+00
   1.6900000e+03   1.3226414e+00
   1.7000000e+03   1.3178339e+00
   1.7100000e+03   1.3120986e+00
   1.7200000e+03   1.3074564e+00
   1.7300000e+03   1.3141937e+00
   1.7400000e+03   1.3126212e+00
   1.7500000e+03   1.3068066e+00
   1.7600000e+03   1.3111225e+00
   1.7700000e+03   1.2988029e+00
   1.7800000e+03   1.2990197e+00
   1.7900000e+03   1.3033102e+00
   1.8000000e+03   1.3128314e+00
   1.8100000e+03   1.3055458e+00
   1.8200000e+03   1.3163032e+00
   1.8300000e+03   1.3003201e+00
   1.8400000e+03   1.3027647e+00
   1.8500000e+03   1.3027721e+00
   1.8600000e+03   1.2947936e+00
   1.8700000e+03   1.3027706e+00
   1.8800000e+03   1.2961174e+00
   1.8900000e+03   1.3065317e+00
   1.9000000e+03   1.2946861e+00
   1.9100000e+03   1.2928663e+00
   1.9200000e+03   1.3134209e+00
   1.9300000e+03   1.2943176e+00
   1.9400000e+03   1.3096925e+00
   1.9500000e+03   1.3014794e+00
   1.9600000e+03   1.3245700e+00
   1.9700000e+03   1.3024416e+00
   1.9800000e+03   1.3100283e+00
   1.9900000e+03   1.3121905e+00
   2.0000000e+03   1.3163133e+00
   2.0100000e+03   1.3138106e+00
   2.0200000e+03   1.3055596e+00
   2.0300000e+03   1.3123487e+00
   2.0400000e+03   1.3029761e+00
   2.0500000e+03   1.2916301e+00
   2.0600000e+03   1.3063830e+00
   2.0700000e+03   1.2958406e+00
   2.0800000e+03   1.3092525e+00
   2.0900000e+03   1.2949831e+00
   2.1000000e+03   1.3201522e+00
   2.1100000e+03   1.3078689e+00
   2.1200000e+03   1.3079310e+00
   2.1300000e+03   1.3063312e+00
   2.1400000e+03   1.3101362e+00
   2.1500000e+03   1.3182666e+00
   2.1600000e+03   1.3164095e+00
   2.1700000e+03   1.3008687e+00
   2.1800000e+03   1.3060755e+00
   2.1900000e+03   1.3052028e+00
   2.2000000e+03   1.3259391e+00
   2.2100000e+03   1.3064012e+00
   2.2200000e+03   1.3143408e+00
   2.2300000e+03   1.3107610e+00
   2.2400000e+03   1.3104769e+00
   2.2500000e+03   1.3221791e+00
   2.2600000e+03   1.3280564e+00
   2.2700000e+03   1.3189166e+00
   2.2800000e+03   1.3181205e+00
   2.2900000e+03   1.3058531e+00
   2.3000000e+03   1.3121818e+00
   2.3100000e+03   1.3094636e+00
   2.3200000e+03   1.2931480e+00
   2.3300000e+03   1.2831620e+00
   2.3400000e+03   1.2875077e+00
   2.3500000e+03   1.3022897e+00
   2.3600000e+03   1.2988856e+00
   2.3700000e+03   1.3048425e+00
   2.3800000e+03   1.2997255e+00
   2.3900000e+03   1.3000740e+00
   2.4000000e+03   1.2872382e+00
   2.4100000e+03   1.3036595e+00
   2.4200000e+03   1.2970998e+00
   2.4300000e+03   1.2889445e+00
   2.4400000e+03   1.2965736e+00
   2.4500000e+03   1.3101703e+00
   2.4600000e+03   1.3022317e+00
   2.4700000e+03   1.2985986e+00
   2.4800000e+03   1.2862269e+00
   2.4900000e+03   1.2996710e+00
   2.5000000e+03   1.3056918e+00
   2.5100000e+03   1.3084394e+00
   2.5200000e+03   1.3174095e+00
   2.5300000e+03   1.2971663e+00
   2.5400000e+03   1.3007936e+00
   2.5500000e+03   1.3063734e+00
   2.5600000e+03   1.2977060e+00
   2.5700000e+03   1.2962145e+00
   2.5800000e+03   1.3004433e+00
   2.5900000e+03   1.2821195e+00
   2.6000000e+03   1.2918904e+00
   2.6100000e+03   1.2842758e+00
   2.6200000e+03   1.2959280e+00
   2.6300000e+03   1.2830034e+00
   2.6400000e+03   1.2930930e+00
   2.6500000e+03   1.2962641e+00
   2.6600000e+03   1.2931362e+00
   2.6700000e+03   1.2835486e+00
   2.6800000e+03   1.2776497e+00
   2.6900000e+03   1.2808744e+00
   2.7000000e+03   1.2968707e+00
   2.7100000e+03   1.2958281e+00
   2.7200000e+03   1.3019768e+00
   2.7300000e+03   1.2908828e+00
   2.7400000e+03   1.3049060e+00
   2.7500000e+03   1.2931162e+00
   2.7600000e+03   1.2936593e+00
   2.7700000e+03   1.2715603e+00
   2.7800000e+03   1.2791674e+00
   2.7900000e+03   1.2891172e+00
   2.8000000e+03   1.2906418e+00
   2.8100000e+03   1.2817632e+00
   2.8200000e+03   1.2798567e+00
   2.8300000e+03   1.2951828e+00
   2.8400000e+03   1.2808133e+00
   2.8500000e+03   1.2953670e+00
   2.8600000e+03   1.2875592e+00
   2.8700000e+03   1.2861830e+00
   2.8800000e+03   1.2943307e+00
   2.8900000e+03   1.3008520e+00
   2.9000000e+03   1.3200195e+00
   2.9100000e+03   1.3024666e+00
   2.9200000e+03   1.2972721e+00
   2.9300000e+03   1.3045404e+00
   2.9400000e+03   1.3021345e+00
   2.9500000e+03   1.3080238e+00
   2.9600000e+03   1.3072266e+00
   2.9700000e+03   1.2941323e+00
   2.9800000e+03   1.2956421e+00
   2.9900000e+03   1.2872152e+00
   3.0000000e+03   1.2948968e+00
   3.0100000e+03   1.2801937e+00
   3.0200000e+03   1.2873963e+00
   3.0300000e+03   1.2906960e+00
   3.0400000e+03   1.2877705e+00
   3.0500000e+03   1.2933517e+00
   3.0600000e+03   1.2783913e+00
   3.0700000e+03   1.2653504e+00
   3.0800000e+03   1.2815414e+00
   3.0900000e+03   1.2691072e+00
   3.1000000e+03   1.2736888e+00
   3.1100000e+03   1.2687847e+00
   3.1200000e+03   1.2891131e+00
   3.1300000e+03   1.2700838e+00
   3.1400000e+03   1.2723178e+00
   3.1500000e+03   1.2852507e+00
   3.1600000e+03   1.2949463e+00
   3.1700000e+03   1.2806078e+00
   3.1800000e+03   1.2882283e+00
   3.1900000e+03   1.2824603e+00
   3.2000000e+03   1.2838198e+00
   3.2100000e+03   1.2961588e+00
   3.2200000e+03   1.3011916e+00
   3.2300000e+03   1.2953343e+00
   3.2400000e+03   1.2907390e+00
   3.2500000e+03   1.2927817e+00
   3.2600000e+03   1.2930984e+00
   3.2700000e+03   1.2667864e+00
   3.2800000e+03   1.2777210e+00
   3.2900000e+03   1.2669132e+00
   3.3000000e+03   1.2940202e+00
   3.3100000e+03   1.2873222e+00
   3.3200000e+03   1.2991590e+00
   3.3300000e+03   1.2831286e+00
   3.3400000e+03   1.2903748e+00
   3.3500000e+03   1.2952735e+00
   3.3600000e+03   1.2760870e+00
   3.3700000e+03   1.2856764e+00
   3.3800000e+03   1.2773396e+00
   3.3900000e+03   1.2596875e+00
   3.4000000e+03   1.2537642e+00
   3.4100000e+03   1.2533425e+00
   3.4200000e+03   1.2590844e+00
   3.4300000e+03   1.2593332e+00
   3.4400000e+03   1.2551083e+00
   3.4500000e+03   1.2488615e+00
   3.4600000e+03   1.2565722e+00
   3.4700000e+03   1.2384325e+00
   3.4800000e+03   1.2504466e+00
   3.4900000e+03   1.2507232e+00
