   0.0000000e+00  -2.5323994e-03
   1.0000000e+01  -4.1159275e-03
   2.0000000e+01   1.8439264e-03
   3.0000000e+01   6.4184221e-03
   4.0000000e+01   1.0431224e-04
   5.0000000e+01  -1.0364907e-02
   6.0000000e+01   7.6700918e-04
   7.0000000e+01  -1.6459826e-02
   8.0000000e+01  -1.1093982e-02
   9.0000000e+01  -1.2570809e-02
   1.0000000e+02  -4.8059261e-03
   1.1000000e+02   1.8693601e-03
   1.2000000e+02  -3.9294684e-03
   1.3000000e+02  -1.3125637e-02
   1.4000000e+02  -2.4762831e-02
   1.5000000e+02  -2.3595040e-03
   1.6000000e+02  -9.5372823e-03
   1.7000000e+02  -7.7206778e-03
   1.8000000e+02   6.5356099e-03
   1.9000000e+02   8.6133065e-03
   2.0000000e+02   5.0321069e-03
   2.1000000e+02   2.5013165e-03
   2.2000000e+02   5.9698844e-03
   2.3000000e+02   1.5770222e-02
   2.4000000e+02   2.1158421e-02
   2.5000000e+02   3.6870318e-02
   2.6000000e+02   4.4165741e-02
   2.7000000e+02   4.5964161e-02
   2.8000000e+02   4.2070443e-02
   2.9000000e+02   5.4435428e-02
   3.0000000e+02   7.1617917e-02
   3.1000000e+02   7.1156506e-02
   3.2000000e+02   8.0262370e-02
   3.3000000e+02   8.1926013e-02
   3.4000000e+02   8.8111533e-02
   3.5000000e+02   1.0109089e-01
   3.6000000e+02   1.0504010e-01
   3.7000000e+02   1.1163371e-01
   3.8000000e+02   1.0929165e-01
   3.9000000e+02   1.2227041e-01
   4.0000000e+02   1.2463338e-01
   4.1000000e+02   1.4087709e-01
   4.2000000e+02   1.4055410e-01
   4.3000000e+02   1.4657059e-01
   4.4000000e+02   1.4460122e-01
   4.5000000e+02   1.5114448e-01
   4.6000000e+02   1.6224883e-01
   4.7000000e+02   1.6654811e-01
   4.8000000e+02   1.5741723e-01
   4.9000000e+02   1.6355965e-01
   5.0000000e+02   1.8525426e-01
   5.1000000e+02   1.8411299e-01
   5.2000000e+02   1.8433022e-01
   5.3000000e+02   1.8743202e-01
   5.4000000e+02   1.9480856e-01
   5.5000000e+02   2.0250656e-01
   5.6000000e+02   1.9904616e-01
   5.7000000e+02   1.8970200e-01
   5.8000000e+02   2.0862137e-01
   5.9000000e+02   2.0867114e-01
   6.0000000e+02   2.2033651e-01
   6.1000000e+02   2.0681620e-01
   6.2000000e+02   2.2234441e-01
   6.3000000e+02   2.1126698e-01
   6.4000000e+02   2.1707763e-01
   6.5000000e+02   2.2283654e-01
   6.6000000e+02   2.2352103e-01
   6.7000000e+02   2.2147286e-01
   6.8000000e+02   2.2396552e-01
   6.9000000e+02   2.2653273e-01
   7.0000000e+02   2.3282638e-01
   7.1000000e+02   2.1966999e-01
   7.2000000e+02   2.2353201e-01
   7.3000000e+02   2.2697021e-01
   7.4000000e+02   2.3039644e-01
   7.5000000e+02   2.4065951e-01
   7.6000000e+02   2.2309494e-01
   7.7000000e+02   2.2268184e-01
   7.8000000e+02   2.3112627e-01
   7.9000000e+02   2.2689181e-01
   8.0000000e+02   2.2968903e-01
   8.1000000e+02   2.3461262e-01
   8.2000000e+02   2.3161400e-01
   8.3000000e+02   2.2029075e-01
   8.4000000e+02   2.2137778e-01
   8.5000000e+02   2.3793272e-01
   8.6000000e+02   2.2600998e-01
   8.7000000e+02   2.2791804e-01
   8.8000000e+02   2.2617138e-01
   8.9000000e+02   2.1938056e-01
   9.0000000e+02   2.2017852e-01
   9.1000000e+02   2.2266350e-01
   9.2000000e+02   2.1671855e-01
   9.3000000e+02   2.1969317e-01
   9.4000000e+02   2.2563593e-01
   9.5000000e+02   2.2037587e-01
   9.6000000e+02   2.2003996e-01
   9.7000000e+02   2.2587551e-01
   9.8000000e+02   2.1799224e-01
   9.9000000e+02   2.1366185e-01
   1.0000000e+03   2.1354145e-01
   1.0100000e+03   2.1455915e-01
   1.0200000e+03   2.1957606e-01
   1.0300000e+03   2.0261728e-01
   1.0400000e+03   2.0756047e-01
   1.0500000e+03   2.0207493e-01
   1.0600000e+03   1.9836860e-01
   1.0700000e+03   2.0724983e-01
   1.0800000e+03   2.0438935e-01
   1.0900000e+03   1.9472198e-01
   1.1000000e+03   2.0360429e-01
   1.1100000e+03   2.0412723e-01
   1.1200000e+03   2.0708327e-01
   1.1300000e+03   1.9848372e-01
   1.1400000e+03   1.7975828e-01
   1.1500000e+03   1.9246417e-01
   1.1600000e+03   1.8968079e-01
   1.1700000e+03   1.9558149e-01
   1.1800000e+03   1.8070780e-01
   1.1900000e+03   1.9171186e-01
   1.2000000e+03   1.8481468e-01
   1.2100000e+03   1.8580108e-01
   1.2200000e+03   1.7768556e-01
   1.2300000e+03   1.7257926e-01
   1.2400000e+03   1.6839386e-01
   1.2500000e+03   1.7598001e-01
   1.2600000e+03   1.7469628e-01
   1.2700000e+03   1.8137537e-01
   1.2800000e+03   1.6535254e-01
   1.2900000e+03   1.7195765e-01
   1.3000000e+03   1.5968249e-01
   1.3100000e+03   1.7493863e-01
   1.3200000e+03   1.7062254e-01
   1.3300000e+03   1.7346502e-01
   1.3400000e+03   1.6546038e-01
   1.3500000e+03   1.7212501e-01
   1.3600000e+03   1.5520496e-01
   1.3700000e+03   1.5923805e-01
   1.3800000e+03   1.6661221e-01
   1.3900000e+03   1.5866674e-01
   1.4000000e+03   1.5901559e-01
   1.4100000e+03   1.5519892e-01
   1.4200000e+03   1.5665903e-01
   1.4300000e+03   1.4654244e-01
   1.4400000e+03   1.6161526e-01
   1.4500000e+03   1.4560904e-01
   1.4600000e+03   1.4753042e-01
   1.4700000e+03   1.4317614e-01
   1.4800000e+03   1.4092360e-01
   1.4900000e+03   1.5085362e-01
   1.5000000e+03   1.4864693e-01
   1.5100000e+03   1.3098337e-01
   1.5200000e+03   1.3859285e-01
   1.5300000e+03   1.2326762e-01
   1.5400000e+03   1.3824329e-01
   1.5500000e+03   1.3047542e-01
   1.5600000e+03   1.3059555e-01
   1.5700000e+03   1.3316965e-01
   1.5800000e+03   1.2425774e-01
   1.5900000e+03   1.3084858e-01
   1.6000000e+03   1.3984004e-01
   1.6100000e+03   1.3018255e-01
   1.6200000e+03   1.2941277e-01
   1.6300000e+03   1.2802490e-01
   1.6400000e+03   1.3957515e-01
   1.6500000e+03   1.2434741e-01
   1.6600000e+03   1.1393667e-01
   1.6700000e+03   1.2224118e-01
   1.6800000e+03   1.1937105e-01
   1.6900000e+03   1.1684075e-01
   1.7000000e+03   1.1662882e-01
   1.7100000e+03   1.1841905e-01
   1.7200000e+03   1.1605145e-01
   1.7300000e+03   1.0035472e-01
   1.7400000e+03   1.1387210e-01
   1.7500000e+03   1.1294785e-01
   1.7600000e+03   1.1213127e-01
   1.7700000e+03   1.1393832e-01
   1.7800000e+03   1.1209388e-01
   1.7900000e+03   1.0026043e-01
   1.8000000e+03   1.0791637e-01
   1.8100000e+03   9.5204672e-02
   1.8200000e+03   1.1206860e-01
   1.8300000e+03   9.8261817e-02
   1.8400000e+03   8.7380560e-02
   1.8500000e+03   1.0862084e-01
   1.8600000e+03   9.4684834e-02
   1.8700000e+03   9.8830158e-02
   1.8800000e+03   9.6538351e-02
   1.8900000e+03   1.0515681e-01
   1.9000000e+03   9.1573268e-02
   1.9100000e+03   8.6708451e-02
   1.9200000e+03   9.0397712e-02
   1.9300000e+03   8.6978359e-02
   1.9400000e+03   8.3419398e-02
   1.9500000e+03   7.5657203e-02
   1.9600000e+03   8.0737438e-02
   1.9700000e+03   8.3753591e-02
   1.9800000e+03   7.3393541e-02
   1.9900000e+03   7.7870396e-02
   2.0000000e+03   8.3720390e-02
   2.0100000e+03   7.3937578e-02
   2.0200000e+03   8.7211144e-02
   2.0300000e+03   8.1639458e-02
   2.0400000e+03   9.0302985e-02
   2.0500000e+03   8.8338554e-02
   2.0600000e+03   7.8626457e-02
   2.0700000e+03   8.3206858e-02
   2.0800000e+03   7.7216467e-02
   2.0900000e+03   8.3295197e-02
   2.1000000e+03   8.5686923e-02
   2.1100000e+03   7.5431123e-02
   2.1200000e+03   8.7233453e-02
   2.1300000e+03   7.6179697e-02
   2.1400000e+03   8.5441394e-02
   2.1500000e+03   7.1489863e-02
   2.1600000e+03   7.5487835e-02
   2.1700000e+03   7.5891453e-02
   2.1800000e+03   8.3948530e-02
   2.1900000e+03   7.1585100e-02
   2.2000000e+03   8.3501320e-02
   2.2100000e+03   7.7505883e-02
   2.2200000e+03   6.9899768e-02
   2.2300000e+03   7.0993716e-02
   2.2400000e+03   6.4571963e-02
   2.2500000e+03   7.2592842e-02
   2.2600000e+03   6.7307123e-02
   2.2700000e+03   7.8483681e-02
   2.2800000e+03   6.4352169e-02
   2.2900000e+03   7.3302323e-02
   2.3000000e+03   7.6845410e-02
   2.3100000e+03   7.2489125e-02
   2.3200000e+03   7.0699005e-02
   2.3300000e+03   6.4278846e-02
   2.3400000e+03   7.1542379e-02
   2.3500000e+03   5.9168984e-02
   2.3600000e+03   6.5754642e-02
   2.3700000e+03   7.2479339e-02
   2.3800000e+03   6.7215084e-02
   2.3900000e+03   7.0640138e-02
   2.4000000e+03   6.5363663e-02
   2.4100000e+03   6.6028442e-02
   2.4200000e+03   6.3725688e-02
   2.4300000e+03   6.3142476e-02
   2.4400000e+03   7.2616393e-02
   2.4500000e+03   6.5037630e-02
   2.4600000e+03   5.9128265e-02
   2.4700000e+03   7.5272014e-02
   2.4800000e+03   6.7010787e-02
   2.4900000e+03   6.2049654e-02
   2.5000000e+03   5.7647272e-02
   2.5100000e+03   5.8169998e-02
   2.5200000e+03   6.1258885e-02
   2.5300000e+03   5.7898155e-02
   2.5400000e+03   5.3583936e-02
   2.5500000e+03   6.2093447e-02
   2.5600000e+03   5.5401400e-02
   2.5700000e+03   6.0912560e-02
   2.5800000e+03   6.1837807e-02
   2.5900000e+03   6.0529518e-02
   2.6000000e+03   5.8035600e-02
   2.6100000e+03   5.6363540e-02
   2.6200000e+03   5.8142628e-02
   2.6300000e+03   6.0034626e-02
   2.6400000e+03   4.5626403e-02
   2.6500000e+03   5.8749084e-02
   2.6600000e+03   5.0690640e-02
   2.6700000e+03   5.5224451e-02
   2.6800000e+03   6.0235188e-02
   2.6900000e+03   4.8958765e-02
   2.7000000e+03   5.0926906e-02
   2.7100000e+03   5.1671781e-02
   2.7200000e+03   6.5667584e-02
   2.7300000e+03   5.2371289e-02
   2.7400000e+03   6.0664221e-02
   2.7500000e+03   5.4382738e-02
   2.7600000e+03   4.7982083e-02
   2.7700000e+03   4.7711334e-02
   2.7800000e+03   5.0113479e-02
   2.7900000e+03   5.0533028e-02
   2.8000000e+03   4.8675285e-02
   2.8100000e+03   6.1592929e-02
   2.8200000e+03   5.1604301e-02
   2.8300000e+03   5.0945267e-02
   2.8400000e+03   5.6855255e-02
   2.8500000e+03   4.4859280e-02
   2.8600000e+03   3.8735850e-02
   2.8700000e+03   5.2978120e-02
   2.8800000e+03   5.1911742e-02
   2.8900000e+03   3.6791585e-02
   2.9000000e+03   4.2143760e-02
   2.9100000e+03   4.8983024e-02
   2.9200000e+03   4.4541603e-02
   2.9300000e+03   3.3587741e-02
   2.9400000e+03   4.7466693e-02
   2.9500000e+03   5.0397618e-02
   2.9600000e+03   4.0560957e-02
   2.9700000e+03   5.7570870e-02
   2.9800000e+03   5.0030750e-02
   2.9900000e+03   4.3099220e-02
   3.0000000e+03   5.2091415e-02
   3.0100000e+03   4.6101217e-02
   3.0200000e+03   3.6835996e-02
   3.0300000e+03   4.1869230e-02
   3.0400000e+03   4.7818912e-02
   3.0500000e+03   5.4006883e-02
   3.0600000e+03   4.7966931e-02
   3.0700000e+03   3.8520295e-02
   3.0800000e+03   4.1201355e-02
   3.0900000e+03   2.9408313e-02
   3.1000000e+03   3.7203239e-02
   3.1100000e+03   4.8950608e-02
   3.1200000e+03   3.8732669e-02
   3.1300000e+03   4.7631709e-02
   3.1400000e+03   4.8832497e-02
   3.1500000e+03   5.0202676e-02
   3.1600000e+03   4.5054496e-02
   3.1700000e+03   4.0991693e-02
   3.1800000e+03   3.6157827e-02
   3.1900000e+03   4.3752524e-02
   3.2000000e+03   4.2106027e-02
   3.2100000e+03   4.6576611e-02
   3.2200000e+03   2.9263733e-02
   3.2300000e+03   3.8069839e-02
   3.2400000e+03   3.8637928e-02
   3.2500000e+03   3.7116827e-02
   3.2600000e+03   3.3054817e-02
   3.2700000e+03   3.5838158e-02
   3.2800000e+03   4.2681137e-02
   3.2900000e+03   4.3086209e-02
   3.3000000e+03   4.2200041e-02
   3.3100000e+03   3.4957189e-02
   3.3200000e+03   3.1950019e-02
   3.3300000e+03   3.6848353e-02
   3.3400000e+03   3.4374318e-02
   3.3500000e+03   3.5746166e-02
   3.3600000e+03   3.5443852e-02
   3.3700000e+03   3.0403924e-02
   3.3800000e+03   3.3451326e-02
   3.3900000e+03   2.7596187e-02
   3.4000000e+03   3.0970820e-02
   3.4100000e+03   4.1848383e-02
   3.4200000e+03   2.4461894e-02
   3.4300000e+03   4.6408158e-02
   3.4400000e+03   3.5131892e-02
   3.4500000e+03   3.0739986e-02
   3.4600000e+03   2.9352187e-02
   3.4700000e+03   4.0218957e-02
   3.4800000e+03   3.4377261e-02
   3.4900000e+03   3.2613524e-02
