   0.0000000e+00   1.8021657e+01
   1.0000000e+01   1.8030052e+01
   2.0000000e+01   1.8033689e+01
   3.0000000e+01   1.8022946e+01
   4.0000000e+01   1.8033807e+01
   5.0000000e+01   1.8016612e+01
   6.0000000e+01   1.7982489e+01
   7.0000000e+01   1.7923729e+01
   8.0000000e+01   1.7883839e+01
   9.0000000e+01   1.7845230e+01
   1.0000000e+02   1.7806807e+01
   1.1000000e+02   1.7752208e+01
   1.2000000e+02   1.7704863e+01
   1.3000000e+02   1.7690562e+01
   1.4000000e+02   1.7640628e+01
   1.5000000e+02   1.7588749e+01
   1.6000000e+02   1.7577161e+01
   1.7000000e+02   1.7517693e+01
   1.8000000e+02   1.7498985e+01
   1.9000000e+02   1.7463918e+01
   2.0000000e+02   1.7424585e+01
   2.1000000e+02   1.7410910e+01
   2.2000000e+02   1.7373054e+01
   2.3000000e+02   1.7327830e+01
   2.4000000e+02   1.7319521e+01
   2.5000000e+02   1.7307141e+01
   2.6000000e+02   1.7286576e+01
   2.7000000e+02   1.7268175e+01
   2.8000000e+02   1.7234328e+01
   2.9000000e+02   1.7231139e+01
   3.0000000e+02   1.7222319e+01
   3.1000000e+02   1.7187725e+01
   3.2000000e+02   1.7159448e+01
   3.3000000e+02   1.7143233e+01
   3.4000000e+02   1.7114588e+01
   3.5000000e+02   1.7118052e+01
   3.6000000e+02   1.7145920e+01
   3.7000000e+02   1.7070544e+01
   3.8000000e+02   1.7085385e+01
   3.9000000e+02   1.7080720e+01
   4.0000000e+02   1.7063113e+01
   4.1000000e+02   1.7069843e+01
   4.2000000e+02   1.7039098e+01
   4.3000000e+02   1.7035828e+01
   4.4000000e+02   1.7027820e+01
   4.5000000e+02   1.7012304e+01
   4.6000000e+02   1.7017840e+01
   4.7000000e+02   1.6984752e+01
   4.8000000e+02   1.7007665e+01
   4.9000000e+02   1.6972705e+01
   5.0000000e+02   1.7000216e+01
   5.1000000e+02   1.7003255e+01
   5.2000000e+02   1.6978391e+01
   5.3000000e+02   1.6962450e+01
   5.4000000e+02   1.6963328e+01
   5.5000000e+02   1.6955702e+01
   5.6000000e+02   1.6943647e+01
   5.7000000e+02   1.6938246e+01
   5.8000000e+02   1.6926984e+01
   5.9000000e+02   1.6934698e+01
   6.0000000e+02   1.6944280e+01
   6.1000000e+02   1.6934003e+01
   6.2000000e+02   1.6934212e+01
   6.3000000e+02   1.6905942e+01
   6.4000000e+02   1.6901305e+01
   6.5000000e+02   1.6916357e+01
   6.6000000e+02   1.6890565e+01
   6.7000000e+02   1.6898735e+01
   6.8000000e+02   1.6900068e+01
   6.9000000e+02   1.6901475e+01
   7.0000000e+02   1.6880367e+01
   7.1000000e+02   1.6883460e+01
   7.2000000e+02   1.6884770e+01
   7.3000000e+02   1.6868701e+01
   7.4000000e+02   1.6885600e+01
   7.5000000e+02   1.6905392e+01
   7.6000000e+02   1.6874578e+01
   7.7000000e+02   1.6879274e+01
   7.8000000e+02   1.6890743e+01
   7.9000000e+02   1.6890687e+01
   8.0000000e+02   1.6886518e+01
   8.1000000e+02   1.6862180e+01
   8.2000000e+02   1.6881244e+01
   8.3000000e+02   1.6883617e+01
   8.4000000e+02   1.6875647e+01
   8.5000000e+02   1.6871541e+01
   8.6000000e+02   1.6858217e+01
   8.7000000e+02   1.6864539e+01
   8.8000000e+02   1.6844907e+01
   8.9000000e+02   1.6848099e+01
   9.0000000e+02   1.6844253e+01
   9.1000000e+02   1.6855798e+01
   9.2000000e+02   1.6839861e+01
   9.3000000e+02   1.6854451e+01
   9.4000000e+02   1.6856449e+01
   9.5000000e+02   1.6844915e+01
   9.6000000e+02   1.6834823e+01
   9.7000000e+02   1.6840663e+01
   9.8000000e+02   1.6834633e+01
   9.9000000e+02   1.6841680e+01
   1.0000000e+03   1.6830643e+01
   1.0100000e+03   1.6830965e+01
   1.0200000e+03   1.6817172e+01
   1.0300000e+03   1.6827144e+01
   1.0400000e+03   1.6830465e+01
   1.0500000e+03   1.6816150e+01
   1.0600000e+03   1.6825448e+01
   1.0700000e+03   1.6831548e+01
   1.0800000e+03   1.6819395e+01
   1.0900000e+03   1.6813205e+01
   1.1000000e+03   1.6815357e+01
   1.1100000e+03   1.6832836e+01
   1.1200000e+03   1.6826503e+01
   1.1300000e+03   1.6825331e+01
   1.1400000e+03   1.6820761e+01
   1.1500000e+03   1.6844624e+01
   1.1600000e+03   1.6848574e+01
   1.1700000e+03   1.6849834e+01
   1.1800000e+03   1.6844009e+01
   1.1900000e+03   1.6830864e+01
   1.2000000e+03   1.6818853e+01
   1.2100000e+03   1.6811478e+01
   1.2200000e+03   1.6817061e+01
   1.2300000e+03   1.6817991e+01
   1.2400000e+03   1.6822164e+01
   1.2500000e+03   1.6805832e+01
   1.2600000e+03   1.6799669e+01
   1.2700000e+03   1.6822147e+01
   1.2800000e+03   1.6819353e+01
   1.2900000e+03   1.6821782e+01
   1.3000000e+03   1.6810660e+01
   1.3100000e+03   1.6822442e+01
   1.3200000e+03   1.6812316e+01
   1.3300000e+03   1.6832116e+01
   1.3400000e+03   1.6820855e+01
   1.3500000e+03   1.6821020e+01
   1.3600000e+03   1.6794101e+01
   1.3700000e+03   1.6829493e+01
   1.3800000e+03   1.6820614e+01
   1.3900000e+03   1.6802443e+01
   1.4000000e+03   1.6800005e+01
   1.4100000e+03   1.6833349e+01
   1.4200000e+03   1.6832255e+01
   1.4300000e+03   1.6822132e+01
   1.4400000e+03   1.6812594e+01
   1.4500000e+03   1.6825611e+01
   1.4600000e+03   1.6819404e+01
   1.4700000e+03   1.6813886e+01
   1.4800000e+03   1.6821852e+01
   1.4900000e+03   1.6829698e+01
   1.5000000e+03   1.6815644e+01
   1.5100000e+03   1.6812834e+01
   1.5200000e+03   1.6806745e+01
   1.5300000e+03   1.6814405e+01
   1.5400000e+03   1.6821260e+01
   1.5500000e+03   1.6806984e+01
   1.5600000e+03   1.6804549e+01
   1.5700000e+03   1.6834068e+01
   1.5800000e+03   1.6808660e+01
   1.5900000e+03   1.6818274e+01
   1.6000000e+03   1.6821464e+01
   1.6100000e+03   1.6822717e+01
   1.6200000e+03   1.6827986e+01
   1.6300000e+03   1.6819862e+01
   1.6400000e+03   1.6831883e+01
   1.6500000e+03   1.6815253e+01
   1.6600000e+03   1.6798332e+01
   1.6700000e+03   1.6803158e+01
   1.6800000e+03   1.6787511e+01
   1.6900000e+03   1.6809600e+01
   1.7000000e+03   1.6790109e+01
   1.7100000e+03   1.6796778e+01
   1.7200000e+03   1.6784886e+01
   1.7300000e+03   1.6779864e+01
   1.7400000e+03   1.6793622e+01
   1.7500000e+03   1.6822892e+01
   1.7600000e+03   1.6779570e+01
   1.7700000e+03   1.6807625e+01
   1.7800000e+03   1.6807405e+01
   1.7900000e+03   1.6801603e+01
   1.8000000e+03   1.6804154e+01
   1.8100000e+03   1.6803977e+01
   1.8200000e+03   1.6816670e+01
   1.8300000e+03   1.6813307e+01
   1.8400000e+03   1.6807762e+01
   1.8500000e+03   1.6816472e+01
   1.8600000e+03   1.6804851e+01
   1.8700000e+03   1.6789952e+01
   1.8800000e+03   1.6812047e+01
   1.8900000e+03   1.6852956e+01
   1.9000000e+03   1.6857713e+01
   1.9100000e+03   1.6870730e+01
   1.9200000e+03   1.6867221e+01
   1.9300000e+03   1.6861709e+01
   1.9400000e+03   1.6851181e+01
   1.9500000e+03   1.6849917e+01
   1.9600000e+03   1.6860575e+01
   1.9700000e+03   1.6862896e+01
   1.9800000e+03   1.6828142e+01
   1.9900000e+03   1.6803821e+01
   2.0000000e+03   1.6848462e+01
   2.0100000e+03   1.6860042e+01
   2.0200000e+03   1.6843594e+01
   2.0300000e+03   1.6827567e+01
   2.0400000e+03   1.6863642e+01
   2.0500000e+03   1.6879096e+01
   2.0600000e+03   1.6819210e+01
   2.0700000e+03   1.6829832e+01
   2.0800000e+03   1.6821515e+01
   2.0900000e+03   1.6819933e+01
   2.1000000e+03   1.6861578e+01
   2.1100000e+03   1.6862466e+01
   2.1200000e+03   1.6870790e+01
   2.1300000e+03   1.6872273e+01
   2.1400000e+03   1.6868765e+01
   2.1500000e+03   1.6856896e+01
   2.1600000e+03   1.6845335e+01
   2.1700000e+03   1.6862694e+01
   2.1800000e+03   1.6863788e+01
   2.1900000e+03   1.6851650e+01
   2.2000000e+03   1.6862876e+01
   2.2100000e+03   1.6846425e+01
   2.2200000e+03   1.6834402e+01
   2.2300000e+03   1.6862206e+01
   2.2400000e+03   1.6848581e+01
   2.2500000e+03   1.6858464e+01
   2.2600000e+03   1.6839240e+01
   2.2700000e+03   1.6854604e+01
   2.2800000e+03   1.6832335e+01
   2.2900000e+03   1.6840593e+01
   2.3000000e+03   1.6840654e+01
   2.3100000e+03   1.6840477e+01
   2.3200000e+03   1.6834737e+01
   2.3300000e+03   1.6827616e+01
   2.3400000e+03   1.6820019e+01
   2.3500000e+03   1.6824826e+01
   2.3600000e+03   1.6817712e+01
   2.3700000e+03   1.6821189e+01
   2.3800000e+03   1.6816386e+01
   2.3900000e+03   1.6821903e+01
   2.4000000e+03   1.6828005e+01
   2.4100000e+03   1.6848180e+01
   2.4200000e+03   1.6844018e+01
   2.4300000e+03   1.6823460e+01
   2.4400000e+03   1.6827365e+01
   2.4500000e+03   1.6837898e+01
   2.4600000e+03   1.6849870e+01
   2.4700000e+03   1.6845816e+01
   2.4800000e+03   1.6838944e+01
   2.4900000e+03   1.6846522e+01
   2.5000000e+03   1.6855588e+01
   2.5100000e+03   1.6837995e+01
   2.5200000e+03   1.6844802e+01
   2.5300000e+03   1.6847943e+01
   2.5400000e+03   1.6844787e+01
   2.5500000e+03   1.6828914e+01
   2.5600000e+03   1.6833367e+01
   2.5700000e+03   1.6838184e+01
   2.5800000e+03   1.6847471e+01
   2.5900000e+03   1.6839194e+01
   2.6000000e+03   1.6846919e+01
   2.6100000e+03   1.6842923e+01
   2.6200000e+03   1.6860032e+01
   2.6300000e+03   1.6850312e+01
   2.6400000e+03   1.6836826e+01
   2.6500000e+03   1.6832536e+01
   2.6600000e+03   1.6837944e+01
   2.6700000e+03   1.6846196e+01
   2.6800000e+03   1.6842848e+01
   2.6900000e+03   1.6851308e+01
   2.7000000e+03   1.6853045e+01
   2.7100000e+03   1.6838693e+01
   2.7200000e+03   1.6854555e+01
   2.7300000e+03   1.6846593e+01
   2.7400000e+03   1.6837007e+01
   2.7500000e+03   1.6844193e+01
   2.7600000e+03   1.6837324e+01
   2.7700000e+03   1.6838679e+01
   2.7800000e+03   1.6849676e+01
   2.7900000e+03   1.6843361e+01
   2.8000000e+03   1.6829424e+01
   2.8100000e+03   1.6851872e+01
   2.8200000e+03   1.6844200e+01
   2.8300000e+03   1.6854457e+01
   2.8400000e+03   1.6849454e+01
   2.8500000e+03   1.6871362e+01
   2.8600000e+03   1.6867326e+01
   2.8700000e+03   1.6856723e+01
   2.8800000e+03   1.6849618e+01
   2.8900000e+03   1.6822179e+01
   2.9000000e+03   1.6816618e+01
   2.9100000e+03   1.6845526e+01
   2.9200000e+03   1.6844334e+01
   2.9300000e+03   1.6818045e+01
   2.9400000e+03   1.6830770e+01
   2.9500000e+03   1.6828128e+01
   2.9600000e+03   1.6821538e+01
   2.9700000e+03   1.6839718e+01
   2.9800000e+03   1.6833335e+01
   2.9900000e+03   1.6821290e+01
   3.0000000e+03   1.6817048e+01
   3.0100000e+03   1.6866101e+01
   3.0200000e+03   1.6832908e+01
   3.0300000e+03   1.6823544e+01
   3.0400000e+03   1.6832051e+01
   3.0500000e+03   1.6826165e+01
   3.0600000e+03   1.6815941e+01
   3.0700000e+03   1.6824141e+01
   3.0800000e+03   1.6819856e+01
   3.0900000e+03   1.6801553e+01
   3.1000000e+03   1.6810049e+01
   3.1100000e+03   1.6796950e+01
   3.1200000e+03   1.6808792e+01
   3.1300000e+03   1.6808870e+01
   3.1400000e+03   1.6793580e+01
   3.1500000e+03   1.6780318e+01
   3.1600000e+03   1.6790497e+01
   3.1700000e+03   1.6788290e+01
   3.1800000e+03   1.6783453e+01
   3.1900000e+03   1.6774561e+01
   3.2000000e+03   1.6772913e+01
   3.2100000e+03   1.6787374e+01
   3.2200000e+03   1.6774929e+01
   3.2300000e+03   1.6778630e+01
   3.2400000e+03   1.6766191e+01
   3.2500000e+03   1.6761417e+01
   3.2600000e+03   1.6768502e+01
   3.2700000e+03   1.6777094e+01
   3.2800000e+03   1.6781154e+01
   3.2900000e+03   1.6788527e+01
   3.3000000e+03   1.6784853e+01
   3.3100000e+03   1.6782484e+01
   3.3200000e+03   1.6797128e+01
   3.3300000e+03   1.6801332e+01
   3.3400000e+03   1.6822316e+01
   3.3500000e+03   1.6829495e+01
   3.3600000e+03   1.6829193e+01
   3.3700000e+03   1.6816717e+01
   3.3800000e+03   1.6818373e+01
   3.3900000e+03   1.6810424e+01
   3.4000000e+03   1.6794058e+01
   3.4100000e+03   1.6814000e+01
   3.4200000e+03   1.6802643e+01
   3.4300000e+03   1.6816007e+01
   3.4400000e+03   1.6824467e+01
   3.4500000e+03   1.6815428e+01
   3.4600000e+03   1.6806142e+01
   3.4700000e+03   1.6825609e+01
   3.4800000e+03   1.6810009e+01
   3.4900000e+03   1.6801973e+01
