   0.0000000e+00   1.7251943e+01
   1.0000000e+01   1.7263362e+01
   2.0000000e+01   1.7266537e+01
   3.0000000e+01   1.7269951e+01
   4.0000000e+01   1.7289641e+01
   5.0000000e+01   1.7478834e+01
   6.0000000e+01   1.7656173e+01
   7.0000000e+01   1.7793300e+01
   8.0000000e+01   1.7891730e+01
   9.0000000e+01   1.7926224e+01
   1.0000000e+02   1.7991306e+01
   1.1000000e+02   1.8026753e+01
   1.2000000e+02   1.8062725e+01
   1.3000000e+02   1.8096229e+01
   1.4000000e+02   1.8126828e+01
   1.5000000e+02   1.8134602e+01
   1.6000000e+02   1.8158055e+01
   1.7000000e+02   1.8183305e+01
   1.8000000e+02   1.8192217e+01
   1.9000000e+02   1.8216104e+01
   2.0000000e+02   1.8229229e+01
   2.1000000e+02   1.8240853e+01
   2.2000000e+02   1.8250352e+01
   2.3000000e+02   1.8246922e+01
   2.4000000e+02   1.8260659e+01
   2.5000000e+02   1.8281234e+01
   2.6000000e+02   1.8290149e+01
   2.7000000e+02   1.8276634e+01
   2.8000000e+02   1.8289679e+01
   2.9000000e+02   1.8299948e+01
   3.0000000e+02   1.8327096e+01
   3.1000000e+02   1.8312947e+01
   3.2000000e+02   1.8290728e+01
   3.3000000e+02   1.8303991e+01
   3.4000000e+02   1.8301821e+01
   3.5000000e+02   1.8297857e+01
   3.6000000e+02   1.8346115e+01
   3.7000000e+02   1.8313266e+01
   3.8000000e+02   1.8311621e+01
   3.9000000e+02   1.8330856e+01
   4.0000000e+02   1.8335538e+01
   4.1000000e+02   1.8349452e+01
   4.2000000e+02   1.8343330e+01
   4.3000000e+02   1.8354215e+01
   4.4000000e+02   1.8341575e+01
   4.5000000e+02   1.8333963e+01
   4.6000000e+02   1.8362228e+01
   4.7000000e+02   1.8356086e+01
   4.8000000e+02   1.8343944e+01
   4.9000000e+02   1.8333148e+01
   5.0000000e+02   1.8374550e+01
   5.1000000e+02   1.8371089e+01
   5.2000000e+02   1.8365506e+01
   5.3000000e+02   1.8341232e+01
   5.4000000e+02   1.8336077e+01
   5.5000000e+02   1.8324979e+01
   5.6000000e+02   1.8339152e+01
   5.7000000e+02   1.8339789e+01
   5.8000000e+02   1.8331555e+01
   5.9000000e+02   1.8340885e+01
   6.0000000e+02   1.8354632e+01
   6.1000000e+02   1.8345294e+01
   6.2000000e+02   1.8351999e+01
   6.3000000e+02   1.8335127e+01
   6.4000000e+02   1.8352767e+01
   6.5000000e+02   1.8363162e+01
   6.6000000e+02   1.8351319e+01
   6.7000000e+02   1.8347880e+01
   6.8000000e+02   1.8351067e+01
   6.9000000e+02   1.8352009e+01
   7.0000000e+02   1.8351804e+01
   7.1000000e+02   1.8361389e+01
   7.2000000e+02   1.8345530e+01
   7.3000000e+02   1.8349431e+01
   7.4000000e+02   1.8371878e+01
   7.5000000e+02   1.8371001e+01
   7.6000000e+02   1.8361565e+01
   7.7000000e+02   1.8363704e+01
   7.8000000e+02   1.8371680e+01
   7.9000000e+02   1.8380207e+01
   8.0000000e+02   1.8380451e+01
   8.1000000e+02   1.8367973e+01
   8.2000000e+02   1.8365208e+01
   8.3000000e+02   1.8370129e+01
   8.4000000e+02   1.8392095e+01
   8.5000000e+02   1.8392402e+01
   8.6000000e+02   1.8385821e+01
   8.7000000e+02   1.8379609e+01
   8.8000000e+02   1.8384590e+01
   8.9000000e+02   1.8381283e+01
   9.0000000e+02   1.8366305e+01
   9.1000000e+02   1.8380620e+01
   9.2000000e+02   1.8384422e+01
   9.3000000e+02   1.8395050e+01
   9.4000000e+02   1.8390087e+01
   9.5000000e+02   1.8384134e+01
   9.6000000e+02   1.8387510e+01
   9.7000000e+02   1.8376639e+01
   9.8000000e+02   1.8389639e+01
   9.9000000e+02   1.8399694e+01
   1.0000000e+03   1.8368255e+01
   1.0100000e+03   1.8380872e+01
   1.0200000e+03   1.8382174e+01
   1.0300000e+03   1.8371720e+01
   1.0400000e+03   1.8364365e+01
   1.0500000e+03   1.8370482e+01
   1.0600000e+03   1.8330819e+01
   1.0700000e+03   1.8341784e+01
   1.0800000e+03   1.8351452e+01
   1.0900000e+03   1.8371949e+01
   1.1000000e+03   1.8371779e+01
   1.1100000e+03   1.8385293e+01
   1.1200000e+03   1.8372936e+01
   1.1300000e+03   1.8374317e+01
   1.1400000e+03   1.8378568e+01
   1.1500000e+03   1.8373172e+01
   1.1600000e+03   1.8382685e+01
   1.1700000e+03   1.8396006e+01
   1.1800000e+03   1.8399700e+01
   1.1900000e+03   1.8402346e+01
   1.2000000e+03   1.8391045e+01
   1.2100000e+03   1.8388551e+01
   1.2200000e+03   1.8387168e+01
   1.2300000e+03   1.8384152e+01
   1.2400000e+03   1.8394352e+01
   1.2500000e+03   1.8386159e+01
   1.2600000e+03   1.8400651e+01
   1.2700000e+03   1.8406166e+01
   1.2800000e+03   1.8394792e+01
   1.2900000e+03   1.8384691e+01
   1.3000000e+03   1.8389822e+01
   1.3100000e+03   1.8412492e+01
   1.3200000e+03   1.8397508e+01
   1.3300000e+03   1.8395245e+01
   1.3400000e+03   1.8395364e+01
   1.3500000e+03   1.8412232e+01
   1.3600000e+03   1.8390218e+01
   1.3700000e+03   1.8388914e+01
   1.3800000e+03   1.8401851e+01
   1.3900000e+03   1.8386719e+01
   1.4000000e+03   1.8398898e+01
   1.4100000e+03   1.8410395e+01
   1.4200000e+03   1.8408142e+01
   1.4300000e+03   1.8406383e+01
   1.4400000e+03   1.8404976e+01
   1.4500000e+03   1.8391763e+01
   1.4600000e+03   1.8402267e+01
   1.4700000e+03   1.8403483e+01
   1.4800000e+03   1.8417238e+01
   1.4900000e+03   1.8412779e+01
   1.5000000e+03   1.8398743e+01
   1.5100000e+03   1.8383642e+01
   1.5200000e+03   1.8403542e+01
   1.5300000e+03   1.8405393e+01
   1.5400000e+03   1.8405048e+01
   1.5500000e+03   1.8403781e+01
   1.5600000e+03   1.8395782e+01
   1.5700000e+03   1.8412737e+01
   1.5800000e+03   1.8408006e+01
   1.5900000e+03   1.8427352e+01
   1.6000000e+03   1.8458143e+01
   1.6100000e+03   1.8463338e+01
   1.6200000e+03   1.8469760e+01
   1.6300000e+03   1.8470924e+01
   1.6400000e+03   1.8493601e+01
   1.6500000e+03   1.8487430e+01
   1.6600000e+03   1.8490481e+01
   1.6700000e+03   1.8487413e+01
   1.6800000e+03   1.8484313e+01
   1.6900000e+03   1.8498486e+01
   1.7000000e+03   1.8501754e+01
   1.7100000e+03   1.8501919e+01
   1.7200000e+03   1.8489347e+01
   1.7300000e+03   1.8501265e+01
   1.7400000e+03   1.8501319e+01
   1.7500000e+03   1.8508050e+01
   1.7600000e+03   1.8501203e+01
   1.7700000e+03   1.8498601e+01
   1.7800000e+03   1.8501165e+01
   1.7900000e+03   1.8507202e+01
   1.8000000e+03   1.8507893e+01
   1.8100000e+03   1.8494959e+01
   1.8200000e+03   1.8509491e+01
   1.8300000e+03   1.8487343e+01
   1.8400000e+03   1.8496419e+01
   1.8500000e+03   1.8483081e+01
   1.8600000e+03   1.8487712e+01
   1.8700000e+03   1.8501365e+01
   1.8800000e+03   1.8504178e+01
   1.8900000e+03   1.8513718e+01
   1.9000000e+03   1.8514062e+01
   1.9100000e+03   1.8509433e+01
   1.9200000e+03   1.8496186e+01
   1.9300000e+03   1.8486738e+01
   1.9400000e+03   1.8481790e+01
   1.9500000e+03   1.8469626e+01
   1.9600000e+03   1.8458233e+01
   1.9700000e+03   1.8476325e+01
   1.9800000e+03   1.8446487e+01
   1.9900000e+03   1.8416396e+01
   2.0000000e+03   1.8429665e+01
   2.0100000e+03   1.8437055e+01
   2.0200000e+03   1.8470501e+01
   2.0300000e+03   1.8474212e+01
   2.0400000e+03   1.8484493e+01
   2.0500000e+03   1.8478123e+01
   2.0600000e+03   1.8453108e+01
   2.0700000e+03   1.8415698e+01
   2.0800000e+03   1.8399272e+01
   2.0900000e+03   1.8391892e+01
   2.1000000e+03   1.8458075e+01
   2.1100000e+03   1.8481926e+01
   2.1200000e+03   1.8495344e+01
   2.1300000e+03   1.8499840e+01
   2.1400000e+03   1.8502368e+01
   2.1500000e+03   1.8507911e+01
   2.1600000e+03   1.8526056e+01
   2.1700000e+03   1.8525299e+01
   2.1800000e+03   1.8545412e+01
   2.1900000e+03   1.8526331e+01
   2.2000000e+03   1.8544037e+01
   2.2100000e+03   1.8546861e+01
   2.2200000e+03   1.8525343e+01
   2.2300000e+03   1.8538730e+01
   2.2400000e+03   1.8543215e+01
   2.2500000e+03   1.8542647e+01
   2.2600000e+03   1.8541541e+01
   2.2700000e+03   1.8548766e+01
   2.2800000e+03   1.8548098e+01
   2.2900000e+03   1.8547763e+01
   2.3000000e+03   1.8560814e+01
   2.3100000e+03   1.8545095e+01
   2.3200000e+03   1.8557688e+01
   2.3300000e+03   1.8545242e+01
   2.3400000e+03   1.8557834e+01
   2.3500000e+03   1.8547326e+01
   2.3600000e+03   1.8554371e+01
   2.3700000e+03   1.8551116e+01
   2.3800000e+03   1.8548640e+01
   2.3900000e+03   1.8541856e+01
   2.4000000e+03   1.8562794e+01
   2.4100000e+03   1.8555108e+01
   2.4200000e+03   1.8544921e+01
   2.4300000e+03   1.8554080e+01
   2.4400000e+03   1.8561691e+01
   2.4500000e+03   1.8545072e+01
   2.4600000e+03   1.8561899e+01
   2.4700000e+03   1.8560633e+01
   2.4800000e+03   1.8559337e+01
   2.4900000e+03   1.8557627e+01
   2.5000000e+03   1.8556708e+01
   2.5100000e+03   1.8555374e+01
   2.5200000e+03   1.8557069e+01
   2.5300000e+03   1.8543273e+01
   2.5400000e+03   1.8548241e+01
   2.5500000e+03   1.8564862e+01
   2.5600000e+03   1.8569309e+01
   2.5700000e+03   1.8572960e+01
   2.5800000e+03   1.8564606e+01
   2.5900000e+03   1.8572809e+01
   2.6000000e+03   1.8565678e+01
   2.6100000e+03   1.8552178e+01
   2.6200000e+03   1.8572511e+01
   2.6300000e+03   1.8564196e+01
   2.6400000e+03   1.8551655e+01
   2.6500000e+03   1.8555489e+01
   2.6600000e+03   1.8572952e+01
   2.6700000e+03   1.8577482e+01
   2.6800000e+03   1.8579473e+01
   2.6900000e+03   1.8573541e+01
   2.7000000e+03   1.8565765e+01
   2.7100000e+03   1.8566742e+01
   2.7200000e+03   1.8567737e+01
   2.7300000e+03   1.8573007e+01
   2.7400000e+03   1.8576191e+01
   2.7500000e+03   1.8566203e+01
   2.7600000e+03   1.8567462e+01
   2.7700000e+03   1.8566496e+01
   2.7800000e+03   1.8571679e+01
   2.7900000e+03   1.8582304e+01
   2.8000000e+03   1.8574649e+01
   2.8100000e+03   1.8580598e+01
   2.8200000e+03   1.8579895e+01
   2.8300000e+03   1.8571583e+01
   2.8400000e+03   1.8568210e+01
   2.8500000e+03   1.8575939e+01
   2.8600000e+03   1.8562630e+01
   2.8700000e+03   1.8564800e+01
   2.8800000e+03   1.8551441e+01
   2.8900000e+03   1.8536101e+01
   2.9000000e+03   1.8554670e+01
   2.9100000e+03   1.8551530e+01
   2.9200000e+03   1.8551499e+01
   2.9300000e+03   1.8535915e+01
   2.9400000e+03   1.8541664e+01
   2.9500000e+03   1.8548768e+01
   2.9600000e+03   1.8539635e+01
   2.9700000e+03   1.8552920e+01
   2.9800000e+03   1.8548170e+01
   2.9900000e+03   1.8527326e+01
   3.0000000e+03   1.8532368e+01
   3.0100000e+03   1.8526614e+01
   3.0200000e+03   1.8520140e+01
   3.0300000e+03   1.8526561e+01
   3.0400000e+03   1.8519516e+01
   3.0500000e+03   1.8517349e+01
   3.0600000e+03   1.8513865e+01
   3.0700000e+03   1.8515560e+01
   3.0800000e+03   1.8518471e+01
   3.0900000e+03   1.8512950e+01
   3.1000000e+03   1.8511229e+01
   3.1100000e+03   1.8517864e+01
   3.1200000e+03   1.8513453e+01
   3.1300000e+03   1.8521649e+01
   3.1400000e+03   1.8511483e+01
   3.1500000e+03   1.8513780e+01
   3.1600000e+03   1.8518378e+01
   3.1700000e+03   1.8506432e+01
   3.1800000e+03   1.8499746e+01
   3.1900000e+03   1.8515453e+01
   3.2000000e+03   1.8505457e+01
   3.2100000e+03   1.8520827e+01
   3.2200000e+03   1.8506543e+01
   3.2300000e+03   1.8499801e+01
   3.2400000e+03   1.8500368e+01
   3.2500000e+03   1.8507895e+01
   3.2600000e+03   1.8520769e+01
   3.2700000e+03   1.8504761e+01
   3.2800000e+03   1.8506032e+01
   3.2900000e+03   1.8525226e+01
   3.3000000e+03   1.8510191e+01
   3.3100000e+03   1.8505505e+01
   3.3200000e+03   1.8488814e+01
   3.3300000e+03   1.8455666e+01
   3.3400000e+03   1.8457601e+01
   3.3500000e+03   1.8424176e+01
   3.3600000e+03   1.8412507e+01
   3.3700000e+03   1.8397264e+01
   3.3800000e+03   1.8400309e+01
   3.3900000e+03   1.8392602e+01
   3.4000000e+03   1.8381127e+01
   3.4100000e+03   1.8403597e+01
   3.4200000e+03   1.8412204e+01
   3.4300000e+03   1.8397250e+01
   3.4400000e+03   1.8395725e+01
   3.4500000e+03   1.8392032e+01
   3.4600000e+03   1.8393197e+01
   3.4700000e+03   1.8388977e+01
   3.4800000e+03   1.8390795e+01
   3.4900000e+03   1.8397384e+01
