   0.0000000e+00   1.7521024e+01
   1.0000000e+01   1.7523619e+01
   2.0000000e+01   1.7523311e+01
   3.0000000e+01   1.7525796e+01
   4.0000000e+01   1.7532018e+01
   5.0000000e+01   1.7580744e+01
   6.0000000e+01   1.7619498e+01
   7.0000000e+01   1.7657750e+01
   8.0000000e+01   1.7663347e+01
   9.0000000e+01   1.7681833e+01
   1.0000000e+02   1.7694935e+01
   1.1000000e+02   1.7697199e+01
   1.2000000e+02   1.7690705e+01
   1.3000000e+02   1.7698918e+01
   1.4000000e+02   1.7688444e+01
   1.5000000e+02   1.7712468e+01
   1.6000000e+02   1.7705988e+01
   1.7000000e+02   1.7697127e+01
   1.8000000e+02   1.7710220e+01
   1.9000000e+02   1.7711369e+01
   2.0000000e+02   1.7714752e+01
   2.1000000e+02   1.7723827e+01
   2.2000000e+02   1.7714761e+01
   2.3000000e+02   1.7732451e+01
   2.4000000e+02   1.7725769e+01
   2.5000000e+02   1.7729641e+01
   2.6000000e+02   1.7746916e+01
   2.7000000e+02   1.7727128e+01
   2.8000000e+02   1.7726485e+01
   2.9000000e+02   1.7733277e+01
   3.0000000e+02   1.7743030e+01
   3.1000000e+02   1.7736998e+01
   3.2000000e+02   1.7723357e+01
   3.3000000e+02   1.7737554e+01
   3.4000000e+02   1.7733062e+01
   3.5000000e+02   1.7734434e+01
   3.6000000e+02   1.7733973e+01
   3.7000000e+02   1.7730121e+01
   3.8000000e+02   1.7727547e+01
   3.9000000e+02   1.7726134e+01
   4.0000000e+02   1.7732907e+01
   4.1000000e+02   1.7739633e+01
   4.2000000e+02   1.7736989e+01
   4.3000000e+02   1.7724437e+01
   4.4000000e+02   1.7731984e+01
   4.5000000e+02   1.7717869e+01
   4.6000000e+02   1.7716903e+01
   4.7000000e+02   1.7723059e+01
   4.8000000e+02   1.7717643e+01
   4.9000000e+02   1.7711483e+01
   5.0000000e+02   1.7729695e+01
   5.1000000e+02   1.7732732e+01
   5.2000000e+02   1.7729932e+01
   5.3000000e+02   1.7716322e+01
   5.4000000e+02   1.7710004e+01
   5.5000000e+02   1.7713988e+01
   5.6000000e+02   1.7717026e+01
   5.7000000e+02   1.7711628e+01
   5.8000000e+02   1.7721263e+01
   5.9000000e+02   1.7709707e+01
   6.0000000e+02   1.7719516e+01
   6.1000000e+02   1.7711798e+01
   6.2000000e+02   1.7714793e+01
   6.3000000e+02   1.7713928e+01
   6.4000000e+02   1.7706044e+01
   6.5000000e+02   1.7706465e+01
   6.6000000e+02   1.7691598e+01
   6.7000000e+02   1.7693263e+01
   6.8000000e+02   1.7692507e+01
   6.9000000e+02   1.7694377e+01
   7.0000000e+02   1.7698582e+01
   7.1000000e+02   1.7695406e+01
   7.2000000e+02   1.7682324e+01
   7.3000000e+02   1.7688548e+01
   7.4000000e+02   1.7685939e+01
   7.5000000e+02   1.7701773e+01
   7.6000000e+02   1.7680959e+01
   7.7000000e+02   1.7678689e+01
   7.8000000e+02   1.7685973e+01
   7.9000000e+02   1.7682667e+01
   8.0000000e+02   1.7682447e+01
   8.1000000e+02   1.7682496e+01
   8.2000000e+02   1.7674159e+01
   8.3000000e+02   1.7678155e+01
   8.4000000e+02   1.7675992e+01
   8.5000000e+02   1.7676532e+01
   8.6000000e+02   1.7679928e+01
   8.7000000e+02   1.7669766e+01
   8.8000000e+02   1.7671965e+01
   8.9000000e+02   1.7665871e+01
   9.0000000e+02   1.7669918e+01
   9.1000000e+02   1.7674028e+01
   9.2000000e+02   1.7660887e+01
   9.3000000e+02   1.7664094e+01
   9.4000000e+02   1.7658896e+01
   9.5000000e+02   1.7660135e+01
   9.6000000e+02   1.7652603e+01
   9.7000000e+02   1.7660992e+01
   9.8000000e+02   1.7656590e+01
   9.9000000e+02   1.7656206e+01
   1.0000000e+03   1.7654461e+01
   1.0100000e+03   1.7650140e+01
   1.0200000e+03   1.7649354e+01
   1.0300000e+03   1.7648178e+01
   1.0400000e+03   1.7651265e+01
   1.0500000e+03   1.7646011e+01
   1.0600000e+03   1.7639983e+01
   1.0700000e+03   1.7638420e+01
   1.0800000e+03   1.7642291e+01
   1.0900000e+03   1.7632623e+01
   1.1000000e+03   1.7640577e+01
   1.1100000e+03   1.7640868e+01
   1.1200000e+03   1.7635003e+01
   1.1300000e+03   1.7643813e+01
   1.1400000e+03   1.7626711e+01
   1.1500000e+03   1.7627347e+01
   1.1600000e+03   1.7630599e+01
   1.1700000e+03   1.7638589e+01
   1.1800000e+03   1.7615823e+01
   1.1900000e+03   1.7634255e+01
   1.2000000e+03   1.7632696e+01
   1.2100000e+03   1.7628112e+01
   1.2200000e+03   1.7627424e+01
   1.2300000e+03   1.7618604e+01
   1.2400000e+03   1.7617204e+01
   1.2500000e+03   1.7613880e+01
   1.2600000e+03   1.7627452e+01
   1.2700000e+03   1.7639006e+01
   1.2800000e+03   1.7626697e+01
   1.2900000e+03   1.7626106e+01
   1.3000000e+03   1.7614527e+01
   1.3100000e+03   1.7624909e+01
   1.3200000e+03   1.7622914e+01
   1.3300000e+03   1.7618329e+01
   1.3400000e+03   1.7620769e+01
   1.3500000e+03   1.7621631e+01
   1.3600000e+03   1.7612371e+01
   1.3700000e+03   1.7615708e+01
   1.3800000e+03   1.7620993e+01
   1.3900000e+03   1.7609101e+01
   1.4000000e+03   1.7613628e+01
   1.4100000e+03   1.7617239e+01
   1.4200000e+03   1.7621021e+01
   1.4300000e+03   1.7603476e+01
   1.4400000e+03   1.7614835e+01
   1.4500000e+03   1.7604167e+01
   1.4600000e+03   1.7611892e+01
   1.4700000e+03   1.7606609e+01
   1.4800000e+03   1.7597393e+01
   1.4900000e+03   1.7619858e+01
   1.5000000e+03   1.7616258e+01
   1.5100000e+03   1.7590006e+01
   1.5200000e+03   1.7608293e+01
   1.5300000e+03   1.7591111e+01
   1.5400000e+03   1.7610961e+01
   1.5500000e+03   1.7590891e+01
   1.5600000e+03   1.7597046e+01
   1.5700000e+03   1.7607048e+01
   1.5800000e+03   1.7593726e+01
   1.5900000e+03   1.7600085e+01
   1.6000000e+03   1.7599791e+01
   1.6100000e+03   1.7598490e+01
   1.6200000e+03   1.7602363e+01
   1.6300000e+03   1.7597957e+01
   1.6400000e+03   1.7607883e+01
   1.6500000e+03   1.7606582e+01
   1.6600000e+03   1.7598029e+01
   1.6700000e+03   1.7600530e+01
   1.6800000e+03   1.7597196e+01
   1.6900000e+03   1.7599076e+01
   1.7000000e+03   1.7598400e+01
   1.7100000e+03   1.7604136e+01
   1.7200000e+03   1.7592483e+01
   1.7300000e+03   1.7602089e+01
   1.7400000e+03   1.7596571e+01
   1.7500000e+03   1.7604932e+01
   1.7600000e+03   1.7605276e+01
   1.7700000e+03   1.7594781e+01
   1.7800000e+03   1.7601061e+01
   1.7900000e+03   1.7595263e+01
   1.8000000e+03   1.7602686e+01
   1.8100000e+03   1.7586261e+01
   1.8200000e+03   1.7607535e+01
   1.8300000e+03   1.7594425e+01
   1.8400000e+03   1.7588418e+01
   1.8500000e+03   1.7604551e+01
   1.8600000e+03   1.7599436e+01
   1.8700000e+03   1.7609617e+01
   1.8800000e+03   1.7602915e+01
   1.8900000e+03   1.7597373e+01
   1.9000000e+03   1.7593771e+01
   1.9100000e+03   1.7596567e+01
   1.9200000e+03   1.7599792e+01
   1.9300000e+03   1.7590337e+01
   1.9400000e+03   1.7590260e+01
   1.9500000e+03   1.7586909e+01
   1.9600000e+03   1.7587578e+01
   1.9700000e+03   1.7593612e+01
   1.9800000e+03   1.7588359e+01
   1.9900000e+03   1.7577283e+01
   2.0000000e+03   1.7591258e+01
   2.0100000e+03   1.7587278e+01
   2.0200000e+03   1.7581749e+01
   2.0300000e+03   1.7586855e+01
   2.0400000e+03   1.7590876e+01
   2.0500000e+03   1.7590537e+01
   2.0600000e+03   1.7597306e+01
   2.0700000e+03   1.7587030e+01
   2.0800000e+03   1.7586843e+01
   2.0900000e+03   1.7597796e+01
   2.1000000e+03   1.7583707e+01
   2.1100000e+03   1.7597593e+01
   2.1200000e+03   1.7603127e+01
   2.1300000e+03   1.7599038e+01
   2.1400000e+03   1.7589497e+01
   2.1500000e+03   1.7594348e+01
   2.1600000e+03   1.7581865e+01
   2.1700000e+03   1.7598053e+01
   2.1800000e+03   1.7598218e+01
   2.1900000e+03   1.7587944e+01
   2.2000000e+03   1.7590574e+01
   2.2100000e+03   1.7583883e+01
   2.2200000e+03   1.7593686e+01
   2.2300000e+03   1.7589673e+01
   2.2400000e+03   1.7585805e+01
   2.2500000e+03   1.7591505e+01
   2.2600000e+03   1.7594344e+01
   2.2700000e+03   1.7599485e+01
   2.2800000e+03   1.7596728e+01
   2.2900000e+03   1.7596160e+01
   2.3000000e+03   1.7601328e+01
   2.3100000e+03   1.7597204e+01
   2.3200000e+03   1.7594021e+01
   2.3300000e+03   1.7591780e+01
   2.3400000e+03   1.7586044e+01
   2.3500000e+03   1.7588759e+01
   2.3600000e+03   1.7592327e+01
   2.3700000e+03   1.7602069e+01
   2.3800000e+03   1.7597966e+01
   2.3900000e+03   1.7601623e+01
   2.4000000e+03   1.7604471e+01
   2.4100000e+03   1.7600725e+01
   2.4200000e+03   1.7603529e+01
   2.4300000e+03   1.7598071e+01
   2.4400000e+03   1.7598260e+01
   2.4500000e+03   1.7594395e+01
   2.4600000e+03   1.7607753e+01
   2.4700000e+03   1.7603933e+01
   2.4800000e+03   1.7600315e+01
   2.4900000e+03   1.7600461e+01
   2.5000000e+03   1.7600933e+01
   2.5100000e+03   1.7598206e+01
   2.5200000e+03   1.7606866e+01
   2.5300000e+03   1.7588649e+01
   2.5400000e+03   1.7595709e+01
   2.5500000e+03   1.7605379e+01
   2.5600000e+03   1.7600544e+01
   2.5700000e+03   1.7604198e+01
   2.5800000e+03   1.7597463e+01
   2.5900000e+03   1.7608226e+01
   2.6000000e+03   1.7599000e+01
   2.6100000e+03   1.7599649e+01
   2.6200000e+03   1.7602821e+01
   2.6300000e+03   1.7599838e+01
   2.6400000e+03   1.7595645e+01
   2.6500000e+03   1.7599714e+01
   2.6600000e+03   1.7602798e+01
   2.6700000e+03   1.7595261e+01
   2.6800000e+03   1.7600271e+01
   2.6900000e+03   1.7599209e+01
   2.7000000e+03   1.7595374e+01
   2.7100000e+03   1.7593797e+01
   2.7200000e+03   1.7603614e+01
   2.7300000e+03   1.7600068e+01
   2.7400000e+03   1.7592576e+01
   2.7500000e+03   1.7600222e+01
   2.7600000e+03   1.7598696e+01
   2.7700000e+03   1.7594944e+01
   2.7800000e+03   1.7602917e+01
   2.7900000e+03   1.7603336e+01
   2.8000000e+03   1.7597765e+01
   2.8100000e+03   1.7614396e+01
   2.8200000e+03   1.7595355e+01
   2.8300000e+03   1.7600267e+01
   2.8400000e+03   1.7607569e+01
   2.8500000e+03   1.7603930e+01
   2.8600000e+03   1.7594558e+01
   2.8700000e+03   1.7600907e+01
   2.8800000e+03   1.7610750e+01
   2.8900000e+03   1.7596327e+01
   2.9000000e+03   1.7595876e+01
   2.9100000e+03   1.7601787e+01
   2.9200000e+03   1.7609184e+01
   2.9300000e+03   1.7591731e+01
   2.9400000e+03   1.7605145e+01
   2.9500000e+03   1.7607611e+01
   2.9600000e+03   1.7593829e+01
   2.9700000e+03   1.7610142e+01
   2.9800000e+03   1.7604459e+01
   2.9900000e+03   1.7593350e+01
   3.0000000e+03   1.7600484e+01
   3.0100000e+03   1.7605172e+01
   3.0200000e+03   1.7591033e+01
   3.0300000e+03   1.7601869e+01
   3.0400000e+03   1.7603640e+01
   3.0500000e+03   1.7608667e+01
   3.0600000e+03   1.7601003e+01
   3.0700000e+03   1.7596663e+01
   3.0800000e+03   1.7600737e+01
   3.0900000e+03   1.7594051e+01
   3.1000000e+03   1.7600685e+01
   3.1100000e+03   1.7602683e+01
   3.1200000e+03   1.7598733e+01
   3.1300000e+03   1.7606703e+01
   3.1400000e+03   1.7602100e+01
   3.1500000e+03   1.7604167e+01
   3.1600000e+03   1.7602036e+01
   3.1700000e+03   1.7594724e+01
   3.1800000e+03   1.7584784e+01
   3.1900000e+03   1.7598878e+01
   3.2000000e+03   1.7601177e+01
   3.2100000e+03   1.7603559e+01
   3.2200000e+03   1.7591353e+01
   3.2300000e+03   1.7594356e+01
   3.2400000e+03   1.7604209e+01
   3.2500000e+03   1.7600831e+01
   3.2600000e+03   1.7603965e+01
   3.2700000e+03   1.7606284e+01
   3.2800000e+03   1.7594789e+01
   3.2900000e+03   1.7601925e+01
   3.3000000e+03   1.7600111e+01
   3.3100000e+03   1.7604475e+01
   3.3200000e+03   1.7600771e+01
   3.3300000e+03   1.7600563e+01
   3.3400000e+03   1.7602731e+01
   3.3500000e+03   1.7594354e+01
   3.3600000e+03   1.7614711e+01
   3.3700000e+03   1.7600154e+01
   3.3800000e+03   1.7599487e+01
   3.3900000e+03   1.7594561e+01
   3.4000000e+03   1.7599096e+01
   3.4100000e+03   1.7616704e+01
   3.4200000e+03   1.7633906e+01
   3.4300000e+03   1.7630084e+01
   3.4400000e+03   1.7605810e+01
   3.4500000e+03   1.7590973e+01
   3.4600000e+03   1.7589585e+01
   3.4700000e+03   1.7595576e+01
   3.4800000e+03   1.7661925e+01
   3.4900000e+03   1.7625808e+01
