   0.0000000e+00  -3.5974047e-03
   1.0000000e+01   1.1306558e-02
   2.0000000e+01   7.9477637e-03
   3.0000000e+01   3.3115115e-02
   4.0000000e+01   4.3510387e-02
   5.0000000e+01   3.7158812e-02
   6.0000000e+01   3.7732964e-02
   7.0000000e+01   3.9957326e-02
   8.0000000e+01   4.2122814e-02
   9.0000000e+01   3.5623702e-02
   1.0000000e+02   2.7795153e-02
   1.1000000e+02   3.5696408e-02
   1.2000000e+02   3.9997670e-02
   1.3000000e+02   5.7605929e-02
   1.4000000e+02   7.9835058e-02
   1.5000000e+02   9.9004269e-02
   1.6000000e+02   1.0410311e-01
   1.7000000e+02   1.0681749e-01
   1.8000000e+02   9.4393859e-02
   1.9000000e+02   1.1409053e-01
   2.0000000e+02   9.9696076e-02
   2.1000000e+02   1.0703208e-01
   2.2000000e+02   1.0261447e-01
   2.3000000e+02   3.2909980e-01
   2.4000000e+02   7.6071080e-02
   2.5000000e+02   9.3004175e-02
   2.6000000e+02   1.2604540e-01
   2.7000000e+02   2.9944952e-01
   2.8000000e+02   3.0976365e-01
   2.9000000e+02   2.8356964e-01
   3.0000000e+02   3.0258887e-01
   3.1000000e+02   2.9981815e-01
   3.2000000e+02   2.7799161e-01
   3.3000000e+02   2.6493325e-01
   3.4000000e+02   2.6559313e-01
   3.5000000e+02   2.5536171e-01
   3.6000000e+02   2.3707928e-01
   3.7000000e+02   2.2879314e-01
   3.8000000e+02   2.0791936e-01
   3.9000000e+02   2.0009730e-01
   4.0000000e+02   1.9399254e-01
   4.1000000e+02   1.7714007e-01
   4.2000000e+02   1.7207388e-01
   4.3000000e+02   1.5187421e-01
   4.4000000e+02   1.4339370e-01
   4.5000000e+02   1.3752587e-01
   4.6000000e+02   1.1722927e-01
   4.7000000e+02   1.1017550e-01
   4.8000000e+02   1.1684555e-01
   4.9000000e+02   9.7810787e-02
   5.0000000e+02   9.4521632e-02
   5.1000000e+02   8.0145514e-02
   5.2000000e+02   6.3921182e-02
   5.3000000e+02   6.5274505e-02
   5.4000000e+02   5.7511770e-02
   5.5000000e+02   5.4699711e-02
   5.6000000e+02   2.6847426e-02
   5.7000000e+02   2.8605608e-02
   5.8000000e+02   2.0420425e-02
   5.9000000e+02   2.3170634e-02
   6.0000000e+02  -3.7917018e-03
   6.1000000e+02  -9.3473781e-03
   6.2000000e+02  -5.8080193e-03
   6.3000000e+02  -3.5134028e-02
   6.4000000e+02  -4.0626264e-02
   6.5000000e+02  -3.4410019e-02
   6.6000000e+02  -5.3130409e-02
   6.7000000e+02  -4.9864664e-02
   6.8000000e+02  -6.2447952e-02
   6.9000000e+02  -5.8507354e-02
   7.0000000e+02  -6.0682273e-02
   7.1000000e+02  -6.9255637e-02
   7.2000000e+02  -9.1411442e-02
   7.3000000e+02  -8.9888289e-02
   7.4000000e+02  -9.1430117e-02
   7.5000000e+02  -1.0208016e-01
   7.6000000e+02  -1.0091230e-01
   7.7000000e+02  -1.0290564e-01
   7.8000000e+02  -1.1355202e-01
   7.9000000e+02  -1.2753205e-01
   8.0000000e+02  -1.2533022e-01
   8.1000000e+02  -1.2772067e-01
   8.2000000e+02  -1.2794190e-01
   8.3000000e+02  -1.3349360e-01
   8.4000000e+02  -1.5237986e-01
   8.5000000e+02  -1.4837499e-01
   8.6000000e+02  -1.4746433e-01
   8.7000000e+02  -1.5114602e-01
   8.8000000e+02  -1.6496297e-01
   8.9000000e+02  -1.7798196e-01
   9.0000000e+02  -1.8012739e-01
   9.1000000e+02  -1.7225168e-01
   9.2000000e+02  -1.8164492e-01
   9.3000000e+02  -1.8357437e-01
   9.4000000e+02  -1.8822272e-01
   9.5000000e+02  -1.9039343e-01
   9.6000000e+02  -1.7497396e-01
   9.7000000e+02  -1.9213369e-01
   9.8000000e+02  -1.8524986e-01
   9.9000000e+02  -1.9909581e-01
   1.0000000e+03  -1.9992772e-01
   1.0100000e+03  -2.0062906e-01
   1.0200000e+03  -2.1818630e-01
   1.0300000e+03  -2.1278414e-01
   1.0400000e+03  -2.2847490e-01
   1.0500000e+03  -2.0847482e-01
   1.0600000e+03  -2.3304807e-01
   1.0700000e+03  -2.2511727e-01
   1.0800000e+03  -2.2628277e-01
   1.0900000e+03  -2.2810665e-01
   1.1000000e+03  -2.2792988e-01
   1.1100000e+03  -2.3624185e-01
   1.1200000e+03  -2.2871172e-01
   1.1300000e+03  -2.3373163e-01
   1.1400000e+03  -2.5138141e-01
   1.1500000e+03  -2.4994196e-01
   1.1600000e+03  -2.4437072e-01
   1.1700000e+03  -2.4839494e-01
   1.1800000e+03  -2.6292481e-01
   1.1900000e+03  -2.5348610e-01
   1.2000000e+03  -2.6298428e-01
   1.2100000e+03  -2.5971603e-01
   1.2200000e+03  -2.6585860e-01
   1.2300000e+03  -2.6267924e-01
   1.2400000e+03  -2.6118528e-01
   1.2500000e+03  -2.6368320e-01
   1.2600000e+03  -2.6431693e-01
   1.2700000e+03  -2.7302008e-01
   1.2800000e+03  -2.7361562e-01
   1.2900000e+03  -2.7841917e-01
   1.3000000e+03  -2.7960949e-01
   1.3100000e+03  -2.7584436e-01
   1.3200000e+03  -2.6596626e-01
   1.3300000e+03  -2.7307543e-01
   1.3400000e+03  -2.7406221e-01
   1.3500000e+03  -2.7894186e-01
   1.3600000e+03  -2.7175137e-01
   1.3700000e+03  -2.8570536e-01
   1.3800000e+03  -2.7387112e-01
   1.3900000e+03  -2.8303492e-01
   1.4000000e+03  -2.9189971e-01
   1.4100000e+03  -2.8680804e-01
   1.4200000e+03  -2.8864694e-01
   1.4300000e+03  -2.7519667e-01
   1.4400000e+03  -2.9114450e-01
   1.4500000e+03  -2.8428752e-01
   1.4600000e+03  -3.0178437e-01
   1.4700000e+03  -3.0399521e-01
   1.4800000e+03  -2.9936440e-01
   1.4900000e+03  -3.0494348e-01
   1.5000000e+03  -3.0623819e-01
   1.5100000e+03  -3.1235792e-01
   1.5200000e+03  -3.0617169e-01
   1.5300000e+03  -2.9023051e-01
   1.5400000e+03  -3.0407897e-01
   1.5500000e+03  -3.0254910e-01
   1.5600000e+03  -3.0468011e-01
   1.5700000e+03  -3.0800063e-01
   1.5800000e+03  -3.1045600e-01
   1.5900000e+03  -3.1065308e-01
   1.6000000e+03  -3.2238321e-01
   1.6100000e+03  -3.2167692e-01
   1.6200000e+03  -3.2419580e-01
   1.6300000e+03  -3.2569682e-01
   1.6400000e+03  -3.2425881e-01
   1.6500000e+03  -3.2478969e-01
   1.6600000e+03  -3.2420089e-01
   1.6700000e+03  -3.2271837e-01
   1.6800000e+03  -3.0642981e-01
   1.6900000e+03  -3.1596188e-01
   1.7000000e+03  -3.2309574e-01
   1.7100000e+03  -3.2674676e-01
   1.7200000e+03  -3.1931937e-01
   1.7300000e+03  -3.2070243e-01
   1.7400000e+03  -3.2413391e-01
   1.7500000e+03  -3.3041837e-01
   1.7600000e+03  -3.1820398e-01
   1.7700000e+03  -3.3401786e-01
   1.7800000e+03  -3.3565844e-01
   1.7900000e+03  -3.3229263e-01
   1.8000000e+03  -3.2578102e-01
   1.8100000e+03  -3.3098379e-01
   1.8200000e+03  -3.2903953e-01
   1.8300000e+03  -3.4364452e-01
   1.8400000e+03  -3.3446403e-01
   1.8500000e+03  -3.3608194e-01
   1.8600000e+03  -3.4801517e-01
   1.8700000e+03  -3.3933413e-01
   1.8800000e+03  -3.4111748e-01
   1.8900000e+03  -3.5275184e-01
   1.9000000e+03  -3.5532087e-01
   1.9100000e+03  -3.5853553e-01
   1.9200000e+03  -3.4678483e-01
   1.9300000e+03  -3.5963699e-01
   1.9400000e+03  -3.5260653e-01
   1.9500000e+03  -3.5618356e-01
   1.9600000e+03  -3.3794705e-01
   1.9700000e+03  -3.5568488e-01
   1.9800000e+03  -3.5761097e-01
   1.9900000e+03  -3.5057057e-01
   2.0000000e+03  -3.4992678e-01
   2.0100000e+03  -3.5475374e-01
   2.0200000e+03  -3.5813655e-01
   2.0300000e+03  -3.4739365e-01
   2.0400000e+03  -3.6025816e-01
   2.0500000e+03  -3.5211041e-01
   2.0600000e+03  -3.5615144e-01
   2.0700000e+03  -3.5904133e-01
   2.0800000e+03  -3.5420790e-01
   2.0900000e+03  -3.6268604e-01
   2.1000000e+03  -3.5096026e-01
   2.1100000e+03  -3.6929251e-01
   2.1200000e+03  -3.6830148e-01
   2.1300000e+03  -3.6340129e-01
   2.1400000e+03  -3.6191466e-01
   2.1500000e+03  -3.6051012e-01
   2.1600000e+03  -3.5401000e-01
   2.1700000e+03  -3.6840469e-01
   2.1800000e+03  -3.6783684e-01
   2.1900000e+03  -3.6894252e-01
   2.2000000e+03  -3.5654534e-01
   2.2100000e+03  -3.7029716e-01
   2.2200000e+03  -3.6002792e-01
   2.2300000e+03  -3.6454001e-01
   2.2400000e+03  -3.7318346e-01
   2.2500000e+03  -3.7261545e-01
   2.2600000e+03  -3.5605133e-01
   2.2700000e+03  -3.6914740e-01
   2.2800000e+03  -3.6739007e-01
   2.2900000e+03  -3.7595418e-01
   2.3000000e+03  -3.6636857e-01
   2.3100000e+03  -3.6653525e-01
   2.3200000e+03  -3.6614829e-01
   2.3300000e+03  -3.7033878e-01
   2.3400000e+03  -3.7295486e-01
   2.3500000e+03  -3.6442816e-01
   2.3600000e+03  -3.6203054e-01
   2.3700000e+03  -3.6651687e-01
   2.3800000e+03  -3.7001337e-01
   2.3900000e+03  -3.8011343e-01
   2.4000000e+03  -3.9063969e-01
   2.4100000e+03  -3.7304150e-01
   2.4200000e+03  -3.7519572e-01
   2.4300000e+03  -3.8962836e-01
   2.4400000e+03  -3.8152746e-01
   2.4500000e+03  -3.7488354e-01
   2.4600000e+03  -3.8399090e-01
   2.4700000e+03  -3.7741068e-01
   2.4800000e+03  -3.7818431e-01
   2.4900000e+03  -3.7912370e-01
   2.5000000e+03  -3.7240050e-01
   2.5100000e+03  -3.8497534e-01
   2.5200000e+03  -3.7204911e-01
   2.5300000e+03  -3.8790022e-01
   2.5400000e+03  -3.8682362e-01
   2.5500000e+03  -3.7613002e-01
   2.5600000e+03  -3.8852100e-01
   2.5700000e+03  -3.8351232e-01
   2.5800000e+03  -3.7881497e-01
   2.5900000e+03  -3.8554643e-01
   2.6000000e+03  -3.8319656e-01
   2.6100000e+03  -3.8245930e-01
   2.6200000e+03  -3.8635329e-01
   2.6300000e+03  -3.8930569e-01
   2.6400000e+03  -3.8268939e-01
   2.6500000e+03  -3.9089307e-01
   2.6600000e+03  -3.9309521e-01
   2.6700000e+03  -3.9131419e-01
   2.6800000e+03  -3.8514430e-01
   2.6900000e+03  -3.9654514e-01
   2.7000000e+03  -3.9400111e-01
   2.7100000e+03  -3.9341929e-01
   2.7200000e+03  -3.9074762e-01
   2.7300000e+03  -3.9488635e-01
   2.7400000e+03  -3.8340376e-01
   2.7500000e+03  -3.8196961e-01
   2.7600000e+03  -4.0812922e-01
   2.7700000e+03  -3.9611572e-01
   2.7800000e+03  -4.0220132e-01
   2.7900000e+03  -3.9827914e-01
   2.8000000e+03  -3.9257339e-01
   2.8100000e+03  -4.0006739e-01
   2.8200000e+03  -4.1079950e-01
   2.8300000e+03  -4.0103132e-01
   2.8400000e+03  -3.9590971e-01
   2.8500000e+03  -3.8552158e-01
   2.8600000e+03  -4.0053523e-01
   2.8700000e+03  -3.9912633e-01
   2.8800000e+03  -4.0536736e-01
   2.8900000e+03  -4.0766337e-01
   2.9000000e+03  -4.0310565e-01
   2.9100000e+03  -3.9815223e-01
   2.9200000e+03  -4.0381631e-01
   2.9300000e+03  -3.9700519e-01
   2.9400000e+03  -4.0057452e-01
   2.9500000e+03  -3.9142858e-01
   2.9600000e+03  -4.0058589e-01
   2.9700000e+03  -4.0440495e-01
   2.9800000e+03  -3.8663949e-01
   2.9900000e+03  -3.9739657e-01
   3.0000000e+03  -4.1130245e-01
   3.0100000e+03  -4.0233499e-01
   3.0200000e+03  -4.0580677e-01
   3.0300000e+03  -4.0250391e-01
   3.0400000e+03  -4.0752206e-01
   3.0500000e+03  -3.9613033e-01
   3.0600000e+03  -4.0042389e-01
   3.0700000e+03  -4.1440620e-01
   3.0800000e+03  -4.0284363e-01
   3.0900000e+03  -4.1389663e-01
   3.1000000e+03  -4.0884619e-01
   3.1100000e+03  -4.1839915e-01
   3.1200000e+03  -4.0641039e-01
   3.1300000e+03  -4.1384791e-01
   3.1400000e+03  -4.1764910e-01
   3.1500000e+03  -4.0888331e-01
   3.1600000e+03  -4.0591220e-01
   3.1700000e+03  -4.1492402e-01
   3.1800000e+03  -4.0985024e-01
   3.1900000e+03  -4.1887484e-01
   3.2000000e+03  -4.1101226e-01
   3.2100000e+03  -4.1050362e-01
   3.2200000e+03  -4.0964552e-01
   3.2300000e+03  -4.1132889e-01
   3.2400000e+03  -4.0989140e-01
   3.2500000e+03  -4.0947214e-01
   3.2600000e+03  -4.2169418e-01
   3.2700000e+03  -4.2388254e-01
   3.2800000e+03  -4.1943907e-01
   3.2900000e+03  -4.2050469e-01
   3.3000000e+03  -4.1241204e-01
   3.3100000e+03  -4.2236759e-01
   3.3200000e+03  -4.0285629e-01
   3.3300000e+03  -4.1797361e-01
   3.3400000e+03  -4.0189653e-01
   3.3500000e+03  -4.0976430e-01
   3.3600000e+03  -4.2153905e-01
   3.3700000e+03  -4.0334868e-01
   3.3800000e+03  -4.0960371e-01
   3.3900000e+03  -4.1519825e-01
   3.4000000e+03  -4.1369663e-01
   3.4100000e+03  -4.1620858e-01
   3.4200000e+03  -4.2346469e-01
   3.4300000e+03  -4.2646659e-01
   3.4400000e+03  -4.2442599e-01
   3.4500000e+03  -4.3648400e-01
   3.4600000e+03  -4.2760486e-01
   3.4700000e+03  -4.3229389e-01
   3.4800000e+03  -4.2235811e-01
   3.4900000e+03  -4.3438831e-01
