   0.0000000e+00   1.8764445e+01
   1.0000000e+01   1.8774001e+01
   2.0000000e+01   1.8749077e+01
   3.0000000e+01   1.8755204e+01
   4.0000000e+01   1.8750284e+01
   5.0000000e+01   1.8732342e+01
   6.0000000e+01   1.8730828e+01
   7.0000000e+01   1.8746966e+01
   8.0000000e+01   1.8750289e+01
   9.0000000e+01   1.8748898e+01
   1.0000000e+02   1.8702809e+01
   1.1000000e+02   1.8685656e+01
   1.2000000e+02   1.8654236e+01
   1.3000000e+02   1.8594826e+01
   1.4000000e+02   1.8506630e+01
   1.5000000e+02   1.8406554e+01
   1.6000000e+02   1.8325815e+01
   1.7000000e+02   1.8213221e+01
   1.8000000e+02   1.8114257e+01
   1.9000000e+02   1.8030457e+01
   2.0000000e+02   1.7940183e+01
   2.1000000e+02   1.7868613e+01
   2.2000000e+02   1.7791089e+01
   2.3000000e+02   1.7718405e+01
   2.4000000e+02   1.7657081e+01
   2.5000000e+02   1.7576523e+01
   2.6000000e+02   1.7509748e+01
   2.7000000e+02   1.7440830e+01
   2.8000000e+02   1.7388000e+01
   2.9000000e+02   1.7332310e+01
   3.0000000e+02   1.7306063e+01
   3.1000000e+02   1.7256621e+01
   3.2000000e+02   1.7208778e+01
   3.3000000e+02   1.7163901e+01
   3.4000000e+02   1.7139251e+01
   3.5000000e+02   1.7117403e+01
   3.6000000e+02   1.7078675e+01
   3.7000000e+02   1.7032067e+01
   3.8000000e+02   1.7021167e+01
   3.9000000e+02   1.6999406e+01
   4.0000000e+02   1.6949636e+01
   4.1000000e+02   1.6927896e+01
   4.2000000e+02   1.6893563e+01
   4.3000000e+02   1.6874047e+01
   4.4000000e+02   1.6840941e+01
   4.5000000e+02   1.6835766e+01
   4.6000000e+02   1.6795713e+01
   4.7000000e+02   1.6759387e+01
   4.8000000e+02   1.6769082e+01
   4.9000000e+02   1.6758395e+01
   5.0000000e+02   1.6750691e+01
   5.1000000e+02   1.6731659e+01
   5.2000000e+02   1.6710777e+01
   5.3000000e+02   1.6705395e+01
   5.4000000e+02   1.6704595e+01
   5.5000000e+02   1.6689934e+01
   5.6000000e+02   1.6665314e+01
   5.7000000e+02   1.6674275e+01
   5.8000000e+02   1.6655398e+01
   5.9000000e+02   1.6645142e+01
   6.0000000e+02   1.6644177e+01
   6.1000000e+02   1.6627932e+01
   6.2000000e+02   1.6625666e+01
   6.3000000e+02   1.6613742e+01
   6.4000000e+02   1.6602903e+01
   6.5000000e+02   1.6594256e+01
   6.6000000e+02   1.6578077e+01
   6.7000000e+02   1.6572053e+01
   6.8000000e+02   1.6563874e+01
   6.9000000e+02   1.6570838e+01
   7.0000000e+02   1.6560530e+01
   7.1000000e+02   1.6546143e+01
   7.2000000e+02   1.6534425e+01
   7.3000000e+02   1.6525960e+01
   7.4000000e+02   1.6541376e+01
   7.5000000e+02   1.6522819e+01
   7.6000000e+02   1.6529331e+01
   7.7000000e+02   1.6533841e+01
   7.8000000e+02   1.6508784e+01
   7.9000000e+02   1.6514308e+01
   8.0000000e+02   1.6504896e+01
   8.1000000e+02   1.6514817e+01
   8.2000000e+02   1.6500424e+01
   8.3000000e+02   1.6497656e+01
   8.4000000e+02   1.6487120e+01
   8.5000000e+02   1.6487875e+01
   8.6000000e+02   1.6485534e+01
   8.7000000e+02   1.6502526e+01
   8.8000000e+02   1.6482891e+01
   8.9000000e+02   1.6471722e+01
   9.0000000e+02   1.6469110e+01
   9.1000000e+02   1.6467234e+01
   9.2000000e+02   1.6467824e+01
   9.3000000e+02   1.6461711e+01
   9.4000000e+02   1.6467747e+01
   9.5000000e+02   1.6466039e+01
   9.6000000e+02   1.6464045e+01
   9.7000000e+02   1.6464298e+01
   9.8000000e+02   1.6474671e+01
   9.9000000e+02   1.6460815e+01
   1.0000000e+03   1.6456033e+01
   1.0100000e+03   1.6466251e+01
   1.0200000e+03   1.6447752e+01
   1.0300000e+03   1.6451764e+01
   1.0400000e+03   1.6440942e+01
   1.0500000e+03   1.6470481e+01
   1.0600000e+03   1.6443568e+01
   1.0700000e+03   1.6440817e+01
   1.0800000e+03   1.6438024e+01
   1.0900000e+03   1.6448048e+01
   1.1000000e+03   1.6431961e+01
   1.1100000e+03   1.6437119e+01
   1.1200000e+03   1.6424441e+01
   1.1300000e+03   1.6427085e+01
   1.1400000e+03   1.6418484e+01
   1.1500000e+03   1.6422480e+01
   1.1600000e+03   1.6415974e+01
   1.1700000e+03   1.6425654e+01
   1.1800000e+03   1.6419479e+01
   1.1900000e+03   1.6411266e+01
   1.2000000e+03   1.6398973e+01
   1.2100000e+03   1.6405032e+01
   1.2200000e+03   1.6407017e+01
   1.2300000e+03   1.6390682e+01
   1.2400000e+03   1.6407976e+01
   1.2500000e+03   1.6393627e+01
   1.2600000e+03   1.6392993e+01
   1.2700000e+03   1.6394507e+01
   1.2800000e+03   1.6397164e+01
   1.2900000e+03   1.6386781e+01
   1.3000000e+03   1.6373740e+01
   1.3100000e+03   1.6362870e+01
   1.3200000e+03   1.6375311e+01
   1.3300000e+03   1.6359832e+01
   1.3400000e+03   1.6385797e+01
   1.3500000e+03   1.6364650e+01
   1.3600000e+03   1.6375563e+01
   1.3700000e+03   1.6384601e+01
   1.3800000e+03   1.6383897e+01
   1.3900000e+03   1.6361483e+01
   1.4000000e+03   1.6380261e+01
   1.4100000e+03   1.6381871e+01
   1.4200000e+03   1.6369111e+01
   1.4300000e+03   1.6392793e+01
   1.4400000e+03   1.6373814e+01
   1.4500000e+03   1.6378352e+01
   1.4600000e+03   1.6372925e+01
   1.4700000e+03   1.6356772e+01
   1.4800000e+03   1.6356759e+01
   1.4900000e+03   1.6372088e+01
   1.5000000e+03   1.6353598e+01
   1.5100000e+03   1.6359092e+01
   1.5200000e+03   1.6353433e+01
   1.5300000e+03   1.6367061e+01
   1.5400000e+03   1.6351344e+01
   1.5500000e+03   1.6370998e+01
   1.5600000e+03   1.6341681e+01
   1.5700000e+03   1.6342308e+01
   1.5800000e+03   1.6335669e+01
   1.5900000e+03   1.6334078e+01
   1.6000000e+03   1.6320713e+01
   1.6100000e+03   1.6330017e+01
   1.6200000e+03   1.6349802e+01
   1.6300000e+03   1.6335753e+01
   1.6400000e+03   1.6334636e+01
   1.6500000e+03   1.6328063e+01
   1.6600000e+03   1.6311923e+01
   1.6700000e+03   1.6295283e+01
   1.6800000e+03   1.6325525e+01
   1.6900000e+03   1.6325512e+01
   1.7000000e+03   1.6327435e+01
   1.7100000e+03   1.6331449e+01
   1.7200000e+03   1.6327496e+01
   1.7300000e+03   1.6332154e+01
   1.7400000e+03   1.6353349e+01
   1.7500000e+03   1.6332422e+01
   1.7600000e+03   1.6345807e+01
   1.7700000e+03   1.6337882e+01
   1.7800000e+03   1.6331825e+01
   1.7900000e+03   1.6337982e+01
   1.8000000e+03   1.6344033e+01
   1.8100000e+03   1.6338362e+01
   1.8200000e+03   1.6338681e+01
   1.8300000e+03   1.6355898e+01
   1.8400000e+03   1.6346032e+01
   1.8500000e+03   1.6346969e+01
   1.8600000e+03   1.6351989e+01
   1.8700000e+03   1.6340229e+01
   1.8800000e+03   1.6337515e+01
   1.8900000e+03   1.6348411e+01
   1.9000000e+03   1.6331202e+01
   1.9100000e+03   1.6326591e+01
   1.9200000e+03   1.6358564e+01
   1.9300000e+03   1.6328974e+01
   1.9400000e+03   1.6339263e+01
   1.9500000e+03   1.6314074e+01
   1.9600000e+03   1.6347891e+01
   1.9700000e+03   1.6331303e+01
   1.9800000e+03   1.6326355e+01
   1.9900000e+03   1.6324338e+01
   2.0000000e+03   1.6318709e+01
   2.0100000e+03   1.6335952e+01
   2.0200000e+03   1.6324435e+01
   2.0300000e+03   1.6320547e+01
   2.0400000e+03   1.6318826e+01
   2.0500000e+03   1.6305603e+01
   2.0600000e+03   1.6340827e+01
   2.0700000e+03   1.6332823e+01
   2.0800000e+03   1.6319769e+01
   2.0900000e+03   1.6322903e+01
   2.1000000e+03   1.6328131e+01
   2.1100000e+03   1.6302583e+01
   2.1200000e+03   1.6310313e+01
   2.1300000e+03   1.6314055e+01
   2.1400000e+03   1.6341101e+01
   2.1500000e+03   1.6313695e+01
   2.1600000e+03   1.6328564e+01
   2.1700000e+03   1.6324616e+01
   2.1800000e+03   1.6316819e+01
   2.1900000e+03   1.6318269e+01
   2.2000000e+03   1.6326027e+01
   2.2100000e+03   1.6310639e+01
   2.2200000e+03   1.6318824e+01
   2.2300000e+03   1.6324068e+01
   2.2400000e+03   1.6313095e+01
   2.2500000e+03   1.6317614e+01
   2.2600000e+03   1.6313742e+01
   2.2700000e+03   1.6295060e+01
   2.2800000e+03   1.6295889e+01
   2.2900000e+03   1.6284763e+01
   2.3000000e+03   1.6301791e+01
   2.3100000e+03   1.6301857e+01
   2.3200000e+03   1.6312235e+01
   2.3300000e+03   1.6303627e+01
   2.3400000e+03   1.6310303e+01
   2.3500000e+03   1.6305359e+01
   2.3600000e+03   1.6326115e+01
   2.3700000e+03   1.6298854e+01
   2.3800000e+03   1.6283273e+01
   2.3900000e+03   1.6282460e+01
   2.4000000e+03   1.6284242e+01
   2.4100000e+03   1.6290931e+01
   2.4200000e+03   1.6291796e+01
   2.4300000e+03   1.6287810e+01
   2.4400000e+03   1.6302887e+01
   2.4500000e+03   1.6308838e+01
   2.4600000e+03   1.6307625e+01
   2.4700000e+03   1.6307471e+01
   2.4800000e+03   1.6300656e+01
   2.4900000e+03   1.6298089e+01
   2.5000000e+03   1.6315273e+01
   2.5100000e+03   1.6303154e+01
   2.5200000e+03   1.6310745e+01
   2.5300000e+03   1.6294883e+01
   2.5400000e+03   1.6310134e+01
   2.5500000e+03   1.6322926e+01
   2.5600000e+03   1.6308436e+01
   2.5700000e+03   1.6310195e+01
   2.5800000e+03   1.6300257e+01
   2.5900000e+03   1.6285853e+01
   2.6000000e+03   1.6306096e+01
   2.6100000e+03   1.6304975e+01
   2.6200000e+03   1.6307120e+01
   2.6300000e+03   1.6308812e+01
   2.6400000e+03   1.6301259e+01
   2.6500000e+03   1.6316518e+01
   2.6600000e+03   1.6301535e+01
   2.6700000e+03   1.6310753e+01
   2.6800000e+03   1.6307168e+01
   2.6900000e+03   1.6301568e+01
   2.7000000e+03   1.6301326e+01
   2.7100000e+03   1.6319567e+01
   2.7200000e+03   1.6320149e+01
   2.7300000e+03   1.6298116e+01
   2.7400000e+03   1.6336327e+01
   2.7500000e+03   1.6311971e+01
   2.7600000e+03   1.6299735e+01
   2.7700000e+03   1.6319425e+01
   2.7800000e+03   1.6309385e+01
   2.7900000e+03   1.6298207e+01
   2.8000000e+03   1.6301360e+01
   2.8100000e+03   1.6308964e+01
   2.8200000e+03   1.6290790e+01
   2.8300000e+03   1.6280117e+01
   2.8400000e+03   1.6294304e+01
   2.8500000e+03   1.6297031e+01
   2.8600000e+03   1.6295019e+01
   2.8700000e+03   1.6283650e+01
   2.8800000e+03   1.6294367e+01
   2.8900000e+03   1.6267206e+01
   2.9000000e+03   1.6280597e+01
   2.9100000e+03   1.6268824e+01
   2.9200000e+03   1.6291039e+01
   2.9300000e+03   1.6279034e+01
   2.9400000e+03   1.6264541e+01
   2.9500000e+03   1.6266025e+01
   2.9600000e+03   1.6254770e+01
   2.9700000e+03   1.6248392e+01
   2.9800000e+03   1.6268959e+01
   2.9900000e+03   1.6257729e+01
   3.0000000e+03   1.6249623e+01
   3.0100000e+03   1.6248373e+01
   3.0200000e+03   1.6249081e+01
   3.0300000e+03   1.6260751e+01
   3.0400000e+03   1.6286401e+01
   3.0500000e+03   1.6278050e+01
   3.0600000e+03   1.6281189e+01
   3.0700000e+03   1.6284625e+01
   3.0800000e+03   1.6282718e+01
   3.0900000e+03   1.6277931e+01
   3.1000000e+03   1.6296230e+01
   3.1100000e+03   1.6269011e+01
   3.1200000e+03   1.6295879e+01
   3.1300000e+03   1.6288669e+01
   3.1400000e+03   1.6281612e+01
   3.1500000e+03   1.6292242e+01
   3.1600000e+03   1.6288477e+01
   3.1700000e+03   1.6293866e+01
   3.1800000e+03   1.6276636e+01
   3.1900000e+03   1.6283638e+01
   3.2000000e+03   1.6283838e+01
   3.2100000e+03   1.6286671e+01
   3.2200000e+03   1.6271961e+01
   3.2300000e+03   1.6267721e+01
   3.2400000e+03   1.6270089e+01
   3.2500000e+03   1.6271206e+01
   3.2600000e+03   1.6256884e+01
   3.2700000e+03   1.6257947e+01
   3.2800000e+03   1.6257514e+01
   3.2900000e+03   1.6235999e+01
   3.3000000e+03   1.6225276e+01
   3.3100000e+03   1.6210433e+01
   3.3200000e+03   1.6213228e+01
   3.3300000e+03   1.6190664e+01
   3.3400000e+03   1.6205591e+01
   3.3500000e+03   1.6223975e+01
   3.3600000e+03   1.6215213e+01
   3.3700000e+03   1.6236437e+01
   3.3800000e+03   1.6237613e+01
   3.3900000e+03   1.6231550e+01
   3.4000000e+03   1.6250016e+01
   3.4100000e+03   1.6224730e+01
   3.4200000e+03   1.6236988e+01
   3.4300000e+03   1.6229336e+01
   3.4400000e+03   1.6239744e+01
   3.4500000e+03   1.6242084e+01
   3.4600000e+03   1.6255152e+01
   3.4700000e+03   1.6235356e+01
   3.4800000e+03   1.6245763e+01
   3.4900000e+03   1.6244414e+01
