   0.0000000e+00  -6.3615945e-03
   1.0000000e+01   2.1784666e-02
   2.0000000e+01   7.3459188e-02
   3.0000000e+01   7.0538055e-02
   4.0000000e+01   7.4667460e-02
   5.0000000e+01   7.5047624e-02
   6.0000000e+01   7.0281184e-02
   7.0000000e+01   7.2970772e-02
   8.0000000e+01   7.2350545e-02
   9.0000000e+01   8.1639238e-02
   1.0000000e+02   2.2984271e-01
   1.1000000e+02   3.0693339e-01
   1.2000000e+02   3.5604271e-01
   1.3000000e+02   4.6558360e-01
   1.4000000e+02   6.2639110e-01
   1.5000000e+02   7.3166800e-01
   1.6000000e+02   7.8503996e-01
   1.7000000e+02   8.2442206e-01
   1.8000000e+02   8.5098859e-01
   1.9000000e+02   8.9713645e-01
   2.0000000e+02   9.2196312e-01
   2.1000000e+02   9.3834736e-01
   2.2000000e+02   9.5481549e-01
   2.3000000e+02   9.6939772e-01
   2.4000000e+02   9.8489933e-01
   2.5000000e+02   1.0090203e+00
   2.6000000e+02   1.0019084e+00
   2.7000000e+02   1.0181818e+00
   2.8000000e+02   1.0257097e+00
   2.9000000e+02   1.0329336e+00
   3.0000000e+02   1.0461483e+00
   3.1000000e+02   1.0334007e+00
   3.2000000e+02   1.0419748e+00
   3.3000000e+02   1.0551389e+00
   3.4000000e+02   1.0662400e+00
   3.5000000e+02   1.0734132e+00
   3.6000000e+02   1.0537431e+00
   3.7000000e+02   1.0739987e+00
   3.8000000e+02   1.0747093e+00
   3.9000000e+02   1.0731542e+00
   4.0000000e+02   1.0702996e+00
   4.1000000e+02   1.0666778e+00
   4.2000000e+02   1.0718224e+00
   4.3000000e+02   1.0650868e+00
   4.4000000e+02   1.0522005e+00
   4.5000000e+02   1.0551517e+00
   4.6000000e+02   1.0647938e+00
   4.7000000e+02   1.0549582e+00
   4.8000000e+02   1.0653384e+00
   4.9000000e+02   1.0613923e+00
   5.0000000e+02   1.0697058e+00
   5.1000000e+02   1.0662404e+00
   5.2000000e+02   1.0602316e+00
   5.3000000e+02   1.0618164e+00
   5.4000000e+02   1.0559130e+00
   5.5000000e+02   1.0591348e+00
   5.6000000e+02   1.0382545e+00
   5.7000000e+02   1.0427964e+00
   5.8000000e+02   1.0608342e+00
   5.9000000e+02   1.0489653e+00
   6.0000000e+02   1.0292071e+00
   6.1000000e+02   1.0445369e+00
   6.2000000e+02   1.0524833e+00
   6.3000000e+02   1.0361641e+00
   6.4000000e+02   1.0209288e+00
   6.5000000e+02   1.0371198e+00
   6.6000000e+02   1.0249048e+00
   6.7000000e+02   1.0346661e+00
   6.8000000e+02   1.0332262e+00
   6.9000000e+02   1.0436619e+00
   7.0000000e+02   1.0442724e+00
   7.1000000e+02   1.0375594e+00
   7.2000000e+02   1.0156461e+00
   7.3000000e+02   1.0329470e+00
   7.4000000e+02   1.0420795e+00
   7.5000000e+02   1.0321309e+00
   7.6000000e+02   1.0448998e+00
   7.7000000e+02   1.0326980e+00
   7.8000000e+02   1.0315704e+00
   7.9000000e+02   1.0296633e+00
   8.0000000e+02   1.0267592e+00
   8.1000000e+02   1.0255301e+00
   8.2000000e+02   1.0280935e+00
   8.3000000e+02   1.0297377e+00
   8.4000000e+02   1.0161981e+00
   8.5000000e+02   1.0348192e+00
   8.6000000e+02   1.0317847e+00
   8.7000000e+02   1.0267128e+00
   8.8000000e+02   1.0319302e+00
   8.9000000e+02   1.0140454e+00
   9.0000000e+02   1.0218788e+00
   9.1000000e+02   1.0320706e+00
   9.2000000e+02   1.0326600e+00
   9.3000000e+02   1.0288753e+00
   9.4000000e+02   1.0416322e+00
   9.5000000e+02   1.0239164e+00
   9.6000000e+02   1.0437359e+00
   9.7000000e+02   1.0238013e+00
   9.8000000e+02   1.0459956e+00
   9.9000000e+02   1.0321575e+00
   1.0000000e+03   1.0176359e+00
   1.0100000e+03   1.0220398e+00
   1.0200000e+03   1.0256079e+00
   1.0300000e+03   1.0319351e+00
   1.0400000e+03   1.0148612e+00
   1.0500000e+03   1.0260324e+00
   1.0600000e+03   1.0263013e+00
   1.0700000e+03   1.0247139e+00
   1.0800000e+03   1.0377033e+00
   1.0900000e+03   1.0240467e+00
   1.1000000e+03   1.0212068e+00
   1.1100000e+03   1.0117395e+00
   1.1200000e+03   1.0269225e+00
   1.1300000e+03   1.0267783e+00
   1.1400000e+03   1.0003214e+00
   1.1500000e+03   1.0159144e+00
   1.1600000e+03   1.0240348e+00
   1.1700000e+03   1.0223333e+00
   1.1800000e+03   1.0317120e+00
   1.1900000e+03   1.0146928e+00
   1.2000000e+03   1.0272439e+00
   1.2100000e+03   1.0263335e+00
   1.2200000e+03   1.0352770e+00
   1.2300000e+03   1.0256925e+00
   1.2400000e+03   1.0237050e+00
   1.2500000e+03   1.0226008e+00
   1.2600000e+03   1.0078131e+00
   1.2700000e+03   1.0109492e+00
   1.2800000e+03   1.0187075e+00
   1.2900000e+03   1.0106583e+00
   1.3000000e+03   9.9554630e-01
   1.3100000e+03   9.9861303e-01
   1.3200000e+03   1.0161425e+00
   1.3300000e+03   1.0095017e+00
   1.3400000e+03   1.0099078e+00
   1.3500000e+03   1.0038709e+00
   1.3600000e+03   1.0071123e+00
   1.3700000e+03   9.9873579e-01
   1.3800000e+03   1.0068502e+00
   1.3900000e+03   9.9235497e-01
   1.4000000e+03   9.9486564e-01
   1.4100000e+03   9.9809787e-01
   1.4200000e+03   9.9347558e-01
   1.4300000e+03   9.9113886e-01
   1.4400000e+03   1.0028137e+00
   1.4500000e+03   1.0066499e+00
   1.4600000e+03   1.0102795e+00
   1.4700000e+03   9.8022505e-01
   1.4800000e+03   1.0055048e+00
   1.4900000e+03   9.9784080e-01
   1.5000000e+03   9.8401659e-01
   1.5100000e+03   9.9321550e-01
   1.5200000e+03   9.9684540e-01
   1.5300000e+03   1.0060475e+00
   1.5400000e+03   1.0075223e+00
   1.5500000e+03   1.0127638e+00
   1.5600000e+03   9.9439135e-01
   1.5700000e+03   9.9733802e-01
   1.5800000e+03   9.9790073e-01
   1.5900000e+03   9.9422314e-01
   1.6000000e+03   9.9479864e-01
   1.6100000e+03   9.9248793e-01
   1.6200000e+03   9.8927452e-01
   1.6300000e+03   9.8313357e-01
   1.6400000e+03   9.9362036e-01
   1.6500000e+03   1.0070123e+00
   1.6600000e+03   1.0106172e+00
   1.6700000e+03   9.8889467e-01
   1.6800000e+03   1.0047089e+00
   1.6900000e+03   1.0202431e+00
   1.7000000e+03   1.0045284e+00
   1.7100000e+03   1.0180506e+00
   1.7200000e+03   1.0117829e+00
   1.7300000e+03   1.0048318e+00
   1.7400000e+03   1.0072036e+00
   1.7500000e+03   9.9744253e-01
   1.7600000e+03   9.9781500e-01
   1.7700000e+03   9.9964640e-01
   1.7800000e+03   9.9313400e-01
   1.7900000e+03   9.8535960e-01
   1.8000000e+03   1.0032371e+00
   1.8100000e+03   9.9757360e-01
   1.8200000e+03   9.9162718e-01
   1.8300000e+03   9.9281048e-01
   1.8400000e+03   9.9455969e-01
   1.8500000e+03   1.0026886e+00
   1.8600000e+03   9.8751450e-01
   1.8700000e+03   9.9711807e-01
   1.8800000e+03   9.8210943e-01
   1.8900000e+03   9.7396320e-01
   1.9000000e+03   9.9645656e-01
   1.9100000e+03   9.8024960e-01
   1.9200000e+03   9.9408102e-01
   1.9300000e+03   9.8030908e-01
   1.9400000e+03   9.9035151e-01
   1.9500000e+03   9.8561661e-01
   1.9600000e+03   9.9455954e-01
   1.9700000e+03   1.0000375e+00
   1.9800000e+03   9.9648840e-01
   1.9900000e+03   1.0037562e+00
   2.0000000e+03   9.9883055e-01
   2.0100000e+03   1.0002719e+00
   2.0200000e+03   9.8923394e-01
   2.0300000e+03   9.9950569e-01
   2.0400000e+03   9.9361092e-01
   2.0500000e+03   9.8435009e-01
   2.0600000e+03   9.9330613e-01
   2.0700000e+03   9.9366674e-01
   2.0800000e+03   9.8457441e-01
   2.0900000e+03   9.7447748e-01
   2.1000000e+03   1.0068473e+00
   2.1100000e+03   9.8829526e-01
   2.1200000e+03   9.9207014e-01
   2.1300000e+03   1.0036962e+00
   2.1400000e+03   1.0007731e+00
   2.1500000e+03   1.0031049e+00
   2.1600000e+03   1.0026394e+00
   2.1700000e+03   1.0017127e+00
   2.1800000e+03   9.9276652e-01
   2.1900000e+03   9.8400415e-01
   2.2000000e+03   1.0003378e+00
   2.2100000e+03   9.9889339e-01
   2.2200000e+03   9.9221671e-01
   2.2300000e+03   9.9791747e-01
   2.2400000e+03   9.9948966e-01
   2.2500000e+03   9.8729496e-01
   2.2600000e+03   9.9572659e-01
   2.2700000e+03   1.0012026e+00
   2.2800000e+03   9.8648374e-01
   2.2900000e+03   9.8767117e-01
   2.3000000e+03   9.8936091e-01
   2.3100000e+03   9.9429927e-01
   2.3200000e+03   9.9677436e-01
   2.3300000e+03   9.8539334e-01
   2.3400000e+03   9.7906628e-01
   2.3500000e+03   9.9547679e-01
   2.3600000e+03   9.9903302e-01
   2.3700000e+03   9.9014088e-01
   2.3800000e+03   9.9430411e-01
   2.3900000e+03   9.8189040e-01
   2.4000000e+03   9.7485187e-01
   2.4100000e+03   1.0035762e+00
   2.4200000e+03   9.8494846e-01
   2.4300000e+03   9.9372989e-01
   2.4400000e+03   9.8535024e-01
   2.4500000e+03   9.9338194e-01
   2.4600000e+03   9.9008180e-01
   2.4700000e+03   9.9967410e-01
   2.4800000e+03   9.8961931e-01
   2.4900000e+03   9.9169711e-01
   2.5000000e+03   1.0088576e+00
   2.5100000e+03   1.0039487e+00
   2.5200000e+03   1.0085126e+00
   2.5300000e+03   9.8292652e-01
   2.5400000e+03   9.8980348e-01
   2.5500000e+03   1.0030423e+00
   2.5600000e+03   9.9251607e-01
   2.5700000e+03   9.9241640e-01
   2.5800000e+03   9.9989505e-01
   2.5900000e+03   9.8040579e-01
   2.6000000e+03   1.0020136e+00
   2.6100000e+03   9.9393278e-01
   2.6200000e+03   9.9769884e-01
   2.6300000e+03   9.9637275e-01
   2.6400000e+03   9.7537139e-01
   2.6500000e+03   9.9130584e-01
   2.6600000e+03   9.8446433e-01
   2.6700000e+03   9.7394577e-01
   2.6800000e+03   9.9449821e-01
   2.6900000e+03   9.8217697e-01
   2.7000000e+03   9.8657562e-01
   2.7100000e+03   9.8553274e-01
   2.7200000e+03   9.9934060e-01
   2.7300000e+03   9.8638711e-01
   2.7400000e+03   1.0166571e+00
   2.7500000e+03   1.0064883e+00
   2.7600000e+03   9.7338535e-01
   2.7700000e+03   9.8121383e-01
   2.7800000e+03   9.7838102e-01
   2.7900000e+03   9.8090825e-01
   2.8000000e+03   9.9658793e-01
   2.8100000e+03   9.9420405e-01
   2.8200000e+03   9.7582190e-01
   2.8300000e+03   9.8511927e-01
   2.8400000e+03   9.7886721e-01
   2.8500000e+03   1.0017786e+00
   2.8600000e+03   1.0000016e+00
   2.8700000e+03   1.0062824e+00
   2.8800000e+03   9.9586902e-01
   2.8900000e+03   1.0030883e+00
   2.9000000e+03   1.0088030e+00
   2.9100000e+03   1.0098083e+00
   2.9200000e+03   1.0145899e+00
   2.9300000e+03   1.0037613e+00
   2.9400000e+03   1.0217741e+00
   2.9500000e+03   1.0049252e+00
   2.9600000e+03   1.0090006e+00
   2.9700000e+03   1.0042561e+00
   2.9800000e+03   1.0011255e+00
   2.9900000e+03   1.0029061e+00
   3.0000000e+03   9.9713139e-01
   3.0100000e+03   9.9541865e-01
   3.0200000e+03   9.8359573e-01
   3.0300000e+03   1.0068519e+00
   3.0400000e+03   9.9858870e-01
   3.0500000e+03   9.9744225e-01
   3.0600000e+03   9.8990307e-01
   3.0700000e+03   9.8242767e-01
   3.0800000e+03   9.9119769e-01
   3.0900000e+03   9.8804185e-01
   3.1000000e+03   9.9192854e-01
   3.1100000e+03   9.8098999e-01
   3.1200000e+03   9.9946756e-01
   3.1300000e+03   9.7648832e-01
   3.1400000e+03   9.9473394e-01
   3.1500000e+03   1.0032615e+00
   3.1600000e+03   9.8209811e-01
   3.1700000e+03   9.8191022e-01
   3.1800000e+03   9.8767659e-01
   3.1900000e+03   9.9118865e-01
   3.2000000e+03   9.8280269e-01
   3.2100000e+03   9.9700150e-01
   3.2200000e+03   1.0011076e+00
   3.2300000e+03   9.9200004e-01
   3.2400000e+03   9.9854145e-01
   3.2500000e+03   9.9687204e-01
   3.2600000e+03   9.8883538e-01
   3.2700000e+03   9.9337781e-01
   3.2800000e+03   9.9364136e-01
   3.2900000e+03   9.9675326e-01
   3.3000000e+03   9.8998949e-01
   3.3100000e+03   1.0018529e+00
   3.3200000e+03   1.0030192e+00
   3.3300000e+03   9.9696212e-01
   3.3400000e+03   1.0197569e+00
   3.3500000e+03   1.0188559e+00
   3.3600000e+03   9.9270308e-01
   3.3700000e+03   9.9765425e-01
   3.3800000e+03   9.9581239e-01
   3.3900000e+03   9.8998974e-01
   3.4000000e+03   9.9589911e-01
   3.4100000e+03   9.8990830e-01
   3.4200000e+03   9.7871253e-01
   3.4300000e+03   9.8777904e-01
   3.4400000e+03   9.8424915e-01
   3.4500000e+03   9.7823282e-01
   3.4600000e+03   9.8919405e-01
   3.4700000e+03   9.7824316e-01
   3.4800000e+03   9.8515535e-01
   3.4900000e+03   9.7731044e-01
