   0.0000000e+00  -7.8304776e-03
   1.0000000e+01  -3.6105389e-03
   2.0000000e+01  -6.4721571e-03
   3.0000000e+01   1.9128935e-04
   4.0000000e+01   6.0943673e-04
   5.0000000e+01   4.9101961e-02
   6.0000000e+01   1.3358142e-01
   7.0000000e+01   1.3376577e-01
   8.0000000e+01   1.4841497e-01
   9.0000000e+01   2.0496390e-01
   1.0000000e+02   1.9137404e-01
   1.1000000e+02   1.9758369e-01
   1.2000000e+02   1.9573179e-01
   1.3000000e+02   2.1787074e-01
   1.4000000e+02   1.9672038e-01
   1.5000000e+02   2.2027891e-01
   1.6000000e+02   1.9105359e-01
   1.7000000e+02   1.9519079e-01
   1.8000000e+02   1.8112792e-01
   1.9000000e+02   1.7879529e-01
   2.0000000e+02   1.4620170e-01
   2.1000000e+02   1.4320713e-01
   2.2000000e+02   1.2949905e-01
   2.3000000e+02   1.2746024e-01
   2.4000000e+02   1.4143566e-01
   2.5000000e+02   1.2813161e-01
   2.6000000e+02   1.2428476e-01
   2.7000000e+02   1.3095728e-01
   2.8000000e+02   9.2943319e-02
   2.9000000e+02   6.6311169e-02
   3.0000000e+02   7.5368247e-02
   3.1000000e+02   8.2102575e-02
   3.2000000e+02   6.1496432e-02
   3.3000000e+02   5.9213908e-02
   3.4000000e+02   4.9382635e-02
   3.5000000e+02   3.3345930e-02
   3.6000000e+02   5.1222651e-02
   3.7000000e+02   2.0907980e-02
   3.8000000e+02   2.3904889e-02
   3.9000000e+02   2.4348778e-02
   4.0000000e+02   2.3380008e-03
   4.1000000e+02   1.5100291e-02
   4.2000000e+02   1.1295309e-02
   4.3000000e+02   1.9401206e-02
   4.4000000e+02  -9.2635365e-03
   4.5000000e+02   8.6546327e-03
   4.6000000e+02   3.9722561e-02
   4.7000000e+02   2.7540947e-02
   4.8000000e+02   2.1659471e-02
   4.9000000e+02   4.5675948e-02
   5.0000000e+02   4.3926695e-02
   5.1000000e+02   6.2980182e-02
   5.2000000e+02   5.3912490e-02
   5.3000000e+02   5.9462244e-03
   5.4000000e+02  -9.4257345e-03
   5.5000000e+02  -6.3011854e-02
   5.6000000e+02  -5.5097659e-02
   5.7000000e+02  -7.8604040e-02
   5.8000000e+02  -8.6146643e-02
   5.9000000e+02  -1.0350819e-01
   6.0000000e+02  -9.6019425e-02
   6.1000000e+02  -9.3291572e-02
   6.2000000e+02  -6.2206888e-02
   6.3000000e+02  -1.0439416e-01
   6.4000000e+02  -6.8867388e-02
   6.5000000e+02  -1.3661571e-02
   6.6000000e+02  -1.2835384e-01
   6.7000000e+02  -7.6543069e-02
   6.8000000e+02  -7.1728518e-02
   6.9000000e+02  -9.1679262e-02
   7.0000000e+02  -1.1835005e-01
   7.1000000e+02  -1.1734769e-01
   7.2000000e+02  -1.2091385e-01
   7.3000000e+02  -9.3331054e-02
   7.4000000e+02  -7.5510968e-02
   7.5000000e+02  -4.8067429e-02
   7.6000000e+02  -7.6545745e-02
   7.7000000e+02  -4.7940787e-02
   7.8000000e+02  -5.5745063e-02
   7.9000000e+02  -2.9801763e-02
   8.0000000e+02  -4.7200384e-02
   8.1000000e+02  -3.0901149e-02
   8.2000000e+02  -3.5060903e-02
   8.3000000e+02  -4.8475087e-02
   8.4000000e+02  -2.5102424e-02
   8.5000000e+02  -1.5741546e-02
   8.6000000e+02  -2.3951684e-02
   8.7000000e+02  -2.1811238e-02
   8.8000000e+02  -2.4718814e-02
   8.9000000e+02  -3.3367661e-02
   9.0000000e+02  -6.9480333e-02
   9.1000000e+02  -3.4959216e-02
   9.2000000e+02  -2.1869550e-02
   9.3000000e+02  -4.3269205e-02
   9.4000000e+02  -2.4790061e-02
   9.5000000e+02  -2.0997424e-02
   9.6000000e+02  -3.4101014e-02
   9.7000000e+02  -8.0729129e-02
   9.8000000e+02  -4.5666795e-02
   9.9000000e+02  -6.6712201e-02
   1.0000000e+03  -8.8422368e-02
   1.0100000e+03  -9.9476330e-02
   1.0200000e+03  -6.5672113e-02
   1.0300000e+03  -8.6347996e-02
   1.0400000e+03  -9.3243626e-02
   1.0500000e+03  -8.0158116e-02
   1.0600000e+03  -6.5061098e-02
   1.0700000e+03  -1.3580644e-01
   1.0800000e+03  -1.0802291e-01
   1.0900000e+03  -9.1690919e-02
   1.1000000e+03  -8.6521566e-02
   1.1100000e+03  -8.3909205e-02
   1.1200000e+03  -9.0238649e-02
   1.1300000e+03  -1.0533992e-01
   1.1400000e+03  -5.9762964e-02
   1.1500000e+03  -8.7448889e-02
   1.1600000e+03  -1.1112637e-01
   1.1700000e+03  -7.3420130e-02
   1.1800000e+03  -4.5349016e-02
   1.1900000e+03  -5.1057898e-02
   1.2000000e+03  -9.2778059e-02
   1.2100000e+03  -6.9737414e-02
   1.2200000e+03  -3.7693087e-02
   1.2300000e+03  -6.2764250e-02
   1.2400000e+03  -4.3735777e-02
   1.2500000e+03  -6.7720327e-02
   1.2600000e+03  -2.6057870e-02
   1.2700000e+03  -3.7252857e-02
   1.2800000e+03  -6.9295408e-02
   1.2900000e+03  -3.5528815e-02
   1.3000000e+03   5.8185967e-03
   1.3100000e+03  -5.6922434e-02
   1.3200000e+03  -4.3131863e-02
   1.3300000e+03  -3.7039111e-02
   1.3400000e+03  -3.5294641e-02
   1.3500000e+03  -1.3540436e-02
   1.3600000e+03  -3.2783276e-02
   1.3700000e+03  -5.1731813e-02
   1.3800000e+03  -3.3910564e-02
   1.3900000e+03  -5.2999611e-02
   1.4000000e+03  -7.4240241e-02
   1.4100000e+03  -4.2307081e-02
   1.4200000e+03  -8.6811614e-02
   1.4300000e+03  -6.2339415e-02
   1.4400000e+03  -5.1675796e-02
   1.4500000e+03  -6.9772986e-02
   1.4600000e+03  -7.2958627e-02
   1.4700000e+03  -6.5473902e-02
   1.4800000e+03  -1.0695994e-01
   1.4900000e+03  -6.8242184e-02
   1.5000000e+03  -7.7877822e-02
   1.5100000e+03  -6.8846306e-02
   1.5200000e+03  -8.8629502e-02
   1.5300000e+03  -1.2090373e-01
   1.5400000e+03  -6.2049998e-02
   1.5500000e+03  -6.4943527e-02
   1.5600000e+03  -9.1984695e-02
   1.5700000e+03  -5.1338291e-02
   1.5800000e+03  -4.1679484e-02
   1.5900000e+03  -4.4141701e-02
   1.6000000e+03  -5.9060229e-02
   1.6100000e+03  -4.0629231e-02
   1.6200000e+03  -5.9041921e-02
   1.6300000e+03  -4.4876304e-02
   1.6400000e+03  -5.0735823e-02
   1.6500000e+03  -3.5786282e-02
   1.6600000e+03  -6.0822711e-02
   1.6700000e+03  -5.3214022e-02
   1.6800000e+03  -3.9370111e-02
   1.6900000e+03  -4.1204134e-02
   1.7000000e+03  -5.5576776e-02
   1.7100000e+03  -3.8465041e-02
   1.7200000e+03  -4.6172034e-02
   1.7300000e+03  -3.3780533e-02
   1.7400000e+03  -3.3030211e-02
   1.7500000e+03  -3.4418789e-02
   1.7600000e+03  -3.2914014e-02
   1.7700000e+03  -2.7392641e-02
   1.7800000e+03  -4.8737007e-02
   1.7900000e+03  -2.2732165e-02
   1.8000000e+03  -2.9236372e-02
   1.8100000e+03  -2.6859533e-02
   1.8200000e+03  -9.9950548e-03
   1.8300000e+03  -2.3570150e-02
   1.8400000e+03  -3.5844602e-02
   1.8500000e+03  -4.3620989e-02
   1.8600000e+03  -3.7593535e-02
   1.8700000e+03  -6.8269490e-02
   1.8800000e+03  -1.2883155e-01
   1.8900000e+03  -1.0094336e-01
   1.9000000e+03   2.7307679e+01
   1.9100000e+03   1.3015104e+01
   1.9200000e+03   1.2337306e+01
   1.9300000e+03   2.3622255e+01
   1.9400000e+03   6.9576076e+00
   1.9500000e+03   3.7430643e+00
   1.9600000e+03   2.8098182e+00
   1.9700000e+03   4.8419738e+00
   1.9800000e+03   7.6681689e-01
   1.9900000e+03   1.5477593e+00
   2.0000000e+03   2.1775704e+00
   2.0100000e+03   8.5182640e+00
   2.0200000e+03   3.0582595e+01
   2.0300000e+03   2.6746908e+01
   2.0400000e+03   1.0388686e+01
   2.0500000e+03   1.7641194e+01
   2.0600000e+03  -5.1331131e-02
   2.0700000e+03   7.1421691e-01
   2.0800000e+03   1.3859619e+00
   2.0900000e+03   2.9522497e+00
   2.1000000e+03   8.4939807e+00
   2.1100000e+03   1.3571233e+01
   2.1200000e+03   1.0449759e+02
   2.1300000e+03   6.0120165e+01
   2.1400000e+03   2.0684131e+01
   2.1500000e+03   1.9861841e+01
   2.1600000e+03   1.7302038e+01
   2.1700000e+03   1.8080502e+01
   2.1800000e+03   1.8163098e+01
   2.1900000e+03   1.7815677e+01
   2.2000000e+03   1.7897294e+01
   2.2100000e+03   2.0755394e+01
   2.2200000e+03   1.0842209e+01
   2.2300000e+03   1.0841453e+01
   2.2400000e+03   1.3130657e+01
   2.2500000e+03   1.3463622e+01
   2.2600000e+03   8.2365222e+00
   2.2700000e+03   1.2455007e+01
   2.2800000e+03   6.4534927e+00
   2.2900000e+03   5.6053454e+00
   2.3000000e+03   1.3253131e+01
   2.3100000e+03   6.7431962e+00
   2.3200000e+03   1.0060526e+01
   2.3300000e+03   6.4919728e+00
   2.3400000e+03   7.7884286e+00
   2.3500000e+03   9.0550994e+00
   2.3600000e+03   3.2489611e+00
   2.3700000e+03   5.9339370e+00
   2.3800000e+03   7.2430579e+00
   2.3900000e+03   2.8293891e+00
   2.4000000e+03   6.9966549e+00
   2.4100000e+03   1.1461317e+00
   2.4200000e+03   2.8560722e+00
   2.4300000e+03   3.7018917e+00
   2.4400000e+03   4.2575990e+00
   2.4500000e+03   2.7663612e+00
   2.4600000e+03   7.3893456e+00
   2.4700000e+03   3.3672598e+00
   2.4800000e+03   2.6168465e+00
   2.4900000e+03   3.9602018e+00
   2.5000000e+03   8.1859043e+00
   2.5100000e+03   6.1414105e+00
   2.5200000e+03   4.1738774e+00
   2.5300000e+03   4.6606144e+00
   2.5400000e+03   3.0161648e+00
   2.5500000e+03   1.5948316e+00
   2.5600000e+03   1.1967410e+00
   2.5700000e+03   1.6829066e+00
   2.5800000e+03   1.1827627e+00
   2.5900000e+03   8.4652362e-01
   2.6000000e+03   7.7837959e-01
   2.6100000e+03   1.0924092e+00
   2.6200000e+03   8.8009461e-01
   2.6300000e+03   8.8152131e-01
   2.6400000e+03   1.0450353e+00
   2.6500000e+03   7.6749301e-01
   2.6600000e+03   6.9981548e-01
   2.6700000e+03   7.3868297e-01
   2.6800000e+03   6.4601583e-01
   2.6900000e+03   7.5144489e-01
   2.7000000e+03   7.5642776e-01
   2.7100000e+03   8.6504532e-01
   2.7200000e+03   8.6441689e-01
   2.7300000e+03   8.2538001e-01
   2.7400000e+03   1.1493535e+00
   2.7500000e+03   8.6334683e-01
   2.7600000e+03   1.2452190e+00
   2.7700000e+03   6.0194367e-01
   2.7800000e+03   1.0513741e+00
   2.7900000e+03   3.9871032e-01
   2.8000000e+03   9.6666762e-01
   2.8100000e+03   6.9818324e-01
   2.8200000e+03   9.1438763e-01
   2.8300000e+03   5.7176419e-01
   2.8400000e+03   4.8462455e-01
   2.8500000e+03   6.1115826e-01
   2.8600000e+03   4.4655600e-01
   2.8700000e+03   3.1041555e-01
   2.8800000e+03  -4.2993027e-02
   2.8900000e+03  -1.1221063e-02
   2.9000000e+03   5.4716753e-02
   2.9100000e+03   2.2449528e-01
   2.9200000e+03   2.3514076e-01
   2.9300000e+03   2.0631791e-01
   2.9400000e+03   1.7795234e-01
   2.9500000e+03   1.4467451e-01
   2.9600000e+03   1.6153149e-01
   2.9700000e+03   1.6321994e-01
   2.9800000e+03   1.7448133e-01
   2.9900000e+03   1.9958078e-01
   3.0000000e+03   1.8327260e-01
   3.0100000e+03   1.7148084e-01
   3.0200000e+03   1.5061182e-01
   3.0300000e+03   1.5819746e-01
   3.0400000e+03   1.1122540e-01
   3.0500000e+03   1.3992740e-01
   3.0600000e+03   8.4912174e-02
   3.0700000e+03   1.3070981e-01
   3.0800000e+03   1.7957950e-01
   3.0900000e+03   1.8125039e-01
   3.1000000e+03   1.3890942e-01
   3.1100000e+03   1.7131244e-01
   3.1200000e+03   4.8984660e-02
   3.1300000e+03   7.5113190e-03
   3.1400000e+03   1.0759660e-01
   3.1500000e+03   1.5074648e-01
   3.1600000e+03   3.9753652e-02
   3.1700000e+03  -3.3069035e-03
   3.1800000e+03   1.0792176e-01
   3.1900000e+03   9.2071942e-02
   3.2000000e+03   1.6957522e-01
   3.2100000e+03   7.8490489e-03
   3.2200000e+03   9.0583241e-02
   3.2300000e+03   1.7389539e-01
   3.2400000e+03   2.0161905e-01
   3.2500000e+03   2.0891792e-01
   3.2600000e+03   2.2412059e-01
   3.2700000e+03   2.0392596e-01
   3.2800000e+03   2.2422909e-01
   3.2900000e+03   2.1140470e-01
   3.3000000e+03   2.1307175e-01
   3.3100000e+03   2.0931176e-01
   3.3200000e+03   2.1721367e-01
   3.3300000e+03   1.3484084e-01
   3.3400000e+03   1.3329559e-01
   3.3500000e+03   8.5459095e-02
   3.3600000e+03   1.1161804e-01
   3.3700000e+03   9.6597760e-02
   3.3800000e+03   1.0196597e-01
   3.3900000e+03   9.1004937e-02
   3.4000000e+03   1.0111056e-01
   3.4100000e+03   2.5728167e-01
   3.4200000e+03   2.0322840e-01
   3.4300000e+03   2.0265701e-01
   3.4400000e+03   1.5610327e-01
   3.4500000e+03   8.0685540e-02
   3.4600000e+03   7.1173674e-02
   3.4700000e+03   7.7397025e-02
   3.4800000e+03   7.5966151e-02
   3.4900000e+03   8.0469817e-02
