   0.0000000e+00  -7.6032441e-03
   1.0000000e+01   3.7713580e-02
   2.0000000e+01   4.2479648e-02
   3.0000000e+01   7.1594993e-02
   4.0000000e+01   8.0365935e-02
   5.0000000e+01   7.0996149e-02
   6.0000000e+01   5.7641881e-02
   7.0000000e+01   5.2902137e-02
   8.0000000e+01   6.0871354e-02
   9.0000000e+01   5.4836032e-02
   1.0000000e+02   7.1613932e-02
   1.1000000e+02   7.1390770e-02
   1.2000000e+02   7.4995887e-02
   1.3000000e+02   8.2855524e-02
   1.4000000e+02   1.0415771e-01
   1.5000000e+02   1.0220426e-01
   1.6000000e+02   1.0730356e-01
   1.7000000e+02   1.1048244e-01
   1.8000000e+02   1.1221787e-01
   1.9000000e+02   1.0336390e-01
   2.0000000e+02   1.1218146e-01
   2.1000000e+02   1.0582226e-01
   2.2000000e+02   1.0929678e-01
   2.3000000e+02   7.9314474e-02
   2.4000000e+02   9.4125809e-02
   2.5000000e+02   9.3185876e-02
   2.6000000e+02   8.3749644e-02
   2.7000000e+02   8.8190957e-02
   2.8000000e+02   8.3418877e-02
   2.9000000e+02   8.1592554e-02
   3.0000000e+02   9.3420340e-02
   3.1000000e+02   6.2792256e-02
   3.2000000e+02   7.1370348e-02
   3.3000000e+02   7.5022805e-02
   3.4000000e+02   6.4075842e-02
   3.5000000e+02   7.2877452e-02
   3.6000000e+02   7.0144218e-02
   3.7000000e+02   4.9784833e-02
   3.8000000e+02   5.0960042e-02
   3.9000000e+02   5.2189925e-02
   4.0000000e+02   4.7012488e-02
   4.1000000e+02   4.6406743e-02
   4.2000000e+02   4.6214613e-02
   4.3000000e+02   3.5761302e-02
   4.4000000e+02   4.6315222e-02
   4.5000000e+02   3.2321298e-02
   4.6000000e+02   2.7575169e-02
   4.7000000e+02   2.0984567e-02
   4.8000000e+02   3.8798722e-02
   4.9000000e+02   3.7868569e-02
   5.0000000e+02   5.1757679e-02
   5.1000000e+02   3.8772648e-02
   5.2000000e+02   3.4153692e-02
   5.3000000e+02   2.6453436e-02
   5.4000000e+02   2.3797033e-02
   5.5000000e+02   3.1895594e-02
   5.6000000e+02   3.0041031e-02
   5.7000000e+02   2.1120568e-02
   5.8000000e+02   2.0595530e-02
   5.9000000e+02   1.9167310e-02
   6.0000000e+02  -4.3152540e-03
   6.1000000e+02   8.7007800e-03
   6.2000000e+02   1.6186962e-02
   6.3000000e+02  -5.9444248e-03
   6.4000000e+02   8.5281120e-03
   6.5000000e+02  -8.7026745e-03
   6.6000000e+02   2.0206218e-04
   6.7000000e+02   2.0750552e-03
   6.8000000e+02  -1.9191787e-03
   6.9000000e+02   1.6182800e-02
   7.0000000e+02   1.2614909e-02
   7.1000000e+02   1.6577395e-02
   7.2000000e+02   1.2761061e-02
   7.3000000e+02   1.7302176e-02
   7.4000000e+02   1.8313981e-02
   7.5000000e+02   1.1842592e-02
   7.6000000e+02   3.1582346e-02
   7.7000000e+02   2.6106815e-02
   7.8000000e+02   1.8942777e-02
   7.9000000e+02   1.2623895e-02
   8.0000000e+02   5.5396565e-03
   8.1000000e+02   1.1506684e-02
   8.2000000e+02   1.3142656e-02
   8.3000000e+02   1.8502125e-02
   8.4000000e+02   3.3308134e-03
   8.5000000e+02   1.8014483e-02
   8.6000000e+02   2.9371775e-02
   8.7000000e+02   2.6154552e-02
   8.8000000e+02   9.5524414e-03
   8.9000000e+02  -7.4125765e-03
   9.0000000e+02   4.2467354e-04
   9.1000000e+02   1.0621510e-02
   9.2000000e+02   6.1039361e-03
   9.3000000e+02   5.1031983e-03
   9.4000000e+02   9.2768766e-03
   9.5000000e+02  -5.8942429e-03
   9.6000000e+02   1.8578280e-02
   9.7000000e+02   1.2794982e-02
   9.8000000e+02   2.1767678e-02
   9.9000000e+02   4.9047277e-03
   1.0000000e+03   1.6609013e-02
   1.0100000e+03   5.9252522e-03
   1.0200000e+03   6.7093215e-03
   1.0300000e+03  -4.6039154e-03
   1.0400000e+03  -1.9533544e-03
   1.0500000e+03   2.1295123e-02
   1.0600000e+03  -3.5081363e-03
   1.0700000e+03   1.5565208e-02
   1.0800000e+03   1.8346362e-02
   1.0900000e+03   8.6295579e-03
   1.1000000e+03   2.3060618e-03
   1.1100000e+03   1.1915710e-03
   1.1200000e+03  -1.0547684e-02
   1.1300000e+03  -2.5665679e-03
   1.1400000e+03  -9.3034935e-03
   1.1500000e+03  -3.2211076e-03
   1.1600000e+03   7.9212096e-03
   1.1700000e+03   1.5758986e-03
   1.1800000e+03   7.7091444e-03
   1.1900000e+03   9.4857736e-03
   1.2000000e+03   7.8818301e-03
   1.2100000e+03   2.1132132e-02
   1.2200000e+03   1.3597440e-02
   1.2300000e+03  -5.5101520e-03
   1.2400000e+03   6.4305047e-03
   1.2500000e+03   8.1115973e-03
   1.2600000e+03   3.7635206e-03
   1.2700000e+03  -5.8672297e-03
   1.2800000e+03   4.9127859e-03
   1.2900000e+03  -5.6939890e-03
   1.3000000e+03   4.7234685e-03
   1.3100000e+03  -5.6581275e-04
   1.3200000e+03   5.1323563e-03
   1.3300000e+03  -2.4402691e-03
   1.3400000e+03  -4.1233926e-03
   1.3500000e+03  -7.8416999e-03
   1.3600000e+03  -5.7594372e-03
   1.3700000e+03  -3.6931443e-03
   1.3800000e+03   9.4288290e-04
   1.3900000e+03  -5.4339568e-03
   1.4000000e+03  -1.5690575e-02
   1.4100000e+03  -1.9421428e-02
   1.4200000e+03  -4.3128159e-03
   1.4300000e+03   1.9390145e-03
   1.4400000e+03  -3.7920538e-03
   1.4500000e+03  -1.5790224e-03
   1.4600000e+03  -1.0019582e-02
   1.4700000e+03  -1.6873222e-02
   1.4800000e+03   3.5434008e-03
   1.4900000e+03   1.7697979e-02
   1.5000000e+03   3.6351772e-03
   1.5100000e+03   5.3434922e-04
   1.5200000e+03   5.5588837e-03
   1.5300000e+03   2.3587003e-02
   1.5400000e+03   7.8834407e-03
   1.5500000e+03  -2.1945185e-03
   1.5600000e+03  -3.7862024e-04
   1.5700000e+03   1.4873459e-02
   1.5800000e+03  -7.5466043e-03
   1.5900000e+03  -1.1690282e-02
   1.6000000e+03  -6.7035749e-03
   1.6100000e+03  -1.2033404e-02
   1.6200000e+03  -6.4265041e-03
   1.6300000e+03  -1.8374262e-02
   1.6400000e+03  -1.0668275e-02
   1.6500000e+03   2.7301243e-03
   1.6600000e+03   1.3069178e-02
   1.6700000e+03  -5.4136081e-03
   1.6800000e+03   1.5051136e-02
   1.6900000e+03  -2.8369161e-03
   1.7000000e+03   4.1916457e-03
   1.7100000e+03   2.3984385e-03
   1.7200000e+03   1.9314548e-03
   1.7300000e+03   9.1382319e-03
   1.7400000e+03   2.9214959e-03
   1.7500000e+03  -5.7611149e-04
   1.7600000e+03  -2.0346412e-04
   1.7700000e+03  -5.1036213e-03
   1.7800000e+03  -8.6011711e-03
   1.7900000e+03  -1.0111139e-02
   1.8000000e+03   3.8283230e-03
   1.8100000e+03   1.8765468e-03
   1.8200000e+03  -2.2154882e-03
   1.8300000e+03  -7.2997667e-03
   1.8400000e+03   1.8791747e-03
   1.8500000e+03  -9.4889068e-03
   1.8600000e+03  -1.3294761e-02
   1.8700000e+03  -4.3830267e-03
   1.8800000e+03  -1.1969930e-02
   1.8900000e+03  -1.4316142e-02
   1.9000000e+03  -1.0384395e-02
   1.9100000e+03  -1.2902024e-02
   1.9200000e+03  -1.4850488e-02
   1.9300000e+03  -1.6556998e-02
   1.9400000e+03   6.2586340e-03
   1.9500000e+03  -1.2639862e-02
   1.9600000e+03  -9.9607911e-03
   1.9700000e+03   8.5933835e-04
   1.9800000e+03  -1.9950067e-03
   1.9900000e+03   5.2762476e-03
   2.0000000e+03  -9.6343329e-03
   2.0100000e+03  -7.4958199e-03
   2.0200000e+03  -1.5918812e-03
   2.0300000e+03   4.5060080e-03
   2.0400000e+03  -4.1774070e-03
   2.0500000e+03  -1.8782248e-02
   2.0600000e+03  -1.0286197e-02
   2.0700000e+03  -3.6572587e-03
   2.0800000e+03  -7.8786943e-03
   2.0900000e+03  -1.2873001e-02
   2.1000000e+03   3.7258699e-03
   2.1100000e+03  -2.9953121e-03
   2.1200000e+03  -1.2915704e-02
   2.1300000e+03   8.4664165e-03
   2.1400000e+03   1.0881355e-02
   2.1500000e+03   2.7674127e-03
   2.1600000e+03  -2.8056048e-03
   2.1700000e+03   8.1070313e-03
   2.1800000e+03   2.4066761e-03
   2.1900000e+03  -5.5601043e-04
   2.2000000e+03   1.7178209e-02
   2.2100000e+03  -7.2499183e-03
   2.2200000e+03  -6.9706880e-04
   2.2300000e+03   1.1738783e-02
   2.2400000e+03  -5.2604409e-03
   2.2500000e+03  -1.2585781e-02
   2.2600000e+03   1.5350632e-02
   2.2700000e+03  -6.3325256e-03
   2.2800000e+03  -4.5755362e-03
   2.2900000e+03  -6.1733893e-03
   2.3000000e+03   4.8032658e-03
   2.3100000e+03   1.8507881e-03
   2.3200000e+03   5.4878055e-03
   2.3300000e+03  -9.3809134e-03
   2.3400000e+03  -1.4782369e-02
   2.3500000e+03  -6.9537127e-03
   2.3600000e+03   3.1045049e-03
   2.3700000e+03  -4.5236037e-04
   2.3800000e+03  -6.9804533e-04
   2.3900000e+03  -1.6600012e-02
   2.4000000e+03  -1.5284295e-02
   2.4100000e+03   8.8106310e-03
   2.4200000e+03  -6.5758473e-03
   2.4300000e+03  -1.0326532e-02
   2.4400000e+03  -1.0352656e-02
   2.4500000e+03   3.4866954e-03
   2.4600000e+03  -2.8329911e-03
   2.4700000e+03   8.3889236e-03
   2.4800000e+03   8.0797574e-03
   2.4900000e+03   1.3408631e-02
   2.5000000e+03   1.4558808e-02
   2.5100000e+03  -2.6564621e-03
   2.5200000e+03   2.3739721e-03
   2.5300000e+03  -1.0223827e-02
   2.5400000e+03   8.4961626e-03
   2.5500000e+03  -1.7061235e-03
   2.5600000e+03   4.2454788e-03
   2.5700000e+03  -3.9795758e-03
   2.5800000e+03   2.0357213e-05
   2.5900000e+03  -1.0192055e-02
   2.6000000e+03  -5.5211068e-03
   2.6100000e+03  -1.7784664e-02
   2.6200000e+03  -5.5183196e-04
   2.6300000e+03   2.7644937e-03
   2.6400000e+03  -2.4050773e-02
   2.6500000e+03  -6.7976329e-04
   2.6600000e+03  -1.4885247e-03
   2.6700000e+03  -1.2708493e-02
   2.6800000e+03  -5.3790714e-03
   2.6900000e+03  -1.1438042e-02
   2.7000000e+03  -1.8412890e-02
   2.7100000e+03  -1.5741784e-02
   2.7200000e+03  -8.1954136e-03
   2.7300000e+03  -1.6512087e-02
   2.7400000e+03   5.4150587e-03
   2.7500000e+03  -3.5979436e-03
   2.7600000e+03  -1.4197799e-02
   2.7700000e+03  -6.8299339e-03
   2.7800000e+03  -8.2711609e-03
   2.7900000e+03  -1.7582627e-02
   2.8000000e+03  -1.3735284e-02
   2.8100000e+03  -2.4232319e-03
   2.8200000e+03  -1.8956914e-02
   2.8300000e+03  -2.1495038e-02
   2.8400000e+03   6.1444278e-03
   2.8500000e+03   2.3690759e-03
   2.8600000e+03  -1.5195150e-02
   2.8700000e+03  -5.4289837e-03
   2.8800000e+03  -3.0789906e-03
   2.8900000e+03   1.1108306e-02
   2.9000000e+03   3.8252677e-03
   2.9100000e+03   1.0634789e-02
   2.9200000e+03   1.2400821e-02
   2.9300000e+03   1.4335225e-02
   2.9400000e+03   1.3552512e-02
   2.9500000e+03   1.5499736e-02
   2.9600000e+03  -1.3165553e-03
   2.9700000e+03   5.7763913e-03
   2.9800000e+03   4.0372253e-03
   2.9900000e+03   1.5568982e-02
   3.0000000e+03   2.3627344e-03
   3.0100000e+03  -3.7617331e-03
   3.0200000e+03  -2.5896854e-03
   3.0300000e+03  -5.0913833e-03
   3.0400000e+03  -3.3759893e-03
   3.0500000e+03   3.5221166e-04
   3.0600000e+03  -6.2619607e-03
   3.0700000e+03  -2.5348732e-02
   3.0800000e+03  -8.6811835e-03
   3.0900000e+03  -1.9499670e-02
   3.1000000e+03  -1.6539707e-02
   3.1100000e+03  -1.9590251e-02
   3.1200000e+03  -1.0389941e-02
   3.1300000e+03  -2.0393644e-03
   3.1400000e+03  -2.1858392e-02
   3.1500000e+03  -8.9157020e-03
   3.1600000e+03  -6.8738532e-03
   3.1700000e+03  -5.6154682e-04
   3.1800000e+03  -1.0346733e-02
   3.1900000e+03  -7.9937657e-03
   3.2000000e+03  -1.1972805e-02
   3.2100000e+03   1.0125926e-02
   3.2200000e+03   1.4656137e-03
   3.2300000e+03  -5.3247477e-03
   3.2400000e+03  -5.0483430e-03
   3.2500000e+03   8.6035072e-03
   3.2600000e+03   2.6524222e-03
   3.2700000e+03  -2.0890979e-03
   3.2800000e+03  -1.3200964e-02
   3.2900000e+03  -9.1589380e-03
   3.3000000e+03   1.0307308e-02
   3.3100000e+03   1.3122429e-02
   3.3200000e+03   1.3128464e-02
   3.3300000e+03   7.3007151e-03
   3.3400000e+03   2.1748936e-02
   3.3500000e+03   2.3168996e-02
   3.3600000e+03   4.8599189e-04
   3.3700000e+03   1.6582739e-02
   3.3800000e+03  -2.6713388e-03
   3.3900000e+03  -1.7643314e-03
   3.4000000e+03  -1.2567198e-02
   3.4100000e+03  -1.0203345e-02
   3.4200000e+03  -1.6064904e-02
   3.4300000e+03  -1.0012085e-02
   3.4400000e+03  -2.1436956e-02
   3.4500000e+03  -3.2099363e-02
   3.4600000e+03  -2.0900625e-02
   3.4700000e+03  -2.1641937e-02
   3.4800000e+03  -1.7512289e-02
   3.4900000e+03  -1.8628442e-02
