   0.0000000e+00  -8.4463597e-03
   1.0000000e+01  -2.8125641e-04
   2.0000000e+01  -1.0569779e-02
   3.0000000e+01  -6.4603565e-03
   4.0000000e+01  -2.7860142e-02
   5.0000000e+01  -5.1238133e-01
   6.0000000e+01  -7.8850072e-01
   7.0000000e+01  -1.0091980e+00
   8.0000000e+01  -1.1940810e+00
   9.0000000e+01  -1.2889525e+00
   1.0000000e+02  -1.4329012e+00
   1.1000000e+02  -1.5191649e+00
   1.2000000e+02  -1.5939853e+00
   1.3000000e+02  -1.6701192e+00
   1.4000000e+02  -1.7012903e+00
   1.5000000e+02  -1.7622962e+00
   1.6000000e+02  -1.7955126e+00
   1.7000000e+02  -1.8459887e+00
   1.8000000e+02  -1.9288719e+00
   1.9000000e+02  -1.9344621e+00
   2.0000000e+02  -2.0182424e+00
   2.1000000e+02  -2.0254257e+00
   2.2000000e+02  -2.0551940e+00
   2.3000000e+02  -2.1176772e+00
   2.4000000e+02  -2.2031803e+00
   2.5000000e+02  -2.1455990e+00
   2.6000000e+02  -2.1461972e+00
   2.7000000e+02  -2.2134433e+00
   2.8000000e+02  -2.2640737e+00
   2.9000000e+02  -2.2358803e+00
   3.0000000e+02  -2.2605202e+00
   3.1000000e+02  -2.3149222e+00
   3.2000000e+02  -2.3509081e+00
   3.3000000e+02  -2.3187833e+00
   3.4000000e+02  -2.3337459e+00
   3.5000000e+02  -2.3702701e+00
   3.6000000e+02  -2.3946812e+00
   3.7000000e+02  -2.3855188e+00
   3.8000000e+02  -2.4113491e+00
   3.9000000e+02  -2.4515961e+00
   4.0000000e+02  -2.4292319e+00
   4.1000000e+02  -2.4657435e+00
   4.2000000e+02  -2.4758333e+00
   4.3000000e+02  -2.4807352e+00
   4.4000000e+02  -2.5122399e+00
   4.5000000e+02  -2.5128935e+00
   4.6000000e+02  -2.5589740e+00
   4.7000000e+02  -2.5586201e+00
   4.8000000e+02  -2.5673026e+00
   4.9000000e+02  -2.5109202e+00
   5.0000000e+02  -2.6110390e+00
   5.1000000e+02  -2.5679980e+00
   5.2000000e+02  -2.6019650e+00
   5.3000000e+02  -2.6193220e+00
   5.4000000e+02  -2.6442567e+00
   5.5000000e+02  -2.6218929e+00
   5.6000000e+02  -2.5918724e+00
   5.7000000e+02  -2.6798386e+00
   5.8000000e+02  -2.7060000e+00
   5.9000000e+02  -2.6882751e+00
   6.0000000e+02  -2.6772845e+00
   6.1000000e+02  -2.6912965e+00
   6.2000000e+02  -2.7048085e+00
   6.3000000e+02  -2.7163730e+00
   6.4000000e+02  -2.7163651e+00
   6.5000000e+02  -2.7633888e+00
   6.6000000e+02  -2.7599120e+00
   6.7000000e+02  -2.7470795e+00
   6.8000000e+02  -2.7483030e+00
   6.9000000e+02  -2.7538708e+00
   7.0000000e+02  -2.7515182e+00
   7.1000000e+02  -2.7593519e+00
   7.2000000e+02  -2.7836241e+00
   7.3000000e+02  -2.8008786e+00
   7.4000000e+02  -2.8146566e+00
   7.5000000e+02  -2.7866961e+00
   7.6000000e+02  -2.8136001e+00
   7.7000000e+02  -2.8112230e+00
   7.8000000e+02  -2.8146230e+00
   7.9000000e+02  -2.7753733e+00
   8.0000000e+02  -2.7809432e+00
   8.1000000e+02  -2.7832195e+00
   8.2000000e+02  -2.7941321e+00
   8.3000000e+02  -2.7643117e+00
   8.4000000e+02  -2.8281131e+00
   8.5000000e+02  -2.7854746e+00
   8.6000000e+02  -2.8095161e+00
   8.7000000e+02  -2.8085345e+00
   8.8000000e+02  -2.8137735e+00
   8.9000000e+02  -2.8229042e+00
   9.0000000e+02  -2.8509456e+00
   9.1000000e+02  -2.7810056e+00
   9.2000000e+02  -2.8244087e+00
   9.3000000e+02  -2.8211954e+00
   9.4000000e+02  -2.7819810e+00
   9.5000000e+02  -2.7565514e+00
   9.6000000e+02  -2.7503759e+00
   9.7000000e+02  -2.8105812e+00
   9.8000000e+02  -2.8215043e+00
   9.9000000e+02  -2.8172379e+00
   1.0000000e+03  -2.8161956e+00
   1.0100000e+03  -2.8623915e+00
   1.0200000e+03  -2.8515493e+00
   1.0300000e+03  -2.8059769e+00
   1.0400000e+03  -2.8617292e+00
   1.0500000e+03  -2.8655980e+00
   1.0600000e+03  -2.8051174e+00
   1.0700000e+03  -2.8257564e+00
   1.0800000e+03  -2.8281576e+00
   1.0900000e+03  -2.8294716e+00
   1.1000000e+03  -2.8819752e+00
   1.1100000e+03  -2.8588895e+00
   1.1200000e+03  -2.8636029e+00
   1.1300000e+03  -2.8450070e+00
   1.1400000e+03  -2.8826112e+00
   1.1500000e+03  -2.8340599e+00
   1.1600000e+03  -2.8812742e+00
   1.1700000e+03  -2.8944342e+00
   1.1800000e+03  -2.9230625e+00
   1.1900000e+03  -2.9176177e+00
   1.2000000e+03  -2.9252272e+00
   1.2100000e+03  -2.9302865e+00
   1.2200000e+03  -2.9177174e+00
   1.2300000e+03  -2.9372558e+00
   1.2400000e+03  -2.9135376e+00
   1.2500000e+03  -2.9150070e+00
   1.2600000e+03  -2.9214107e+00
   1.2700000e+03  -2.9014594e+00
   1.2800000e+03  -2.8984424e+00
   1.2900000e+03  -2.9176422e+00
   1.3000000e+03  -2.9134282e+00
   1.3100000e+03  -2.9209353e+00
   1.3200000e+03  -2.9222365e+00
   1.3300000e+03  -2.9226445e+00
   1.3400000e+03  -2.8994973e+00
   1.3500000e+03  -2.8967730e+00
   1.3600000e+03  -2.9400124e+00
   1.3700000e+03  -2.9201538e+00
   1.3800000e+03  -2.9288139e+00
   1.3900000e+03  -2.9437542e+00
   1.4000000e+03  -2.9813199e+00
   1.4100000e+03  -2.9437402e+00
   1.4200000e+03  -2.9383227e+00
   1.4300000e+03  -2.9500887e+00
   1.4400000e+03  -2.9252150e+00
   1.4500000e+03  -2.9438132e+00
   1.4600000e+03  -2.9351423e+00
   1.4700000e+03  -2.9709077e+00
   1.4800000e+03  -2.9538584e+00
   1.4900000e+03  -2.9199494e+00
   1.5000000e+03  -2.9282083e+00
   1.5100000e+03  -2.9128788e+00
   1.5200000e+03  -2.8989735e+00
   1.5300000e+03  -2.9280537e+00
   1.5400000e+03  -2.8772270e+00
   1.5500000e+03  -2.9012926e+00
   1.5600000e+03  -2.9158260e+00
   1.5700000e+03  -2.8795198e+00
   1.5800000e+03  -2.9193857e+00
   1.5900000e+03  -2.9814003e+00
   1.6000000e+03  -2.9854162e+00
   1.6100000e+03  -2.9615980e+00
   1.6200000e+03  -2.9318979e+00
   1.6300000e+03  -2.9495710e+00
   1.6400000e+03  -2.9235753e+00
   1.6500000e+03  -2.9341824e+00
   1.6600000e+03  -2.9346126e+00
   1.6700000e+03  -2.9425734e+00
   1.6800000e+03  -2.9347496e+00
   1.6900000e+03  -2.9440306e+00
   1.7000000e+03  -2.9575016e+00
   1.7100000e+03  -2.9596620e+00
   1.7200000e+03  -2.9571498e+00
   1.7300000e+03  -2.9361269e+00
   1.7400000e+03  -2.9244427e+00
   1.7500000e+03  -2.9449077e+00
   1.7600000e+03  -2.9561933e+00
   1.7700000e+03  -2.9497303e+00
   1.7800000e+03  -2.9632090e+00
   1.7900000e+03  -2.9571560e+00
   1.8000000e+03  -2.9534387e+00
   1.8100000e+03  -2.9668744e+00
   1.8200000e+03  -2.9618387e+00
   1.8300000e+03  -2.9428763e+00
   1.8400000e+03  -2.9356365e+00
   1.8500000e+03  -2.9378459e+00
   1.8600000e+03  -2.9439019e+00
   1.8700000e+03  -2.9983659e+00
   1.8800000e+03  -2.9867056e+00
   1.8900000e+03  -2.9906304e+00
   1.9000000e+03  -2.9700481e+00
   1.9100000e+03  -2.9907406e+00
   1.9200000e+03  -2.9763435e+00
   1.9300000e+03  -2.9532524e+00
   1.9400000e+03  -2.9307667e+00
   1.9500000e+03  -2.9311013e+00
   1.9600000e+03  -2.8946097e+00
   1.9700000e+03  -2.9090324e+00
   1.9800000e+03  -2.9301131e+00
   1.9900000e+03  -2.9156253e+00
   2.0000000e+03  -2.9490736e+00
   2.0100000e+03  -2.9940007e+00
   2.0200000e+03  -2.9844215e+00
   2.0300000e+03  -2.9823285e+00
   2.0400000e+03  -2.9978389e+00
   2.0500000e+03  -3.0121360e+00
   2.0600000e+03  -2.9655758e+00
   2.0700000e+03  -2.9451686e+00
   2.0800000e+03  -2.9158153e+00
   2.0900000e+03  -2.9278673e+00
   2.1000000e+03  -2.9366358e+00
   2.1100000e+03  -2.9911084e+00
   2.1200000e+03  -3.0051019e+00
   2.1300000e+03  -2.9947780e+00
   2.1400000e+03  -3.0224830e+00
   2.1500000e+03  -2.9962209e+00
   2.1600000e+03  -2.9852362e+00
   2.1700000e+03  -2.9936711e+00
   2.1800000e+03  -2.9916453e+00
   2.1900000e+03  -2.9975211e+00
   2.2000000e+03  -2.9732518e+00
   2.2100000e+03  -2.9636747e+00
   2.2200000e+03  -2.9950229e+00
   2.2300000e+03  -2.9704328e+00
   2.2400000e+03  -3.0001291e+00
   2.2500000e+03  -2.9911612e+00
   2.2600000e+03  -2.9757552e+00
   2.2700000e+03  -2.9396668e+00
   2.2800000e+03  -2.9731336e+00
   2.2900000e+03  -2.9599781e+00
   2.3000000e+03  -2.9703844e+00
   2.3100000e+03  -2.9754474e+00
   2.3200000e+03  -2.9753803e+00
   2.3300000e+03  -2.9552961e+00
   2.3400000e+03  -2.9850028e+00
   2.3500000e+03  -2.9736751e+00
   2.3600000e+03  -2.9898720e+00
   2.3700000e+03  -2.9796443e+00
   2.3800000e+03  -2.9911999e+00
   2.3900000e+03  -2.9824177e+00
   2.4000000e+03  -2.9686308e+00
   2.4100000e+03  -2.9749430e+00
   2.4200000e+03  -2.9821353e+00
   2.4300000e+03  -2.9748109e+00
   2.4400000e+03  -2.9813678e+00
   2.4500000e+03  -2.9654684e+00
   2.4600000e+03  -2.9469659e+00
   2.4700000e+03  -2.9393959e+00
   2.4800000e+03  -2.9490695e+00
   2.4900000e+03  -2.9607863e+00
   2.5000000e+03  -2.9537998e+00
   2.5100000e+03  -2.9649065e+00
   2.5200000e+03  -2.9492505e+00
   2.5300000e+03  -2.9623876e+00
   2.5400000e+03  -2.9492649e+00
   2.5500000e+03  -2.9509729e+00
   2.5600000e+03  -2.9665177e+00
   2.5700000e+03  -2.9549475e+00
   2.5800000e+03  -2.9547182e+00
   2.5900000e+03  -2.9725444e+00
   2.6000000e+03  -2.9757412e+00
   2.6100000e+03  -2.9795102e+00
   2.6200000e+03  -2.9893581e+00
   2.6300000e+03  -2.9767621e+00
   2.6400000e+03  -2.9802669e+00
   2.6500000e+03  -2.9682806e+00
   2.6600000e+03  -2.9789142e+00
   2.6700000e+03  -2.9818147e+00
   2.6800000e+03  -2.9693502e+00
   2.6900000e+03  -2.9706473e+00
   2.7000000e+03  -2.9454143e+00
   2.7100000e+03  -2.9439701e+00
   2.7200000e+03  -2.9348308e+00
   2.7300000e+03  -2.9797888e+00
   2.7400000e+03  -2.9819465e+00
   2.7500000e+03  -2.9684688e+00
   2.7600000e+03  -2.9711607e+00
   2.7700000e+03  -2.9805039e+00
   2.7800000e+03  -2.9713511e+00
   2.7900000e+03  -2.9627893e+00
   2.8000000e+03  -2.9690704e+00
   2.8100000e+03  -2.9596157e+00
   2.8200000e+03  -2.9675311e+00
   2.8300000e+03  -2.9716807e+00
   2.8400000e+03  -2.9485457e+00
   2.8500000e+03  -2.9568441e+00
   2.8600000e+03  -2.9543734e+00
   2.8700000e+03  -2.9419633e+00
   2.8800000e+03  -3.0004867e+00
   2.8900000e+03  -2.9970286e+00
   2.9000000e+03  -3.0251623e+00
   2.9100000e+03  -2.9987691e+00
   2.9200000e+03  -2.9962412e+00
   2.9300000e+03  -3.0009368e+00
   2.9400000e+03  -2.9840056e+00
   2.9500000e+03  -2.9580402e+00
   2.9600000e+03  -2.9651055e+00
   2.9700000e+03  -2.9427112e+00
   2.9800000e+03  -2.9632926e+00
   2.9900000e+03  -2.9479078e+00
   3.0000000e+03  -2.9407583e+00
   3.0100000e+03  -2.9381542e+00
   3.0200000e+03  -2.9876795e+00
   3.0300000e+03  -2.9658880e+00
   3.0400000e+03  -2.9522503e+00
   3.0500000e+03  -2.9746607e+00
   3.0600000e+03  -2.9793173e+00
   3.0700000e+03  -2.9943659e+00
   3.0800000e+03  -2.9693486e+00
   3.0900000e+03  -2.9658132e+00
   3.1000000e+03  -2.9752157e+00
   3.1100000e+03  -3.0225285e+00
   3.1200000e+03  -3.0008989e+00
   3.1300000e+03  -2.9961688e+00
   3.1400000e+03  -2.9724021e+00
   3.1500000e+03  -3.0012688e+00
   3.1600000e+03  -3.0087537e+00
   3.1700000e+03  -3.0265494e+00
   3.1800000e+03  -3.0151099e+00
   3.1900000e+03  -3.0212240e+00
   3.2000000e+03  -3.0235718e+00
   3.2100000e+03  -3.0288620e+00
   3.2200000e+03  -3.0480716e+00
   3.2300000e+03  -3.0194746e+00
   3.2400000e+03  -3.0033200e+00
   3.2500000e+03  -3.0253146e+00
   3.2600000e+03  -3.0179866e+00
   3.2700000e+03  -3.0184542e+00
   3.2800000e+03  -2.9953141e+00
   3.2900000e+03  -3.0128196e+00
   3.3000000e+03  -3.0097531e+00
   3.3100000e+03  -3.0523692e+00
   3.3200000e+03  -3.0453798e+00
   3.3300000e+03  -3.0521025e+00
   3.3400000e+03  -3.0850557e+00
   3.3500000e+03  -3.0932188e+00
   3.3600000e+03  -3.0925912e+00
   3.3700000e+03  -3.0964786e+00
   3.3800000e+03  -3.1159901e+00
   3.3900000e+03  -3.1051080e+00
   3.4000000e+03  -3.1028894e+00
   3.4100000e+03  -3.0717503e+00
   3.4200000e+03  -3.1047594e+00
   3.4300000e+03  -3.0716008e+00
   3.4400000e+03  -3.0533572e+00
   3.4500000e+03  -3.0705527e+00
   3.4600000e+03  -3.0610099e+00
   3.4700000e+03  -3.0564014e+00
   3.4800000e+03  -3.0678383e+00
   3.4900000e+03  -3.0388994e+00
