   0.0000000e+00   1.7728986e+01
   1.0000000e+01   1.7802377e+01
   2.0000000e+01   1.7810159e+01
   3.0000000e+01   1.7814202e+01
   4.0000000e+01   1.7809046e+01
   5.0000000e+01   1.7809890e+01
   6.0000000e+01   1.7805126e+01
   7.0000000e+01   1.7798995e+01
   8.0000000e+01   1.7795358e+01
   9.0000000e+01   1.7810908e+01
   1.0000000e+02   1.7952771e+01
   1.1000000e+02   1.8140737e+01
   1.2000000e+02   1.8261278e+01
   1.3000000e+02   1.8558874e+01
   1.4000000e+02   1.9024955e+01
   1.5000000e+02   1.9459295e+01
   1.6000000e+02   1.9618510e+01
   1.7000000e+02   1.9769763e+01
   1.8000000e+02   1.9945506e+01
   1.9000000e+02   2.0088415e+01
   2.0000000e+02   2.0219987e+01
   2.1000000e+02   2.0291468e+01
   2.2000000e+02   2.0419308e+01
   2.3000000e+02   2.0489211e+01
   2.4000000e+02   2.0554007e+01
   2.5000000e+02   2.0593361e+01
   2.6000000e+02   2.0636280e+01
   2.7000000e+02   2.0693734e+01
   2.8000000e+02   2.0747785e+01
   2.9000000e+02   2.0787869e+01
   3.0000000e+02   2.0853377e+01
   3.1000000e+02   2.0867745e+01
   3.2000000e+02   2.0924220e+01
   3.3000000e+02   2.0934575e+01
   3.4000000e+02   2.0924585e+01
   3.5000000e+02   2.0971558e+01
   3.6000000e+02   2.0983647e+01
   3.7000000e+02   2.0958716e+01
   3.8000000e+02   2.1001092e+01
   3.9000000e+02   2.1066205e+01
   4.0000000e+02   2.1070532e+01
   4.1000000e+02   2.1083122e+01
   4.2000000e+02   2.1050756e+01
   4.3000000e+02   2.1116254e+01
   4.4000000e+02   2.1099927e+01
   4.5000000e+02   2.1113518e+01
   4.6000000e+02   2.1134246e+01
   4.7000000e+02   2.1138322e+01
   4.8000000e+02   2.1134790e+01
   4.9000000e+02   2.1189410e+01
   5.0000000e+02   2.1197471e+01
   5.1000000e+02   2.1188922e+01
   5.2000000e+02   2.1188020e+01
   5.3000000e+02   2.1191684e+01
   5.4000000e+02   2.1225372e+01
   5.5000000e+02   2.1194333e+01
   5.6000000e+02   2.1260988e+01
   5.7000000e+02   2.1250475e+01
   5.8000000e+02   2.1219634e+01
   5.9000000e+02   2.1275374e+01
   6.0000000e+02   2.1233219e+01
   6.1000000e+02   2.1244574e+01
   6.2000000e+02   2.1265923e+01
   6.3000000e+02   2.1226734e+01
   6.4000000e+02   2.1250882e+01
   6.5000000e+02   2.1229076e+01
   6.6000000e+02   2.1276370e+01
   6.7000000e+02   2.1242366e+01
   6.8000000e+02   2.1257593e+01
   6.9000000e+02   2.1307343e+01
   7.0000000e+02   2.1272545e+01
   7.1000000e+02   2.1304265e+01
   7.2000000e+02   2.1312495e+01
   7.3000000e+02   2.1302674e+01
   7.4000000e+02   2.1300442e+01
   7.5000000e+02   2.1317828e+01
   7.6000000e+02   2.1317372e+01
   7.7000000e+02   2.1310062e+01
   7.8000000e+02   2.1331385e+01
   7.9000000e+02   2.1305184e+01
   8.0000000e+02   2.1277063e+01
   8.1000000e+02   2.1252231e+01
   8.2000000e+02   2.1296213e+01
   8.3000000e+02   2.1330020e+01
   8.4000000e+02   2.1325773e+01
   8.5000000e+02   2.1347353e+01
   8.6000000e+02   2.1360988e+01
   8.7000000e+02   2.1357781e+01
   8.8000000e+02   2.1333132e+01
   8.9000000e+02   2.1327792e+01
   9.0000000e+02   2.1337687e+01
   9.1000000e+02   2.1298097e+01
   9.2000000e+02   2.1275311e+01
   9.3000000e+02   2.1301158e+01
   9.4000000e+02   2.1331006e+01
   9.5000000e+02   2.1320280e+01
   9.6000000e+02   2.1337270e+01
   9.7000000e+02   2.1298181e+01
   9.8000000e+02   2.1345540e+01
   9.9000000e+02   2.1339144e+01
   1.0000000e+03   2.1355208e+01
   1.0100000e+03   2.1323037e+01
   1.0200000e+03   2.1326133e+01
   1.0300000e+03   2.1269960e+01
   1.0400000e+03   2.1328143e+01
   1.0500000e+03   2.1370524e+01
   1.0600000e+03   2.1349271e+01
   1.0700000e+03   2.1361341e+01
   1.0800000e+03   2.1359485e+01
   1.0900000e+03   2.1360213e+01
   1.1000000e+03   2.1357844e+01
   1.1100000e+03   2.1363212e+01
   1.1200000e+03   2.1293425e+01
   1.1300000e+03   2.1367797e+01
   1.1400000e+03   2.1328221e+01
   1.1500000e+03   2.1325259e+01
   1.1600000e+03   2.1400928e+01
   1.1700000e+03   2.1357579e+01
   1.1800000e+03   2.1315790e+01
   1.1900000e+03   2.1325660e+01
   1.2000000e+03   2.1318508e+01
   1.2100000e+03   2.1372444e+01
   1.2200000e+03   2.1337627e+01
   1.2300000e+03   2.1334085e+01
   1.2400000e+03   2.1324003e+01
   1.2500000e+03   2.1339795e+01
   1.2600000e+03   2.1334767e+01
   1.2700000e+03   2.1336506e+01
   1.2800000e+03   2.1354657e+01
   1.2900000e+03   2.1362597e+01
   1.3000000e+03   2.1354468e+01
   1.3100000e+03   2.1330914e+01
   1.3200000e+03   2.1343537e+01
   1.3300000e+03   2.1339459e+01
   1.3400000e+03   2.1349583e+01
   1.3500000e+03   2.1337546e+01
   1.3600000e+03   2.1344250e+01
   1.3700000e+03   2.1339599e+01
   1.3800000e+03   2.1298168e+01
   1.3900000e+03   2.1367715e+01
   1.4000000e+03   2.1342450e+01
   1.4100000e+03   2.1347293e+01
   1.4200000e+03   2.1342221e+01
   1.4300000e+03   2.1359329e+01
   1.4400000e+03   2.1327004e+01
   1.4500000e+03   2.1359293e+01
   1.4600000e+03   2.1336301e+01
   1.4700000e+03   2.1302162e+01
   1.4800000e+03   2.1357689e+01
   1.4900000e+03   2.1361616e+01
   1.5000000e+03   2.1349218e+01
   1.5100000e+03   2.1319052e+01
   1.5200000e+03   2.1285645e+01
   1.5300000e+03   2.1369106e+01
   1.5400000e+03   2.1323369e+01
   1.5500000e+03   2.1321191e+01
   1.5600000e+03   2.1337117e+01
   1.5700000e+03   2.1369676e+01
   1.5800000e+03   2.1320947e+01
   1.5900000e+03   2.1331396e+01
   1.6000000e+03   2.1341226e+01
   1.6100000e+03   2.1316475e+01
   1.6200000e+03   2.1317204e+01
   1.6300000e+03   2.1324965e+01
   1.6400000e+03   2.1322001e+01
   1.6500000e+03   2.1348779e+01
   1.6600000e+03   2.1336638e+01
   1.6700000e+03   2.1328165e+01
   1.6800000e+03   2.1356663e+01
   1.6900000e+03   2.1318931e+01
   1.7000000e+03   2.1348847e+01
   1.7100000e+03   2.1341737e+01
   1.7200000e+03   2.1330164e+01
   1.7300000e+03   2.1349381e+01
   1.7400000e+03   2.1316803e+01
   1.7500000e+03   2.1341780e+01
   1.7600000e+03   2.1357888e+01
   1.7700000e+03   2.1338887e+01
   1.7800000e+03   2.1307631e+01
   1.7900000e+03   2.1332044e+01
   1.8000000e+03   2.1358898e+01
   1.8100000e+03   2.1346771e+01
   1.8200000e+03   2.1322559e+01
   1.8300000e+03   2.1326053e+01
   1.8400000e+03   2.1362972e+01
   1.8500000e+03   2.1270413e+01
   1.8600000e+03   2.1320077e+01
   1.8700000e+03   2.1350713e+01
   1.8800000e+03   2.1322092e+01
   1.8900000e+03   2.1300314e+01
   1.9000000e+03   2.1278083e+01
   1.9100000e+03   2.1329725e+01
   1.9200000e+03   2.1332874e+01
   1.9300000e+03   2.1340661e+01
   1.9400000e+03   2.1377056e+01
   1.9500000e+03   2.1311242e+01
   1.9600000e+03   2.1307895e+01
   1.9700000e+03   2.1339046e+01
   1.9800000e+03   2.1301257e+01
   1.9900000e+03   2.1367515e+01
   2.0000000e+03   2.1331594e+01
   2.0100000e+03   2.1324238e+01
   2.0200000e+03   2.1337528e+01
   2.0300000e+03   2.1328333e+01
   2.0400000e+03   2.1340967e+01
   2.0500000e+03   2.1296325e+01
   2.0600000e+03   2.1293917e+01
   2.0700000e+03   2.1335469e+01
   2.0800000e+03   2.1310665e+01
   2.0900000e+03   2.1295504e+01
   2.1000000e+03   2.1338201e+01
   2.1100000e+03   2.1311368e+01
   2.1200000e+03   2.1318141e+01
   2.1300000e+03   2.1354728e+01
   2.1400000e+03   2.1327977e+01
   2.1500000e+03   2.1345345e+01
   2.1600000e+03   2.1337244e+01
   2.1700000e+03   2.1344188e+01
   2.1800000e+03   2.1319529e+01
   2.1900000e+03   2.1306162e+01
   2.2000000e+03   2.1337263e+01
   2.2100000e+03   2.1279125e+01
   2.2200000e+03   2.1275706e+01
   2.2300000e+03   2.1321890e+01
   2.2400000e+03   2.1334334e+01
   2.2500000e+03   2.1297642e+01
   2.2600000e+03   2.1360433e+01
   2.2700000e+03   2.1288370e+01
   2.2800000e+03   2.1312107e+01
   2.2900000e+03   2.1323936e+01
   2.3000000e+03   2.1328629e+01
   2.3100000e+03   2.1298842e+01
   2.3200000e+03   2.1327229e+01
   2.3300000e+03   2.1245526e+01
   2.3400000e+03   2.1281567e+01
   2.3500000e+03   2.1291917e+01
   2.3600000e+03   2.1341052e+01
   2.3700000e+03   2.1316448e+01
   2.3800000e+03   2.1326154e+01
   2.3900000e+03   2.1248744e+01
   2.4000000e+03   2.1304903e+01
   2.4100000e+03   2.1327996e+01
   2.4200000e+03   2.1341122e+01
   2.4300000e+03   2.1292026e+01
   2.4400000e+03   2.1328101e+01
   2.4500000e+03   2.1340276e+01
   2.4600000e+03   2.1274733e+01
   2.4700000e+03   2.1334981e+01
   2.4800000e+03   2.1297414e+01
   2.4900000e+03   2.1334893e+01
   2.5000000e+03   2.1356635e+01
   2.5100000e+03   2.1300597e+01
   2.5200000e+03   2.1339630e+01
   2.5300000e+03   2.1290508e+01
   2.5400000e+03   2.1336013e+01
   2.5500000e+03   2.1306636e+01
   2.5600000e+03   2.1337561e+01
   2.5700000e+03   2.1290484e+01
   2.5800000e+03   2.1344226e+01
   2.5900000e+03   2.1296325e+01
   2.6000000e+03   2.1290799e+01
   2.6100000e+03   2.1275103e+01
   2.6200000e+03   2.1318895e+01
   2.6300000e+03   2.1314795e+01
   2.6400000e+03   2.1303338e+01
   2.6500000e+03   2.1332652e+01
   2.6600000e+03   2.1306159e+01
   2.6700000e+03   2.1307702e+01
   2.6800000e+03   2.1318711e+01
   2.6900000e+03   2.1333499e+01
   2.7000000e+03   2.1288362e+01
   2.7100000e+03   2.1328514e+01
   2.7200000e+03   2.1294382e+01
   2.7300000e+03   2.1278686e+01
   2.7400000e+03   2.1375753e+01
   2.7500000e+03   2.1335991e+01
   2.7600000e+03   2.1342318e+01
   2.7700000e+03   2.1326290e+01
   2.7800000e+03   2.1315597e+01
   2.7900000e+03   2.1301223e+01
   2.8000000e+03   2.1340465e+01
   2.8100000e+03   2.1314252e+01
   2.8200000e+03   2.1304482e+01
   2.8300000e+03   2.1293158e+01
   2.8400000e+03   2.1359587e+01
   2.8500000e+03   2.1331063e+01
   2.8600000e+03   2.1311703e+01
   2.8700000e+03   2.1310793e+01
   2.8800000e+03   2.1340905e+01
   2.8900000e+03   2.1339543e+01
   2.9000000e+03   2.1342002e+01
   2.9100000e+03   2.1317549e+01
   2.9200000e+03   2.1369757e+01
   2.9300000e+03   2.1335123e+01
   2.9400000e+03   2.1346607e+01
   2.9500000e+03   2.1318928e+01
   2.9600000e+03   2.1319058e+01
   2.9700000e+03   2.1349038e+01
   2.9800000e+03   2.1289682e+01
   2.9900000e+03   2.1356717e+01
   3.0000000e+03   2.1326660e+01
   3.0100000e+03   2.1301115e+01
   3.0200000e+03   2.1319640e+01
   3.0300000e+03   2.1319229e+01
   3.0400000e+03   2.1319319e+01
   3.0500000e+03   2.1340623e+01
   3.0600000e+03   2.1286589e+01
   3.0700000e+03   2.1324029e+01
   3.0800000e+03   2.1307783e+01
   3.0900000e+03   2.1304867e+01
   3.1000000e+03   2.1305040e+01
   3.1100000e+03   2.1291123e+01
   3.1200000e+03   2.1312096e+01
   3.1300000e+03   2.1330140e+01
   3.1400000e+03   2.1280993e+01
   3.1500000e+03   2.1335781e+01
   3.1600000e+03   2.1301947e+01
   3.1700000e+03   2.1350126e+01
   3.1800000e+03   2.1313296e+01
   3.1900000e+03   2.1332535e+01
   3.2000000e+03   2.1324172e+01
   3.2100000e+03   2.1349208e+01
   3.2200000e+03   2.1311417e+01
   3.2300000e+03   2.1314137e+01
   3.2400000e+03   2.1321818e+01
   3.2500000e+03   2.1297011e+01
   3.2600000e+03   2.1331808e+01
   3.2700000e+03   2.1332404e+01
   3.2800000e+03   2.1317394e+01
   3.2900000e+03   2.1299207e+01
   3.3000000e+03   2.1341984e+01
   3.3100000e+03   2.1316326e+01
   3.3200000e+03   2.1316564e+01
   3.3300000e+03   2.1314689e+01
   3.3400000e+03   2.1307338e+01
   3.3500000e+03   2.1349482e+01
   3.3600000e+03   2.1324557e+01
   3.3700000e+03   2.1341991e+01
   3.3800000e+03   2.1279986e+01
   3.3900000e+03   2.1329719e+01
   3.4000000e+03   2.1332373e+01
   3.4100000e+03   2.1299554e+01
   3.4200000e+03   2.1315464e+01
   3.4300000e+03   2.1302059e+01
   3.4400000e+03   2.1245079e+01
   3.4500000e+03   2.1264767e+01
   3.4600000e+03   2.1307867e+01
   3.4700000e+03   2.1273341e+01
   3.4800000e+03   2.1300368e+01
   3.4900000e+03   2.1307818e+01
