   0.0000000e+00   1.8353911e+01
   1.0000000e+01   1.8363928e+01
   2.0000000e+01   1.8367795e+01
   3.0000000e+01   1.8358679e+01
   4.0000000e+01   1.8363041e+01
   5.0000000e+01   1.8372530e+01
   6.0000000e+01   1.8336328e+01
   7.0000000e+01   1.8285241e+01
   8.0000000e+01   1.8261371e+01
   9.0000000e+01   1.8252007e+01
   1.0000000e+02   1.8228678e+01
   1.1000000e+02   1.8225605e+01
   1.2000000e+02   1.8220273e+01
   1.3000000e+02   1.8215723e+01
   1.4000000e+02   1.8203164e+01
   1.5000000e+02   1.8172886e+01
   1.6000000e+02   1.8172209e+01
   1.7000000e+02   1.8162655e+01
   1.8000000e+02   1.8176672e+01
   1.9000000e+02   1.8174108e+01
   2.0000000e+02   1.8158463e+01
   2.1000000e+02   1.8151293e+01
   2.2000000e+02   1.8155920e+01
   2.3000000e+02   1.8135088e+01
   2.4000000e+02   1.8121679e+01
   2.5000000e+02   1.8138543e+01
   2.6000000e+02   1.8143979e+01
   2.7000000e+02   1.8130463e+01
   2.8000000e+02   1.8098031e+01
   2.9000000e+02   1.8089275e+01
   3.0000000e+02   1.8078141e+01
   3.1000000e+02   1.8100420e+01
   3.2000000e+02   1.8095136e+01
   3.3000000e+02   1.8086125e+01
   3.4000000e+02   1.8087203e+01
   3.5000000e+02   1.8086255e+01
   3.6000000e+02   1.8079761e+01
   3.7000000e+02   1.8092849e+01
   3.8000000e+02   1.8064751e+01
   3.9000000e+02   1.8064035e+01
   4.0000000e+02   1.8067093e+01
   4.1000000e+02   1.8040867e+01
   4.2000000e+02   1.8063980e+01
   4.3000000e+02   1.8053288e+01
   4.4000000e+02   1.8045286e+01
   4.5000000e+02   1.8064589e+01
   4.6000000e+02   1.8057591e+01
   4.7000000e+02   1.8042165e+01
   4.8000000e+02   1.8025611e+01
   4.9000000e+02   1.8035696e+01
   5.0000000e+02   1.8075020e+01
   5.1000000e+02   1.8028862e+01
   5.2000000e+02   1.8059245e+01
   5.3000000e+02   1.8043318e+01
   5.4000000e+02   1.8027024e+01
   5.5000000e+02   1.8037272e+01
   5.6000000e+02   1.8040542e+01
   5.7000000e+02   1.8022615e+01
   5.8000000e+02   1.8029695e+01
   5.9000000e+02   1.8045292e+01
   6.0000000e+02   1.8034909e+01
   6.1000000e+02   1.8041349e+01
   6.2000000e+02   1.8041094e+01
   6.3000000e+02   1.8021433e+01
   6.4000000e+02   1.8042326e+01
   6.5000000e+02   1.8003529e+01
   6.6000000e+02   1.8013496e+01
   6.7000000e+02   1.8010752e+01
   6.8000000e+02   1.8036913e+01
   6.9000000e+02   1.8010241e+01
   7.0000000e+02   1.8011660e+01
   7.1000000e+02   1.8053967e+01
   7.2000000e+02   1.8023021e+01
   7.3000000e+02   1.8025066e+01
   7.4000000e+02   1.8019673e+01
   7.5000000e+02   1.7998839e+01
   7.6000000e+02   1.8025833e+01
   7.7000000e+02   1.8033773e+01
   7.8000000e+02   1.8026436e+01
   7.9000000e+02   1.8036358e+01
   8.0000000e+02   1.8044259e+01
   8.1000000e+02   1.8041988e+01
   8.2000000e+02   1.8030869e+01
   8.3000000e+02   1.8033703e+01
   8.4000000e+02   1.8027365e+01
   8.5000000e+02   1.8025119e+01
   8.6000000e+02   1.8029443e+01
   8.7000000e+02   1.8021140e+01
   8.8000000e+02   1.8019626e+01
   8.9000000e+02   1.8029313e+01
   9.0000000e+02   1.8023149e+01
   9.1000000e+02   1.8014959e+01
   9.2000000e+02   1.8012264e+01
   9.3000000e+02   1.8029161e+01
   9.4000000e+02   1.8043920e+01
   9.5000000e+02   1.7997588e+01
   9.6000000e+02   1.8018137e+01
   9.7000000e+02   1.8020027e+01
   9.8000000e+02   1.8029781e+01
   9.9000000e+02   1.7991108e+01
   1.0000000e+03   1.8003751e+01
   1.0100000e+03   1.8011498e+01
   1.0200000e+03   1.8005375e+01
   1.0300000e+03   1.8037383e+01
   1.0400000e+03   1.7998931e+01
   1.0500000e+03   1.7989734e+01
   1.0600000e+03   1.8021765e+01
   1.0700000e+03   1.8014400e+01
   1.0800000e+03   1.8003187e+01
   1.0900000e+03   1.7997235e+01
   1.1000000e+03   1.8010756e+01
   1.1100000e+03   1.7983432e+01
   1.1200000e+03   1.8026301e+01
   1.1300000e+03   1.8014454e+01
   1.1400000e+03   1.7995734e+01
   1.1500000e+03   1.8014702e+01
   1.1600000e+03   1.7989178e+01
   1.1700000e+03   1.8009232e+01
   1.1800000e+03   1.8004573e+01
   1.1900000e+03   1.8034834e+01
   1.2000000e+03   1.8009375e+01
   1.2100000e+03   1.8056075e+01
   1.2200000e+03   1.8009906e+01
   1.2300000e+03   1.7999463e+01
   1.2400000e+03   1.8007346e+01
   1.2500000e+03   1.7982210e+01
   1.2600000e+03   1.7981623e+01
   1.2700000e+03   1.8018932e+01
   1.2800000e+03   1.7990150e+01
   1.2900000e+03   1.7992808e+01
   1.3000000e+03   1.7992139e+01
   1.3100000e+03   1.7989291e+01
   1.3200000e+03   1.8020480e+01
   1.3300000e+03   1.8009399e+01
   1.3400000e+03   1.8031795e+01
   1.3500000e+03   1.8021286e+01
   1.3600000e+03   1.7979773e+01
   1.3700000e+03   1.7994712e+01
   1.3800000e+03   1.8050118e+01
   1.3900000e+03   1.8023379e+01
   1.4000000e+03   1.8040668e+01
   1.4100000e+03   1.8029891e+01
   1.4200000e+03   1.8021372e+01
   1.4300000e+03   1.8019381e+01
   1.4400000e+03   1.8034681e+01
   1.4500000e+03   1.8026801e+01
   1.4600000e+03   1.8032435e+01
   1.4700000e+03   1.8022281e+01
   1.4800000e+03   1.8040913e+01
   1.4900000e+03   1.8053857e+01
   1.5000000e+03   1.8062325e+01
   1.5100000e+03   1.7996400e+01
   1.5200000e+03   1.8001919e+01
   1.5300000e+03   1.8005627e+01
   1.5400000e+03   1.8024079e+01
   1.5500000e+03   1.8020490e+01
   1.5600000e+03   1.8029428e+01
   1.5700000e+03   1.8055902e+01
   1.5800000e+03   1.8014042e+01
   1.5900000e+03   1.8024112e+01
   1.6000000e+03   1.8005022e+01
   1.6100000e+03   1.8012540e+01
   1.6200000e+03   1.8005041e+01
   1.6300000e+03   1.8001333e+01
   1.6400000e+03   1.8001277e+01
   1.6500000e+03   1.8008563e+01
   1.6600000e+03   1.7961722e+01
   1.6700000e+03   1.7943569e+01
   1.6800000e+03   1.7964834e+01
   1.6900000e+03   1.7992705e+01
   1.7000000e+03   1.7976249e+01
   1.7100000e+03   1.7986392e+01
   1.7200000e+03   1.7974511e+01
   1.7300000e+03   1.7969958e+01
   1.7400000e+03   1.8012246e+01
   1.7500000e+03   1.7960502e+01
   1.7600000e+03   1.7990317e+01
   1.7700000e+03   1.8006975e+01
   1.7800000e+03   1.7968698e+01
   1.7900000e+03   1.7988892e+01
   1.8000000e+03   1.8000955e+01
   1.8100000e+03   1.8027464e+01
   1.8200000e+03   1.8034344e+01
   1.8300000e+03   1.8033537e+01
   1.8400000e+03   1.8016858e+01
   1.8500000e+03   1.8030202e+01
   1.8600000e+03   1.8003043e+01
   1.8700000e+03   1.7996281e+01
   1.8800000e+03   1.8016963e+01
   1.8900000e+03   1.8029291e+01
   1.9000000e+03   1.8000397e+01
   1.9100000e+03   1.8001799e+01
   1.9200000e+03   1.7992028e+01
   1.9300000e+03   1.7995107e+01
   1.9400000e+03   1.8044225e+01
   1.9500000e+03   1.8004211e+01
   1.9600000e+03   1.7997455e+01
   1.9700000e+03   1.8053841e+01
   1.9800000e+03   1.8039772e+01
   1.9900000e+03   1.8012921e+01
   2.0000000e+03   1.8005774e+01
   2.0100000e+03   1.8026161e+01
   2.0200000e+03   1.8018313e+01
   2.0300000e+03   1.8035253e+01
   2.0400000e+03   1.8004464e+01
   2.0500000e+03   1.8022689e+01
   2.0600000e+03   1.8025279e+01
   2.0700000e+03   1.8030554e+01
   2.0800000e+03   1.8015516e+01
   2.0900000e+03   1.8002100e+01
   2.1000000e+03   1.8013773e+01
   2.1100000e+03   1.8017212e+01
   2.1200000e+03   1.7988401e+01
   2.1300000e+03   1.7980367e+01
   2.1400000e+03   1.7979183e+01
   2.1500000e+03   1.7987746e+01
   2.1600000e+03   1.7981532e+01
   2.1700000e+03   1.8007230e+01
   2.1800000e+03   1.8004610e+01
   2.1900000e+03   1.8008726e+01
   2.2000000e+03   1.8038042e+01
   2.2100000e+03   1.7996081e+01
   2.2200000e+03   1.7978963e+01
   2.2300000e+03   1.8012776e+01
   2.2400000e+03   1.7994754e+01
   2.2500000e+03   1.7990473e+01
   2.2600000e+03   1.8007931e+01
   2.2700000e+03   1.8005644e+01
   2.2800000e+03   1.7965527e+01
   2.2900000e+03   1.7980508e+01
   2.3000000e+03   1.7962932e+01
   2.3100000e+03   1.7966467e+01
   2.3200000e+03   1.8009697e+01
   2.3300000e+03   1.7980770e+01
   2.3400000e+03   1.7969698e+01
   2.3500000e+03   1.7978910e+01
   2.3600000e+03   1.7993152e+01
   2.3700000e+03   1.7983862e+01
   2.3800000e+03   1.8008999e+01
   2.3900000e+03   1.7970652e+01
   2.4000000e+03   1.7999722e+01
   2.4100000e+03   1.7992497e+01
   2.4200000e+03   1.8001334e+01
   2.4300000e+03   1.7988220e+01
   2.4400000e+03   1.7988408e+01
   2.4500000e+03   1.8014248e+01
   2.4600000e+03   1.8011357e+01
   2.4700000e+03   1.8003594e+01
   2.4800000e+03   1.7992319e+01
   2.4900000e+03   1.8021703e+01
   2.5000000e+03   1.7999202e+01
   2.5100000e+03   1.8017825e+01
   2.5200000e+03   1.8029731e+01
   2.5300000e+03   1.7982049e+01
   2.5400000e+03   1.8025772e+01
   2.5500000e+03   1.8026852e+01
   2.5600000e+03   1.7990460e+01
   2.5700000e+03   1.7973923e+01
   2.5800000e+03   1.8008961e+01
   2.5900000e+03   1.8012062e+01
   2.6000000e+03   1.7966870e+01
   2.6100000e+03   1.7991886e+01
   2.6200000e+03   1.8004803e+01
   2.6300000e+03   1.8021313e+01
   2.6400000e+03   1.7964676e+01
   2.6500000e+03   1.7997055e+01
   2.6600000e+03   1.7988535e+01
   2.6700000e+03   1.8013488e+01
   2.6800000e+03   1.8009911e+01
   2.6900000e+03   1.7995158e+01
   2.7000000e+03   1.8020563e+01
   2.7100000e+03   1.7991837e+01
   2.7200000e+03   1.8020447e+01
   2.7300000e+03   1.7999962e+01
   2.7400000e+03   1.7970658e+01
   2.7500000e+03   1.8018216e+01
   2.7600000e+03   1.7980026e+01
   2.7700000e+03   1.8012940e+01
   2.7800000e+03   1.7986102e+01
   2.7900000e+03   1.7986057e+01
   2.8000000e+03   1.8015063e+01
   2.8100000e+03   1.8030065e+01
   2.8200000e+03   1.8043749e+01
   2.8300000e+03   1.8031024e+01
   2.8400000e+03   1.8015119e+01
   2.8500000e+03   1.8036310e+01
   2.8600000e+03   1.8008377e+01
   2.8700000e+03   1.8036768e+01
   2.8800000e+03   1.8024332e+01
   2.8900000e+03   1.8040312e+01
   2.9000000e+03   1.8030811e+01
   2.9100000e+03   1.8065029e+01
   2.9200000e+03   1.8023230e+01
   2.9300000e+03   1.8033397e+01
   2.9400000e+03   1.8035204e+01
   2.9500000e+03   1.8033957e+01
   2.9600000e+03   1.8021571e+01
   2.9700000e+03   1.8022099e+01
   2.9800000e+03   1.8050066e+01
   2.9900000e+03   1.8026893e+01
   3.0000000e+03   1.8050269e+01
   3.0100000e+03   1.8041729e+01
   3.0200000e+03   1.8051263e+01
   3.0300000e+03   1.8043300e+01
   3.0400000e+03   1.8047158e+01
   3.0500000e+03   1.8056825e+01
   3.0600000e+03   1.8031759e+01
   3.0700000e+03   1.8042737e+01
   3.0800000e+03   1.8043792e+01
   3.0900000e+03   1.8034092e+01
   3.1000000e+03   1.8056503e+01
   3.1100000e+03   1.8035527e+01
   3.1200000e+03   1.8022761e+01
   3.1300000e+03   1.8064375e+01
   3.1400000e+03   1.8040282e+01
   3.1500000e+03   1.8035850e+01
   3.1600000e+03   1.8046716e+01
   3.1700000e+03   1.8020842e+01
   3.1800000e+03   1.8002087e+01
   3.1900000e+03   1.8033580e+01
   3.2000000e+03   1.8020331e+01
   3.2100000e+03   1.8028977e+01
   3.2200000e+03   1.8030467e+01
   3.2300000e+03   1.8032540e+01
   3.2400000e+03   1.8051672e+01
   3.2500000e+03   1.8047135e+01
   3.2600000e+03   1.8044467e+01
   3.2700000e+03   1.8002927e+01
   3.2800000e+03   1.8038542e+01
   3.2900000e+03   1.8057047e+01
   3.3000000e+03   1.8067763e+01
   3.3100000e+03   1.8050313e+01
   3.3200000e+03   1.8039650e+01
   3.3300000e+03   1.8061485e+01
   3.3400000e+03   1.8054603e+01
   3.3500000e+03   1.8051566e+01
   3.3600000e+03   1.8045231e+01
   3.3700000e+03   1.8048546e+01
   3.3800000e+03   1.8044399e+01
   3.3900000e+03   1.8046900e+01
   3.4000000e+03   1.8021963e+01
   3.4100000e+03   1.8066251e+01
   3.4200000e+03   1.8036574e+01
   3.4300000e+03   1.8068489e+01
   3.4400000e+03   1.8044455e+01
   3.4500000e+03   1.8051435e+01
   3.4600000e+03   1.8019417e+01
   3.4700000e+03   1.8036545e+01
   3.4800000e+03   1.8016782e+01
   3.4900000e+03   1.8047274e+01
