   0.0000000e+00  -9.1430974e-03
   1.0000000e+01   4.1257321e-03
   2.0000000e+01   5.2100417e-03
   3.0000000e+01   1.6607533e-03
   4.0000000e+01  -7.0593078e-04
   5.0000000e+01  -7.6149563e-02
   6.0000000e+01  -1.3139512e-01
   7.0000000e+01  -1.7136160e-01
   8.0000000e+01  -2.1914652e-01
   9.0000000e+01  -2.4638619e-01
   1.0000000e+02  -3.0291664e-01
   1.1000000e+02  -3.4150503e-01
   1.2000000e+02  -3.9233548e-01
   1.3000000e+02  -4.4819006e-01
   1.4000000e+02  -5.0718445e-01
   1.5000000e+02  -5.4026548e-01
   1.6000000e+02  -5.9410796e-01
   1.7000000e+02  -6.2734869e-01
   1.8000000e+02  -6.4791688e-01
   1.9000000e+02  -7.0272306e-01
   2.0000000e+02  -6.9910711e-01
   2.1000000e+02  -7.7106347e-01
   2.2000000e+02  -7.7873966e-01
   2.3000000e+02  -8.0957225e-01
   2.4000000e+02  -8.2531336e-01
   2.5000000e+02  -8.3955191e-01
   2.6000000e+02  -8.7056928e-01
   2.7000000e+02  -8.9361750e-01
   2.8000000e+02  -9.0842692e-01
   2.9000000e+02  -9.4505687e-01
   3.0000000e+02  -9.2763550e-01
   3.1000000e+02  -9.5712558e-01
   3.2000000e+02  -9.6473657e-01
   3.3000000e+02  -1.0002298e+00
   3.4000000e+02  -9.9218358e-01
   3.5000000e+02  -1.0168209e+00
   3.6000000e+02  -1.0163534e+00
   3.7000000e+02  -1.0211364e+00
   3.8000000e+02  -1.0376465e+00
   3.9000000e+02  -1.0876004e+00
   4.0000000e+02  -1.0859329e+00
   4.1000000e+02  -1.0692158e+00
   4.2000000e+02  -1.0943900e+00
   4.3000000e+02  -1.0951054e+00
   4.4000000e+02  -1.0975404e+00
   4.5000000e+02  -1.1295481e+00
   4.6000000e+02  -1.1518828e+00
   4.7000000e+02  -1.1466518e+00
   4.8000000e+02  -1.1622918e+00
   4.9000000e+02  -1.1429065e+00
   5.0000000e+02  -1.1009919e+00
   5.1000000e+02  -1.1360437e+00
   5.2000000e+02  -1.1869250e+00
   5.3000000e+02  -1.1466583e+00
   5.4000000e+02  -1.1822463e+00
   5.5000000e+02  -1.1290192e+00
   5.6000000e+02  -1.1610503e+00
   5.7000000e+02  -1.2226620e+00
   5.8000000e+02  -1.2097684e+00
   5.9000000e+02  -1.2073959e+00
   6.0000000e+02  -1.1655272e+00
   6.1000000e+02  -1.2350349e+00
   6.2000000e+02  -1.2183340e+00
   6.3000000e+02  -1.1636864e+00
   6.4000000e+02  -1.1959639e+00
   6.5000000e+02  -1.2306168e+00
   6.6000000e+02  -1.1864965e+00
   6.7000000e+02  -1.1989983e+00
   6.8000000e+02  -1.1890712e+00
   6.9000000e+02  -1.2106585e+00
   7.0000000e+02  -1.2213165e+00
   7.1000000e+02  -1.2300692e+00
   7.2000000e+02  -1.1927568e+00
   7.3000000e+02  -1.2185827e+00
   7.4000000e+02  -1.1849584e+00
   7.5000000e+02  -1.1807271e+00
   7.6000000e+02  -1.2164216e+00
   7.7000000e+02  -1.1917494e+00
   7.8000000e+02  -1.2051326e+00
   7.9000000e+02  -1.1921819e+00
   8.0000000e+02  -1.1968154e+00
   8.1000000e+02  -1.1798102e+00
   8.2000000e+02  -1.2153292e+00
   8.3000000e+02  -1.2148146e+00
   8.4000000e+02  -1.1937512e+00
   8.5000000e+02  -1.1820622e+00
   8.6000000e+02  -1.2197759e+00
   8.7000000e+02  -1.2348227e+00
   8.8000000e+02  -1.2217049e+00
   8.9000000e+02  -1.2224614e+00
   9.0000000e+02  -1.1968095e+00
   9.1000000e+02  -1.2094205e+00
   9.2000000e+02  -1.2130470e+00
   9.3000000e+02  -1.2342271e+00
   9.4000000e+02  -1.2278154e+00
   9.5000000e+02  -1.2291305e+00
   9.6000000e+02  -1.2882344e+00
   9.7000000e+02  -1.2322212e+00
   9.8000000e+02  -1.2257090e+00
   9.9000000e+02  -1.2456053e+00
   1.0000000e+03  -1.2478163e+00
   1.0100000e+03  -1.2238022e+00
   1.0200000e+03  -1.2935768e+00
   1.0300000e+03  -1.2471344e+00
   1.0400000e+03  -1.2528726e+00
   1.0500000e+03  -1.2434961e+00
   1.0600000e+03  -1.2297841e+00
   1.0700000e+03  -1.3059126e+00
   1.0800000e+03  -1.2481484e+00
   1.0900000e+03  -1.2833743e+00
   1.1000000e+03  -1.2582254e+00
   1.1100000e+03  -1.2683871e+00
   1.1200000e+03  -1.2703068e+00
   1.1300000e+03  -1.2582395e+00
   1.1400000e+03  -1.3306380e+00
   1.1500000e+03  -1.2874921e+00
   1.1600000e+03  -1.2823798e+00
   1.1700000e+03  -1.2734550e+00
   1.1800000e+03  -1.2674339e+00
   1.1900000e+03  -1.2812764e+00
   1.2000000e+03  -1.2526390e+00
   1.2100000e+03  -1.2425929e+00
   1.2200000e+03  -1.2674387e+00
   1.2300000e+03  -1.2904348e+00
   1.2400000e+03  -1.2537409e+00
   1.2500000e+03  -1.3039887e+00
   1.2600000e+03  -1.2530088e+00
   1.2700000e+03  -1.2456281e+00
   1.2800000e+03  -1.2586427e+00
   1.2900000e+03  -1.2327536e+00
   1.3000000e+03  -1.2650136e+00
   1.3100000e+03  -1.2506758e+00
   1.3200000e+03  -1.2972711e+00
   1.3300000e+03  -1.2521504e+00
   1.3400000e+03  -1.2596962e+00
   1.3500000e+03  -1.2472198e+00
   1.3600000e+03  -1.2820378e+00
   1.3700000e+03  -1.3072703e+00
   1.3800000e+03  -1.2513428e+00
   1.3900000e+03  -1.2890265e+00
   1.4000000e+03  -1.2965752e+00
   1.4100000e+03  -1.2650870e+00
   1.4200000e+03  -1.2568896e+00
   1.4300000e+03  -1.2865254e+00
   1.4400000e+03  -1.2491425e+00
   1.4500000e+03  -1.2563331e+00
   1.4600000e+03  -1.2630049e+00
   1.4700000e+03  -1.2982565e+00
   1.4800000e+03  -1.2826244e+00
   1.4900000e+03  -1.2975422e+00
   1.5000000e+03  -1.2825611e+00
   1.5100000e+03  -1.2558705e+00
   1.5200000e+03  -1.3095796e+00
   1.5300000e+03  -1.2849618e+00
   1.5400000e+03  -1.2762474e+00
   1.5500000e+03  -1.2633473e+00
   1.5600000e+03  -1.3027160e+00
   1.5700000e+03  -1.2892224e+00
   1.5800000e+03  -1.2751441e+00
   1.5900000e+03  -1.3240660e+00
   1.6000000e+03  -1.3271473e+00
   1.6100000e+03  -1.3337921e+00
   1.6200000e+03  -1.2966986e+00
   1.6300000e+03  -1.3064499e+00
   1.6400000e+03  -1.2918716e+00
   1.6500000e+03  -1.3324303e+00
   1.6600000e+03  -1.2994097e+00
   1.6700000e+03  -1.3519605e+00
   1.6800000e+03  -1.3081412e+00
   1.6900000e+03  -1.3208942e+00
   1.7000000e+03  -1.3415484e+00
   1.7100000e+03  -1.3100231e+00
   1.7200000e+03  -1.3249362e+00
   1.7300000e+03  -1.3206668e+00
   1.7400000e+03  -1.3117858e+00
   1.7500000e+03  -1.3057419e+00
   1.7600000e+03  -1.3207289e+00
   1.7700000e+03  -1.3089320e+00
   1.7800000e+03  -1.3261091e+00
   1.7900000e+03  -1.3096111e+00
   1.8000000e+03  -1.2984655e+00
   1.8100000e+03  -1.3081662e+00
   1.8200000e+03  -1.2957041e+00
   1.8300000e+03  -1.3485462e+00
   1.8400000e+03  -1.2988062e+00
   1.8500000e+03  -1.2819649e+00
   1.8600000e+03  -1.3370264e+00
   1.8700000e+03  -1.2882779e+00
   1.8800000e+03  -1.2952171e+00
   1.8900000e+03  -1.2937937e+00
   1.9000000e+03  -1.3134262e+00
   1.9100000e+03  -1.3429178e+00
   1.9200000e+03  -1.3580421e+00
   1.9300000e+03  -1.3419508e+00
   1.9400000e+03  -1.2881357e+00
   1.9500000e+03  -1.3323732e+00
   1.9600000e+03  -1.2945361e+00
   1.9700000e+03  -1.2852462e+00
   1.9800000e+03  -1.3042079e+00
   1.9900000e+03  -1.3278355e+00
   2.0000000e+03  -1.3038626e+00
   2.0100000e+03  -1.3601115e+00
   2.0200000e+03  -1.3064090e+00
   2.0300000e+03  -1.3108230e+00
   2.0400000e+03  -1.3755596e+00
   2.0500000e+03  -1.3879792e+00
   2.0600000e+03  -1.3951432e+00
   2.0700000e+03  -1.3034473e+00
   2.0800000e+03  -1.2950397e+00
   2.0900000e+03  -1.2866340e+00
   2.1000000e+03  -1.3039853e+00
   2.1100000e+03  -1.3200555e+00
   2.1200000e+03  -1.3184659e+00
   2.1300000e+03  -1.3876026e+00
   2.1400000e+03  -1.3792633e+00
   2.1500000e+03  -1.3792868e+00
   2.1600000e+03  -1.3917795e+00
   2.1700000e+03  -1.3414306e+00
   2.1800000e+03  -1.3795957e+00
   2.1900000e+03  -1.3394680e+00
   2.2000000e+03  -1.3482179e+00
   2.2100000e+03  -1.3335430e+00
   2.2200000e+03  -1.3021290e+00
   2.2300000e+03  -1.2998729e+00
   2.2400000e+03  -1.2984010e+00
   2.2500000e+03  -1.2908394e+00
   2.2600000e+03  -1.2856756e+00
   2.2700000e+03  -1.2900550e+00
   2.2800000e+03  -1.3021053e+00
   2.2900000e+03  -1.2903617e+00
   2.3000000e+03  -1.2921589e+00
   2.3100000e+03  -1.2969827e+00
   2.3200000e+03  -1.2983095e+00
   2.3300000e+03  -1.3247111e+00
   2.3400000e+03  -1.3125645e+00
   2.3500000e+03  -1.2847598e+00
   2.3600000e+03  -1.3257896e+00
   2.3700000e+03  -1.3125560e+00
   2.3800000e+03  -1.2899489e+00
   2.3900000e+03  -1.2960455e+00
   2.4000000e+03  -1.3189797e+00
   2.4100000e+03  -1.3150623e+00
   2.4200000e+03  -1.2952989e+00
   2.4300000e+03  -1.3109815e+00
   2.4400000e+03  -1.2977845e+00
   2.4500000e+03  -1.2819071e+00
   2.4600000e+03  -1.2854974e+00
   2.4700000e+03  -1.2844418e+00
   2.4800000e+03  -1.2889919e+00
   2.4900000e+03  -1.2907042e+00
   2.5000000e+03  -1.2827982e+00
   2.5100000e+03  -1.2913344e+00
   2.5200000e+03  -1.2966059e+00
   2.5300000e+03  -1.3303993e+00
   2.5400000e+03  -1.2829153e+00
   2.5500000e+03  -1.3366545e+00
   2.5600000e+03  -1.3024672e+00
   2.5700000e+03  -1.3438759e+00
   2.5800000e+03  -1.2888256e+00
   2.5900000e+03  -1.3419362e+00
   2.6000000e+03  -1.3249189e+00
   2.6100000e+03  -1.3612046e+00
   2.6200000e+03  -1.3178430e+00
   2.6300000e+03  -1.3226863e+00
   2.6400000e+03  -1.3031893e+00
   2.6500000e+03  -1.3202560e+00
   2.6600000e+03  -1.2913853e+00
   2.6700000e+03  -1.3367915e+00
   2.6800000e+03  -1.2883387e+00
   2.6900000e+03  -1.2989256e+00
   2.7000000e+03  -1.2999759e+00
   2.7100000e+03  -1.3159556e+00
   2.7200000e+03  -1.3137974e+00
   2.7300000e+03  -1.3326778e+00
   2.7400000e+03  -1.3325095e+00
   2.7500000e+03  -1.3327556e+00
   2.7600000e+03  -1.3224353e+00
   2.7700000e+03  -1.3113238e+00
   2.7800000e+03  -1.3302912e+00
   2.7900000e+03  -1.3071065e+00
   2.8000000e+03  -1.2850396e+00
   2.8100000e+03  -1.2960393e+00
   2.8200000e+03  -1.3111450e+00
   2.8300000e+03  -1.2964732e+00
   2.8400000e+03  -1.2898625e+00
   2.8500000e+03  -1.3041892e+00
   2.8600000e+03  -1.3175177e+00
   2.8700000e+03  -1.2935099e+00
   2.8800000e+03  -1.2871437e+00
   2.8900000e+03  -1.3763765e+00
   2.9000000e+03  -1.2899493e+00
   2.9100000e+03  -1.3067992e+00
   2.9200000e+03  -1.3119404e+00
   2.9300000e+03  -1.3373038e+00
   2.9400000e+03  -1.2871781e+00
   2.9500000e+03  -1.3183921e+00
   2.9600000e+03  -1.3122070e+00
   2.9700000e+03  -1.2798549e+00
   2.9800000e+03  -1.3110935e+00
   2.9900000e+03  -1.3105963e+00
   3.0000000e+03  -1.3048502e+00
   3.0100000e+03  -1.3073600e+00
   3.0200000e+03  -1.3013000e+00
   3.0300000e+03  -1.3292491e+00
   3.0400000e+03  -1.2891486e+00
   3.0500000e+03  -1.2915513e+00
   3.0600000e+03  -1.2827287e+00
   3.0700000e+03  -1.3123907e+00
   3.0800000e+03  -1.2987901e+00
   3.0900000e+03  -1.3050158e+00
   3.1000000e+03  -1.2732902e+00
   3.1100000e+03  -1.3151942e+00
   3.1200000e+03  -1.2875553e+00
   3.1300000e+03  -1.2942140e+00
   3.1400000e+03  -1.2918510e+00
   3.1500000e+03  -1.2988423e+00
   3.1600000e+03  -1.2765838e+00
   3.1700000e+03  -1.2959802e+00
   3.1800000e+03  -1.3203297e+00
   3.1900000e+03  -1.2967019e+00
   3.2000000e+03  -1.3127516e+00
   3.2100000e+03  -1.2876042e+00
   3.2200000e+03  -1.2954042e+00
   3.2300000e+03  -1.3072664e+00
   3.2400000e+03  -1.3266752e+00
   3.2500000e+03  -1.3258743e+00
   3.2600000e+03  -1.3062451e+00
   3.2700000e+03  -1.3155391e+00
   3.2800000e+03  -1.2984709e+00
   3.2900000e+03  -1.2996916e+00
   3.3000000e+03  -1.2968617e+00
   3.3100000e+03  -1.3159561e+00
   3.3200000e+03  -1.2924840e+00
   3.3300000e+03  -1.3112762e+00
   3.3400000e+03  -1.3581205e+00
   3.3500000e+03  -1.2740513e+00
   3.3600000e+03  -1.3189535e+00
   3.3700000e+03  -1.2698731e+00
   3.3800000e+03  -1.2730956e+00
   3.3900000e+03  -1.3052030e+00
   3.4000000e+03  -1.2785973e+00
   3.4100000e+03  -1.2563311e+00
   3.4200000e+03  -1.3062487e+00
   3.4300000e+03  -1.2965998e+00
   3.4400000e+03  -1.2704848e+00
   3.4500000e+03  -1.2644266e+00
   3.4600000e+03  -1.2616341e+00
   3.4700000e+03  -1.2651623e+00
   3.4800000e+03  -1.2747242e+00
   3.4900000e+03  -1.2774182e+00
