   0.0000000e+00   1.7594138e-03
   1.0000000e+01   1.3875831e-02
   2.0000000e+01   7.7324676e-03
   3.0000000e+01   1.5489045e-02
   4.0000000e+01   2.6736168e-03
   5.0000000e+01  -6.9264804e-03
   6.0000000e+01  -4.4956367e-03
   7.0000000e+01  -9.0023250e-03
   8.0000000e+01   2.9108791e-03
   9.0000000e+01  -5.7015917e-04
   1.0000000e+02   1.5507980e-02
   1.1000000e+02   2.8514018e-02
   1.2000000e+02   2.6316123e-02
   1.3000000e+02   5.4133512e-02
   1.4000000e+02   9.8174516e-02
   1.5000000e+02   1.1409135e-01
   1.6000000e+02   1.1570822e-01
   1.7000000e+02   1.2375980e-01
   1.8000000e+02   1.2201369e-01
   1.9000000e+02   1.2639015e-01
   2.0000000e+02   1.2754701e-01
   2.1000000e+02   1.3186477e-01
   2.2000000e+02   1.1561227e-01
   2.3000000e+02   1.2276972e-01
   2.4000000e+02   1.2945437e-01
   2.5000000e+02   1.2665813e-01
   2.6000000e+02   1.3671850e-01
   2.7000000e+02   1.2166460e-01
   2.8000000e+02   1.3754818e-01
   2.9000000e+02   1.1483596e-01
   3.0000000e+02   1.3269430e-01
   3.1000000e+02   1.2226529e-01
   3.2000000e+02   1.1575615e-01
   3.3000000e+02   1.2056793e-01
   3.4000000e+02   1.1913912e-01
   3.5000000e+02   1.2608157e-01
   3.6000000e+02   1.1267378e-01
   3.7000000e+02   1.2457857e-01
   3.8000000e+02   1.1879125e-01
   3.9000000e+02   1.2303770e-01
   4.0000000e+02   1.1275624e-01
   4.1000000e+02   1.1122238e-01
   4.2000000e+02   1.1938495e-01
   4.3000000e+02   1.0661412e-01
   4.4000000e+02   9.9991278e-02
   4.5000000e+02   1.0456762e-01
   4.6000000e+02   1.0724937e-01
   4.7000000e+02   9.1841912e-02
   4.8000000e+02   1.0547326e-01
   4.9000000e+02   1.0477546e-01
   5.0000000e+02   1.0914534e-01
   5.1000000e+02   1.0196606e-01
   5.2000000e+02   8.8529550e-02
   5.3000000e+02   9.8701564e-02
   5.4000000e+02   9.8134669e-02
   5.5000000e+02   1.0228544e-01
   5.6000000e+02   8.9291747e-02
   5.7000000e+02   9.4530723e-02
   5.8000000e+02   9.6094541e-02
   5.9000000e+02   9.2345991e-02
   6.0000000e+02   8.4187975e-02
   6.1000000e+02   8.3971401e-02
   6.2000000e+02   9.3543961e-02
   6.3000000e+02   8.4183881e-02
   6.4000000e+02   8.8208283e-02
   6.5000000e+02   9.1870055e-02
   6.6000000e+02   8.5686825e-02
   6.7000000e+02   8.8951692e-02
   6.8000000e+02   8.5654969e-02
   6.9000000e+02   9.6788879e-02
   7.0000000e+02   1.0366555e-01
   7.1000000e+02   9.3934272e-02
   7.2000000e+02   7.0856510e-02
   7.3000000e+02   8.1894520e-02
   7.4000000e+02   8.3138099e-02
   7.5000000e+02   8.4095215e-02
   7.6000000e+02   9.2921302e-02
   7.7000000e+02   8.7447409e-02
   7.8000000e+02   8.1213833e-02
   7.9000000e+02   8.2555487e-02
   8.0000000e+02   8.8701942e-02
   8.1000000e+02   8.1438617e-02
   8.2000000e+02   8.7947744e-02
   8.3000000e+02   9.4001786e-02
   8.4000000e+02   7.6978537e-02
   8.5000000e+02   8.2838692e-02
   8.6000000e+02   9.9762397e-02
   8.7000000e+02   9.4689544e-02
   8.8000000e+02   8.2037849e-02
   8.9000000e+02   7.9467086e-02
   9.0000000e+02   7.4305375e-02
   9.1000000e+02   8.7516086e-02
   9.2000000e+02   7.8822484e-02
   9.3000000e+02   7.6893733e-02
   9.4000000e+02   7.4799964e-02
   9.5000000e+02   8.0056617e-02
   9.6000000e+02   9.2221298e-02
   9.7000000e+02   8.4583155e-02
   9.8000000e+02   8.3341649e-02
   9.9000000e+02   8.7603057e-02
   1.0000000e+03   7.5167482e-02
   1.0100000e+03   7.7019294e-02
   1.0200000e+03   7.8035203e-02
   1.0300000e+03   7.6240773e-02
   1.0400000e+03   7.1928081e-02
   1.0500000e+03   8.8207048e-02
   1.0600000e+03   7.7104127e-02
   1.0700000e+03   7.1803176e-02
   1.0800000e+03   8.5955418e-02
   1.0900000e+03   8.4828517e-02
   1.1000000e+03   6.8295420e-02
   1.1100000e+03   6.5788773e-02
   1.1200000e+03   7.3083847e-02
   1.1300000e+03   7.6884999e-02
   1.1400000e+03   7.1078508e-02
   1.1500000e+03   7.2517370e-02
   1.1600000e+03   8.3656231e-02
   1.1700000e+03   7.6152486e-02
   1.1800000e+03   7.3464787e-02
   1.1900000e+03   7.8257924e-02
   1.2000000e+03   7.3637421e-02
   1.2100000e+03   7.5975975e-02
   1.2200000e+03   7.6334259e-02
   1.2300000e+03   6.4659065e-02
   1.2400000e+03   8.2165989e-02
   1.2500000e+03   7.2010469e-02
   1.2600000e+03   7.4626144e-02
   1.2700000e+03   7.9387382e-02
   1.2800000e+03   7.6471299e-02
   1.2900000e+03   7.2598151e-02
   1.3000000e+03   6.6998786e-02
   1.3100000e+03   6.5888579e-02
   1.3200000e+03   7.3441672e-02
   1.3300000e+03   7.4226290e-02
   1.3400000e+03   7.4400338e-02
   1.3500000e+03   6.8594457e-02
   1.3600000e+03   7.3925210e-02
   1.3700000e+03   6.0905530e-02
   1.3800000e+03   8.4338700e-02
   1.3900000e+03   6.9841044e-02
   1.4000000e+03   7.2584214e-02
   1.4100000e+03   6.0267496e-02
   1.4200000e+03   7.6763861e-02
   1.4300000e+03   8.1157091e-02
   1.4400000e+03   6.9161622e-02
   1.4500000e+03   6.7892747e-02
   1.4600000e+03   6.7577662e-02
   1.4700000e+03   6.2814905e-02
   1.4800000e+03   7.1853200e-02
   1.4900000e+03   6.7901199e-02
   1.5000000e+03   5.7787911e-02
   1.5100000e+03   5.3991739e-02
   1.5200000e+03   5.9014803e-02
   1.5300000e+03   7.1699784e-02
   1.5400000e+03   6.2731178e-02
   1.5500000e+03   7.0526584e-02
   1.5600000e+03   5.7720723e-02
   1.5700000e+03   5.7882920e-02
   1.5800000e+03   5.7053231e-02
   1.5900000e+03   6.3122491e-02
   1.6000000e+03   6.3466007e-02
   1.6100000e+03   5.0246933e-02
   1.6200000e+03   5.9797579e-02
   1.6300000e+03   5.0406377e-02
   1.6400000e+03   5.9270435e-02
   1.6500000e+03   5.6883123e-02
   1.6600000e+03   6.6058733e-02
   1.6700000e+03   5.2919311e-02
   1.6800000e+03   6.6415537e-02
   1.6900000e+03   6.0833167e-02
   1.7000000e+03   6.1593385e-02
   1.7100000e+03   6.1425292e-02
   1.7200000e+03   6.4903857e-02
   1.7300000e+03   6.3985600e-02
   1.7400000e+03   6.1948194e-02
   1.7500000e+03   5.3577857e-02
   1.7600000e+03   6.2073329e-02
   1.7700000e+03   6.8082541e-02
   1.7800000e+03   4.8804351e-02
   1.7900000e+03   5.5185723e-02
   1.8000000e+03   5.7748916e-02
   1.8100000e+03   6.2760220e-02
   1.8200000e+03   5.2171046e-02
   1.8300000e+03   4.3839053e-02
   1.8400000e+03   4.7677365e-02
   1.8500000e+03   4.3507243e-02
   1.8600000e+03   4.5504667e-02
   1.8700000e+03   4.8147460e-02
   1.8800000e+03   4.5204502e-02
   1.8900000e+03   4.8661136e-02
   1.9000000e+03   4.6557483e-02
   1.9100000e+03   4.1023471e-02
   1.9200000e+03   4.9055292e-02
   1.9300000e+03   3.5280777e-02
   1.9400000e+03   4.6949690e-02
   1.9500000e+03   3.4090843e-02
   1.9600000e+03   4.7677219e-02
   1.9700000e+03   4.0391486e-02
   1.9800000e+03   4.4964726e-02
   1.9900000e+03   3.9933330e-02
   2.0000000e+03   4.6146894e-02
   2.0100000e+03   4.8516863e-02
   2.0200000e+03   3.5852168e-02
   2.0300000e+03   4.0555828e-02
   2.0400000e+03   4.1854606e-02
   2.0500000e+03   3.9090459e-02
   2.0600000e+03   4.7816081e-02
   2.0700000e+03   4.6552159e-02
   2.0800000e+03   3.9082730e-02
   2.0900000e+03   2.7359283e-02
   2.1000000e+03   3.3973715e-02
   2.1100000e+03   2.9111092e-02
   2.1200000e+03   2.2674795e-02
   2.1300000e+03   3.9409222e-02
   2.1400000e+03   3.3932522e-02
   2.1500000e+03   3.2783433e-02
   2.1600000e+03   3.5799224e-02
   2.1700000e+03   3.9282023e-02
   2.1800000e+03   2.9869819e-02
   2.1900000e+03   2.9693010e-02
   2.2000000e+03   4.5101501e-02
   2.2100000e+03   3.1124071e-02
   2.2200000e+03   3.9995954e-02
   2.2300000e+03   2.8987504e-02
   2.2400000e+03   3.5201783e-02
   2.2500000e+03   3.9482925e-02
   2.2600000e+03   4.7684058e-02
   2.2700000e+03   3.0880762e-02
   2.2800000e+03   3.1708906e-02
   2.2900000e+03   2.6862250e-02
   2.3000000e+03   2.6231440e-02
   2.3100000e+03   4.6488557e-02
   2.3200000e+03   2.7612065e-02
   2.3300000e+03   3.3403359e-02
   2.3400000e+03   2.4057915e-02
   2.3500000e+03   3.2580636e-02
   2.3600000e+03   4.0315152e-02
   2.3700000e+03   3.8848070e-02
   2.3800000e+03   3.6513666e-02
   2.3900000e+03   2.5490043e-02
   2.4000000e+03   2.4716579e-02
   2.4100000e+03   4.0449603e-02
   2.4200000e+03   3.7135979e-02
   2.4300000e+03   3.4314717e-02
   2.4400000e+03   2.9182650e-02
   2.4500000e+03   4.0697235e-02
   2.4600000e+03   2.5327848e-02
   2.4700000e+03   2.5406440e-02
   2.4800000e+03   1.6974186e-02
   2.4900000e+03   3.5762854e-02
   2.5000000e+03   2.7397092e-02
   2.5100000e+03   3.2234914e-02
   2.5200000e+03   4.7475763e-02
   2.5300000e+03   2.2580842e-02
   2.5400000e+03   3.3172590e-02
   2.5500000e+03   2.8079034e-02
   2.5600000e+03   1.8711091e-02
   2.5700000e+03   2.6270384e-02
   2.5800000e+03   3.4678901e-02
   2.5900000e+03   2.5397685e-02
   2.6000000e+03   2.8674798e-02
   2.6100000e+03   2.2216916e-02
   2.6200000e+03   3.0393454e-02
   2.6300000e+03   2.7906648e-02
   2.6400000e+03   1.4792115e-02
   2.6500000e+03   3.7460293e-02
   2.6600000e+03   1.2978591e-02
   2.6700000e+03   2.2417768e-02
   2.6800000e+03   2.7656348e-02
   2.6900000e+03   1.3243769e-02
   2.7000000e+03   2.7159026e-02
   2.7100000e+03   2.5187579e-02
   2.7200000e+03   2.6929592e-02
   2.7300000e+03   1.8383140e-02
   2.7400000e+03   2.8003516e-02
   2.7500000e+03   2.8972805e-02
   2.7600000e+03   1.3269863e-02
   2.7700000e+03   2.4581258e-02
   2.7800000e+03   1.2464235e-02
   2.7900000e+03   1.9865899e-02
   2.8000000e+03   1.5821078e-02
   2.8100000e+03   1.2508313e-02
   2.8200000e+03   7.8157649e-03
   2.8300000e+03   1.7347132e-02
   2.8400000e+03   2.7340154e-02
   2.8500000e+03   3.2153117e-02
   2.8600000e+03   1.1576507e-02
   2.8700000e+03   2.1804202e-02
   2.8800000e+03   1.8815474e-02
   2.8900000e+03   8.1652699e-03
   2.9000000e+03   2.2932803e-02
   2.9100000e+03   1.5118824e-02
   2.9200000e+03   2.5007578e-02
   2.9300000e+03   1.9746683e-02
   2.9400000e+03   2.0588806e-02
   2.9500000e+03   1.7893715e-02
   2.9600000e+03   4.7951752e-03
   2.9700000e+03   1.3510954e-02
   2.9800000e+03   2.3840975e-02
   2.9900000e+03   2.5621929e-02
   3.0000000e+03   7.3130600e-03
   3.0100000e+03   9.3134223e-03
   3.0200000e+03   5.6112125e-03
   3.0300000e+03   2.0284986e-02
   3.0400000e+03   1.7822282e-02
   3.0500000e+03   1.8068124e-02
   3.0600000e+03   7.5101265e-03
   3.0700000e+03   1.6511713e-02
   3.0800000e+03   9.7333972e-03
   3.0900000e+03  -2.7068859e-03
   3.1000000e+03   8.1434803e-03
   3.1100000e+03   1.2056546e-02
   3.1200000e+03   2.0325959e-02
   3.1300000e+03   6.3934853e-03
   3.1400000e+03   1.3734597e-02
   3.1500000e+03   1.3908694e-02
   3.1600000e+03   1.4789536e-02
   3.1700000e+03   1.2976958e-02
   3.1800000e+03   2.0338583e-03
   3.1900000e+03   6.0108676e-03
   3.2000000e+03   6.2105549e-03
   3.2100000e+03   2.0644463e-02
   3.2200000e+03   8.5050051e-03
   3.2300000e+03   2.1805716e-03
   3.2400000e+03   1.0812260e-02
   3.2500000e+03  -3.7334865e-04
   3.2600000e+03   3.4249928e-03
   3.2700000e+03   2.3981732e-03
   3.2800000e+03  -1.7480079e-03
   3.2900000e+03   3.6855319e-03
   3.3000000e+03   1.7576524e-02
   3.3100000e+03   1.0643078e-02
   3.3200000e+03   9.0244621e-03
   3.3300000e+03   8.7683959e-03
   3.3400000e+03   9.5195820e-03
   3.3500000e+03   1.0010929e-02
   3.3600000e+03  -1.3345880e-04
   3.3700000e+03   1.2477882e-02
   3.3800000e+03   1.7366288e-02
   3.3900000e+03   5.5079810e-03
   3.4000000e+03   1.4203745e-02
   3.4100000e+03   6.8190813e-03
   3.4200000e+03   4.6725708e-03
   3.4300000e+03   5.6177305e-03
   3.4400000e+03   3.7117415e-03
   3.4500000e+03  -2.1702875e-04
   3.4600000e+03   5.8725819e-03
   3.4700000e+03  -5.3127780e-03
   3.4800000e+03  -2.3446910e-03
   3.4900000e+03  -2.9963616e-03
