   0.0000000e+00   1.8277099e+01
   1.0000000e+01   1.8283643e+01
   2.0000000e+01   1.8285158e+01
   3.0000000e+01   1.8302191e+01
   4.0000000e+01   1.8287293e+01
   5.0000000e+01   1.8266561e+01
   6.0000000e+01   1.8262030e+01
   7.0000000e+01   1.8258221e+01
   8.0000000e+01   1.8244841e+01
   9.0000000e+01   1.8229993e+01
   1.0000000e+02   1.7992453e+01
   1.1000000e+02   1.7749708e+01
   1.2000000e+02   1.7630293e+01
   1.3000000e+02   1.7326608e+01
   1.4000000e+02   1.6942011e+01
   1.5000000e+02   1.6572825e+01
   1.6000000e+02   1.6372551e+01
   1.7000000e+02   1.6208435e+01
   1.8000000e+02   1.6022402e+01
   1.9000000e+02   1.5860838e+01
   2.0000000e+02   1.5596767e+01
   2.1000000e+02   1.5570637e+01
   2.2000000e+02   1.5472985e+01
   2.3000000e+02   1.5337628e+01
   2.4000000e+02   1.5228992e+01
   2.5000000e+02   1.5140847e+01
   2.6000000e+02   1.5112324e+01
   2.7000000e+02   1.4965837e+01
   2.8000000e+02   1.4872905e+01
   2.9000000e+02   1.4796876e+01
   3.0000000e+02   1.4832918e+01
   3.1000000e+02   1.4607524e+01
   3.2000000e+02   1.4636127e+01
   3.3000000e+02   1.4460650e+01
   3.4000000e+02   1.4434090e+01
   3.5000000e+02   1.4392423e+01
   3.6000000e+02   1.4352456e+01
   3.7000000e+02   1.4295285e+01
   3.8000000e+02   1.4237592e+01
   3.9000000e+02   1.4174600e+01
   4.0000000e+02   1.4153121e+01
   4.1000000e+02   1.4082001e+01
   4.2000000e+02   1.4096237e+01
   4.3000000e+02   1.4038516e+01
   4.4000000e+02   1.4008136e+01
   4.5000000e+02   1.3969902e+01
   4.6000000e+02   1.4020534e+01
   4.7000000e+02   1.3917574e+01
   4.8000000e+02   1.3901454e+01
   4.9000000e+02   1.3863281e+01
   5.0000000e+02   1.3795975e+01
   5.1000000e+02   1.3810886e+01
   5.2000000e+02   1.3762728e+01
   5.3000000e+02   1.3777120e+01
   5.4000000e+02   1.3739076e+01
   5.5000000e+02   1.3715772e+01
   5.6000000e+02   1.3692264e+01
   5.7000000e+02   1.3677267e+01
   5.8000000e+02   1.3653463e+01
   5.9000000e+02   1.3637365e+01
   6.0000000e+02   1.3611490e+01
   6.1000000e+02   1.3601263e+01
   6.2000000e+02   1.3591543e+01
   6.3000000e+02   1.3543743e+01
   6.4000000e+02   1.3546383e+01
   6.5000000e+02   1.3532130e+01
   6.6000000e+02   1.3505441e+01
   6.7000000e+02   1.3521986e+01
   6.8000000e+02   1.3483525e+01
   6.9000000e+02   1.3482821e+01
   7.0000000e+02   1.3480640e+01
   7.1000000e+02   1.3472507e+01
   7.2000000e+02   1.3431430e+01
   7.3000000e+02   1.3432724e+01
   7.4000000e+02   1.3425823e+01
   7.5000000e+02   1.3417005e+01
   7.6000000e+02   1.3413287e+01
   7.7000000e+02   1.3407796e+01
   7.8000000e+02   1.3375932e+01
   7.9000000e+02   1.3366801e+01
   8.0000000e+02   1.3348054e+01
   8.1000000e+02   1.3374527e+01
   8.2000000e+02   1.3358241e+01
   8.3000000e+02   1.3341497e+01
   8.4000000e+02   1.3317201e+01
   8.5000000e+02   1.3325641e+01
   8.6000000e+02   1.3331677e+01
   8.7000000e+02   1.3322163e+01
   8.8000000e+02   1.3326235e+01
   8.9000000e+02   1.3295017e+01
   9.0000000e+02   1.3288208e+01
   9.1000000e+02   1.3296107e+01
   9.2000000e+02   1.3273647e+01
   9.3000000e+02   1.3286847e+01
   9.4000000e+02   1.3273104e+01
   9.5000000e+02   1.3369416e+01
   9.6000000e+02   1.3272887e+01
   9.7000000e+02   1.3255444e+01
   9.8000000e+02   1.3268635e+01
   9.9000000e+02   1.3250092e+01
   1.0000000e+03   1.3246463e+01
   1.0100000e+03   1.3239240e+01
   1.0200000e+03   1.3226754e+01
   1.0300000e+03   1.3177220e+01
   1.0400000e+03   1.3212710e+01
   1.0500000e+03   1.3229742e+01
   1.0600000e+03   1.3232340e+01
   1.0700000e+03   1.3218639e+01
   1.0800000e+03   1.3225853e+01
   1.0900000e+03   1.3233570e+01
   1.1000000e+03   1.3219311e+01
   1.1100000e+03   1.3202592e+01
   1.1200000e+03   1.3189188e+01
   1.1300000e+03   1.3196029e+01
   1.1400000e+03   1.3181354e+01
   1.1500000e+03   1.3200728e+01
   1.1600000e+03   1.3188618e+01
   1.1700000e+03   1.3181788e+01
   1.1800000e+03   1.3183283e+01
   1.1900000e+03   1.3177148e+01
   1.2000000e+03   1.3177402e+01
   1.2100000e+03   1.3226551e+01
   1.2200000e+03   1.3180573e+01
   1.2300000e+03   1.3108316e+01
   1.2400000e+03   1.3137758e+01
   1.2500000e+03   1.3171811e+01
   1.2600000e+03   1.3166053e+01
   1.2700000e+03   1.3169666e+01
   1.2800000e+03   1.3168137e+01
   1.2900000e+03   1.3162854e+01
   1.3000000e+03   1.3149784e+01
   1.3100000e+03   1.3167299e+01
   1.3200000e+03   1.3167891e+01
   1.3300000e+03   1.3166583e+01
   1.3400000e+03   1.3172812e+01
   1.3500000e+03   1.3153947e+01
   1.3600000e+03   1.3144392e+01
   1.3700000e+03   1.3112467e+01
   1.3800000e+03   1.3163922e+01
   1.3900000e+03   1.3145883e+01
   1.4000000e+03   1.3152128e+01
   1.4100000e+03   1.3126264e+01
   1.4200000e+03   1.3122091e+01
   1.4300000e+03   1.3150950e+01
   1.4400000e+03   1.3148694e+01
   1.4500000e+03   1.3154407e+01
   1.4600000e+03   1.3142913e+01
   1.4700000e+03   1.3145586e+01
   1.4800000e+03   1.3132999e+01
   1.4900000e+03   1.3132759e+01
   1.5000000e+03   1.3120982e+01
   1.5100000e+03   1.3110420e+01
   1.5200000e+03   1.3107776e+01
   1.5300000e+03   1.3154268e+01
   1.5400000e+03   1.3128736e+01
   1.5500000e+03   1.3117696e+01
   1.5600000e+03   1.3104381e+01
   1.5700000e+03   1.3110366e+01
   1.5800000e+03   1.3104876e+01
   1.5900000e+03   1.3121444e+01
   1.6000000e+03   1.3101530e+01
   1.6100000e+03   1.3101074e+01
   1.6200000e+03   1.3093425e+01
   1.6300000e+03   1.3102398e+01
   1.6400000e+03   1.3097320e+01
   1.6500000e+03   1.3088172e+01
   1.6600000e+03   1.3097844e+01
   1.6700000e+03   1.3096304e+01
   1.6800000e+03   1.3099832e+01
   1.6900000e+03   1.3102614e+01
   1.7000000e+03   1.3094062e+01
   1.7100000e+03   1.3099250e+01
   1.7200000e+03   1.3098315e+01
   1.7300000e+03   1.3096928e+01
   1.7400000e+03   1.3109089e+01
   1.7500000e+03   1.3089047e+01
   1.7600000e+03   1.3097571e+01
   1.7700000e+03   1.3092656e+01
   1.7800000e+03   1.3091011e+01
   1.7900000e+03   1.3094852e+01
   1.8000000e+03   1.3104410e+01
   1.8100000e+03   1.3065426e+01
   1.8200000e+03   1.3069472e+01
   1.8300000e+03   1.3084864e+01
   1.8400000e+03   1.3084291e+01
   1.8500000e+03   1.3080573e+01
   1.8600000e+03   1.3084672e+01
   1.8700000e+03   1.3085694e+01
   1.8800000e+03   1.3064577e+01
   1.8900000e+03   1.3072936e+01
   1.9000000e+03   1.3066866e+01
   1.9100000e+03   1.3056656e+01
   1.9200000e+03   1.3082181e+01
   1.9300000e+03   1.3060908e+01
   1.9400000e+03   1.3082629e+01
   1.9500000e+03   1.3065070e+01
   1.9600000e+03   1.3072182e+01
   1.9700000e+03   1.3077446e+01
   1.9800000e+03   1.3076213e+01
   1.9900000e+03   1.3071863e+01
   2.0000000e+03   1.3067386e+01
   2.0100000e+03   1.3076983e+01
   2.0200000e+03   1.3055193e+01
   2.0300000e+03   1.3063406e+01
   2.0400000e+03   1.3060983e+01
   2.0500000e+03   1.3064963e+01
   2.0600000e+03   1.3069294e+01
   2.0700000e+03   1.3073149e+01
   2.0800000e+03   1.3077996e+01
   2.0900000e+03   1.3049699e+01
   2.1000000e+03   1.3056569e+01
   2.1100000e+03   1.3051923e+01
   2.1200000e+03   1.3067820e+01
   2.1300000e+03   1.3058530e+01
   2.1400000e+03   1.3047213e+01
   2.1500000e+03   1.3067950e+01
   2.1600000e+03   1.3072839e+01
   2.1700000e+03   1.3057936e+01
   2.1800000e+03   1.3061999e+01
   2.1900000e+03   1.3042959e+01
   2.2000000e+03   1.3067269e+01
   2.2100000e+03   1.3045559e+01
   2.2200000e+03   1.3070529e+01
   2.2300000e+03   1.3064840e+01
   2.2400000e+03   1.3052678e+01
   2.2500000e+03   1.3046494e+01
   2.2600000e+03   1.3074517e+01
   2.2700000e+03   1.3045082e+01
   2.2800000e+03   1.3095281e+01
   2.2900000e+03   1.3041516e+01
   2.3000000e+03   1.3061841e+01
   2.3100000e+03   1.3067263e+01
   2.3200000e+03   1.3066487e+01
   2.3300000e+03   1.3063449e+01
   2.3400000e+03   1.3064784e+01
   2.3500000e+03   1.3059363e+01
   2.3600000e+03   1.3091575e+01
   2.3700000e+03   1.3070775e+01
   2.3800000e+03   1.3062843e+01
   2.3900000e+03   1.3051783e+01
   2.4000000e+03   1.3054034e+01
   2.4100000e+03   1.3060272e+01
   2.4200000e+03   1.3046701e+01
   2.4300000e+03   1.3045267e+01
   2.4400000e+03   1.3059679e+01
   2.4500000e+03   1.3060521e+01
   2.4600000e+03   1.3055812e+01
   2.4700000e+03   1.3045411e+01
   2.4800000e+03   1.3086552e+01
   2.4900000e+03   1.3045090e+01
   2.5000000e+03   1.3061381e+01
   2.5100000e+03   1.3055989e+01
   2.5200000e+03   1.3053816e+01
   2.5300000e+03   1.3049562e+01
   2.5400000e+03   1.3047847e+01
   2.5500000e+03   1.3055778e+01
   2.5600000e+03   1.3048008e+01
   2.5700000e+03   1.3049538e+01
   2.5800000e+03   1.3045400e+01
   2.5900000e+03   1.3043306e+01
   2.6000000e+03   1.3072676e+01
   2.6100000e+03   1.3042677e+01
   2.6200000e+03   1.3049716e+01
   2.6300000e+03   1.3039303e+01
   2.6400000e+03   1.3047103e+01
   2.6500000e+03   1.3060300e+01
   2.6600000e+03   1.3048078e+01
   2.6700000e+03   1.3049631e+01
   2.6800000e+03   1.3046504e+01
   2.6900000e+03   1.3035303e+01
   2.7000000e+03   1.2981032e+01
   2.7100000e+03   1.3042164e+01
   2.7200000e+03   1.3050898e+01
   2.7300000e+03   1.3030912e+01
   2.7400000e+03   1.3055702e+01
   2.7500000e+03   1.3048990e+01
   2.7600000e+03   1.3034631e+01
   2.7700000e+03   1.3018268e+01
   2.7800000e+03   1.3022179e+01
   2.7900000e+03   1.3024482e+01
   2.8000000e+03   1.3054423e+01
   2.8100000e+03   1.3038757e+01
   2.8200000e+03   1.3005405e+01
   2.8300000e+03   1.3023352e+01
   2.8400000e+03   1.2962350e+01
   2.8500000e+03   1.3037277e+01
   2.8600000e+03   1.3015000e+01
   2.8700000e+03   1.3026427e+01
   2.8800000e+03   1.3021332e+01
   2.8900000e+03   1.3016235e+01
   2.9000000e+03   1.3035244e+01
   2.9100000e+03   1.3015061e+01
   2.9200000e+03   1.3019628e+01
   2.9300000e+03   1.2954265e+01
   2.9400000e+03   1.3011002e+01
   2.9500000e+03   1.3008531e+01
   2.9600000e+03   1.3022402e+01
   2.9700000e+03   1.3025325e+01
   2.9800000e+03   1.3039416e+01
   2.9900000e+03   1.3009764e+01
   3.0000000e+03   1.3010722e+01
   3.0100000e+03   1.3007140e+01
   3.0200000e+03   1.3017864e+01
   3.0300000e+03   1.2995094e+01
   3.0400000e+03   1.3016843e+01
   3.0500000e+03   1.3028500e+01
   3.0600000e+03   1.3017208e+01
   3.0700000e+03   1.3016925e+01
   3.0800000e+03   1.3021767e+01
   3.0900000e+03   1.3000669e+01
   3.1000000e+03   1.3022035e+01
   3.1100000e+03   1.3000811e+01
   3.1200000e+03   1.3025642e+01
   3.1300000e+03   1.3012827e+01
   3.1400000e+03   1.3009946e+01
   3.1500000e+03   1.3015710e+01
   3.1600000e+03   1.2996101e+01
   3.1700000e+03   1.3005460e+01
   3.1800000e+03   1.2993548e+01
   3.1900000e+03   1.3019895e+01
   3.2000000e+03   1.3006356e+01
   3.2100000e+03   1.3003839e+01
   3.2200000e+03   1.3004233e+01
   3.2300000e+03   1.2992764e+01
   3.2400000e+03   1.3010740e+01
   3.2500000e+03   1.2994859e+01
   3.2600000e+03   1.2995876e+01
   3.2700000e+03   1.2998572e+01
   3.2800000e+03   1.2980206e+01
   3.2900000e+03   1.2992178e+01
   3.3000000e+03   1.2997500e+01
   3.3100000e+03   1.2998228e+01
   3.3200000e+03   1.2995207e+01
   3.3300000e+03   1.3007059e+01
   3.3400000e+03   1.3010608e+01
   3.3500000e+03   1.3015060e+01
   3.3600000e+03   1.2988113e+01
   3.3700000e+03   1.3010549e+01
   3.3800000e+03   1.3001481e+01
   3.3900000e+03   1.2989116e+01
   3.4000000e+03   1.2999006e+01
   3.4100000e+03   1.2997418e+01
   3.4200000e+03   1.2992703e+01
   3.4300000e+03   1.2991555e+01
   3.4400000e+03   1.2996164e+01
   3.4500000e+03   1.2995948e+01
   3.4600000e+03   1.3013935e+01
   3.4700000e+03   1.3000383e+01
   3.4800000e+03   1.2998703e+01
   3.4900000e+03   1.3010392e+01
