   0.0000000e+00  -9.8968300e-04
   1.0000000e+01   8.5662679e-03
   2.0000000e+01  -1.6357383e-02
   3.0000000e+01  -1.0230121e-02
   4.0000000e+01  -1.5150633e-02
   5.0000000e+01  -3.3092434e-02
   6.0000000e+01  -3.4606064e-02
   7.0000000e+01  -1.8468598e-02
   8.0000000e+01  -1.5145469e-02
   9.0000000e+01  -1.6536591e-02
   1.0000000e+02  -6.2625095e-02
   1.1000000e+02  -7.9778680e-02
   1.2000000e+02  -1.1119838e-01
   1.3000000e+02  -1.7060792e-01
   1.4000000e+02  -2.5880443e-01
   1.5000000e+02  -3.5888015e-01
   1.6000000e+02  -4.3961949e-01
   1.7000000e+02  -5.5221310e-01
   1.8000000e+02  -6.5117736e-01
   1.9000000e+02  -7.3497738e-01
   2.0000000e+02  -8.2525138e-01
   2.1000000e+02  -8.9682136e-01
   2.2000000e+02  -9.7434565e-01
   2.3000000e+02  -1.0470297e+00
   2.4000000e+02  -1.1083528e+00
   2.5000000e+02  -1.1889115e+00
   2.6000000e+02  -1.2556860e+00
   2.7000000e+02  -1.3246040e+00
   2.8000000e+02  -1.3774340e+00
   2.9000000e+02  -1.4331243e+00
   3.0000000e+02  -1.4593716e+00
   3.1000000e+02  -1.5088129e+00
   3.2000000e+02  -1.5566560e+00
   3.3000000e+02  -1.6015328e+00
   3.4000000e+02  -1.6261833e+00
   3.5000000e+02  -1.6480310e+00
   3.6000000e+02  -1.6867589e+00
   3.7000000e+02  -1.7333671e+00
   3.8000000e+02  -1.7442674e+00
   3.9000000e+02  -1.7660282e+00
   4.0000000e+02  -1.8157978e+00
   4.1000000e+02  -1.8375382e+00
   4.2000000e+02  -1.8718714e+00
   4.3000000e+02  -1.8913876e+00
   4.4000000e+02  -1.9244934e+00
   4.5000000e+02  -1.9296684e+00
   4.6000000e+02  -1.9697217e+00
   4.7000000e+02  -2.0060471e+00
   4.8000000e+02  -1.9963526e+00
   4.9000000e+02  -2.0070389e+00
   5.0000000e+02  -2.0147437e+00
   5.1000000e+02  -2.0337757e+00
   5.2000000e+02  -2.0546573e+00
   5.3000000e+02  -2.0600393e+00
   5.4000000e+02  -2.0608390e+00
   5.5000000e+02  -2.0754998e+00
   5.6000000e+02  -2.1001201e+00
   5.7000000e+02  -2.0911596e+00
   5.8000000e+02  -2.1100362e+00
   5.9000000e+02  -2.1202926e+00
   6.0000000e+02  -2.1212571e+00
   6.1000000e+02  -2.1375025e+00
   6.2000000e+02  -2.1397681e+00
   6.3000000e+02  -2.1516926e+00
   6.4000000e+02  -2.1625317e+00
   6.5000000e+02  -2.1711785e+00
   6.6000000e+02  -2.1873571e+00
   6.7000000e+02  -2.1933814e+00
   6.8000000e+02  -2.2015599e+00
   6.9000000e+02  -2.1945964e+00
   7.0000000e+02  -2.2049038e+00
   7.1000000e+02  -2.2192913e+00
   7.2000000e+02  -2.2310091e+00
   7.3000000e+02  -2.2394745e+00
   7.4000000e+02  -2.2240583e+00
   7.5000000e+02  -2.2426149e+00
   7.6000000e+02  -2.2361029e+00
   7.7000000e+02  -2.2315928e+00
   7.8000000e+02  -2.2566506e+00
   7.9000000e+02  -2.2511258e+00
   8.0000000e+02  -2.2605384e+00
   8.1000000e+02  -2.2506176e+00
   8.2000000e+02  -2.2650106e+00
   8.3000000e+02  -2.2677784e+00
   8.4000000e+02  -2.2783146e+00
   8.5000000e+02  -2.2775594e+00
   8.6000000e+02  -2.2799006e+00
   8.7000000e+02  -2.2629081e+00
   8.8000000e+02  -2.2825429e+00
   8.9000000e+02  -2.2937125e+00
   9.0000000e+02  -2.2963241e+00
   9.1000000e+02  -2.2982006e+00
   9.2000000e+02  -2.2976104e+00
   9.3000000e+02  -2.3037232e+00
   9.4000000e+02  -2.2976877e+00
   9.5000000e+02  -2.2993952e+00
   9.6000000e+02  -2.3013895e+00
   9.7000000e+02  -2.3011367e+00
   9.8000000e+02  -2.2907631e+00
   9.9000000e+02  -2.3046188e+00
   1.0000000e+03  -2.3094009e+00
   1.0100000e+03  -2.2991832e+00
   1.0200000e+03  -2.3176819e+00
   1.0300000e+03  -2.3136700e+00
   1.0400000e+03  -2.3244927e+00
   1.0500000e+03  -2.2949533e+00
   1.0600000e+03  -2.3218667e+00
   1.0700000e+03  -2.3246177e+00
   1.0800000e+03  -2.3274104e+00
   1.0900000e+03  -2.3173865e+00
   1.1000000e+03  -2.3334730e+00
   1.1100000e+03  -2.3283153e+00
   1.1200000e+03  -2.3409931e+00
   1.1300000e+03  -2.3383494e+00
   1.1400000e+03  -2.3469503e+00
   1.1500000e+03  -2.3429542e+00
   1.1600000e+03  -2.3494606e+00
   1.1700000e+03  -2.3397798e+00
   1.1800000e+03  -2.3459555e+00
   1.1900000e+03  -2.3541679e+00
   1.2000000e+03  -2.3664608e+00
   1.2100000e+03  -2.3604022e+00
   1.2200000e+03  -2.3584171e+00
   1.2300000e+03  -2.3747521e+00
   1.2400000e+03  -2.3574580e+00
   1.2500000e+03  -2.3718070e+00
   1.2600000e+03  -2.3724412e+00
   1.2700000e+03  -2.3709273e+00
   1.2800000e+03  -2.3682705e+00
   1.2900000e+03  -2.3786536e+00
   1.3000000e+03  -2.3916943e+00
   1.3100000e+03  -2.4025642e+00
   1.3200000e+03  -2.3901233e+00
   1.3300000e+03  -2.4056020e+00
   1.3400000e+03  -2.3796375e+00
   1.3500000e+03  -2.4007847e+00
   1.3600000e+03  -2.3898716e+00
   1.3700000e+03  -2.3808333e+00
   1.3800000e+03  -2.3815373e+00
   1.3900000e+03  -2.4039512e+00
   1.4000000e+03  -2.3851731e+00
   1.4100000e+03  -2.3835631e+00
   1.4200000e+03  -2.3963235e+00
   1.4300000e+03  -2.3726408e+00
   1.4400000e+03  -2.3916201e+00
   1.4500000e+03  -2.3870818e+00
   1.4600000e+03  -2.3925088e+00
   1.4700000e+03  -2.4086619e+00
   1.4800000e+03  -2.4086748e+00
   1.4900000e+03  -2.3933466e+00
   1.5000000e+03  -2.4118359e+00
   1.5100000e+03  -2.4063424e+00
   1.5200000e+03  -2.4120017e+00
   1.5300000e+03  -2.3983728e+00
   1.5400000e+03  -2.4140897e+00
   1.5500000e+03  -2.3944358e+00
   1.5600000e+03  -2.4237529e+00
   1.5700000e+03  -2.4231258e+00
   1.5800000e+03  -2.4297653e+00
   1.5900000e+03  -2.4313566e+00
   1.6000000e+03  -2.4447215e+00
   1.6100000e+03  -2.4354176e+00
   1.6200000e+03  -2.4156326e+00
   1.6300000e+03  -2.4296816e+00
   1.6400000e+03  -2.4307984e+00
   1.6500000e+03  -2.4373708e+00
   1.6600000e+03  -2.4535111e+00
   1.6700000e+03  -2.4701513e+00
   1.6800000e+03  -2.4399097e+00
   1.6900000e+03  -2.4399221e+00
   1.7000000e+03  -2.4379992e+00
   1.7100000e+03  -2.4339851e+00
   1.7200000e+03  -2.4379378e+00
   1.7300000e+03  -2.4332807e+00
   1.7400000e+03  -2.4120854e+00
   1.7500000e+03  -2.4330123e+00
   1.7600000e+03  -2.4196277e+00
   1.7700000e+03  -2.4275525e+00
   1.7800000e+03  -2.4336089e+00
   1.7900000e+03  -2.4274526e+00
   1.8000000e+03  -2.4214012e+00
   1.8100000e+03  -2.4270722e+00
   1.8200000e+03  -2.4267531e+00
   1.8300000e+03  -2.4095362e+00
   1.8400000e+03  -2.4194021e+00
   1.8500000e+03  -2.4184652e+00
   1.8600000e+03  -2.4134450e+00
   1.8700000e+03  -2.4252049e+00
   1.8800000e+03  -2.4279188e+00
   1.8900000e+03  -2.4170231e+00
   1.9000000e+03  -2.4342319e+00
   1.9100000e+03  -2.4388429e+00
   1.9200000e+03  -2.4068699e+00
   1.9300000e+03  -2.4364598e+00
   1.9400000e+03  -2.4261717e+00
   1.9500000e+03  -2.4513599e+00
   1.9600000e+03  -2.4175434e+00
   1.9700000e+03  -2.4341315e+00
   1.9800000e+03  -2.4390794e+00
   1.9900000e+03  -2.4410960e+00
   2.0000000e+03  -2.4467253e+00
   2.0100000e+03  -2.4294821e+00
   2.0200000e+03  -2.4409995e+00
   2.0300000e+03  -2.4448875e+00
   2.0400000e+03  -2.4466078e+00
   2.0500000e+03  -2.4598312e+00
   2.0600000e+03  -2.4246072e+00
   2.0700000e+03  -2.4326108e+00
   2.0800000e+03  -2.4456652e+00
   2.0900000e+03  -2.4425315e+00
   2.1000000e+03  -2.4373036e+00
   2.1100000e+03  -2.4628514e+00
   2.1200000e+03  -2.4551213e+00
   2.1300000e+03  -2.4513796e+00
   2.1400000e+03  -2.4243332e+00
   2.1500000e+03  -2.4517394e+00
   2.1600000e+03  -2.4368701e+00
   2.1700000e+03  -2.4408187e+00
   2.1800000e+03  -2.4486152e+00
   2.1900000e+03  -2.4471657e+00
   2.2000000e+03  -2.4394072e+00
   2.2100000e+03  -2.4547948e+00
   2.2200000e+03  -2.4466098e+00
   2.2300000e+03  -2.4413661e+00
   2.2400000e+03  -2.4523389e+00
   2.2500000e+03  -2.4478205e+00
   2.2600000e+03  -2.4516923e+00
   2.2700000e+03  -2.4703740e+00
   2.2800000e+03  -2.4695449e+00
   2.2900000e+03  -2.4806708e+00
   2.3000000e+03  -2.4636431e+00
   2.3100000e+03  -2.4635776e+00
   2.3200000e+03  -2.4531990e+00
   2.3300000e+03  -2.4618071e+00
   2.3400000e+03  -2.4551308e+00
   2.3500000e+03  -2.4600749e+00
   2.3600000e+03  -2.4393196e+00
   2.3700000e+03  -2.4665798e+00
   2.3800000e+03  -2.4821614e+00
   2.3900000e+03  -2.4829741e+00
   2.4000000e+03  -2.4811925e+00
   2.4100000e+03  -2.4745031e+00
   2.4200000e+03  -2.4736382e+00
   2.4300000e+03  -2.4776245e+00
   2.4400000e+03  -2.4625474e+00
   2.4500000e+03  -2.4565960e+00
   2.4600000e+03  -2.4578094e+00
   2.4700000e+03  -2.4579631e+00
   2.4800000e+03  -2.4647785e+00
   2.4900000e+03  -2.4673451e+00
   2.5000000e+03  -2.4501613e+00
   2.5100000e+03  -2.4622799e+00
   2.5200000e+03  -2.4546891e+00
   2.5300000e+03  -2.4705510e+00
   2.5400000e+03  -2.4552999e+00
   2.5500000e+03  -2.4425079e+00
   2.5600000e+03  -2.4569984e+00
   2.5700000e+03  -2.4552393e+00
   2.5800000e+03  -2.4651773e+00
   2.5900000e+03  -2.4795812e+00
   2.6000000e+03  -2.4593381e+00
   2.6100000e+03  -2.4604592e+00
   2.6200000e+03  -2.4583145e+00
   2.6300000e+03  -2.4566218e+00
   2.6400000e+03  -2.4641748e+00
   2.6500000e+03  -2.4489160e+00
   2.6600000e+03  -2.4638992e+00
   2.6700000e+03  -2.4546816e+00
   2.6800000e+03  -2.4582665e+00
   2.6900000e+03  -2.4638661e+00
   2.7000000e+03  -2.4641086e+00
   2.7100000e+03  -2.4458674e+00
   2.7200000e+03  -2.4452852e+00
   2.7300000e+03  -2.4673180e+00
   2.7400000e+03  -2.4291071e+00
   2.7500000e+03  -2.4534632e+00
   2.7600000e+03  -2.4656988e+00
   2.7700000e+03  -2.4460097e+00
   2.7800000e+03  -2.4560493e+00
   2.7900000e+03  -2.4672277e+00
   2.8000000e+03  -2.4640741e+00
   2.8100000e+03  -2.4564699e+00
   2.8200000e+03  -2.4746445e+00
   2.8300000e+03  -2.4853175e+00
   2.8400000e+03  -2.4711304e+00
   2.8500000e+03  -2.4684031e+00
   2.8600000e+03  -2.4704147e+00
   2.8700000e+03  -2.4817847e+00
   2.8800000e+03  -2.4710676e+00
   2.8900000e+03  -2.4982278e+00
   2.9000000e+03  -2.4848372e+00
   2.9100000e+03  -2.4966105e+00
   2.9200000e+03  -2.4743951e+00
   2.9300000e+03  -2.4864005e+00
   2.9400000e+03  -2.5008933e+00
   2.9500000e+03  -2.4994090e+00
   2.9600000e+03  -2.5106640e+00
   2.9700000e+03  -2.5170417e+00
   2.9800000e+03  -2.4964755e+00
   2.9900000e+03  -2.5077048e+00
   3.0000000e+03  -2.5158112e+00
   3.0100000e+03  -2.5170616e+00
   3.0200000e+03  -2.5163532e+00
   3.0300000e+03  -2.5046830e+00
   3.0400000e+03  -2.4790328e+00
   3.0500000e+03  -2.4873840e+00
   3.0600000e+03  -2.4842449e+00
   3.0700000e+03  -2.4808096e+00
   3.0800000e+03  -2.4827161e+00
   3.0900000e+03  -2.4875028e+00
   3.1000000e+03  -2.4692045e+00
   3.1100000e+03  -2.4964232e+00
   3.1200000e+03  -2.4695554e+00
   3.1300000e+03  -2.4767655e+00
   3.1400000e+03  -2.4838222e+00
   3.1500000e+03  -2.4731918e+00
   3.1600000e+03  -2.4769571e+00
   3.1700000e+03  -2.4715686e+00
   3.1800000e+03  -2.4887980e+00
   3.1900000e+03  -2.4817958e+00
   3.2000000e+03  -2.4815958e+00
   3.2100000e+03  -2.4787633e+00
   3.2200000e+03  -2.4934728e+00
   3.2300000e+03  -2.4977133e+00
   3.2400000e+03  -2.4953454e+00
   3.2500000e+03  -2.4942287e+00
   3.2600000e+03  -2.5085503e+00
   3.2700000e+03  -2.5074871e+00
   3.2800000e+03  -2.5079202e+00
   3.2900000e+03  -2.5294348e+00
   3.3000000e+03  -2.5401584e+00
   3.3100000e+03  -2.5550008e+00
   3.3200000e+03  -2.5522063e+00
   3.3300000e+03  -2.5747706e+00
   3.3400000e+03  -2.5598437e+00
   3.3500000e+03  -2.5414591e+00
   3.3600000e+03  -2.5502214e+00
   3.3700000e+03  -2.5289973e+00
   3.3800000e+03  -2.5278210e+00
   3.3900000e+03  -2.5338842e+00
   3.4000000e+03  -2.5154187e+00
   3.4100000e+03  -2.5407044e+00
   3.4200000e+03  -2.5284466e+00
   3.4300000e+03  -2.5360980e+00
   3.4400000e+03  -2.5256907e+00
   3.4500000e+03  -2.5233502e+00
   3.4600000e+03  -2.5102824e+00
   3.4700000e+03  -2.5300785e+00
   3.4800000e+03  -2.5196712e+00
   3.4900000e+03  -2.5210207e+00
