   0.0000000e+00   1.7444879e+01
   1.0000000e+01   1.7442135e+01
   2.0000000e+01   1.7446238e+01
   3.0000000e+01   1.7450580e+01
   4.0000000e+01   1.7424765e+01
   5.0000000e+01   1.7454458e+01
   6.0000000e+01   1.7377602e+01
   7.0000000e+01   3.9519534e+01
   8.0000000e+01   6.1770266e+01
   9.0000000e+01   4.9981127e+01
   1.0000000e+02   5.5196288e+01
   1.1000000e+02   5.3800398e+01
   1.2000000e+02   5.5375308e+01
   1.3000000e+02   3.3217149e+01
   1.4000000e+02   5.8295521e+01
   1.5000000e+02   2.2956019e+01
   1.6000000e+02   4.2328040e+01
   1.7000000e+02   5.2971568e+01
   1.8000000e+02   5.2415168e+01
   1.9000000e+02   4.5103557e+01
   2.0000000e+02   5.6166433e+01
   2.1000000e+02   5.5964972e+01
   2.2000000e+02   6.0532635e+01
   2.3000000e+02   3.1999854e+01
   2.4000000e+02   5.7357698e+01
   2.5000000e+02   3.2938654e+01
   2.6000000e+02   2.7212229e+01
   2.7000000e+02   5.2169269e+01
   2.8000000e+02   5.0925445e+01
   2.9000000e+02   1.9035634e+01
   3.0000000e+02   5.1939938e+01
   3.1000000e+02   5.8483564e+01
   3.2000000e+02   3.7038127e+01
   3.3000000e+02   5.3944683e+01
   3.4000000e+02   4.9347400e+01
   3.5000000e+02   5.6897488e+01
   3.6000000e+02   2.7998055e+01
   3.7000000e+02   5.3005841e+01
   3.8000000e+02   5.3887924e+01
   3.9000000e+02   4.5501825e+01
   4.0000000e+02   3.2968660e+01
   4.1000000e+02   4.8973509e+01
   4.2000000e+02   5.7342043e+01
   4.3000000e+02   3.4283623e+01
   4.4000000e+02   3.2493759e+01
   4.5000000e+02   4.7603557e+01
   4.6000000e+02   2.7111796e+01
   4.7000000e+02   4.5926259e+01
   4.8000000e+02   5.6218477e+01
   4.9000000e+02   3.9381509e+01
   5.0000000e+02   3.3711315e+01
   5.1000000e+02   5.1389092e+01
   5.2000000e+02   4.1351295e+01
   5.3000000e+02   6.4635896e+01
   5.4000000e+02   3.5855068e+01
   5.5000000e+02   6.4020483e+01
   5.6000000e+02   6.3850161e+01
   5.7000000e+02   3.9905894e+01
   5.8000000e+02   2.7264128e+01
   5.9000000e+02   3.6342575e+01
   6.0000000e+02   3.9090070e+01
   6.1000000e+02   4.3860773e+01
   6.2000000e+02   2.9603531e+01
   6.3000000e+02   4.1574849e+01
   6.4000000e+02   3.1837434e+01
   6.5000000e+02   4.5404514e+01
   6.6000000e+02   2.4318126e+01
   6.7000000e+02   1.7693263e+01
   6.8000000e+02   3.6858187e+01
   6.9000000e+02   2.7468536e+01
   7.0000000e+02   2.8703837e+01
   7.1000000e+02   2.8775622e+01
   7.2000000e+02   2.7567501e+01
   7.3000000e+02   3.5960901e+01
   7.4000000e+02   2.2213470e+01
   7.5000000e+02   4.1952467e+01
   7.6000000e+02   1.8089181e+01
   7.7000000e+02   2.8386196e+01
   7.8000000e+02   2.5848570e+01
   7.9000000e+02   2.6049006e+01
   8.0000000e+02   1.8405041e+01
   8.1000000e+02   3.2474243e+01
   8.2000000e+02   2.3036884e+01
   8.3000000e+02   1.9542962e+01
   8.4000000e+02   2.1742842e+01
   8.5000000e+02   2.1240126e+01
   8.6000000e+02   2.0751848e+01
   8.7000000e+02   3.6464872e+01
   8.8000000e+02   2.1659248e+01
   8.9000000e+02   3.3335614e+01
   9.0000000e+02   1.7651117e+01
   9.1000000e+02   2.0912422e+01
   9.2000000e+02   1.7446393e+01
   9.3000000e+02   1.7443100e+01
   9.4000000e+02   1.7431400e+01
   9.5000000e+02   1.7432175e+01
   9.6000000e+02   1.7867759e+01
   9.7000000e+02   1.8576595e+01
   9.8000000e+02   2.0824652e+01
   9.9000000e+02   2.0573511e+01
   1.0000000e+03   1.7619410e+01
   1.0100000e+03   1.7686117e+01
   1.0200000e+03   2.3424114e+01
   1.0300000e+03   2.3208339e+01
   1.0400000e+03   1.7495039e+01
   1.0500000e+03   2.0230069e+01
   1.0600000e+03   2.0730527e+01
   1.0700000e+03   2.4598025e+01
   1.0800000e+03   1.7681983e+01
   1.0900000e+03   1.8043413e+01
   1.1000000e+03   4.2308562e+01
   1.1100000e+03   1.9879985e+01
   1.1200000e+03   1.7609238e+01
   1.1300000e+03   2.0070586e+01
   1.1400000e+03   1.7478376e+01
   1.1500000e+03   1.8858856e+01
   1.1600000e+03   2.2204818e+01
   1.1700000e+03   1.7535291e+01
   1.1800000e+03   1.7482344e+01
   1.1900000e+03   1.7518421e+01
   1.2000000e+03   1.7495505e+01
   1.2100000e+03   1.8405254e+01
   1.2200000e+03   1.7545018e+01
   1.2300000e+03   1.7515304e+01
   1.2400000e+03   1.7692178e+01
   1.2500000e+03   1.7481330e+01
   1.2600000e+03   1.7545975e+01
   1.2700000e+03   1.7506922e+01
   1.2800000e+03   1.7522701e+01
   1.2900000e+03   1.7490307e+01
   1.3000000e+03   4.9603274e+01
   1.3100000e+03   1.7671333e+01
   1.3200000e+03   1.7472025e+01
   1.3300000e+03   1.7469296e+01
   1.3400000e+03   1.7465237e+01
   1.3500000e+03   1.7472135e+01
   1.3600000e+03   1.7450337e+01
   1.3700000e+03   1.7464353e+01
   1.3800000e+03   1.7510265e+01
   1.3900000e+03   1.7482818e+01
   1.4000000e+03   1.7469238e+01
   1.4100000e+03   1.7503493e+01
   1.4200000e+03   1.7468970e+01
   1.4300000e+03   1.7615082e+01
   1.4400000e+03   1.7508982e+01
   1.4500000e+03   1.7735777e+01
   1.4600000e+03   1.7490484e+01
   1.4700000e+03   1.7521416e+01
   1.4800000e+03   1.7463680e+01
   1.4900000e+03   1.7571807e+01
   1.5000000e+03   1.7511101e+01
   1.5100000e+03   1.7561221e+01
   1.5200000e+03   1.7510796e+01
   1.5300000e+03   2.0796618e+01
   1.5400000e+03   1.7507429e+01
   1.5500000e+03   1.7470874e+01
   1.5600000e+03   1.7539477e+01
   1.5700000e+03   1.7485872e+01
   1.5800000e+03   1.7477888e+01
   1.5900000e+03   1.7508159e+01
   1.6000000e+03   1.7513437e+01
   1.6100000e+03   1.7499367e+01
   1.6200000e+03   1.7469115e+01
   1.6300000e+03   1.7456815e+01
   1.6400000e+03   1.7462099e+01
   1.6500000e+03   1.7485407e+01
   1.6600000e+03   1.7455030e+01
   1.6700000e+03   1.7476103e+01
   1.6800000e+03   1.7507591e+01
   1.6900000e+03   1.7633895e+01
   1.7000000e+03   1.7485348e+01
   1.7100000e+03   1.7482031e+01
   1.7200000e+03   1.7447162e+01
   1.7300000e+03   1.7485555e+01
   1.7400000e+03   1.7466805e+01
   1.7500000e+03   1.7469363e+01
   1.7600000e+03   1.7506851e+01
   1.7700000e+03   1.7468496e+01
   1.7800000e+03   1.7503563e+01
   1.7900000e+03   1.7486157e+01
   1.8000000e+03   1.7499385e+01
   1.8100000e+03   1.7494101e+01
   1.8200000e+03   1.7987934e+01
   1.8300000e+03   1.7551480e+01
   1.8400000e+03   1.7993189e+01
   1.8500000e+03   1.7509376e+01
   1.8600000e+03   2.0076338e+01
   1.8700000e+03   2.1443010e+01
   1.8800000e+03   3.7058223e+01
   1.8900000e+03   5.0589958e+01
   1.9000000e+03   7.8945478e+01
   1.9100000e+03   2.3167906e+02
   1.9200000e+03   2.8370503e+02
   1.9300000e+03   2.2928041e+03
   1.9400000e+03   2.2928066e+03
   1.9500000e+03   2.2928029e+03
   1.9600000e+03   2.2928118e+03
   1.9700000e+03   2.2928270e+03
   1.9800000e+03   1.9562249e+02
   1.9900000e+03   3.2455735e+02
   2.0000000e+03   2.5430656e+02
   2.0100000e+03   8.0745115e+01
   2.0200000e+03   1.2883177e+02
   2.0300000e+03   7.1899079e+01
   2.0400000e+03   9.3488784e+01
   2.0500000e+03   8.3593545e+01
   2.0600000e+03   2.2839154e+02
   2.0700000e+03   1.6911970e+02
   2.0800000e+03   1.6602352e+02
   2.0900000e+03   1.2141039e+02
   2.1000000e+03   9.0737204e+01
   2.1100000e+03   7.5122632e+01
   2.1200000e+03   6.1807626e+01
   2.1300000e+03   7.1221327e+01
   2.1400000e+03   7.9987609e+01
   2.1500000e+03   6.8501657e+01
   2.1600000e+03   4.6799871e+01
   2.1700000e+03   8.4389113e+01
   2.1800000e+03   5.7382076e+01
   2.1900000e+03   6.2466211e+01
   2.2000000e+03   8.2684257e+01
   2.2100000e+03   5.9188335e+01
   2.2200000e+03   6.7811633e+01
   2.2300000e+03   3.6734772e+01
   2.2400000e+03   5.0287432e+01
   2.2500000e+03   7.7633319e+01
   2.2600000e+03   4.9800129e+01
   2.2700000e+03   8.1453480e+01
   2.2800000e+03   6.6685458e+01
   2.2900000e+03   3.5411945e+01
   2.3000000e+03   6.7928945e+01
   2.3100000e+03   3.0882056e+01
   2.3200000e+03   4.4107336e+01
   2.3300000e+03   3.7449059e+01
   2.3400000e+03   4.3648138e+01
   2.3500000e+03   6.1127949e+01
   2.3600000e+03   3.2727651e+01
   2.3700000e+03   5.1755029e+01
   2.3800000e+03   5.9195895e+01
   2.3900000e+03   3.3983114e+01
   2.4000000e+03   6.5949288e+01
   2.4100000e+03   3.2271921e+01
   2.4200000e+03   4.6399271e+01
   2.4300000e+03   4.0889289e+01
   2.4400000e+03   4.3190808e+01
   2.4500000e+03   4.2280876e+01
   2.4600000e+03   5.3757316e+01
   2.4700000e+03   3.6827259e+01
   2.4800000e+03   5.2750552e+01
   2.4900000e+03   4.0028972e+01
   2.5000000e+03   5.8631080e+01
   2.5100000e+03   4.5769409e+01
   2.5200000e+03   4.3391798e+01
   2.5300000e+03   5.0474313e+01
   2.5400000e+03   4.8807939e+01
   2.5500000e+03   4.6539548e+01
   2.5600000e+03   4.1015121e+01
   2.5700000e+03   5.1344953e+01
   2.5800000e+03   3.4609162e+01
   2.5900000e+03   4.5614816e+01
   2.6000000e+03   3.5646319e+01
   2.6100000e+03   4.7175236e+01
   2.6200000e+03   3.6972376e+01
   2.6300000e+03   4.5948248e+01
   2.6400000e+03   4.6808097e+01
   2.6500000e+03   4.0059174e+01
   2.6600000e+03   3.9492286e+01
   2.6700000e+03   3.9669212e+01
   2.6800000e+03   4.2247121e+01
   2.6900000e+03   4.0662636e+01
   2.7000000e+03   4.4130418e+01
   2.7100000e+03   4.1714419e+01
   2.7200000e+03   5.0350097e+01
   2.7300000e+03   3.8609723e+01
   2.7400000e+03   5.2079191e+01
   2.7500000e+03   4.5235864e+01
   2.7600000e+03   5.1808336e+01
   2.7700000e+03   3.4979428e+01
   2.7800000e+03   6.0468041e+01
   2.7900000e+03   3.4634831e+01
   2.8000000e+03   4.6683255e+01
   2.8100000e+03   5.0675083e+01
   2.8200000e+03   5.1229250e+01
   2.8300000e+03   4.9553961e+01
   2.8400000e+03   4.1505971e+01
   2.8500000e+03   5.2146561e+01
   2.8600000e+03   3.6825574e+01
   2.8700000e+03   5.3401869e+01
   2.8800000e+03   2.4444065e+01
   2.8900000e+03   4.1033946e+01
   2.9000000e+03   5.3497202e+01
   2.9100000e+03   3.6648578e+01
   2.9200000e+03   5.4538922e+01
   2.9300000e+03   6.7843558e+01
   2.9400000e+03   5.2269439e+01
   2.9500000e+03   9.6925557e+01
   2.9600000e+03   2.2933104e+03
   2.9700000e+03   2.2933347e+03
   2.9800000e+03   1.9867227e+02
   2.9900000e+03   1.0015041e+02
   3.0000000e+03   1.0045871e+02
   3.0100000e+03   7.1133694e+01
   3.0200000e+03   1.0396081e+02
   3.0300000e+03   6.8609435e+01
   3.0400000e+03   2.0302831e+03
   3.0500000e+03   2.2933628e+03
   3.0600000e+03   2.2933615e+03
   3.0700000e+03   1.1563291e+02
   3.0800000e+03   1.0084510e+02
   3.0900000e+03   3.1963943e+02
   3.1000000e+03   2.3739317e+02
   3.1100000e+03   9.4099703e+01
   3.1200000e+03   1.0406759e+02
   3.1300000e+03   2.2933953e+03
   3.1400000e+03   9.9148971e+01
   3.1500000e+03   3.9454258e+01
   3.1600000e+03   3.3099184e+01
   3.1700000e+03   2.2933937e+03
   3.1800000e+03   1.5755848e+02
   3.1900000e+03   8.2723164e+01
   3.2000000e+03   8.7590086e+01
   3.2100000e+03   9.8171529e+01
   3.2200000e+03   3.7787142e+01
   3.2300000e+03   2.8316915e+01
   3.2400000e+03   3.5721775e+01
   3.2500000e+03   2.8742653e+01
   3.2600000e+03   3.4735332e+01
   3.2700000e+03   3.9423336e+01
   3.2800000e+03   3.1834843e+01
   3.2900000e+03   3.4919577e+01
   3.3000000e+03   1.9967893e+01
   3.3100000e+03   3.5808118e+01
   3.3200000e+03   2.1791407e+01
   3.3300000e+03   1.7868178e+01
   3.3400000e+03   1.7589036e+01
   3.3500000e+03   1.7714823e+01
   3.3600000e+03   1.7555749e+01
   3.3700000e+03   1.7568120e+01
   3.3800000e+03   1.7540525e+01
   3.3900000e+03   1.7733134e+01
   3.4000000e+03   1.7508795e+01
   3.4100000e+03   1.7523155e+01
   3.4200000e+03   1.7536875e+01
   3.4300000e+03   1.7500089e+01
   3.4400000e+03   1.7530599e+01
   3.4500000e+03   1.7518778e+01
   3.4600000e+03   1.7689397e+01
   3.4700000e+03   1.7525704e+01
   3.4800000e+03   1.7530308e+01
   3.4900000e+03   1.7594703e+01
