   0.0000000e+00  -7.9278104e-03
   1.0000000e+01  -5.3327354e-03
   2.0000000e+01  -5.6408810e-03
   3.0000000e+01  -3.1557758e-03
   4.0000000e+01   3.0659055e-03
   5.0000000e+01   5.1791937e-02
   6.0000000e+01   9.0546070e-02
   7.0000000e+01   1.2879828e-01
   8.0000000e+01   1.3439547e-01
   9.0000000e+01   1.5288074e-01
   1.0000000e+02   1.6598294e-01
   1.1000000e+02   1.6824703e-01
   1.2000000e+02   1.6175281e-01
   1.3000000e+02   1.6996649e-01
   1.4000000e+02   1.5949189e-01
   1.5000000e+02   1.8351604e-01
   1.6000000e+02   1.7703586e-01
   1.7000000e+02   1.6817511e-01
   1.8000000e+02   1.8126845e-01
   1.9000000e+02   1.8241736e-01
   2.0000000e+02   1.8580000e-01
   2.1000000e+02   1.9487498e-01
   2.2000000e+02   1.8580918e-01
   2.3000000e+02   2.0349939e-01
   2.4000000e+02   1.9681722e-01
   2.5000000e+02   2.0068918e-01
   2.6000000e+02   2.1796384e-01
   2.7000000e+02   1.9817638e-01
   2.8000000e+02   1.9753272e-01
   2.9000000e+02   2.0432533e-01
   3.0000000e+02   2.1407801e-01
   3.1000000e+02   2.0804621e-01
   3.2000000e+02   1.9440465e-01
   3.3000000e+02   2.0860172e-01
   3.4000000e+02   2.0410970e-01
   3.5000000e+02   2.0548233e-01
   3.6000000e+02   2.0502113e-01
   3.7000000e+02   2.0116936e-01
   3.8000000e+02   1.9859543e-01
   3.9000000e+02   1.9718243e-01
   4.0000000e+02   2.0395517e-01
   4.1000000e+02   2.1068118e-01
   4.2000000e+02   2.0803718e-01
   4.3000000e+02   1.9548486e-01
   4.4000000e+02   2.0303193e-01
   4.5000000e+02   1.8891736e-01
   4.6000000e+02   1.8795152e-01
   4.7000000e+02   1.9410743e-01
   4.8000000e+02   1.8869075e-01
   4.9000000e+02   1.8253117e-01
   5.0000000e+02   2.0074319e-01
   5.1000000e+02   2.0377985e-01
   5.2000000e+02   2.0097972e-01
   5.3000000e+02   1.8736979e-01
   5.4000000e+02   1.8105179e-01
   5.5000000e+02   1.8503591e-01
   5.6000000e+02   1.8807459e-01
   5.7000000e+02   1.8267648e-01
   5.8000000e+02   1.9231114e-01
   5.9000000e+02   1.8075556e-01
   6.0000000e+02   1.9056395e-01
   6.1000000e+02   1.8284647e-01
   6.2000000e+02   1.8584075e-01
   6.3000000e+02   1.8497612e-01
   6.4000000e+02   1.7709236e-01
   6.5000000e+02   1.7751278e-01
   6.6000000e+02   1.6264590e-01
   6.7000000e+02   1.6431148e-01
   6.8000000e+02   1.6355461e-01
   6.9000000e+02   1.6542553e-01
   7.0000000e+02   1.6963029e-01
   7.1000000e+02   1.6645448e-01
   7.2000000e+02   1.5337239e-01
   7.3000000e+02   1.5959601e-01
   7.4000000e+02   1.5698740e-01
   7.5000000e+02   1.7282137e-01
   7.6000000e+02   1.5200685e-01
   7.7000000e+02   1.4973683e-01
   7.8000000e+02   1.5702092e-01
   7.9000000e+02   1.5371479e-01
   8.0000000e+02   1.5349461e-01
   8.1000000e+02   1.5354398e-01
   8.2000000e+02   1.4520665e-01
   8.3000000e+02   1.4920260e-01
   8.4000000e+02   1.4704005e-01
   8.5000000e+02   1.4757965e-01
   8.6000000e+02   1.5097604e-01
   8.7000000e+02   1.4081420e-01
   8.8000000e+02   1.4301345e-01
   8.9000000e+02   1.3691875e-01
   9.0000000e+02   1.4096635e-01
   9.1000000e+02   1.4507621e-01
   9.2000000e+02   1.3193548e-01
   9.3000000e+02   1.3514232e-01
   9.4000000e+02   1.2994370e-01
   9.5000000e+02   1.3118271e-01
   9.6000000e+02   1.2365113e-01
   9.7000000e+02   1.3204023e-01
   9.8000000e+02   1.2763841e-01
   9.9000000e+02   1.2725386e-01
   1.0000000e+03   1.2550862e-01
   1.0100000e+03   1.2118763e-01
   1.0200000e+03   1.2040179e-01
   1.0300000e+03   1.1922645e-01
   1.0400000e+03   1.2231285e-01
   1.0500000e+03   1.1705924e-01
   1.0600000e+03   1.1103158e-01
   1.0700000e+03   1.0946773e-01
   1.0800000e+03   1.1333863e-01
   1.0900000e+03   1.0367088e-01
   1.1000000e+03   1.1162506e-01
   1.1100000e+03   1.1191589e-01
   1.1200000e+03   1.0605146e-01
   1.1300000e+03   1.1486063e-01
   1.1400000e+03   9.7759433e-02
   1.1500000e+03   9.8395388e-02
   1.1600000e+03   1.0164710e-01
   1.1700000e+03   1.0963709e-01
   1.1800000e+03   8.6870659e-02
   1.1900000e+03   1.0530309e-01
   1.2000000e+03   1.0374449e-01
   1.2100000e+03   9.9159977e-02
   1.2200000e+03   9.8472130e-02
   1.2300000e+03   8.9651692e-02
   1.2400000e+03   8.8251656e-02
   1.2500000e+03   8.4928178e-02
   1.2600000e+03   9.8500367e-02
   1.2700000e+03   1.1005418e-01
   1.2800000e+03   9.7744955e-02
   1.2900000e+03   9.7154394e-02
   1.3000000e+03   8.5575291e-02
   1.3100000e+03   9.5957239e-02
   1.3200000e+03   9.3962262e-02
   1.3300000e+03   8.9376857e-02
   1.3400000e+03   9.1817581e-02
   1.3500000e+03   9.2679294e-02
   1.3600000e+03   8.3418909e-02
   1.3700000e+03   8.6755721e-02
   1.3800000e+03   9.2040942e-02
   1.3900000e+03   8.0149126e-02
   1.4000000e+03   8.4676246e-02
   1.4100000e+03   8.8287500e-02
   1.4200000e+03   9.2068882e-02
   1.4300000e+03   7.4524049e-02
   1.4400000e+03   8.5883232e-02
   1.4500000e+03   7.5215525e-02
   1.4600000e+03   8.2940108e-02
   1.4700000e+03   7.7657240e-02
   1.4800000e+03   6.8440821e-02
   1.4900000e+03   9.0905867e-02
   1.5000000e+03   8.7306397e-02
   1.5100000e+03   6.1053778e-02
   1.5200000e+03   7.9341293e-02
   1.5300000e+03   6.2158813e-02
   1.5400000e+03   8.2009372e-02
   1.5500000e+03   6.1938599e-02
   1.5600000e+03   6.8094090e-02
   1.5700000e+03   7.8096302e-02
   1.5800000e+03   6.4773849e-02
   1.5900000e+03   7.1132655e-02
   1.6000000e+03   7.0839163e-02
   1.6100000e+03   6.9538105e-02
   1.6200000e+03   7.3410876e-02
   1.6300000e+03   6.9005326e-02
   1.6400000e+03   7.8930854e-02
   1.6500000e+03   7.7630564e-02
   1.6600000e+03   6.9076806e-02
   1.6700000e+03   7.1578152e-02
   1.6800000e+03   6.8243743e-02
   1.6900000e+03   7.0123874e-02
   1.7000000e+03   6.9447685e-02
   1.7100000e+03   7.5184088e-02
   1.7200000e+03   6.3531350e-02
   1.7300000e+03   7.3136640e-02
   1.7400000e+03   6.7619464e-02
   1.7500000e+03   7.5980330e-02
   1.7600000e+03   7.6324386e-02
   1.7700000e+03   6.5828659e-02
   1.7800000e+03   7.2108702e-02
   1.7900000e+03   6.6310625e-02
   1.8000000e+03   7.3734399e-02
   1.8100000e+03   5.7308687e-02
   1.8200000e+03   7.8582985e-02
   1.8300000e+03   6.5472673e-02
   1.8400000e+03   5.9466227e-02
   1.8500000e+03   7.5599504e-02
   1.8600000e+03   7.0484481e-02
   1.8700000e+03   8.0665048e-02
   1.8800000e+03   7.3962867e-02
   1.8900000e+03   6.8421439e-02
   1.9000000e+03   6.4819538e-02
   1.9100000e+03   6.7615043e-02
   1.9200000e+03   7.0839985e-02
   1.9300000e+03   6.1385331e-02
   1.9400000e+03   6.1308364e-02
   1.9500000e+03   5.7956769e-02
   1.9600000e+03   5.8626444e-02
   1.9700000e+03   6.4660234e-02
   1.9800000e+03   5.9407236e-02
   1.9900000e+03   4.8331238e-02
   2.0000000e+03   6.2305741e-02
   2.0100000e+03   5.8326350e-02
   2.0200000e+03   5.2797153e-02
   2.0300000e+03   5.7903538e-02
   2.0400000e+03   6.1924364e-02
   2.0500000e+03   6.1584861e-02
   2.0600000e+03   6.8354101e-02
   2.0700000e+03   5.8078136e-02
   2.0800000e+03   5.7891093e-02
   2.0900000e+03   6.8844425e-02
   2.1000000e+03   5.4754909e-02
   2.1100000e+03   6.8640776e-02
   2.1200000e+03   7.4175365e-02
   2.1300000e+03   7.0085714e-02
   2.1400000e+03   6.0544774e-02
   2.1500000e+03   6.5396008e-02
   2.1600000e+03   5.2912656e-02
   2.1700000e+03   6.9101094e-02
   2.1800000e+03   6.9265617e-02
   2.1900000e+03   5.8991615e-02
   2.2000000e+03   6.1622415e-02
   2.2100000e+03   5.4930675e-02
   2.2200000e+03   6.4734474e-02
   2.2300000e+03   6.0721544e-02
   2.2400000e+03   5.6853385e-02
   2.2500000e+03   6.2552762e-02
   2.2600000e+03   6.5391712e-02
   2.2700000e+03   7.0532613e-02
   2.2800000e+03   6.7775817e-02
   2.2900000e+03   6.7208419e-02
   2.3000000e+03   7.2376305e-02
   2.3100000e+03   6.8252273e-02
   2.3200000e+03   6.5069430e-02
   2.3300000e+03   6.2827786e-02
   2.3400000e+03   5.7091851e-02
   2.3500000e+03   5.9807254e-02
   2.3600000e+03   6.3375019e-02
   2.3700000e+03   7.3117176e-02
   2.3800000e+03   6.9013735e-02
   2.3900000e+03   7.2670802e-02
   2.4000000e+03   7.5518983e-02
   2.4100000e+03   7.1773313e-02
   2.4200000e+03   7.4577456e-02
   2.4300000e+03   6.9119580e-02
   2.4400000e+03   6.9308051e-02
   2.4500000e+03   6.5443580e-02
   2.4600000e+03   7.8801060e-02
   2.4700000e+03   7.4981252e-02
   2.4800000e+03   7.1362855e-02
   2.4900000e+03   7.1508722e-02
   2.5000000e+03   7.1981207e-02
   2.5100000e+03   6.9254119e-02
   2.5200000e+03   7.7913935e-02
   2.5300000e+03   5.9697117e-02
   2.5400000e+03   6.6757403e-02
   2.5500000e+03   7.6427190e-02
   2.5600000e+03   7.1592457e-02
   2.5700000e+03   7.5246354e-02
   2.5800000e+03   6.8511345e-02
   2.5900000e+03   7.9273740e-02
   2.6000000e+03   7.0048239e-02
   2.6100000e+03   7.0697531e-02
   2.6200000e+03   7.3869308e-02
   2.6300000e+03   7.0886543e-02
   2.6400000e+03   6.6692610e-02
   2.6500000e+03   7.0761694e-02
   2.6600000e+03   7.3845751e-02
   2.6700000e+03   6.6308691e-02
   2.6800000e+03   7.1319224e-02
   2.6900000e+03   7.0256939e-02
   2.7000000e+03   6.6421776e-02
   2.7100000e+03   6.4845330e-02
   2.7200000e+03   7.4662255e-02
   2.7300000e+03   7.1115891e-02
   2.7400000e+03   6.3623738e-02
   2.7500000e+03   7.1270224e-02
   2.7600000e+03   6.9744560e-02
   2.7700000e+03   6.5991896e-02
   2.7800000e+03   7.3965001e-02
   2.7900000e+03   7.4384529e-02
   2.8000000e+03   6.8812831e-02
   2.8100000e+03   8.5443870e-02
   2.8200000e+03   6.6402755e-02
   2.8300000e+03   7.1314833e-02
   2.8400000e+03   7.8617299e-02
   2.8500000e+03   7.4978521e-02
   2.8600000e+03   6.5605628e-02
   2.8700000e+03   7.1954822e-02
   2.8800000e+03   8.1798465e-02
   2.8900000e+03   6.7375530e-02
   2.9000000e+03   6.6924201e-02
   2.9100000e+03   7.2834604e-02
   2.9200000e+03   8.0231906e-02
   2.9300000e+03   6.2779088e-02
   2.9400000e+03   7.6193027e-02
   2.9500000e+03   7.8659540e-02
   2.9600000e+03   6.4877221e-02
   2.9700000e+03   8.1189890e-02
   2.9800000e+03   7.5507168e-02
   2.9900000e+03   6.4397679e-02
   3.0000000e+03   7.1532415e-02
   3.0100000e+03   7.6220389e-02
   3.0200000e+03   6.2080968e-02
   3.0300000e+03   7.2917147e-02
   3.0400000e+03   7.4688210e-02
   3.0500000e+03   7.9715222e-02
   3.0600000e+03   7.2050690e-02
   3.0700000e+03   6.7711373e-02
   3.0800000e+03   7.1785054e-02
   3.0900000e+03   6.5099520e-02
   3.1000000e+03   7.1733341e-02
   3.1100000e+03   7.3730700e-02
   3.1200000e+03   6.9780762e-02
   3.1300000e+03   7.7750796e-02
   3.1400000e+03   7.3148340e-02
   3.1500000e+03   7.5214831e-02
   3.1600000e+03   7.3084578e-02
   3.1700000e+03   6.5772193e-02
   3.1800000e+03   5.5831708e-02
   3.1900000e+03   6.9925652e-02
   3.2000000e+03   7.2225420e-02
   3.2100000e+03   7.4606612e-02
   3.2200000e+03   6.2401526e-02
   3.2300000e+03   6.5403911e-02
   3.2400000e+03   7.5257092e-02
   3.2500000e+03   7.1879062e-02
   3.2600000e+03   7.5013259e-02
   3.2700000e+03   7.7332166e-02
   3.2800000e+03   6.5836649e-02
   3.2900000e+03   7.2973420e-02
   3.3000000e+03   7.1158790e-02
   3.3100000e+03   7.5522745e-02
   3.3200000e+03   7.1819383e-02
   3.3300000e+03   7.1610604e-02
   3.3400000e+03   7.3779274e-02
   3.3500000e+03   6.5401653e-02
   3.3600000e+03   8.5758679e-02
   3.3700000e+03   7.1201898e-02
   3.3800000e+03   7.0535061e-02
   3.3900000e+03   6.5608794e-02
   3.4000000e+03   7.0143861e-02
   3.4100000e+03   8.7752386e-02
   3.4200000e+03   1.0495370e-01
   3.4300000e+03   1.0113254e-01
   3.4400000e+03   7.6858072e-02
   3.4500000e+03   6.2020657e-02
   3.4600000e+03   6.0632937e-02
   3.4700000e+03   6.6624399e-02
   3.4800000e+03   1.3297337e-01
   3.4900000e+03   9.6856028e-02
