   0.0000000e+00   1.7835074e+01
   1.0000000e+01   1.7838365e+01
   2.0000000e+01   1.7846876e+01
   3.0000000e+01   1.7835435e+01
   4.0000000e+01   1.7801272e+01
   5.0000000e+01   1.7349752e+01
   6.0000000e+01   1.7027677e+01
   7.0000000e+01   1.6780513e+01
   8.0000000e+01   1.6602838e+01
   9.0000000e+01   1.6517031e+01
   1.0000000e+02   1.6397252e+01
   1.1000000e+02   1.6318197e+01
   1.2000000e+02   1.6235249e+01
   1.3000000e+02   1.6144015e+01
   1.4000000e+02   1.6074501e+01
   1.5000000e+02   1.6016518e+01
   1.6000000e+02   1.5949370e+01
   1.7000000e+02   1.5884018e+01
   1.8000000e+02   1.5844135e+01
   1.9000000e+02   1.5781830e+01
   2.0000000e+02   1.5725245e+01
   2.1000000e+02   1.5666456e+01
   2.2000000e+02   1.5635292e+01
   2.3000000e+02   1.5604423e+01
   2.4000000e+02   1.5579597e+01
   2.5000000e+02   1.5531399e+01
   2.6000000e+02   1.5504297e+01
   2.7000000e+02   1.5471224e+01
   2.8000000e+02   1.5433844e+01
   2.9000000e+02   1.5411120e+01
   3.0000000e+02   1.5378108e+01
   3.1000000e+02   1.5356952e+01
   3.2000000e+02   1.5337009e+01
   3.3000000e+02   1.5318446e+01
   3.4000000e+02   1.5279299e+01
   3.5000000e+02   1.5277884e+01
   3.6000000e+02   1.5254401e+01
   3.7000000e+02   1.5222173e+01
   3.8000000e+02   1.5200526e+01
   3.9000000e+02   1.5183298e+01
   4.0000000e+02   1.5164038e+01
   4.1000000e+02   1.5151708e+01
   4.2000000e+02   1.5133711e+01
   4.3000000e+02   1.5115785e+01
   4.4000000e+02   1.5097998e+01
   4.5000000e+02   1.5091298e+01
   4.6000000e+02   1.5072423e+01
   4.7000000e+02   1.5056032e+01
   4.8000000e+02   1.5039442e+01
   4.9000000e+02   1.5033270e+01
   5.0000000e+02   1.5031517e+01
   5.1000000e+02   1.5022001e+01
   5.2000000e+02   1.5015009e+01
   5.3000000e+02   1.4992999e+01
   5.4000000e+02   1.4995739e+01
   5.5000000e+02   1.4995080e+01
   5.6000000e+02   1.4981612e+01
   5.7000000e+02   1.4960620e+01
   5.8000000e+02   1.4970739e+01
   5.9000000e+02   1.4951485e+01
   6.0000000e+02   1.4948056e+01
   6.1000000e+02   1.4928228e+01
   6.2000000e+02   1.4923554e+01
   6.3000000e+02   1.4913616e+01
   6.4000000e+02   1.4908740e+01
   6.5000000e+02   1.4899858e+01
   6.6000000e+02   1.4898450e+01
   6.7000000e+02   1.4893374e+01
   6.8000000e+02   1.4880288e+01
   6.9000000e+02   1.4881465e+01
   7.0000000e+02   1.4877305e+01
   7.1000000e+02   1.4865749e+01
   7.2000000e+02   1.4866131e+01
   7.3000000e+02   1.4846549e+01
   7.4000000e+02   1.4850448e+01
   7.5000000e+02   1.4853755e+01
   7.6000000e+02   1.4831268e+01
   7.7000000e+02   1.4824341e+01
   7.8000000e+02   1.4837223e+01
   7.9000000e+02   1.4816232e+01
   8.0000000e+02   1.4827177e+01
   8.1000000e+02   1.4823504e+01
   8.2000000e+02   1.4812358e+01
   8.3000000e+02   1.4804965e+01
   8.4000000e+02   1.4804426e+01
   8.5000000e+02   1.4794965e+01
   8.6000000e+02   1.4799066e+01
   8.7000000e+02   1.4791674e+01
   8.8000000e+02   1.4786900e+01
   8.9000000e+02   1.4791492e+01
   9.0000000e+02   1.4796711e+01
   9.1000000e+02   1.4788036e+01
   9.2000000e+02   1.4783009e+01
   9.3000000e+02   1.4772266e+01
   9.4000000e+02   1.4779385e+01
   9.5000000e+02   1.4761552e+01
   9.6000000e+02   1.4762844e+01
   9.7000000e+02   1.4772879e+01
   9.8000000e+02   1.4760094e+01
   9.9000000e+02   1.4765291e+01
   1.0000000e+03   1.4768195e+01
   1.0100000e+03   1.4758747e+01
   1.0200000e+03   1.4742142e+01
   1.0300000e+03   1.4758643e+01
   1.0400000e+03   1.4753129e+01
   1.0500000e+03   1.4744607e+01
   1.0600000e+03   1.4747406e+01
   1.0700000e+03   1.4745839e+01
   1.0800000e+03   1.4741344e+01
   1.0900000e+03   1.4733517e+01
   1.1000000e+03   1.4744977e+01
   1.1100000e+03   1.4731544e+01
   1.1200000e+03   1.4745672e+01
   1.1300000e+03   1.4744032e+01
   1.1400000e+03   1.4718521e+01
   1.1500000e+03   1.4736372e+01
   1.1600000e+03   1.4741956e+01
   1.1700000e+03   1.4728795e+01
   1.1800000e+03   1.4723427e+01
   1.1900000e+03   1.4726080e+01
   1.2000000e+03   1.4723588e+01
   1.2100000e+03   1.4725042e+01
   1.2200000e+03   1.4724120e+01
   1.2300000e+03   1.4713652e+01
   1.2400000e+03   1.4712714e+01
   1.2500000e+03   1.4711012e+01
   1.2600000e+03   1.4718798e+01
   1.2700000e+03   1.4716884e+01
   1.2800000e+03   1.4714319e+01
   1.2900000e+03   1.4715588e+01
   1.3000000e+03   1.4712591e+01
   1.3100000e+03   1.4719273e+01
   1.3200000e+03   1.4712156e+01
   1.3300000e+03   1.4715936e+01
   1.3400000e+03   1.4710705e+01
   1.3500000e+03   1.4709940e+01
   1.3600000e+03   1.4692286e+01
   1.3700000e+03   1.4712146e+01
   1.3800000e+03   1.4707440e+01
   1.3900000e+03   1.4714132e+01
   1.4000000e+03   1.4701222e+01
   1.4100000e+03   1.4709261e+01
   1.4200000e+03   1.4714679e+01
   1.4300000e+03   1.4692677e+01
   1.4400000e+03   1.4714295e+01
   1.4500000e+03   1.4696161e+01
   1.4600000e+03   1.4697156e+01
   1.4700000e+03   1.4696514e+01
   1.4800000e+03   1.4697979e+01
   1.4900000e+03   1.4701882e+01
   1.5000000e+03   1.4710837e+01
   1.5100000e+03   1.4689646e+01
   1.5200000e+03   1.4698667e+01
   1.5300000e+03   1.4696336e+01
   1.5400000e+03   1.4707389e+01
   1.5500000e+03   1.4690300e+01
   1.5600000e+03   1.4679487e+01
   1.5700000e+03   1.4701142e+01
   1.5800000e+03   1.4685697e+01
   1.5900000e+03   1.4688115e+01
   1.6000000e+03   1.4668513e+01
   1.6100000e+03   1.4672559e+01
   1.6200000e+03   1.4673882e+01
   1.6300000e+03   1.4673421e+01
   1.6400000e+03   1.4676389e+01
   1.6500000e+03   1.4661826e+01
   1.6600000e+03   1.4659768e+01
   1.6700000e+03   1.4661111e+01
   1.6800000e+03   1.4665214e+01
   1.6900000e+03   1.4667563e+01
   1.7000000e+03   1.4661070e+01
   1.7100000e+03   1.4655653e+01
   1.7200000e+03   1.4650721e+01
   1.7300000e+03   1.4654299e+01
   1.7400000e+03   1.4666449e+01
   1.7500000e+03   1.4662499e+01
   1.7600000e+03   1.4662844e+01
   1.7700000e+03   1.4664887e+01
   1.7800000e+03   1.4666063e+01
   1.7900000e+03   1.4663509e+01
   1.8000000e+03   1.4675602e+01
   1.8100000e+03   1.4668678e+01
   1.8200000e+03   1.4669760e+01
   1.8300000e+03   1.4665228e+01
   1.8400000e+03   1.4661070e+01
   1.8500000e+03   1.4670259e+01
   1.8600000e+03   1.4658154e+01
   1.8700000e+03   1.4663239e+01
   1.8800000e+03   1.4669550e+01
   1.8900000e+03   1.4670277e+01
   1.9000000e+03   1.4667598e+01
   1.9100000e+03   1.4663653e+01
   1.9200000e+03   1.4678749e+01
   1.9300000e+03   1.4673462e+01
   1.9400000e+03   1.4682457e+01
   1.9500000e+03   1.4681657e+01
   1.9600000e+03   1.4690005e+01
   1.9700000e+03   1.4693260e+01
   1.9800000e+03   1.4699627e+01
   1.9900000e+03   1.4690621e+01
   2.0000000e+03   1.4702066e+01
   2.0100000e+03   1.4696217e+01
   2.0200000e+03   1.4693235e+01
   2.0300000e+03   1.4685791e+01
   2.0400000e+03   1.4698195e+01
   2.0500000e+03   1.4697854e+01
   2.0600000e+03   1.4694868e+01
   2.0700000e+03   1.4717835e+01
   2.0800000e+03   1.4713228e+01
   2.0900000e+03   1.4719785e+01
   2.1000000e+03   1.4689149e+01
   2.1100000e+03   1.4687013e+01
   2.1200000e+03   1.4696747e+01
   2.1300000e+03   1.4683111e+01
   2.1400000e+03   1.4684483e+01
   2.1500000e+03   1.4676085e+01
   2.1600000e+03   1.4685907e+01
   2.1700000e+03   1.4682124e+01
   2.1800000e+03   1.4680428e+01
   2.1900000e+03   1.4680135e+01
   2.2000000e+03   1.4682074e+01
   2.2100000e+03   1.4673274e+01
   2.2200000e+03   1.4671235e+01
   2.2300000e+03   1.4687917e+01
   2.2400000e+03   1.4679155e+01
   2.2500000e+03   1.4694870e+01
   2.2600000e+03   1.4693760e+01
   2.2700000e+03   1.4690770e+01
   2.2800000e+03   1.4681494e+01
   2.2900000e+03   1.4681391e+01
   2.3000000e+03   1.4685174e+01
   2.3100000e+03   1.4674528e+01
   2.3200000e+03   1.4681341e+01
   2.3300000e+03   1.4672813e+01
   2.3400000e+03   1.4671020e+01
   2.3500000e+03   1.4668623e+01
   2.3600000e+03   1.4668011e+01
   2.3700000e+03   1.4678240e+01
   2.3800000e+03   1.4671103e+01
   2.3900000e+03   1.4683608e+01
   2.4000000e+03   1.4679018e+01
   2.4100000e+03   1.4681080e+01
   2.4200000e+03   1.4682960e+01
   2.4300000e+03   1.4664696e+01
   2.4400000e+03   1.4680703e+01
   2.4500000e+03   1.4677529e+01
   2.4600000e+03   1.4694637e+01
   2.4700000e+03   1.4685226e+01
   2.4800000e+03   1.4667642e+01
   2.4900000e+03   1.4676628e+01
   2.5000000e+03   1.4675008e+01
   2.5100000e+03   1.4679486e+01
   2.5200000e+03   1.4679790e+01
   2.5300000e+03   1.4668513e+01
   2.5400000e+03   1.4668610e+01
   2.5500000e+03   1.4674113e+01
   2.5600000e+03   1.4666011e+01
   2.5700000e+03   1.4671999e+01
   2.5800000e+03   1.4679207e+01
   2.5900000e+03   1.4671150e+01
   2.6000000e+03   1.4675397e+01
   2.6100000e+03   1.4679072e+01
   2.6200000e+03   1.4676667e+01
   2.6300000e+03   1.4675539e+01
   2.6400000e+03   1.4671104e+01
   2.6500000e+03   1.4675879e+01
   2.6600000e+03   1.4666408e+01
   2.6700000e+03   1.4676302e+01
   2.6800000e+03   1.4677368e+01
   2.6900000e+03   1.4671419e+01
   2.7000000e+03   1.4686651e+01
   2.7100000e+03   1.4681349e+01
   2.7200000e+03   1.4687232e+01
   2.7300000e+03   1.4681585e+01
   2.7400000e+03   1.4676403e+01
   2.7500000e+03   1.4677319e+01
   2.7600000e+03   1.4668579e+01
   2.7700000e+03   1.4684359e+01
   2.7800000e+03   1.4681881e+01
   2.7900000e+03   1.4678812e+01
   2.8000000e+03   1.4685790e+01
   2.8100000e+03   1.4680125e+01
   2.8200000e+03   1.4678024e+01
   2.8300000e+03   1.4688763e+01
   2.8400000e+03   1.4690498e+01
   2.8500000e+03   1.4693830e+01
   2.8600000e+03   1.4687461e+01
   2.8700000e+03   1.4691498e+01
   2.8800000e+03   1.4692755e+01
   2.8900000e+03   1.4684815e+01
   2.9000000e+03   1.4681804e+01
   2.9100000e+03   1.4686098e+01
   2.9200000e+03   1.4688161e+01
   2.9300000e+03   1.4670671e+01
   2.9400000e+03   1.4678298e+01
   2.9500000e+03   1.4668673e+01
   2.9600000e+03   1.4670680e+01
   2.9700000e+03   1.4673535e+01
   2.9800000e+03   1.4666910e+01
   2.9900000e+03   1.4661127e+01
   3.0000000e+03   1.4669208e+01
   3.0100000e+03   1.4670881e+01
   3.0200000e+03   1.4665319e+01
   3.0300000e+03   1.4663384e+01
   3.0400000e+03   1.4671672e+01
   3.0500000e+03   1.4678338e+01
   3.0600000e+03   1.4662981e+01
   3.0700000e+03   1.4658167e+01
   3.0800000e+03   1.4658062e+01
   3.0900000e+03   1.4648338e+01
   3.1000000e+03   1.4658010e+01
   3.1100000e+03   1.4643030e+01
   3.1200000e+03   1.4643491e+01
   3.1300000e+03   1.4657992e+01
   3.1400000e+03   1.4658032e+01
   3.1500000e+03   1.4649402e+01
   3.1600000e+03   1.4651455e+01
   3.1700000e+03   1.4650873e+01
   3.1800000e+03   1.4642307e+01
   3.1900000e+03   1.4652011e+01
   3.2000000e+03   1.4655014e+01
   3.2100000e+03   1.4656237e+01
   3.2200000e+03   1.4642610e+01
   3.2300000e+03   1.4640733e+01
   3.2400000e+03   1.4645723e+01
   3.2500000e+03   1.4644431e+01
   3.2600000e+03   1.4654318e+01
   3.2700000e+03   1.4658503e+01
   3.2800000e+03   1.4655823e+01
   3.2900000e+03   1.4659718e+01
   3.3000000e+03   1.4649758e+01
   3.3100000e+03   1.4632031e+01
   3.3200000e+03   1.4653676e+01
   3.3300000e+03   1.4649512e+01
   3.3400000e+03   1.4643079e+01
   3.3500000e+03   1.4629332e+01
   3.3600000e+03   1.4631356e+01
   3.3700000e+03   1.4622583e+01
   3.3800000e+03   1.4638199e+01
   3.3900000e+03   1.4613953e+01
   3.4000000e+03   1.4620825e+01
   3.4100000e+03   1.4641030e+01
   3.4200000e+03   1.4626864e+01
   3.4300000e+03   1.4644902e+01
   3.4400000e+03   1.4621505e+01
   3.4500000e+03   1.4623385e+01
   3.4600000e+03   1.4613154e+01
   3.4700000e+03   1.4621252e+01
   3.4800000e+03   1.4620051e+01
   3.4900000e+03   1.4629682e+01
