   0.0000000e+00   1.7159275e+01
   1.0000000e+01   1.7189277e+01
   2.0000000e+01   1.7260685e+01
   3.0000000e+01   1.7279125e+01
   4.0000000e+01   1.7286272e+01
   5.0000000e+01   1.7277829e+01
   6.0000000e+01   1.7276778e+01
   7.0000000e+01   1.7261822e+01
   8.0000000e+01   1.7280473e+01
   9.0000000e+01   1.7281866e+01
   1.0000000e+02   1.7358085e+01
   1.1000000e+02   1.7449102e+01
   1.2000000e+02   1.7456886e+01
   1.3000000e+02   1.7582674e+01
   1.4000000e+02   1.7884819e+01
   1.5000000e+02   1.7974765e+01
   1.6000000e+02   1.8027666e+01
   1.7000000e+02   1.8038037e+01
   1.8000000e+02   1.8046037e+01
   1.9000000e+02   1.8072921e+01
   2.0000000e+02   1.8069437e+01
   2.1000000e+02   1.8080251e+01
   2.2000000e+02   1.8080940e+01
   2.3000000e+02   1.8071158e+01
   2.4000000e+02   1.8079234e+01
   2.5000000e+02   1.8089432e+01
   2.6000000e+02   1.8078375e+01
   2.7000000e+02   1.8088384e+01
   2.8000000e+02   1.8094752e+01
   2.9000000e+02   1.8096175e+01
   3.0000000e+02   1.8104517e+01
   3.1000000e+02   1.8094321e+01
   3.2000000e+02   1.8092918e+01
   3.3000000e+02   1.8088912e+01
   3.4000000e+02   1.8095604e+01
   3.5000000e+02   1.8101618e+01
   3.6000000e+02   1.8084267e+01
   3.7000000e+02   1.8090369e+01
   3.8000000e+02   1.8084583e+01
   3.9000000e+02   1.8095326e+01
   4.0000000e+02   1.8092239e+01
   4.1000000e+02   1.8094418e+01
   4.2000000e+02   1.8092834e+01
   4.3000000e+02   1.8093755e+01
   4.4000000e+02   1.8085277e+01
   4.5000000e+02   1.8085908e+01
   4.6000000e+02   1.8073507e+01
   4.7000000e+02   1.8075040e+01
   4.8000000e+02   1.8092846e+01
   4.9000000e+02   1.8082171e+01
   5.0000000e+02   1.8096518e+01
   5.1000000e+02   1.8087019e+01
   5.2000000e+02   1.8077298e+01
   5.3000000e+02   1.8090020e+01
   5.4000000e+02   1.8083653e+01
   5.5000000e+02   1.8092211e+01
   5.6000000e+02   1.8081308e+01
   5.7000000e+02   1.8075176e+01
   5.8000000e+02   1.8071171e+01
   5.9000000e+02   1.8073224e+01
   6.0000000e+02   1.8062515e+01
   6.1000000e+02   1.8061370e+01
   6.2000000e+02   1.8076510e+01
   6.3000000e+02   1.8053229e+01
   6.4000000e+02   1.8061662e+01
   6.5000000e+02   1.8056041e+01
   6.6000000e+02   1.8055660e+01
   6.7000000e+02   1.8050803e+01
   6.8000000e+02   1.8044954e+01
   6.9000000e+02   1.8055390e+01
   7.0000000e+02   1.8059249e+01
   7.1000000e+02   1.8058105e+01
   7.2000000e+02   1.8047329e+01
   7.3000000e+02   1.8046763e+01
   7.4000000e+02   1.8058449e+01
   7.5000000e+02   1.8053604e+01
   7.6000000e+02   1.8069623e+01
   7.7000000e+02   1.8062989e+01
   7.8000000e+02   1.8055828e+01
   7.9000000e+02   1.8055081e+01
   8.0000000e+02   1.8047304e+01
   8.1000000e+02   1.8053269e+01
   8.2000000e+02   1.8056760e+01
   8.3000000e+02   1.8067686e+01
   8.4000000e+02   1.8045328e+01
   8.5000000e+02   1.8055597e+01
   8.6000000e+02   1.8059988e+01
   8.7000000e+02   1.8063965e+01
   8.8000000e+02   1.8048067e+01
   8.9000000e+02   1.8029021e+01
   9.0000000e+02   1.8046368e+01
   9.1000000e+02   1.8052848e+01
   9.2000000e+02   1.8054134e+01
   9.3000000e+02   1.8048956e+01
   9.4000000e+02   1.8048255e+01
   9.5000000e+02   1.8044693e+01
   9.6000000e+02   1.8060801e+01
   9.7000000e+02   1.8052236e+01
   9.8000000e+02   1.8061901e+01
   9.9000000e+02   1.8047366e+01
   1.0000000e+03   1.8048159e+01
   1.0100000e+03   1.8061844e+01
   1.0200000e+03   1.8048241e+01
   1.0300000e+03   1.8049000e+01
   1.0400000e+03   1.8049329e+01
   1.0500000e+03   1.8050522e+01
   1.0600000e+03   1.8031531e+01
   1.0700000e+03   1.8030872e+01
   1.0800000e+03   1.8034580e+01
   1.0900000e+03   1.8051553e+01
   1.1000000e+03   1.8049641e+01
   1.1100000e+03   1.8033908e+01
   1.1200000e+03   1.8040042e+01
   1.1300000e+03   1.8042218e+01
   1.1400000e+03   1.8039661e+01
   1.1500000e+03   1.8040636e+01
   1.1600000e+03   1.8041795e+01
   1.1700000e+03   1.8061442e+01
   1.1800000e+03   1.8046688e+01
   1.1900000e+03   1.8030364e+01
   1.2000000e+03   1.8034330e+01
   1.2100000e+03   1.8045950e+01
   1.2200000e+03   1.8042364e+01
   1.2300000e+03   1.8025585e+01
   1.2400000e+03   1.8053300e+01
   1.2500000e+03   1.8051963e+01
   1.2600000e+03   1.8039960e+01
   1.2700000e+03   1.8039151e+01
   1.2800000e+03   1.8036236e+01
   1.2900000e+03   1.8023777e+01
   1.3000000e+03   1.8035118e+01
   1.3100000e+03   1.8030295e+01
   1.3200000e+03   1.8028565e+01
   1.3300000e+03   1.8026333e+01
   1.3400000e+03   1.8039038e+01
   1.3500000e+03   1.8027432e+01
   1.3600000e+03   1.8029745e+01
   1.3700000e+03   1.8023689e+01
   1.3800000e+03   1.8035284e+01
   1.3900000e+03   1.8022413e+01
   1.4000000e+03   1.8020979e+01
   1.4100000e+03   1.8023747e+01
   1.4200000e+03   1.8023069e+01
   1.4300000e+03   1.8026070e+01
   1.4400000e+03   1.8014540e+01
   1.4500000e+03   1.8034156e+01
   1.4600000e+03   1.8024326e+01
   1.4700000e+03   1.8023741e+01
   1.4800000e+03   1.8029530e+01
   1.4900000e+03   1.8040197e+01
   1.5000000e+03   1.8033798e+01
   1.5100000e+03   1.8029539e+01
   1.5200000e+03   1.8025743e+01
   1.5300000e+03   1.8048636e+01
   1.5400000e+03   1.8034796e+01
   1.5500000e+03   1.8030292e+01
   1.5600000e+03   1.8019576e+01
   1.5700000e+03   1.8031573e+01
   1.5800000e+03   1.8031439e+01
   1.5900000e+03   1.8019176e+01
   1.6000000e+03   1.8024624e+01
   1.6100000e+03   1.8023474e+01
   1.6200000e+03   1.8027918e+01
   1.6300000e+03   1.8022241e+01
   1.6400000e+03   1.8025302e+01
   1.6500000e+03   1.8031733e+01
   1.6600000e+03   1.8030001e+01
   1.6700000e+03   1.8029627e+01
   1.6800000e+03   1.8029198e+01
   1.6900000e+03   1.8033130e+01
   1.7000000e+03   1.8023912e+01
   1.7100000e+03   1.8035811e+01
   1.7200000e+03   1.8026294e+01
   1.7300000e+03   1.8029089e+01
   1.7400000e+03   1.8040975e+01
   1.7500000e+03   1.8022395e+01
   1.7600000e+03   1.8025320e+01
   1.7700000e+03   1.8031097e+01
   1.7800000e+03   1.8015302e+01
   1.7900000e+03   1.8020522e+01
   1.8000000e+03   1.8024709e+01
   1.8100000e+03   1.8009531e+01
   1.8200000e+03   1.8018668e+01
   1.8300000e+03   1.8024493e+01
   1.8400000e+03   1.8020673e+01
   1.8500000e+03   1.8018824e+01
   1.8600000e+03   1.8021981e+01
   1.8700000e+03   1.8009540e+01
   1.8800000e+03   1.8015183e+01
   1.8900000e+03   1.8001236e+01
   1.9000000e+03   1.8009575e+01
   1.9100000e+03   1.8010307e+01
   1.9200000e+03   1.8004878e+01
   1.9300000e+03   1.8013151e+01
   1.9400000e+03   1.8018553e+01
   1.9500000e+03   1.8022404e+01
   1.9600000e+03   1.8026938e+01
   1.9700000e+03   1.8025454e+01
   1.9800000e+03   1.8019817e+01
   1.9900000e+03   1.8015482e+01
   2.0000000e+03   1.8014965e+01
   2.0100000e+03   1.8021048e+01
   2.0200000e+03   1.8015579e+01
   2.0300000e+03   1.8021442e+01
   2.0400000e+03   1.8021812e+01
   2.0500000e+03   1.8007910e+01
   2.0600000e+03   1.8007352e+01
   2.0700000e+03   1.8012122e+01
   2.0800000e+03   1.8016488e+01
   2.0900000e+03   1.8002446e+01
   2.1000000e+03   1.8022286e+01
   2.1100000e+03   1.8010695e+01
   2.1200000e+03   1.8002171e+01
   2.1300000e+03   1.8017975e+01
   2.1400000e+03   1.8019229e+01
   2.1500000e+03   1.8022489e+01
   2.1600000e+03   1.8016454e+01
   2.1700000e+03   1.8005781e+01
   2.1800000e+03   1.8011686e+01
   2.1900000e+03   1.8013597e+01
   2.2000000e+03   1.8025059e+01
   2.2100000e+03   1.8009227e+01
   2.2200000e+03   1.8020418e+01
   2.2300000e+03   1.8009411e+01
   2.2400000e+03   1.8006110e+01
   2.2500000e+03   1.8003429e+01
   2.2600000e+03   1.8035763e+01
   2.2700000e+03   1.8011072e+01
   2.2800000e+03   1.8017469e+01
   2.2900000e+03   1.8005198e+01
   2.3000000e+03   1.8010368e+01
   2.3100000e+03   1.8006953e+01
   2.3200000e+03   1.8015462e+01
   2.3300000e+03   1.8011738e+01
   2.3400000e+03   1.8007267e+01
   2.3500000e+03   1.8013236e+01
   2.3600000e+03   1.8015400e+01
   2.3700000e+03   1.8017878e+01
   2.3800000e+03   1.8013223e+01
   2.3900000e+03   1.7998024e+01
   2.4000000e+03   1.7992146e+01
   2.4100000e+03   1.8015070e+01
   2.4200000e+03   1.8014542e+01
   2.4300000e+03   1.8005688e+01
   2.4400000e+03   1.8004037e+01
   2.4500000e+03   1.8013693e+01
   2.4600000e+03   1.7998094e+01
   2.4700000e+03   1.8006759e+01
   2.4800000e+03   1.8013876e+01
   2.4900000e+03   1.8011544e+01
   2.5000000e+03   1.8018728e+01
   2.5100000e+03   1.8002216e+01
   2.5200000e+03   1.8023488e+01
   2.5300000e+03   1.8003238e+01
   2.5400000e+03   1.8019629e+01
   2.5500000e+03   1.8015232e+01
   2.5600000e+03   1.8019325e+01
   2.5700000e+03   1.8014816e+01
   2.5800000e+03   1.8007212e+01
   2.5900000e+03   1.7994683e+01
   2.6000000e+03   1.8000745e+01
   2.6100000e+03   1.7995216e+01
   2.6200000e+03   1.8002231e+01
   2.6300000e+03   1.7994175e+01
   2.6400000e+03   1.8007981e+01
   2.6500000e+03   1.8019043e+01
   2.6600000e+03   1.7998974e+01
   2.6700000e+03   1.8002842e+01
   2.6800000e+03   1.8005760e+01
   2.6900000e+03   1.7994830e+01
   2.7000000e+03   1.8001085e+01
   2.7100000e+03   1.8006076e+01
   2.7200000e+03   1.8008050e+01
   2.7300000e+03   1.7996256e+01
   2.7400000e+03   1.8025599e+01
   2.7500000e+03   1.8007076e+01
   2.7600000e+03   1.7998337e+01
   2.7700000e+03   1.7997812e+01
   2.7800000e+03   1.7988946e+01
   2.7900000e+03   1.8001683e+01
   2.8000000e+03   1.7999496e+01
   2.8100000e+03   1.8006162e+01
   2.8200000e+03   1.7992420e+01
   2.8300000e+03   1.7994988e+01
   2.8400000e+03   1.8009156e+01
   2.8500000e+03   1.8007007e+01
   2.8600000e+03   1.8006622e+01
   2.8700000e+03   1.7999444e+01
   2.8800000e+03   1.8015485e+01
   2.8900000e+03   1.7995090e+01
   2.9000000e+03   1.8023082e+01
   2.9100000e+03   1.8008076e+01
   2.9200000e+03   1.8010305e+01
   2.9300000e+03   1.8014791e+01
   2.9400000e+03   1.8010760e+01
   2.9500000e+03   1.8020132e+01
   2.9600000e+03   1.8006108e+01
   2.9700000e+03   1.8006004e+01
   2.9800000e+03   1.8004730e+01
   2.9900000e+03   1.8005814e+01
   3.0000000e+03   1.7997022e+01
   3.0100000e+03   1.8008305e+01
   3.0200000e+03   1.8011565e+01
   3.0300000e+03   1.8003495e+01
   3.0400000e+03   1.8008690e+01
   3.0500000e+03   1.8004527e+01
   3.0600000e+03   1.8005573e+01
   3.0700000e+03   1.7998098e+01
   3.0800000e+03   1.7995033e+01
   3.0900000e+03   1.7986772e+01
   3.1000000e+03   1.8000405e+01
   3.1100000e+03   1.7997124e+01
   3.1200000e+03   1.8000751e+01
   3.1300000e+03   1.7995175e+01
   3.1400000e+03   1.8002515e+01
   3.1500000e+03   1.7995263e+01
   3.1600000e+03   1.8000321e+01
   3.1700000e+03   1.7996420e+01
   3.1800000e+03   1.8001722e+01
   3.1900000e+03   1.7997345e+01
   3.2000000e+03   1.8002882e+01
   3.2100000e+03   1.8009191e+01
   3.2200000e+03   1.7995197e+01
   3.2300000e+03   1.7995836e+01
   3.2400000e+03   1.7999361e+01
   3.2500000e+03   1.8003028e+01
   3.2600000e+03   1.7997312e+01
   3.2700000e+03   1.7996285e+01
   3.2800000e+03   1.7997245e+01
   3.2900000e+03   1.7998037e+01
   3.3000000e+03   1.8009141e+01
   3.3100000e+03   1.8001744e+01
   3.3200000e+03   1.8002678e+01
   3.3300000e+03   1.7995693e+01
   3.3400000e+03   1.8009439e+01
   3.3500000e+03   1.8011787e+01
   3.3600000e+03   1.7994914e+01
   3.3700000e+03   1.8004275e+01
   3.3800000e+03   1.8006378e+01
   3.3900000e+03   1.8005892e+01
   3.4000000e+03   1.7995094e+01
   3.4100000e+03   1.8006971e+01
   3.4200000e+03   1.8003432e+01
   3.4300000e+03   1.7988134e+01
   3.4400000e+03   1.8000151e+01
   3.4500000e+03   1.7990422e+01
   3.4600000e+03   1.7986764e+01
   3.4700000e+03   1.7983702e+01
   3.4800000e+03   1.7992007e+01
   3.4900000e+03   1.7990660e+01
