   0.0000000e+00   1.7735041e+01
   1.0000000e+01   1.7743207e+01
   2.0000000e+01   1.7732918e+01
   3.0000000e+01   1.7737027e+01
   4.0000000e+01   1.7715628e+01
   5.0000000e+01   1.7231106e+01
   6.0000000e+01   1.6954987e+01
   7.0000000e+01   1.6734290e+01
   8.0000000e+01   1.6549407e+01
   9.0000000e+01   1.6454535e+01
   1.0000000e+02   1.6310587e+01
   1.1000000e+02   1.6224323e+01
   1.2000000e+02   1.6149502e+01
   1.3000000e+02   1.6073369e+01
   1.4000000e+02   1.6042198e+01
   1.5000000e+02   1.5981192e+01
   1.6000000e+02   1.5947975e+01
   1.7000000e+02   1.5897499e+01
   1.8000000e+02   1.5814616e+01
   1.9000000e+02   1.5809026e+01
   2.0000000e+02   1.5725245e+01
   2.1000000e+02   1.5718062e+01
   2.2000000e+02   1.5688294e+01
   2.3000000e+02   1.5625811e+01
   2.4000000e+02   1.5540307e+01
   2.5000000e+02   1.5597889e+01
   2.6000000e+02   1.5597291e+01
   2.7000000e+02   1.5530045e+01
   2.8000000e+02   1.5479414e+01
   2.9000000e+02   1.5507608e+01
   3.0000000e+02   1.5482968e+01
   3.1000000e+02   1.5428566e+01
   3.2000000e+02   1.5392580e+01
   3.3000000e+02   1.5424704e+01
   3.4000000e+02   1.5409742e+01
   3.5000000e+02   1.5373218e+01
   3.6000000e+02   1.5348807e+01
   3.7000000e+02   1.5357969e+01
   3.8000000e+02   1.5332139e+01
   3.9000000e+02   1.5291892e+01
   4.0000000e+02   1.5314256e+01
   4.1000000e+02   1.5277744e+01
   4.2000000e+02   1.5267654e+01
   4.3000000e+02   1.5262753e+01
   4.4000000e+02   1.5231248e+01
   4.5000000e+02   1.5230594e+01
   4.6000000e+02   1.5184514e+01
   4.7000000e+02   1.5184868e+01
   4.8000000e+02   1.5176185e+01
   4.9000000e+02   1.5232568e+01
   5.0000000e+02   1.5132449e+01
   5.1000000e+02   1.5175490e+01
   5.2000000e+02   1.5141523e+01
   5.3000000e+02   1.5124166e+01
   5.4000000e+02   1.5099231e+01
   5.5000000e+02   1.5121595e+01
   5.6000000e+02   1.5151615e+01
   5.7000000e+02   1.5063649e+01
   5.8000000e+02   1.5037488e+01
   5.9000000e+02   1.5055213e+01
   6.0000000e+02   1.5066203e+01
   6.1000000e+02   1.5052191e+01
   6.2000000e+02   1.5038679e+01
   6.3000000e+02   1.5027115e+01
   6.4000000e+02   1.5027123e+01
   6.5000000e+02   1.4980099e+01
   6.6000000e+02   1.4983576e+01
   6.7000000e+02   1.4996408e+01
   6.8000000e+02   1.4995185e+01
   6.9000000e+02   1.4989617e+01
   7.0000000e+02   1.4991970e+01
   7.1000000e+02   1.4984136e+01
   7.2000000e+02   1.4959864e+01
   7.3000000e+02   1.4942609e+01
   7.4000000e+02   1.4928831e+01
   7.5000000e+02   1.4956792e+01
   7.6000000e+02   1.4929888e+01
   7.7000000e+02   1.4932265e+01
   7.8000000e+02   1.4928865e+01
   7.9000000e+02   1.4968115e+01
   8.0000000e+02   1.4962545e+01
   8.1000000e+02   1.4960268e+01
   8.2000000e+02   1.4949356e+01
   8.3000000e+02   1.4979176e+01
   8.4000000e+02   1.4915375e+01
   8.5000000e+02   1.4958013e+01
   8.6000000e+02   1.4933972e+01
   8.7000000e+02   1.4934953e+01
   8.8000000e+02   1.4929714e+01
   8.9000000e+02   1.4920584e+01
   9.0000000e+02   1.4892542e+01
   9.1000000e+02   1.4962482e+01
   9.2000000e+02   1.4919079e+01
   9.3000000e+02   1.4922292e+01
   9.4000000e+02   1.4961507e+01
   9.5000000e+02   1.4986936e+01
   9.6000000e+02   1.4993112e+01
   9.7000000e+02   1.4932907e+01
   9.8000000e+02   1.4921983e+01
   9.9000000e+02   1.4926250e+01
   1.0000000e+03   1.4927292e+01
   1.0100000e+03   1.4881096e+01
   1.0200000e+03   1.4891938e+01
   1.0300000e+03   1.4937511e+01
   1.0400000e+03   1.4881759e+01
   1.0500000e+03   1.4877890e+01
   1.0600000e+03   1.4938370e+01
   1.0700000e+03   1.4917731e+01
   1.0800000e+03   1.4915330e+01
   1.0900000e+03   1.4914016e+01
   1.1000000e+03   1.4861513e+01
   1.1100000e+03   1.4884598e+01
   1.1200000e+03   1.4879885e+01
   1.1300000e+03   1.4898481e+01
   1.1400000e+03   1.4860877e+01
   1.1500000e+03   1.4909428e+01
   1.1600000e+03   1.4862214e+01
   1.1700000e+03   1.4849054e+01
   1.1800000e+03   1.4820425e+01
   1.1900000e+03   1.4825870e+01
   1.2000000e+03   1.4818261e+01
   1.2100000e+03   1.4813201e+01
   1.2200000e+03   1.4825770e+01
   1.2300000e+03   1.4806232e+01
   1.2400000e+03   1.4829950e+01
   1.2500000e+03   1.4828481e+01
   1.2600000e+03   1.4822077e+01
   1.2700000e+03   1.4842028e+01
   1.2800000e+03   1.4845045e+01
   1.2900000e+03   1.4825846e+01
   1.3000000e+03   1.4830060e+01
   1.3100000e+03   1.4822553e+01
   1.3200000e+03   1.4821251e+01
   1.3300000e+03   1.4820843e+01
   1.3400000e+03   1.4843990e+01
   1.3500000e+03   1.4846715e+01
   1.3600000e+03   1.4803475e+01
   1.3700000e+03   1.4823334e+01
   1.3800000e+03   1.4814674e+01
   1.3900000e+03   1.4799734e+01
   1.4000000e+03   1.4762168e+01
   1.4100000e+03   1.4799748e+01
   1.4200000e+03   1.4805165e+01
   1.4300000e+03   1.4793399e+01
   1.4400000e+03   1.4818273e+01
   1.4500000e+03   1.4799675e+01
   1.4600000e+03   1.4808346e+01
   1.4700000e+03   1.4772580e+01
   1.4800000e+03   1.4789629e+01
   1.4900000e+03   1.4823538e+01
   1.5000000e+03   1.4815279e+01
   1.5100000e+03   1.4830609e+01
   1.5200000e+03   1.4844514e+01
   1.5300000e+03   1.4815434e+01
   1.5400000e+03   1.4866261e+01
   1.5500000e+03   1.4842195e+01
   1.5600000e+03   1.4827662e+01
   1.5700000e+03   1.4863968e+01
   1.5800000e+03   1.4824102e+01
   1.5900000e+03   1.4762087e+01
   1.6000000e+03   1.4758072e+01
   1.6100000e+03   1.4781890e+01
   1.6200000e+03   1.4811590e+01
   1.6300000e+03   1.4793917e+01
   1.6400000e+03   1.4819912e+01
   1.6500000e+03   1.4809305e+01
   1.6600000e+03   1.4808875e+01
   1.6700000e+03   1.4800914e+01
   1.6800000e+03   1.4808738e+01
   1.6900000e+03   1.4799457e+01
   1.7000000e+03   1.4785986e+01
   1.7100000e+03   1.4783826e+01
   1.7200000e+03   1.4786338e+01
   1.7300000e+03   1.4807361e+01
   1.7400000e+03   1.4819045e+01
   1.7500000e+03   1.4798580e+01
   1.7600000e+03   1.4787295e+01
   1.7700000e+03   1.4793757e+01
   1.7800000e+03   1.4780279e+01
   1.7900000e+03   1.4786332e+01
   1.8000000e+03   1.4790049e+01
   1.8100000e+03   1.4776613e+01
   1.8200000e+03   1.4781649e+01
   1.8300000e+03   1.4800612e+01
   1.8400000e+03   1.4807851e+01
   1.8500000e+03   1.4805642e+01
   1.8600000e+03   1.4799586e+01
   1.8700000e+03   1.4745122e+01
   1.8800000e+03   1.4756782e+01
   1.8900000e+03   1.4752857e+01
   1.9000000e+03   1.4773440e+01
   1.9100000e+03   1.4752747e+01
   1.9200000e+03   1.4767144e+01
   1.9300000e+03   1.4790235e+01
   1.9400000e+03   1.4812721e+01
   1.9500000e+03   1.4812386e+01
   1.9600000e+03   1.4848878e+01
   1.9700000e+03   1.4834455e+01
   1.9800000e+03   1.4813375e+01
   1.9900000e+03   1.4827863e+01
   2.0000000e+03   1.4794414e+01
   2.0100000e+03   1.4749487e+01
   2.0200000e+03   1.4759066e+01
   2.0300000e+03   1.4761159e+01
   2.0400000e+03   1.4745649e+01
   2.0500000e+03   1.4731352e+01
   2.0600000e+03   1.4777912e+01
   2.0700000e+03   1.4798319e+01
   2.0800000e+03   1.4827672e+01
   2.0900000e+03   1.4815620e+01
   2.1000000e+03   1.4806852e+01
   2.1100000e+03   1.4752379e+01
   2.1200000e+03   1.4738386e+01
   2.1300000e+03   1.4748710e+01
   2.1400000e+03   1.4721005e+01
   2.1500000e+03   1.4747267e+01
   2.1600000e+03   1.4758252e+01
   2.1700000e+03   1.4749817e+01
   2.1800000e+03   1.4751842e+01
   2.1900000e+03   1.4745967e+01
   2.2000000e+03   1.4770236e+01
   2.2100000e+03   1.4779813e+01
   2.2200000e+03   1.4748465e+01
   2.2300000e+03   1.4773055e+01
   2.2400000e+03   1.4743359e+01
   2.2500000e+03   1.4752327e+01
   2.2600000e+03   1.4767733e+01
   2.2700000e+03   1.4803821e+01
   2.2800000e+03   1.4770354e+01
   2.2900000e+03   1.4783510e+01
   2.3000000e+03   1.4773103e+01
   2.3100000e+03   1.4768040e+01
   2.3200000e+03   1.4768107e+01
   2.3300000e+03   1.4788192e+01
   2.3400000e+03   1.4758485e+01
   2.3500000e+03   1.4769813e+01
   2.3600000e+03   1.4753616e+01
   2.3700000e+03   1.4763844e+01
   2.3800000e+03   1.4752288e+01
   2.3900000e+03   1.4761070e+01
   2.4000000e+03   1.4774857e+01
   2.4100000e+03   1.4768545e+01
   2.4200000e+03   1.4761352e+01
   2.4300000e+03   1.4768677e+01
   2.4400000e+03   1.4762120e+01
   2.4500000e+03   1.4778019e+01
   2.4600000e+03   1.4796522e+01
   2.4700000e+03   1.4804092e+01
   2.4800000e+03   1.4794418e+01
   2.4900000e+03   1.4782701e+01
   2.5000000e+03   1.4789688e+01
   2.5100000e+03   1.4778581e+01
   2.5200000e+03   1.4794237e+01
   2.5300000e+03   1.4781100e+01
   2.5400000e+03   1.4794223e+01
   2.5500000e+03   1.4792515e+01
   2.5600000e+03   1.4776970e+01
   2.5700000e+03   1.4788540e+01
   2.5800000e+03   1.4788770e+01
   2.5900000e+03   1.4770943e+01
   2.6000000e+03   1.4767747e+01
   2.6100000e+03   1.4763978e+01
   2.6200000e+03   1.4754130e+01
   2.6300000e+03   1.4766726e+01
   2.6400000e+03   1.4763221e+01
   2.6500000e+03   1.4775207e+01
   2.6600000e+03   1.4764574e+01
   2.6700000e+03   1.4761673e+01
   2.6800000e+03   1.4774138e+01
   2.6900000e+03   1.4772841e+01
   2.7000000e+03   1.4798074e+01
   2.7100000e+03   1.4799518e+01
   2.7200000e+03   1.4808657e+01
   2.7300000e+03   1.4763699e+01
   2.7400000e+03   1.4761541e+01
   2.7500000e+03   1.4775019e+01
   2.7600000e+03   1.4772327e+01
   2.7700000e+03   1.4762984e+01
   2.7800000e+03   1.4772137e+01
   2.7900000e+03   1.4780698e+01
   2.8000000e+03   1.4774417e+01
   2.8100000e+03   1.4783872e+01
   2.8200000e+03   1.4775957e+01
   2.8300000e+03   1.4771807e+01
   2.8400000e+03   1.4794942e+01
   2.8500000e+03   1.4786644e+01
   2.8600000e+03   1.4789114e+01
   2.8700000e+03   1.4801524e+01
   2.8800000e+03   1.4743001e+01
   2.8900000e+03   1.4746459e+01
   2.9000000e+03   1.4718325e+01
   2.9100000e+03   1.4744719e+01
   2.9200000e+03   1.4747247e+01
   2.9300000e+03   1.4742551e+01
   2.9400000e+03   1.4759482e+01
   2.9500000e+03   1.4785448e+01
   2.9600000e+03   1.4778382e+01
   2.9700000e+03   1.4800777e+01
   2.9800000e+03   1.4780195e+01
   2.9900000e+03   1.4795580e+01
   3.0000000e+03   1.4802729e+01
   3.0100000e+03   1.4805334e+01
   3.0200000e+03   1.4755808e+01
   3.0300000e+03   1.4777600e+01
   3.0400000e+03   1.4791238e+01
   3.0500000e+03   1.4768827e+01
   3.0600000e+03   1.4764170e+01
   3.0700000e+03   1.4749122e+01
   3.0800000e+03   1.4774139e+01
   3.0900000e+03   1.4777675e+01
   3.1000000e+03   1.4768272e+01
   3.1100000e+03   1.4720959e+01
   3.1200000e+03   1.4742589e+01
   3.1300000e+03   1.4747319e+01
   3.1400000e+03   1.4771086e+01
   3.1500000e+03   1.4742219e+01
   3.1600000e+03   1.4734734e+01
   3.1700000e+03   1.4716938e+01
   3.1800000e+03   1.4728378e+01
   3.1900000e+03   1.4722264e+01
   3.2000000e+03   1.4719916e+01
   3.2100000e+03   1.4714626e+01
   3.2200000e+03   1.4695416e+01
   3.2300000e+03   1.4724013e+01
   3.2400000e+03   1.4740168e+01
   3.2500000e+03   1.4718173e+01
   3.2600000e+03   1.4725501e+01
   3.2700000e+03   1.4725034e+01
   3.2800000e+03   1.4748174e+01
   3.2900000e+03   1.4730668e+01
   3.3000000e+03   1.4733735e+01
   3.3100000e+03   1.4691119e+01
   3.3200000e+03   1.4698108e+01
   3.3300000e+03   1.4691385e+01
   3.3400000e+03   1.4658432e+01
   3.3500000e+03   1.4650269e+01
   3.3600000e+03   1.4650897e+01
   3.3700000e+03   1.4647009e+01
   3.3800000e+03   1.4627498e+01
   3.3900000e+03   1.4638380e+01
   3.4000000e+03   1.4640598e+01
   3.4100000e+03   1.4671738e+01
   3.4200000e+03   1.4638728e+01
   3.4300000e+03   1.4671887e+01
   3.4400000e+03   1.4690131e+01
   3.4500000e+03   1.4672935e+01
   3.4600000e+03   1.4682478e+01
   3.4700000e+03   1.4687086e+01
   3.4800000e+03   1.4675649e+01
   3.4900000e+03   1.4704588e+01
