   0.0000000e+00   1.7560023e+01
   1.0000000e+01   1.7564243e+01
   2.0000000e+01   1.7561382e+01
   3.0000000e+01   1.7568045e+01
   4.0000000e+01   1.7568463e+01
   5.0000000e+01   1.7616956e+01
   6.0000000e+01   1.7701435e+01
   7.0000000e+01   1.7701620e+01
   8.0000000e+01   1.7716269e+01
   9.0000000e+01   1.7772818e+01
   1.0000000e+02   1.7759228e+01
   1.1000000e+02   1.7765438e+01
   1.2000000e+02   1.7763586e+01
   1.3000000e+02   1.7785725e+01
   1.4000000e+02   1.7764574e+01
   1.5000000e+02   1.7788133e+01
   1.6000000e+02   1.7758907e+01
   1.7000000e+02   1.7763045e+01
   1.8000000e+02   1.7748982e+01
   1.9000000e+02   1.7746649e+01
   2.0000000e+02   1.7714056e+01
   2.1000000e+02   1.7711061e+01
   2.2000000e+02   1.7697353e+01
   2.3000000e+02   1.7695314e+01
   2.4000000e+02   1.7709290e+01
   2.5000000e+02   1.7695985e+01
   2.6000000e+02   1.7692139e+01
   2.7000000e+02   1.7698811e+01
   2.8000000e+02   1.7660797e+01
   2.9000000e+02   1.7634165e+01
   3.0000000e+02   1.7643222e+01
   3.1000000e+02   1.7649956e+01
   3.2000000e+02   1.7629350e+01
   3.3000000e+02   1.7627068e+01
   3.4000000e+02   1.7617237e+01
   3.5000000e+02   1.7601200e+01
   3.6000000e+02   1.7619077e+01
   3.7000000e+02   1.7588762e+01
   3.8000000e+02   1.7591759e+01
   3.9000000e+02   1.7592203e+01
   4.0000000e+02   1.7570192e+01
   4.1000000e+02   1.7582954e+01
   4.2000000e+02   1.7579149e+01
   4.3000000e+02   1.7587255e+01
   4.4000000e+02   1.7558590e+01
   4.5000000e+02   1.7576509e+01
   4.6000000e+02   1.7607576e+01
   4.7000000e+02   1.7595395e+01
   4.8000000e+02   1.7589513e+01
   4.9000000e+02   1.7613530e+01
   5.0000000e+02   1.7611781e+01
   5.1000000e+02   1.7630834e+01
   5.2000000e+02   1.7621766e+01
   5.3000000e+02   1.7573800e+01
   5.4000000e+02   1.7558428e+01
   5.5000000e+02   1.7504842e+01
   5.6000000e+02   1.7512756e+01
   5.7000000e+02   1.7489250e+01
   5.8000000e+02   1.7481707e+01
   5.9000000e+02   1.7464346e+01
   6.0000000e+02   1.7471834e+01
   6.1000000e+02   1.7474562e+01
   6.2000000e+02   1.7505647e+01
   6.3000000e+02   1.7463460e+01
   6.4000000e+02   1.7498986e+01
   6.5000000e+02   1.7554192e+01
   6.6000000e+02   1.7439500e+01
   6.7000000e+02   1.7491311e+01
   6.8000000e+02   1.7496125e+01
   6.9000000e+02   1.7476175e+01
   7.0000000e+02   1.7449504e+01
   7.1000000e+02   1.7450506e+01
   7.2000000e+02   1.7446940e+01
   7.3000000e+02   1.7474523e+01
   7.4000000e+02   1.7492343e+01
   7.5000000e+02   1.7519786e+01
   7.6000000e+02   1.7491308e+01
   7.7000000e+02   1.7519913e+01
   7.8000000e+02   1.7512109e+01
   7.9000000e+02   1.7538052e+01
   8.0000000e+02   1.7520654e+01
   8.1000000e+02   1.7536953e+01
   8.2000000e+02   1.7532793e+01
   8.3000000e+02   1.7519379e+01
   8.4000000e+02   1.7542751e+01
   8.5000000e+02   1.7552112e+01
   8.6000000e+02   1.7543902e+01
   8.7000000e+02   1.7546043e+01
   8.8000000e+02   1.7543135e+01
   8.9000000e+02   1.7534486e+01
   9.0000000e+02   1.7498374e+01
   9.1000000e+02   1.7532895e+01
   9.2000000e+02   1.7545984e+01
   9.3000000e+02   1.7524585e+01
   9.4000000e+02   1.7543064e+01
   9.5000000e+02   1.7546856e+01
   9.6000000e+02   1.7533753e+01
   9.7000000e+02   1.7487125e+01
   9.8000000e+02   1.7522187e+01
   9.9000000e+02   1.7501142e+01
   1.0000000e+03   1.7479432e+01
   1.0100000e+03   1.7468378e+01
   1.0200000e+03   1.7502182e+01
   1.0300000e+03   1.7481506e+01
   1.0400000e+03   1.7474610e+01
   1.0500000e+03   1.7487696e+01
   1.0600000e+03   1.7502793e+01
   1.0700000e+03   1.7432047e+01
   1.0800000e+03   1.7459831e+01
   1.0900000e+03   1.7476163e+01
   1.1000000e+03   1.7481332e+01
   1.1100000e+03   1.7483945e+01
   1.1200000e+03   1.7477615e+01
   1.1300000e+03   1.7462514e+01
   1.1400000e+03   1.7508091e+01
   1.1500000e+03   1.7480405e+01
   1.1600000e+03   1.7456728e+01
   1.1700000e+03   1.7494434e+01
   1.1800000e+03   1.7522505e+01
   1.1900000e+03   1.7516796e+01
   1.2000000e+03   1.7475076e+01
   1.2100000e+03   1.7498116e+01
   1.2200000e+03   1.7530161e+01
   1.2300000e+03   1.7505090e+01
   1.2400000e+03   1.7524118e+01
   1.2500000e+03   1.7500134e+01
   1.2600000e+03   1.7541796e+01
   1.2700000e+03   1.7530601e+01
   1.2800000e+03   1.7498558e+01
   1.2900000e+03   1.7532325e+01
   1.3000000e+03   1.7573672e+01
   1.3100000e+03   1.7510931e+01
   1.3200000e+03   1.7524722e+01
   1.3300000e+03   1.7530815e+01
   1.3400000e+03   1.7532559e+01
   1.3500000e+03   1.7554313e+01
   1.3600000e+03   1.7535071e+01
   1.3700000e+03   1.7516122e+01
   1.3800000e+03   1.7533943e+01
   1.3900000e+03   1.7514854e+01
   1.4000000e+03   1.7493614e+01
   1.4100000e+03   1.7525547e+01
   1.4200000e+03   1.7481042e+01
   1.4300000e+03   1.7505514e+01
   1.4400000e+03   1.7516178e+01
   1.4500000e+03   1.7498081e+01
   1.4600000e+03   1.7494895e+01
   1.4700000e+03   1.7502380e+01
   1.4800000e+03   1.7460894e+01
   1.4900000e+03   1.7499612e+01
   1.5000000e+03   1.7489976e+01
   1.5100000e+03   1.7499008e+01
   1.5200000e+03   1.7479224e+01
   1.5300000e+03   1.7446950e+01
   1.5400000e+03   1.7505804e+01
   1.5500000e+03   1.7502910e+01
   1.5600000e+03   1.7475869e+01
   1.5700000e+03   1.7516516e+01
   1.5800000e+03   1.7526174e+01
   1.5900000e+03   1.7523712e+01
   1.6000000e+03   1.7508794e+01
   1.6100000e+03   1.7527225e+01
   1.6200000e+03   1.7508812e+01
   1.6300000e+03   1.7522978e+01
   1.6400000e+03   1.7517118e+01
   1.6500000e+03   1.7532068e+01
   1.6600000e+03   1.7507031e+01
   1.6700000e+03   1.7514640e+01
   1.6800000e+03   1.7528484e+01
   1.6900000e+03   1.7526650e+01
   1.7000000e+03   1.7512277e+01
   1.7100000e+03   1.7529389e+01
   1.7200000e+03   1.7521682e+01
   1.7300000e+03   1.7534073e+01
   1.7400000e+03   1.7534824e+01
   1.7500000e+03   1.7533435e+01
   1.7600000e+03   1.7534940e+01
   1.7700000e+03   1.7540461e+01
   1.7800000e+03   1.7519117e+01
   1.7900000e+03   1.7545122e+01
   1.8000000e+03   1.7538618e+01
   1.8100000e+03   1.7540994e+01
   1.8200000e+03   1.7557859e+01
   1.8300000e+03   1.7544284e+01
   1.8400000e+03   1.7532009e+01
   1.8500000e+03   1.7524233e+01
   1.8600000e+03   1.7530260e+01
   1.8700000e+03   1.7499584e+01
   1.8800000e+03   1.7439022e+01
   1.8900000e+03   1.7466911e+01
   1.9000000e+03   4.4875533e+01
   1.9100000e+03   3.0582958e+01
   1.9200000e+03   2.9905160e+01
   1.9300000e+03   4.1190109e+01
   1.9400000e+03   2.4525462e+01
   1.9500000e+03   2.1310918e+01
   1.9600000e+03   2.0377672e+01
   1.9700000e+03   2.2409828e+01
   1.9800000e+03   1.8334671e+01
   1.9900000e+03   1.9115613e+01
   2.0000000e+03   1.9745424e+01
   2.0100000e+03   2.6086118e+01
   2.0200000e+03   4.8150449e+01
   2.0300000e+03   4.4314762e+01
   2.0400000e+03   2.7956540e+01
   2.0500000e+03   3.5209048e+01
   2.0600000e+03   1.7516523e+01
   2.0700000e+03   1.8282071e+01
   2.0800000e+03   1.8953816e+01
   2.0900000e+03   2.0520104e+01
   2.1000000e+03   2.6061835e+01
   2.1100000e+03   3.1139087e+01
   2.1200000e+03   1.2206544e+02
   2.1300000e+03   7.7688019e+01
   2.1400000e+03   3.8251985e+01
   2.1500000e+03   3.7429695e+01
   2.1600000e+03   3.4869892e+01
   2.1700000e+03   3.5648356e+01
   2.1800000e+03   3.5730952e+01
   2.1900000e+03   3.5383531e+01
   2.2000000e+03   3.5465148e+01
   2.2100000e+03   3.8323247e+01
   2.2200000e+03   2.8410063e+01
   2.2300000e+03   2.8409307e+01
   2.2400000e+03   3.0698510e+01
   2.2500000e+03   3.1031475e+01
   2.2600000e+03   2.5804376e+01
   2.2700000e+03   3.0022861e+01
   2.2800000e+03   2.4021347e+01
   2.2900000e+03   2.3173199e+01
   2.3000000e+03   3.0820985e+01
   2.3100000e+03   2.4311050e+01
   2.3200000e+03   2.7628380e+01
   2.3300000e+03   2.4059827e+01
   2.3400000e+03   2.5356283e+01
   2.3500000e+03   2.6622953e+01
   2.3600000e+03   2.0816815e+01
   2.3700000e+03   2.3501791e+01
   2.3800000e+03   2.4810912e+01
   2.3900000e+03   2.0397243e+01
   2.4000000e+03   2.4564509e+01
   2.4100000e+03   1.8713986e+01
   2.4200000e+03   2.0423926e+01
   2.4300000e+03   2.1269746e+01
   2.4400000e+03   2.1825453e+01
   2.4500000e+03   2.0334215e+01
   2.4600000e+03   2.4957199e+01
   2.4700000e+03   2.0935114e+01
   2.4800000e+03   2.0184700e+01
   2.4900000e+03   2.1528056e+01
   2.5000000e+03   2.5753758e+01
   2.5100000e+03   2.3709264e+01
   2.5200000e+03   2.1741731e+01
   2.5300000e+03   2.2228468e+01
   2.5400000e+03   2.0584019e+01
   2.5500000e+03   1.9162685e+01
   2.5600000e+03   1.8764595e+01
   2.5700000e+03   1.9250761e+01
   2.5800000e+03   1.8750617e+01
   2.5900000e+03   1.8414378e+01
   2.6000000e+03   1.8346233e+01
   2.6100000e+03   1.8660263e+01
   2.6200000e+03   1.8447948e+01
   2.6300000e+03   1.8449375e+01
   2.6400000e+03   1.8612889e+01
   2.6500000e+03   1.8335347e+01
   2.6600000e+03   1.8267669e+01
   2.6700000e+03   1.8306537e+01
   2.6800000e+03   1.8213870e+01
   2.6900000e+03   1.8319299e+01
   2.7000000e+03   1.8324282e+01
   2.7100000e+03   1.8432899e+01
   2.7200000e+03   1.8432271e+01
   2.7300000e+03   1.8393234e+01
   2.7400000e+03   1.8717207e+01
   2.7500000e+03   1.8431201e+01
   2.7600000e+03   1.8813073e+01
   2.7700000e+03   1.8169798e+01
   2.7800000e+03   1.8619228e+01
   2.7900000e+03   1.7966564e+01
   2.8000000e+03   1.8534522e+01
   2.8100000e+03   1.8266037e+01
   2.8200000e+03   1.8482242e+01
   2.8300000e+03   1.8139618e+01
   2.8400000e+03   1.8052478e+01
   2.8500000e+03   1.8179012e+01
   2.8600000e+03   1.8014410e+01
   2.8700000e+03   1.7878269e+01
   2.8800000e+03   1.7524861e+01
   2.8900000e+03   1.7556633e+01
   2.9000000e+03   1.7622571e+01
   2.9100000e+03   1.7792349e+01
   2.9200000e+03   1.7802995e+01
   2.9300000e+03   1.7774172e+01
   2.9400000e+03   1.7745806e+01
   2.9500000e+03   1.7712528e+01
   2.9600000e+03   1.7729385e+01
   2.9700000e+03   1.7731074e+01
   2.9800000e+03   1.7742335e+01
   2.9900000e+03   1.7767435e+01
   3.0000000e+03   1.7751126e+01
   3.0100000e+03   1.7739335e+01
   3.0200000e+03   1.7718466e+01
   3.0300000e+03   1.7726051e+01
   3.0400000e+03   1.7679079e+01
   3.0500000e+03   1.7707781e+01
   3.0600000e+03   1.7652766e+01
   3.0700000e+03   1.7698564e+01
   3.0800000e+03   1.7747433e+01
   3.0900000e+03   1.7749104e+01
   3.1000000e+03   1.7706763e+01
   3.1100000e+03   1.7739166e+01
   3.1200000e+03   1.7616839e+01
   3.1300000e+03   1.7575365e+01
   3.1400000e+03   1.7675450e+01
   3.1500000e+03   1.7718600e+01
   3.1600000e+03   1.7607608e+01
   3.1700000e+03   1.7564547e+01
   3.1800000e+03   1.7675776e+01
   3.1900000e+03   1.7659926e+01
   3.2000000e+03   1.7737429e+01
   3.2100000e+03   1.7575703e+01
   3.2200000e+03   1.7658437e+01
   3.2300000e+03   1.7741749e+01
   3.2400000e+03   1.7769473e+01
   3.2500000e+03   1.7776772e+01
   3.2600000e+03   1.7791974e+01
   3.2700000e+03   1.7771780e+01
   3.2800000e+03   1.7792083e+01
   3.2900000e+03   1.7779259e+01
   3.3000000e+03   1.7780926e+01
   3.3100000e+03   1.7777166e+01
   3.3200000e+03   1.7785068e+01
   3.3300000e+03   1.7702695e+01
   3.3400000e+03   1.7701149e+01
   3.3500000e+03   1.7653313e+01
   3.3600000e+03   1.7679472e+01
   3.3700000e+03   1.7664452e+01
   3.3800000e+03   1.7669820e+01
   3.3900000e+03   1.7658859e+01
   3.4000000e+03   1.7668964e+01
   3.4100000e+03   1.7825136e+01
   3.4200000e+03   1.7771082e+01
   3.4300000e+03   1.7770511e+01
   3.4400000e+03   1.7723957e+01
   3.4500000e+03   1.7648539e+01
   3.4600000e+03   1.7639028e+01
   3.4700000e+03   1.7645251e+01
   3.4800000e+03   1.7643820e+01
   3.4900000e+03   1.7648324e+01
