   0.0000000e+00  -2.9012015e-03
   1.0000000e+01  -7.1744257e-03
   2.0000000e+01  -4.8941947e-03
   3.0000000e+01  -7.6364990e-03
   4.0000000e+01   1.4304496e-02
   5.0000000e+01  -8.9757462e-03
   6.0000000e+01  -8.7707668e-04
   7.0000000e+01   1.3337435e-02
   8.0000000e+01   3.3294530e-02
   9.0000000e+01   3.0267901e-02
   1.0000000e+02   5.3378986e-02
   1.1000000e+02   7.5794406e-02
   1.2000000e+02   1.1799847e-01
   1.3000000e+02   1.3931877e-01
   1.4000000e+02   1.8584685e-01
   1.5000000e+02   2.5781078e-01
   1.6000000e+02   3.1629278e-01
   1.7000000e+02   3.8709043e-01
   1.8000000e+02   4.4865522e-01
   1.9000000e+02   5.3261164e-01
   2.0000000e+02   6.1747595e-01
   2.1000000e+02   7.1078895e-01
   2.2000000e+02   8.0161119e-01
   2.3000000e+02   8.9543706e-01
   2.4000000e+02   1.0040250e+00
   2.5000000e+02   1.1123328e+00
   2.6000000e+02   1.2126428e+00
   2.7000000e+02   1.3425517e+00
   2.8000000e+02   1.4603063e+00
   2.9000000e+02   1.5783445e+00
   3.0000000e+02   1.6829859e+00
   3.1000000e+02   1.8148351e+00
   3.2000000e+02   1.9376450e+00
   3.3000000e+02   2.0644907e+00
   3.4000000e+02   2.1736376e+00
   3.5000000e+02   2.2979385e+00
   3.6000000e+02   2.4299228e+00
   3.7000000e+02   2.5669924e+00
   3.8000000e+02   2.7000375e+00
   3.9000000e+02   2.8296887e+00
   4.0000000e+02   2.9595818e+00
   4.1000000e+02   3.0850294e+00
   4.2000000e+02   3.2316497e+00
   4.3000000e+02   3.3651808e+00
   4.4000000e+02   3.4948575e+00
   4.5000000e+02   3.6363537e+00
   4.6000000e+02   3.7626619e+00
   4.7000000e+02   3.8703869e+00
   4.8000000e+02   3.9927809e+00
   4.9000000e+02   4.1036271e+00
   5.0000000e+02   4.2334876e+00
   5.1000000e+02   4.3442842e+00
   5.2000000e+02   4.4635093e+00
   5.3000000e+02   4.5882363e+00
   5.4000000e+02   4.7204508e+00
   5.5000000e+02   4.8580856e+00
   5.6000000e+02   4.9835883e+00
   5.7000000e+02   5.0977706e+00
   5.8000000e+02   5.2347681e+00
   5.9000000e+02   5.3409780e+00
   6.0000000e+02   5.4667193e+00
   6.1000000e+02   5.5846941e+00
   6.2000000e+02   5.7169534e+00
   6.3000000e+02   5.7995829e+00
   6.4000000e+02   5.9334556e+00
   6.5000000e+02   6.0458850e+00
   6.6000000e+02   6.1533212e+00
   6.7000000e+02   6.2498240e+00
   6.8000000e+02   6.3425923e+00
   6.9000000e+02   6.4578985e+00
   7.0000000e+02   6.5450679e+00
   7.1000000e+02   6.6568581e+00
   7.2000000e+02   6.7347196e+00
   7.3000000e+02   6.8557054e+00
   7.4000000e+02   6.9539642e+00
   7.5000000e+02   7.0773314e+00
   7.6000000e+02   7.1718859e+00
   7.7000000e+02   7.2839971e+00
   7.8000000e+02   7.3932697e+00
   7.9000000e+02   7.4900350e+00
   8.0000000e+02   7.6067038e+00
   8.1000000e+02   7.7174651e+00
   8.2000000e+02   7.8525208e+00
   8.3000000e+02   7.9658891e+00
   8.4000000e+02   8.0696828e+00
   8.5000000e+02   8.1828867e+00
   8.6000000e+02   8.2942382e+00
   8.7000000e+02   8.4099481e+00
   8.8000000e+02   8.5101845e+00
   8.9000000e+02   8.6230214e+00
   9.0000000e+02   8.7348890e+00
   9.1000000e+02   8.8401664e+00
   9.2000000e+02   8.9426236e+00
   9.3000000e+02   9.0590687e+00
   9.4000000e+02   9.1682479e+00
   9.5000000e+02   9.2734572e+00
   9.6000000e+02   9.3845680e+00
   9.7000000e+02   9.4974536e+00
   9.8000000e+02   9.5940259e+00
   9.9000000e+02   9.6824207e+00
   1.0000000e+03   9.7938711e+00
   1.0100000e+03   9.8915413e+00
   1.0200000e+03   1.0000739e+01
   1.0300000e+03   1.0116851e+01
   1.0400000e+03   1.0212705e+01
   1.0500000e+03   1.0323180e+01
   1.0600000e+03   1.0411539e+01
   1.0700000e+03   1.0514826e+01
   1.0800000e+03   1.0611126e+01
   1.0900000e+03   1.0701106e+01
   1.1000000e+03   1.0807946e+01
   1.1100000e+03   1.0903020e+01
   1.1200000e+03   1.0993292e+01
   1.1300000e+03   1.1081275e+01
   1.1400000e+03   1.1175165e+01
   1.1500000e+03   1.1269620e+01
   1.1600000e+03   1.1360549e+01
   1.1700000e+03   1.1449699e+01
   1.1800000e+03   1.1553800e+01
   1.1900000e+03   1.1621467e+01
   1.2000000e+03   1.1713729e+01
   1.2100000e+03   1.1791475e+01
   1.2200000e+03   1.1889059e+01
   1.2300000e+03   1.1975237e+01
   1.2400000e+03   1.2056043e+01
   1.2500000e+03   1.2137111e+01
   1.2600000e+03   1.2206000e+01
   1.2700000e+03   1.2272351e+01
   1.2800000e+03   1.2373672e+01
   1.2900000e+03   1.2436437e+01
   1.3000000e+03   1.2507906e+01
   1.3100000e+03   1.2580515e+01
   1.3200000e+03   1.2653274e+01
   1.3300000e+03   1.2733026e+01
   1.3400000e+03   1.2799384e+01
   1.3500000e+03   1.2875358e+01
   1.3600000e+03   1.2944518e+01
   1.3700000e+03   1.3006523e+01
   1.3800000e+03   1.3062951e+01
   1.3900000e+03   1.3130955e+01
   1.4000000e+03   1.3190445e+01
   1.4100000e+03   1.3252882e+01
   1.4200000e+03   1.3325835e+01
   1.4300000e+03   1.3372797e+01
   1.4400000e+03   1.3425253e+01
   1.4500000e+03   1.3488313e+01
   1.4600000e+03   1.3580542e+01
   1.4700000e+03   1.3622052e+01
   1.4800000e+03   1.3672383e+01
   1.4900000e+03   1.3727825e+01
   1.5000000e+03   1.3803109e+01
   1.5100000e+03   1.3853025e+01
   1.5200000e+03   1.3890708e+01
   1.5300000e+03   1.3959370e+01
   1.5400000e+03   1.3995703e+01
   1.5500000e+03   1.4042588e+01
   1.5600000e+03   1.4107354e+01
   1.5700000e+03   1.4168583e+01
   1.5800000e+03   1.4225170e+01
   1.5900000e+03   1.4276848e+01
   1.6000000e+03   1.4333504e+01
   1.6100000e+03   1.4396460e+01
   1.6200000e+03   1.4441419e+01
   1.6300000e+03   1.4507126e+01
   1.6400000e+03   1.4559843e+01
   1.6500000e+03   1.4618095e+01
   1.6600000e+03   1.4671668e+01
   1.6700000e+03   1.4713145e+01
   1.6800000e+03   1.4771945e+01
   1.6900000e+03   1.4808311e+01
   1.7000000e+03   1.4862191e+01
   1.7100000e+03   1.4911216e+01
   1.7200000e+03   1.4968165e+01
   1.7300000e+03   1.5031117e+01
   1.7400000e+03   1.5061034e+01
   1.7500000e+03   1.5114264e+01
   1.7600000e+03   1.5151961e+01
   1.7700000e+03   1.5192325e+01
   1.7800000e+03   1.5243073e+01
   1.7900000e+03   1.5285795e+01
   1.8000000e+03   1.5323819e+01
   1.8100000e+03   1.5371692e+01
   1.8200000e+03   1.5400129e+01
   1.8300000e+03   1.5463566e+01
   1.8400000e+03   1.5491391e+01
   1.8500000e+03   1.5524829e+01
   1.8600000e+03   1.5538716e+01
   1.8700000e+03   1.5591966e+01
   1.8800000e+03   1.5635428e+01
   1.8900000e+03   1.5662592e+01
   1.9000000e+03   1.5699453e+01
   1.9100000e+03   1.5746324e+01
   1.9200000e+03   1.5796253e+01
   1.9300000e+03   1.5839339e+01
   1.9400000e+03   1.5900161e+01
   1.9500000e+03   1.5937123e+01
   1.9600000e+03   1.5980239e+01
   1.9700000e+03   1.6010271e+01
   1.9800000e+03   1.6042434e+01
   1.9900000e+03   1.6082538e+01
   2.0000000e+03   1.6136747e+01
   2.0100000e+03   1.6167330e+01
   2.0200000e+03   1.6205042e+01
   2.0300000e+03   1.6236169e+01
   2.0400000e+03   1.6260700e+01
   2.0500000e+03   1.6300580e+01
   2.0600000e+03   1.6330299e+01
   2.0700000e+03   1.6349885e+01
   2.0800000e+03   1.6401092e+01
   2.0900000e+03   1.6449163e+01
   2.1000000e+03   1.6470168e+01
   2.1100000e+03   1.6512122e+01
   2.1200000e+03   1.6538793e+01
   2.1300000e+03   1.6561091e+01
   2.1400000e+03   1.6581613e+01
   2.1500000e+03   1.6621576e+01
   2.1600000e+03   1.6636508e+01
   2.1700000e+03   1.6681228e+01
   2.1800000e+03   1.6727200e+01
   2.1900000e+03   1.6767069e+01
   2.2000000e+03   1.6796259e+01
   2.2100000e+03   1.6811767e+01
   2.2200000e+03   1.6826185e+01
   2.2300000e+03   1.6847907e+01
   2.2400000e+03   1.6882598e+01
   2.2500000e+03   1.6895294e+01
   2.2600000e+03   1.6922148e+01
   2.2700000e+03   1.6941789e+01
   2.2800000e+03   1.6975360e+01
   2.2900000e+03   1.7016774e+01
   2.3000000e+03   1.7030576e+01
   2.3100000e+03   1.7042388e+01
   2.3200000e+03   1.7057103e+01
   2.3300000e+03   1.7077613e+01
   2.3400000e+03   1.7096896e+01
   2.3500000e+03   1.7113582e+01
   2.3600000e+03   1.7140939e+01
   2.3700000e+03   1.7174149e+01
   2.3800000e+03   1.7207891e+01
   2.3900000e+03   1.7224465e+01
   2.4000000e+03   1.7240721e+01
   2.4100000e+03   1.7267280e+01
   2.4200000e+03   1.7269317e+01
   2.4300000e+03   1.7289565e+01
   2.4400000e+03   1.7296801e+01
   2.4500000e+03   1.7309741e+01
   2.4600000e+03   1.7316916e+01
   2.4700000e+03   1.7337270e+01
   2.4800000e+03   1.7345018e+01
   2.4900000e+03   1.7382189e+01
   2.5000000e+03   1.7397616e+01
   2.5100000e+03   1.7423587e+01
   2.5200000e+03   1.7449809e+01
   2.5300000e+03   1.7485154e+01
   2.5400000e+03   1.7517163e+01
   2.5500000e+03   1.7527275e+01
   2.5600000e+03   1.7545496e+01
   2.5700000e+03   1.7575943e+01
   2.5800000e+03   1.7590753e+01
   2.5900000e+03   1.7598913e+01
   2.6000000e+03   1.7622237e+01
   2.6100000e+03   1.7639696e+01
   2.6200000e+03   1.7666453e+01
   2.6300000e+03   1.7693843e+01
   2.6400000e+03   1.7716022e+01
   2.6500000e+03   1.7728510e+01
   2.6600000e+03   1.7756589e+01
   2.6700000e+03   1.7783072e+01
   2.6800000e+03   1.7780799e+01
   2.6900000e+03   1.7796805e+01
   2.7000000e+03   1.7810012e+01
   2.7100000e+03   1.7828236e+01
   2.7200000e+03   1.7831310e+01
   2.7300000e+03   1.7853563e+01
   2.7400000e+03   1.7875197e+01
   2.7500000e+03   1.7897271e+01
   2.7600000e+03   1.7894635e+01
   2.7700000e+03   1.7899840e+01
   2.7800000e+03   1.7930223e+01
   2.7900000e+03   1.7946674e+01
   2.8000000e+03   1.7950964e+01
   2.8100000e+03   1.7948986e+01
   2.8200000e+03   1.7952188e+01
   2.8300000e+03   1.7975363e+01
   2.8400000e+03   1.7970081e+01
   2.8500000e+03   1.7980720e+01
   2.8600000e+03   1.7972958e+01
   2.8700000e+03   1.7980042e+01
   2.8800000e+03   1.8003998e+01
   2.8900000e+03   1.7994999e+01
   2.9000000e+03   1.8020157e+01
   2.9100000e+03   1.8036323e+01
   2.9200000e+03   1.8045826e+01
   2.9300000e+03   1.8081544e+01
   2.9400000e+03   1.8091664e+01
   2.9500000e+03   1.8111269e+01
   2.9600000e+03   1.8123019e+01
   2.9700000e+03   1.8140719e+01
   2.9800000e+03   1.8148986e+01
   2.9900000e+03   1.8159404e+01
   3.0000000e+03   1.8165859e+01
   3.0100000e+03   1.8174442e+01
   3.0200000e+03   1.8170097e+01
   3.0300000e+03   1.8177920e+01
   3.0400000e+03   1.8183972e+01
   3.0500000e+03   1.8195546e+01
   3.0600000e+03   1.8217035e+01
   3.0700000e+03   1.8227861e+01
   3.0800000e+03   1.8247942e+01
   3.0900000e+03   1.8248877e+01
   3.1000000e+03   1.8266844e+01
   3.1100000e+03   1.8279960e+01
   3.1200000e+03   1.8282961e+01
   3.1300000e+03   1.8302814e+01
   3.1400000e+03   1.8302725e+01
   3.1500000e+03   1.8319362e+01
   3.1600000e+03   1.8332822e+01
   3.1700000e+03   1.8337495e+01
   3.1800000e+03   1.8358590e+01
   3.1900000e+03   1.8371481e+01
   3.2000000e+03   1.8380419e+01
   3.2100000e+03   1.8390244e+01
   3.2200000e+03   1.8404855e+01
   3.2300000e+03   1.8404728e+01
   3.2400000e+03   1.8428226e+01
   3.2500000e+03   1.8436368e+01
   3.2600000e+03   1.8445205e+01
   3.2700000e+03   1.8451916e+01
   3.2800000e+03   1.8458056e+01
   3.2900000e+03   1.8465677e+01
   3.3000000e+03   1.8464902e+01
   3.3100000e+03   1.8475964e+01
   3.3200000e+03   1.8472976e+01
   3.3300000e+03   1.8480888e+01
   3.3400000e+03   1.8500092e+01
   3.3500000e+03   1.8523522e+01
   3.3600000e+03   1.8519595e+01
   3.3700000e+03   1.8506098e+01
   3.3800000e+03   1.8512567e+01
   3.3900000e+03   1.8530391e+01
   3.4000000e+03   1.8539902e+01
   3.4100000e+03   1.8558982e+01
   3.4200000e+03   1.8576783e+01
   3.4300000e+03   1.8576925e+01
   3.4400000e+03   1.8596826e+01
   3.4500000e+03   1.8615967e+01
   3.4600000e+03   1.8618955e+01
   3.4700000e+03   1.8624500e+01
   3.4800000e+03   1.8636056e+01
   3.4900000e+03   1.8643183e+01
