   0.0000000e+00   1.9070096e+01
   1.0000000e+01   1.9094571e+01
   2.0000000e+01   1.9063929e+01
   3.0000000e+01   1.9028493e+01
   4.0000000e+01   1.9065282e+01
   5.0000000e+01   1.9066570e+01
   6.0000000e+01   1.9119418e+01
   7.0000000e+01   1.9181396e+01
   8.0000000e+01   1.9241697e+01
   9.0000000e+01   1.9305201e+01
   1.0000000e+02   1.9393221e+01
   1.1000000e+02   1.9486797e+01
   1.2000000e+02   1.9573503e+01
   1.3000000e+02   1.9640711e+01
   1.4000000e+02   1.9731501e+01
   1.5000000e+02   1.9818292e+01
   1.6000000e+02   1.9892759e+01
   1.7000000e+02   1.9980003e+01
   1.8000000e+02   2.0044344e+01
   1.9000000e+02   2.0153544e+01
   2.0000000e+02   2.0261564e+01
   2.1000000e+02   2.0352319e+01
   2.2000000e+02   2.0504733e+01
   2.3000000e+02   2.0557557e+01
   2.4000000e+02   2.0627231e+01
   2.5000000e+02   2.0729277e+01
   2.6000000e+02   2.0789989e+01
   2.7000000e+02   2.0912251e+01
   2.8000000e+02   2.1008473e+01
   2.9000000e+02   2.1084845e+01
   3.0000000e+02   2.1158242e+01
   3.1000000e+02   2.1255845e+01
   3.2000000e+02   2.1350431e+01
   3.3000000e+02   2.1420598e+01
   3.4000000e+02   2.1511713e+01
   3.5000000e+02   2.1600404e+01
   3.6000000e+02   2.1738890e+01
   3.7000000e+02   2.1855398e+01
   3.8000000e+02   2.1944757e+01
   3.9000000e+02   2.2045299e+01
   4.0000000e+02   2.2150484e+01
   4.1000000e+02   2.2253770e+01
   4.2000000e+02   2.2307259e+01
   4.3000000e+02   2.2380731e+01
   4.4000000e+02   2.2402734e+01
   4.5000000e+02   2.2521652e+01
   4.6000000e+02   2.2616826e+01
   4.7000000e+02   2.2745185e+01
   4.8000000e+02   2.2700320e+01
   4.9000000e+02   2.2683434e+01
   5.0000000e+02   2.2818951e+01
   5.1000000e+02   2.2862360e+01
   5.2000000e+02   2.2845580e+01
   5.3000000e+02   2.2841254e+01
   5.4000000e+02   2.2983786e+01
   5.5000000e+02   2.3030078e+01
   5.6000000e+02   2.3027037e+01
   5.7000000e+02   2.3043404e+01
   5.8000000e+02   2.3107356e+01
   5.9000000e+02   2.3030966e+01
   6.0000000e+02   2.3011813e+01
   6.1000000e+02   2.3144324e+01
   6.2000000e+02   2.3206357e+01
   6.3000000e+02   2.3317092e+01
   6.4000000e+02   2.3289743e+01
   6.5000000e+02   2.3374906e+01
   6.6000000e+02   2.3434283e+01
   6.7000000e+02   2.3496108e+01
   6.8000000e+02   2.3537797e+01
   6.9000000e+02   2.3578754e+01
   7.0000000e+02   2.3531010e+01
   7.1000000e+02   2.3745823e+01
   7.2000000e+02   2.3793148e+01
   7.3000000e+02   2.3785568e+01
   7.4000000e+02   2.3756834e+01
   7.5000000e+02   2.3813550e+01
   7.6000000e+02   2.3836309e+01
   7.7000000e+02   2.3924936e+01
   7.8000000e+02   2.4037269e+01
   7.9000000e+02   2.4052573e+01
   8.0000000e+02   2.4207185e+01
   8.1000000e+02   2.4309014e+01
   8.2000000e+02   2.4383973e+01
   8.3000000e+02   2.4373962e+01
   8.4000000e+02   2.4459133e+01
   8.5000000e+02   2.4511518e+01
   8.6000000e+02   2.4553516e+01
   8.7000000e+02   2.4604512e+01
   8.8000000e+02   2.4651762e+01
   8.9000000e+02   2.4731271e+01
   9.0000000e+02   2.4770134e+01
   9.1000000e+02   2.4825465e+01
   9.2000000e+02   2.4865978e+01
   9.3000000e+02   2.4858253e+01
   9.4000000e+02   2.4933904e+01
   9.5000000e+02   2.4977899e+01
   9.6000000e+02   2.4997841e+01
   9.7000000e+02   2.4998587e+01
   9.8000000e+02   2.5003035e+01
   9.9000000e+02   2.5076549e+01
   1.0000000e+03   2.5162601e+01
   1.0100000e+03   2.5185705e+01
   1.0200000e+03   2.5251984e+01
   1.0300000e+03   2.5268719e+01
   1.0400000e+03   2.5286106e+01
   1.0500000e+03   2.5351851e+01
   1.0600000e+03   2.5374410e+01
   1.0700000e+03   2.5370697e+01
   1.0800000e+03   2.5395485e+01
   1.0900000e+03   2.5418313e+01
   1.1000000e+03   2.5507884e+01
   1.1100000e+03   2.5574805e+01
   1.1200000e+03   2.5653502e+01
   1.1300000e+03   2.5696480e+01
   1.1400000e+03   2.5750929e+01
   1.1500000e+03   2.5844212e+01
   1.1600000e+03   2.5899614e+01
   1.1700000e+03   2.5999784e+01
   1.1800000e+03   2.6011741e+01
   1.1900000e+03   2.6029729e+01
   1.2000000e+03   2.6041558e+01
   1.2100000e+03   2.6042032e+01
   1.2200000e+03   2.6008761e+01
   1.2300000e+03   2.6045146e+01
   1.2400000e+03   2.6094341e+01
   1.2500000e+03   2.6162004e+01
   1.2600000e+03   2.6177568e+01
   1.2700000e+03   2.6203949e+01
   1.2800000e+03   2.6252818e+01
   1.2900000e+03   2.6256480e+01
   1.3000000e+03   2.6295161e+01
   1.3100000e+03   2.6335452e+01
   1.3200000e+03   2.6352861e+01
   1.3300000e+03   2.6425912e+01
   1.3400000e+03   2.6421460e+01
   1.3500000e+03   2.6466992e+01
   1.3600000e+03   2.6508441e+01
   1.3700000e+03   2.6515287e+01
   1.3800000e+03   2.6544628e+01
   1.3900000e+03   2.6559127e+01
   1.4000000e+03   2.6635312e+01
   1.4100000e+03   2.6634777e+01
   1.4200000e+03   2.6631696e+01
   1.4300000e+03   2.6623892e+01
   1.4400000e+03   2.6608259e+01
   1.4500000e+03   2.6661796e+01
   1.4600000e+03   2.6636440e+01
   1.4700000e+03   2.6623161e+01
   1.4800000e+03   2.6692688e+01
   1.4900000e+03   2.6764820e+01
   1.5000000e+03   2.6810402e+01
   1.5100000e+03   2.6879276e+01
   1.5200000e+03   2.6905909e+01
   1.5300000e+03   2.6993412e+01
   1.5400000e+03   2.7009019e+01
   1.5500000e+03   2.7016595e+01
   1.5600000e+03   2.7005561e+01
   1.5700000e+03   2.7044613e+01
   1.5800000e+03   2.7030421e+01
   1.5900000e+03   2.6982053e+01
   1.6000000e+03   2.6946062e+01
   1.6100000e+03   2.7052251e+01
   1.6200000e+03   2.7107171e+01
   1.6300000e+03   2.7157881e+01
   1.6400000e+03   2.7201964e+01
   1.6500000e+03   2.7249777e+01
   1.6600000e+03   2.7262500e+01
   1.6700000e+03   2.7252232e+01
   1.6800000e+03   2.7255491e+01
   1.6900000e+03   2.7286806e+01
   1.7000000e+03   2.7302608e+01
   1.7100000e+03   2.7293273e+01
   1.7200000e+03   2.7354289e+01
   1.7300000e+03   2.7404088e+01
   1.7400000e+03   2.7388410e+01
   1.7500000e+03   2.7480893e+01
   1.7600000e+03   2.7541857e+01
   1.7700000e+03   2.7522435e+01
   1.7800000e+03   2.7548217e+01
   1.7900000e+03   2.7554184e+01
   1.8000000e+03   2.7518605e+01
   1.8100000e+03   2.7563129e+01
   1.8200000e+03   2.7597055e+01
   1.8300000e+03   2.7615834e+01
   1.8400000e+03   2.7683198e+01
   1.8500000e+03   2.7669701e+01
   1.8600000e+03   2.7659988e+01
   1.8700000e+03   2.7660232e+01
   1.8800000e+03   2.7650853e+01
   1.8900000e+03   2.7716862e+01
   1.9000000e+03   2.7722463e+01
   1.9100000e+03   2.7728026e+01
   1.9200000e+03   2.7807297e+01
   1.9300000e+03   2.7789956e+01
   1.9400000e+03   2.7810035e+01
   1.9500000e+03   2.7842432e+01
   1.9600000e+03   2.7864925e+01
   1.9700000e+03   2.7871711e+01
   1.9800000e+03   2.7848437e+01
   1.9900000e+03   2.7909767e+01
   2.0000000e+03   2.7930096e+01
   2.0100000e+03   2.8005985e+01
   2.0200000e+03   2.8074560e+01
   2.0300000e+03   2.8082223e+01
   2.0400000e+03   2.8112681e+01
   2.0500000e+03   2.8138132e+01
   2.0600000e+03   2.8113792e+01
   2.0700000e+03   2.8141800e+01
   2.0800000e+03   2.8157045e+01
   2.0900000e+03   2.8141076e+01
   2.1000000e+03   2.8224327e+01
   2.1100000e+03   2.8272337e+01
   2.1200000e+03   2.8266091e+01
   2.1300000e+03   2.8243023e+01
   2.1400000e+03   2.8165503e+01
   2.1500000e+03   2.8159082e+01
   2.1600000e+03   2.8099153e+01
   2.1700000e+03   2.8164221e+01
   2.1800000e+03   2.8137870e+01
   2.1900000e+03   2.8152977e+01
   2.2000000e+03   2.8184921e+01
   2.2100000e+03   2.8235732e+01
   2.2200000e+03   2.8238073e+01
   2.2300000e+03   2.8240414e+01
   2.2400000e+03   2.8248007e+01
   2.2500000e+03   2.8246084e+01
   2.2600000e+03   2.8280043e+01
   2.2700000e+03   2.8316161e+01
   2.2800000e+03   2.8256863e+01
   2.2900000e+03   2.8377926e+01
   2.3000000e+03   2.8349067e+01
   2.3100000e+03   2.8375917e+01
   2.3200000e+03   2.8382697e+01
   2.3300000e+03   2.8434175e+01
   2.3400000e+03   2.8449007e+01
   2.3500000e+03   2.8422369e+01
   2.3600000e+03   2.8444650e+01
   2.3700000e+03   2.8439951e+01
   2.3800000e+03   2.8403373e+01
   2.3900000e+03   2.8384209e+01
   2.4000000e+03   2.8412779e+01
   2.4100000e+03   2.8478401e+01
   2.4200000e+03   2.8446887e+01
   2.4300000e+03   2.8519022e+01
   2.4400000e+03   2.8522637e+01
   2.4500000e+03   2.8530620e+01
   2.4600000e+03   2.8532333e+01
   2.4700000e+03   2.8502270e+01
   2.4800000e+03   2.8474673e+01
   2.4900000e+03   2.8460410e+01
   2.5000000e+03   2.8466533e+01
   2.5100000e+03   2.8430176e+01
   2.5200000e+03   2.8436606e+01
   2.5300000e+03   2.8426482e+01
   2.5400000e+03   2.8463808e+01
   2.5500000e+03   2.8487796e+01
   2.5600000e+03   2.8491909e+01
   2.5700000e+03   2.8456620e+01
   2.5800000e+03   2.8400968e+01
   2.5900000e+03   2.8422759e+01
   2.6000000e+03   2.8412476e+01
   2.6100000e+03   2.8339258e+01
   2.6200000e+03   2.8409463e+01
   2.6300000e+03   2.8408799e+01
   2.6400000e+03   2.8487030e+01
   2.6500000e+03   2.8520082e+01
   2.6600000e+03   2.8468157e+01
   2.6700000e+03   2.8525435e+01
   2.6800000e+03   2.8588661e+01
   2.6900000e+03   2.8653991e+01
   2.7000000e+03   2.8720863e+01
   2.7100000e+03   2.8735097e+01
   2.7200000e+03   2.8746011e+01
   2.7300000e+03   2.8739253e+01
   2.7400000e+03   2.8805421e+01
   2.7500000e+03   2.8805840e+01
   2.7600000e+03   2.8821109e+01
   2.7700000e+03   2.8818772e+01
   2.7800000e+03   2.8796769e+01
   2.7900000e+03   2.8797725e+01
   2.8000000e+03   2.8850774e+01
   2.8100000e+03   2.8879576e+01
   2.8200000e+03   2.8756396e+01
   2.8300000e+03   2.8766201e+01
   2.8400000e+03   2.8760646e+01
   2.8500000e+03   2.8830440e+01
   2.8600000e+03   2.8851113e+01
   2.8700000e+03   2.8830215e+01
   2.8800000e+03   2.8778522e+01
   2.8900000e+03   2.8724859e+01
   2.9000000e+03   2.8839861e+01
   2.9100000e+03   2.8861215e+01
   2.9200000e+03   2.8857006e+01
   2.9300000e+03   2.8828666e+01
   2.9400000e+03   2.8853809e+01
   2.9500000e+03   2.8894487e+01
   2.9600000e+03   2.8806821e+01
   2.9700000e+03   2.8862589e+01
   2.9800000e+03   2.8901259e+01
   2.9900000e+03   2.8952209e+01
   3.0000000e+03   2.8878743e+01
   3.0100000e+03   2.8904404e+01
   3.0200000e+03   2.8920936e+01
   3.0300000e+03   2.8912277e+01
   3.0400000e+03   2.8894479e+01
   3.0500000e+03   2.8895117e+01
   3.0600000e+03   2.8919082e+01
   3.0700000e+03   2.8972741e+01
   3.0800000e+03   2.8933469e+01
   3.0900000e+03   2.9012083e+01
   3.1000000e+03   2.8979184e+01
   3.1100000e+03   2.9023660e+01
   3.1200000e+03   2.8932469e+01
   3.1300000e+03   2.8900551e+01
   3.1400000e+03   2.9014442e+01
   3.1500000e+03   2.8963198e+01
   3.1600000e+03   2.8997682e+01
   3.1700000e+03   2.8993432e+01
   3.1800000e+03   2.9062497e+01
   3.1900000e+03   2.9022185e+01
   3.2000000e+03   2.9037402e+01
   3.2100000e+03   2.9067069e+01
   3.2200000e+03   2.8971734e+01
   3.2300000e+03   2.8851875e+01
   3.2400000e+03   2.8861324e+01
   3.2500000e+03   2.8906536e+01
   3.2600000e+03   2.8946242e+01
   3.2700000e+03   2.8960363e+01
   3.2800000e+03   2.8906116e+01
   3.2900000e+03   2.8982742e+01
   3.3000000e+03   2.9012753e+01
   3.3100000e+03   2.9058146e+01
   3.3200000e+03   2.8977465e+01
   3.3300000e+03   2.8947757e+01
   3.3400000e+03   2.9028937e+01
   3.3500000e+03   2.9016948e+01
   3.3600000e+03   2.9074799e+01
   3.3700000e+03   2.9093587e+01
   3.3800000e+03   2.9095055e+01
   3.3900000e+03   2.9105906e+01
   3.4000000e+03   2.9079423e+01
   3.4100000e+03   2.9000088e+01
   3.4200000e+03   2.8990235e+01
   3.4300000e+03   2.8976591e+01
   3.4400000e+03   2.9061690e+01
   3.4500000e+03   2.9070884e+01
   3.4600000e+03   2.9087683e+01
   3.4700000e+03   2.9095573e+01
   3.4800000e+03   2.9074600e+01
   3.4900000e+03   2.9104535e+01
