   0.0000000e+00  -4.1707741e-03
   1.0000000e+01   3.8867538e-04
   2.0000000e+01   3.6050839e-01
   3.0000000e+01   1.1643646e+00
   4.0000000e+01   2.0496615e+00
   5.0000000e+01   3.1010506e+00
   6.0000000e+01   4.2275899e+00
   7.0000000e+01   5.2860924e+00
   8.0000000e+01   6.2860798e+00
   9.0000000e+01   7.2839002e+00
   1.0000000e+02   8.3313417e+00
   1.1000000e+02   9.2992056e+00
   1.2000000e+02   1.0031655e+01
   1.3000000e+02   1.0795064e+01
   1.4000000e+02   1.1695917e+01
   1.5000000e+02   1.2525882e+01
   1.6000000e+02   1.3291501e+01
   1.7000000e+02   1.4069706e+01
   1.8000000e+02   1.4785710e+01
   1.9000000e+02   1.5450256e+01
   2.0000000e+02   1.6133310e+01
   2.1000000e+02   1.6692626e+01
   2.2000000e+02   1.7323997e+01
   2.3000000e+02   1.7929598e+01
   2.4000000e+02   1.8498856e+01
   2.5000000e+02   1.9251648e+01
   2.6000000e+02   1.9513268e+01
   2.7000000e+02   2.0056386e+01
   2.8000000e+02   2.0628962e+01
   2.9000000e+02   2.1248977e+01
   3.0000000e+02   2.1725514e+01
   3.1000000e+02   2.2226317e+01
   3.2000000e+02   2.2730528e+01
   3.3000000e+02   2.3133199e+01
   3.4000000e+02   2.3671944e+01
   3.5000000e+02   2.4038400e+01
   3.6000000e+02   2.4509814e+01
   3.7000000e+02   2.4892337e+01
   3.8000000e+02   2.5190129e+01
   3.9000000e+02   2.5612200e+01
   4.0000000e+02   2.5928844e+01
   4.1000000e+02   2.6472495e+01
   4.2000000e+02   2.6699938e+01
   4.3000000e+02   2.7115722e+01
   4.4000000e+02   2.7345896e+01
   4.5000000e+02   2.7689253e+01
   4.6000000e+02   2.8036181e+01
   4.7000000e+02   2.8328085e+01
   4.8000000e+02   2.8800491e+01
   4.9000000e+02   2.9032957e+01
   5.0000000e+02   2.9262393e+01
   5.1000000e+02   2.9494422e+01
   5.2000000e+02   2.9737536e+01
   5.3000000e+02   3.0037693e+01
   5.4000000e+02   3.0330810e+01
   5.5000000e+02   3.0600773e+01
   5.6000000e+02   3.0821915e+01
   5.7000000e+02   3.1011764e+01
   5.8000000e+02   3.1239323e+01
   5.9000000e+02   3.1459527e+01
   6.0000000e+02   3.1682827e+01
   6.1000000e+02   3.1944284e+01
   6.2000000e+02   3.2166902e+01
   6.3000000e+02   3.2375373e+01
   6.4000000e+02   3.2536552e+01
   6.5000000e+02   3.2786871e+01
   6.6000000e+02   3.2980652e+01
   6.7000000e+02   3.3155536e+01
   6.8000000e+02   3.3342629e+01
   6.9000000e+02   3.3671037e+01
   7.0000000e+02   3.3747351e+01
   7.1000000e+02   3.3978790e+01
   7.2000000e+02   3.4206513e+01
   7.3000000e+02   3.4267551e+01
   7.4000000e+02   3.4454657e+01
   7.5000000e+02   3.4582680e+01
   7.6000000e+02   3.4733898e+01
   7.7000000e+02   3.4943660e+01
   7.8000000e+02   3.5139117e+01
   7.9000000e+02   3.5308289e+01
   8.0000000e+02   3.5480384e+01
   8.1000000e+02   3.5684749e+01
   8.2000000e+02   3.5754975e+01
   8.3000000e+02   3.5877859e+01
   8.4000000e+02   3.6002551e+01
   8.5000000e+02   3.6166074e+01
   8.6000000e+02   3.6307075e+01
   8.7000000e+02   3.6504425e+01
   8.8000000e+02   3.6487124e+01
   8.9000000e+02   3.6647577e+01
   9.0000000e+02   3.6804196e+01
   9.1000000e+02   3.6846105e+01
   9.2000000e+02   3.6990146e+01
   9.3000000e+02   3.7075993e+01
   9.4000000e+02   3.7255371e+01
   9.5000000e+02   3.7376976e+01
   9.6000000e+02   3.7536114e+01
   9.7000000e+02   3.7654953e+01
   9.8000000e+02   3.7665046e+01
   9.9000000e+02   3.7766970e+01
   1.0000000e+03   3.8020462e+01
   1.0100000e+03   3.8091451e+01
   1.0200000e+03   3.8099973e+01
   1.0300000e+03   3.8163826e+01
   1.0400000e+03   3.8237904e+01
   1.0500000e+03   3.8390715e+01
   1.0600000e+03   3.8509755e+01
   1.0700000e+03   3.8583261e+01
   1.0800000e+03   3.8708748e+01
   1.0900000e+03   3.8781200e+01
   1.1000000e+03   3.8898815e+01
   1.1100000e+03   3.9038432e+01
   1.1200000e+03  -2.6312977e+02
   1.1300000e+03  -2.6312977e+02
   1.1400000e+03  -2.6312977e+02
   1.1500000e+03  -2.6312977e+02
   1.1600000e+03  -2.6312977e+02
   1.1700000e+03  -2.6312977e+02
   1.1800000e+03  -2.6312977e+02
   1.1900000e+03  -2.6312977e+02
   1.2000000e+03  -2.6312977e+02
   1.2100000e+03  -2.6312977e+02
   1.2200000e+03  -2.6312977e+02
   1.2300000e+03  -2.6312977e+02
   1.2400000e+03  -2.6312977e+02
   1.2500000e+03  -2.6312977e+02
   1.2600000e+03  -2.6312977e+02
   1.2700000e+03  -2.6312977e+02
   1.2800000e+03  -2.6312977e+02
   1.2900000e+03  -2.6312977e+02
   1.3000000e+03  -2.6312977e+02
   1.3100000e+03  -2.6312977e+02
   1.3200000e+03  -2.6312977e+02
   1.3300000e+03  -2.6312977e+02
   1.3400000e+03  -2.6312977e+02
   1.3500000e+03  -2.6312977e+02
   1.3600000e+03  -2.6312977e+02
   1.3700000e+03  -2.6312977e+02
   1.3800000e+03  -2.6312977e+02
   1.3900000e+03  -2.6312977e+02
   1.4000000e+03  -2.6312977e+02
   1.4100000e+03  -2.6312977e+02
   1.4200000e+03  -2.6312977e+02
   1.4300000e+03  -2.6312977e+02
   1.4400000e+03  -2.6312977e+02
   1.4500000e+03  -2.6312977e+02
   1.4600000e+03  -2.6312977e+02
   1.4700000e+03  -2.6312977e+02
   1.4800000e+03  -2.6312977e+02
   1.4900000e+03  -2.6312977e+02
   1.5000000e+03  -2.6312977e+02
   1.5100000e+03  -2.6312977e+02
   1.5200000e+03  -2.6312977e+02
   1.5300000e+03  -2.6312977e+02
   1.5400000e+03  -2.6312977e+02
   1.5500000e+03  -2.6312977e+02
   1.5600000e+03  -2.6312977e+02
   1.5700000e+03  -2.6312977e+02
   1.5800000e+03  -2.6312977e+02
   1.5900000e+03  -2.6312977e+02
   1.6000000e+03  -2.6312977e+02
   1.6100000e+03  -2.6312977e+02
   1.6200000e+03  -2.6312977e+02
   1.6300000e+03  -2.6312977e+02
   1.6400000e+03  -2.6312977e+02
   1.6500000e+03  -2.6312977e+02
   1.6600000e+03  -2.6312977e+02
   1.6700000e+03  -2.6312977e+02
   1.6800000e+03  -2.6312977e+02
   1.6900000e+03  -2.6312977e+02
   1.7000000e+03  -2.6312977e+02
   1.7100000e+03  -2.6312977e+02
   1.7200000e+03  -2.6312977e+02
   1.7300000e+03  -2.6312977e+02
   1.7400000e+03  -2.6312977e+02
   1.7500000e+03  -2.6312977e+02
   1.7600000e+03  -2.6312977e+02
   1.7700000e+03  -2.6312977e+02
   1.7800000e+03  -2.6312977e+02
   1.7900000e+03  -2.6312977e+02
   1.8000000e+03  -2.6312977e+02
   1.8100000e+03  -2.6312977e+02
   1.8200000e+03  -2.6312977e+02
   1.8300000e+03  -2.6312977e+02
   1.8400000e+03  -2.6312977e+02
   1.8500000e+03  -2.6312977e+02
   1.8600000e+03  -2.6312977e+02
   1.8700000e+03  -2.6312977e+02
   1.8800000e+03  -2.6312977e+02
   1.8900000e+03  -2.6312977e+02
   1.9000000e+03  -2.6312977e+02
   1.9100000e+03  -2.6312977e+02
   1.9200000e+03  -2.6312977e+02
   1.9300000e+03  -2.6312977e+02
   1.9400000e+03  -2.6312977e+02
   1.9500000e+03  -2.6312977e+02
   1.9600000e+03  -2.6312977e+02
   1.9700000e+03  -2.6312977e+02
   1.9800000e+03  -2.6312977e+02
   1.9900000e+03  -2.6312977e+02
   2.0000000e+03  -2.6312977e+02
   2.0100000e+03  -2.6312977e+02
   2.0200000e+03  -2.6312977e+02
   2.0300000e+03  -2.6312977e+02
   2.0400000e+03  -2.6312977e+02
   2.0500000e+03  -2.6312977e+02
   2.0600000e+03  -2.6312977e+02
   2.0700000e+03  -2.6312977e+02
   2.0800000e+03  -2.6312977e+02
   2.0900000e+03  -2.6312977e+02
   2.1000000e+03  -2.6312977e+02
   2.1100000e+03  -2.6312977e+02
   2.1200000e+03  -2.6312977e+02
   2.1300000e+03  -2.6312977e+02
   2.1400000e+03  -2.6312977e+02
   2.1500000e+03  -2.6312977e+02
   2.1600000e+03  -2.6312977e+02
   2.1700000e+03  -2.6312977e+02
   2.1800000e+03  -2.6312977e+02
   2.1900000e+03  -2.6312977e+02
   2.2000000e+03  -2.6312977e+02
   2.2100000e+03  -2.6312977e+02
   2.2200000e+03  -2.6312977e+02
   2.2300000e+03  -2.6312977e+02
   2.2400000e+03  -2.6312977e+02
   2.2500000e+03  -2.6312977e+02
   2.2600000e+03  -2.6312977e+02
   2.2700000e+03  -2.6312977e+02
   2.2800000e+03  -2.6312977e+02
   2.2900000e+03  -2.6312977e+02
   2.3000000e+03  -2.6312977e+02
   2.3100000e+03  -2.6312977e+02
   2.3200000e+03  -2.6312977e+02
   2.3300000e+03  -2.6312977e+02
   2.3400000e+03  -2.6312977e+02
   2.3500000e+03  -2.6312977e+02
   2.3600000e+03  -2.6312977e+02
   2.3700000e+03  -2.6312977e+02
   2.3800000e+03  -2.6312977e+02
   2.3900000e+03  -2.6312977e+02
   2.4000000e+03  -2.6312977e+02
   2.4100000e+03  -2.6312977e+02
   2.4200000e+03  -2.6312977e+02
   2.4300000e+03  -2.6312977e+02
   2.4400000e+03  -2.6312977e+02
   2.4500000e+03  -2.6312977e+02
   2.4600000e+03  -2.6312977e+02
   2.4700000e+03  -2.6312977e+02
   2.4800000e+03  -2.6312977e+02
   2.4900000e+03  -2.6312977e+02
   2.5000000e+03  -2.6312977e+02
   2.5100000e+03  -2.6312977e+02
   2.5200000e+03  -2.6312977e+02
   2.5300000e+03  -2.6312977e+02
   2.5400000e+03  -2.6312977e+02
   2.5500000e+03  -2.6312977e+02
   2.5600000e+03  -2.6312977e+02
   2.5700000e+03  -2.6312977e+02
   2.5800000e+03  -2.6312977e+02
   2.5900000e+03  -2.6312977e+02
   2.6000000e+03  -2.6312977e+02
   2.6100000e+03  -2.6312977e+02
   2.6200000e+03  -2.6312977e+02
   2.6300000e+03  -2.6312977e+02
   2.6400000e+03  -2.6312977e+02
   2.6500000e+03  -2.6312977e+02
   2.6600000e+03  -2.6312977e+02
   2.6700000e+03  -2.6312977e+02
   2.6800000e+03  -2.6312977e+02
   2.6900000e+03  -2.6312977e+02
   2.7000000e+03  -2.6312977e+02
   2.7100000e+03  -2.6312977e+02
   2.7200000e+03  -2.6312977e+02
   2.7300000e+03  -2.6312977e+02
   2.7400000e+03  -2.6312977e+02
   2.7500000e+03  -2.6312977e+02
   2.7600000e+03  -2.6312977e+02
   2.7700000e+03  -2.6312977e+02
   2.7800000e+03  -2.6312977e+02
   2.7900000e+03  -2.6312977e+02
   2.8000000e+03  -2.6312977e+02
   2.8100000e+03  -2.6312977e+02
   2.8200000e+03  -2.6312977e+02
   2.8300000e+03  -2.6312977e+02
   2.8400000e+03  -2.6312977e+02
   2.8500000e+03  -2.6312977e+02
   2.8600000e+03  -2.6312977e+02
   2.8700000e+03  -2.6312977e+02
   2.8800000e+03  -2.6312977e+02
   2.8900000e+03  -2.6312977e+02
   2.9000000e+03  -2.6312977e+02
   2.9100000e+03  -2.6312977e+02
   2.9200000e+03  -2.6312977e+02
   2.9300000e+03  -2.6312977e+02
   2.9400000e+03  -2.6312977e+02
   2.9500000e+03  -2.6312977e+02
   2.9600000e+03  -2.6312977e+02
   2.9700000e+03  -2.6312977e+02
   2.9800000e+03  -2.6312977e+02
   2.9900000e+03  -2.6312977e+02
   3.0000000e+03  -2.6312977e+02
   3.0100000e+03  -2.6312977e+02
   3.0200000e+03  -2.6312977e+02
   3.0300000e+03  -2.6312977e+02
   3.0400000e+03  -2.6312977e+02
   3.0500000e+03  -2.6312977e+02
   3.0600000e+03  -2.6312977e+02
   3.0700000e+03  -2.6312977e+02
   3.0800000e+03  -2.6312977e+02
   3.0900000e+03  -2.6312977e+02
   3.1000000e+03  -2.6312977e+02
   3.1100000e+03  -2.6312977e+02
   3.1200000e+03  -2.6312977e+02
   3.1300000e+03  -2.6312977e+02
   3.1400000e+03  -2.6312977e+02
   3.1500000e+03  -2.6312977e+02
   3.1600000e+03  -2.6312977e+02
   3.1700000e+03  -2.6312977e+02
   3.1800000e+03  -2.6312977e+02
   3.1900000e+03  -2.6312977e+02
   3.2000000e+03  -2.6312977e+02
   3.2100000e+03  -2.6312977e+02
   3.2200000e+03  -2.6312977e+02
   3.2300000e+03  -2.6312977e+02
   3.2400000e+03  -2.6312977e+02
   3.2500000e+03  -2.6312977e+02
   3.2600000e+03  -2.6312977e+02
   3.2700000e+03  -2.6312977e+02
   3.2800000e+03  -2.6312977e+02
   3.2900000e+03  -2.6312977e+02
   3.3000000e+03  -2.6312977e+02
   3.3100000e+03  -2.6312977e+02
   3.3200000e+03  -2.6312977e+02
   3.3300000e+03  -2.6312977e+02
   3.3400000e+03  -2.6312977e+02
   3.3500000e+03  -2.6312977e+02
   3.3600000e+03  -2.6312977e+02
   3.3700000e+03  -2.6312977e+02
   3.3800000e+03  -2.6312977e+02
   3.3900000e+03  -2.6312977e+02
   3.4000000e+03  -2.6312977e+02
   3.4100000e+03  -2.6312977e+02
   3.4200000e+03  -2.6312977e+02
   3.4300000e+03  -2.6312977e+02
   3.4400000e+03  -2.6312977e+02
   3.4500000e+03  -2.6312977e+02
   3.4600000e+03  -2.6312977e+02
   3.4700000e+03  -2.6312977e+02
   3.4800000e+03  -2.6312977e+02
   3.4900000e+03  -2.6312977e+02
