   0.0000000e+00   1.8120760e+01
   1.0000000e+01   1.8114326e+01
   2.0000000e+01   1.8239625e+01
   3.0000000e+01   1.8711606e+01
   4.0000000e+01   1.9423165e+01
   5.0000000e+01   2.0386250e+01
   6.0000000e+01   2.1378973e+01
   7.0000000e+01   2.2231062e+01
   8.0000000e+01   2.3141591e+01
   9.0000000e+01   2.4040638e+01
   1.0000000e+02   2.4989597e+01
   1.1000000e+02   2.5828057e+01
   1.2000000e+02   2.6592890e+01
   1.3000000e+02   2.7397387e+01
   1.4000000e+02   2.8131528e+01
   1.5000000e+02   2.8994609e+01
   1.6000000e+02   2.9840208e+01
   1.7000000e+02   3.0607302e+01
   1.8000000e+02   3.1358196e+01
   1.9000000e+02   3.2001554e+01
   2.0000000e+02   3.2582320e+01
   2.1000000e+02   3.3318807e+01
   2.2000000e+02   3.3903893e+01
   2.3000000e+02   3.4404181e+01
   2.4000000e+02   3.4942354e+01
   2.5000000e+02   3.5593254e+01
   2.6000000e+02   3.6163036e+01
   2.7000000e+02   3.7008043e+01
   2.8000000e+02   3.7480586e+01
   2.9000000e+02   3.7883820e+01
   3.0000000e+02   3.8568547e+01
   3.1000000e+02   3.8878966e+01
   3.2000000e+02   3.9327926e+01
   3.3000000e+02   3.9802339e+01
   3.4000000e+02   4.0328081e+01
   3.5000000e+02   4.0722876e+01
   3.6000000e+02   4.1280734e+01
   3.7000000e+02   4.1402499e+01
   3.8000000e+02   4.2024821e+01
   3.9000000e+02   4.2383635e+01
   4.0000000e+02   4.2535557e+01
   4.1000000e+02   4.2949306e+01
   4.2000000e+02   4.3343151e+01
   4.3000000e+02   4.3447597e+01
   4.4000000e+02   4.4022080e+01
   4.5000000e+02   4.4296388e+01
   4.6000000e+02   4.4537097e+01
   4.7000000e+02   4.4925745e+01
   4.8000000e+02   4.5002669e+01
   4.9000000e+02   4.5488452e+01
   5.0000000e+02   4.5779449e+01
   5.1000000e+02   4.6007904e+01
   5.2000000e+02   4.6149308e+01
   5.3000000e+02   4.6380741e+01
   5.4000000e+02   4.6534781e+01
   5.5000000e+02   4.6831959e+01
   5.6000000e+02   4.7245247e+01
   5.7000000e+02   4.7331105e+01
   5.8000000e+02   4.7590557e+01
   5.9000000e+02   4.7760566e+01
   6.0000000e+02   4.8040055e+01
   6.1000000e+02   4.8156458e+01
   6.2000000e+02   4.8309482e+01
   6.3000000e+02   4.8563201e+01
   6.4000000e+02   4.8760039e+01
   6.5000000e+02   4.9075493e+01
   6.6000000e+02   4.9233408e+01
   6.7000000e+02   4.9445022e+01
   6.8000000e+02   4.9457372e+01
   6.9000000e+02   4.9725216e+01
   7.0000000e+02   4.9923198e+01
   7.1000000e+02   5.0056723e+01
   7.2000000e+02   5.0213487e+01
   7.3000000e+02   5.0424882e+01
   7.4000000e+02   5.0476789e+01
   7.5000000e+02   5.0726832e+01
   7.6000000e+02   5.0927735e+01
   7.7000000e+02   5.1026011e+01
   7.8000000e+02   5.1055900e+01
   7.9000000e+02   5.1264904e+01
   8.0000000e+02   5.1517438e+01
   8.1000000e+02   5.1519209e+01
   8.2000000e+02   5.1719682e+01
   8.3000000e+02   5.1860366e+01
   8.4000000e+02   5.1826550e+01
   8.5000000e+02   5.2004460e+01
   8.6000000e+02   5.2228630e+01
   8.7000000e+02   5.2280291e+01
   8.8000000e+02   5.2336494e+01
   8.9000000e+02   5.2575260e+01
   9.0000000e+02   5.2683276e+01
   9.1000000e+02   5.2729152e+01
   9.2000000e+02   5.2980672e+01
   9.3000000e+02   5.2991502e+01
   9.4000000e+02   5.3072015e+01
   9.5000000e+02   5.3078962e+01
   9.6000000e+02   5.3221665e+01
   9.7000000e+02   5.3353443e+01
   9.8000000e+02   5.3470218e+01
   9.9000000e+02   5.3487913e+01
   1.0000000e+03   5.3685476e+01
   1.0100000e+03   5.3717343e+01
   1.0200000e+03   5.3849564e+01
   1.0300000e+03   5.3903588e+01
   1.0400000e+03   5.3964176e+01
   1.0500000e+03   5.4065752e+01
   1.0600000e+03   5.4181924e+01
   1.0700000e+03   5.4245885e+01
   1.0800000e+03   5.4294733e+01
   1.0900000e+03   5.4379288e+01
   1.1000000e+03   5.4489065e+01
   1.1100000e+03   5.4566626e+01
   1.1200000e+03   5.4645192e+01
   1.1300000e+03   5.4786098e+01
   1.1400000e+03   5.4788312e+01
   1.1500000e+03   5.4923768e+01
   1.1600000e+03   5.4983143e+01
   1.1700000e+03   5.5051346e+01
   1.1800000e+03   5.5153310e+01
   1.1900000e+03   5.5269105e+01
   1.2000000e+03   5.5323142e+01
   1.2100000e+03   5.5358717e+01
   1.2200000e+03   5.5472750e+01
   1.2300000e+03   5.5477409e+01
   1.2400000e+03   5.5569283e+01
   1.2500000e+03   5.5643906e+01
   1.2600000e+03   5.5678203e+01
   1.2700000e+03   5.5704220e+01
   1.2800000e+03   5.5749727e+01
   1.2900000e+03   5.5777102e+01
   1.3000000e+03   5.5901667e+01
   1.3100000e+03   5.5953681e+01
   1.3200000e+03   5.6003256e+01
   1.3300000e+03   5.6056047e+01
   1.3400000e+03   5.6110976e+01
   1.3500000e+03   5.6155224e+01
   1.3600000e+03   5.6195185e+01
   1.3700000e+03   5.6265660e+01
   1.3800000e+03   5.6308530e+01
   1.3900000e+03   5.6368345e+01
   1.4000000e+03   5.6366004e+01
   1.4100000e+03   5.6454405e+01
   1.4200000e+03   5.6504584e+01
   1.4300000e+03   5.6535212e+01
   1.4400000e+03   5.6589027e+01
   1.4500000e+03   5.6645317e+01
   1.4600000e+03   5.6693516e+01
   1.4700000e+03   5.6733657e+01
   1.4800000e+03   5.6829870e+01
   1.4900000e+03   5.6840837e+01
   1.5000000e+03   5.6907703e+01
   1.5100000e+03   5.6966214e+01
   1.5200000e+03   5.6944121e+01
   1.5300000e+03   5.7057740e+01
   1.5400000e+03   5.7063717e+01
   1.5500000e+03   5.7166758e+01
   1.5600000e+03   5.7163701e+01
   1.5700000e+03   5.7260552e+01
   1.5800000e+03   5.7247177e+01
   1.5900000e+03   5.7309739e+01
   1.6000000e+03   5.7315916e+01
   1.6100000e+03   5.7386403e+01
   1.6200000e+03   5.7393867e+01
   1.6300000e+03   5.7446219e+01
   1.6400000e+03   5.7482433e+01
   1.6500000e+03   5.7541909e+01
   1.6600000e+03   5.7595057e+01
   1.6700000e+03   5.7587676e+01
   1.6800000e+03   5.7626241e+01
   1.6900000e+03   5.7632014e+01
   1.7000000e+03   5.7687162e+01
   1.7100000e+03   5.7691517e+01
   1.7200000e+03   5.7727475e+01
   1.7300000e+03   5.7708746e+01
   1.7400000e+03   5.7803573e+01
   1.7500000e+03   5.7809153e+01
   1.7600000e+03   5.7845530e+01
   1.7700000e+03   5.7876524e+01
   1.7800000e+03   5.7885903e+01
   1.7900000e+03   5.7937650e+01
   1.8000000e+03   5.7915025e+01
   1.8100000e+03   5.7960833e+01
   1.8200000e+03   5.8043300e+01
   1.8300000e+03   5.8033133e+01
   1.8400000e+03   5.8077585e+01
   1.8500000e+03   5.8064598e+01
   1.8600000e+03   5.8129454e+01
   1.8700000e+03   5.8111802e+01
   1.8800000e+03   5.8194418e+01
   1.8900000e+03   5.8181741e+01
   1.9000000e+03   5.8288285e+01
   1.9100000e+03   5.8226936e+01
   1.9200000e+03   5.8260909e+01
   1.9300000e+03   5.8225027e+01
   1.9400000e+03   5.8299873e+01
   1.9500000e+03   5.8307721e+01
   1.9600000e+03   5.8358868e+01
   1.9700000e+03   5.8364554e+01
   1.9800000e+03   5.8413153e+01
   1.9900000e+03   5.8459004e+01
   2.0000000e+03   5.8489124e+01
   2.0100000e+03   5.8489448e+01
   2.0200000e+03   5.8525724e+01
   2.0300000e+03   5.8537066e+01
   2.0400000e+03   5.8601067e+01
   2.0500000e+03   5.8628719e+01
   2.0600000e+03   5.8669477e+01
   2.0700000e+03   5.8669256e+01
   2.0800000e+03   5.8763831e+01
   2.0900000e+03   5.8779266e+01
   2.1000000e+03   5.8761657e+01
   2.1100000e+03   5.8806872e+01
   2.1200000e+03   5.8780397e+01
   2.1300000e+03   5.8856148e+01
   2.1400000e+03   5.8858827e+01
   2.1500000e+03   5.8921227e+01
   2.1600000e+03   5.8945246e+01
   2.1700000e+03   5.8943157e+01
   2.1800000e+03   5.8982301e+01
   2.1900000e+03   5.8973924e+01
   2.2000000e+03   5.8982313e+01
   2.2100000e+03   5.9020270e+01
   2.2200000e+03   5.9040563e+01
   2.2300000e+03   5.9113487e+01
   2.2400000e+03   5.9120115e+01
   2.2500000e+03   5.9132316e+01
   2.2600000e+03   5.9136831e+01
   2.2700000e+03   5.9112585e+01
   2.2800000e+03   5.9190034e+01
   2.2900000e+03   5.9208522e+01
   2.3000000e+03   5.9292534e+01
   2.3100000e+03   5.9323699e+01
   2.3200000e+03   5.9358286e+01
   2.3300000e+03   5.9383889e+01
   2.3400000e+03   5.9422813e+01
   2.3500000e+03   5.9462182e+01
   2.3600000e+03   5.9543303e+01
   2.3700000e+03   5.9553193e+01
   2.3800000e+03   5.9574400e+01
   2.3900000e+03   5.9597831e+01
   2.4000000e+03   5.9603921e+01
   2.4100000e+03   5.9613017e+01
   2.4200000e+03   5.9669139e+01
   2.4300000e+03   5.9732399e+01
   2.4400000e+03   5.9820970e+01
   2.4500000e+03   5.9783026e+01
   2.4600000e+03   5.9842243e+01
   2.4700000e+03   5.9879741e+01
   2.4800000e+03   5.9876149e+01
   2.4900000e+03   5.9882086e+01
   2.5000000e+03   5.9849233e+01
   2.5100000e+03   5.9898520e+01
   2.5200000e+03   5.9907558e+01
   2.5300000e+03   6.0003130e+01
   2.5400000e+03   5.9983959e+01
   2.5500000e+03   6.0031375e+01
   2.5600000e+03   6.0005840e+01
   2.5700000e+03   6.0015692e+01
   2.5800000e+03   5.9990806e+01
   2.5900000e+03   6.0062819e+01
   2.6000000e+03   6.0083757e+01
   2.6100000e+03   6.0071982e+01
   2.6200000e+03   6.0078921e+01
   2.6300000e+03   6.0092801e+01
   2.6400000e+03   6.0162347e+01
   2.6500000e+03   6.0149365e+01
   2.6600000e+03   6.0217033e+01
   2.6700000e+03   6.0230439e+01
   2.6800000e+03   6.0278743e+01
   2.6900000e+03   6.0246028e+01
   2.7000000e+03   6.0267646e+01
   2.7100000e+03   6.0233810e+01
   2.7200000e+03   6.0333420e+01
   2.7300000e+03   6.0295396e+01
   2.7400000e+03   6.0348453e+01
   2.7500000e+03   6.0376378e+01
   2.7600000e+03   6.0400741e+01
   2.7700000e+03   6.0452057e+01
   2.7800000e+03   6.0447096e+01
   2.7900000e+03   6.0512664e+01
   2.8000000e+03   6.0465663e+01
   2.8100000e+03   6.0497362e+01
   2.8200000e+03   6.0533696e+01
   2.8300000e+03   6.0534593e+01
   2.8400000e+03   6.0567096e+01
   2.8500000e+03   6.0615635e+01
   2.8600000e+03   6.0598296e+01
   2.8700000e+03   6.0588059e+01
   2.8800000e+03   6.0617099e+01
   2.8900000e+03   6.0628039e+01
   2.9000000e+03   6.0652626e+01
   2.9100000e+03   6.0627712e+01
   2.9200000e+03   6.0611644e+01
   2.9300000e+03   6.0576571e+01
   2.9400000e+03   6.0624413e+01
   2.9500000e+03   6.0704755e+01
   2.9600000e+03   6.0694046e+01
   2.9700000e+03   6.0728727e+01
   2.9800000e+03   6.0761364e+01
   2.9900000e+03   6.0790728e+01
   3.0000000e+03   6.0806188e+01
   3.0100000e+03   6.0809374e+01
   3.0200000e+03   6.0853881e+01
   3.0300000e+03   6.0778369e+01
   3.0400000e+03   6.0815460e+01
   3.0500000e+03   6.0842963e+01
   3.0600000e+03   6.0864608e+01
   3.0700000e+03   6.0863657e+01
   3.0800000e+03   6.0867022e+01
   3.0900000e+03   6.0916658e+01
   3.1000000e+03   6.0859870e+01
   3.1100000e+03   6.0925289e+01
   3.1200000e+03   6.0859918e+01
   3.1300000e+03   6.0917203e+01
   3.1400000e+03   6.0919726e+01
   3.1500000e+03   6.0938376e+01
   3.1600000e+03   6.0924737e+01
   3.1700000e+03   6.0938010e+01
   3.1800000e+03   6.0946897e+01
   3.1900000e+03   6.1002388e+01
   3.2000000e+03   6.0999744e+01
   3.2100000e+03   6.0993713e+01
   3.2200000e+03   6.0898620e+01
   3.2300000e+03   6.0909546e+01
   3.2400000e+03   6.0956628e+01
   3.2500000e+03   6.0993821e+01
   3.2600000e+03   6.1041553e+01
   3.2700000e+03   6.1040452e+01
   3.2800000e+03   6.1006016e+01
   3.2900000e+03   6.0979185e+01
   3.3000000e+03   6.0997438e+01
   3.3100000e+03   6.1022291e+01
   3.3200000e+03   6.1048362e+01
   3.3300000e+03   6.1060281e+01
   3.3400000e+03   6.1103774e+01
   3.3500000e+03   6.1086527e+01
   3.3600000e+03   6.1032657e+01
   3.3700000e+03   6.1040335e+01
   3.3800000e+03   6.1066084e+01
   3.3900000e+03   6.1037723e+01
   3.4000000e+03   6.1008901e+01
   3.4100000e+03   6.1023164e+01
   3.4200000e+03   6.1033907e+01
   3.4300000e+03   6.0987317e+01
   3.4400000e+03   6.0946479e+01
   3.4500000e+03   6.1000071e+01
   3.4600000e+03   6.1031818e+01
   3.4700000e+03   6.0969815e+01
   3.4800000e+03   6.0976250e+01
   3.4900000e+03   6.1001429e+01
