   0.0000000e+00   1.7308997e+01
   1.0000000e+01   1.7327254e+01
   2.0000000e+01   1.7763477e+01
   3.0000000e+01   1.9127719e+01
   4.0000000e+01   2.0528540e+01
   5.0000000e+01   2.1876541e+01
   6.0000000e+01   2.3093062e+01
   7.0000000e+01   2.4219037e+01
   8.0000000e+01   2.5270057e+01
   9.0000000e+01   2.6270185e+01
   1.0000000e+02   2.7343767e+01
   1.1000000e+02   2.8314614e+01
   1.2000000e+02   2.9204599e+01
   1.3000000e+02   3.0039841e+01
   1.4000000e+02   3.0858694e+01
   1.5000000e+02   3.1696537e+01
   1.6000000e+02   3.2470370e+01
   1.7000000e+02   3.3237529e+01
   1.8000000e+02   3.3932098e+01
   1.9000000e+02   3.4665620e+01
   2.0000000e+02   3.5281618e+01
   2.1000000e+02   3.5886511e+01
   2.2000000e+02   3.6486156e+01
   2.3000000e+02   3.7067417e+01
   2.4000000e+02   3.7623371e+01
   2.5000000e+02   3.8160949e+01
   2.6000000e+02   3.8666099e+01
   2.7000000e+02   3.9160249e+01
   2.8000000e+02   3.9687500e+01
   2.9000000e+02   4.0158690e+01
   3.0000000e+02   4.0625203e+01
   3.1000000e+02   4.1052103e+01
   3.2000000e+02   4.1457935e+01
   3.3000000e+02   4.1866673e+01
   3.4000000e+02   4.2295084e+01
   3.5000000e+02   4.2683121e+01
   3.6000000e+02   4.3068222e+01
   3.7000000e+02   4.3446467e+01
   3.8000000e+02   4.3825561e+01
   3.9000000e+02   4.4131773e+01
   4.0000000e+02   4.4489329e+01
   4.1000000e+02   4.4819456e+01
   4.2000000e+02   4.5098114e+01
   4.3000000e+02   4.5410936e+01
   4.4000000e+02   4.5720157e+01
   4.5000000e+02   4.6029711e+01
   4.6000000e+02   4.6319769e+01
   4.7000000e+02   4.6613699e+01
   4.8000000e+02   4.6853893e+01
   4.9000000e+02   4.7090737e+01
   5.0000000e+02   4.7368193e+01
   5.1000000e+02   4.7603236e+01
   5.2000000e+02   4.7862015e+01
   5.3000000e+02   4.8128529e+01
   5.4000000e+02   4.8338766e+01
   5.5000000e+02   4.8572883e+01
   5.6000000e+02   4.8786001e+01
   5.7000000e+02   4.8985915e+01
   5.8000000e+02   4.9186256e+01
   5.9000000e+02   4.9378351e+01
   6.0000000e+02   4.9563392e+01
   6.1000000e+02   4.9734892e+01
   6.2000000e+02   4.9913186e+01
   6.3000000e+02   5.0109848e+01
   6.4000000e+02   5.0343178e+01
   6.5000000e+02   5.0525943e+01
   6.6000000e+02   5.0666645e+01
   6.7000000e+02   5.0827717e+01
   6.8000000e+02   5.0962430e+01
   6.9000000e+02   5.1152967e+01
   7.0000000e+02   5.1327813e+01
   7.1000000e+02   5.1494491e+01
   7.2000000e+02   5.1646874e+01
   7.3000000e+02   5.1804389e+01
   7.4000000e+02   5.1987175e+01
   7.5000000e+02   5.2077985e+01
   7.6000000e+02   5.2247207e+01
   7.7000000e+02   5.2374233e+01
   7.8000000e+02   5.2506350e+01
   7.9000000e+02   5.2639909e+01
   8.0000000e+02   5.2746209e+01
   8.1000000e+02   5.2920158e+01
   8.2000000e+02   5.3066069e+01
   8.3000000e+02   5.3153360e+01
   8.4000000e+02   5.3266787e+01
   8.5000000e+02   5.3396977e+01
   8.6000000e+02   5.3503974e+01
   8.7000000e+02   5.3582662e+01
   8.8000000e+02   5.3709921e+01
   8.9000000e+02   5.3816564e+01
   9.0000000e+02   5.3945723e+01
   9.1000000e+02   5.4038737e+01
   9.2000000e+02   5.4131683e+01
   9.3000000e+02   5.4192547e+01
   9.4000000e+02   5.4356857e+01
   9.5000000e+02   5.4410500e+01
   9.6000000e+02   5.4519918e+01
   9.7000000e+02   5.4592639e+01
   9.8000000e+02   5.4669571e+01
   9.9000000e+02   5.4797386e+01
   1.0000000e+03   5.4873378e+01
   1.0100000e+03   5.5019307e+01
   1.0200000e+03   5.5064054e+01
   1.0300000e+03   5.5126342e+01
   1.0400000e+03   5.5207629e+01
   1.0500000e+03   5.5230659e+01
   1.0600000e+03   5.5364120e+01
   1.0700000e+03   5.5392427e+01
   1.0800000e+03   5.5492074e+01
   1.0900000e+03   5.5560719e+01
   1.1000000e+03   5.5690284e+01
   1.1100000e+03   5.5760663e+01
   1.1200000e+03  -2.4590111e+02
   1.1300000e+03  -2.4590111e+02
   1.1400000e+03  -2.4590111e+02
   1.1500000e+03  -2.4590111e+02
   1.1600000e+03  -2.4590111e+02
   1.1700000e+03  -2.4590111e+02
   1.1800000e+03  -2.4590111e+02
   1.1900000e+03  -2.4590111e+02
   1.2000000e+03  -2.4590111e+02
   1.2100000e+03  -2.4590111e+02
   1.2200000e+03  -2.4590111e+02
   1.2300000e+03  -2.4590111e+02
   1.2400000e+03  -2.4590111e+02
   1.2500000e+03  -2.4590111e+02
   1.2600000e+03  -2.4590111e+02
   1.2700000e+03  -2.4590111e+02
   1.2800000e+03  -2.4590111e+02
   1.2900000e+03  -2.4590111e+02
   1.3000000e+03  -2.4590111e+02
   1.3100000e+03  -2.4590111e+02
   1.3200000e+03  -2.4590111e+02
   1.3300000e+03  -2.4590111e+02
   1.3400000e+03  -2.4590111e+02
   1.3500000e+03  -2.4590111e+02
   1.3600000e+03  -2.4590111e+02
   1.3700000e+03  -2.4590111e+02
   1.3800000e+03  -2.4590111e+02
   1.3900000e+03  -2.4590111e+02
   1.4000000e+03  -2.4590111e+02
   1.4100000e+03  -2.4590111e+02
   1.4200000e+03  -2.4590111e+02
   1.4300000e+03  -2.4590111e+02
   1.4400000e+03  -2.4590111e+02
   1.4500000e+03  -2.4590111e+02
   1.4600000e+03  -2.4590111e+02
   1.4700000e+03  -2.4590111e+02
   1.4800000e+03  -2.4590111e+02
   1.4900000e+03  -2.4590111e+02
   1.5000000e+03  -2.4590111e+02
   1.5100000e+03  -2.4590111e+02
   1.5200000e+03  -2.4590111e+02
   1.5300000e+03  -2.4590111e+02
   1.5400000e+03  -2.4590111e+02
   1.5500000e+03  -2.4590111e+02
   1.5600000e+03  -2.4590111e+02
   1.5700000e+03  -2.4590111e+02
   1.5800000e+03  -2.4590111e+02
   1.5900000e+03  -2.4590111e+02
   1.6000000e+03  -2.4590111e+02
   1.6100000e+03  -2.4590111e+02
   1.6200000e+03  -2.4590111e+02
   1.6300000e+03  -2.4590111e+02
   1.6400000e+03  -2.4590111e+02
   1.6500000e+03  -2.4590111e+02
   1.6600000e+03  -2.4590111e+02
   1.6700000e+03  -2.4590111e+02
   1.6800000e+03  -2.4590111e+02
   1.6900000e+03  -2.4590111e+02
   1.7000000e+03  -2.4590111e+02
   1.7100000e+03  -2.4590111e+02
   1.7200000e+03  -2.4590111e+02
   1.7300000e+03  -2.4590111e+02
   1.7400000e+03  -2.4590111e+02
   1.7500000e+03  -2.4590111e+02
   1.7600000e+03  -2.4590111e+02
   1.7700000e+03  -2.4590111e+02
   1.7800000e+03  -2.4590111e+02
   1.7900000e+03  -2.4590111e+02
   1.8000000e+03  -2.4590111e+02
   1.8100000e+03  -2.4590111e+02
   1.8200000e+03  -2.4590111e+02
   1.8300000e+03  -2.4590111e+02
   1.8400000e+03  -2.4590111e+02
   1.8500000e+03  -2.4590111e+02
   1.8600000e+03  -2.4590111e+02
   1.8700000e+03  -2.4590111e+02
   1.8800000e+03  -2.4590111e+02
   1.8900000e+03  -2.4590111e+02
   1.9000000e+03  -2.4590111e+02
   1.9100000e+03  -2.4590111e+02
   1.9200000e+03  -2.4590111e+02
   1.9300000e+03  -2.4590111e+02
   1.9400000e+03  -2.4590111e+02
   1.9500000e+03  -2.4590111e+02
   1.9600000e+03  -2.4590111e+02
   1.9700000e+03  -2.4590111e+02
   1.9800000e+03  -2.4590111e+02
   1.9900000e+03  -2.4590111e+02
   2.0000000e+03  -2.4590111e+02
   2.0100000e+03  -2.4590111e+02
   2.0200000e+03  -2.4590111e+02
   2.0300000e+03  -2.4590111e+02
   2.0400000e+03  -2.4590111e+02
   2.0500000e+03  -2.4590111e+02
   2.0600000e+03  -2.4590111e+02
   2.0700000e+03  -2.4590111e+02
   2.0800000e+03  -2.4590111e+02
   2.0900000e+03  -2.4590111e+02
   2.1000000e+03  -2.4590111e+02
   2.1100000e+03  -2.4590111e+02
   2.1200000e+03  -2.4590111e+02
   2.1300000e+03  -2.4590111e+02
   2.1400000e+03  -2.4590111e+02
   2.1500000e+03  -2.4590111e+02
   2.1600000e+03  -2.4590111e+02
   2.1700000e+03  -2.4590111e+02
   2.1800000e+03  -2.4590111e+02
   2.1900000e+03  -2.4590111e+02
   2.2000000e+03  -2.4590111e+02
   2.2100000e+03  -2.4590111e+02
   2.2200000e+03  -2.4590111e+02
   2.2300000e+03  -2.4590111e+02
   2.2400000e+03  -2.4590111e+02
   2.2500000e+03  -2.4590111e+02
   2.2600000e+03  -2.4590111e+02
   2.2700000e+03  -2.4590111e+02
   2.2800000e+03  -2.4590111e+02
   2.2900000e+03  -2.4590111e+02
   2.3000000e+03  -2.4590111e+02
   2.3100000e+03  -2.4590111e+02
   2.3200000e+03  -2.4590111e+02
   2.3300000e+03  -2.4590111e+02
   2.3400000e+03  -2.4590111e+02
   2.3500000e+03  -2.4590111e+02
   2.3600000e+03  -2.4590111e+02
   2.3700000e+03  -2.4590111e+02
   2.3800000e+03  -2.4590111e+02
   2.3900000e+03  -2.4590111e+02
   2.4000000e+03  -2.4590111e+02
   2.4100000e+03  -2.4590111e+02
   2.4200000e+03  -2.4590111e+02
   2.4300000e+03  -2.4590111e+02
   2.4400000e+03  -2.4590111e+02
   2.4500000e+03  -2.4590111e+02
   2.4600000e+03  -2.4590111e+02
   2.4700000e+03  -2.4590111e+02
   2.4800000e+03  -2.4590111e+02
   2.4900000e+03  -2.4590111e+02
   2.5000000e+03  -2.4590111e+02
   2.5100000e+03  -2.4590111e+02
   2.5200000e+03  -2.4590111e+02
   2.5300000e+03  -2.4590111e+02
   2.5400000e+03  -2.4590111e+02
   2.5500000e+03  -2.4590111e+02
   2.5600000e+03  -2.4590111e+02
   2.5700000e+03  -2.4590111e+02
   2.5800000e+03  -2.4590111e+02
   2.5900000e+03  -2.4590111e+02
   2.6000000e+03  -2.4590111e+02
   2.6100000e+03  -2.4590111e+02
   2.6200000e+03  -2.4590111e+02
   2.6300000e+03  -2.4590111e+02
   2.6400000e+03  -2.4590111e+02
   2.6500000e+03  -2.4590111e+02
   2.6600000e+03  -2.4590111e+02
   2.6700000e+03  -2.4590111e+02
   2.6800000e+03  -2.4590111e+02
   2.6900000e+03  -2.4590111e+02
   2.7000000e+03  -2.4590111e+02
   2.7100000e+03  -2.4590111e+02
   2.7200000e+03  -2.4590111e+02
   2.7300000e+03  -2.4590111e+02
   2.7400000e+03  -2.4590111e+02
   2.7500000e+03  -2.4590111e+02
   2.7600000e+03  -2.4590111e+02
   2.7700000e+03  -2.4590111e+02
   2.7800000e+03  -2.4590111e+02
   2.7900000e+03  -2.4590111e+02
   2.8000000e+03  -2.4590111e+02
   2.8100000e+03  -2.4590111e+02
   2.8200000e+03  -2.4590111e+02
   2.8300000e+03  -2.4590111e+02
   2.8400000e+03  -2.4590111e+02
   2.8500000e+03  -2.4590111e+02
   2.8600000e+03  -2.4590111e+02
   2.8700000e+03  -2.4590111e+02
   2.8800000e+03  -2.4590111e+02
   2.8900000e+03  -2.4590111e+02
   2.9000000e+03  -2.4590111e+02
   2.9100000e+03  -2.4590111e+02
   2.9200000e+03  -2.4590111e+02
   2.9300000e+03  -2.4590111e+02
   2.9400000e+03  -2.4590111e+02
   2.9500000e+03  -2.4590111e+02
   2.9600000e+03  -2.4590111e+02
   2.9700000e+03  -2.4590111e+02
   2.9800000e+03  -2.4590111e+02
   2.9900000e+03  -2.4590111e+02
   3.0000000e+03  -2.4590111e+02
   3.0100000e+03  -2.4590111e+02
   3.0200000e+03  -2.4590111e+02
   3.0300000e+03  -2.4590111e+02
   3.0400000e+03  -2.4590111e+02
   3.0500000e+03  -2.4590111e+02
   3.0600000e+03  -2.4590111e+02
   3.0700000e+03  -2.4590111e+02
   3.0800000e+03  -2.4590111e+02
   3.0900000e+03  -2.4590111e+02
   3.1000000e+03  -2.4590111e+02
   3.1100000e+03  -2.4590111e+02
   3.1200000e+03  -2.4590111e+02
   3.1300000e+03  -2.4590111e+02
   3.1400000e+03  -2.4590111e+02
   3.1500000e+03  -2.4590111e+02
   3.1600000e+03  -2.4590111e+02
   3.1700000e+03  -2.4590111e+02
   3.1800000e+03  -2.4590111e+02
   3.1900000e+03  -2.4590111e+02
   3.2000000e+03  -2.4590111e+02
   3.2100000e+03  -2.4590111e+02
   3.2200000e+03  -2.4590111e+02
   3.2300000e+03  -2.4590111e+02
   3.2400000e+03  -2.4590111e+02
   3.2500000e+03  -2.4590111e+02
   3.2600000e+03  -2.4590111e+02
   3.2700000e+03  -2.4590111e+02
   3.2800000e+03  -2.4590111e+02
   3.2900000e+03  -2.4590111e+02
   3.3000000e+03  -2.4590111e+02
   3.3100000e+03  -2.4590111e+02
   3.3200000e+03  -2.4590111e+02
   3.3300000e+03  -2.4590111e+02
   3.3400000e+03  -2.4590111e+02
   3.3500000e+03  -2.4590111e+02
   3.3600000e+03  -2.4590111e+02
   3.3700000e+03  -2.4590111e+02
   3.3800000e+03  -2.4590111e+02
   3.3900000e+03  -2.4590111e+02
   3.4000000e+03  -2.4590111e+02
   3.4100000e+03  -2.4590111e+02
   3.4200000e+03  -2.4590111e+02
   3.4300000e+03  -2.4590111e+02
   3.4400000e+03  -2.4590111e+02
   3.4500000e+03  -2.4590111e+02
   3.4600000e+03  -2.4590111e+02
   3.4700000e+03  -2.4590111e+02
   3.4800000e+03  -2.4590111e+02
   3.4900000e+03  -2.4590111e+02
