   0.0000000e+00  -1.0849511e-02
   1.0000000e+01   6.3774376e-03
   2.0000000e+01   6.0209378e-01
   3.0000000e+01   2.1315706e+00
   4.0000000e+01   3.5809585e+00
   5.0000000e+01   4.7896132e+00
   6.0000000e+01   5.9437612e+00
   7.0000000e+01   6.9402759e+00
   8.0000000e+01   7.9698904e+00
   9.0000000e+01   8.9203915e+00
   1.0000000e+02   9.9060394e+00
   1.1000000e+02   1.0772509e+01
   1.2000000e+02   1.1629119e+01
   1.3000000e+02   1.2393691e+01
   1.4000000e+02   1.3152372e+01
   1.5000000e+02   1.3834766e+01
   1.6000000e+02   1.4547833e+01
   1.7000000e+02   1.5237041e+01
   1.8000000e+02   1.5824024e+01
   1.9000000e+02   1.6477174e+01
   2.0000000e+02   1.7059459e+01
   2.1000000e+02   1.7598243e+01
   2.2000000e+02   1.8114235e+01
   2.3000000e+02   1.8642862e+01
   2.4000000e+02   1.9143158e+01
   2.5000000e+02   1.9644088e+01
   2.6000000e+02   2.0068350e+01
   2.7000000e+02   2.0489240e+01
   2.8000000e+02   2.0963172e+01
   2.9000000e+02   2.1426613e+01
   3.0000000e+02   2.1791744e+01
   3.1000000e+02   2.2160993e+01
   3.2000000e+02   2.2486957e+01
   3.3000000e+02   2.2831838e+01
   3.4000000e+02   2.3210815e+01
   3.5000000e+02   2.3541535e+01
   3.6000000e+02   2.3895815e+01
   3.7000000e+02   2.4250061e+01
   3.8000000e+02   2.4598305e+01
   3.9000000e+02   2.4893266e+01
   4.0000000e+02   2.5169081e+01
   4.1000000e+02   2.5452295e+01
   4.2000000e+02   2.5777795e+01
   4.3000000e+02   2.6049834e+01
   4.4000000e+02   2.6337911e+01
   4.5000000e+02   2.6591180e+01
   4.6000000e+02   2.6906666e+01
   4.7000000e+02   2.7105537e+01
   4.8000000e+02   2.7419412e+01
   4.9000000e+02   2.7609738e+01
   5.0000000e+02   2.7720459e+01
   5.1000000e+02   2.7931849e+01
   5.2000000e+02   2.8155086e+01
   5.3000000e+02   2.8366506e+01
   5.4000000e+02   2.8561636e+01
   5.5000000e+02   2.8802147e+01
   5.6000000e+02   2.8993498e+01
   5.7000000e+02   2.9191905e+01
   5.8000000e+02   2.9405840e+01
   5.9000000e+02   2.9559752e+01
   6.0000000e+02   2.9709917e+01
   6.1000000e+02   2.9904468e+01
   6.2000000e+02   3.0007980e+01
   6.3000000e+02   3.0134925e+01
   6.4000000e+02   3.0396330e+01
   6.5000000e+02   3.0587535e+01
   6.6000000e+02   3.0719245e+01
   6.7000000e+02   3.0888851e+01
   6.8000000e+02   3.1020852e+01
   6.9000000e+02   3.1181222e+01
   7.0000000e+02   3.1355046e+01
   7.1000000e+02   3.1347738e+01
   7.2000000e+02   3.1538814e+01
   7.3000000e+02   3.1766914e+01
   7.4000000e+02   3.1884253e+01
   7.5000000e+02   3.2031650e+01
   7.6000000e+02   3.2181134e+01
   7.7000000e+02   3.2252802e+01
   7.8000000e+02   3.2368404e+01
   7.9000000e+02   3.2443006e+01
   8.0000000e+02   3.2652729e+01
   8.1000000e+02   3.2760482e+01
   8.2000000e+02   3.2909117e+01
   8.3000000e+02   3.2971362e+01
   8.4000000e+02   3.3086562e+01
   8.5000000e+02   3.3140053e+01
   8.6000000e+02   3.3268009e+01
   8.7000000e+02   3.3285194e+01
   8.8000000e+02   3.3445318e+01
   8.9000000e+02   3.3493237e+01
   9.0000000e+02   3.3668217e+01
   9.1000000e+02   3.3736189e+01
   9.2000000e+02   3.3768747e+01
   9.3000000e+02   3.3924920e+01
   9.4000000e+02   3.3971433e+01
   9.5000000e+02   3.4059043e+01
   9.6000000e+02   3.4153795e+01
   9.7000000e+02   3.4219152e+01
   9.8000000e+02   3.4332359e+01
   9.9000000e+02   3.4302078e+01
   1.0000000e+03   3.4398571e+01
   1.0100000e+03   3.4505008e+01
   1.0200000e+03   3.4566328e+01
   1.0300000e+03   3.4637941e+01
   1.0400000e+03   3.4773096e+01
   1.0500000e+03   3.4808048e+01
   1.0600000e+03   3.4882829e+01
   1.0700000e+03   3.4954921e+01
   1.0800000e+03   3.5031936e+01
   1.0900000e+03   3.5048072e+01
   1.1000000e+03   3.5068055e+01
   1.1100000e+03   3.5036898e+01
   1.1200000e+03   3.5208719e+01
   1.1300000e+03   3.5320649e+01
   1.1400000e+03   3.5439479e+01
   1.1500000e+03   3.5577017e+01
   1.1600000e+03   3.5579917e+01
   1.1700000e+03   3.5665257e+01
   1.1800000e+03   3.5663727e+01
   1.1900000e+03   3.5658034e+01
   1.2000000e+03   3.5744512e+01
   1.2100000e+03   3.5753998e+01
   1.2200000e+03   3.5938762e+01
   1.2300000e+03   3.6031192e+01
   1.2400000e+03   3.6051997e+01
   1.2500000e+03   3.6082325e+01
   1.2600000e+03   3.6099087e+01
   1.2700000e+03   3.6152121e+01
   1.2800000e+03   3.6122943e+01
   1.2900000e+03   3.6199163e+01
   1.3000000e+03   3.6232889e+01
   1.3100000e+03   3.6248255e+01
   1.3200000e+03   3.6327785e+01
   1.3300000e+03   3.6355406e+01
   1.3400000e+03   3.6389893e+01
   1.3500000e+03   3.6444066e+01
   1.3600000e+03   3.6454127e+01
   1.3700000e+03   3.6543543e+01
   1.3800000e+03   3.6557866e+01
   1.3900000e+03   3.6547076e+01
   1.4000000e+03   3.6590628e+01
   1.4100000e+03   3.6718677e+01
   1.4200000e+03   3.6613662e+01
   1.4300000e+03   3.6514276e+01
   1.4400000e+03   3.6642372e+01
   1.4500000e+03   3.6684304e+01
   1.4600000e+03   3.6787649e+01
   1.4700000e+03   3.6773156e+01
   1.4800000e+03   3.6894404e+01
   1.4900000e+03   3.6875012e+01
   1.5000000e+03   3.6967567e+01
   1.5100000e+03   3.6972811e+01
   1.5200000e+03   3.7059565e+01
   1.5300000e+03   3.7118381e+01
   1.5400000e+03   3.7065660e+01
   1.5500000e+03   3.7171474e+01
   1.5600000e+03   3.7077776e+01
   1.5700000e+03   3.7288273e+01
   1.5800000e+03   3.7313120e+01
   1.5900000e+03   3.7384718e+01
   1.6000000e+03   3.7426654e+01
   1.6100000e+03   3.7385202e+01
   1.6200000e+03   3.7258190e+01
   1.6300000e+03   3.7259982e+01
   1.6400000e+03   3.7318039e+01
   1.6500000e+03   3.7386782e+01
   1.6600000e+03   3.7536663e+01
   1.6700000e+03   3.7458894e+01
   1.6800000e+03   3.7428903e+01
   1.6900000e+03   3.7445700e+01
   1.7000000e+03   3.7537318e+01
   1.7100000e+03   3.7515144e+01
   1.7200000e+03   3.7579012e+01
   1.7300000e+03   3.7632671e+01
   1.7400000e+03   3.7651120e+01
   1.7500000e+03   3.7682562e+01
   1.7600000e+03   3.7734480e+01
   1.7700000e+03   3.7722553e+01
   1.7800000e+03   3.7817825e+01
   1.7900000e+03   3.7690868e+01
   1.8000000e+03   3.7628427e+01
   1.8100000e+03   3.7802880e+01
   1.8200000e+03   3.7746915e+01
   1.8300000e+03   3.7766643e+01
   1.8400000e+03   3.7856096e+01
   1.8500000e+03   3.7887164e+01
   1.8600000e+03   3.7908231e+01
   1.8700000e+03   3.7917319e+01
   1.8800000e+03   3.7925586e+01
   1.8900000e+03   3.7945946e+01
   1.9000000e+03   3.8069884e+01
   1.9100000e+03   3.7914966e+01
   1.9200000e+03   3.8004719e+01
   1.9300000e+03   3.7991514e+01
   1.9400000e+03   3.8033149e+01
   1.9500000e+03   3.7993570e+01
   1.9600000e+03   3.7965178e+01
   1.9700000e+03   3.7962326e+01
   1.9800000e+03   3.8061772e+01
   1.9900000e+03   3.7991890e+01
   2.0000000e+03   3.8130838e+01
   2.0100000e+03   3.8028880e+01
   2.0200000e+03   3.8120938e+01
   2.0300000e+03   3.8275701e+01
   2.0400000e+03   3.8173192e+01
   2.0500000e+03   3.8170073e+01
   2.0600000e+03   3.8235817e+01
   2.0700000e+03   3.8420581e+01
   2.0800000e+03   3.8198985e+01
   2.0900000e+03   3.8351321e+01
   2.1000000e+03   3.8357523e+01
   2.1100000e+03   3.8316466e+01
   2.1200000e+03   3.8414262e+01
   2.1300000e+03   3.8473670e+01
   2.1400000e+03   3.8448256e+01
   2.1500000e+03   3.8475648e+01
   2.1600000e+03   3.8610037e+01
   2.1700000e+03   3.8535804e+01
   2.1800000e+03   3.8572060e+01
   2.1900000e+03   3.8505017e+01
   2.2000000e+03   3.8552744e+01
   2.2100000e+03   3.8629612e+01
   2.2200000e+03   3.8674643e+01
   2.2300000e+03   3.8649421e+01
   2.2400000e+03   3.8729990e+01
   2.2500000e+03   3.8715010e+01
   2.2600000e+03   3.8749866e+01
   2.2700000e+03   3.8910989e+01
   2.2800000e+03   3.8927601e+01
   2.2900000e+03   3.8888129e+01
   2.3000000e+03   3.8965018e+01
   2.3100000e+03   3.9101586e+01
   2.3200000e+03   3.8964312e+01
   2.3300000e+03   3.9071498e+01
   2.3400000e+03   3.8966426e+01
   2.3500000e+03   3.9030769e+01
   2.3600000e+03   3.9012196e+01
   2.3700000e+03   3.9091748e+01
   2.3800000e+03   3.9241936e+01
   2.3900000e+03   3.9138221e+01
   2.4000000e+03   3.9163413e+01
   2.4100000e+03   3.9249354e+01
   2.4200000e+03   3.9318551e+01
   2.4300000e+03   3.9152476e+01
   2.4400000e+03   3.9191473e+01
   2.4500000e+03   3.9007899e+01
   2.4600000e+03   3.9258148e+01
   2.4700000e+03   3.9308710e+01
   2.4800000e+03   3.9243782e+01
   2.4900000e+03   3.9037626e+01
   2.5000000e+03   3.9254361e+01
   2.5100000e+03   3.9339187e+01
   2.5200000e+03   3.9323971e+01
   2.5300000e+03   3.9394015e+01
   2.5400000e+03   3.9355507e+01
   2.5500000e+03   3.9468788e+01
   2.5600000e+03   3.9282377e+01
   2.5700000e+03   3.9448823e+01
   2.5800000e+03   3.9465924e+01
   2.5900000e+03   3.9573041e+01
   2.6000000e+03   3.9589280e+01
   2.6100000e+03   3.9629609e+01
   2.6200000e+03   3.9551418e+01
   2.6300000e+03   3.9566208e+01
   2.6400000e+03   3.9690620e+01
   2.6500000e+03   3.9665499e+01
   2.6600000e+03   3.9710535e+01
   2.6700000e+03   3.9735857e+01
   2.6800000e+03   3.9754103e+01
   2.6900000e+03   3.9699798e+01
   2.7000000e+03   3.9568014e+01
   2.7100000e+03   3.9658143e+01
   2.7200000e+03   3.9860934e+01
   2.7300000e+03   3.9704059e+01
   2.7400000e+03   3.9678545e+01
   2.7500000e+03   3.9889328e+01
   2.7600000e+03   3.9601496e+01
   2.7700000e+03   3.9835248e+01
   2.7800000e+03   3.9844434e+01
   2.7900000e+03   4.0003938e+01
   2.8000000e+03   3.9757451e+01
   2.8100000e+03   3.9785359e+01
   2.8200000e+03   3.9880797e+01
   2.8300000e+03   3.9887311e+01
   2.8400000e+03   3.9855830e+01
   2.8500000e+03   4.0006154e+01
   2.8600000e+03   4.0007891e+01
   2.8700000e+03   4.0017408e+01
   2.8800000e+03   4.0068482e+01
   2.8900000e+03   4.0081227e+01
   2.9000000e+03   4.0129416e+01
   2.9100000e+03   4.0060913e+01
   2.9200000e+03   3.9916365e+01
   2.9300000e+03   3.9982778e+01
   2.9400000e+03   4.0016287e+01
   2.9500000e+03   4.0087490e+01
   2.9600000e+03   3.9920906e+01
   2.9700000e+03   4.0075325e+01
   2.9800000e+03   4.0184121e+01
   2.9900000e+03   4.0191726e+01
   3.0000000e+03   4.0189457e+01
   3.0100000e+03   4.0099224e+01
   3.0200000e+03   4.0184193e+01
   3.0300000e+03   4.0152184e+01
   3.0400000e+03   4.0163031e+01
   3.0500000e+03   4.0231878e+01
   3.0600000e+03   4.0306986e+01
   3.0700000e+03   4.0334778e+01
   3.0800000e+03   4.0351394e+01
   3.0900000e+03   4.0360876e+01
   3.1000000e+03   4.0256210e+01
   3.1100000e+03   4.0301024e+01
   3.1200000e+03   4.0285001e+01
   3.1300000e+03   4.0282826e+01
   3.1400000e+03   4.0315218e+01
   3.1500000e+03   4.0156926e+01
   3.1600000e+03   4.0171122e+01
   3.1700000e+03   4.0274009e+01
   3.1800000e+03   4.0327141e+01
   3.1900000e+03   4.0220772e+01
   3.2000000e+03   4.0404059e+01
   3.2100000e+03   4.0283725e+01
   3.2200000e+03   4.0324185e+01
   3.2300000e+03   4.0400689e+01
   3.2400000e+03   4.0236277e+01
   3.2500000e+03   4.0455166e+01
   3.2600000e+03   4.0278611e+01
   3.2700000e+03   4.0338139e+01
   3.2800000e+03   4.0342298e+01
   3.2900000e+03   4.0326895e+01
   3.3000000e+03   4.0409835e+01
   3.3100000e+03   4.0459184e+01
   3.3200000e+03   4.0492685e+01
   3.3300000e+03   4.0525945e+01
   3.3400000e+03   4.0429360e+01
   3.3500000e+03   4.0473399e+01
   3.3600000e+03   4.0482357e+01
   3.3700000e+03   4.0505759e+01
   3.3800000e+03   4.0404887e+01
   3.3900000e+03   4.0446785e+01
   3.4000000e+03   4.0454989e+01
   3.4100000e+03   4.0363053e+01
   3.4200000e+03   4.0339448e+01
   3.4300000e+03   4.0379945e+01
   3.4400000e+03   4.0361304e+01
   3.4500000e+03   4.0270776e+01
   3.4600000e+03   4.0378900e+01
   3.4700000e+03   4.0188843e+01
   3.4800000e+03   4.0087937e+01
   3.4900000e+03   4.0253946e+01
