   0.0000000e+00  -7.4737178e-03
   1.0000000e+01  -5.6355978e-03
   2.0000000e+01   5.2683376e-03
   3.0000000e+01  -1.6989266e-02
   4.0000000e+01  -4.3605227e-03
   5.0000000e+01  -1.1038799e-02
   6.0000000e+01  -2.2998603e-02
   7.0000000e+01  -2.3615032e-02
   8.0000000e+01  -2.2988900e-02
   9.0000000e+01  -2.6202497e-02
   1.0000000e+02  -2.5655233e-02
   1.1000000e+02  -2.5015945e-02
   1.2000000e+02  -3.0927023e-02
   1.3000000e+02  -1.6066197e-02
   1.4000000e+02  -2.4133716e-02
   1.5000000e+02  -2.7534759e-02
   1.6000000e+02  -4.4143277e-02
   1.7000000e+02  -3.6467094e-02
   1.8000000e+02  -3.3084493e-02
   1.9000000e+02  -3.2714866e-02
   2.0000000e+02  -3.2769307e-02
   2.1000000e+02  -2.5504074e-02
   2.2000000e+02  -3.5726634e-02
   2.3000000e+02  -2.6870182e-02
   2.4000000e+02  -2.4126853e-02
   2.5000000e+02  -1.5489089e-02
   2.6000000e+02  -2.8407452e-03
   2.7000000e+02   7.4718065e-03
   2.8000000e+02   1.1403507e-02
   2.9000000e+02   1.6418414e-02
   3.0000000e+02   2.5115134e-02
   3.1000000e+02   3.6911744e-02
   3.2000000e+02   4.4868709e-02
   3.3000000e+02   6.5940072e-02
   3.4000000e+02   8.7592886e-02
   3.5000000e+02   1.0557688e-01
   3.6000000e+02   1.0059687e-01
   3.7000000e+02   1.2120535e-01
   3.8000000e+02   1.3558782e-01
   3.9000000e+02   1.6031099e-01
   4.0000000e+02   1.8284295e-01
   4.1000000e+02   2.0775745e-01
   4.2000000e+02   2.1851030e-01
   4.3000000e+02   2.5046757e-01
   4.4000000e+02   2.9240877e-01
   4.5000000e+02   3.1453075e-01
   4.6000000e+02   3.4474363e-01
   4.7000000e+02   3.7034496e-01
   4.8000000e+02   4.0240170e-01
   4.9000000e+02   4.3572934e-01
   5.0000000e+02   4.7810436e-01
   5.1000000e+02   5.1065108e-01
   5.2000000e+02   5.5155293e-01
   5.3000000e+02   5.8019408e-01
   5.4000000e+02   5.8921852e-01
   5.5000000e+02   6.2620775e-01
   5.6000000e+02   6.7793324e-01
   5.7000000e+02   7.1491476e-01
   5.8000000e+02   7.5542520e-01
   5.9000000e+02   7.9891887e-01
   6.0000000e+02   8.1774296e-01
   6.1000000e+02   8.7654580e-01
   6.2000000e+02   9.2745880e-01
   6.3000000e+02   9.4460725e-01
   6.4000000e+02   9.9028812e-01
   6.5000000e+02   1.0297184e+00
   6.6000000e+02   1.0834559e+00
   6.7000000e+02   1.1106424e+00
   6.8000000e+02   1.1476283e+00
   6.9000000e+02   1.1725997e+00
   7.0000000e+02   1.2074081e+00
   7.1000000e+02   1.2635807e+00
   7.2000000e+02   1.2901308e+00
   7.3000000e+02   1.3365238e+00
   7.4000000e+02   1.3754383e+00
   7.5000000e+02   1.3963661e+00
   7.6000000e+02   1.4497978e+00
   7.7000000e+02   1.4917406e+00
   7.8000000e+02   1.5497217e+00
   7.9000000e+02   1.5842397e+00
   8.0000000e+02   1.6249531e+00
   8.1000000e+02   1.6574680e+00
   8.2000000e+02   1.6857309e+00
   8.3000000e+02   1.7218353e+00
   8.4000000e+02   1.7663615e+00
   8.5000000e+02   1.7935109e+00
   8.6000000e+02   1.8429218e+00
   8.7000000e+02   1.8810056e+00
   8.8000000e+02   1.9310545e+00
   8.9000000e+02   1.9637563e+00
   9.0000000e+02   1.9971433e+00
   9.1000000e+02   2.0299352e+00
   9.2000000e+02   2.0825570e+00
   9.3000000e+02   2.1062354e+00
   9.4000000e+02   2.1504418e+00
   9.5000000e+02   2.1851833e+00
   9.6000000e+02   2.2205802e+00
   9.7000000e+02   2.2587469e+00
   9.8000000e+02   2.2873024e+00
   9.9000000e+02   2.3200813e+00
   1.0000000e+03   2.3742747e+00
   1.0100000e+03   2.4030617e+00
   1.0200000e+03   2.4334437e+00
   1.0300000e+03   2.4698541e+00
   1.0400000e+03   2.4894172e+00
   1.0500000e+03   2.5307318e+00
   1.0600000e+03   2.5780837e+00
   1.0700000e+03   2.6055650e+00
   1.0800000e+03   2.6388477e+00
   1.0900000e+03   2.6680096e+00
   1.1000000e+03   2.6983693e+00
   1.1100000e+03   2.7291644e+00
   1.1200000e+03   2.7832877e+00
   1.1300000e+03   2.8137362e+00
   1.1400000e+03   2.8445160e+00
   1.1500000e+03   2.8892581e+00
   1.1600000e+03   2.8999331e+00
   1.1700000e+03   2.9346932e+00
   1.1800000e+03   2.9653043e+00
   1.1900000e+03   2.9874453e+00
   1.2000000e+03   3.0163389e+00
   1.2100000e+03   3.0301722e+00
   1.2200000e+03   3.0724946e+00
   1.2300000e+03   3.1030403e+00
   1.2400000e+03   3.1197169e+00
   1.2500000e+03   3.1470223e+00
   1.2600000e+03   3.1702404e+00
   1.2700000e+03   3.1895996e+00
   1.2800000e+03   3.2244010e+00
   1.2900000e+03   3.2546022e+00
   1.3000000e+03   3.2693397e+00
   1.3100000e+03   3.3042649e+00
   1.3200000e+03   3.3340342e+00
   1.3300000e+03   3.3743935e+00
   1.3400000e+03   3.3909429e+00
   1.3500000e+03   3.4175465e+00
   1.3600000e+03   3.4392576e+00
   1.3700000e+03   3.4545296e+00
   1.3800000e+03   3.4726629e+00
   1.3900000e+03   3.4938442e+00
   1.4000000e+03   3.5074525e+00
   1.4100000e+03   3.5306178e+00
   1.4200000e+03   3.5768823e+00
   1.4300000e+03   3.5822791e+00
   1.4400000e+03   3.6127625e+00
   1.4500000e+03   3.6184769e+00
   1.4600000e+03   3.6405504e+00
   1.4700000e+03   3.6631118e+00
   1.4800000e+03   3.7025161e+00
   1.4900000e+03   3.7052351e+00
   1.5000000e+03   3.7274694e+00
   1.5100000e+03   3.7405184e+00
   1.5200000e+03   3.7689791e+00
   1.5300000e+03   3.7780138e+00
   1.5400000e+03   3.8103612e+00
   1.5500000e+03   3.8244485e+00
   1.5600000e+03   3.8398742e+00
   1.5700000e+03   3.8442648e+00
   1.5800000e+03   3.8623704e+00
   1.5900000e+03   3.8836543e+00
   1.6000000e+03   3.9075442e+00
   1.6100000e+03   3.9440663e+00
   1.6200000e+03   3.9621653e+00
   1.6300000e+03   3.9739968e+00
   1.6400000e+03   3.9897203e+00
   1.6500000e+03   4.0153064e+00
   1.6600000e+03   4.0088579e+00
   1.6700000e+03   4.0186786e+00
   1.6800000e+03   4.0514472e+00
   1.6900000e+03   4.0658106e+00
   1.7000000e+03   4.0767492e+00
   1.7100000e+03   4.0984106e+00
   1.7200000e+03   4.1084989e+00
   1.7300000e+03   4.1203506e+00
   1.7400000e+03   4.1447512e+00
   1.7500000e+03   4.1650681e+00
   1.7600000e+03   4.1705456e+00
   1.7700000e+03   4.1824574e+00
   1.7800000e+03   4.2056368e+00
   1.7900000e+03   4.2085219e+00
   1.8000000e+03   4.2338865e+00
   1.8100000e+03   4.2422610e+00
   1.8200000e+03   4.2681973e+00
   1.8300000e+03   4.2844585e+00
   1.8400000e+03   4.3064262e+00
   1.8500000e+03   4.3086256e+00
   1.8600000e+03   4.3303697e+00
   1.8700000e+03   4.3480308e+00
   1.8800000e+03   4.3606593e+00
   1.8900000e+03   4.3669675e+00
   1.9000000e+03   4.3757234e+00
   1.9100000e+03   4.3864970e+00
   1.9200000e+03   4.3983592e+00
   1.9300000e+03   4.4134044e+00
   1.9400000e+03   4.4279055e+00
   1.9500000e+03   4.4321093e+00
   1.9600000e+03   4.4458312e+00
   1.9700000e+03   4.4627117e+00
   1.9800000e+03   4.4793273e+00
   1.9900000e+03   4.4872621e+00
   2.0000000e+03   4.4984925e+00
   2.0100000e+03   4.5077467e+00
   2.0200000e+03   4.5233970e+00
   2.0300000e+03   4.5251231e+00
   2.0400000e+03   4.5499055e+00
   2.0500000e+03   4.5513616e+00
   2.0600000e+03   4.5583467e+00
   2.0700000e+03   4.5717352e+00
   2.0800000e+03   4.5970406e+00
   2.0900000e+03   4.6107534e+00
   2.1000000e+03   4.6180573e+00
   2.1100000e+03   4.6155595e+00
   2.1200000e+03   4.6357166e+00
   2.1300000e+03   4.6485395e+00
   2.1400000e+03   4.6493540e+00
   2.1500000e+03   4.6469803e+00
   2.1600000e+03   4.6693044e+00
   2.1700000e+03   4.6743507e+00
   2.1800000e+03   4.6968771e+00
   2.1900000e+03   4.7122966e+00
   2.2000000e+03   4.7262861e+00
   2.2100000e+03   4.7331616e+00
   2.2200000e+03   4.7310096e+00
   2.2300000e+03   4.7564223e+00
   2.2400000e+03   4.7596198e+00
   2.2500000e+03   4.7549307e+00
   2.2600000e+03   4.7609486e+00
   2.2700000e+03   4.7649853e+00
   2.2800000e+03   4.7909155e+00
   2.2900000e+03   4.7900456e+00
   2.3000000e+03   4.7820812e+00
   2.3100000e+03   4.8060654e+00
   2.3200000e+03   4.8004790e+00
   2.3300000e+03   4.8118527e+00
   2.3400000e+03   4.8202978e+00
   2.3500000e+03   4.8215886e+00
   2.3600000e+03   4.8212757e+00
   2.3700000e+03   4.8270686e+00
   2.3800000e+03   4.8327156e+00
   2.3900000e+03   4.8513727e+00
   2.4000000e+03   4.8447494e+00
   2.4100000e+03   4.8663470e+00
   2.4200000e+03   4.8743565e+00
   2.4300000e+03   4.8880361e+00
   2.4400000e+03   4.9028386e+00
   2.4500000e+03   4.9127627e+00
   2.4600000e+03   4.9337180e+00
   2.4700000e+03   4.9366485e+00
   2.4800000e+03   4.9346674e+00
   2.4900000e+03   4.9287634e+00
   2.5000000e+03   4.9626218e+00
   2.5100000e+03   4.9682809e+00
   2.5200000e+03   4.9708422e+00
   2.5300000e+03   4.9830951e+00
   2.5400000e+03   4.9804413e+00
   2.5500000e+03   4.9703700e+00
   2.5600000e+03   5.0008917e+00
   2.5700000e+03   4.9897197e+00
   2.5800000e+03   5.0094547e+00
   2.5900000e+03   5.0070968e+00
   2.6000000e+03   5.0058067e+00
   2.6100000e+03   5.0155661e+00
   2.6200000e+03   5.0352869e+00
   2.6300000e+03   5.0306484e+00
   2.6400000e+03   5.0425311e+00
   2.6500000e+03   5.0509404e+00
   2.6600000e+03   5.0570098e+00
   2.6700000e+03   5.0600402e+00
   2.6800000e+03   5.0688057e+00
   2.6900000e+03   5.0720204e+00
   2.7000000e+03   5.0752878e+00
   2.7100000e+03   5.0959389e+00
   2.7200000e+03   5.0850599e+00
   2.7300000e+03   5.0942009e+00
   2.7400000e+03   5.1022347e+00
   2.7500000e+03   5.0991008e+00
   2.7600000e+03   5.1112607e+00
   2.7700000e+03   5.1249303e+00
   2.7800000e+03   5.1219747e+00
   2.7900000e+03   5.1337195e+00
   2.8000000e+03   5.1379164e+00
   2.8100000e+03   5.1552453e+00
   2.8200000e+03   5.1523043e+00
   2.8300000e+03   5.1660017e+00
   2.8400000e+03   5.1718342e+00
   2.8500000e+03   5.1757363e+00
   2.8600000e+03   5.1809894e+00
   2.8700000e+03   5.1801845e+00
   2.8800000e+03   5.1881992e+00
   2.8900000e+03   5.2008348e+00
   2.9000000e+03   5.2170235e+00
   2.9100000e+03   5.2060162e+00
   2.9200000e+03   5.2122457e+00
   2.9300000e+03   5.2183493e+00
   2.9400000e+03   5.2278475e+00
   2.9500000e+03   5.2297526e+00
   2.9600000e+03   5.2301350e+00
   2.9700000e+03   5.2309651e+00
   2.9800000e+03   5.2184272e+00
   2.9900000e+03   5.2240288e+00
   3.0000000e+03   5.2255958e+00
   3.0100000e+03   5.2411759e+00
   3.0200000e+03   5.2356304e+00
   3.0300000e+03   5.2467547e+00
   3.0400000e+03   5.2513995e+00
   3.0500000e+03   5.2724898e+00
   3.0600000e+03   5.2599191e+00
   3.0700000e+03   5.2659359e+00
   3.0800000e+03   5.2811339e+00
   3.0900000e+03   5.2566989e+00
   3.1000000e+03   5.2675668e+00
   3.1100000e+03   5.2911882e+00
   3.1200000e+03   5.2942655e+00
   3.1300000e+03   5.3072755e+00
   3.1400000e+03   5.2961163e+00
   3.1500000e+03   5.3127712e+00
   3.1600000e+03   5.3209498e+00
   3.1700000e+03   5.3311191e+00
   3.1800000e+03   5.3215554e+00
   3.1900000e+03   5.3024742e+00
   3.2000000e+03   5.3214026e+00
   3.2100000e+03   5.3183634e+00
   3.2200000e+03   5.3224358e+00
   3.2300000e+03   5.3361374e+00
   3.2400000e+03   5.3300008e+00
   3.2500000e+03   5.3250900e+00
   3.2600000e+03   5.3411381e+00
   3.2700000e+03   5.3499231e+00
   3.2800000e+03   5.3471153e+00
   3.2900000e+03   5.3509971e+00
   3.3000000e+03   5.3620494e+00
   3.3100000e+03   5.3727986e+00
   3.3200000e+03   5.3668079e+00
   3.3300000e+03   5.3847803e+00
   3.3400000e+03   5.3909030e+00
   3.3500000e+03   5.4048747e+00
   3.3600000e+03   5.3878981e+00
   3.3700000e+03   5.3954180e+00
   3.3800000e+03   5.3939948e+00
   3.3900000e+03   5.4086719e+00
   3.4000000e+03   5.4170090e+00
   3.4100000e+03   5.4135824e+00
   3.4200000e+03   5.4023199e+00
   3.4300000e+03   5.4184338e+00
   3.4400000e+03   5.4286819e+00
   3.4500000e+03   5.4292558e+00
   3.4600000e+03   5.4343110e+00
   3.4700000e+03   5.4400912e+00
   3.4800000e+03   5.4298443e+00
   3.4900000e+03   5.4449302e+00
