   0.0000000e+00  -5.7768167e-03
   1.0000000e+01  -3.0758293e-02
   2.0000000e+01   3.9262140e-01
   3.0000000e+01   1.6728918e+00
   4.0000000e+01   2.9136661e+00
   5.0000000e+01   4.1322328e+00
   6.0000000e+01   5.4569058e+00
   7.0000000e+01   6.6532958e+00
   8.0000000e+01   7.7223206e+00
   9.0000000e+01   8.7303360e+00
   1.0000000e+02   9.7940757e+00
   1.1000000e+02   1.0691889e+01
   1.2000000e+02   1.1545830e+01
   1.3000000e+02   1.2366914e+01
   1.4000000e+02   1.3148799e+01
   1.5000000e+02   1.3846599e+01
   1.6000000e+02   1.4516006e+01
   1.7000000e+02   1.5213757e+01
   1.8000000e+02   1.5866663e+01
   1.9000000e+02   1.6600484e+01
   2.0000000e+02   1.7210868e+01
   2.1000000e+02   1.7800554e+01
   2.2000000e+02   1.8376528e+01
   2.3000000e+02   1.8945244e+01
   2.4000000e+02   1.9497680e+01
   2.5000000e+02   2.0004938e+01
   2.6000000e+02   2.0499976e+01
   2.7000000e+02   2.0954279e+01
   2.8000000e+02   2.1466114e+01
   2.9000000e+02   2.1911063e+01
   3.0000000e+02   2.2327996e+01
   3.1000000e+02   2.2715620e+01
   3.2000000e+02   2.3132872e+01
   3.3000000e+02   2.3558755e+01
   3.4000000e+02   2.3917449e+01
   3.5000000e+02   2.4253348e+01
   3.6000000e+02   2.4627755e+01
   3.7000000e+02   2.5025697e+01
   3.8000000e+02   2.5373875e+01
   3.9000000e+02   2.5694875e+01
   4.0000000e+02   2.6028223e+01
   4.1000000e+02   2.6323416e+01
   4.2000000e+02   2.6629605e+01
   4.3000000e+02   2.6910236e+01
   4.4000000e+02   2.7196024e+01
   4.5000000e+02   2.7482791e+01
   4.6000000e+02   2.7784652e+01
   4.7000000e+02   2.7994434e+01
   4.8000000e+02   2.8230467e+01
   4.9000000e+02   2.8491415e+01
   5.0000000e+02   2.8738143e+01
   5.1000000e+02   2.8973744e+01
   5.2000000e+02   2.9145464e+01
   5.3000000e+02   2.9391491e+01
   5.4000000e+02   2.9590956e+01
   5.5000000e+02   2.9877098e+01
   5.6000000e+02   3.0040485e+01
   5.7000000e+02   3.0198961e+01
   5.8000000e+02   3.0453573e+01
   5.9000000e+02   3.0623147e+01
   6.0000000e+02   3.0800036e+01
   6.1000000e+02   3.1021263e+01
   6.2000000e+02   3.1216755e+01
   6.3000000e+02   3.1386672e+01
   6.4000000e+02   3.1567937e+01
   6.5000000e+02   3.1687441e+01
   6.6000000e+02   3.1938360e+01
   6.7000000e+02   3.2147042e+01
   6.8000000e+02   3.2239668e+01
   6.9000000e+02   3.2348465e+01
   7.0000000e+02   3.2503184e+01
   7.1000000e+02   3.2658901e+01
   7.2000000e+02   3.2853387e+01
   7.3000000e+02   3.2962912e+01
   7.4000000e+02   3.3171877e+01
   7.5000000e+02   3.3263686e+01
   7.6000000e+02   3.3421365e+01
   7.7000000e+02   3.3559215e+01
   7.8000000e+02   3.3731706e+01
   7.9000000e+02   3.3865485e+01
   8.0000000e+02   3.3923826e+01
   8.1000000e+02   3.4036883e+01
   8.2000000e+02   3.4157896e+01
   8.3000000e+02   3.4295763e+01
   8.4000000e+02   3.4357473e+01
   8.5000000e+02   3.4533653e+01
   8.6000000e+02   3.4608785e+01
   8.7000000e+02   3.4667839e+01
   8.8000000e+02   3.4789524e+01
   8.9000000e+02   3.4861940e+01
   9.0000000e+02   3.4983390e+01
   9.1000000e+02   3.4998840e+01
   9.2000000e+02   3.5105662e+01
   9.3000000e+02   3.5190551e+01
   9.4000000e+02   3.5296000e+01
   9.5000000e+02   3.5356741e+01
   9.6000000e+02   3.5508802e+01
   9.7000000e+02   3.5546638e+01
   9.8000000e+02   3.5646912e+01
   9.9000000e+02   3.5717259e+01
   1.0000000e+03   3.5778101e+01
   1.0100000e+03   3.5910990e+01
   1.0200000e+03   3.5956950e+01
   1.0300000e+03   3.6026920e+01
   1.0400000e+03   3.6110198e+01
   1.0500000e+03   3.6157718e+01
   1.0600000e+03   3.6241429e+01
   1.0700000e+03   3.6303557e+01
   1.0800000e+03   3.6344730e+01
   1.0900000e+03   3.6408545e+01
   1.1000000e+03   3.6471252e+01
   1.1100000e+03   3.6586792e+01
   1.1200000e+03   3.6589965e+01
   1.1300000e+03   3.6720012e+01
   1.1400000e+03   3.6727173e+01
   1.1500000e+03   3.6782275e+01
   1.1600000e+03   3.6829481e+01
   1.1700000e+03   3.6965352e+01
   1.1800000e+03   3.7038488e+01
   1.1900000e+03   3.7112633e+01
   1.2000000e+03   3.7146411e+01
   1.2100000e+03   3.7207833e+01
   1.2200000e+03   3.7286295e+01
   1.2300000e+03   3.7332325e+01
   1.2400000e+03   3.7391786e+01
   1.2500000e+03   3.7487067e+01
   1.2600000e+03   3.7546532e+01
   1.2700000e+03   3.7530721e+01
   1.2800000e+03   3.7548108e+01
   1.2900000e+03   3.7636625e+01
   1.3000000e+03   3.7600851e+01
   1.3100000e+03   3.7691741e+01
   1.3200000e+03   3.7683525e+01
   1.3300000e+03   3.7792502e+01
   1.3400000e+03   3.7774354e+01
   1.3500000e+03   3.7849611e+01
   1.3600000e+03   3.7925526e+01
   1.3700000e+03   3.7930119e+01
   1.3800000e+03   3.7976349e+01
   1.3900000e+03   3.8036148e+01
   1.4000000e+03   3.8058307e+01
   1.4100000e+03   3.8084873e+01
   1.4200000e+03   3.8074802e+01
   1.4300000e+03   3.8114414e+01
   1.4400000e+03   3.8160126e+01
   1.4500000e+03   3.8195950e+01
   1.4600000e+03   3.8267287e+01
   1.4700000e+03   3.8301352e+01
   1.4800000e+03   3.8366530e+01
   1.4900000e+03   3.8386934e+01
   1.5000000e+03   3.8388165e+01
   1.5100000e+03   3.8436553e+01
   1.5200000e+03   3.8404575e+01
   1.5300000e+03   3.8520423e+01
   1.5400000e+03   3.8605947e+01
   1.5500000e+03   3.8627176e+01
   1.5600000e+03   3.8636028e+01
   1.5700000e+03   3.8627029e+01
   1.5800000e+03   3.8718592e+01
   1.5900000e+03   3.8688344e+01
   1.6000000e+03   3.8751144e+01
   1.6100000e+03   3.8827912e+01
   1.6200000e+03   3.8860539e+01
   1.6300000e+03   3.8831772e+01
   1.6400000e+03   3.8850232e+01
   1.6500000e+03   3.8911499e+01
   1.6600000e+03   3.8872074e+01
   1.6700000e+03   3.8949621e+01
   1.6800000e+03   3.8922353e+01
   1.6900000e+03   3.8999122e+01
   1.7000000e+03   3.8922383e+01
   1.7100000e+03   3.8898654e+01
   1.7200000e+03   3.8915288e+01
   1.7300000e+03   3.9047313e+01
   1.7400000e+03   3.9042382e+01
   1.7500000e+03   3.9023474e+01
   1.7600000e+03   3.9080069e+01
   1.7700000e+03   3.9147006e+01
   1.7800000e+03   3.9118417e+01
   1.7900000e+03   3.9146574e+01
   1.8000000e+03   3.9241665e+01
   1.8100000e+03   3.9245237e+01
   1.8200000e+03   3.9307705e+01
   1.8300000e+03   3.9273952e+01
   1.8400000e+03   3.9312336e+01
   1.8500000e+03   3.9343827e+01
   1.8600000e+03   3.9331856e+01
   1.8700000e+03   3.9374181e+01
   1.8800000e+03   3.9297531e+01
   1.8900000e+03   3.9267332e+01
   1.9000000e+03   3.9241793e+01
   1.9100000e+03   3.9361722e+01
   1.9200000e+03   3.9367167e+01
   1.9300000e+03   3.9444272e+01
   1.9400000e+03   3.9402089e+01
   1.9500000e+03   3.9417350e+01
   1.9600000e+03   3.9440195e+01
   1.9700000e+03   3.9508998e+01
   1.9800000e+03   3.9515819e+01
   1.9900000e+03   3.9538311e+01
   2.0000000e+03   3.9535414e+01
   2.0100000e+03   3.9611431e+01
   2.0200000e+03   3.9698017e+01
   2.0300000e+03   3.9664439e+01
   2.0400000e+03   3.9619286e+01
   2.0500000e+03   3.9656597e+01
   2.0600000e+03   3.9707688e+01
   2.0700000e+03   3.9700280e+01
   2.0800000e+03   3.9726810e+01
   2.0900000e+03   3.9751679e+01
   2.1000000e+03   3.9774494e+01
   2.1100000e+03   3.9841945e+01
   2.1200000e+03   3.9877227e+01
   2.1300000e+03   3.9904922e+01
   2.1400000e+03   3.9991140e+01
   2.1500000e+03   3.9910267e+01
   2.1600000e+03   3.9942822e+01
   2.1700000e+03   3.9996200e+01
   2.1800000e+03   3.9950012e+01
   2.1900000e+03   4.0017762e+01
   2.2000000e+03   4.0053098e+01
   2.2100000e+03   4.0023015e+01
   2.2200000e+03   4.0008727e+01
   2.2300000e+03   3.9983523e+01
   2.2400000e+03   3.9951302e+01
   2.2500000e+03   4.0061189e+01
   2.2600000e+03   4.0170794e+01
   2.2700000e+03   4.0210318e+01
   2.2800000e+03   4.0249821e+01
   2.2900000e+03   4.0288518e+01
   2.3000000e+03   4.0322238e+01
   2.3100000e+03   4.0331624e+01
   2.3200000e+03   4.0324451e+01
   2.3300000e+03   4.0390246e+01
   2.3400000e+03   4.0411659e+01
   2.3500000e+03   4.0419598e+01
   2.3600000e+03   4.0399692e+01
   2.3700000e+03   4.0498043e+01
   2.3800000e+03   4.0521496e+01
   2.3900000e+03   4.0481392e+01
   2.4000000e+03   4.0525650e+01
   2.4100000e+03   4.0629039e+01
   2.4200000e+03   4.0660244e+01
   2.4300000e+03   4.0610361e+01
   2.4400000e+03   4.0556384e+01
   2.4500000e+03   4.0607114e+01
   2.4600000e+03   4.0572945e+01
   2.4700000e+03   4.0636267e+01
   2.4800000e+03   4.0687677e+01
   2.4900000e+03   4.0771512e+01
   2.5000000e+03   4.0800840e+01
   2.5100000e+03   4.0860680e+01
   2.5200000e+03   4.0835375e+01
   2.5300000e+03   4.0842959e+01
   2.5400000e+03   4.0813909e+01
   2.5500000e+03   4.0860208e+01
   2.5600000e+03   4.0923563e+01
   2.5700000e+03   4.0957659e+01
   2.5800000e+03   4.0943994e+01
   2.5900000e+03   4.0838455e+01
   2.6000000e+03   4.0950308e+01
   2.6100000e+03   4.0912044e+01
   2.6200000e+03   4.0989018e+01
   2.6300000e+03   4.0992125e+01
   2.6400000e+03   4.1063697e+01
   2.6500000e+03   4.1038594e+01
   2.6600000e+03   4.1087863e+01
   2.6700000e+03   4.1119002e+01
   2.6800000e+03   4.1097057e+01
   2.6900000e+03   4.1107434e+01
   2.7000000e+03   4.1186963e+01
   2.7100000e+03   4.1194422e+01
   2.7200000e+03   4.1168575e+01
   2.7300000e+03   4.1187782e+01
   2.7400000e+03   4.1198199e+01
   2.7500000e+03   4.1223883e+01
   2.7600000e+03   4.1223110e+01
   2.7700000e+03   4.1257375e+01
   2.7800000e+03   4.1293935e+01
   2.7900000e+03   4.1313726e+01
   2.8000000e+03   4.1392852e+01
   2.8100000e+03   4.1409965e+01
   2.8200000e+03   4.1380320e+01
   2.8300000e+03   4.1391991e+01
   2.8400000e+03   4.1358963e+01
   2.8500000e+03   4.1405040e+01
   2.8600000e+03   4.1389719e+01
   2.8700000e+03   4.1420775e+01
   2.8800000e+03   4.1455204e+01
   2.8900000e+03   4.1416323e+01
   2.9000000e+03   4.1405006e+01
   2.9100000e+03   4.1500380e+01
   2.9200000e+03   4.1550738e+01
   2.9300000e+03   4.1567951e+01
   2.9400000e+03   4.1553184e+01
   2.9500000e+03   4.1532772e+01
   2.9600000e+03   4.1517574e+01
   2.9700000e+03   4.1489871e+01
   2.9800000e+03   4.1426011e+01
   2.9900000e+03   4.1496225e+01
   3.0000000e+03   4.1493510e+01
   3.0100000e+03   4.1502756e+01
   3.0200000e+03   4.1538968e+01
   3.0300000e+03   4.1575651e+01
   3.0400000e+03   4.1577739e+01
   3.0500000e+03   4.1645190e+01
   3.0600000e+03   4.1630708e+01
   3.0700000e+03   4.1602604e+01
   3.0800000e+03   4.1657134e+01
   3.0900000e+03   4.1606019e+01
   3.1000000e+03   4.1606446e+01
   3.1100000e+03   4.1733585e+01
   3.1200000e+03   4.1765820e+01
   3.1300000e+03   4.1764544e+01
   3.1400000e+03   4.1649032e+01
   3.1500000e+03   4.1606198e+01
   3.1600000e+03   4.1655390e+01
   3.1700000e+03   4.1738006e+01
   3.1800000e+03   4.1642322e+01
   3.1900000e+03   4.1697598e+01
   3.2000000e+03   4.1702134e+01
   3.2100000e+03   4.1729987e+01
   3.2200000e+03   4.1758525e+01
   3.2300000e+03   4.1763842e+01
   3.2400000e+03   4.1760664e+01
   3.2500000e+03   4.1727402e+01
   3.2600000e+03   4.1770430e+01
   3.2700000e+03   4.1694828e+01
   3.2800000e+03   4.1761366e+01
   3.2900000e+03   4.1769761e+01
   3.3000000e+03   4.1823022e+01
   3.3100000e+03   4.1843390e+01
   3.3200000e+03   4.1710144e+01
   3.3300000e+03   4.1715333e+01
   3.3400000e+03   4.1703857e+01
   3.3500000e+03   4.1726550e+01
   3.3600000e+03   4.1770284e+01
   3.3700000e+03   4.1757991e+01
   3.3800000e+03   4.1780155e+01
   3.3900000e+03   4.1785448e+01
   3.4000000e+03   4.1786017e+01
   3.4100000e+03   4.1743511e+01
   3.4200000e+03   4.1764352e+01
   3.4300000e+03   4.1764879e+01
   3.4400000e+03   4.1745353e+01
   3.4500000e+03   4.1786835e+01
   3.4600000e+03   4.1775952e+01
   3.4700000e+03   4.1797190e+01
   3.4800000e+03   4.1772660e+01
   3.4900000e+03   4.1800759e+01
