   0.0000000e+00   2.0427384e+01
   1.0000000e+01   2.0432694e+01
   2.0000000e+01   2.0432474e+01
   3.0000000e+01   2.0439413e+01
   4.0000000e+01   2.0669011e+01
   5.0000000e+01   2.1164456e+01
   6.0000000e+01   2.1772630e+01
   7.0000000e+01   2.2439884e+01
   8.0000000e+01   2.3110755e+01
   9.0000000e+01   2.3712048e+01
   1.0000000e+02   2.4319066e+01
   1.1000000e+02   2.4811421e+01
   1.2000000e+02   2.5245845e+01
   1.3000000e+02   2.5715505e+01
   1.4000000e+02   2.6081522e+01
   1.5000000e+02   2.6479924e+01
   1.6000000e+02   2.6783543e+01
   1.7000000e+02   2.7089097e+01
   1.8000000e+02   2.7393062e+01
   1.9000000e+02   2.7808751e+01
   2.0000000e+02   2.8126348e+01
   2.1000000e+02   2.8360293e+01
   2.2000000e+02   2.8636608e+01
   2.3000000e+02   2.8809045e+01
   2.4000000e+02   2.8990790e+01
   2.5000000e+02   2.9204997e+01
   2.6000000e+02   2.9452308e+01
   2.7000000e+02   2.9596429e+01
   2.8000000e+02   2.9797126e+01
   2.9000000e+02   3.0029620e+01
   3.0000000e+02   3.0099068e+01
   3.1000000e+02   3.0246636e+01
   3.2000000e+02   3.0392677e+01
   3.3000000e+02   3.0579217e+01
   3.4000000e+02   3.0737853e+01
   3.5000000e+02   3.0905220e+01
   3.6000000e+02   3.0986304e+01
   3.7000000e+02   3.1132150e+01
   3.8000000e+02   3.1256452e+01
   3.9000000e+02   3.1295820e+01
   4.0000000e+02   3.1482500e+01
   4.1000000e+02   3.1477117e+01
   4.2000000e+02   3.1559050e+01
   4.3000000e+02   3.1734609e+01
   4.4000000e+02   3.1817348e+01
   4.5000000e+02   3.1877729e+01
   4.6000000e+02   3.2015998e+01
   4.7000000e+02   3.2129757e+01
   4.8000000e+02   3.2075997e+01
   4.9000000e+02   3.2105061e+01
   5.0000000e+02   3.2167587e+01
   5.1000000e+02   3.2210999e+01
   5.2000000e+02   3.2304364e+01
   5.3000000e+02   3.2413085e+01
   5.4000000e+02   3.2417198e+01
   5.5000000e+02   3.2546530e+01
   5.6000000e+02   3.2522781e+01
   5.7000000e+02   3.2612707e+01
   5.8000000e+02   3.2661232e+01
   5.9000000e+02   3.2720263e+01
   6.0000000e+02   3.2771617e+01
   6.1000000e+02   3.2818990e+01
   6.2000000e+02   3.2867951e+01
   6.3000000e+02   3.2869337e+01
   6.4000000e+02   3.3008132e+01
   6.5000000e+02   3.3001328e+01
   6.6000000e+02   3.3090162e+01
   6.7000000e+02   3.3113833e+01
   6.8000000e+02   3.3251103e+01
   6.9000000e+02   3.3296842e+01
   7.0000000e+02   3.3247256e+01
   7.1000000e+02   3.3257240e+01
   7.2000000e+02   3.3333606e+01
   7.3000000e+02   3.3411733e+01
   7.4000000e+02   3.3463928e+01
   7.5000000e+02   3.3512759e+01
   7.6000000e+02   3.3470845e+01
   7.7000000e+02   3.3570423e+01
   7.8000000e+02   3.3506013e+01
   7.9000000e+02   3.3610378e+01
   8.0000000e+02   3.3615619e+01
   8.1000000e+02   3.3586446e+01
   8.2000000e+02   3.3638638e+01
   8.3000000e+02   3.3621709e+01
   8.4000000e+02   3.3678311e+01
   8.5000000e+02   3.3830281e+01
   8.6000000e+02   3.3782593e+01
   8.7000000e+02   3.3782726e+01
   8.8000000e+02   3.3823284e+01
   8.9000000e+02   3.3788133e+01
   9.0000000e+02   3.3806959e+01
   9.1000000e+02   3.3910059e+01
   9.2000000e+02   3.3994787e+01
   9.3000000e+02   3.3991894e+01
   9.4000000e+02   3.4017300e+01
   9.5000000e+02   3.3990811e+01
   9.6000000e+02   3.3993559e+01
   9.7000000e+02   3.4048904e+01
   9.8000000e+02   3.4003495e+01
   9.9000000e+02   3.4124180e+01
   1.0000000e+03   3.4081256e+01
   1.0100000e+03   3.4140134e+01
   1.0200000e+03   3.4227568e+01
   1.0300000e+03   3.4178733e+01
   1.0400000e+03   3.4270332e+01
   1.0500000e+03   3.4193421e+01
   1.0600000e+03   3.4179418e+01
   1.0700000e+03   3.4276561e+01
   1.0800000e+03   3.4247506e+01
   1.0900000e+03   3.4359796e+01
   1.1000000e+03   3.4300876e+01
   1.1100000e+03   3.4380025e+01
   1.1200000e+03   3.4336376e+01
   1.1300000e+03   3.4308183e+01
   1.1400000e+03   3.4326504e+01
   1.1500000e+03   3.4420591e+01
   1.1600000e+03   3.4533334e+01
   1.1700000e+03   3.4442889e+01
   1.1800000e+03   3.4471103e+01
   1.1900000e+03   3.4537803e+01
   1.2000000e+03   3.4462820e+01
   1.2100000e+03   3.4525879e+01
   1.2200000e+03   3.4565675e+01
   1.2300000e+03   3.4587881e+01
   1.2400000e+03   3.4509280e+01
   1.2500000e+03   3.4520741e+01
   1.2600000e+03   3.4611594e+01
   1.2700000e+03   3.4634396e+01
   1.2800000e+03   3.4619671e+01
   1.2900000e+03   3.4617996e+01
   1.3000000e+03   3.4597143e+01
   1.3100000e+03   3.4653857e+01
   1.3200000e+03   3.4629587e+01
   1.3300000e+03   3.4634534e+01
   1.3400000e+03   3.4691588e+01
   1.3500000e+03   3.4681332e+01
   1.3600000e+03   3.4763373e+01
   1.3700000e+03   3.4717684e+01
   1.3800000e+03   3.4732877e+01
   1.3900000e+03   3.4729830e+01
   1.4000000e+03   3.4693466e+01
   1.4100000e+03   3.4699696e+01
   1.4200000e+03   3.4874354e+01
   1.4300000e+03   3.4761312e+01
   1.4400000e+03   3.4827803e+01
   1.4500000e+03   3.4798946e+01
   1.4600000e+03   3.4775531e+01
   1.4700000e+03   3.4773624e+01
   1.4800000e+03   3.4784266e+01
   1.4900000e+03   3.4766615e+01
   1.5000000e+03   3.4734903e+01
   1.5100000e+03   3.4785751e+01
   1.5200000e+03   3.4791282e+01
   1.5300000e+03   3.4809134e+01
   1.5400000e+03   3.4825367e+01
   1.5500000e+03   3.4736232e+01
   1.5600000e+03   3.4778920e+01
   1.5700000e+03   3.4852967e+01
   1.5800000e+03   3.4835686e+01
   1.5900000e+03   3.4950207e+01
   1.6000000e+03   3.4830561e+01
   1.6100000e+03   3.4851385e+01
   1.6200000e+03   3.4877748e+01
   1.6300000e+03   3.4800786e+01
   1.6400000e+03   3.4816344e+01
   1.6500000e+03   3.4866571e+01
   1.6600000e+03   3.4922118e+01
   1.6700000e+03   3.4892759e+01
   1.6800000e+03   3.4836060e+01
   1.6900000e+03   3.4968414e+01
   1.7000000e+03   3.4941534e+01
   1.7100000e+03   3.4976220e+01
   1.7200000e+03   3.4976605e+01
   1.7300000e+03   3.5002499e+01
   1.7400000e+03   3.4942554e+01
   1.7500000e+03   3.4932267e+01
   1.7600000e+03   3.4969678e+01
   1.7700000e+03   3.5010712e+01
   1.7800000e+03   3.4967385e+01
   1.7900000e+03   3.5002001e+01
   1.8000000e+03   3.5009506e+01
   1.8100000e+03   3.4963182e+01
   1.8200000e+03   3.4976052e+01
   1.8300000e+03   3.5030760e+01
   1.8400000e+03   3.5069406e+01
   1.8500000e+03   3.5028627e+01
   1.8600000e+03   3.4990509e+01
   1.8700000e+03   3.5015527e+01
   1.8800000e+03   3.5064354e+01
   1.8900000e+03   3.5041122e+01
   1.9000000e+03   3.5092285e+01
   1.9100000e+03   3.5010867e+01
   1.9200000e+03   3.5121996e+01
   1.9300000e+03   3.5053719e+01
   1.9400000e+03   3.5177507e+01
   1.9500000e+03   3.5126836e+01
   1.9600000e+03   3.5218319e+01
   1.9700000e+03   3.5154836e+01
   1.9800000e+03   3.5218340e+01
   1.9900000e+03   3.5220938e+01
   2.0000000e+03   3.5232737e+01
   2.0100000e+03   3.5227502e+01
   2.0200000e+03   3.5214891e+01
   2.0300000e+03   3.5175706e+01
   2.0400000e+03   3.5252317e+01
   2.0500000e+03   3.5224746e+01
   2.0600000e+03   3.5314810e+01
   2.0700000e+03   3.5253132e+01
   2.0800000e+03   3.5359495e+01
   2.0900000e+03   3.5287633e+01
   2.1000000e+03   3.5265622e+01
   2.1100000e+03   3.5275486e+01
   2.1200000e+03   3.5347058e+01
   2.1300000e+03   3.5285509e+01
   2.1400000e+03   3.5265527e+01
   2.1500000e+03   3.5290591e+01
   2.1600000e+03   3.5380753e+01
   2.1700000e+03   3.5340977e+01
   2.1800000e+03   3.5311189e+01
   2.1900000e+03   3.5354089e+01
   2.2000000e+03   3.5350802e+01
   2.2100000e+03   3.5246132e+01
   2.2200000e+03   3.5356619e+01
   2.2300000e+03   3.5397758e+01
   2.2400000e+03   3.5342448e+01
   2.2500000e+03   3.5403591e+01
   2.2600000e+03   3.5423936e+01
   2.2700000e+03   3.5471098e+01
   2.2800000e+03   3.5366340e+01
   2.2900000e+03   3.5419385e+01
   2.3000000e+03   3.5361252e+01
   2.3100000e+03   3.5525911e+01
   2.3200000e+03   3.5385856e+01
   2.3300000e+03   3.5383636e+01
   2.3400000e+03   3.5521039e+01
   2.3500000e+03   3.5426848e+01
   2.3600000e+03   3.5469020e+01
   2.3700000e+03   3.5496679e+01
   2.3800000e+03   3.5395833e+01
   2.3900000e+03   3.5400822e+01
   2.4000000e+03   3.5422133e+01
   2.4100000e+03   3.5397142e+01
   2.4200000e+03   3.5423342e+01
   2.4300000e+03   3.5434597e+01
   2.4400000e+03   3.5442624e+01
   2.4500000e+03   3.5552709e+01
   2.4600000e+03   3.5527086e+01
   2.4700000e+03   3.5507148e+01
   2.4800000e+03   3.5448774e+01
   2.4900000e+03   3.5442931e+01
   2.5000000e+03   3.5548613e+01
   2.5100000e+03   3.5510593e+01
   2.5200000e+03   3.5606762e+01
   2.5300000e+03   3.5586688e+01
   2.5400000e+03   3.5578809e+01
   2.5500000e+03   3.5663385e+01
   2.5600000e+03   3.5553374e+01
   2.5700000e+03   3.5586393e+01
   2.5800000e+03   3.5623737e+01
   2.5900000e+03   3.5581211e+01
   2.6000000e+03   3.5571028e+01
   2.6100000e+03   3.5574749e+01
   2.6200000e+03   3.5545167e+01
   2.6300000e+03   3.5576203e+01
   2.6400000e+03   3.5545942e+01
   2.6500000e+03   3.5587837e+01
   2.6600000e+03   3.5605491e+01
   2.6700000e+03   3.5545687e+01
   2.6800000e+03   3.5505946e+01
   2.6900000e+03   3.5559144e+01
   2.7000000e+03   3.5599374e+01
   2.7100000e+03   3.5635342e+01
   2.7200000e+03   3.5624803e+01
   2.7300000e+03   3.5693451e+01
   2.7400000e+03   3.5660756e+01
   2.7500000e+03   3.5630936e+01
   2.7600000e+03   3.5695264e+01
   2.7700000e+03   3.5676367e+01
   2.7800000e+03   3.5598540e+01
   2.7900000e+03   3.5641451e+01
   2.8000000e+03   3.5621170e+01
   2.8100000e+03   3.5637865e+01
   2.8200000e+03   3.5748444e+01
   2.8300000e+03   3.5653993e+01
   2.8400000e+03   3.5674152e+01
   2.8500000e+03   3.5684636e+01
   2.8600000e+03   3.5741441e+01
   2.8700000e+03   3.5718724e+01
   2.8800000e+03   3.5765930e+01
   2.8900000e+03   3.5772043e+01
   2.9000000e+03   3.5752673e+01
   2.9100000e+03   3.5759817e+01
   2.9200000e+03   3.5750685e+01
   2.9300000e+03   3.5810383e+01
   2.9400000e+03   3.5831427e+01
   2.9500000e+03   3.5828290e+01
   2.9600000e+03   3.5725463e+01
   2.9700000e+03   3.5717379e+01
   2.9800000e+03   3.5697662e+01
   2.9900000e+03   3.5814177e+01
   3.0000000e+03   3.5730560e+01
   3.0100000e+03   3.5797356e+01
   3.0200000e+03   3.5806937e+01
   3.0300000e+03   3.5706977e+01
   3.0400000e+03   3.5761352e+01
   3.0500000e+03   3.5734733e+01
   3.0600000e+03   3.5738046e+01
   3.0700000e+03   3.5699703e+01
   3.0800000e+03   3.5762013e+01
   3.0900000e+03   3.5722985e+01
   3.1000000e+03   3.5885120e+01
   3.1100000e+03   3.5819913e+01
   3.1200000e+03   3.5748752e+01
   3.1300000e+03   3.5735599e+01
   3.1400000e+03   3.5762457e+01
   3.1500000e+03   3.5850407e+01
   3.1600000e+03   3.5817405e+01
   3.1700000e+03   3.5849160e+01
   3.1800000e+03   3.5853850e+01
   3.1900000e+03   3.5833595e+01
   3.2000000e+03   3.5848676e+01
   3.2100000e+03   3.5941100e+01
   3.2200000e+03   3.5904036e+01
   3.2300000e+03   3.5878100e+01
   3.2400000e+03   3.5801933e+01
   3.2500000e+03   3.5832462e+01
   3.2600000e+03   3.5865013e+01
   3.2700000e+03   3.5960234e+01
   3.2800000e+03   3.5864764e+01
   3.2900000e+03   3.5885045e+01
   3.3000000e+03   3.5957168e+01
   3.3100000e+03   3.5983558e+01
   3.3200000e+03   3.5836310e+01
   3.3300000e+03   3.5832865e+01
   3.3400000e+03   3.5888241e+01
   3.3500000e+03   3.5890655e+01
   3.3600000e+03   3.5919741e+01
   3.3700000e+03   3.5854811e+01
   3.3800000e+03   3.5837420e+01
   3.3900000e+03   3.5895327e+01
   3.4000000e+03   3.5994896e+01
   3.4100000e+03   3.5858635e+01
   3.4200000e+03   3.5898628e+01
   3.4300000e+03   3.5939919e+01
   3.4400000e+03   3.5971521e+01
   3.4500000e+03   3.5993320e+01
   3.4600000e+03   3.5983028e+01
   3.4700000e+03   3.5989890e+01
   3.4800000e+03   3.6008741e+01
   3.4900000e+03   3.5942401e+01
