   0.0000000e+00   1.7230138e+01
   1.0000000e+01   1.7220217e+01
   2.0000000e+01   1.7230440e+01
   3.0000000e+01   1.7200647e+01
   4.0000000e+01   1.7205980e+01
   5.0000000e+01   1.7209623e+01
   6.0000000e+01   1.7234274e+01
   7.0000000e+01   1.7210272e+01
   8.0000000e+01   1.7205938e+01
   9.0000000e+01   1.7214022e+01
   1.0000000e+02   1.7199948e+01
   1.1000000e+02   1.7194032e+01
   1.2000000e+02   1.7201616e+01
   1.3000000e+02   1.7203795e+01
   1.4000000e+02   1.7188027e+01
   1.5000000e+02   1.7190206e+01
   1.6000000e+02   1.7191672e+01
   1.7000000e+02   1.7204000e+01
   1.8000000e+02   1.7188412e+01
   1.9000000e+02   1.7209512e+01
   2.0000000e+02   1.7195408e+01
   2.1000000e+02   1.7215384e+01
   2.2000000e+02   1.7240761e+01
   2.3000000e+02   1.7265784e+01
   2.4000000e+02   1.7289369e+01
   2.5000000e+02   1.7300362e+01
   2.6000000e+02   1.7322109e+01
   2.7000000e+02   1.7358224e+01
   2.8000000e+02   1.7401951e+01
   2.9000000e+02   1.7449098e+01
   3.0000000e+02   1.7491474e+01
   3.1000000e+02   1.7532368e+01
   3.2000000e+02   1.7563753e+01
   3.3000000e+02   1.7627557e+01
   3.4000000e+02   1.7682439e+01
   3.5000000e+02   1.7726871e+01
   3.6000000e+02   1.7798271e+01
   3.7000000e+02   1.7856510e+01
   3.8000000e+02   1.7937722e+01
   3.9000000e+02   1.8004886e+01
   4.0000000e+02   1.8068304e+01
   4.1000000e+02   1.8160239e+01
   4.2000000e+02   1.8251208e+01
   4.3000000e+02   1.8319997e+01
   4.4000000e+02   1.8399465e+01
   4.5000000e+02   1.8476748e+01
   4.6000000e+02   1.8568174e+01
   4.7000000e+02   1.8655236e+01
   4.8000000e+02   1.8747213e+01
   4.9000000e+02   1.8852719e+01
   5.0000000e+02   1.8948320e+01
   5.1000000e+02   1.9050167e+01
   5.2000000e+02   1.9145402e+01
   5.3000000e+02   1.9259390e+01
   5.4000000e+02   1.9358556e+01
   5.5000000e+02   1.9474132e+01
   5.6000000e+02   1.9584072e+01
   5.7000000e+02   1.9703814e+01
   5.8000000e+02   1.9808674e+01
   5.9000000e+02   1.9945158e+01
   6.0000000e+02   2.0050696e+01
   6.1000000e+02   2.0181598e+01
   6.2000000e+02   2.0300237e+01
   6.3000000e+02   2.0416494e+01
   6.4000000e+02   2.0536071e+01
   6.5000000e+02   2.0668448e+01
   6.6000000e+02   2.0795858e+01
   6.7000000e+02   2.0925317e+01
   6.8000000e+02   2.1052331e+01
   6.9000000e+02   2.1177419e+01
   7.0000000e+02   2.1302883e+01
   7.1000000e+02   2.1444646e+01
   7.2000000e+02   2.1559099e+01
   7.3000000e+02   2.1707131e+01
   7.4000000e+02   2.1828823e+01
   7.5000000e+02   2.1969069e+01
   7.6000000e+02   2.2094339e+01
   7.7000000e+02   2.2221461e+01
   7.8000000e+02   2.2352916e+01
   7.9000000e+02   2.2486030e+01
   8.0000000e+02   2.2613163e+01
   8.1000000e+02   2.2742568e+01
   8.2000000e+02   2.2883362e+01
   8.3000000e+02   2.3008628e+01
   8.4000000e+02   2.3149338e+01
   8.5000000e+02   2.3266996e+01
   8.6000000e+02   2.3402047e+01
   8.7000000e+02   2.3531218e+01
   8.8000000e+02   2.3660641e+01
   8.9000000e+02   2.3787790e+01
   9.0000000e+02   2.3922498e+01
   9.1000000e+02   2.4061161e+01
   9.2000000e+02   2.4201391e+01
   9.3000000e+02   2.4318430e+01
   9.4000000e+02   2.4452845e+01
   9.5000000e+02   2.4574187e+01
   9.6000000e+02   2.4703526e+01
   9.7000000e+02   2.4817750e+01
   9.8000000e+02   2.4948206e+01
   9.9000000e+02   2.5065510e+01
   1.0000000e+03   2.5200508e+01
   1.0100000e+03   2.5334146e+01
   1.0200000e+03   2.5459632e+01
   1.0300000e+03   2.5576738e+01
   1.0400000e+03   2.5698939e+01
   1.0500000e+03   2.5826447e+01
   1.0600000e+03   2.5948840e+01
   1.0700000e+03   2.6066627e+01
   1.0800000e+03   2.6185293e+01
   1.0900000e+03   2.6308703e+01
   1.1000000e+03   2.6420140e+01
   1.1100000e+03   2.6534532e+01
   1.1200000e+03   2.6658234e+01
   1.1300000e+03   2.6774794e+01
   1.1400000e+03   2.6883441e+01
   1.1500000e+03   2.7007305e+01
   1.1600000e+03   2.7100284e+01
   1.1700000e+03   2.7235204e+01
   1.1800000e+03   2.7346189e+01
   1.1900000e+03   2.7446462e+01
   1.2000000e+03   2.7538096e+01
   1.2100000e+03   2.7652027e+01
   1.2200000e+03   2.7748182e+01
   1.2300000e+03   2.7871652e+01
   1.2400000e+03   2.7969976e+01
   1.2500000e+03   2.8080095e+01
   1.2600000e+03   2.8177028e+01
   1.2700000e+03   2.8267558e+01
   1.2800000e+03   2.8398929e+01
   1.2900000e+03   2.8486460e+01
   1.3000000e+03   2.8584596e+01
   1.3100000e+03   2.8683966e+01
   1.3200000e+03   2.8761759e+01
   1.3300000e+03   2.8879837e+01
   1.3400000e+03   2.8978947e+01
   1.3500000e+03   2.9070350e+01
   1.3600000e+03   2.9158515e+01
   1.3700000e+03   2.9253041e+01
   1.3800000e+03   2.9337503e+01
   1.3900000e+03   2.9426638e+01
   1.4000000e+03   2.9511528e+01
   1.4100000e+03   2.9588742e+01
   1.4200000e+03   2.9663424e+01
   1.4300000e+03   2.9756712e+01
   1.4400000e+03   2.9830736e+01
   1.4500000e+03   2.9922437e+01
   1.4600000e+03   3.0015969e+01
   1.4700000e+03   3.0095528e+01
   1.4800000e+03   3.0189415e+01
   1.4900000e+03   3.0276815e+01
   1.5000000e+03   3.0344170e+01
   1.5100000e+03   3.0420433e+01
   1.5200000e+03   3.0492191e+01
   1.5300000e+03   3.0582025e+01
   1.5400000e+03   3.0663153e+01
   1.5500000e+03   3.0763747e+01
   1.5600000e+03   3.0837016e+01
   1.5700000e+03   3.0909719e+01
   1.5800000e+03   3.0985063e+01
   1.5900000e+03   3.1064277e+01
   1.6000000e+03   3.1131813e+01
   1.6100000e+03   3.1196634e+01
   1.6200000e+03   3.1262494e+01
   1.6300000e+03   3.1352826e+01
   1.6400000e+03   3.1419581e+01
   1.6500000e+03   3.1495622e+01
   1.6600000e+03   3.1569559e+01
   1.6700000e+03   3.1622086e+01
   1.6800000e+03   3.1678847e+01
   1.6900000e+03   3.1743183e+01
   1.7000000e+03   3.1815019e+01
   1.7100000e+03   3.1853608e+01
   1.7200000e+03   3.1913429e+01
   1.7300000e+03   3.1982321e+01
   1.7400000e+03   3.2040305e+01
   1.7500000e+03   3.2106713e+01
   1.7600000e+03   3.2173134e+01
   1.7700000e+03   3.2238187e+01
   1.7800000e+03   3.2283945e+01
   1.7900000e+03   3.2342205e+01
   1.8000000e+03   3.2415571e+01
   1.8100000e+03   3.2472351e+01
   1.8200000e+03   3.2522070e+01
   1.8300000e+03   3.2586595e+01
   1.8400000e+03   3.2629390e+01
   1.8500000e+03   3.2685538e+01
   1.8600000e+03   3.2733558e+01
   1.8700000e+03   3.2787005e+01
   1.8800000e+03   3.2830685e+01
   1.8900000e+03   3.2894006e+01
   1.9000000e+03   3.2932539e+01
   1.9100000e+03   3.2996155e+01
   1.9200000e+03   3.3031236e+01
   1.9300000e+03   3.3083716e+01
   1.9400000e+03   3.3138012e+01
   1.9500000e+03   3.3182173e+01
   1.9600000e+03   3.3234977e+01
   1.9700000e+03   3.3273728e+01
   1.9800000e+03   3.3331026e+01
   1.9900000e+03   3.3369275e+01
   2.0000000e+03   3.3430398e+01
   2.0100000e+03   3.3486103e+01
   2.0200000e+03   3.3529467e+01
   2.0300000e+03   3.3565275e+01
   2.0400000e+03   3.3607593e+01
   2.0500000e+03   3.3649718e+01
   2.0600000e+03   3.3702676e+01
   2.0700000e+03   3.3746374e+01
   2.0800000e+03   3.3792382e+01
   2.0900000e+03   3.3835097e+01
   2.1000000e+03   3.3868856e+01
   2.1100000e+03   3.3902557e+01
   2.1200000e+03   3.3946954e+01
   2.1300000e+03   3.3991398e+01
   2.1400000e+03   3.4035522e+01
   2.1500000e+03   3.4078716e+01
   2.1600000e+03   3.4102492e+01
   2.1700000e+03   3.4124604e+01
   2.1800000e+03   3.4183218e+01
   2.1900000e+03   3.4211275e+01
   2.2000000e+03   3.4244283e+01
   2.2100000e+03   3.4278132e+01
   2.2200000e+03   3.4318001e+01
   2.2300000e+03   3.4358874e+01
   2.2400000e+03   3.4393744e+01
   2.2500000e+03   3.4419656e+01
   2.2600000e+03   3.4447342e+01
   2.2700000e+03   3.4484153e+01
   2.2800000e+03   3.4528942e+01
   2.2900000e+03   3.4547307e+01
   2.3000000e+03   3.4592151e+01
   2.3100000e+03   3.4635078e+01
   2.3200000e+03   3.4659776e+01
   2.3300000e+03   3.4687212e+01
   2.3400000e+03   3.4726152e+01
   2.3500000e+03   3.4746118e+01
   2.3600000e+03   3.4785277e+01
   2.3700000e+03   3.4826197e+01
   2.3800000e+03   3.4841843e+01
   2.3900000e+03   3.4848784e+01
   2.4000000e+03   3.4886519e+01
   2.4100000e+03   3.4925714e+01
   2.4200000e+03   3.4955877e+01
   2.4300000e+03   3.4991250e+01
   2.4400000e+03   3.5014687e+01
   2.4500000e+03   3.5050323e+01
   2.4600000e+03   3.5084093e+01
   2.4700000e+03   3.5098271e+01
   2.4800000e+03   3.5117005e+01
   2.4900000e+03   3.5140639e+01
   2.5000000e+03   3.5160206e+01
   2.5100000e+03   3.5173358e+01
   2.5200000e+03   3.5216826e+01
   2.5300000e+03   3.5243048e+01
   2.5400000e+03   3.5260088e+01
   2.5500000e+03   3.5284816e+01
   2.5600000e+03   3.5322561e+01
   2.5700000e+03   3.5354973e+01
   2.5800000e+03   3.5357286e+01
   2.5900000e+03   3.5375294e+01
   2.6000000e+03   3.5398658e+01
   2.6100000e+03   3.5428702e+01
   2.6200000e+03   3.5460202e+01
   2.6300000e+03   3.5480036e+01
   2.6400000e+03   3.5509238e+01
   2.6500000e+03   3.5528688e+01
   2.6600000e+03   3.5568996e+01
   2.6700000e+03   3.5585835e+01
   2.6800000e+03   3.5596164e+01
   2.6900000e+03   3.5623849e+01
   2.7000000e+03   3.5648358e+01
   2.7100000e+03   3.5664396e+01
   2.7200000e+03   3.5696557e+01
   2.7300000e+03   3.5693948e+01
   2.7400000e+03   3.5718932e+01
   2.7500000e+03   3.5746660e+01
   2.7600000e+03   3.5763684e+01
   2.7700000e+03   3.5782788e+01
   2.7800000e+03   3.5825460e+01
   2.7900000e+03   3.5838744e+01
   2.8000000e+03   3.5858506e+01
   2.8100000e+03   3.5873861e+01
   2.8200000e+03   3.5912424e+01
   2.8300000e+03   3.5914251e+01
   2.8400000e+03   3.5930423e+01
   2.8500000e+03   3.5957888e+01
   2.8600000e+03   3.5969699e+01
   2.8700000e+03   3.5984396e+01
   2.8800000e+03   3.6007547e+01
   2.8900000e+03   3.6017763e+01
   2.9000000e+03   3.6038895e+01
   2.9100000e+03   3.6056237e+01
   2.9200000e+03   3.6079840e+01
   2.9300000e+03   3.6091413e+01
   2.9400000e+03   3.6099676e+01
   2.9500000e+03   3.6117490e+01
   2.9600000e+03   3.6146085e+01
   2.9700000e+03   3.6152147e+01
   2.9800000e+03   3.6192193e+01
   2.9900000e+03   3.6214758e+01
   3.0000000e+03   3.6227060e+01
   3.0100000e+03   3.6253353e+01
   3.0200000e+03   3.6273518e+01
   3.0300000e+03   3.6281612e+01
   3.0400000e+03   3.6300395e+01
   3.0500000e+03   3.6331336e+01
   3.0600000e+03   3.6339657e+01
   3.0700000e+03   3.6361739e+01
   3.0800000e+03   3.6382049e+01
   3.0900000e+03   3.6398987e+01
   3.1000000e+03   3.6429771e+01
   3.1100000e+03   3.6451806e+01
   3.1200000e+03   3.6452867e+01
   3.1300000e+03   3.6474388e+01
   3.1400000e+03   3.6487678e+01
   3.1500000e+03   3.6500256e+01
   3.1600000e+03   3.6500761e+01
   3.1700000e+03   3.6519735e+01
   3.1800000e+03   3.6538128e+01
   3.1900000e+03   3.6555086e+01
   3.2000000e+03   3.6578864e+01
   3.2100000e+03   3.6580489e+01
   3.2200000e+03   3.6587145e+01
   3.2300000e+03   3.6606926e+01
   3.2400000e+03   3.6610996e+01
   3.2500000e+03   3.6626686e+01
   3.2600000e+03   3.6645565e+01
   3.2700000e+03   3.6657450e+01
   3.2800000e+03   3.6666922e+01
   3.2900000e+03   3.6682073e+01
   3.3000000e+03   3.6709987e+01
   3.3100000e+03   3.6719060e+01
   3.3200000e+03   3.6725265e+01
   3.3300000e+03   3.6737384e+01
   3.3400000e+03   3.6745793e+01
   3.3500000e+03   3.6754490e+01
   3.3600000e+03   3.6768382e+01
   3.3700000e+03   3.6777557e+01
   3.3800000e+03   3.6798947e+01
   3.3900000e+03   3.6797485e+01
   3.4000000e+03   3.6806960e+01
   3.4100000e+03   3.6813706e+01
   3.4200000e+03   3.6819838e+01
   3.4300000e+03   3.6857783e+01
   3.4400000e+03   3.6862341e+01
   3.4500000e+03   3.6863222e+01
   3.4600000e+03   3.6878163e+01
   3.4700000e+03   3.6893593e+01
   3.4800000e+03   3.6889871e+01
   3.4900000e+03   3.6909082e+01
