   0.0000000e+00  -8.7324903e-03
   1.0000000e+01  -7.0451439e-03
   2.0000000e+01   5.8153984e-02
   3.0000000e+01   7.0425146e-01
   4.0000000e+01   1.7152573e+00
   5.0000000e+01   2.6797381e+00
   6.0000000e+01   3.7339630e+00
   7.0000000e+01   4.6731691e+00
   8.0000000e+01   5.7251104e+00
   9.0000000e+01   6.6456052e+00
   1.0000000e+02   7.6631704e+00
   1.1000000e+02   8.6482626e+00
   1.2000000e+02   9.4415356e+00
   1.3000000e+02   1.0163342e+01
   1.4000000e+02   1.1045866e+01
   1.5000000e+02   1.1882732e+01
   1.6000000e+02   1.2352111e+01
   1.7000000e+02   1.3042745e+01
   1.8000000e+02   1.3306593e+01
   1.9000000e+02   1.4558569e+01
   2.0000000e+02   1.4883244e+01
   2.1000000e+02   1.5413687e+01
   2.2000000e+02   1.6355667e+01
   2.3000000e+02   1.6385328e+01
   2.4000000e+02   1.7198627e+01
   2.5000000e+02   1.7707453e+01
   2.6000000e+02   1.8226608e+01
   2.7000000e+02   1.8684140e+01
   2.8000000e+02   1.9301468e+01
   2.9000000e+02   1.9925912e+01
   3.0000000e+02   2.0417807e+01
   3.1000000e+02   2.0768263e+01
   3.2000000e+02   2.1285883e+01
   3.3000000e+02   2.2140450e+01
   3.4000000e+02   2.2417016e+01
   3.5000000e+02   2.2619419e+01
   3.6000000e+02   2.3033610e+01
   3.7000000e+02   2.3436368e+01
   3.8000000e+02   2.3883718e+01
   3.9000000e+02   2.4763522e+01
   4.0000000e+02   2.4908557e+01
   4.1000000e+02   2.5301678e+01
   4.2000000e+02   2.6360306e+01
   4.3000000e+02   2.6673976e+01
   4.4000000e+02   2.6912616e+01
   4.5000000e+02   2.7117154e+01
   4.6000000e+02   2.7565032e+01
   4.7000000e+02   2.8068473e+01
   4.8000000e+02   2.8410252e+01
   4.9000000e+02   2.8908756e+01
   5.0000000e+02   2.9196216e+01
   5.1000000e+02   2.9104925e+01
   5.2000000e+02   2.9466601e+01
   5.3000000e+02   3.0124183e+01
   5.4000000e+02   3.0568047e+01
   5.5000000e+02   3.0611554e+01
   5.6000000e+02   3.0512476e+01
   5.7000000e+02   3.1286295e+01
   5.8000000e+02   3.1355494e+01
   5.9000000e+02   3.1862000e+01
   6.0000000e+02   3.2186828e+01
   6.1000000e+02   3.2122993e+01
   6.2000000e+02   3.2266531e+01
   6.3000000e+02   3.2490763e+01
   6.4000000e+02   3.2498735e+01
   6.5000000e+02   3.3265429e+01
   6.6000000e+02   3.3345983e+01
   6.7000000e+02   3.3740069e+01
   6.8000000e+02   3.3338746e+01
   6.9000000e+02   3.3357557e+01
   7.0000000e+02   3.3548304e+01
   7.1000000e+02   3.3939279e+01
   7.2000000e+02   3.4381764e+01
   7.3000000e+02   3.4466894e+01
   7.4000000e+02   3.4871938e+01
   7.5000000e+02   3.5133273e+01
   7.6000000e+02   3.5222825e+01
   7.7000000e+02   3.5326573e+01
   7.8000000e+02   3.5426218e+01
   7.9000000e+02   3.5493039e+01
   8.0000000e+02   3.5461733e+01
   8.1000000e+02   3.5544783e+01
   8.2000000e+02   3.6032436e+01
   8.3000000e+02   3.6252574e+01
   8.4000000e+02   3.6420231e+01
   8.5000000e+02   3.6461925e+01
   8.6000000e+02   3.6429661e+01
   8.7000000e+02   3.6619635e+01
   8.8000000e+02   3.6792976e+01
   8.9000000e+02   3.6902680e+01
   9.0000000e+02   3.6996362e+01
   9.1000000e+02   3.7499906e+01
   9.2000000e+02   3.7727605e+01
   9.3000000e+02   3.7903694e+01
   9.4000000e+02   3.8025660e+01
   9.5000000e+02   3.8093750e+01
   9.6000000e+02   3.8249008e+01
   9.7000000e+02   3.8386840e+01
   9.8000000e+02   3.8479576e+01
   9.9000000e+02   3.8583556e+01
   1.0000000e+03   3.8247338e+01
   1.0100000e+03   3.8309730e+01
   1.0200000e+03   3.8703389e+01
   1.0300000e+03   3.9031959e+01
   1.0400000e+03   3.9153785e+01
   1.0500000e+03   3.9062369e+01
   1.0600000e+03   3.8913386e+01
   1.0700000e+03   3.8924881e+01
   1.0800000e+03   3.9010733e+01
   1.0900000e+03   3.9624757e+01
   1.1000000e+03   3.9771626e+01
   1.1100000e+03   3.9641466e+01
   1.1200000e+03   3.9481299e+01
   1.1300000e+03   3.9553680e+01
   1.1400000e+03   4.0151637e+01
   1.1500000e+03   4.0066954e+01
   1.1600000e+03   3.9826123e+01
   1.1700000e+03   4.0267306e+01
   1.1800000e+03   4.0367970e+01
   1.1900000e+03   4.0149594e+01
   1.2000000e+03   4.0621943e+01
   1.2100000e+03   4.0761199e+01
   1.2200000e+03   4.0430401e+01
   1.2300000e+03   4.0843302e+01
   1.2400000e+03   4.1073095e+01
   1.2500000e+03   4.0842677e+01
   1.2600000e+03   4.0805064e+01
   1.2700000e+03   4.1323177e+01
   1.2800000e+03   4.0925642e+01
   1.2900000e+03   4.1415678e+01
   1.3000000e+03   4.1413406e+01
   1.3100000e+03   4.1091763e+01
   1.3200000e+03   4.1523342e+01
   1.3300000e+03   4.1625197e+01
   1.3400000e+03   4.1331417e+01
   1.3500000e+03   4.1866046e+01
   1.3600000e+03   4.1642428e+01
   1.3700000e+03   4.1943286e+01
   1.3800000e+03   4.1874308e+01
   1.3900000e+03   4.1635949e+01
   1.4000000e+03   4.2125360e+01
   1.4100000e+03   4.1931499e+01
   1.4200000e+03   4.1852315e+01
   1.4300000e+03   4.2309965e+01
   1.4400000e+03   4.2032899e+01
   1.4500000e+03   4.2115575e+01
   1.4600000e+03   4.2171770e+01
   1.4700000e+03   4.2487403e+01
   1.4800000e+03   4.2338186e+01
   1.4900000e+03   4.2530890e+01
   1.5000000e+03   4.2661808e+01
   1.5100000e+03   4.2316999e+01
   1.5200000e+03   4.2775117e+01
   1.5300000e+03   4.2648465e+01
   1.5400000e+03   4.2874081e+01
   1.5500000e+03   4.2660147e+01
   1.5600000e+03   4.3034681e+01
   1.5700000e+03   4.2676155e+01
   1.5800000e+03   4.3187997e+01
   1.5900000e+03   4.2878722e+01
   1.6000000e+03   4.3247638e+01
   1.6100000e+03   4.2952342e+01
   1.6200000e+03   4.3296960e+01
   1.6300000e+03   4.3250519e+01
   1.6400000e+03   4.3404658e+01
   1.6500000e+03   4.3414457e+01
   1.6600000e+03   4.3312514e+01
   1.6700000e+03   4.3457002e+01
   1.6800000e+03   4.3179219e+01
   1.6900000e+03   4.3592102e+01
   1.7000000e+03   4.3568201e+01
   1.7100000e+03   4.3493148e+01
   1.7200000e+03   4.3653974e+01
   1.7300000e+03   4.3801919e+01
   1.7400000e+03   4.3419068e+01
   1.7500000e+03   4.3803239e+01
   1.7600000e+03   4.3903693e+01
   1.7700000e+03   4.3536087e+01
   1.7800000e+03   4.4013737e+01
   1.7900000e+03   4.3675388e+01
   1.8000000e+03   4.3729281e+01
   1.8100000e+03   4.4142800e+01
   1.8200000e+03   4.3880887e+01
   1.8300000e+03   4.4148592e+01
   1.8400000e+03   4.3763955e+01
   1.8500000e+03   4.4256915e+01
   1.8600000e+03   4.3946712e+01
   1.8700000e+03   4.4249993e+01
   1.8800000e+03   4.3901454e+01
   1.8900000e+03   4.4336847e+01
   1.9000000e+03   4.4051008e+01
   1.9100000e+03   4.4398778e+01
   1.9200000e+03   4.4089608e+01
   1.9300000e+03   4.4397546e+01
   1.9400000e+03   4.4233229e+01
   1.9500000e+03   4.4435248e+01
   1.9600000e+03   4.4311184e+01
   1.9700000e+03   4.4429871e+01
   1.9800000e+03   4.4418966e+01
   1.9900000e+03   4.4424379e+01
   2.0000000e+03   4.4238513e+01
   2.0100000e+03   4.4656788e+01
   2.0200000e+03   4.4317659e+01
   2.0300000e+03   4.4756562e+01
   2.0400000e+03   4.4466649e+01
   2.0500000e+03   4.4679007e+01
   2.0600000e+03   4.4561180e+01
   2.0700000e+03   4.4823951e+01
   2.0800000e+03   4.4517489e+01
   2.0900000e+03   4.4744553e+01
   2.1000000e+03   4.4803873e+01
   2.1100000e+03   4.4693643e+01
   2.1200000e+03   4.5017624e+01
   2.1300000e+03   4.4757636e+01
   2.1400000e+03   4.4945269e+01
   2.1500000e+03   4.4830679e+01
   2.1600000e+03   4.5128162e+01
   2.1700000e+03   4.4877011e+01
   2.1800000e+03   4.4888292e+01
   2.1900000e+03   4.4983279e+01
   2.2000000e+03   4.5251470e+01
   2.2100000e+03   4.4865893e+01
   2.2200000e+03   4.5304240e+01
   2.2300000e+03   4.4957393e+01
   2.2400000e+03   4.5253867e+01
   2.2500000e+03   4.5042774e+01
   2.2600000e+03   4.5343183e+01
   2.2700000e+03   4.5459298e+01
   2.2800000e+03   4.5077758e+01
   2.2900000e+03   4.5537361e+01
   2.3000000e+03   4.5198927e+01
   2.3100000e+03   4.5544978e+01
   2.3200000e+03   4.5332944e+01
   2.3300000e+03   4.5691584e+01
   2.3400000e+03   4.5356124e+01
   2.3500000e+03   4.5787003e+01
   2.3600000e+03   4.5688687e+01
   2.3700000e+03   4.5614286e+01
   2.3800000e+03   4.5889395e+01
   2.3900000e+03   4.5496127e+01
   2.4000000e+03   4.5793359e+01
   2.4100000e+03   4.5867212e+01
   2.4200000e+03   4.5842782e+01
   2.4300000e+03   4.5892941e+01
   2.4400000e+03   4.5848694e+01
   2.4500000e+03   4.6097900e+01
   2.4600000e+03   4.5836315e+01
   2.4700000e+03   4.6024585e+01
   2.4800000e+03   4.6116469e+01
   2.4900000e+03   4.5889319e+01
   2.5000000e+03   4.6263498e+01
   2.5100000e+03   4.5871438e+01
   2.5200000e+03   4.6328673e+01
   2.5300000e+03   4.5961321e+01
   2.5400000e+03   4.6352286e+01
   2.5500000e+03   4.6121524e+01
   2.5600000e+03   4.6390490e+01
   2.5700000e+03   4.6015998e+01
   2.5800000e+03   4.6397889e+01
   2.5900000e+03   4.6357966e+01
   2.6000000e+03   4.6058188e+01
   2.6100000e+03   4.6306386e+01
   2.6200000e+03   4.6503338e+01
   2.6300000e+03   4.6117193e+01
   2.6400000e+03   4.6240865e+01
   2.6500000e+03   4.6602349e+01
   2.6600000e+03   4.6369193e+01
   2.6700000e+03   4.6632202e+01
   2.6800000e+03   4.6270585e+01
   2.6900000e+03   4.6705800e+01
   2.7000000e+03   4.6314632e+01
   2.7100000e+03   4.6722058e+01
   2.7200000e+03   4.6377169e+01
   2.7300000e+03   4.6487099e+01
   2.7400000e+03   4.6797753e+01
   2.7500000e+03   4.6428131e+01
   2.7600000e+03   4.6843010e+01
   2.7700000e+03   4.6483305e+01
   2.7800000e+03   4.6883466e+01
   2.7900000e+03   4.6630764e+01
   2.8000000e+03   4.6750764e+01
   2.8100000e+03   4.6941494e+01
   2.8200000e+03   4.6897335e+01
   2.8300000e+03   4.6765589e+01
   2.8400000e+03   4.6948159e+01
   2.8500000e+03   4.6732908e+01
   2.8600000e+03   4.7062657e+01
   2.8700000e+03   4.6645547e+01
   2.8800000e+03   4.6972095e+01
   2.8900000e+03   4.6907960e+01
   2.9000000e+03   4.6880306e+01
   2.9100000e+03   4.7145571e+01
   2.9200000e+03   4.6778442e+01
   2.9300000e+03   4.6980024e+01
   2.9400000e+03   4.7086043e+01
   2.9500000e+03   4.6888666e+01
   2.9600000e+03   4.7203735e+01
   2.9700000e+03   4.6819395e+01
   2.9800000e+03   4.7176629e+01
   2.9900000e+03   4.6994451e+01
   3.0000000e+03   4.6903688e+01
   3.0100000e+03   4.7286398e+01
   3.0200000e+03   4.6940558e+01
   3.0300000e+03   4.7337884e+01
   3.0400000e+03   4.6936025e+01
   3.0500000e+03   4.7374373e+01
   3.0600000e+03   4.6962023e+01
   3.0700000e+03   4.7367703e+01
   3.0800000e+03   4.7021566e+01
   3.0900000e+03   4.7101600e+01
   3.1000000e+03   4.7464061e+01
   3.1100000e+03   4.7052415e+01
   3.1200000e+03   4.7413703e+01
   3.1300000e+03   4.7176077e+01
   3.1400000e+03   4.7334075e+01
   3.1500000e+03   4.7415872e+01
   3.1600000e+03   4.7093536e+01
   3.1700000e+03   4.7442165e+01
   3.1800000e+03   4.7452607e+01
   3.1900000e+03   4.7145309e+01
   3.2000000e+03   4.7525981e+01
   3.2100000e+03   4.7304225e+01
   3.2200000e+03   4.7328459e+01
   3.2300000e+03   4.7435700e+01
   3.2400000e+03   4.7268315e+01
   3.2500000e+03   4.7555014e+01
   3.2600000e+03   4.7211079e+01
   3.2700000e+03   4.7304521e+01
   3.2800000e+03   4.7575479e+01
   3.2900000e+03   4.7185319e+01
   3.3000000e+03   4.7333708e+01
   3.3100000e+03   4.7597777e+01
   3.3200000e+03   4.7234007e+01
   3.3300000e+03   4.7537142e+01
   3.3400000e+03   4.7410763e+01
   3.3500000e+03   4.7416167e+01
   3.3600000e+03   4.7507544e+01
   3.3700000e+03   4.7601456e+01
   3.3800000e+03   4.7263578e+01
   3.3900000e+03   4.7634690e+01
   3.4000000e+03   4.7220144e+01
   3.4100000e+03   4.7556982e+01
   3.4200000e+03   4.7468244e+01
   3.4300000e+03   4.7324274e+01
   3.4400000e+03   4.7610344e+01
   3.4500000e+03   4.7610537e+01
   3.4600000e+03   4.7243252e+01
   3.4700000e+03   4.7560839e+01
   3.4800000e+03   4.7401043e+01
   3.4900000e+03   4.7343965e+01
