   0.0000000e+00  -3.3416606e-03
   1.0000000e+01  -3.1939228e-03
   2.0000000e+01   1.3707440e-01
   3.0000000e+01   7.9857268e-01
   4.0000000e+01   1.8194994e+00
   5.0000000e+01   2.8251752e+00
   6.0000000e+01   3.7950055e+00
   7.0000000e+01   4.9276244e+00
   8.0000000e+01   6.1383309e+00
   9.0000000e+01   6.9483673e+00
   1.0000000e+02   7.8201216e+00
   1.1000000e+02   8.8766446e+00
   1.2000000e+02   9.5874723e+00
   1.3000000e+02   1.0411442e+01
   1.4000000e+02   1.1239700e+01
   1.5000000e+02   1.2083763e+01
   1.6000000e+02   1.2781027e+01
   1.7000000e+02   1.3561862e+01
   1.8000000e+02   1.4296282e+01
   1.9000000e+02   1.4898559e+01
   2.0000000e+02   1.5632759e+01
   2.1000000e+02   1.6442152e+01
   2.2000000e+02   1.6978752e+01
   2.3000000e+02   1.7336997e+01
   2.4000000e+02   1.8251908e+01
   2.5000000e+02   1.8433897e+01
   2.6000000e+02   1.9330840e+01
   2.7000000e+02   2.0075820e+01
   2.8000000e+02   2.0159898e+01
   2.9000000e+02   2.1059004e+01
   3.0000000e+02   2.1295348e+01
   3.1000000e+02   2.1712312e+01
   3.2000000e+02   2.2158924e+01
   3.3000000e+02   2.2770598e+01
   3.4000000e+02   2.3498397e+01
   3.5000000e+02   2.4022129e+01
   3.6000000e+02   2.4115544e+01
   3.7000000e+02   2.4839257e+01
   3.8000000e+02   2.4727934e+01
   3.9000000e+02   2.5169443e+01
   4.0000000e+02   2.6002568e+01
   4.1000000e+02   2.6123007e+01
   4.2000000e+02   2.6630305e+01
   4.3000000e+02   2.7298773e+01
   4.4000000e+02   2.7406558e+01
   4.5000000e+02   2.7933575e+01
   4.6000000e+02   2.8090214e+01
   4.7000000e+02   2.8808792e+01
   4.8000000e+02   2.9020569e+01
   4.9000000e+02   2.9579202e+01
   5.0000000e+02   2.9625334e+01
   5.1000000e+02   2.9776552e+01
   5.2000000e+02   3.0401474e+01
   5.3000000e+02   3.0882043e+01
   5.4000000e+02   3.0773427e+01
   5.5000000e+02   3.1135705e+01
   5.6000000e+02   3.1322641e+01
   5.7000000e+02   3.2102291e+01
   5.8000000e+02   3.2029838e+01
   5.9000000e+02   3.2531863e+01
   6.0000000e+02   3.2601515e+01
   6.1000000e+02   3.2807281e+01
   6.2000000e+02   3.3081883e+01
   6.3000000e+02   3.3340751e+01
   6.4000000e+02   3.3323606e+01
   6.5000000e+02   3.4207034e+01
   6.6000000e+02   3.3985307e+01
   6.7000000e+02   3.4093778e+01
   6.8000000e+02   3.4544065e+01
   6.9000000e+02   3.5304193e+01
   7.0000000e+02   3.4906992e+01
   7.1000000e+02   3.5505287e+01
   7.2000000e+02   3.5143184e+01
   7.3000000e+02   3.5871472e+01
   7.4000000e+02   3.5772341e+01
   7.5000000e+02   3.6353365e+01
   7.6000000e+02   3.6014861e+01
   7.7000000e+02   3.6737360e+01
   7.8000000e+02   3.6323605e+01
   7.9000000e+02   3.7091909e+01
   8.0000000e+02   3.6686681e+01
   8.1000000e+02   3.7157620e+01
   8.2000000e+02   3.7437301e+01
   8.3000000e+02   3.7128200e+01
   8.4000000e+02   3.7770352e+01
   8.5000000e+02   3.7462104e+01
   8.6000000e+02   3.7569693e+01
   8.7000000e+02   3.8197930e+01
   8.8000000e+02   3.8028129e+01
   8.9000000e+02   3.7892392e+01
   9.0000000e+02   3.8674174e+01
   9.1000000e+02   3.8774505e+01
   9.2000000e+02   3.8347177e+01
   9.3000000e+02   3.8975140e+01
   9.4000000e+02   3.9203789e+01
   9.5000000e+02   3.8830401e+01
   9.6000000e+02   3.9138252e+01
   9.7000000e+02   3.9652170e+01
   9.8000000e+02   3.9353395e+01
   9.9000000e+02   3.9476806e+01
   1.0000000e+03   3.9778386e+01
   1.0100000e+03   4.0172019e+01
   1.0200000e+03   4.0240979e+01
   1.0300000e+03   3.9951730e+01
   1.0400000e+03   4.0042592e+01
   1.0500000e+03   4.0507580e+01
   1.0600000e+03   4.0740839e+01
   1.0700000e+03   4.0532091e+01
   1.0800000e+03   4.0392112e+01
   1.0900000e+03   4.0506516e+01
   1.1000000e+03   4.1024788e+01
   1.1100000e+03   4.1275657e+01
   1.1200000e+03  -2.6318466e+02
   1.1300000e+03  -2.6318466e+02
   1.1400000e+03  -2.6318466e+02
   1.1500000e+03  -2.6318466e+02
   1.1600000e+03  -2.6318466e+02
   1.1700000e+03  -2.6318466e+02
   1.1800000e+03  -2.6318466e+02
   1.1900000e+03  -2.6318466e+02
   1.2000000e+03  -2.6318466e+02
   1.2100000e+03  -2.6318466e+02
   1.2200000e+03  -2.6318466e+02
   1.2300000e+03  -2.6318466e+02
   1.2400000e+03  -2.6318466e+02
   1.2500000e+03  -2.6318466e+02
   1.2600000e+03  -2.6318466e+02
   1.2700000e+03  -2.6318466e+02
   1.2800000e+03  -2.6318466e+02
   1.2900000e+03  -2.6318466e+02
   1.3000000e+03  -2.6318466e+02
   1.3100000e+03  -2.6318466e+02
   1.3200000e+03  -2.6318466e+02
   1.3300000e+03  -2.6318466e+02
   1.3400000e+03  -2.6318466e+02
   1.3500000e+03  -2.6318466e+02
   1.3600000e+03  -2.6318466e+02
   1.3700000e+03  -2.6318466e+02
   1.3800000e+03  -2.6318466e+02
   1.3900000e+03  -2.6318466e+02
   1.4000000e+03  -2.6318466e+02
   1.4100000e+03  -2.6318466e+02
   1.4200000e+03  -2.6318466e+02
   1.4300000e+03  -2.6318466e+02
   1.4400000e+03  -2.6318466e+02
   1.4500000e+03  -2.6318466e+02
   1.4600000e+03  -2.6318466e+02
   1.4700000e+03  -2.6318466e+02
   1.4800000e+03  -2.6318466e+02
   1.4900000e+03  -2.6318466e+02
   1.5000000e+03  -2.6318466e+02
   1.5100000e+03  -2.6318466e+02
   1.5200000e+03  -2.6318466e+02
   1.5300000e+03  -2.6318466e+02
   1.5400000e+03  -2.6318466e+02
   1.5500000e+03  -2.6318466e+02
   1.5600000e+03  -2.6318466e+02
   1.5700000e+03  -2.6318466e+02
   1.5800000e+03  -2.6318466e+02
   1.5900000e+03  -2.6318466e+02
   1.6000000e+03  -2.6318466e+02
   1.6100000e+03  -2.6318466e+02
   1.6200000e+03  -2.6318466e+02
   1.6300000e+03  -2.6318466e+02
   1.6400000e+03  -2.6318466e+02
   1.6500000e+03  -2.6318466e+02
   1.6600000e+03  -2.6318466e+02
   1.6700000e+03  -2.6318466e+02
   1.6800000e+03  -2.6318466e+02
   1.6900000e+03  -2.6318466e+02
   1.7000000e+03  -2.6318466e+02
   1.7100000e+03  -2.6318466e+02
   1.7200000e+03  -2.6318466e+02
   1.7300000e+03  -2.6318466e+02
   1.7400000e+03  -2.6318466e+02
   1.7500000e+03  -2.6318466e+02
   1.7600000e+03  -2.6318466e+02
   1.7700000e+03  -2.6318466e+02
   1.7800000e+03  -2.6318466e+02
   1.7900000e+03  -2.6318466e+02
   1.8000000e+03  -2.6318466e+02
   1.8100000e+03  -2.6318466e+02
   1.8200000e+03  -2.6318466e+02
   1.8300000e+03  -2.6318466e+02
   1.8400000e+03  -2.6318466e+02
   1.8500000e+03  -2.6318466e+02
   1.8600000e+03  -2.6318466e+02
   1.8700000e+03  -2.6318466e+02
   1.8800000e+03  -2.6318466e+02
   1.8900000e+03  -2.6318466e+02
   1.9000000e+03  -2.6318466e+02
   1.9100000e+03  -2.6318466e+02
   1.9200000e+03  -2.6318466e+02
   1.9300000e+03  -2.6318466e+02
   1.9400000e+03  -2.6318466e+02
   1.9500000e+03  -2.6318466e+02
   1.9600000e+03  -2.6318466e+02
   1.9700000e+03  -2.6318466e+02
   1.9800000e+03  -2.6318466e+02
   1.9900000e+03  -2.6318466e+02
   2.0000000e+03  -2.6318466e+02
   2.0100000e+03  -2.6318466e+02
   2.0200000e+03  -2.6318466e+02
   2.0300000e+03  -2.6318466e+02
   2.0400000e+03  -2.6318466e+02
   2.0500000e+03  -2.6318466e+02
   2.0600000e+03  -2.6318466e+02
   2.0700000e+03  -2.6318466e+02
   2.0800000e+03  -2.6318466e+02
   2.0900000e+03  -2.6318466e+02
   2.1000000e+03  -2.6318466e+02
   2.1100000e+03  -2.6318466e+02
   2.1200000e+03  -2.6318466e+02
   2.1300000e+03  -2.6318466e+02
   2.1400000e+03  -2.6318466e+02
   2.1500000e+03  -2.6318466e+02
   2.1600000e+03  -2.6318466e+02
   2.1700000e+03  -2.6318466e+02
   2.1800000e+03  -2.6318466e+02
   2.1900000e+03  -2.6318466e+02
   2.2000000e+03  -2.6318466e+02
   2.2100000e+03  -2.6318466e+02
   2.2200000e+03  -2.6318466e+02
   2.2300000e+03  -2.6318466e+02
   2.2400000e+03  -2.6318466e+02
   2.2500000e+03  -2.6318466e+02
   2.2600000e+03  -2.6318466e+02
   2.2700000e+03  -2.6318466e+02
   2.2800000e+03  -2.6318466e+02
   2.2900000e+03  -2.6318466e+02
   2.3000000e+03  -2.6318466e+02
   2.3100000e+03  -2.6318466e+02
   2.3200000e+03  -2.6318466e+02
   2.3300000e+03  -2.6318466e+02
   2.3400000e+03  -2.6318466e+02
   2.3500000e+03  -2.6318466e+02
   2.3600000e+03  -2.6318466e+02
   2.3700000e+03  -2.6318466e+02
   2.3800000e+03  -2.6318466e+02
   2.3900000e+03  -2.6318466e+02
   2.4000000e+03  -2.6318466e+02
   2.4100000e+03  -2.6318466e+02
   2.4200000e+03  -2.6318466e+02
   2.4300000e+03  -2.6318466e+02
   2.4400000e+03  -2.6318466e+02
   2.4500000e+03  -2.6318466e+02
   2.4600000e+03  -2.6318466e+02
   2.4700000e+03  -2.6318466e+02
   2.4800000e+03  -2.6318466e+02
   2.4900000e+03  -2.6318466e+02
   2.5000000e+03  -2.6318466e+02
   2.5100000e+03  -2.6318466e+02
   2.5200000e+03  -2.6318466e+02
   2.5300000e+03  -2.6318466e+02
   2.5400000e+03  -2.6318466e+02
   2.5500000e+03  -2.6318466e+02
   2.5600000e+03  -2.6318466e+02
   2.5700000e+03  -2.6318466e+02
   2.5800000e+03  -2.6318466e+02
   2.5900000e+03  -2.6318466e+02
   2.6000000e+03  -2.6318466e+02
   2.6100000e+03  -2.6318466e+02
   2.6200000e+03  -2.6318466e+02
   2.6300000e+03  -2.6318466e+02
   2.6400000e+03  -2.6318466e+02
   2.6500000e+03  -2.6318466e+02
   2.6600000e+03  -2.6318466e+02
   2.6700000e+03  -2.6318466e+02
   2.6800000e+03  -2.6318466e+02
   2.6900000e+03  -2.6318466e+02
   2.7000000e+03  -2.6318466e+02
   2.7100000e+03  -2.6318466e+02
   2.7200000e+03  -2.6318466e+02
   2.7300000e+03  -2.6318466e+02
   2.7400000e+03  -2.6318466e+02
   2.7500000e+03  -2.6318466e+02
   2.7600000e+03  -2.6318466e+02
   2.7700000e+03  -2.6318466e+02
   2.7800000e+03  -2.6318466e+02
   2.7900000e+03  -2.6318466e+02
   2.8000000e+03  -2.6318466e+02
   2.8100000e+03  -2.6318466e+02
   2.8200000e+03  -2.6318466e+02
   2.8300000e+03  -2.6318466e+02
   2.8400000e+03  -2.6318466e+02
   2.8500000e+03  -2.6318466e+02
   2.8600000e+03  -2.6318466e+02
   2.8700000e+03  -2.6318466e+02
   2.8800000e+03  -2.6318466e+02
   2.8900000e+03  -2.6318466e+02
   2.9000000e+03  -2.6318466e+02
   2.9100000e+03  -2.6318466e+02
   2.9200000e+03  -2.6318466e+02
   2.9300000e+03  -2.6318466e+02
   2.9400000e+03  -2.6318466e+02
   2.9500000e+03  -2.6318466e+02
   2.9600000e+03  -2.6318466e+02
   2.9700000e+03  -2.6318466e+02
   2.9800000e+03  -2.6318466e+02
   2.9900000e+03  -2.6318466e+02
   3.0000000e+03  -2.6318466e+02
   3.0100000e+03  -2.6318466e+02
   3.0200000e+03  -2.6318466e+02
   3.0300000e+03  -2.6318466e+02
   3.0400000e+03  -2.6318466e+02
   3.0500000e+03  -2.6318466e+02
   3.0600000e+03  -2.6318466e+02
   3.0700000e+03  -2.6318466e+02
   3.0800000e+03  -2.6318466e+02
   3.0900000e+03  -2.6318466e+02
   3.1000000e+03  -2.6318466e+02
   3.1100000e+03  -2.6318466e+02
   3.1200000e+03  -2.6318466e+02
   3.1300000e+03  -2.6318466e+02
   3.1400000e+03  -2.6318466e+02
   3.1500000e+03  -2.6318466e+02
   3.1600000e+03  -2.6318466e+02
   3.1700000e+03  -2.6318466e+02
   3.1800000e+03  -2.6318466e+02
   3.1900000e+03  -2.6318466e+02
   3.2000000e+03  -2.6318466e+02
   3.2100000e+03  -2.6318466e+02
   3.2200000e+03  -2.6318466e+02
   3.2300000e+03  -2.6318466e+02
   3.2400000e+03  -2.6318466e+02
   3.2500000e+03  -2.6318466e+02
   3.2600000e+03  -2.6318466e+02
   3.2700000e+03  -2.6318466e+02
   3.2800000e+03  -2.6318466e+02
   3.2900000e+03  -2.6318466e+02
   3.3000000e+03  -2.6318466e+02
   3.3100000e+03  -2.6318466e+02
   3.3200000e+03  -2.6318466e+02
   3.3300000e+03  -2.6318466e+02
   3.3400000e+03  -2.6318466e+02
   3.3500000e+03  -2.6318466e+02
   3.3600000e+03  -2.6318466e+02
   3.3700000e+03  -2.6318466e+02
   3.3800000e+03  -2.6318466e+02
   3.3900000e+03  -2.6318466e+02
   3.4000000e+03  -2.6318466e+02
   3.4100000e+03  -2.6318466e+02
   3.4200000e+03  -2.6318466e+02
   3.4300000e+03  -2.6318466e+02
   3.4400000e+03  -2.6318466e+02
   3.4500000e+03  -2.6318466e+02
   3.4600000e+03  -2.6318466e+02
   3.4700000e+03  -2.6318466e+02
   3.4800000e+03  -2.6318466e+02
   3.4900000e+03  -2.6318466e+02
