   0.0000000e+00   2.0443753e+01
   1.0000000e+01   2.0449210e+01
   2.0000000e+01   2.0446857e+01
   3.0000000e+01   2.0477697e+01
   4.0000000e+01   2.0593174e+01
   5.0000000e+01   2.0762561e+01
   6.0000000e+01   2.1025764e+01
   7.0000000e+01   2.1319545e+01
   8.0000000e+01   2.1674507e+01
   9.0000000e+01   2.2019376e+01
   1.0000000e+02   2.2418652e+01
   1.1000000e+02   2.2815013e+01
   1.2000000e+02   2.3183600e+01
   1.3000000e+02   2.3595459e+01
   1.4000000e+02   2.3959324e+01
   1.5000000e+02   2.4320709e+01
   1.6000000e+02   2.4706162e+01
   1.7000000e+02   2.5053462e+01
   1.8000000e+02   2.5377632e+01
   1.9000000e+02   2.5706929e+01
   2.0000000e+02   2.6022979e+01
   2.1000000e+02   2.6288829e+01
   2.2000000e+02   2.6672826e+01
   2.3000000e+02   2.6880098e+01
   2.4000000e+02   2.7174522e+01
   2.5000000e+02   2.7388741e+01
   2.6000000e+02   2.7666305e+01
   2.7000000e+02   2.7924450e+01
   2.8000000e+02   2.8121716e+01
   2.9000000e+02   2.8370055e+01
   3.0000000e+02   2.8643429e+01
   3.1000000e+02   2.8760822e+01
   3.2000000e+02   2.8982074e+01
   3.3000000e+02   2.9196732e+01
   3.4000000e+02   2.9390570e+01
   3.5000000e+02   2.9536960e+01
   3.6000000e+02   2.9737128e+01
   3.7000000e+02   2.9955178e+01
   3.8000000e+02   3.0083125e+01
   3.9000000e+02   3.0264165e+01
   4.0000000e+02   3.0411007e+01
   4.1000000e+02   3.0516488e+01
   4.2000000e+02   3.0686811e+01
   4.3000000e+02   3.0747097e+01
   4.4000000e+02   3.1090966e+01
   4.5000000e+02   3.1194939e+01
   4.6000000e+02   3.1287055e+01
   4.7000000e+02   3.1449229e+01
   4.8000000e+02   3.1531963e+01
   4.9000000e+02   3.1672465e+01
   5.0000000e+02   3.1751387e+01
   5.1000000e+02   3.1868002e+01
   5.2000000e+02   3.1960671e+01
   5.3000000e+02   3.1938737e+01
   5.4000000e+02   3.2143987e+01
   5.5000000e+02   3.2259070e+01
   5.6000000e+02   3.2272778e+01
   5.7000000e+02   3.2406972e+01
   5.8000000e+02   3.2506325e+01
   5.9000000e+02   3.2530234e+01
   6.0000000e+02   3.2672474e+01
   6.1000000e+02   3.2766242e+01
   6.2000000e+02   3.2810319e+01
   6.3000000e+02   3.2981417e+01
   6.4000000e+02   3.2910587e+01
   6.5000000e+02   3.3032529e+01
   6.6000000e+02   3.3127767e+01
   6.7000000e+02   3.3105945e+01
   6.8000000e+02   3.3307014e+01
   6.9000000e+02   3.3417852e+01
   7.0000000e+02   3.3564359e+01
   7.1000000e+02   3.3653398e+01
   7.2000000e+02   3.3700285e+01
   7.3000000e+02   3.3930216e+01
   7.4000000e+02   3.4020915e+01
   7.5000000e+02   3.4094926e+01
   7.6000000e+02   3.4367159e+01
   7.7000000e+02   3.4479146e+01
   7.8000000e+02   3.4670831e+01
   7.9000000e+02   3.4776261e+01
   8.0000000e+02   3.4758158e+01
   8.1000000e+02   3.5115129e+01
   8.2000000e+02   3.5184305e+01
   8.3000000e+02   3.5332019e+01
   8.4000000e+02   3.5491462e+01
   8.5000000e+02   3.5698594e+01
   8.6000000e+02   3.5829431e+01
   8.7000000e+02   3.5792443e+01
   8.8000000e+02   3.5787828e+01
   8.9000000e+02   3.5973126e+01
   9.0000000e+02   3.6085999e+01
   9.1000000e+02   3.6093952e+01
   9.2000000e+02   3.6299511e+01
   9.3000000e+02   3.6283196e+01
   9.4000000e+02   3.6451146e+01
   9.5000000e+02   3.6469568e+01
   9.6000000e+02   3.6549307e+01
   9.7000000e+02   3.6624653e+01
   9.8000000e+02   3.6706621e+01
   9.9000000e+02   3.6793020e+01
   1.0000000e+03   3.6821562e+01
   1.0100000e+03   3.7019587e+01
   1.0200000e+03   3.6966083e+01
   1.0300000e+03   3.6997004e+01
   1.0400000e+03   3.7205309e+01
   1.0500000e+03   3.7280128e+01
   1.0600000e+03   3.7260026e+01
   1.0700000e+03   3.7219642e+01
   1.0800000e+03   3.7410601e+01
   1.0900000e+03   3.7447080e+01
   1.1000000e+03   3.7574174e+01
   1.1100000e+03   3.7586091e+01
   1.1200000e+03   3.7607607e+01
   1.1300000e+03   3.7776150e+01
   1.1400000e+03   3.7667709e+01
   1.1500000e+03   3.7812376e+01
   1.1600000e+03   3.7813605e+01
   1.1700000e+03   3.7959835e+01
   1.1800000e+03   3.8144147e+01
   1.1900000e+03   3.7994232e+01
   1.2000000e+03   3.8123503e+01
   1.2100000e+03   3.8164072e+01
   1.2200000e+03   3.8291793e+01
   1.2300000e+03   3.8166239e+01
   1.2400000e+03   3.8154277e+01
   1.2500000e+03   3.8277681e+01
   1.2600000e+03   3.8447741e+01
   1.2700000e+03   3.8331683e+01
   1.2800000e+03   3.8582489e+01
   1.2900000e+03   3.8372233e+01
   1.3000000e+03   3.8588819e+01
   1.3100000e+03   3.8517280e+01
   1.3200000e+03   3.8506249e+01
   1.3300000e+03   3.8578704e+01
   1.3400000e+03   3.8700242e+01
   1.3500000e+03   3.8484945e+01
   1.3600000e+03   3.8693095e+01
   1.3700000e+03   3.8545911e+01
   1.3800000e+03   3.8673764e+01
   1.3900000e+03   3.8581063e+01
   1.4000000e+03   3.8698072e+01
   1.4100000e+03   3.8693444e+01
   1.4200000e+03   3.8761901e+01
   1.4300000e+03   3.8645561e+01
   1.4400000e+03   3.8786321e+01
   1.4500000e+03   3.8780960e+01
   1.4600000e+03   3.8821697e+01
   1.4700000e+03   3.8954289e+01
   1.4800000e+03   3.8929221e+01
   1.4900000e+03   3.8991201e+01
   1.5000000e+03   3.9013274e+01
   1.5100000e+03   3.9083418e+01
   1.5200000e+03   3.9060805e+01
   1.5300000e+03   3.9099975e+01
   1.5400000e+03   3.9203272e+01
   1.5500000e+03   3.9216453e+01
   1.5600000e+03   3.9161840e+01
   1.5700000e+03   3.9107350e+01
   1.5800000e+03   3.9240821e+01
   1.5900000e+03   3.9269252e+01
   1.6000000e+03   3.9293533e+01
   1.6100000e+03   3.9333418e+01
   1.6200000e+03   3.9331498e+01
   1.6300000e+03   3.9311080e+01
   1.6400000e+03   3.9398137e+01
   1.6500000e+03   3.9449280e+01
   1.6600000e+03   3.9571999e+01
   1.6700000e+03   3.9525894e+01
   1.6800000e+03   3.9487700e+01
   1.6900000e+03   3.9628111e+01
   1.7000000e+03   3.9600501e+01
   1.7100000e+03   3.9655666e+01
   1.7200000e+03   3.9690047e+01
   1.7300000e+03   3.9690362e+01
   1.7400000e+03   3.9873022e+01
   1.7500000e+03   3.9812480e+01
   1.7600000e+03   3.9822246e+01
   1.7700000e+03   3.9929074e+01
   1.7800000e+03   3.9983905e+01
   1.7900000e+03   3.9852406e+01
   1.8000000e+03   3.9845440e+01
   1.8100000e+03   3.9901287e+01
   1.8200000e+03   3.9892970e+01
   1.8300000e+03   4.0063484e+01
   1.8400000e+03   3.9972904e+01
   1.8500000e+03   4.0011651e+01
   1.8600000e+03   4.0001820e+01
   1.8700000e+03   4.0050511e+01
   1.8800000e+03   4.0008712e+01
   1.8900000e+03   4.0098988e+01
   1.9000000e+03   4.0107028e+01
   1.9100000e+03   4.0051571e+01
   1.9200000e+03   4.0073535e+01
   1.9300000e+03   4.0055935e+01
   1.9400000e+03   4.0094893e+01
   1.9500000e+03   4.0125332e+01
   1.9600000e+03   4.0132105e+01
   1.9700000e+03   4.0255938e+01
   1.9800000e+03   4.0281823e+01
   1.9900000e+03   4.0244212e+01
   2.0000000e+03   4.0345039e+01
   2.0100000e+03   4.0365943e+01
   2.0200000e+03   4.0451019e+01
   2.0300000e+03   4.0336489e+01
   2.0400000e+03   4.0358645e+01
   2.0500000e+03   4.0357431e+01
   2.0600000e+03   4.0333138e+01
   2.0700000e+03   4.0267823e+01
   2.0800000e+03   4.0220359e+01
   2.0900000e+03   4.0347609e+01
   2.1000000e+03   4.0355115e+01
   2.1100000e+03   4.0510365e+01
   2.1200000e+03   4.0355938e+01
   2.1300000e+03   4.0409075e+01
   2.1400000e+03   4.0503186e+01
   2.1500000e+03   4.0484105e+01
   2.1600000e+03   4.0427129e+01
   2.1700000e+03   4.0491005e+01
   2.1800000e+03   4.0505424e+01
   2.1900000e+03   4.0475114e+01
   2.2000000e+03   4.0501921e+01
   2.2100000e+03   4.0513961e+01
   2.2200000e+03   4.0522641e+01
   2.2300000e+03   4.0568836e+01
   2.2400000e+03   4.0650457e+01
   2.2500000e+03   4.0611726e+01
   2.2600000e+03   4.0649392e+01
   2.2700000e+03   4.0803305e+01
   2.2800000e+03   4.0673534e+01
   2.2900000e+03   4.0739345e+01
   2.3000000e+03   4.0741956e+01
   2.3100000e+03   4.0723037e+01
   2.3200000e+03   4.0743153e+01
   2.3300000e+03   4.0801547e+01
   2.3400000e+03   4.0713466e+01
   2.3500000e+03   4.0777146e+01
   2.3600000e+03   4.0755758e+01
   2.3700000e+03   4.0656772e+01
   2.3800000e+03   4.0797235e+01
   2.3900000e+03   4.0717141e+01
   2.4000000e+03   4.0806762e+01
   2.4100000e+03   4.0743665e+01
   2.4200000e+03   4.0801159e+01
   2.4300000e+03   4.0792240e+01
   2.4400000e+03   4.0825818e+01
   2.4500000e+03   4.0804844e+01
   2.4600000e+03   4.0777215e+01
   2.4700000e+03   4.0733168e+01
   2.4800000e+03   4.0721112e+01
   2.4900000e+03   4.0696325e+01
   2.5000000e+03   4.0733750e+01
   2.5100000e+03   4.0712123e+01
   2.5200000e+03   4.0862822e+01
   2.5300000e+03   4.0946229e+01
   2.5400000e+03   4.0921761e+01
   2.5500000e+03   4.1029793e+01
   2.5600000e+03   4.0847035e+01
   2.5700000e+03   4.0945566e+01
   2.5800000e+03   4.0965553e+01
   2.5900000e+03   4.1063682e+01
   2.6000000e+03   4.1016474e+01
   2.6100000e+03   4.1010920e+01
   2.6200000e+03   4.1127805e+01
   2.6300000e+03   4.0983522e+01
   2.6400000e+03   4.1035172e+01
   2.6500000e+03   4.1078525e+01
   2.6600000e+03   4.1115599e+01
   2.6700000e+03   4.1108132e+01
   2.6800000e+03   4.1068143e+01
   2.6900000e+03   4.1167722e+01
   2.7000000e+03   4.1082261e+01
   2.7100000e+03   4.1115423e+01
   2.7200000e+03   4.1214153e+01
   2.7300000e+03   4.1069537e+01
   2.7400000e+03   4.1124960e+01
   2.7500000e+03   4.1155143e+01
   2.7600000e+03   4.1106157e+01
   2.7700000e+03   4.1180199e+01
   2.7800000e+03   4.1213208e+01
   2.7900000e+03   4.1083945e+01
   2.8000000e+03   4.1117310e+01
   2.8100000e+03   4.1188963e+01
   2.8200000e+03   4.1269637e+01
   2.8300000e+03   4.1198439e+01
   2.8400000e+03   4.1174541e+01
   2.8500000e+03   4.1112656e+01
   2.8600000e+03   4.1179454e+01
   2.8700000e+03   4.1142430e+01
   2.8800000e+03   4.1212437e+01
   2.8900000e+03   4.1152568e+01
   2.9000000e+03   4.1213093e+01
   2.9100000e+03   4.1228525e+01
   2.9200000e+03   4.1282759e+01
   2.9300000e+03   4.1259967e+01
   2.9400000e+03   4.1288686e+01
   2.9500000e+03   4.1274145e+01
   2.9600000e+03   4.1312442e+01
   2.9700000e+03   4.1407332e+01
   2.9800000e+03   4.1360136e+01
   2.9900000e+03   4.1314174e+01
   3.0000000e+03   4.1326289e+01
   3.0100000e+03   4.1458664e+01
   3.0200000e+03   4.1348916e+01
   3.0300000e+03   4.1281964e+01
   3.0400000e+03   4.1397054e+01
   3.0500000e+03   4.1346111e+01
   3.0600000e+03   4.1357308e+01
   3.0700000e+03   4.1454431e+01
   3.0800000e+03   4.1424467e+01
   3.0900000e+03   4.1374509e+01
   3.1000000e+03   4.1469888e+01
   3.1100000e+03   4.1530668e+01
   3.1200000e+03   4.1451649e+01
   3.1300000e+03   4.1432137e+01
   3.1400000e+03   4.1442726e+01
   3.1500000e+03   4.1389564e+01
   3.1600000e+03   4.1406163e+01
   3.1700000e+03   4.1280635e+01
   3.1800000e+03   4.1442755e+01
   3.1900000e+03   4.1429707e+01
   3.2000000e+03   4.1364781e+01
   3.2100000e+03   4.1352537e+01
   3.2200000e+03   4.1430718e+01
   3.2300000e+03   4.1404692e+01
   3.2400000e+03   4.1386997e+01
   3.2500000e+03   4.1363535e+01
   3.2600000e+03   4.1477078e+01
   3.2700000e+03   4.1415614e+01
   3.2800000e+03   4.1413102e+01
   3.2900000e+03   4.1407523e+01
   3.3000000e+03   4.1506482e+01
   3.3100000e+03   4.1485933e+01
   3.3200000e+03   4.1511351e+01
   3.3300000e+03   4.1523328e+01
   3.3400000e+03   4.1584042e+01
   3.3500000e+03   4.1571509e+01
   3.3600000e+03   4.1562369e+01
   3.3700000e+03   4.1495530e+01
   3.3800000e+03   4.1449502e+01
   3.3900000e+03   4.1591987e+01
   3.4000000e+03   4.1482662e+01
   3.4100000e+03   4.1467382e+01
   3.4200000e+03   4.1357905e+01
   3.4300000e+03   4.1408938e+01
   3.4400000e+03   4.1516698e+01
   3.4500000e+03   4.1488986e+01
   3.4600000e+03   4.1508548e+01
   3.4700000e+03   4.1504990e+01
   3.4800000e+03   4.1540138e+01
   3.4900000e+03   4.1584044e+01
