   0.0000000e+00   2.1301248e+01
   1.0000000e+01   2.1316420e+01
   2.0000000e+01   2.1307126e+01
   3.0000000e+01   2.1327530e+01
   4.0000000e+01   2.1346197e+01
   5.0000000e+01   2.1374789e+01
   6.0000000e+01   2.1438410e+01
   7.0000000e+01   2.1478516e+01
   8.0000000e+01   2.1538700e+01
   9.0000000e+01   2.1593983e+01
   1.0000000e+02   2.1635099e+01
   1.1000000e+02   2.1678296e+01
   1.2000000e+02   2.1717880e+01
   1.3000000e+02   2.1756512e+01
   1.4000000e+02   2.1808971e+01
   1.5000000e+02   2.1851892e+01
   1.6000000e+02   2.1884827e+01
   1.7000000e+02   2.1923119e+01
   1.8000000e+02   2.1936007e+01
   1.9000000e+02   2.1963620e+01
   2.0000000e+02   2.1989138e+01
   2.1000000e+02   2.1995344e+01
   2.2000000e+02   2.2036074e+01
   2.3000000e+02   2.2063621e+01
   2.4000000e+02   2.2088340e+01
   2.5000000e+02   2.2111633e+01
   2.6000000e+02   2.2134116e+01
   2.7000000e+02   2.2161429e+01
   2.8000000e+02   2.2189332e+01
   2.9000000e+02   2.2199262e+01
   3.0000000e+02   2.2218712e+01
   3.1000000e+02   2.2253332e+01
   3.2000000e+02   2.2305524e+01
   3.3000000e+02   2.2313436e+01
   3.4000000e+02   2.2311073e+01
   3.5000000e+02   2.2322710e+01
   3.6000000e+02   2.2345742e+01
   3.7000000e+02   2.2369017e+01
   3.8000000e+02   2.2392214e+01
   3.9000000e+02   2.2418969e+01
   4.0000000e+02   2.2430490e+01
   4.1000000e+02   2.2456306e+01
   4.2000000e+02   2.2482969e+01
   4.3000000e+02   2.2495632e+01
   4.4000000e+02   2.2519713e+01
   4.5000000e+02   2.2538990e+01
   4.6000000e+02   2.2522974e+01
   4.7000000e+02   2.2533916e+01
   4.8000000e+02   2.2539207e+01
   4.9000000e+02   2.2561387e+01
   5.0000000e+02   2.2562851e+01
   5.1000000e+02   2.2572059e+01
   5.2000000e+02   2.2568451e+01
   5.3000000e+02   2.2584003e+01
   5.4000000e+02   2.2607299e+01
   5.5000000e+02   2.2618703e+01
   5.6000000e+02   2.2642705e+01
   5.7000000e+02   2.2647521e+01
   5.8000000e+02   2.2680524e+01
   5.9000000e+02   2.2676453e+01
   6.0000000e+02   2.2680409e+01
   6.1000000e+02   2.2710572e+01
   6.2000000e+02   2.2711149e+01
   6.3000000e+02   2.2707528e+01
   6.4000000e+02   2.2732400e+01
   6.5000000e+02   2.2737638e+01
   6.6000000e+02   2.2757990e+01
   6.7000000e+02   2.2746819e+01
   6.8000000e+02   2.2746241e+01
   6.9000000e+02   2.2765502e+01
   7.0000000e+02   2.2761175e+01
   7.1000000e+02   2.2758903e+01
   7.2000000e+02   2.2744330e+01
   7.3000000e+02   2.2738360e+01
   7.4000000e+02   2.2718382e+01
   7.5000000e+02   2.2742563e+01
   7.6000000e+02   2.2742463e+01
   7.7000000e+02   2.2764153e+01
   7.8000000e+02   2.2776996e+01
   7.9000000e+02   2.2766663e+01
   8.0000000e+02   2.2778633e+01
   8.1000000e+02   2.2805715e+01
   8.2000000e+02   2.2820689e+01
   8.3000000e+02   2.2860813e+01
   8.4000000e+02   2.2880933e+01
   8.5000000e+02   2.2872615e+01
   8.6000000e+02   2.2887176e+01
   8.7000000e+02   2.2911211e+01
   8.8000000e+02   2.2905384e+01
   8.9000000e+02   2.2910148e+01
   9.0000000e+02   2.2944915e+01
   9.1000000e+02   2.2951349e+01
   9.2000000e+02   2.2972290e+01
   9.3000000e+02   2.2959468e+01
   9.4000000e+02   2.2997817e+01
   9.5000000e+02   2.2995213e+01
   9.6000000e+02   2.3018888e+01
   9.7000000e+02   2.3030957e+01
   9.8000000e+02   2.3028944e+01
   9.9000000e+02   2.3026340e+01
   1.0000000e+03   2.3024982e+01
   1.0100000e+03   2.3031725e+01
   1.0200000e+03   2.3050074e+01
   1.0300000e+03   2.3072850e+01
   1.0400000e+03   2.3096280e+01
   1.0500000e+03   2.3122416e+01
   1.0600000e+03   2.3112675e+01
   1.0700000e+03   2.3117041e+01
   1.0800000e+03   2.3112999e+01
   1.0900000e+03   2.3129867e+01
   1.1000000e+03   2.3138301e+01
   1.1100000e+03   2.3169556e+01
   1.1200000e+03   2.3193673e+01
   1.1300000e+03   2.3204173e+01
   1.1400000e+03   2.3197987e+01
   1.1500000e+03   2.3202082e+01
   1.1600000e+03   2.3201710e+01
   1.1700000e+03   2.3225891e+01
   1.1800000e+03   2.3220321e+01
   1.1900000e+03   2.3222645e+01
   1.2000000e+03   2.3228729e+01
   1.2100000e+03   2.3249766e+01
   1.2200000e+03   2.3276244e+01
   1.2300000e+03   2.3285461e+01
   1.2400000e+03   2.3283265e+01
   1.2500000e+03   2.3284342e+01
   1.2600000e+03   2.3256055e+01
   1.2700000e+03   2.3249702e+01
   1.2800000e+03   2.3269596e+01
   1.2900000e+03   2.3276271e+01
   1.3000000e+03   2.3276940e+01
   1.3100000e+03   2.3274375e+01
   1.3200000e+03   2.3275893e+01
   1.3300000e+03   2.3291399e+01
   1.3400000e+03   2.3296637e+01
   1.3500000e+03   2.3304184e+01
   1.3600000e+03   2.3332124e+01
   1.3700000e+03   2.3343611e+01
   1.3800000e+03   2.3322448e+01
   1.3900000e+03   2.3325671e+01
   1.4000000e+03   2.3341793e+01
   1.4100000e+03   2.3338946e+01
   1.4200000e+03   2.3356645e+01
   1.4300000e+03   2.3343044e+01
   1.4400000e+03   2.3320664e+01
   1.4500000e+03   2.3357731e+01
   1.4600000e+03   2.3394667e+01
   1.4700000e+03   2.3413457e+01
   1.4800000e+03   2.3391258e+01
   1.4900000e+03   2.3404940e+01
   1.5000000e+03   2.3433109e+01
   1.5100000e+03   2.3423665e+01
   1.5200000e+03   2.3420586e+01
   1.5300000e+03   2.3438848e+01
   1.5400000e+03   2.3427250e+01
   1.5500000e+03   2.3422840e+01
   1.5600000e+03   2.3444338e+01
   1.5700000e+03   2.3477976e+01
   1.5800000e+03   2.3480135e+01
   1.5900000e+03   2.3479883e+01
   1.6000000e+03   2.3471032e+01
   1.6100000e+03   2.3459539e+01
   1.6200000e+03   2.3493622e+01
   1.6300000e+03   2.3509857e+01
   1.6400000e+03   2.3489650e+01
   1.6500000e+03   2.3488431e+01
   1.6600000e+03   2.3511362e+01
   1.6700000e+03   2.3521844e+01
   1.6800000e+03   2.3531582e+01
   1.6900000e+03   2.3542911e+01
   1.7000000e+03   2.3542832e+01
   1.7100000e+03   2.3554251e+01
   1.7200000e+03   2.3549425e+01
   1.7300000e+03   2.3591317e+01
   1.7400000e+03   2.3562650e+01
   1.7500000e+03   2.3581097e+01
   1.7600000e+03   2.3594706e+01
   1.7700000e+03   2.3597154e+01
   1.7800000e+03   2.3597395e+01
   1.7900000e+03   2.3613314e+01
   1.8000000e+03   2.3612017e+01
   1.8100000e+03   2.3619752e+01
   1.8200000e+03   2.3595604e+01
   1.8300000e+03   2.3583967e+01
   1.8400000e+03   2.3583223e+01
   1.8500000e+03   2.3595773e+01
   1.8600000e+03   2.3592027e+01
   1.8700000e+03   2.3608901e+01
   1.8800000e+03   2.3604105e+01
   1.8900000e+03   2.3622096e+01
   1.9000000e+03   2.3646425e+01
   1.9100000e+03   2.3630762e+01
   1.9200000e+03   2.3632048e+01
   1.9300000e+03   2.3638658e+01
   1.9400000e+03   2.3662741e+01
   1.9500000e+03   2.3670091e+01
   1.9600000e+03   2.3685050e+01
   1.9700000e+03   2.3678238e+01
   1.9800000e+03   2.3687435e+01
   1.9900000e+03   2.3687114e+01
   2.0000000e+03   2.3695515e+01
   2.0100000e+03   2.3723440e+01
   2.0200000e+03   2.3698536e+01
   2.0300000e+03   2.3709925e+01
   2.0400000e+03   2.3703328e+01
   2.0500000e+03   2.3687316e+01
   2.0600000e+03   2.3697747e+01
   2.0700000e+03   2.3685688e+01
   2.0800000e+03   2.3674670e+01
   2.0900000e+03   2.3698818e+01
   2.1000000e+03   2.3713599e+01
   2.1100000e+03   2.3708468e+01
   2.1200000e+03   2.3712126e+01
   2.1300000e+03   2.3712976e+01
   2.1400000e+03   2.3685935e+01
   2.1500000e+03   2.3696345e+01
   2.1600000e+03   2.3692977e+01
   2.1700000e+03   2.3716978e+01
   2.1800000e+03   2.3714072e+01
   2.1900000e+03   2.3693448e+01
   2.2000000e+03   2.3691117e+01
   2.2100000e+03   2.3681176e+01
   2.2200000e+03   2.3694611e+01
   2.2300000e+03   2.3696731e+01
   2.2400000e+03   2.3712901e+01
   2.2500000e+03   2.3730598e+01
   2.2600000e+03   2.3749690e+01
   2.2700000e+03   2.3746474e+01
   2.2800000e+03   2.3747195e+01
   2.2900000e+03   2.3786335e+01
   2.3000000e+03   2.3785986e+01
   2.3100000e+03   2.3808100e+01
   2.3200000e+03   2.3738940e+01
   2.3300000e+03   2.3726907e+01
   2.3400000e+03   2.3743883e+01
   2.3500000e+03   2.3753152e+01
   2.3600000e+03   2.3781995e+01
   2.3700000e+03   2.3819532e+01
   2.3800000e+03   2.3831748e+01
   2.3900000e+03   2.3820122e+01
   2.4000000e+03   2.3829187e+01
   2.4100000e+03   2.3847526e+01
   2.4200000e+03   2.3813336e+01
   2.4300000e+03   2.3821825e+01
   2.4400000e+03   2.3828688e+01
   2.4500000e+03   2.3858179e+01
   2.4600000e+03   2.3862440e+01
   2.4700000e+03   2.3856028e+01
   2.4800000e+03   2.3843782e+01
   2.4900000e+03   2.3850469e+01
   2.5000000e+03   2.3840225e+01
   2.5100000e+03   2.3853586e+01
   2.5200000e+03   2.3872973e+01
   2.5300000e+03   2.3899748e+01
   2.5400000e+03   2.3906525e+01
   2.5500000e+03   2.3910066e+01
   2.5600000e+03   2.3937516e+01
   2.5700000e+03   2.3953794e+01
   2.5800000e+03   2.3953550e+01
   2.5900000e+03   2.3932720e+01
   2.6000000e+03   2.3946637e+01
   2.6100000e+03   2.3954615e+01
   2.6200000e+03   2.3942457e+01
   2.6300000e+03   2.3990273e+01
   2.6400000e+03   2.4007418e+01
   2.6500000e+03   2.4007826e+01
   2.6600000e+03   2.4027251e+01
   2.6700000e+03   2.4029593e+01
   2.6800000e+03   2.4012747e+01
   2.6900000e+03   2.3989014e+01
   2.7000000e+03   2.4004465e+01
   2.7100000e+03   2.4033998e+01
   2.7200000e+03   2.4058811e+01
   2.7300000e+03   2.4082958e+01
   2.7400000e+03   2.4075083e+01
   2.7500000e+03   2.4068809e+01
   2.7600000e+03   2.4041438e+01
   2.7700000e+03   2.4041860e+01
   2.7800000e+03   2.4080012e+01
   2.7900000e+03   2.4078664e+01
   2.8000000e+03   2.4063387e+01
   2.8100000e+03   2.4047301e+01
   2.8200000e+03   2.4037385e+01
   2.8300000e+03   2.4052542e+01
   2.8400000e+03   2.4069817e+01
   2.8500000e+03   2.4070664e+01
   2.8600000e+03   2.4044335e+01
   2.8700000e+03   2.4040889e+01
   2.8800000e+03   2.4064225e+01
   2.8900000e+03   2.4033181e+01
   2.9000000e+03   2.4021028e+01
   2.9100000e+03   2.4031859e+01
   2.9200000e+03   2.4058566e+01
   2.9300000e+03   2.4080194e+01
   2.9400000e+03   2.4080055e+01
   2.9500000e+03   2.4113066e+01
   2.9600000e+03   2.4119657e+01
   2.9700000e+03   2.4108035e+01
   2.9800000e+03   2.4084781e+01
   2.9900000e+03   2.4122110e+01
   3.0000000e+03   2.4123799e+01
   3.0100000e+03   2.4090941e+01
   3.0200000e+03   2.4113548e+01
   3.0300000e+03   2.4087999e+01
   3.0400000e+03   2.4127139e+01
   3.0500000e+03   2.4129165e+01
   3.0600000e+03   2.4135001e+01
   3.0700000e+03   2.4178743e+01
   3.0800000e+03   2.4175767e+01
   3.0900000e+03   2.4185717e+01
   3.1000000e+03   2.4187293e+01
   3.1100000e+03   2.4155797e+01
   3.1200000e+03   2.4139907e+01
   3.1300000e+03   2.4145704e+01
   3.1400000e+03   2.4150692e+01
   3.1500000e+03   2.4177237e+01
   3.1600000e+03   2.4189716e+01
   3.1700000e+03   2.4155439e+01
   3.1800000e+03   2.4162033e+01
   3.1900000e+03   2.4185938e+01
   3.2000000e+03   2.4181835e+01
   3.2100000e+03   2.4179783e+01
   3.2200000e+03   2.4175655e+01
   3.2300000e+03   2.4169755e+01
   3.2400000e+03   2.4162857e+01
   3.2500000e+03   2.4172490e+01
   3.2600000e+03   2.4159051e+01
   3.2700000e+03   2.4197703e+01
   3.2800000e+03   2.4193304e+01
   3.2900000e+03   2.4171940e+01
   3.3000000e+03   2.4168385e+01
   3.3100000e+03   2.4189054e+01
   3.3200000e+03   2.4216727e+01
   3.3300000e+03   2.4225895e+01
   3.3400000e+03   2.4230575e+01
   3.3500000e+03   2.4242999e+01
   3.3600000e+03   2.4232327e+01
   3.3700000e+03   2.4228350e+01
   3.3800000e+03   2.4221746e+01
   3.3900000e+03   2.4224106e+01
   3.4000000e+03   2.4227047e+01
   3.4100000e+03   2.4221678e+01
   3.4200000e+03   2.4243172e+01
   3.4300000e+03   2.4222312e+01
   3.4400000e+03   2.4228854e+01
   3.4500000e+03   2.4250322e+01
   3.4600000e+03   2.4250579e+01
   3.4700000e+03   2.4268660e+01
   3.4800000e+03   2.4282675e+01
   3.4900000e+03   2.4256428e+01
