   0.0000000e+00  -1.0441761e-04
   1.0000000e+01  -2.5905796e-03
   2.0000000e+01  -7.2189862e-03
   3.0000000e+01  -6.8276477e-03
   4.0000000e+01   4.0676172e-02
   5.0000000e+01   1.1244586e-01
   6.0000000e+01   1.7899163e-01
   7.0000000e+01   2.1968934e-01
   8.0000000e+01   2.7352460e-01
   9.0000000e+01   3.1171324e-01
   1.0000000e+02   3.7158091e-01
   1.1000000e+02   4.1085753e-01
   1.2000000e+02   4.5132274e-01
   1.3000000e+02   5.0539076e-01
   1.4000000e+02   5.3807643e-01
   1.5000000e+02   5.8264291e-01
   1.6000000e+02   6.0634413e-01
   1.7000000e+02   6.4296488e-01
   1.8000000e+02   6.8208064e-01
   1.9000000e+02   7.2698566e-01
   2.0000000e+02   7.4534314e-01
   2.1000000e+02   7.8634656e-01
   2.2000000e+02   8.3806181e-01
   2.3000000e+02   8.8316893e-01
   2.4000000e+02   9.2591467e-01
   2.5000000e+02   9.5749042e-01
   2.6000000e+02   9.9029517e-01
   2.7000000e+02   1.0369680e+00
   2.8000000e+02   1.0754853e+00
   2.9000000e+02   1.1072268e+00
   3.0000000e+02   1.1494911e+00
   3.1000000e+02   1.1710611e+00
   3.2000000e+02   1.1847676e+00
   3.3000000e+02   1.2273370e+00
   3.4000000e+02   1.2473501e+00
   3.5000000e+02   1.2719898e+00
   3.6000000e+02   1.3054723e+00
   3.7000000e+02   1.3297658e+00
   3.8000000e+02   1.3649392e+00
   3.9000000e+02   1.3914282e+00
   4.0000000e+02   1.4081641e+00
   4.1000000e+02   1.4424731e+00
   4.2000000e+02   1.4471206e+00
   4.3000000e+02   1.4588100e+00
   4.4000000e+02   1.4707432e+00
   4.5000000e+02   1.4714735e+00
   4.6000000e+02   1.4728960e+00
   4.7000000e+02   1.4836281e+00
   4.8000000e+02   1.4890858e+00
   4.9000000e+02   1.5175452e+00
   5.0000000e+02   1.5277927e+00
   5.1000000e+02   1.5299322e+00
   5.2000000e+02   1.5289513e+00
   5.3000000e+02   1.5372111e+00
   5.4000000e+02   1.5350798e+00
   5.5000000e+02   1.5414735e+00
   5.6000000e+02   1.5457222e+00
   5.7000000e+02   1.5359295e+00
   5.8000000e+02   1.5379022e+00
   5.9000000e+02   1.5675407e+00
   6.0000000e+02   1.5581762e+00
   6.1000000e+02   1.5713866e+00
   6.2000000e+02   1.5827718e+00
   6.3000000e+02   1.6010475e+00
   6.4000000e+02   1.5779817e+00
   6.5000000e+02   1.5927201e+00
   6.6000000e+02   1.6200979e+00
   6.7000000e+02   1.6298643e+00
   6.8000000e+02   1.6166030e+00
   6.9000000e+02   1.6349877e+00
   7.0000000e+02   1.6514481e+00
   7.1000000e+02   1.6835293e+00
   7.2000000e+02   1.6765068e+00
   7.3000000e+02   1.6704559e+00
   7.4000000e+02   1.6776445e+00
   7.5000000e+02   1.6814269e+00
   7.6000000e+02   1.6910676e+00
   7.7000000e+02   1.7046583e+00
   7.8000000e+02   1.7188972e+00
   7.9000000e+02   1.7271755e+00
   8.0000000e+02   1.7248524e+00
   8.1000000e+02   1.7241246e+00
   8.2000000e+02   1.7274123e+00
   8.3000000e+02   1.7278929e+00
   8.4000000e+02   1.7512630e+00
   8.5000000e+02   1.7517896e+00
   8.6000000e+02   1.7718365e+00
   8.7000000e+02   1.7718916e+00
   8.8000000e+02   1.7854056e+00
   8.9000000e+02   1.7774479e+00
   9.0000000e+02   1.7828662e+00
   9.1000000e+02   1.7950434e+00
   9.2000000e+02   1.8138993e+00
   9.3000000e+02   1.8409916e+00
   9.4000000e+02   1.8459507e+00
   9.5000000e+02   1.8373525e+00
   9.6000000e+02   1.8532187e+00
   9.7000000e+02   1.8425991e+00
   9.8000000e+02   1.8438798e+00
   9.9000000e+02   1.8491038e+00
   1.0000000e+03   1.8605247e+00
   1.0100000e+03   1.8775389e+00
   1.0200000e+03   1.8720423e+00
   1.0300000e+03   1.8822136e+00
   1.0400000e+03   1.8919591e+00
   1.0500000e+03   1.9220863e+00
   1.0600000e+03   1.9246476e+00
   1.0700000e+03   1.9256065e+00
   1.0800000e+03   1.9209826e+00
   1.0900000e+03   1.9290031e+00
   1.1000000e+03   1.9342667e+00
   1.1100000e+03   1.9360311e+00
   1.1200000e+03   1.9395266e+00
   1.1300000e+03   1.9471979e+00
   1.1400000e+03   1.9545649e+00
   1.1500000e+03   1.9675183e+00
   1.1600000e+03   1.9651774e+00
   1.1700000e+03   1.9895013e+00
   1.1800000e+03   1.9853837e+00
   1.1900000e+03   1.9899433e+00
   1.2000000e+03   1.9575981e+00
   1.2100000e+03   1.9569374e+00
   1.2200000e+03   1.9472035e+00
   1.2300000e+03   1.9651840e+00
   1.2400000e+03   1.9731548e+00
   1.2500000e+03   1.9703251e+00
   1.2600000e+03   1.9678927e+00
   1.2700000e+03   1.9877152e+00
   1.2800000e+03   2.0192591e+00
   1.2900000e+03   2.0300676e+00
   1.3000000e+03   2.0513243e+00
   1.3100000e+03   2.0520853e+00
   1.3200000e+03   2.0554283e+00
   1.3300000e+03   2.0805905e+00
   1.3400000e+03   2.0635336e+00
   1.3500000e+03   2.0526081e+00
   1.3600000e+03   2.0585579e+00
   1.3700000e+03   2.0658303e+00
   1.3800000e+03   2.0689914e+00
   1.3900000e+03   2.0833440e+00
   1.4000000e+03   2.0756141e+00
   1.4100000e+03   2.0754272e+00
   1.4200000e+03   2.0581199e+00
   1.4300000e+03   2.0315690e+00
   1.4400000e+03   2.0219392e+00
   1.4500000e+03   2.0537268e+00
   1.4600000e+03   2.0737170e+00
   1.4700000e+03   2.0798644e+00
   1.4800000e+03   2.1073986e+00
   1.4900000e+03   2.1156789e+00
   1.5000000e+03   2.1134756e+00
   1.5100000e+03   2.1167874e+00
   1.5200000e+03   2.1169508e+00
   1.5300000e+03   2.1439041e+00
   1.5400000e+03   2.1782794e+00
   1.5500000e+03   2.2008275e+00
   1.5600000e+03   2.2143359e+00
   1.5700000e+03   2.2159439e+00
   1.5800000e+03   2.2232275e+00
   1.5900000e+03   2.2233164e+00
   1.6000000e+03   2.2231975e+00
   1.6100000e+03   2.2078521e+00
   1.6200000e+03   2.2222438e+00
   1.6300000e+03   2.2384288e+00
   1.6400000e+03   2.2347648e+00
   1.6500000e+03   2.2548165e+00
   1.6600000e+03   2.2285684e+00
   1.6700000e+03   2.2137983e+00
   1.6800000e+03   2.2208840e+00
   1.6900000e+03   2.2157244e+00
   1.7000000e+03   2.2209150e+00
   1.7100000e+03   2.2057366e+00
   1.7200000e+03   2.2041262e+00
   1.7300000e+03   2.1940965e+00
   1.7400000e+03   2.1904069e+00
   1.7500000e+03   2.2243743e+00
   1.7600000e+03   2.2386960e+00
   1.7700000e+03   2.2521019e+00
   1.7800000e+03   2.2393204e+00
   1.7900000e+03   2.2211231e+00
   1.8000000e+03   2.2431662e+00
   1.8100000e+03   2.2438374e+00
   1.8200000e+03   2.2584296e+00
   1.8300000e+03   2.2745627e+00
   1.8400000e+03   2.2807787e+00
   1.8500000e+03   2.2933134e+00
   1.8600000e+03   2.2624815e+00
   1.8700000e+03   2.2394471e+00
   1.8800000e+03   2.2444835e+00
   1.8900000e+03   2.2786176e+00
   1.9000000e+03   2.2951128e+00
   1.9100000e+03   2.2849083e+00
   1.9200000e+03   2.2743239e+00
   1.9300000e+03   2.2651314e+00
   1.9400000e+03   2.2936305e+00
   1.9500000e+03   2.2993991e+00
   1.9600000e+03   2.2826768e+00
   1.9700000e+03   2.2767355e+00
   1.9800000e+03   2.2828344e+00
   1.9900000e+03   2.3029901e+00
   2.0000000e+03   2.3351649e+00
   2.0100000e+03   2.3313351e+00
   2.0200000e+03   2.3036978e+00
   2.0300000e+03   2.3033503e+00
   2.0400000e+03   2.3165261e+00
   2.0500000e+03   2.3440791e+00
   2.0600000e+03   2.3603811e+00
   2.0700000e+03   2.3633917e+00
   2.0800000e+03   2.3772979e+00
   2.0900000e+03   2.3693718e+00
   2.1000000e+03   2.3560929e+00
   2.1100000e+03   2.3610283e+00
   2.1200000e+03   2.3723860e+00
   2.1300000e+03   2.3965144e+00
   2.1400000e+03   2.4078308e+00
   2.1500000e+03   2.4304676e+00
   2.1600000e+03   2.4242146e+00
   2.1700000e+03   2.4007845e+00
   2.1800000e+03   2.4251434e+00
   2.1900000e+03   2.4375622e+00
   2.2000000e+03   2.4445830e+00
   2.2100000e+03   2.4369588e+00
   2.2200000e+03   2.4384330e+00
   2.2300000e+03   2.4520247e+00
   2.2400000e+03   2.4533008e+00
   2.2500000e+03   2.4543044e+00
   2.2600000e+03   2.4353643e+00
   2.2700000e+03   2.4557209e+00
   2.2800000e+03   2.4760565e+00
   2.2900000e+03   2.4715096e+00
   2.3000000e+03   2.4838083e+00
   2.3100000e+03   2.5006456e+00
   2.3200000e+03   2.5145340e+00
   2.3300000e+03   2.4992787e+00
   2.3400000e+03   2.4989028e+00
   2.3500000e+03   2.5315936e+00
   2.3600000e+03   2.5321346e+00
   2.3700000e+03   2.5423224e+00
   2.3800000e+03   2.5338731e+00
   2.3900000e+03   2.5175402e+00
   2.4000000e+03   2.5471705e+00
   2.4100000e+03   2.5602407e+00
   2.4200000e+03   2.5472904e+00
   2.4300000e+03   2.5393823e+00
   2.4400000e+03   2.5402083e+00
   2.4500000e+03   2.5577757e+00
   2.4600000e+03   2.5431611e+00
   2.4700000e+03   2.5480298e+00
   2.4800000e+03   2.5350792e+00
   2.4900000e+03   2.5559956e+00
   2.5000000e+03   2.5547568e+00
   2.5100000e+03   2.5514201e+00
   2.5200000e+03   2.5672076e+00
   2.5300000e+03   2.5810333e+00
   2.5400000e+03   2.5999009e+00
   2.5500000e+03   2.6059713e+00
   2.5600000e+03   2.5965442e+00
   2.5700000e+03   2.6175630e+00
   2.5800000e+03   2.6162048e+00
   2.5900000e+03   2.6154743e+00
   2.6000000e+03   2.6099911e+00
   2.6100000e+03   2.6179776e+00
   2.6200000e+03   2.6174951e+00
   2.6300000e+03   2.6375764e+00
   2.6400000e+03   2.6488748e+00
   2.6500000e+03   2.6611675e+00
   2.6600000e+03   2.6615141e+00
   2.6700000e+03   2.6616834e+00
   2.6800000e+03   2.6344510e+00
   2.6900000e+03   2.6416732e+00
   2.7000000e+03   2.6234799e+00
   2.7100000e+03   2.6348649e+00
   2.7200000e+03   2.6436151e+00
   2.7300000e+03   2.5928741e+00
   2.7400000e+03   2.5920448e+00
   2.7500000e+03   2.6319187e+00
   2.7600000e+03   2.6507781e+00
   2.7700000e+03   2.6687371e+00
   2.7800000e+03   2.6645506e+00
   2.7900000e+03   2.6805475e+00
   2.8000000e+03   2.6859946e+00
   2.8100000e+03   2.7047822e+00
   2.8200000e+03   2.7156292e+00
   2.8300000e+03   2.7026806e+00
   2.8400000e+03   2.6964003e+00
   2.8500000e+03   2.7047951e+00
   2.8600000e+03   2.7130577e+00
   2.8700000e+03   2.7175382e+00
   2.8800000e+03   2.7261888e+00
   2.8900000e+03   2.7289064e+00
   2.9000000e+03   2.7315824e+00
   2.9100000e+03   2.7392057e+00
   2.9200000e+03   2.7182564e+00
   2.9300000e+03   2.7091693e+00
   2.9400000e+03   2.7138403e+00
   2.9500000e+03   2.7399782e+00
   2.9600000e+03   2.7428162e+00
   2.9700000e+03   2.7401707e+00
   2.9800000e+03   2.7326447e+00
   2.9900000e+03   2.7360817e+00
   3.0000000e+03   2.7506251e+00
   3.0100000e+03   2.7356427e+00
   3.0200000e+03   2.7768813e+00
   3.0300000e+03   2.7756013e+00
   3.0400000e+03   2.7844573e+00
   3.0500000e+03   2.7845900e+00
   3.0600000e+03   2.7784546e+00
   3.0700000e+03   2.8320393e+00
   3.0800000e+03   2.8528463e+00
   3.0900000e+03   2.8626081e+00
   3.1000000e+03   2.8551874e+00
   3.1100000e+03   2.8354344e+00
   3.1200000e+03   2.8365097e+00
   3.1300000e+03   2.8560027e+00
   3.1400000e+03   2.8616078e+00
   3.1500000e+03   2.8357418e+00
   3.1600000e+03   2.8142892e+00
   3.1700000e+03   2.8023032e+00
   3.1800000e+03   2.8109984e+00
   3.1900000e+03   2.8378921e+00
   3.2000000e+03   2.8545878e+00
   3.2100000e+03   2.8576214e+00
   3.2200000e+03   2.8539627e+00
   3.2300000e+03   2.8259177e+00
   3.2400000e+03   2.8369781e+00
   3.2500000e+03   2.8540333e+00
   3.2600000e+03   2.8706210e+00
   3.2700000e+03   2.8667117e+00
   3.2800000e+03   2.8580460e+00
   3.2900000e+03   2.8417260e+00
   3.3000000e+03   2.8411149e+00
   3.3100000e+03   2.8718109e+00
   3.3200000e+03   2.8824914e+00
   3.3300000e+03   2.8829829e+00
   3.3400000e+03   2.8727777e+00
   3.3500000e+03   2.8670270e+00
   3.3600000e+03   2.8452705e+00
   3.3700000e+03   2.8605801e+00
   3.3800000e+03   2.8956676e+00
   3.3900000e+03   2.8652870e+00
   3.4000000e+03   2.8443723e+00
   3.4100000e+03   2.8146801e+00
   3.4200000e+03   2.8074849e+00
   3.4300000e+03   2.8642086e+00
   3.4400000e+03   2.8346118e+00
   3.4500000e+03   2.8526130e+00
   3.4600000e+03   2.8906443e+00
   3.4700000e+03   2.9074391e+00
   3.4800000e+03   2.8914143e+00
   3.4900000e+03   2.8928524e+00
