   0.0000000e+00  -3.4278316e-03
   1.0000000e+01  -1.4432987e-03
   2.0000000e+01  -7.2865755e-02
   3.0000000e+01  -1.2822259e-01
   4.0000000e+01  -7.3599282e-02
   5.0000000e+01  -2.5262219e-02
   6.0000000e+01   1.1400842e-01
   7.0000000e+01   2.8115808e-01
   8.0000000e+01   4.7186370e-01
   9.0000000e+01   6.8427326e-01
   1.0000000e+02   9.3086772e-01
   1.1000000e+02   1.1470794e+00
   1.2000000e+02   1.3934354e+00
   1.3000000e+02   1.6019883e+00
   1.4000000e+02   1.8389151e+00
   1.5000000e+02   2.0532999e+00
   1.6000000e+02   2.2743142e+00
   1.7000000e+02   2.5004121e+00
   1.8000000e+02   2.6566729e+00
   1.9000000e+02   2.8900541e+00
   2.0000000e+02   3.0734472e+00
   2.1000000e+02   3.2546150e+00
   2.2000000e+02   3.6985183e+00
   2.3000000e+02   3.8614009e+00
   2.4000000e+02   3.9994961e+00
   2.5000000e+02   4.1934191e+00
   2.6000000e+02   4.3151568e+00
   2.7000000e+02   4.5146543e+00
   2.8000000e+02   4.6666966e+00
   2.9000000e+02   4.7996264e+00
   3.0000000e+02   4.9325785e+00
   3.1000000e+02   5.0668093e+00
   3.2000000e+02   5.1712621e+00
   3.3000000e+02   5.2802035e+00
   3.4000000e+02   5.4206319e+00
   3.5000000e+02   5.5224242e+00
   3.6000000e+02   5.6332651e+00
   3.7000000e+02   5.7936830e+00
   3.8000000e+02   5.8705401e+00
   3.9000000e+02   5.9560114e+00
   4.0000000e+02   6.0486478e+00
   4.1000000e+02   6.1400852e+00
   4.2000000e+02   6.2632445e+00
   4.3000000e+02   6.3814220e+00
   4.4000000e+02   6.5201838e+00
   4.5000000e+02   6.6089823e+00
   4.6000000e+02   6.6812624e+00
   4.7000000e+02   6.7810927e+00
   4.8000000e+02   6.8651478e+00
   4.9000000e+02   6.9277882e+00
   5.0000000e+02   7.0179226e+00
   5.1000000e+02   7.0987224e+00
   5.2000000e+02   7.1388835e+00
   5.3000000e+02   7.2188557e+00
   5.4000000e+02   7.2717666e+00
   5.5000000e+02   7.3531232e+00
   5.6000000e+02   7.4741869e+00
   5.7000000e+02   7.5183501e+00
   5.8000000e+02   7.5956465e+00
   5.9000000e+02   7.6051741e+00
   6.0000000e+02   7.6894458e+00
   6.1000000e+02   7.7744907e+00
   6.2000000e+02   7.8496327e+00
   6.3000000e+02   7.8968858e+00
   6.4000000e+02   7.9349965e+00
   6.5000000e+02   8.0046430e+00
   6.6000000e+02   8.0092578e+00
   6.7000000e+02   8.0736074e+00
   6.8000000e+02   8.1222699e+00
   6.9000000e+02   8.2656755e+00
   7.0000000e+02   8.3881175e+00
   7.1000000e+02   8.4764803e+00
   7.2000000e+02   8.5429365e+00
   7.3000000e+02   8.7071737e+00
   7.4000000e+02   8.8261810e+00
   7.5000000e+02   8.9461076e+00
   7.6000000e+02   8.9963546e+00
   7.7000000e+02   9.1016028e+00
   7.8000000e+02   9.2810131e+00
   7.9000000e+02   9.3343982e+00
   8.0000000e+02   9.4145522e+00
   8.1000000e+02   9.5747500e+00
   8.2000000e+02   9.6475340e+00
   8.3000000e+02   9.8365111e+00
   8.4000000e+02   9.9293222e+00
   8.5000000e+02   1.0009940e+01
   8.6000000e+02   1.0082284e+01
   8.7000000e+02   1.0132578e+01
   8.8000000e+02   1.0241602e+01
   8.9000000e+02   1.0313611e+01
   9.0000000e+02   1.0403026e+01
   9.1000000e+02   1.0448905e+01
   9.2000000e+02   1.0525033e+01
   9.3000000e+02   1.0549942e+01
   9.4000000e+02   1.0623386e+01
   9.5000000e+02   1.0676575e+01
   9.6000000e+02   1.0712715e+01
   9.7000000e+02   1.0776801e+01
   9.8000000e+02   1.0830568e+01
   9.9000000e+02   1.0922756e+01
   1.0000000e+03   1.0954451e+01
   1.0100000e+03   1.0999696e+01
   1.0200000e+03   1.1121163e+01
   1.0300000e+03   1.1149743e+01
   1.0400000e+03   1.1199847e+01
   1.0500000e+03   1.1240709e+01
   1.0600000e+03   1.1267511e+01
   1.0700000e+03   1.1328734e+01
   1.0800000e+03   1.1387341e+01
   1.0900000e+03   1.1441930e+01
   1.1000000e+03   1.1526445e+01
   1.1100000e+03   1.1565496e+01
   1.1200000e+03   1.1592416e+01
   1.1300000e+03   1.1616368e+01
   1.1400000e+03   1.1664575e+01
   1.1500000e+03   1.1722525e+01
   1.1600000e+03   1.1745085e+01
   1.1700000e+03   1.1863316e+01
   1.1800000e+03   1.1898597e+01
   1.1900000e+03   1.1968532e+01
   1.2000000e+03   1.1982133e+01
   1.2100000e+03   1.1980772e+01
   1.2200000e+03   1.1982747e+01
   1.2300000e+03   1.2057910e+01
   1.2400000e+03   1.2076362e+01
   1.2500000e+03   1.2134733e+01
   1.2600000e+03   1.2170845e+01
   1.2700000e+03   1.2200984e+01
   1.2800000e+03   1.2258765e+01
   1.2900000e+03   1.2292659e+01
   1.3000000e+03   1.2327698e+01
   1.3100000e+03   1.2338445e+01
   1.3200000e+03   1.2347283e+01
   1.3300000e+03   1.2424306e+01
   1.3400000e+03   1.2384818e+01
   1.3500000e+03   1.2413844e+01
   1.3600000e+03   1.2453016e+01
   1.3700000e+03   1.2420414e+01
   1.3800000e+03   1.2427378e+01
   1.3900000e+03   1.2453947e+01
   1.4000000e+03   1.2500870e+01
   1.4100000e+03   1.2521418e+01
   1.4200000e+03   1.2500709e+01
   1.4300000e+03   1.2528002e+01
   1.4400000e+03   1.2583934e+01
   1.4500000e+03   1.2594120e+01
   1.4600000e+03   1.2696732e+01
   1.4700000e+03   1.2643433e+01
   1.4800000e+03   1.2711677e+01
   1.4900000e+03   1.2745405e+01
   1.5000000e+03   1.2731420e+01
   1.5100000e+03   1.2782071e+01
   1.5200000e+03   1.2820936e+01
   1.5300000e+03   1.2895849e+01
   1.5400000e+03   1.2961304e+01
   1.5500000e+03   1.2972046e+01
   1.5600000e+03   1.3014890e+01
   1.5700000e+03   1.3016180e+01
   1.5800000e+03   1.3087023e+01
   1.5900000e+03   1.3057919e+01
   1.6000000e+03   1.3059448e+01
   1.6100000e+03   1.3153849e+01
   1.6200000e+03   1.3137034e+01
   1.6300000e+03   1.3184958e+01
   1.6400000e+03   1.3196981e+01
   1.6500000e+03   1.3269959e+01
   1.6600000e+03   1.3223543e+01
   1.6700000e+03   1.3320252e+01
   1.6800000e+03   1.3357836e+01
   1.6900000e+03   1.3416684e+01
   1.7000000e+03   1.3487114e+01
   1.7100000e+03   1.3483323e+01
   1.7200000e+03   1.3566897e+01
   1.7300000e+03   1.3573166e+01
   1.7400000e+03   1.3551849e+01
   1.7500000e+03   1.3582722e+01
   1.7600000e+03   1.3615894e+01
   1.7700000e+03   1.3620151e+01
   1.7800000e+03   1.3657468e+01
   1.7900000e+03   1.3658826e+01
   1.8000000e+03   1.3647469e+01
   1.8100000e+03   1.3655135e+01
   1.8200000e+03   1.3706503e+01
   1.8300000e+03   1.3691996e+01
   1.8400000e+03   1.3725359e+01
   1.8500000e+03   1.3779676e+01
   1.8600000e+03   1.3773447e+01
   1.8700000e+03   1.3800466e+01
   1.8800000e+03   1.3774888e+01
   1.8900000e+03   1.3791114e+01
   1.9000000e+03   1.3772427e+01
   1.9100000e+03   1.3719831e+01
   1.9200000e+03   1.3791822e+01
   1.9300000e+03   1.3788760e+01
   1.9400000e+03   1.3801411e+01
   1.9500000e+03   1.3862014e+01
   1.9600000e+03   1.3881414e+01
   1.9700000e+03   1.3897088e+01
   1.9800000e+03   1.3884692e+01
   1.9900000e+03   1.3910231e+01
   2.0000000e+03   1.3968208e+01
   2.0100000e+03   1.4026537e+01
   2.0200000e+03   1.4094980e+01
   2.0300000e+03   1.4093452e+01
   2.0400000e+03   1.4152346e+01
   2.0500000e+03   1.4180179e+01
   2.0600000e+03   1.4148418e+01
   2.0700000e+03   1.4132354e+01
   2.0800000e+03   1.4155984e+01
   2.0900000e+03   1.4157257e+01
   2.1000000e+03   1.4184940e+01
   2.1100000e+03   1.4270901e+01
   2.1200000e+03   1.4219853e+01
   2.1300000e+03   1.4275595e+01
   2.1400000e+03   1.4254300e+01
   2.1500000e+03   1.4300296e+01
   2.1600000e+03   1.4270197e+01
   2.1700000e+03   1.4278187e+01
   2.1800000e+03   1.4247631e+01
   2.1900000e+03   1.4298112e+01
   2.2000000e+03   1.4293973e+01
   2.2100000e+03   1.4352976e+01
   2.2200000e+03   1.4383208e+01
   2.2300000e+03   1.4351228e+01
   2.2400000e+03   1.4382339e+01
   2.2500000e+03   1.4355495e+01
   2.2600000e+03   1.4350847e+01
   2.2700000e+03   1.4398667e+01
   2.2800000e+03   1.4438491e+01
   2.2900000e+03   1.4423739e+01
   2.3000000e+03   1.4468449e+01
   2.3100000e+03   1.4495612e+01
   2.3200000e+03   1.4513791e+01
   2.3300000e+03   1.4504390e+01
   2.3400000e+03   1.4499248e+01
   2.3500000e+03   1.4527180e+01
   2.3600000e+03   1.4460379e+01
   2.3700000e+03   1.4444499e+01
   2.3800000e+03   1.4466661e+01
   2.3900000e+03   1.4442797e+01
   2.4000000e+03   1.4451547e+01
   2.4100000e+03   1.4477487e+01
   2.4200000e+03   1.4494165e+01
   2.4300000e+03   1.4509891e+01
   2.4400000e+03   1.4542073e+01
   2.4500000e+03   1.4483693e+01
   2.4600000e+03   1.4436455e+01
   2.4700000e+03   1.4476760e+01
   2.4800000e+03   1.4415001e+01
   2.4900000e+03   1.4421625e+01
   2.5000000e+03   1.4464309e+01
   2.5100000e+03   1.4462677e+01
   2.5200000e+03   1.4507723e+01
   2.5300000e+03   1.4519836e+01
   2.5400000e+03   1.4512140e+01
   2.5500000e+03   1.4537831e+01
   2.5600000e+03   1.4532546e+01
   2.5700000e+03   1.4551186e+01
   2.5800000e+03   1.4519156e+01
   2.5900000e+03   1.4572619e+01
   2.6000000e+03   1.4505905e+01
   2.6100000e+03   1.4480418e+01
   2.6200000e+03   1.4518231e+01
   2.6300000e+03   1.4514597e+01
   2.6400000e+03   1.4510312e+01
   2.6500000e+03   1.4509344e+01
   2.6600000e+03   1.4487193e+01
   2.6700000e+03   1.4478078e+01
   2.6800000e+03   1.4537317e+01
   2.6900000e+03   1.4599335e+01
   2.7000000e+03   1.4664945e+01
   2.7100000e+03   1.4647551e+01
   2.7200000e+03   1.4678987e+01
   2.7300000e+03   1.4617614e+01
   2.7400000e+03   1.4658290e+01
   2.7500000e+03   1.4703295e+01
   2.7600000e+03   1.4674584e+01
   2.7700000e+03   1.4718904e+01
   2.7800000e+03   1.4707532e+01
   2.7900000e+03   1.4703911e+01
   2.8000000e+03   1.4732908e+01
   2.8100000e+03   1.4746014e+01
   2.8200000e+03   1.4709669e+01
   2.8300000e+03   1.4728341e+01
   2.8400000e+03   1.4702236e+01
   2.8500000e+03   1.4770068e+01
   2.8600000e+03   1.4802980e+01
   2.8700000e+03   1.4830431e+01
   2.8800000e+03   1.4804844e+01
   2.8900000e+03   1.4763811e+01
   2.9000000e+03   1.4801846e+01
   2.9100000e+03   1.4804799e+01
   2.9200000e+03   1.4854339e+01
   2.9300000e+03   1.4833692e+01
   2.9400000e+03   1.4833325e+01
   2.9500000e+03   1.4815951e+01
   2.9600000e+03   1.4831394e+01
   2.9700000e+03   1.4838402e+01
   2.9800000e+03   1.4856067e+01
   2.9900000e+03   1.4890521e+01
   3.0000000e+03   1.4914598e+01
   3.0100000e+03   1.4927322e+01
   3.0200000e+03   1.4931193e+01
   3.0300000e+03   1.4917093e+01
   3.0400000e+03   1.4902131e+01
   3.0500000e+03   1.4859787e+01
   3.0600000e+03   1.4868081e+01
   3.0700000e+03   1.4932892e+01
   3.0800000e+03   1.4890624e+01
   3.0900000e+03   1.4912137e+01
   3.1000000e+03   1.4889694e+01
   3.1100000e+03   1.4922511e+01
   3.1200000e+03   1.4917062e+01
   3.1300000e+03   1.4928289e+01
   3.1400000e+03   1.4967062e+01
   3.1500000e+03   1.4965462e+01
   3.1600000e+03   1.4938959e+01
   3.1700000e+03   1.4950504e+01
   3.1800000e+03   1.5006181e+01
   3.1900000e+03   1.4955562e+01
   3.2000000e+03   1.4918808e+01
   3.2100000e+03   1.4907861e+01
   3.2200000e+03   1.4919775e+01
   3.2300000e+03   1.4820199e+01
   3.2400000e+03   1.4789131e+01
   3.2500000e+03   1.4862916e+01
   3.2600000e+03   1.4869724e+01
   3.2700000e+03   1.4900919e+01
   3.2800000e+03   1.4876673e+01
   3.2900000e+03   1.4927983e+01
   3.3000000e+03   1.4952809e+01
   3.3100000e+03   1.4951104e+01
   3.3200000e+03   1.4932562e+01
   3.3300000e+03   1.4970675e+01
   3.3400000e+03   1.4946278e+01
   3.3500000e+03   1.4951496e+01
   3.3600000e+03   1.4941612e+01
   3.3700000e+03   1.4964647e+01
   3.3800000e+03   1.4990110e+01
   3.3900000e+03   1.4990162e+01
   3.4000000e+03   1.4928839e+01
   3.4100000e+03   1.4899288e+01
   3.4200000e+03   1.4884914e+01
   3.4300000e+03   1.4916605e+01
   3.4400000e+03   1.5000350e+01
   3.4500000e+03   1.4967206e+01
   3.4600000e+03   1.4993749e+01
   3.4700000e+03   1.5017599e+01
   3.4800000e+03   1.5037194e+01
   3.4900000e+03   1.5065145e+01
