   0.0000000e+00   2.5867081e-03
   1.0000000e+01  -2.9726942e-04
   2.0000000e+01  -3.0711832e-02
   3.0000000e+01  -6.7966786e-01
   4.0000000e+01  -1.4476991e+00
   5.0000000e+01  -2.1154056e+00
   6.0000000e+01  -2.7094626e+00
   7.0000000e+01  -3.2365065e+00
   8.0000000e+01  -3.7396171e+00
   9.0000000e+01  -4.2659743e+00
   1.0000000e+02  -4.7706976e+00
   1.1000000e+02  -5.2457938e+00
   1.2000000e+02  -5.7232732e+00
   1.3000000e+02  -6.1520085e+00
   1.4000000e+02  -6.4954083e+00
   1.5000000e+02  -6.8228528e+00
   1.6000000e+02  -7.1424742e+00
   1.7000000e+02  -7.4513923e+00
   1.8000000e+02  -7.7323490e+00
   1.9000000e+02  -8.0208865e+00
   2.0000000e+02  -8.2383578e+00
   2.1000000e+02  -8.4368465e+00
   2.2000000e+02  -8.6112675e+00
   2.3000000e+02  -8.7868699e+00
   2.4000000e+02  -8.9853992e+00
   2.5000000e+02  -9.1396609e+00
   2.6000000e+02  -9.4009057e+00
   2.7000000e+02  -9.5882393e+00
   2.8000000e+02  -9.7259882e+00
   2.9000000e+02  -9.9273892e+00
   3.0000000e+02  -1.0163543e+01
   3.1000000e+02  -1.0178078e+01
   3.2000000e+02  -1.0307913e+01
   3.3000000e+02  -1.0417330e+01
   3.4000000e+02  -1.0575875e+01
   3.5000000e+02  -1.0653063e+01
   3.6000000e+02  -1.0706845e+01
   3.7000000e+02  -1.0817809e+01
   3.8000000e+02  -1.0890568e+01
   3.9000000e+02  -1.0915612e+01
   4.0000000e+02  -1.1025145e+01
   4.1000000e+02  -1.1109506e+01
   4.2000000e+02  -1.1155890e+01
   4.3000000e+02  -1.1213845e+01
   4.4000000e+02  -1.1388691e+01
   4.5000000e+02  -1.1407747e+01
   4.6000000e+02  -1.1387732e+01
   4.7000000e+02  -1.1580762e+01
   4.8000000e+02  -1.1669991e+01
   4.9000000e+02  -1.1708301e+01
   5.0000000e+02  -1.1776412e+01
   5.1000000e+02  -1.1747493e+01
   5.2000000e+02  -1.1764449e+01
   5.3000000e+02  -1.1845885e+01
   5.4000000e+02  -1.1885871e+01
   5.5000000e+02  -1.1924092e+01
   5.6000000e+02  -1.1876956e+01
   5.7000000e+02  -1.1997033e+01
   5.8000000e+02  -1.2042625e+01
   5.9000000e+02  -1.2104657e+01
   6.0000000e+02  -1.2177266e+01
   6.1000000e+02  -1.2161968e+01
   6.2000000e+02  -1.2032699e+01
   6.3000000e+02  -1.2143324e+01
   6.4000000e+02  -1.2194096e+01
   6.5000000e+02  -1.2358834e+01
   6.6000000e+02  -1.2265863e+01
   6.7000000e+02  -1.2201479e+01
   6.8000000e+02  -1.2284977e+01
   6.9000000e+02  -1.2602088e+01
   7.0000000e+02  -1.2810149e+01
   7.1000000e+02  -1.2842813e+01
   7.2000000e+02  -1.2926219e+01
   7.3000000e+02  -1.3003034e+01
   7.4000000e+02  -1.3096344e+01
   7.5000000e+02  -1.3074241e+01
   7.6000000e+02  -1.3257727e+01
   7.7000000e+02  -1.3250054e+01
   7.8000000e+02  -1.3216047e+01
   7.9000000e+02  -1.3198458e+01
   8.0000000e+02  -1.3280740e+01
   8.1000000e+02  -1.3368305e+01
   8.2000000e+02  -1.3398959e+01
   8.3000000e+02  -1.3340642e+01
   8.4000000e+02  -1.3493885e+01
   8.5000000e+02  -1.3650417e+01
   8.6000000e+02  -1.3918401e+01
   8.7000000e+02  -1.3708823e+01
   8.8000000e+02  -1.3697659e+01
   8.9000000e+02  -1.3827653e+01
   9.0000000e+02  -1.3899743e+01
   9.1000000e+02  -1.3808425e+01
   9.2000000e+02  -1.4062722e+01
   9.3000000e+02  -1.3813067e+01
   9.4000000e+02  -1.3730602e+01
   9.5000000e+02  -1.3899354e+01
   9.6000000e+02  -1.4012333e+01
   9.7000000e+02  -1.3940315e+01
   9.8000000e+02  -1.3867818e+01
   9.9000000e+02  -1.3971153e+01
   1.0000000e+03  -1.3831404e+01
   1.0100000e+03  -1.4036036e+01
   1.0200000e+03  -1.4015612e+01
   1.0300000e+03  -1.3981833e+01
   1.0400000e+03  -1.4267264e+01
   1.0500000e+03  -1.4074470e+01
   1.0600000e+03  -1.4053246e+01
   1.0700000e+03  -1.4280850e+01
   1.0800000e+03  -1.4151052e+01
   1.0900000e+03  -1.4153854e+01
   1.1000000e+03  -1.4323840e+01
   1.1100000e+03  -1.4074930e+01
   1.1200000e+03  -1.4213864e+01
   1.1300000e+03  -1.4129878e+01
   1.1400000e+03  -1.4175621e+01
   1.1500000e+03  -1.4154890e+01
   1.1600000e+03  -1.4126994e+01
   1.1700000e+03  -1.4335261e+01
   1.1800000e+03  -1.4297667e+01
   1.1900000e+03  -1.4282466e+01
   1.2000000e+03  -1.4121632e+01
   1.2100000e+03  -1.4523981e+01
   1.2200000e+03  -1.4242975e+01
   1.2300000e+03  -1.4131545e+01
   1.2400000e+03  -1.4270689e+01
   1.2500000e+03  -1.4172865e+01
   1.2600000e+03  -1.4203111e+01
   1.2700000e+03  -1.4065138e+01
   1.2800000e+03  -1.4080533e+01
   1.2900000e+03  -1.4319588e+01
   1.3000000e+03  -1.4363073e+01
   1.3100000e+03  -1.4316365e+01
   1.3200000e+03  -1.3997059e+01
   1.3300000e+03  -1.3875768e+01
   1.3400000e+03  -1.3830985e+01
   1.3500000e+03  -1.3869846e+01
   1.3600000e+03  -1.3864718e+01
   1.3700000e+03  -1.3998429e+01
   1.3800000e+03  -1.3789225e+01
   1.3900000e+03  -1.3702556e+01
   1.4000000e+03  -1.3798865e+01
   1.4100000e+03  -1.3914828e+01
   1.4200000e+03  -1.3930104e+01
   1.4300000e+03  -1.3807413e+01
   1.4400000e+03  -1.4005049e+01
   1.4500000e+03  -1.3928305e+01
   1.4600000e+03  -1.3780665e+01
   1.4700000e+03  -1.3922173e+01
   1.4800000e+03  -1.3988086e+01
   1.4900000e+03  -1.3849946e+01
   1.5000000e+03  -1.4112579e+01
   1.5100000e+03  -1.4238025e+01
   1.5200000e+03  -1.4085525e+01
   1.5300000e+03  -1.3969153e+01
   1.5400000e+03  -1.4322722e+01
   1.5500000e+03  -1.4206616e+01
   1.5600000e+03  -1.4110800e+01
   1.5700000e+03  -1.3966022e+01
   1.5800000e+03  -1.4180433e+01
   1.5900000e+03  -1.3845868e+01
   1.6000000e+03  -1.4231233e+01
   1.6100000e+03  -1.4113181e+01
   1.6200000e+03  -1.3976597e+01
   1.6300000e+03  -1.3859472e+01
   1.6400000e+03  -1.4082721e+01
   1.6500000e+03  -1.4151479e+01
   1.6600000e+03  -1.4100478e+01
   1.6700000e+03  -1.4146884e+01
   1.6800000e+03  -1.3943804e+01
   1.6900000e+03  -1.4109684e+01
   1.7000000e+03  -1.4109763e+01
   1.7100000e+03  -1.3991667e+01
   1.7200000e+03  -1.4032531e+01
   1.7300000e+03  -1.3976365e+01
   1.7400000e+03  -1.4132941e+01
   1.7500000e+03  -1.4003059e+01
   1.7600000e+03  -1.4127613e+01
   1.7700000e+03  -1.4352719e+01
   1.7800000e+03  -1.4193587e+01
   1.7900000e+03  -1.3878876e+01
   1.8000000e+03  -1.3902852e+01
   1.8100000e+03  -1.3941523e+01
   1.8200000e+03  -1.4132780e+01
   1.8300000e+03  -1.4004595e+01
   1.8400000e+03  -1.4132922e+01
   1.8500000e+03  -1.3916716e+01
   1.8600000e+03  -1.3752750e+01
   1.8700000e+03  -1.3750866e+01
   1.8800000e+03  -1.3887959e+01
   1.8900000e+03  -1.4018358e+01
   1.9000000e+03  -1.3894443e+01
   1.9100000e+03  -1.4198382e+01
   1.9200000e+03  -1.3838194e+01
   1.9300000e+03  -1.3847161e+01
   1.9400000e+03  -1.3919058e+01
   1.9500000e+03  -1.3783351e+01
   1.9600000e+03  -1.3667285e+01
   1.9700000e+03  -1.4041699e+01
   1.9800000e+03  -1.4054123e+01
   1.9900000e+03  -1.3854212e+01
   2.0000000e+03  -1.3852955e+01
   2.0100000e+03  -1.3815355e+01
   2.0200000e+03  -1.4004573e+01
   2.0300000e+03  -1.3773890e+01
   2.0400000e+03  -1.3801359e+01
   2.0500000e+03  -1.3765924e+01
   2.0600000e+03  -1.3804903e+01
   2.0700000e+03  -1.3756123e+01
   2.0800000e+03  -1.3731289e+01
   2.0900000e+03  -1.4064102e+01
   2.1000000e+03  -1.3729987e+01
   2.1100000e+03  -1.3958074e+01
   2.1200000e+03  -1.3981009e+01
   2.1300000e+03  -1.3760290e+01
   2.1400000e+03  -1.3875264e+01
   2.1500000e+03  -1.3539508e+01
   2.1600000e+03  -1.3702254e+01
   2.1700000e+03  -1.3487562e+01
   2.1800000e+03  -1.3713387e+01
   2.1900000e+03  -1.3634958e+01
   2.2000000e+03  -1.3508585e+01
   2.2100000e+03  -1.4022838e+01
   2.2200000e+03  -1.3693592e+01
   2.2300000e+03  -1.3818313e+01
   2.2400000e+03  -1.3708498e+01
   2.2500000e+03  -1.4125408e+01
   2.2600000e+03  -1.3840664e+01
   2.2700000e+03  -1.3639484e+01
   2.2800000e+03  -1.3718191e+01
   2.2900000e+03  -1.3664338e+01
   2.3000000e+03  -1.3865621e+01
   2.3100000e+03  -1.4026891e+01
   2.3200000e+03  -1.3649443e+01
   2.3300000e+03  -1.3937782e+01
   2.3400000e+03  -1.3736028e+01
   2.3500000e+03  -1.3564040e+01
   2.3600000e+03  -1.3723400e+01
   2.3700000e+03  -1.3702708e+01
   2.3800000e+03  -1.3921653e+01
   2.3900000e+03  -1.3518709e+01
   2.4000000e+03  -1.3727517e+01
   2.4100000e+03  -1.3754988e+01
   2.4200000e+03  -1.4169963e+01
   2.4300000e+03  -1.4011134e+01
   2.4400000e+03  -1.3781993e+01
   2.4500000e+03  -1.3593279e+01
   2.4600000e+03  -1.3519580e+01
   2.4700000e+03  -1.3665079e+01
   2.4800000e+03  -1.3857372e+01
   2.4900000e+03  -1.3632854e+01
   2.5000000e+03  -1.3708638e+01
   2.5100000e+03  -1.3803528e+01
   2.5200000e+03  -1.3406593e+01
   2.5300000e+03  -1.3643735e+01
   2.5400000e+03  -1.3554172e+01
   2.5500000e+03  -1.3579325e+01
   2.5600000e+03  -1.3709485e+01
   2.5700000e+03  -1.3600727e+01
   2.5800000e+03  -1.3632981e+01
   2.5900000e+03  -1.3998682e+01
   2.6000000e+03  -1.3573392e+01
   2.6100000e+03  -1.3739843e+01
   2.6200000e+03  -1.3597013e+01
   2.6300000e+03  -1.3508674e+01
   2.6400000e+03  -1.3541788e+01
   2.6500000e+03  -1.3793936e+01
   2.6600000e+03  -1.3460039e+01
   2.6700000e+03  -1.3673778e+01
   2.6800000e+03  -1.3614895e+01
   2.6900000e+03  -1.3514387e+01
   2.7000000e+03  -1.3450391e+01
   2.7100000e+03  -1.3666984e+01
   2.7200000e+03  -1.3624116e+01
   2.7300000e+03  -1.3370489e+01
   2.7400000e+03  -1.3424016e+01
   2.7500000e+03  -1.3723105e+01
   2.7600000e+03  -1.3431898e+01
   2.7700000e+03  -1.3637766e+01
   2.7800000e+03  -1.3840970e+01
   2.7900000e+03  -1.3786727e+01
   2.8000000e+03  -1.3654997e+01
   2.8100000e+03  -1.3903516e+01
   2.8200000e+03  -1.3753507e+01
   2.8300000e+03  -1.3742138e+01
   2.8400000e+03  -1.3704796e+01
   2.8500000e+03  -1.3447645e+01
   2.8600000e+03  -1.3926611e+01
   2.8700000e+03  -1.3899024e+01
   2.8800000e+03  -1.3794566e+01
   2.8900000e+03  -1.3775752e+01
   2.9000000e+03  -1.3555817e+01
   2.9100000e+03  -1.3711203e+01
   2.9200000e+03  -1.3776228e+01
   2.9300000e+03  -1.3684247e+01
   2.9400000e+03  -1.3545142e+01
   2.9500000e+03  -1.3708452e+01
   2.9600000e+03  -1.3884021e+01
   2.9700000e+03  -1.3717049e+01
   2.9800000e+03  -1.3600169e+01
   2.9900000e+03  -1.3540194e+01
   3.0000000e+03  -1.3723990e+01
   3.0100000e+03  -1.3970564e+01
   3.0200000e+03  -1.3586474e+01
   3.0300000e+03  -1.3794569e+01
   3.0400000e+03  -1.3829486e+01
   3.0500000e+03  -1.3912482e+01
   3.0600000e+03  -1.3564294e+01
   3.0700000e+03  -1.3660669e+01
   3.0800000e+03  -1.3575134e+01
   3.0900000e+03  -1.3784448e+01
   3.1000000e+03  -1.3703181e+01
   3.1100000e+03  -1.3634597e+01
   3.1200000e+03  -1.3628952e+01
   3.1300000e+03  -1.3671681e+01
   3.1400000e+03  -1.3931581e+01
   3.1500000e+03  -1.3261523e+01
   3.1600000e+03  -1.3605171e+01
   3.1700000e+03  -1.3465109e+01
   3.1800000e+03  -1.3617071e+01
   3.1900000e+03  -1.3630957e+01
   3.2000000e+03  -1.3755901e+01
   3.2100000e+03  -1.3846995e+01
   3.2200000e+03  -1.3569640e+01
   3.2300000e+03  -1.3609722e+01
   3.2400000e+03  -1.3795203e+01
   3.2500000e+03  -1.3533827e+01
   3.2600000e+03  -1.3938775e+01
   3.2700000e+03  -1.3675122e+01
   3.2800000e+03  -1.3742422e+01
   3.2900000e+03  -1.3638117e+01
   3.3000000e+03  -1.3457380e+01
   3.3100000e+03  -1.3797424e+01
   3.3200000e+03  -1.3783198e+01
   3.3300000e+03  -1.3661772e+01
   3.3400000e+03  -1.3511248e+01
   3.3500000e+03  -1.3653804e+01
   3.3600000e+03  -1.3544052e+01
   3.3700000e+03  -1.3607420e+01
   3.3800000e+03  -1.3923678e+01
   3.3900000e+03  -1.3990682e+01
   3.4000000e+03  -1.3615281e+01
   3.4100000e+03  -1.3405076e+01
   3.4200000e+03  -1.3463687e+01
   3.4300000e+03  -1.3604654e+01
   3.4400000e+03  -1.3747559e+01
   3.4500000e+03  -1.3746856e+01
   3.4600000e+03  -1.3510625e+01
   3.4700000e+03  -1.3440458e+01
   3.4800000e+03  -1.3592849e+01
   3.4900000e+03  -1.3430178e+01
