   0.0000000e+00   2.0716997e+01
   1.0000000e+01   2.0687259e+01
   2.0000000e+01   2.0859708e+01
   3.0000000e+01   2.1826582e+01
   4.0000000e+01   2.2862779e+01
   5.0000000e+01   2.3809559e+01
   6.0000000e+01   2.4787453e+01
   7.0000000e+01   2.5755800e+01
   8.0000000e+01   2.6731747e+01
   9.0000000e+01   2.7667652e+01
   1.0000000e+02   2.8543143e+01
   1.1000000e+02   2.9282377e+01
   1.2000000e+02   3.0154326e+01
   1.3000000e+02   3.0891809e+01
   1.4000000e+02   3.1677091e+01
   1.5000000e+02   3.2385237e+01
   1.6000000e+02   3.3017102e+01
   1.7000000e+02   3.3654120e+01
   1.8000000e+02   3.4233633e+01
   1.9000000e+02   3.4817784e+01
   2.0000000e+02   3.5301785e+01
   2.1000000e+02   3.5780204e+01
   2.2000000e+02   3.6290426e+01
   2.3000000e+02   3.6786495e+01
   2.4000000e+02   3.7210917e+01
   2.5000000e+02   3.7588636e+01
   2.6000000e+02   3.7986393e+01
   2.7000000e+02   3.8464844e+01
   2.8000000e+02   3.8808653e+01
   2.9000000e+02   3.9132844e+01
   3.0000000e+02   3.9476095e+01
   3.1000000e+02   3.9841677e+01
   3.2000000e+02   4.0249669e+01
   3.3000000e+02   4.0537591e+01
   3.4000000e+02   4.0829660e+01
   3.5000000e+02   4.1095875e+01
   3.6000000e+02   4.1323695e+01
   3.7000000e+02   4.1611680e+01
   3.8000000e+02   4.1902472e+01
   3.9000000e+02   4.2133341e+01
   4.0000000e+02   4.2326734e+01
   4.1000000e+02   4.2583609e+01
   4.2000000e+02   4.2780219e+01
   4.3000000e+02   4.2999587e+01
   4.4000000e+02   4.3203578e+01
   4.5000000e+02   4.3475173e+01
   4.6000000e+02   4.3656081e+01
   4.7000000e+02   4.3884940e+01
   4.8000000e+02   4.4100736e+01
   4.9000000e+02   4.4270724e+01
   5.0000000e+02   4.4510801e+01
   5.1000000e+02   4.4680481e+01
   5.2000000e+02   4.4812658e+01
   5.3000000e+02   4.5053072e+01
   5.4000000e+02   4.5178504e+01
   5.5000000e+02   4.5333262e+01
   5.6000000e+02   4.5521175e+01
   5.7000000e+02   4.5641139e+01
   5.8000000e+02   4.5853216e+01
   5.9000000e+02   4.6058832e+01
   6.0000000e+02   4.6228597e+01
   6.1000000e+02   4.6314930e+01
   6.2000000e+02   4.6442438e+01
   6.3000000e+02   4.6587091e+01
   6.4000000e+02   4.6703740e+01
   6.5000000e+02   4.6881464e+01
   6.6000000e+02   4.6985748e+01
   6.7000000e+02   4.7099887e+01
   6.8000000e+02   4.7230939e+01
   6.9000000e+02   4.7475670e+01
   7.0000000e+02   4.7758096e+01
   7.1000000e+02   4.8019195e+01
   7.2000000e+02   4.8277709e+01
   7.3000000e+02   4.8633142e+01
   7.4000000e+02   4.8852833e+01
   7.5000000e+02   4.9218159e+01
   7.6000000e+02   4.9395539e+01
   7.7000000e+02   4.9642492e+01
   7.8000000e+02   4.9904915e+01
   7.9000000e+02   5.0147369e+01
   8.0000000e+02   5.0451944e+01
   8.1000000e+02   5.0692706e+01
   8.2000000e+02   5.0858907e+01
   8.3000000e+02   5.1038584e+01
   8.4000000e+02   5.1361532e+01
   8.5000000e+02   5.1590162e+01
   8.6000000e+02   5.1671551e+01
   8.7000000e+02   5.1876242e+01
   8.8000000e+02   5.2109030e+01
   8.9000000e+02   5.2262872e+01
   9.0000000e+02   5.2480432e+01
   9.1000000e+02   5.2713821e+01
   9.2000000e+02   5.2986549e+01
   9.3000000e+02   5.3115057e+01
   9.4000000e+02   5.3347707e+01
   9.5000000e+02   5.3430298e+01
   9.6000000e+02   5.3625413e+01
   9.7000000e+02   5.3704725e+01
   9.8000000e+02   5.3789674e+01
   9.9000000e+02   5.3924025e+01
   1.0000000e+03   5.4075787e+01
   1.0100000e+03   5.4152141e+01
   1.0200000e+03   5.4311826e+01
   1.0300000e+03   5.4354720e+01
   1.0400000e+03   5.4591129e+01
   1.0500000e+03   5.4578103e+01
   1.0600000e+03   5.4551510e+01
   1.0700000e+03   5.4740523e+01
   1.0800000e+03   5.4854049e+01
   1.0900000e+03   5.5060154e+01
   1.1000000e+03   5.5092440e+01
   1.1100000e+03   5.5143350e+01
   1.1200000e+03   5.5333761e+01
   1.1300000e+03   5.5437788e+01
   1.1400000e+03   5.5292294e+01
   1.1500000e+03   5.5500761e+01
   1.1600000e+03   5.5476330e+01
   1.1700000e+03   5.5548910e+01
   1.1800000e+03   5.5702732e+01
   1.1900000e+03   5.5907854e+01
   1.2000000e+03   5.5806277e+01
   1.2100000e+03   5.5855768e+01
   1.2200000e+03   5.6016924e+01
   1.2300000e+03   5.6092232e+01
   1.2400000e+03   5.6169022e+01
   1.2500000e+03   5.6509575e+01
   1.2600000e+03   5.6385371e+01
   1.2700000e+03   5.6504866e+01
   1.2800000e+03   5.6521078e+01
   1.2900000e+03   5.6604010e+01
   1.3000000e+03   5.6780677e+01
   1.3100000e+03   5.6640607e+01
   1.3200000e+03   5.6530129e+01
   1.3300000e+03   5.6434832e+01
   1.3400000e+03   5.6507152e+01
   1.3500000e+03   5.6612290e+01
   1.3600000e+03   5.6581704e+01
   1.3700000e+03   5.6625480e+01
   1.3800000e+03   5.6651644e+01
   1.3900000e+03   5.6641293e+01
   1.4000000e+03   5.6695871e+01
   1.4100000e+03   5.6751323e+01
   1.4200000e+03   5.7019844e+01
   1.4300000e+03   5.7048190e+01
   1.4400000e+03   5.7084403e+01
   1.4500000e+03   5.7102486e+01
   1.4600000e+03   5.7190789e+01
   1.4700000e+03   5.7350426e+01
   1.4800000e+03   5.7421639e+01
   1.4900000e+03   5.7292700e+01
   1.5000000e+03   5.7315162e+01
   1.5100000e+03   5.7437211e+01
   1.5200000e+03   5.7441856e+01
   1.5300000e+03   5.7543438e+01
   1.5400000e+03   5.7729885e+01
   1.5500000e+03   5.7760196e+01
   1.5600000e+03   5.7808518e+01
   1.5700000e+03   5.7801695e+01
   1.5800000e+03   5.7895011e+01
   1.5900000e+03   5.7976093e+01
   1.6000000e+03   5.7966810e+01
   1.6100000e+03   5.8033810e+01
   1.6200000e+03   5.8023154e+01
   1.6300000e+03   5.8016255e+01
   1.6400000e+03   5.8112743e+01
   1.6500000e+03   5.8172435e+01
   1.6600000e+03   5.8245503e+01
   1.6700000e+03   5.8274566e+01
   1.6800000e+03   5.8319303e+01
   1.6900000e+03   5.8311677e+01
   1.7000000e+03   5.8418293e+01
   1.7100000e+03   5.8357521e+01
   1.7200000e+03   5.8450759e+01
   1.7300000e+03   5.8703512e+01
   1.7400000e+03   5.8640601e+01
   1.7500000e+03   5.8623953e+01
   1.7600000e+03   5.8782266e+01
   1.7700000e+03   5.8984282e+01
   1.7800000e+03   5.8825977e+01
   1.7900000e+03   5.8727374e+01
   1.8000000e+03   5.8955619e+01
   1.8100000e+03   5.8953035e+01
   1.8200000e+03   5.8975140e+01
   1.8300000e+03   5.9145034e+01
   1.8400000e+03   5.9106812e+01
   1.8500000e+03   5.9012580e+01
   1.8600000e+03   5.9160279e+01
   1.8700000e+03   5.9181849e+01
   1.8800000e+03   5.9276428e+01
   1.8900000e+03   5.9193779e+01
   1.9000000e+03   5.9158605e+01
   1.9100000e+03   5.9082976e+01
   1.9200000e+03   5.9154058e+01
   1.9300000e+03   5.9211902e+01
   1.9400000e+03   5.9323778e+01
   1.9500000e+03   5.9351580e+01
   1.9600000e+03   5.9503298e+01
   1.9700000e+03   5.9481633e+01
   1.9800000e+03   5.9449715e+01
   1.9900000e+03   5.9608123e+01
   2.0000000e+03   5.9288062e+01
   2.0100000e+03   5.9609314e+01
   2.0200000e+03   5.9765814e+01
   2.0300000e+03   5.9672502e+01
   2.0400000e+03   5.9694374e+01
   2.0500000e+03   5.9755132e+01
   2.0600000e+03   5.9727110e+01
   2.0700000e+03   5.9682838e+01
   2.0800000e+03   5.9683352e+01
   2.0900000e+03   5.9660133e+01
   2.1000000e+03   5.9743418e+01
   2.1100000e+03   5.9822608e+01
   2.1200000e+03   5.9685192e+01
   2.1300000e+03   5.9664019e+01
   2.1400000e+03   5.9650977e+01
   2.1500000e+03   5.9750441e+01
   2.1600000e+03   5.9804183e+01
   2.1700000e+03   5.9763313e+01
   2.1800000e+03   5.9965427e+01
   2.1900000e+03   5.9874002e+01
   2.2000000e+03   5.9863880e+01
   2.2100000e+03   5.9860951e+01
   2.2200000e+03   6.0048189e+01
   2.2300000e+03   6.0063941e+01
   2.2400000e+03   6.0126341e+01
   2.2500000e+03   5.9941761e+01
   2.2600000e+03   6.0078381e+01
   2.2700000e+03   6.0177152e+01
   2.2800000e+03   6.0189074e+01
   2.2900000e+03   6.0007836e+01
   2.3000000e+03   5.9992233e+01
   2.3100000e+03   6.0110915e+01
   2.3200000e+03   6.0235364e+01
   2.3300000e+03   6.0201675e+01
   2.3400000e+03   6.0205830e+01
   2.3500000e+03   6.0250972e+01
   2.3600000e+03   6.0047609e+01
   2.3700000e+03   6.0152327e+01
   2.3800000e+03   6.0286966e+01
   2.3900000e+03   6.0257263e+01
   2.4000000e+03   6.0170914e+01
   2.4100000e+03   6.0290856e+01
   2.4200000e+03   6.0256951e+01
   2.4300000e+03   6.0225253e+01
   2.4400000e+03   6.0294539e+01
   2.4500000e+03   6.0361580e+01
   2.4600000e+03   6.0123560e+01
   2.4700000e+03   6.0073112e+01
   2.4800000e+03   6.0048864e+01
   2.4900000e+03   5.9986906e+01
   2.5000000e+03   6.0048773e+01
   2.5100000e+03   6.0336020e+01
   2.5200000e+03   6.0278559e+01
   2.5300000e+03   6.0270024e+01
   2.5400000e+03   6.0355159e+01
   2.5500000e+03   6.0396079e+01
   2.5600000e+03   6.0420965e+01
   2.5700000e+03   6.0360486e+01
   2.5800000e+03   6.0523397e+01
   2.5900000e+03   6.0550726e+01
   2.6000000e+03   6.0324578e+01
   2.6100000e+03   6.0520169e+01
   2.6200000e+03   6.0616064e+01
   2.6300000e+03   6.0385623e+01
   2.6400000e+03   6.0444928e+01
   2.6500000e+03   6.0508383e+01
   2.6600000e+03   6.0529510e+01
   2.6700000e+03   6.0570383e+01
   2.6800000e+03   6.0534710e+01
   2.6900000e+03   6.0699014e+01
   2.7000000e+03   6.0818369e+01
   2.7100000e+03   6.0495899e+01
   2.7200000e+03   6.0614941e+01
   2.7300000e+03   6.0534291e+01
   2.7400000e+03   6.0456171e+01
   2.7500000e+03   6.0731919e+01
   2.7600000e+03   6.0534324e+01
   2.7700000e+03   6.0446766e+01
   2.7800000e+03   6.0723062e+01
   2.7900000e+03   6.0722425e+01
   2.8000000e+03   6.0664492e+01
   2.8100000e+03   6.0717072e+01
   2.8200000e+03   6.0711921e+01
   2.8300000e+03   6.0824485e+01
   2.8400000e+03   6.0642245e+01
   2.8500000e+03   6.0700961e+01
   2.8600000e+03   6.0771632e+01
   2.8700000e+03   6.0895953e+01
   2.8800000e+03   6.0825518e+01
   2.8900000e+03   6.0763707e+01
   2.9000000e+03   6.0710383e+01
   2.9100000e+03   6.0774315e+01
   2.9200000e+03   6.0826750e+01
   2.9300000e+03   6.0915083e+01
   2.9400000e+03   6.0793785e+01
   2.9500000e+03   6.0914051e+01
   2.9600000e+03   6.1033762e+01
   2.9700000e+03   6.0921052e+01
   2.9800000e+03   6.0864121e+01
   2.9900000e+03   6.0940342e+01
   3.0000000e+03   6.0968235e+01
   3.0100000e+03   6.0867192e+01
   3.0200000e+03   6.1008305e+01
   3.0300000e+03   6.0958569e+01
   3.0400000e+03   6.0982027e+01
   3.0500000e+03   6.1062747e+01
   3.0600000e+03   6.0830140e+01
   3.0700000e+03   6.0897340e+01
   3.0800000e+03   6.0923840e+01
   3.0900000e+03   6.0807861e+01
   3.1000000e+03   6.1070783e+01
   3.1100000e+03   6.1130585e+01
   3.1200000e+03   6.0952929e+01
   3.1300000e+03   6.0878912e+01
   3.1400000e+03   6.0975527e+01
   3.1500000e+03   6.1034086e+01
   3.1600000e+03   6.0971503e+01
   3.1700000e+03   6.0887702e+01
   3.1800000e+03   6.0865167e+01
   3.1900000e+03   6.0891994e+01
   3.2000000e+03   6.0927494e+01
   3.2100000e+03   6.0942328e+01
   3.2200000e+03   6.0846771e+01
   3.2300000e+03   6.0855396e+01
   3.2400000e+03   6.0911740e+01
   3.2500000e+03   6.0965079e+01
   3.2600000e+03   6.0932721e+01
   3.2700000e+03   6.0991606e+01
   3.2800000e+03   6.1136753e+01
   3.2900000e+03   6.1132590e+01
   3.3000000e+03   6.1060257e+01
   3.3100000e+03   6.1107270e+01
   3.3200000e+03   6.1132373e+01
   3.3300000e+03   6.1263777e+01
   3.3400000e+03   6.1107244e+01
   3.3500000e+03   6.0994801e+01
   3.3600000e+03   6.1064076e+01
   3.3700000e+03   6.0910783e+01
   3.3800000e+03   6.1143982e+01
   3.3900000e+03   6.1040156e+01
   3.4000000e+03   6.0993430e+01
   3.4100000e+03   6.0952986e+01
   3.4200000e+03   6.0878747e+01
   3.4300000e+03   6.0976487e+01
   3.4400000e+03   6.1014930e+01
   3.4500000e+03   6.1206306e+01
   3.4600000e+03   6.0950565e+01
   3.4700000e+03   6.1011220e+01
   3.4800000e+03   6.1098657e+01
   3.4900000e+03   6.1241182e+01
