   0.0000000e+00   1.7057057e+01
   1.0000000e+01   1.7066261e+01
   2.0000000e+01   1.7053989e+01
   3.0000000e+01   1.7058413e+01
   4.0000000e+01   1.7065284e+01
   5.0000000e+01   1.7059114e+01
   6.0000000e+01   1.7067298e+01
   7.0000000e+01   1.7086501e+01
   8.0000000e+01   1.7104529e+01
   9.0000000e+01   1.7124304e+01
   1.0000000e+02   1.7151088e+01
   1.1000000e+02   1.7171578e+01
   1.2000000e+02   1.7182059e+01
   1.3000000e+02   1.7211765e+01
   1.4000000e+02   1.7245517e+01
   1.5000000e+02   1.7294969e+01
   1.6000000e+02   1.7334067e+01
   1.7000000e+02   1.7389024e+01
   1.8000000e+02   1.7442129e+01
   1.9000000e+02   1.7517378e+01
   2.0000000e+02   1.7591389e+01
   2.1000000e+02   1.7668854e+01
   2.2000000e+02   1.7765691e+01
   2.3000000e+02   1.7844378e+01
   2.4000000e+02   1.7933347e+01
   2.5000000e+02   1.8043558e+01
   2.6000000e+02   1.8154860e+01
   2.7000000e+02   1.8244268e+01
   2.8000000e+02   1.8364391e+01
   2.9000000e+02   1.8491827e+01
   3.0000000e+02   1.8597278e+01
   3.1000000e+02   1.8725105e+01
   3.2000000e+02   1.8826239e+01
   3.3000000e+02   1.8948329e+01
   3.4000000e+02   1.9082296e+01
   3.5000000e+02   1.9210401e+01
   3.6000000e+02   1.9346977e+01
   3.7000000e+02   1.9472020e+01
   3.8000000e+02   1.9606149e+01
   3.9000000e+02   1.9737479e+01
   4.0000000e+02   1.9866453e+01
   4.1000000e+02   1.9998049e+01
   4.2000000e+02   2.0122250e+01
   4.3000000e+02   2.0248323e+01
   4.4000000e+02   2.0393243e+01
   4.5000000e+02   2.0532307e+01
   4.6000000e+02   2.0678110e+01
   4.7000000e+02   2.0838339e+01
   4.8000000e+02   2.0968853e+01
   4.9000000e+02   2.1114022e+01
   5.0000000e+02   2.1248016e+01
   5.1000000e+02   2.1400885e+01
   5.2000000e+02   2.1554009e+01
   5.3000000e+02   2.1700739e+01
   5.4000000e+02   2.1839158e+01
   5.5000000e+02   2.1987932e+01
   5.6000000e+02   2.2115228e+01
   5.7000000e+02   2.2249139e+01
   5.8000000e+02   2.2374716e+01
   5.9000000e+02   2.2501575e+01
   6.0000000e+02   2.2623071e+01
   6.1000000e+02   2.2756369e+01
   6.2000000e+02   2.2868665e+01
   6.3000000e+02   2.2996082e+01
   6.4000000e+02   2.3127787e+01
   6.5000000e+02   2.3244006e+01
   6.6000000e+02   2.3351582e+01
   6.7000000e+02   2.3479095e+01
   6.8000000e+02   2.3587704e+01
   6.9000000e+02   2.3707291e+01
   7.0000000e+02   2.3819133e+01
   7.1000000e+02   2.3921236e+01
   7.2000000e+02   2.4053265e+01
   7.3000000e+02   2.4181314e+01
   7.4000000e+02   2.4295774e+01
   7.5000000e+02   2.4410915e+01
   7.6000000e+02   2.4509649e+01
   7.7000000e+02   2.4618716e+01
   7.8000000e+02   2.4743147e+01
   7.9000000e+02   2.4845291e+01
   8.0000000e+02   2.4964968e+01
   8.1000000e+02   2.5067870e+01
   8.2000000e+02   2.5187045e+01
   8.3000000e+02   2.5281948e+01
   8.4000000e+02   2.5382161e+01
   8.5000000e+02   2.5490080e+01
   8.6000000e+02   2.5589010e+01
   8.7000000e+02   2.5676707e+01
   8.8000000e+02   2.5776089e+01
   8.9000000e+02   2.5873499e+01
   9.0000000e+02   2.5987961e+01
   9.1000000e+02   2.6103905e+01
   9.2000000e+02   2.6197423e+01
   9.3000000e+02   2.6288285e+01
   9.4000000e+02   2.6398624e+01
   9.5000000e+02   2.6483237e+01
   9.6000000e+02   2.6581393e+01
   9.7000000e+02   2.6666405e+01
   9.8000000e+02   2.6768618e+01
   9.9000000e+02   2.6859570e+01
   1.0000000e+03   2.6969560e+01
   1.0100000e+03   2.7055791e+01
   1.0200000e+03   2.7144853e+01
   1.0300000e+03   2.7225843e+01
   1.0400000e+03   2.7309466e+01
   1.0500000e+03   2.7372152e+01
   1.0600000e+03   2.7460124e+01
   1.0700000e+03   2.7541316e+01
   1.0800000e+03   2.7616326e+01
   1.0900000e+03   2.7715072e+01
   1.1000000e+03   2.7801584e+01
   1.1100000e+03   2.7866209e+01
   1.1200000e+03  -2.4590111e+02
   1.1300000e+03  -2.4590111e+02
   1.1400000e+03  -2.4590111e+02
   1.1500000e+03  -2.4590111e+02
   1.1600000e+03  -2.4590111e+02
   1.1700000e+03  -2.4590111e+02
   1.1800000e+03  -2.4590111e+02
   1.1900000e+03  -2.4590111e+02
   1.2000000e+03  -2.4590111e+02
   1.2100000e+03  -2.4590111e+02
   1.2200000e+03  -2.4590111e+02
   1.2300000e+03  -2.4590111e+02
   1.2400000e+03  -2.4590111e+02
   1.2500000e+03  -2.4590111e+02
   1.2600000e+03  -2.4590111e+02
   1.2700000e+03  -2.4590111e+02
   1.2800000e+03  -2.4590111e+02
   1.2900000e+03  -2.4590111e+02
   1.3000000e+03  -2.4590111e+02
   1.3100000e+03  -2.4590111e+02
   1.3200000e+03  -2.4590111e+02
   1.3300000e+03  -2.4590111e+02
   1.3400000e+03  -2.4590111e+02
   1.3500000e+03  -2.4590111e+02
   1.3600000e+03  -2.4590111e+02
   1.3700000e+03  -2.4590111e+02
   1.3800000e+03  -2.4590111e+02
   1.3900000e+03  -2.4590111e+02
   1.4000000e+03  -2.4590111e+02
   1.4100000e+03  -2.4590111e+02
   1.4200000e+03  -2.4590111e+02
   1.4300000e+03  -2.4590111e+02
   1.4400000e+03  -2.4590111e+02
   1.4500000e+03  -2.4590111e+02
   1.4600000e+03  -2.4590111e+02
   1.4700000e+03  -2.4590111e+02
   1.4800000e+03  -2.4590111e+02
   1.4900000e+03  -2.4590111e+02
   1.5000000e+03  -2.4590111e+02
   1.5100000e+03  -2.4590111e+02
   1.5200000e+03  -2.4590111e+02
   1.5300000e+03  -2.4590111e+02
   1.5400000e+03  -2.4590111e+02
   1.5500000e+03  -2.4590111e+02
   1.5600000e+03  -2.4590111e+02
   1.5700000e+03  -2.4590111e+02
   1.5800000e+03  -2.4590111e+02
   1.5900000e+03  -2.4590111e+02
   1.6000000e+03  -2.4590111e+02
   1.6100000e+03  -2.4590111e+02
   1.6200000e+03  -2.4590111e+02
   1.6300000e+03  -2.4590111e+02
   1.6400000e+03  -2.4590111e+02
   1.6500000e+03  -2.4590111e+02
   1.6600000e+03  -2.4590111e+02
   1.6700000e+03  -2.4590111e+02
   1.6800000e+03  -2.4590111e+02
   1.6900000e+03  -2.4590111e+02
   1.7000000e+03  -2.4590111e+02
   1.7100000e+03  -2.4590111e+02
   1.7200000e+03  -2.4590111e+02
   1.7300000e+03  -2.4590111e+02
   1.7400000e+03  -2.4590111e+02
   1.7500000e+03  -2.4590111e+02
   1.7600000e+03  -2.4590111e+02
   1.7700000e+03  -2.4590111e+02
   1.7800000e+03  -2.4590111e+02
   1.7900000e+03  -2.4590111e+02
   1.8000000e+03  -2.4590111e+02
   1.8100000e+03  -2.4590111e+02
   1.8200000e+03  -2.4590111e+02
   1.8300000e+03  -2.4590111e+02
   1.8400000e+03  -2.4590111e+02
   1.8500000e+03  -2.4590111e+02
   1.8600000e+03  -2.4590111e+02
   1.8700000e+03  -2.4590111e+02
   1.8800000e+03  -2.4590111e+02
   1.8900000e+03  -2.4590111e+02
   1.9000000e+03  -2.4590111e+02
   1.9100000e+03  -2.4590111e+02
   1.9200000e+03  -2.4590111e+02
   1.9300000e+03  -2.4590111e+02
   1.9400000e+03  -2.4590111e+02
   1.9500000e+03  -2.4590111e+02
   1.9600000e+03  -2.4590111e+02
   1.9700000e+03  -2.4590111e+02
   1.9800000e+03  -2.4590111e+02
   1.9900000e+03  -2.4590111e+02
   2.0000000e+03  -2.4590111e+02
   2.0100000e+03  -2.4590111e+02
   2.0200000e+03  -2.4590111e+02
   2.0300000e+03  -2.4590111e+02
   2.0400000e+03  -2.4590111e+02
   2.0500000e+03  -2.4590111e+02
   2.0600000e+03  -2.4590111e+02
   2.0700000e+03  -2.4590111e+02
   2.0800000e+03  -2.4590111e+02
   2.0900000e+03  -2.4590111e+02
   2.1000000e+03  -2.4590111e+02
   2.1100000e+03  -2.4590111e+02
   2.1200000e+03  -2.4590111e+02
   2.1300000e+03  -2.4590111e+02
   2.1400000e+03  -2.4590111e+02
   2.1500000e+03  -2.4590111e+02
   2.1600000e+03  -2.4590111e+02
   2.1700000e+03  -2.4590111e+02
   2.1800000e+03  -2.4590111e+02
   2.1900000e+03  -2.4590111e+02
   2.2000000e+03  -2.4590111e+02
   2.2100000e+03  -2.4590111e+02
   2.2200000e+03  -2.4590111e+02
   2.2300000e+03  -2.4590111e+02
   2.2400000e+03  -2.4590111e+02
   2.2500000e+03  -2.4590111e+02
   2.2600000e+03  -2.4590111e+02
   2.2700000e+03  -2.4590111e+02
   2.2800000e+03  -2.4590111e+02
   2.2900000e+03  -2.4590111e+02
   2.3000000e+03  -2.4590111e+02
   2.3100000e+03  -2.4590111e+02
   2.3200000e+03  -2.4590111e+02
   2.3300000e+03  -2.4590111e+02
   2.3400000e+03  -2.4590111e+02
   2.3500000e+03  -2.4590111e+02
   2.3600000e+03  -2.4590111e+02
   2.3700000e+03  -2.4590111e+02
   2.3800000e+03  -2.4590111e+02
   2.3900000e+03  -2.4590111e+02
   2.4000000e+03  -2.4590111e+02
   2.4100000e+03  -2.4590111e+02
   2.4200000e+03  -2.4590111e+02
   2.4300000e+03  -2.4590111e+02
   2.4400000e+03  -2.4590111e+02
   2.4500000e+03  -2.4590111e+02
   2.4600000e+03  -2.4590111e+02
   2.4700000e+03  -2.4590111e+02
   2.4800000e+03  -2.4590111e+02
   2.4900000e+03  -2.4590111e+02
   2.5000000e+03  -2.4590111e+02
   2.5100000e+03  -2.4590111e+02
   2.5200000e+03  -2.4590111e+02
   2.5300000e+03  -2.4590111e+02
   2.5400000e+03  -2.4590111e+02
   2.5500000e+03  -2.4590111e+02
   2.5600000e+03  -2.4590111e+02
   2.5700000e+03  -2.4590111e+02
   2.5800000e+03  -2.4590111e+02
   2.5900000e+03  -2.4590111e+02
   2.6000000e+03  -2.4590111e+02
   2.6100000e+03  -2.4590111e+02
   2.6200000e+03  -2.4590111e+02
   2.6300000e+03  -2.4590111e+02
   2.6400000e+03  -2.4590111e+02
   2.6500000e+03  -2.4590111e+02
   2.6600000e+03  -2.4590111e+02
   2.6700000e+03  -2.4590111e+02
   2.6800000e+03  -2.4590111e+02
   2.6900000e+03  -2.4590111e+02
   2.7000000e+03  -2.4590111e+02
   2.7100000e+03  -2.4590111e+02
   2.7200000e+03  -2.4590111e+02
   2.7300000e+03  -2.4590111e+02
   2.7400000e+03  -2.4590111e+02
   2.7500000e+03  -2.4590111e+02
   2.7600000e+03  -2.4590111e+02
   2.7700000e+03  -2.4590111e+02
   2.7800000e+03  -2.4590111e+02
   2.7900000e+03  -2.4590111e+02
   2.8000000e+03  -2.4590111e+02
   2.8100000e+03  -2.4590111e+02
   2.8200000e+03  -2.4590111e+02
   2.8300000e+03  -2.4590111e+02
   2.8400000e+03  -2.4590111e+02
   2.8500000e+03  -2.4590111e+02
   2.8600000e+03  -2.4590111e+02
   2.8700000e+03  -2.4590111e+02
   2.8800000e+03  -2.4590111e+02
   2.8900000e+03  -2.4590111e+02
   2.9000000e+03  -2.4590111e+02
   2.9100000e+03  -2.4590111e+02
   2.9200000e+03  -2.4590111e+02
   2.9300000e+03  -2.4590111e+02
   2.9400000e+03  -2.4590111e+02
   2.9500000e+03  -2.4590111e+02
   2.9600000e+03  -2.4590111e+02
   2.9700000e+03  -2.4590111e+02
   2.9800000e+03  -2.4590111e+02
   2.9900000e+03  -2.4590111e+02
   3.0000000e+03  -2.4590111e+02
   3.0100000e+03  -2.4590111e+02
   3.0200000e+03  -2.4590111e+02
   3.0300000e+03  -2.4590111e+02
   3.0400000e+03  -2.4590111e+02
   3.0500000e+03  -2.4590111e+02
   3.0600000e+03  -2.4590111e+02
   3.0700000e+03  -2.4590111e+02
   3.0800000e+03  -2.4590111e+02
   3.0900000e+03  -2.4590111e+02
   3.1000000e+03  -2.4590111e+02
   3.1100000e+03  -2.4590111e+02
   3.1200000e+03  -2.4590111e+02
   3.1300000e+03  -2.4590111e+02
   3.1400000e+03  -2.4590111e+02
   3.1500000e+03  -2.4590111e+02
   3.1600000e+03  -2.4590111e+02
   3.1700000e+03  -2.4590111e+02
   3.1800000e+03  -2.4590111e+02
   3.1900000e+03  -2.4590111e+02
   3.2000000e+03  -2.4590111e+02
   3.2100000e+03  -2.4590111e+02
   3.2200000e+03  -2.4590111e+02
   3.2300000e+03  -2.4590111e+02
   3.2400000e+03  -2.4590111e+02
   3.2500000e+03  -2.4590111e+02
   3.2600000e+03  -2.4590111e+02
   3.2700000e+03  -2.4590111e+02
   3.2800000e+03  -2.4590111e+02
   3.2900000e+03  -2.4590111e+02
   3.3000000e+03  -2.4590111e+02
   3.3100000e+03  -2.4590111e+02
   3.3200000e+03  -2.4590111e+02
   3.3300000e+03  -2.4590111e+02
   3.3400000e+03  -2.4590111e+02
   3.3500000e+03  -2.4590111e+02
   3.3600000e+03  -2.4590111e+02
   3.3700000e+03  -2.4590111e+02
   3.3800000e+03  -2.4590111e+02
   3.3900000e+03  -2.4590111e+02
   3.4000000e+03  -2.4590111e+02
   3.4100000e+03  -2.4590111e+02
   3.4200000e+03  -2.4590111e+02
   3.4300000e+03  -2.4590111e+02
   3.4400000e+03  -2.4590111e+02
   3.4500000e+03  -2.4590111e+02
   3.4600000e+03  -2.4590111e+02
   3.4700000e+03  -2.4590111e+02
   3.4800000e+03  -2.4590111e+02
   3.4900000e+03  -2.4590111e+02
