   0.0000000e+00   1.7059147e+01
   1.0000000e+01   1.7068583e+01
   2.0000000e+01   1.7076283e+01
   3.0000000e+01   1.7119487e+01
   4.0000000e+01   1.7119159e+01
   5.0000000e+01   1.7126225e+01
   6.0000000e+01   1.7147413e+01
   7.0000000e+01   1.7199122e+01
   8.0000000e+01   1.7215060e+01
   9.0000000e+01   1.7231814e+01
   1.0000000e+02   1.7263240e+01
   1.1000000e+02   1.7280942e+01
   1.2000000e+02   1.7259613e+01
   1.3000000e+02   1.7275153e+01
   1.4000000e+02   1.7288936e+01
   1.5000000e+02   1.7308436e+01
   1.6000000e+02   1.7328960e+01
   1.7000000e+02   1.7347466e+01
   1.8000000e+02   1.7387107e+01
   1.9000000e+02   1.7429392e+01
   2.0000000e+02   1.7489945e+01
   2.1000000e+02   1.7538166e+01
   2.2000000e+02   1.7570017e+01
   2.3000000e+02   1.7620630e+01
   2.4000000e+02   1.7666674e+01
   2.5000000e+02   1.7714937e+01
   2.6000000e+02   1.7769637e+01
   2.7000000e+02   1.7812423e+01
   2.8000000e+02   1.7853682e+01
   2.9000000e+02   1.7911085e+01
   3.0000000e+02   1.7964141e+01
   3.1000000e+02   1.8008032e+01
   3.2000000e+02   1.8052374e+01
   3.3000000e+02   1.8094722e+01
   3.4000000e+02   1.8139917e+01
   3.5000000e+02   1.8189467e+01
   3.6000000e+02   1.8255859e+01
   3.7000000e+02   1.8324408e+01
   3.8000000e+02   1.8396261e+01
   3.9000000e+02   1.8443517e+01
   4.0000000e+02   1.8495850e+01
   4.1000000e+02   1.8526233e+01
   4.2000000e+02   1.8590745e+01
   4.3000000e+02   1.8649718e+01
   4.4000000e+02   1.8740794e+01
   4.5000000e+02   1.8809553e+01
   4.6000000e+02   1.8876260e+01
   4.7000000e+02   1.8969722e+01
   4.8000000e+02   1.9040621e+01
   4.9000000e+02   1.9097694e+01
   5.0000000e+02   1.9157266e+01
   5.1000000e+02   1.9230661e+01
   5.2000000e+02   1.9296213e+01
   5.3000000e+02   1.9399185e+01
   5.4000000e+02   1.9491985e+01
   5.5000000e+02   1.9512664e+01
   5.6000000e+02   1.9557030e+01
   5.7000000e+02   1.9610589e+01
   5.8000000e+02   1.9640975e+01
   5.9000000e+02   1.9697687e+01
   6.0000000e+02   1.9736522e+01
   6.1000000e+02   1.9808287e+01
   6.2000000e+02   1.9871288e+01
   6.3000000e+02   1.9921654e+01
   6.4000000e+02   1.9920033e+01
   6.5000000e+02   1.9952941e+01
   6.6000000e+02   2.0017272e+01
   6.7000000e+02   2.0019598e+01
   6.8000000e+02   2.0050234e+01
   6.9000000e+02   2.0121778e+01
   7.0000000e+02   2.0139232e+01
   7.1000000e+02   2.0209237e+01
   7.2000000e+02   2.0257852e+01
   7.3000000e+02   2.0280715e+01
   7.4000000e+02   2.0310339e+01
   7.5000000e+02   2.0353164e+01
   7.6000000e+02   2.0386016e+01
   7.7000000e+02   2.0430176e+01
   7.8000000e+02   2.0440901e+01
   7.9000000e+02   2.0506848e+01
   8.0000000e+02   2.0547098e+01
   8.1000000e+02   2.0549447e+01
   8.2000000e+02   2.0581112e+01
   8.3000000e+02   2.0611108e+01
   8.4000000e+02   2.0658254e+01
   8.5000000e+02   2.0686288e+01
   8.6000000e+02   2.0667562e+01
   8.7000000e+02   2.0724853e+01
   8.8000000e+02   2.0765408e+01
   8.9000000e+02   2.0791256e+01
   9.0000000e+02   2.0830077e+01
   9.1000000e+02   2.0877342e+01
   9.2000000e+02   2.0910883e+01
   9.3000000e+02   2.0919074e+01
   9.4000000e+02   2.0982958e+01
   9.5000000e+02   2.1029794e+01
   9.6000000e+02   2.1057145e+01
   9.7000000e+02   2.1059258e+01
   9.8000000e+02   2.1133522e+01
   9.9000000e+02   2.1167774e+01
   1.0000000e+03   2.1188537e+01
   1.0100000e+03   2.1186121e+01
   1.0200000e+03   2.1233539e+01
   1.0300000e+03   2.1250167e+01
   1.0400000e+03   2.1286805e+01
   1.0500000e+03   2.1335950e+01
   1.0600000e+03   2.1404044e+01
   1.0700000e+03   2.1419046e+01
   1.0800000e+03   2.1466016e+01
   1.0900000e+03   2.1504004e+01
   1.1000000e+03   2.1540571e+01
   1.1100000e+03   2.1590528e+01
   1.1200000e+03  -2.4590111e+02
   1.1300000e+03  -2.4590111e+02
   1.1400000e+03  -2.4590111e+02
   1.1500000e+03  -2.4590111e+02
   1.1600000e+03  -2.4590111e+02
   1.1700000e+03  -2.4590111e+02
   1.1800000e+03  -2.4590111e+02
   1.1900000e+03  -2.4590111e+02
   1.2000000e+03  -2.4590111e+02
   1.2100000e+03  -2.4590111e+02
   1.2200000e+03  -2.4590111e+02
   1.2300000e+03  -2.4590111e+02
   1.2400000e+03  -2.4590111e+02
   1.2500000e+03  -2.4590111e+02
   1.2600000e+03  -2.4590111e+02
   1.2700000e+03  -2.4590111e+02
   1.2800000e+03  -2.4590111e+02
   1.2900000e+03  -2.4590111e+02
   1.3000000e+03  -2.4590111e+02
   1.3100000e+03  -2.4590111e+02
   1.3200000e+03  -2.4590111e+02
   1.3300000e+03  -2.4590111e+02
   1.3400000e+03  -2.4590111e+02
   1.3500000e+03  -2.4590111e+02
   1.3600000e+03  -2.4590111e+02
   1.3700000e+03  -2.4590111e+02
   1.3800000e+03  -2.4590111e+02
   1.3900000e+03  -2.4590111e+02
   1.4000000e+03  -2.4590111e+02
   1.4100000e+03  -2.4590111e+02
   1.4200000e+03  -2.4590111e+02
   1.4300000e+03  -2.4590111e+02
   1.4400000e+03  -2.4590111e+02
   1.4500000e+03  -2.4590111e+02
   1.4600000e+03  -2.4590111e+02
   1.4700000e+03  -2.4590111e+02
   1.4800000e+03  -2.4590111e+02
   1.4900000e+03  -2.4590111e+02
   1.5000000e+03  -2.4590111e+02
   1.5100000e+03  -2.4590111e+02
   1.5200000e+03  -2.4590111e+02
   1.5300000e+03  -2.4590111e+02
   1.5400000e+03  -2.4590111e+02
   1.5500000e+03  -2.4590111e+02
   1.5600000e+03  -2.4590111e+02
   1.5700000e+03  -2.4590111e+02
   1.5800000e+03  -2.4590111e+02
   1.5900000e+03  -2.4590111e+02
   1.6000000e+03  -2.4590111e+02
   1.6100000e+03  -2.4590111e+02
   1.6200000e+03  -2.4590111e+02
   1.6300000e+03  -2.4590111e+02
   1.6400000e+03  -2.4590111e+02
   1.6500000e+03  -2.4590111e+02
   1.6600000e+03  -2.4590111e+02
   1.6700000e+03  -2.4590111e+02
   1.6800000e+03  -2.4590111e+02
   1.6900000e+03  -2.4590111e+02
   1.7000000e+03  -2.4590111e+02
   1.7100000e+03  -2.4590111e+02
   1.7200000e+03  -2.4590111e+02
   1.7300000e+03  -2.4590111e+02
   1.7400000e+03  -2.4590111e+02
   1.7500000e+03  -2.4590111e+02
   1.7600000e+03  -2.4590111e+02
   1.7700000e+03  -2.4590111e+02
   1.7800000e+03  -2.4590111e+02
   1.7900000e+03  -2.4590111e+02
   1.8000000e+03  -2.4590111e+02
   1.8100000e+03  -2.4590111e+02
   1.8200000e+03  -2.4590111e+02
   1.8300000e+03  -2.4590111e+02
   1.8400000e+03  -2.4590111e+02
   1.8500000e+03  -2.4590111e+02
   1.8600000e+03  -2.4590111e+02
   1.8700000e+03  -2.4590111e+02
   1.8800000e+03  -2.4590111e+02
   1.8900000e+03  -2.4590111e+02
   1.9000000e+03  -2.4590111e+02
   1.9100000e+03  -2.4590111e+02
   1.9200000e+03  -2.4590111e+02
   1.9300000e+03  -2.4590111e+02
   1.9400000e+03  -2.4590111e+02
   1.9500000e+03  -2.4590111e+02
   1.9600000e+03  -2.4590111e+02
   1.9700000e+03  -2.4590111e+02
   1.9800000e+03  -2.4590111e+02
   1.9900000e+03  -2.4590111e+02
   2.0000000e+03  -2.4590111e+02
   2.0100000e+03  -2.4590111e+02
   2.0200000e+03  -2.4590111e+02
   2.0300000e+03  -2.4590111e+02
   2.0400000e+03  -2.4590111e+02
   2.0500000e+03  -2.4590111e+02
   2.0600000e+03  -2.4590111e+02
   2.0700000e+03  -2.4590111e+02
   2.0800000e+03  -2.4590111e+02
   2.0900000e+03  -2.4590111e+02
   2.1000000e+03  -2.4590111e+02
   2.1100000e+03  -2.4590111e+02
   2.1200000e+03  -2.4590111e+02
   2.1300000e+03  -2.4590111e+02
   2.1400000e+03  -2.4590111e+02
   2.1500000e+03  -2.4590111e+02
   2.1600000e+03  -2.4590111e+02
   2.1700000e+03  -2.4590111e+02
   2.1800000e+03  -2.4590111e+02
   2.1900000e+03  -2.4590111e+02
   2.2000000e+03  -2.4590111e+02
   2.2100000e+03  -2.4590111e+02
   2.2200000e+03  -2.4590111e+02
   2.2300000e+03  -2.4590111e+02
   2.2400000e+03  -2.4590111e+02
   2.2500000e+03  -2.4590111e+02
   2.2600000e+03  -2.4590111e+02
   2.2700000e+03  -2.4590111e+02
   2.2800000e+03  -2.4590111e+02
   2.2900000e+03  -2.4590111e+02
   2.3000000e+03  -2.4590111e+02
   2.3100000e+03  -2.4590111e+02
   2.3200000e+03  -2.4590111e+02
   2.3300000e+03  -2.4590111e+02
   2.3400000e+03  -2.4590111e+02
   2.3500000e+03  -2.4590111e+02
   2.3600000e+03  -2.4590111e+02
   2.3700000e+03  -2.4590111e+02
   2.3800000e+03  -2.4590111e+02
   2.3900000e+03  -2.4590111e+02
   2.4000000e+03  -2.4590111e+02
   2.4100000e+03  -2.4590111e+02
   2.4200000e+03  -2.4590111e+02
   2.4300000e+03  -2.4590111e+02
   2.4400000e+03  -2.4590111e+02
   2.4500000e+03  -2.4590111e+02
   2.4600000e+03  -2.4590111e+02
   2.4700000e+03  -2.4590111e+02
   2.4800000e+03  -2.4590111e+02
   2.4900000e+03  -2.4590111e+02
   2.5000000e+03  -2.4590111e+02
   2.5100000e+03  -2.4590111e+02
   2.5200000e+03  -2.4590111e+02
   2.5300000e+03  -2.4590111e+02
   2.5400000e+03  -2.4590111e+02
   2.5500000e+03  -2.4590111e+02
   2.5600000e+03  -2.4590111e+02
   2.5700000e+03  -2.4590111e+02
   2.5800000e+03  -2.4590111e+02
   2.5900000e+03  -2.4590111e+02
   2.6000000e+03  -2.4590111e+02
   2.6100000e+03  -2.4590111e+02
   2.6200000e+03  -2.4590111e+02
   2.6300000e+03  -2.4590111e+02
   2.6400000e+03  -2.4590111e+02
   2.6500000e+03  -2.4590111e+02
   2.6600000e+03  -2.4590111e+02
   2.6700000e+03  -2.4590111e+02
   2.6800000e+03  -2.4590111e+02
   2.6900000e+03  -2.4590111e+02
   2.7000000e+03  -2.4590111e+02
   2.7100000e+03  -2.4590111e+02
   2.7200000e+03  -2.4590111e+02
   2.7300000e+03  -2.4590111e+02
   2.7400000e+03  -2.4590111e+02
   2.7500000e+03  -2.4590111e+02
   2.7600000e+03  -2.4590111e+02
   2.7700000e+03  -2.4590111e+02
   2.7800000e+03  -2.4590111e+02
   2.7900000e+03  -2.4590111e+02
   2.8000000e+03  -2.4590111e+02
   2.8100000e+03  -2.4590111e+02
   2.8200000e+03  -2.4590111e+02
   2.8300000e+03  -2.4590111e+02
   2.8400000e+03  -2.4590111e+02
   2.8500000e+03  -2.4590111e+02
   2.8600000e+03  -2.4590111e+02
   2.8700000e+03  -2.4590111e+02
   2.8800000e+03  -2.4590111e+02
   2.8900000e+03  -2.4590111e+02
   2.9000000e+03  -2.4590111e+02
   2.9100000e+03  -2.4590111e+02
   2.9200000e+03  -2.4590111e+02
   2.9300000e+03  -2.4590111e+02
   2.9400000e+03  -2.4590111e+02
   2.9500000e+03  -2.4590111e+02
   2.9600000e+03  -2.4590111e+02
   2.9700000e+03  -2.4590111e+02
   2.9800000e+03  -2.4590111e+02
   2.9900000e+03  -2.4590111e+02
   3.0000000e+03  -2.4590111e+02
   3.0100000e+03  -2.4590111e+02
   3.0200000e+03  -2.4590111e+02
   3.0300000e+03  -2.4590111e+02
   3.0400000e+03  -2.4590111e+02
   3.0500000e+03  -2.4590111e+02
   3.0600000e+03  -2.4590111e+02
   3.0700000e+03  -2.4590111e+02
   3.0800000e+03  -2.4590111e+02
   3.0900000e+03  -2.4590111e+02
   3.1000000e+03  -2.4590111e+02
   3.1100000e+03  -2.4590111e+02
   3.1200000e+03  -2.4590111e+02
   3.1300000e+03  -2.4590111e+02
   3.1400000e+03  -2.4590111e+02
   3.1500000e+03  -2.4590111e+02
   3.1600000e+03  -2.4590111e+02
   3.1700000e+03  -2.4590111e+02
   3.1800000e+03  -2.4590111e+02
   3.1900000e+03  -2.4590111e+02
   3.2000000e+03  -2.4590111e+02
   3.2100000e+03  -2.4590111e+02
   3.2200000e+03  -2.4590111e+02
   3.2300000e+03  -2.4590111e+02
   3.2400000e+03  -2.4590111e+02
   3.2500000e+03  -2.4590111e+02
   3.2600000e+03  -2.4590111e+02
   3.2700000e+03  -2.4590111e+02
   3.2800000e+03  -2.4590111e+02
   3.2900000e+03  -2.4590111e+02
   3.3000000e+03  -2.4590111e+02
   3.3100000e+03  -2.4590111e+02
   3.3200000e+03  -2.4590111e+02
   3.3300000e+03  -2.4590111e+02
   3.3400000e+03  -2.4590111e+02
   3.3500000e+03  -2.4590111e+02
   3.3600000e+03  -2.4590111e+02
   3.3700000e+03  -2.4590111e+02
   3.3800000e+03  -2.4590111e+02
   3.3900000e+03  -2.4590111e+02
   3.4000000e+03  -2.4590111e+02
   3.4100000e+03  -2.4590111e+02
   3.4200000e+03  -2.4590111e+02
   3.4300000e+03  -2.4590111e+02
   3.4400000e+03  -2.4590111e+02
   3.4500000e+03  -2.4590111e+02
   3.4600000e+03  -2.4590111e+02
   3.4700000e+03  -2.4590111e+02
   3.4800000e+03  -2.4590111e+02
   3.4900000e+03  -2.4590111e+02
