   0.0000000e+00   1.8820375e+01
   1.0000000e+01   1.8827628e+01
   2.0000000e+01   1.9460098e+01
   3.0000000e+01   2.1790145e+01
   4.0000000e+01   2.4164686e+01
   5.0000000e+01   2.6229506e+01
   6.0000000e+01   2.8085571e+01
   7.0000000e+01   2.9741725e+01
   8.0000000e+01   3.1279659e+01
   9.0000000e+01   3.2661364e+01
   1.0000000e+02   3.4075707e+01
   1.1000000e+02   3.5271447e+01
   1.2000000e+02   3.6388765e+01
   1.3000000e+02   3.7456089e+01
   1.4000000e+02   3.8453987e+01
   1.5000000e+02   3.9406683e+01
   1.6000000e+02   4.0299669e+01
   1.7000000e+02   4.1181686e+01
   1.8000000e+02   4.1988510e+01
   1.9000000e+02   4.2905747e+01
   2.0000000e+02   4.3681341e+01
   2.1000000e+02   4.4410846e+01
   2.2000000e+02   4.5113485e+01
   2.3000000e+02   4.5788679e+01
   2.4000000e+02   4.6483164e+01
   2.5000000e+02   4.7089034e+01
   2.6000000e+02   4.7715273e+01
   2.7000000e+02   4.8315218e+01
   2.8000000e+02   4.8925020e+01
   2.9000000e+02   4.9462934e+01
   3.0000000e+02   4.9995108e+01
   3.1000000e+02   5.0483463e+01
   3.2000000e+02   5.0965126e+01
   3.3000000e+02   5.1459190e+01
   3.4000000e+02   5.1911076e+01
   3.5000000e+02   5.2349309e+01
   3.6000000e+02   5.2745113e+01
   3.7000000e+02   5.3211840e+01
   3.8000000e+02   5.3581613e+01
   3.9000000e+02   5.4012425e+01
   4.0000000e+02   5.4342042e+01
   4.1000000e+02   5.4736164e+01
   4.2000000e+02   5.5068297e+01
   4.3000000e+02   5.5381344e+01
   4.4000000e+02   5.5695474e+01
   4.5000000e+02   5.6023629e+01
   4.6000000e+02   5.6366790e+01
   4.7000000e+02   5.6641825e+01
   4.8000000e+02   5.6933952e+01
   4.9000000e+02   5.7215783e+01
   5.0000000e+02   5.7503264e+01
   5.1000000e+02   5.7722621e+01
   5.2000000e+02   5.7966559e+01
   5.3000000e+02   5.8210002e+01
   5.4000000e+02   5.8463999e+01
   5.5000000e+02   5.8726461e+01
   5.6000000e+02   5.8939431e+01
   5.7000000e+02   5.9159641e+01
   5.8000000e+02   5.9396855e+01
   5.9000000e+02   5.9601836e+01
   6.0000000e+02   5.9827785e+01
   6.1000000e+02   6.0050242e+01
   6.2000000e+02   6.0247792e+01
   6.3000000e+02   6.0422609e+01
   6.4000000e+02   6.0614777e+01
   6.5000000e+02   6.0828547e+01
   6.6000000e+02   6.0982307e+01
   6.7000000e+02   6.1167221e+01
   6.8000000e+02   6.1324642e+01
   6.9000000e+02   6.1508464e+01
   7.0000000e+02   6.1728092e+01
   7.1000000e+02   6.1877836e+01
   7.2000000e+02   6.2001115e+01
   7.3000000e+02   6.2156504e+01
   7.4000000e+02   6.2326731e+01
   7.5000000e+02   6.2467187e+01
   7.6000000e+02   6.2586853e+01
   7.7000000e+02   6.2697336e+01
   7.8000000e+02   6.2853959e+01
   7.9000000e+02   6.3022735e+01
   8.0000000e+02   6.3121148e+01
   8.1000000e+02   6.3239263e+01
   8.2000000e+02   6.3308581e+01
   8.3000000e+02   6.3426066e+01
   8.4000000e+02   6.3538818e+01
   8.5000000e+02   6.3642441e+01
   8.6000000e+02   6.3779089e+01
   8.7000000e+02   6.3949936e+01
   8.8000000e+02   6.4081365e+01
   8.9000000e+02   6.4195356e+01
   9.0000000e+02   6.4272095e+01
   9.1000000e+02   6.4356948e+01
   9.2000000e+02   6.4443784e+01
   9.3000000e+02   6.4521115e+01
   9.4000000e+02   6.4611073e+01
   9.5000000e+02   6.4718823e+01
   9.6000000e+02   6.4826508e+01
   9.7000000e+02   6.4889944e+01
   9.8000000e+02   6.4974314e+01
   9.9000000e+02   6.5021049e+01
   1.0000000e+03   6.5127333e+01
   1.0100000e+03   6.5254489e+01
   1.0200000e+03   6.5306075e+01
   1.0300000e+03   6.5361180e+01
   1.0400000e+03   6.5440517e+01
   1.0500000e+03   6.5533313e+01
   1.0600000e+03   6.5594937e+01
   1.0700000e+03   6.5679203e+01
   1.0800000e+03   6.5813170e+01
   1.0900000e+03   6.5888812e+01
   1.1000000e+03   6.5941622e+01
   1.1100000e+03   6.6001572e+01
   1.1200000e+03   6.6103069e+01
   1.1300000e+03   6.6206366e+01
   1.1400000e+03   6.6299959e+01
   1.1500000e+03   6.6372303e+01
   1.1600000e+03   6.6449999e+01
   1.1700000e+03   6.6509382e+01
   1.1800000e+03   6.6602378e+01
   1.1900000e+03   6.6728631e+01
   1.2000000e+03   6.6744354e+01
   1.2100000e+03   6.6795226e+01
   1.2200000e+03   6.6909430e+01
   1.2300000e+03   6.6954605e+01
   1.2400000e+03   6.6955377e+01
   1.2500000e+03   6.7011314e+01
   1.2600000e+03   6.7020605e+01
   1.2700000e+03   6.7031730e+01
   1.2800000e+03   6.7093391e+01
   1.2900000e+03   6.7151554e+01
   1.3000000e+03   6.7219157e+01
   1.3100000e+03   6.7315740e+01
   1.3200000e+03   6.7322335e+01
   1.3300000e+03   6.7344003e+01
   1.3400000e+03   6.7387284e+01
   1.3500000e+03   6.7430229e+01
   1.3600000e+03   6.7450543e+01
   1.3700000e+03   6.7444370e+01
   1.3800000e+03   6.7512369e+01
   1.3900000e+03   6.7595678e+01
   1.4000000e+03   6.7671048e+01
   1.4100000e+03   6.7686765e+01
   1.4200000e+03   6.7692406e+01
   1.4300000e+03   6.7747096e+01
   1.4400000e+03   6.7801592e+01
   1.4500000e+03   6.7850270e+01
   1.4600000e+03   6.7887306e+01
   1.4700000e+03   6.7953039e+01
   1.4800000e+03   6.8004541e+01
   1.4900000e+03   6.8027109e+01
   1.5000000e+03   6.8067966e+01
   1.5100000e+03   6.8178420e+01
   1.5200000e+03   6.8211491e+01
   1.5300000e+03   6.8218770e+01
   1.5400000e+03   6.8263682e+01
   1.5500000e+03   6.8369913e+01
   1.5600000e+03   6.8417689e+01
   1.5700000e+03   6.8449023e+01
   1.5800000e+03   6.8482267e+01
   1.5900000e+03   6.8486831e+01
   1.6000000e+03   6.8522313e+01
   1.6100000e+03   6.8531193e+01
   1.6200000e+03   6.8554301e+01
   1.6300000e+03   6.8612503e+01
   1.6400000e+03   6.8654628e+01
   1.6500000e+03   6.8713437e+01
   1.6600000e+03   6.8701243e+01
   1.6700000e+03   6.8738216e+01
   1.6800000e+03   6.8765446e+01
   1.6900000e+03   6.8780601e+01
   1.7000000e+03   6.8793460e+01
   1.7100000e+03   6.8807650e+01
   1.7200000e+03   6.8779227e+01
   1.7300000e+03   6.8852353e+01
   1.7400000e+03   6.8890423e+01
   1.7500000e+03   6.8944562e+01
   1.7600000e+03   6.8969168e+01
   1.7700000e+03   6.8984605e+01
   1.7800000e+03   6.8993278e+01
   1.7900000e+03   6.9013725e+01
   1.8000000e+03   6.9007970e+01
   1.8100000e+03   6.9071525e+01
   1.8200000e+03   6.9092139e+01
   1.8300000e+03   6.9115588e+01
   1.8400000e+03   6.9114664e+01
   1.8500000e+03   6.9110453e+01
   1.8600000e+03   6.9122476e+01
   1.8700000e+03   6.9161298e+01
   1.8800000e+03   6.9216988e+01
   1.8900000e+03   6.9289644e+01
   1.9000000e+03   6.9302473e+01
   1.9100000e+03   6.9312969e+01
   1.9200000e+03   6.9254597e+01
   1.9300000e+03   6.9296292e+01
   1.9400000e+03   6.9316709e+01
   1.9500000e+03   6.9317814e+01
   1.9600000e+03   6.9358714e+01
   1.9700000e+03   6.9400644e+01
   1.9800000e+03   6.9448183e+01
   1.9900000e+03   6.9443736e+01
   2.0000000e+03   6.9460548e+01
   2.0100000e+03   6.9488628e+01
   2.0200000e+03   6.9501727e+01
   2.0300000e+03   6.9548846e+01
   2.0400000e+03   6.9601441e+01
   2.0500000e+03   6.9644222e+01
   2.0600000e+03   6.9638734e+01
   2.0700000e+03   6.9723350e+01
   2.0800000e+03   6.9750462e+01
   2.0900000e+03   6.9769428e+01
   2.1000000e+03   6.9766650e+01
   2.1100000e+03   6.9784409e+01
   2.1200000e+03   6.9771450e+01
   2.1300000e+03   6.9820318e+01
   2.1400000e+03   6.9923714e+01
   2.1500000e+03   6.9926372e+01
   2.1600000e+03   6.9905771e+01
   2.1700000e+03   6.9860040e+01
   2.1800000e+03   6.9896150e+01
   2.1900000e+03   6.9924061e+01
   2.2000000e+03   6.9955029e+01
   2.2100000e+03   6.9973839e+01
   2.2200000e+03   7.0024509e+01
   2.2300000e+03   7.0048183e+01
   2.2400000e+03   7.0072024e+01
   2.2500000e+03   7.0127834e+01
   2.2600000e+03   7.0158298e+01
   2.2700000e+03   7.0189861e+01
   2.2800000e+03   7.0227448e+01
   2.2900000e+03   7.0288628e+01
   2.3000000e+03   7.0370586e+01
   2.3100000e+03   7.0431197e+01
   2.3200000e+03   7.0469706e+01
   2.3300000e+03   7.0519625e+01
   2.3400000e+03   7.0577677e+01
   2.3500000e+03   7.0653853e+01
   2.3600000e+03   7.0643410e+01
   2.3700000e+03   7.0662670e+01
   2.3800000e+03   7.0677098e+01
   2.3900000e+03   7.0700010e+01
   2.4000000e+03   7.0728910e+01
   2.4100000e+03   7.0769983e+01
   2.4200000e+03   7.0845406e+01
   2.4300000e+03   7.0872667e+01
   2.4400000e+03   7.0900099e+01
   2.4500000e+03   7.0932095e+01
   2.4600000e+03   7.0953536e+01
   2.4700000e+03   7.0992043e+01
   2.4800000e+03   7.0958024e+01
   2.4900000e+03   7.0962153e+01
   2.5000000e+03   7.0988482e+01
   2.5100000e+03   7.1002933e+01
   2.5200000e+03   7.1038801e+01
   2.5300000e+03   7.1065386e+01
   2.5400000e+03   7.1110054e+01
   2.5500000e+03   7.1064903e+01
   2.5600000e+03   7.1104120e+01
   2.5700000e+03   7.1144604e+01
   2.5800000e+03   7.1166789e+01
   2.5900000e+03   7.1156906e+01
   2.6000000e+03   7.1165027e+01
   2.6100000e+03   7.1180589e+01
   2.6200000e+03   7.1224658e+01
   2.6300000e+03   7.1239393e+01
   2.6400000e+03   7.1257937e+01
   2.6500000e+03   7.1284829e+01
   2.6600000e+03   7.1324328e+01
   2.6700000e+03   7.1351795e+01
   2.6800000e+03   7.1326334e+01
   2.6900000e+03   7.1365774e+01
   2.7000000e+03   7.1358685e+01
   2.7100000e+03   7.1397230e+01
   2.7200000e+03   7.1445310e+01
   2.7300000e+03   7.1459537e+01
   2.7400000e+03   7.1467686e+01
   2.7500000e+03   7.1510303e+01
   2.7600000e+03   7.1533702e+01
   2.7700000e+03   7.1572567e+01
   2.7800000e+03   7.1595817e+01
   2.7900000e+03   7.1577284e+01
   2.8000000e+03   7.1612319e+01
   2.8100000e+03   7.1641244e+01
   2.8200000e+03   7.1661141e+01
   2.8300000e+03   7.1647490e+01
   2.8400000e+03   7.1631565e+01
   2.8500000e+03   7.1684671e+01
   2.8600000e+03   7.1667828e+01
   2.8700000e+03   7.1686934e+01
   2.8800000e+03   7.1692174e+01
   2.8900000e+03   7.1706217e+01
   2.9000000e+03   7.1740137e+01
   2.9100000e+03   7.1783321e+01
   2.9200000e+03   7.1747157e+01
   2.9300000e+03   7.1730529e+01
   2.9400000e+03   7.1762128e+01
   2.9500000e+03   7.1786083e+01
   2.9600000e+03   7.1832915e+01
   2.9700000e+03   7.1852061e+01
   2.9800000e+03   7.1882597e+01
   2.9900000e+03   7.1887714e+01
   3.0000000e+03   7.1888139e+01
   3.0100000e+03   7.1901163e+01
   3.0200000e+03   7.1893858e+01
   3.0300000e+03   7.1907165e+01
   3.0400000e+03   7.1938115e+01
   3.0500000e+03   7.1954356e+01
   3.0600000e+03   7.1930515e+01
   3.0700000e+03   7.1984841e+01
   3.0800000e+03   7.2016617e+01
   3.0900000e+03   7.1996526e+01
   3.1000000e+03   7.2008589e+01
   3.1100000e+03   7.2030869e+01
   3.1200000e+03   7.2023182e+01
   3.1300000e+03   7.2035336e+01
   3.1400000e+03   7.2053070e+01
   3.1500000e+03   7.2022886e+01
   3.1600000e+03   7.2038151e+01
   3.1700000e+03   7.2067502e+01
   3.1800000e+03   7.2065624e+01
   3.1900000e+03   7.2056297e+01
   3.2000000e+03   7.2055002e+01
   3.2100000e+03   7.2023029e+01
   3.2200000e+03   7.2020159e+01
   3.2300000e+03   7.2065518e+01
   3.2400000e+03   7.2113595e+01
   3.2500000e+03   7.2133683e+01
   3.2600000e+03   7.2147949e+01
   3.2700000e+03   7.2155801e+01
   3.2800000e+03   7.2115189e+01
   3.2900000e+03   7.2069407e+01
   3.3000000e+03   7.2120732e+01
   3.3100000e+03   7.2129408e+01
   3.3200000e+03   7.2111102e+01
   3.3300000e+03   7.2185649e+01
   3.3400000e+03   7.2157197e+01
   3.3500000e+03   7.2113588e+01
   3.3600000e+03   7.2062320e+01
   3.3700000e+03   7.2076914e+01
   3.3800000e+03   7.2096108e+01
   3.3900000e+03   7.2072072e+01
   3.4000000e+03   7.2083828e+01
   3.4100000e+03   7.2117971e+01
   3.4200000e+03   7.2016124e+01
   3.4300000e+03   7.1987110e+01
   3.4400000e+03   7.2023359e+01
   3.4500000e+03   7.2071664e+01
   3.4600000e+03   7.2029482e+01
   3.4700000e+03   7.1992479e+01
   3.4800000e+03   7.2006283e+01
   3.4900000e+03   7.2030948e+01
