   0.0000000e+00  -1.4320535e-03
   1.0000000e+01   1.1022659e-02
   2.0000000e+01   6.6090144e-02
   3.0000000e+01   2.0796611e-01
   4.0000000e+01   4.3352015e-01
   5.0000000e+01   5.1161357e-01
   6.0000000e+01   8.0897538e-01
   7.0000000e+01   1.2687657e+00
   8.0000000e+01   1.6196130e+00
   9.0000000e+01   1.9220240e+00
   1.0000000e+02   1.7099391e+00
   1.1000000e+02   1.9585604e+00
   1.2000000e+02   2.1948216e+00
   1.3000000e+02   2.6495157e+00
   1.4000000e+02   3.1458289e+00
   1.5000000e+02   3.3009987e+00
   1.6000000e+02   3.3423124e+00
   1.7000000e+02   3.7242882e+00
   1.8000000e+02   3.9464507e+00
   1.9000000e+02   4.0672983e+00
   2.0000000e+02   4.0293025e+00
   2.1000000e+02   3.9385096e+00
   2.2000000e+02   4.1315800e+00
   2.3000000e+02   4.2482191e+00
   2.4000000e+02   4.0469684e+00
   2.5000000e+02   4.1038853e+00
   2.6000000e+02   4.1503258e+00
   2.7000000e+02   3.7367869e+00
   2.8000000e+02   3.8392857e+00
   2.9000000e+02   3.7921428e+00
   3.0000000e+02   3.6276856e+00
   3.1000000e+02   3.5740033e+00
   3.2000000e+02   3.4265274e+00
   3.3000000e+02   3.4201598e+00
   3.4000000e+02   4.1520838e+00
   3.5000000e+02   3.8772543e+00
   3.6000000e+02   3.7400188e+00
   3.7000000e+02   4.0912602e+00
   3.8000000e+02   4.1740459e+00
   3.9000000e+02   4.3861656e+00
   4.0000000e+02   4.7941405e+00
   4.1000000e+02   4.8769353e+00
   4.2000000e+02   5.5451420e+00
   4.3000000e+02   5.5537546e+00
   4.4000000e+02   5.9280569e+00
   4.5000000e+02   6.0838900e+00
   4.6000000e+02   6.2864002e+00
   4.7000000e+02   6.5374610e+00
   4.8000000e+02   6.6526369e+00
   4.9000000e+02   6.7085503e+00
   5.0000000e+02   6.8590705e+00
   5.1000000e+02   6.9695520e+00
   5.2000000e+02   7.1059170e+00
   5.3000000e+02   7.1599763e+00
   5.4000000e+02   7.2609171e+00
   5.5000000e+02   7.3532744e+00
   5.6000000e+02   7.3870627e+00
   5.7000000e+02   7.4470790e+00
   5.8000000e+02   7.5779265e+00
   5.9000000e+02   7.6657593e+00
   6.0000000e+02   7.8093747e+00
   6.1000000e+02   7.9216331e+00
   6.2000000e+02   7.9262219e+00
   6.3000000e+02   7.9353044e+00
   6.4000000e+02   7.9701299e+00
   6.5000000e+02   8.0015030e+00
   6.6000000e+02   8.0267958e+00
   6.7000000e+02   8.0231144e+00
   6.8000000e+02   8.0077192e+00
   6.9000000e+02   8.1001540e+00
   7.0000000e+02   8.1336704e+00
   7.1000000e+02   8.2695287e+00
   7.2000000e+02   8.4022974e+00
   7.3000000e+02   8.4564048e+00
   7.4000000e+02   8.6154305e+00
   7.5000000e+02   8.6347680e+00
   7.6000000e+02   8.7091767e+00
   7.7000000e+02   8.7793925e+00
   7.8000000e+02   8.8541290e+00
   7.9000000e+02   8.9243554e+00
   8.0000000e+02   8.9466633e+00
   8.1000000e+02   8.9847141e+00
   8.2000000e+02   9.0722077e+00
   8.3000000e+02   9.1320014e+00
   8.4000000e+02   9.2014829e+00
   8.5000000e+02   9.2715279e+00
   8.6000000e+02   9.3035747e+00
   8.7000000e+02   9.2946917e+00
   8.8000000e+02   9.3041727e+00
   8.9000000e+02   9.3338042e+00
   9.0000000e+02   9.3390279e+00
   9.1000000e+02   9.4486982e+00
   9.2000000e+02   9.4896658e+00
   9.3000000e+02   9.5593031e+00
   9.4000000e+02   9.6477227e+00
   9.5000000e+02   9.6871744e+00
   9.6000000e+02   9.6879025e+00
   9.7000000e+02   9.6973722e+00
   9.8000000e+02   9.7848319e+00
   9.9000000e+02   9.8465310e+00
   1.0000000e+03   9.9205944e+00
   1.0100000e+03   9.9943869e+00
   1.0200000e+03   1.0034643e+01
   1.0300000e+03   1.0047959e+01
   1.0400000e+03   1.0067136e+01
   1.0500000e+03   1.0094841e+01
   1.0600000e+03   1.0148760e+01
   1.0700000e+03   1.0167134e+01
   1.0800000e+03   1.0167822e+01
   1.0900000e+03   1.0177070e+01
   1.1000000e+03   1.0249805e+01
   1.1100000e+03   1.0269118e+01
   1.1200000e+03  -2.6305690e+02
   1.1300000e+03  -2.6305690e+02
   1.1400000e+03  -2.6305690e+02
   1.1500000e+03  -2.6305690e+02
   1.1600000e+03  -2.6305690e+02
   1.1700000e+03  -2.6305690e+02
   1.1800000e+03  -2.6305690e+02
   1.1900000e+03  -2.6305690e+02
   1.2000000e+03  -2.6305690e+02
   1.2100000e+03  -2.6305690e+02
   1.2200000e+03  -2.6305690e+02
   1.2300000e+03  -2.6305690e+02
   1.2400000e+03  -2.6305690e+02
   1.2500000e+03  -2.6305690e+02
   1.2600000e+03  -2.6305690e+02
   1.2700000e+03  -2.6305690e+02
   1.2800000e+03  -2.6305690e+02
   1.2900000e+03  -2.6305690e+02
   1.3000000e+03  -2.6305690e+02
   1.3100000e+03  -2.6305690e+02
   1.3200000e+03  -2.6305690e+02
   1.3300000e+03  -2.6305690e+02
   1.3400000e+03  -2.6305690e+02
   1.3500000e+03  -2.6305690e+02
   1.3600000e+03  -2.6305690e+02
   1.3700000e+03  -2.6305690e+02
   1.3800000e+03  -2.6305690e+02
   1.3900000e+03  -2.6305690e+02
   1.4000000e+03  -2.6305690e+02
   1.4100000e+03  -2.6305690e+02
   1.4200000e+03  -2.6305690e+02
   1.4300000e+03  -2.6305690e+02
   1.4400000e+03  -2.6305690e+02
   1.4500000e+03  -2.6305690e+02
   1.4600000e+03  -2.6305690e+02
   1.4700000e+03  -2.6305690e+02
   1.4800000e+03  -2.6305690e+02
   1.4900000e+03  -2.6305690e+02
   1.5000000e+03  -2.6305690e+02
   1.5100000e+03  -2.6305690e+02
   1.5200000e+03  -2.6305690e+02
   1.5300000e+03  -2.6305690e+02
   1.5400000e+03  -2.6305690e+02
   1.5500000e+03  -2.6305690e+02
   1.5600000e+03  -2.6305690e+02
   1.5700000e+03  -2.6305690e+02
   1.5800000e+03  -2.6305690e+02
   1.5900000e+03  -2.6305690e+02
   1.6000000e+03  -2.6305690e+02
   1.6100000e+03  -2.6305690e+02
   1.6200000e+03  -2.6305690e+02
   1.6300000e+03  -2.6305690e+02
   1.6400000e+03  -2.6305690e+02
   1.6500000e+03  -2.6305690e+02
   1.6600000e+03  -2.6305690e+02
   1.6700000e+03  -2.6305690e+02
   1.6800000e+03  -2.6305690e+02
   1.6900000e+03  -2.6305690e+02
   1.7000000e+03  -2.6305690e+02
   1.7100000e+03  -2.6305690e+02
   1.7200000e+03  -2.6305690e+02
   1.7300000e+03  -2.6305690e+02
   1.7400000e+03  -2.6305690e+02
   1.7500000e+03  -2.6305690e+02
   1.7600000e+03  -2.6305690e+02
   1.7700000e+03  -2.6305690e+02
   1.7800000e+03  -2.6305690e+02
   1.7900000e+03  -2.6305690e+02
   1.8000000e+03  -2.6305690e+02
   1.8100000e+03  -2.6305690e+02
   1.8200000e+03  -2.6305690e+02
   1.8300000e+03  -2.6305690e+02
   1.8400000e+03  -2.6305690e+02
   1.8500000e+03  -2.6305690e+02
   1.8600000e+03  -2.6305690e+02
   1.8700000e+03  -2.6305690e+02
   1.8800000e+03  -2.6305690e+02
   1.8900000e+03  -2.6305690e+02
   1.9000000e+03  -2.6305690e+02
   1.9100000e+03  -2.6305690e+02
   1.9200000e+03  -2.6305690e+02
   1.9300000e+03  -2.6305690e+02
   1.9400000e+03  -2.6305690e+02
   1.9500000e+03  -2.6305690e+02
   1.9600000e+03  -2.6305690e+02
   1.9700000e+03  -2.6305690e+02
   1.9800000e+03  -2.6305690e+02
   1.9900000e+03  -2.6305690e+02
   2.0000000e+03  -2.6305690e+02
   2.0100000e+03  -2.6305690e+02
   2.0200000e+03  -2.6305690e+02
   2.0300000e+03  -2.6305690e+02
   2.0400000e+03  -2.6305690e+02
   2.0500000e+03  -2.6305690e+02
   2.0600000e+03  -2.6305690e+02
   2.0700000e+03  -2.6305690e+02
   2.0800000e+03  -2.6305690e+02
   2.0900000e+03  -2.6305690e+02
   2.1000000e+03  -2.6305690e+02
   2.1100000e+03  -2.6305690e+02
   2.1200000e+03  -2.6305690e+02
   2.1300000e+03  -2.6305690e+02
   2.1400000e+03  -2.6305690e+02
   2.1500000e+03  -2.6305690e+02
   2.1600000e+03  -2.6305690e+02
   2.1700000e+03  -2.6305690e+02
   2.1800000e+03  -2.6305690e+02
   2.1900000e+03  -2.6305690e+02
   2.2000000e+03  -2.6305690e+02
   2.2100000e+03  -2.6305690e+02
   2.2200000e+03  -2.6305690e+02
   2.2300000e+03  -2.6305690e+02
   2.2400000e+03  -2.6305690e+02
   2.2500000e+03  -2.6305690e+02
   2.2600000e+03  -2.6305690e+02
   2.2700000e+03  -2.6305690e+02
   2.2800000e+03  -2.6305690e+02
   2.2900000e+03  -2.6305690e+02
   2.3000000e+03  -2.6305690e+02
   2.3100000e+03  -2.6305690e+02
   2.3200000e+03  -2.6305690e+02
   2.3300000e+03  -2.6305690e+02
   2.3400000e+03  -2.6305690e+02
   2.3500000e+03  -2.6305690e+02
   2.3600000e+03  -2.6305690e+02
   2.3700000e+03  -2.6305690e+02
   2.3800000e+03  -2.6305690e+02
   2.3900000e+03  -2.6305690e+02
   2.4000000e+03  -2.6305690e+02
   2.4100000e+03  -2.6305690e+02
   2.4200000e+03  -2.6305690e+02
   2.4300000e+03  -2.6305690e+02
   2.4400000e+03  -2.6305690e+02
   2.4500000e+03  -2.6305690e+02
   2.4600000e+03  -2.6305690e+02
   2.4700000e+03  -2.6305690e+02
   2.4800000e+03  -2.6305690e+02
   2.4900000e+03  -2.6305690e+02
   2.5000000e+03  -2.6305690e+02
   2.5100000e+03  -2.6305690e+02
   2.5200000e+03  -2.6305690e+02
   2.5300000e+03  -2.6305690e+02
   2.5400000e+03  -2.6305690e+02
   2.5500000e+03  -2.6305690e+02
   2.5600000e+03  -2.6305690e+02
   2.5700000e+03  -2.6305690e+02
   2.5800000e+03  -2.6305690e+02
   2.5900000e+03  -2.6305690e+02
   2.6000000e+03  -2.6305690e+02
   2.6100000e+03  -2.6305690e+02
   2.6200000e+03  -2.6305690e+02
   2.6300000e+03  -2.6305690e+02
   2.6400000e+03  -2.6305690e+02
   2.6500000e+03  -2.6305690e+02
   2.6600000e+03  -2.6305690e+02
   2.6700000e+03  -2.6305690e+02
   2.6800000e+03  -2.6305690e+02
   2.6900000e+03  -2.6305690e+02
   2.7000000e+03  -2.6305690e+02
   2.7100000e+03  -2.6305690e+02
   2.7200000e+03  -2.6305690e+02
   2.7300000e+03  -2.6305690e+02
   2.7400000e+03  -2.6305690e+02
   2.7500000e+03  -2.6305690e+02
   2.7600000e+03  -2.6305690e+02
   2.7700000e+03  -2.6305690e+02
   2.7800000e+03  -2.6305690e+02
   2.7900000e+03  -2.6305690e+02
   2.8000000e+03  -2.6305690e+02
   2.8100000e+03  -2.6305690e+02
   2.8200000e+03  -2.6305690e+02
   2.8300000e+03  -2.6305690e+02
   2.8400000e+03  -2.6305690e+02
   2.8500000e+03  -2.6305690e+02
   2.8600000e+03  -2.6305690e+02
   2.8700000e+03  -2.6305690e+02
   2.8800000e+03  -2.6305690e+02
   2.8900000e+03  -2.6305690e+02
   2.9000000e+03  -2.6305690e+02
   2.9100000e+03  -2.6305690e+02
   2.9200000e+03  -2.6305690e+02
   2.9300000e+03  -2.6305690e+02
   2.9400000e+03  -2.6305690e+02
   2.9500000e+03  -2.6305690e+02
   2.9600000e+03  -2.6305690e+02
   2.9700000e+03  -2.6305690e+02
   2.9800000e+03  -2.6305690e+02
   2.9900000e+03  -2.6305690e+02
   3.0000000e+03  -2.6305690e+02
   3.0100000e+03  -2.6305690e+02
   3.0200000e+03  -2.6305690e+02
   3.0300000e+03  -2.6305690e+02
   3.0400000e+03  -2.6305690e+02
   3.0500000e+03  -2.6305690e+02
   3.0600000e+03  -2.6305690e+02
   3.0700000e+03  -2.6305690e+02
   3.0800000e+03  -2.6305690e+02
   3.0900000e+03  -2.6305690e+02
   3.1000000e+03  -2.6305690e+02
   3.1100000e+03  -2.6305690e+02
   3.1200000e+03  -2.6305690e+02
   3.1300000e+03  -2.6305690e+02
   3.1400000e+03  -2.6305690e+02
   3.1500000e+03  -2.6305690e+02
   3.1600000e+03  -2.6305690e+02
   3.1700000e+03  -2.6305690e+02
   3.1800000e+03  -2.6305690e+02
   3.1900000e+03  -2.6305690e+02
   3.2000000e+03  -2.6305690e+02
   3.2100000e+03  -2.6305690e+02
   3.2200000e+03  -2.6305690e+02
   3.2300000e+03  -2.6305690e+02
   3.2400000e+03  -2.6305690e+02
   3.2500000e+03  -2.6305690e+02
   3.2600000e+03  -2.6305690e+02
   3.2700000e+03  -2.6305690e+02
   3.2800000e+03  -2.6305690e+02
   3.2900000e+03  -2.6305690e+02
   3.3000000e+03  -2.6305690e+02
   3.3100000e+03  -2.6305690e+02
   3.3200000e+03  -2.6305690e+02
   3.3300000e+03  -2.6305690e+02
   3.3400000e+03  -2.6305690e+02
   3.3500000e+03  -2.6305690e+02
   3.3600000e+03  -2.6305690e+02
   3.3700000e+03  -2.6305690e+02
   3.3800000e+03  -2.6305690e+02
   3.3900000e+03  -2.6305690e+02
   3.4000000e+03  -2.6305690e+02
   3.4100000e+03  -2.6305690e+02
   3.4200000e+03  -2.6305690e+02
   3.4300000e+03  -2.6305690e+02
   3.4400000e+03  -2.6305690e+02
   3.4500000e+03  -2.6305690e+02
   3.4600000e+03  -2.6305690e+02
   3.4700000e+03  -2.6305690e+02
   3.4800000e+03  -2.6305690e+02
   3.4900000e+03  -2.6305690e+02
