   0.0000000e+00   1.8605151e+01
   1.0000000e+01   1.8622378e+01
   2.0000000e+01   1.9218094e+01
   3.0000000e+01   2.0747571e+01
   4.0000000e+01   2.2196959e+01
   5.0000000e+01   2.3405614e+01
   6.0000000e+01   2.4559762e+01
   7.0000000e+01   2.5556276e+01
   8.0000000e+01   2.6585891e+01
   9.0000000e+01   2.7536392e+01
   1.0000000e+02   2.8522040e+01
   1.1000000e+02   2.9388510e+01
   1.2000000e+02   3.0245119e+01
   1.3000000e+02   3.1009692e+01
   1.4000000e+02   3.1768373e+01
   1.5000000e+02   3.2450766e+01
   1.6000000e+02   3.3163834e+01
   1.7000000e+02   3.3853041e+01
   1.8000000e+02   3.4440025e+01
   1.9000000e+02   3.5093175e+01
   2.0000000e+02   3.5675459e+01
   2.1000000e+02   3.6214244e+01
   2.2000000e+02   3.6730236e+01
   2.3000000e+02   3.7258862e+01
   2.4000000e+02   3.7759158e+01
   2.5000000e+02   3.8260088e+01
   2.6000000e+02   3.8684350e+01
   2.7000000e+02   3.9105240e+01
   2.8000000e+02   3.9579173e+01
   2.9000000e+02   4.0042614e+01
   3.0000000e+02   4.0407744e+01
   3.1000000e+02   4.0776993e+01
   3.2000000e+02   4.1102958e+01
   3.3000000e+02   4.1447838e+01
   3.4000000e+02   4.1826816e+01
   3.5000000e+02   4.2157536e+01
   3.6000000e+02   4.2511816e+01
   3.7000000e+02   4.2866061e+01
   3.8000000e+02   4.3214306e+01
   3.9000000e+02   4.3509267e+01
   4.0000000e+02   4.3785081e+01
   4.1000000e+02   4.4068296e+01
   4.2000000e+02   4.4393796e+01
   4.3000000e+02   4.4665835e+01
   4.4000000e+02   4.4953911e+01
   4.5000000e+02   4.5207180e+01
   4.6000000e+02   4.5522667e+01
   4.7000000e+02   4.5721538e+01
   4.8000000e+02   4.6035412e+01
   4.9000000e+02   4.6225738e+01
   5.0000000e+02   4.6336459e+01
   5.1000000e+02   4.6547849e+01
   5.2000000e+02   4.6771086e+01
   5.3000000e+02   4.6982507e+01
   5.4000000e+02   4.7177637e+01
   5.5000000e+02   4.7418147e+01
   5.6000000e+02   4.7609498e+01
   5.7000000e+02   4.7807906e+01
   5.8000000e+02   4.8021841e+01
   5.9000000e+02   4.8175753e+01
   6.0000000e+02   4.8325917e+01
   6.1000000e+02   4.8520468e+01
   6.2000000e+02   4.8623980e+01
   6.3000000e+02   4.8750926e+01
   6.4000000e+02   4.9012330e+01
   6.5000000e+02   4.9203536e+01
   6.6000000e+02   4.9335245e+01
   6.7000000e+02   4.9504852e+01
   6.8000000e+02   4.9636853e+01
   6.9000000e+02   4.9797223e+01
   7.0000000e+02   4.9971047e+01
   7.1000000e+02   4.9963738e+01
   7.2000000e+02   5.0154814e+01
   7.3000000e+02   5.0382914e+01
   7.4000000e+02   5.0500253e+01
   7.5000000e+02   5.0647651e+01
   7.6000000e+02   5.0797135e+01
   7.7000000e+02   5.0868803e+01
   7.8000000e+02   5.0984405e+01
   7.9000000e+02   5.1059006e+01
   8.0000000e+02   5.1268729e+01
   8.1000000e+02   5.1376483e+01
   8.2000000e+02   5.1525118e+01
   8.3000000e+02   5.1587362e+01
   8.4000000e+02   5.1702563e+01
   8.5000000e+02   5.1756053e+01
   8.6000000e+02   5.1884010e+01
   8.7000000e+02   5.1901194e+01
   8.8000000e+02   5.2061318e+01
   8.9000000e+02   5.2109238e+01
   9.0000000e+02   5.2284218e+01
   9.1000000e+02   5.2352189e+01
   9.2000000e+02   5.2384748e+01
   9.3000000e+02   5.2540921e+01
   9.4000000e+02   5.2587433e+01
   9.5000000e+02   5.2675043e+01
   9.6000000e+02   5.2769795e+01
   9.7000000e+02   5.2835152e+01
   9.8000000e+02   5.2948360e+01
   9.9000000e+02   5.2918078e+01
   1.0000000e+03   5.3014571e+01
   1.0100000e+03   5.3121008e+01
   1.0200000e+03   5.3182328e+01
   1.0300000e+03   5.3253941e+01
   1.0400000e+03   5.3389097e+01
   1.0500000e+03   5.3424049e+01
   1.0600000e+03   5.3498830e+01
   1.0700000e+03   5.3570922e+01
   1.0800000e+03   5.3647936e+01
   1.0900000e+03   5.3664073e+01
   1.1000000e+03   5.3684056e+01
   1.1100000e+03   5.3652898e+01
   1.1200000e+03   5.3824719e+01
   1.1300000e+03   5.3936649e+01
   1.1400000e+03   5.4055480e+01
   1.1500000e+03   5.4193018e+01
   1.1600000e+03   5.4195918e+01
   1.1700000e+03   5.4281258e+01
   1.1800000e+03   5.4279728e+01
   1.1900000e+03   5.4274035e+01
   1.2000000e+03   5.4360513e+01
   1.2100000e+03   5.4369999e+01
   1.2200000e+03   5.4554762e+01
   1.2300000e+03   5.4647192e+01
   1.2400000e+03   5.4667997e+01
   1.2500000e+03   5.4698326e+01
   1.2600000e+03   5.4715088e+01
   1.2700000e+03   5.4768122e+01
   1.2800000e+03   5.4738944e+01
   1.2900000e+03   5.4815164e+01
   1.3000000e+03   5.4848889e+01
   1.3100000e+03   5.4864255e+01
   1.3200000e+03   5.4943785e+01
   1.3300000e+03   5.4971407e+01
   1.3400000e+03   5.5005893e+01
   1.3500000e+03   5.5060066e+01
   1.3600000e+03   5.5070127e+01
   1.3700000e+03   5.5159544e+01
   1.3800000e+03   5.5173867e+01
   1.3900000e+03   5.5163076e+01
   1.4000000e+03   5.5206629e+01
   1.4100000e+03   5.5334677e+01
   1.4200000e+03   5.5229662e+01
   1.4300000e+03   5.5130277e+01
   1.4400000e+03   5.5258372e+01
   1.4500000e+03   5.5300304e+01
   1.4600000e+03   5.5403650e+01
   1.4700000e+03   5.5389156e+01
   1.4800000e+03   5.5510404e+01
   1.4900000e+03   5.5491013e+01
   1.5000000e+03   5.5583567e+01
   1.5100000e+03   5.5588812e+01
   1.5200000e+03   5.5675565e+01
   1.5300000e+03   5.5734382e+01
   1.5400000e+03   5.5681661e+01
   1.5500000e+03   5.5787474e+01
   1.5600000e+03   5.5693777e+01
   1.5700000e+03   5.5904273e+01
   1.5800000e+03   5.5929120e+01
   1.5900000e+03   5.6000719e+01
   1.6000000e+03   5.6042655e+01
   1.6100000e+03   5.6001202e+01
   1.6200000e+03   5.5874190e+01
   1.6300000e+03   5.5875982e+01
   1.6400000e+03   5.5934040e+01
   1.6500000e+03   5.6002782e+01
   1.6600000e+03   5.6152663e+01
   1.6700000e+03   5.6074894e+01
   1.6800000e+03   5.6044903e+01
   1.6900000e+03   5.6061700e+01
   1.7000000e+03   5.6153319e+01
   1.7100000e+03   5.6131144e+01
   1.7200000e+03   5.6195012e+01
   1.7300000e+03   5.6248672e+01
   1.7400000e+03   5.6267120e+01
   1.7500000e+03   5.6298562e+01
   1.7600000e+03   5.6350480e+01
   1.7700000e+03   5.6338554e+01
   1.7800000e+03   5.6433825e+01
   1.7900000e+03   5.6306869e+01
   1.8000000e+03   5.6244428e+01
   1.8100000e+03   5.6418880e+01
   1.8200000e+03   5.6362916e+01
   1.8300000e+03   5.6382644e+01
   1.8400000e+03   5.6472097e+01
   1.8500000e+03   5.6503165e+01
   1.8600000e+03   5.6524232e+01
   1.8700000e+03   5.6533319e+01
   1.8800000e+03   5.6541586e+01
   1.8900000e+03   5.6561946e+01
   1.9000000e+03   5.6685884e+01
   1.9100000e+03   5.6530966e+01
   1.9200000e+03   5.6620720e+01
   1.9300000e+03   5.6607515e+01
   1.9400000e+03   5.6649150e+01
   1.9500000e+03   5.6609571e+01
   1.9600000e+03   5.6581179e+01
   1.9700000e+03   5.6578327e+01
   1.9800000e+03   5.6677773e+01
   1.9900000e+03   5.6607890e+01
   2.0000000e+03   5.6746839e+01
   2.0100000e+03   5.6644881e+01
   2.0200000e+03   5.6736938e+01
   2.0300000e+03   5.6891701e+01
   2.0400000e+03   5.6789193e+01
   2.0500000e+03   5.6786073e+01
   2.0600000e+03   5.6851818e+01
   2.0700000e+03   5.7036581e+01
   2.0800000e+03   5.6814985e+01
   2.0900000e+03   5.6967322e+01
   2.1000000e+03   5.6973523e+01
   2.1100000e+03   5.6932466e+01
   2.1200000e+03   5.7030263e+01
   2.1300000e+03   5.7089670e+01
   2.1400000e+03   5.7064257e+01
   2.1500000e+03   5.7091649e+01
   2.1600000e+03   5.7226038e+01
   2.1700000e+03   5.7151805e+01
   2.1800000e+03   5.7188060e+01
   2.1900000e+03   5.7121018e+01
   2.2000000e+03   5.7168744e+01
   2.2100000e+03   5.7245613e+01
   2.2200000e+03   5.7290643e+01
   2.2300000e+03   5.7265421e+01
   2.2400000e+03   5.7345990e+01
   2.2500000e+03   5.7331010e+01
   2.2600000e+03   5.7365866e+01
   2.2700000e+03   5.7526989e+01
   2.2800000e+03   5.7543601e+01
   2.2900000e+03   5.7504130e+01
   2.3000000e+03   5.7581018e+01
   2.3100000e+03   5.7717586e+01
   2.3200000e+03   5.7580312e+01
   2.3300000e+03   5.7687498e+01
   2.3400000e+03   5.7582427e+01
   2.3500000e+03   5.7646769e+01
   2.3600000e+03   5.7628196e+01
   2.3700000e+03   5.7707748e+01
   2.3800000e+03   5.7857936e+01
   2.3900000e+03   5.7754221e+01
   2.4000000e+03   5.7779413e+01
   2.4100000e+03   5.7865354e+01
   2.4200000e+03   5.7934551e+01
   2.4300000e+03   5.7768476e+01
   2.4400000e+03   5.7807474e+01
   2.4500000e+03   5.7623899e+01
   2.4600000e+03   5.7874149e+01
   2.4700000e+03   5.7924710e+01
   2.4800000e+03   5.7859782e+01
   2.4900000e+03   5.7653627e+01
   2.5000000e+03   5.7870361e+01
   2.5100000e+03   5.7955188e+01
   2.5200000e+03   5.7939971e+01
   2.5300000e+03   5.8010016e+01
   2.5400000e+03   5.7971508e+01
   2.5500000e+03   5.8084788e+01
   2.5600000e+03   5.7898377e+01
   2.5700000e+03   5.8064823e+01
   2.5800000e+03   5.8081925e+01
   2.5900000e+03   5.8189042e+01
   2.6000000e+03   5.8205280e+01
   2.6100000e+03   5.8245609e+01
   2.6200000e+03   5.8167418e+01
   2.6300000e+03   5.8182209e+01
   2.6400000e+03   5.8306621e+01
   2.6500000e+03   5.8281499e+01
   2.6600000e+03   5.8326536e+01
   2.6700000e+03   5.8351857e+01
   2.6800000e+03   5.8370103e+01
   2.6900000e+03   5.8315798e+01
   2.7000000e+03   5.8184015e+01
   2.7100000e+03   5.8274144e+01
   2.7200000e+03   5.8476934e+01
   2.7300000e+03   5.8320059e+01
   2.7400000e+03   5.8294545e+01
   2.7500000e+03   5.8505328e+01
   2.7600000e+03   5.8217496e+01
   2.7700000e+03   5.8451249e+01
   2.7800000e+03   5.8460434e+01
   2.7900000e+03   5.8619939e+01
   2.8000000e+03   5.8373451e+01
   2.8100000e+03   5.8401360e+01
   2.8200000e+03   5.8496798e+01
   2.8300000e+03   5.8503311e+01
   2.8400000e+03   5.8471831e+01
   2.8500000e+03   5.8622154e+01
   2.8600000e+03   5.8623891e+01
   2.8700000e+03   5.8633409e+01
   2.8800000e+03   5.8684482e+01
   2.8900000e+03   5.8697228e+01
   2.9000000e+03   5.8745417e+01
   2.9100000e+03   5.8676913e+01
   2.9200000e+03   5.8532366e+01
   2.9300000e+03   5.8598778e+01
   2.9400000e+03   5.8632287e+01
   2.9500000e+03   5.8703490e+01
   2.9600000e+03   5.8536907e+01
   2.9700000e+03   5.8691325e+01
   2.9800000e+03   5.8800121e+01
   2.9900000e+03   5.8807726e+01
   3.0000000e+03   5.8805458e+01
   3.0100000e+03   5.8715224e+01
   3.0200000e+03   5.8800194e+01
   3.0300000e+03   5.8768184e+01
   3.0400000e+03   5.8779032e+01
   3.0500000e+03   5.8847879e+01
   3.0600000e+03   5.8922987e+01
   3.0700000e+03   5.8950778e+01
   3.0800000e+03   5.8967395e+01
   3.0900000e+03   5.8976876e+01
   3.1000000e+03   5.8872210e+01
   3.1100000e+03   5.8917024e+01
   3.1200000e+03   5.8901002e+01
   3.1300000e+03   5.8898827e+01
   3.1400000e+03   5.8931218e+01
   3.1500000e+03   5.8772927e+01
   3.1600000e+03   5.8787122e+01
   3.1700000e+03   5.8890009e+01
   3.1800000e+03   5.8943142e+01
   3.1900000e+03   5.8836772e+01
   3.2000000e+03   5.9020059e+01
   3.2100000e+03   5.8899725e+01
   3.2200000e+03   5.8940185e+01
   3.2300000e+03   5.9016689e+01
   3.2400000e+03   5.8852278e+01
   3.2500000e+03   5.9071166e+01
   3.2600000e+03   5.8894612e+01
   3.2700000e+03   5.8954140e+01
   3.2800000e+03   5.8958298e+01
   3.2900000e+03   5.8942896e+01
   3.3000000e+03   5.9025836e+01
   3.3100000e+03   5.9075184e+01
   3.3200000e+03   5.9108686e+01
   3.3300000e+03   5.9141946e+01
   3.3400000e+03   5.9045361e+01
   3.3500000e+03   5.9089400e+01
   3.3600000e+03   5.9098358e+01
   3.3700000e+03   5.9121759e+01
   3.3800000e+03   5.9020887e+01
   3.3900000e+03   5.9062786e+01
   3.4000000e+03   5.9070990e+01
   3.4100000e+03   5.8979054e+01
   3.4200000e+03   5.8955448e+01
   3.4300000e+03   5.8995946e+01
   3.4400000e+03   5.8977304e+01
   3.4500000e+03   5.8886776e+01
   3.4600000e+03   5.8994901e+01
   3.4700000e+03   5.8804843e+01
   3.4800000e+03   5.8703938e+01
   3.4900000e+03   5.8869946e+01
