   0.0000000e+00  -1.7871962e-03
   1.0000000e+01   7.4173172e-03
   2.0000000e+01  -4.8546928e-03
   3.0000000e+01  -4.3039755e-04
   4.0000000e+01   6.4402859e-03
   5.0000000e+01   2.7040419e-04
   6.0000000e+01   8.4543848e-03
   7.0000000e+01   2.7656778e-02
   8.0000000e+01   4.5685724e-02
   9.0000000e+01   6.5460038e-02
   1.0000000e+02   9.2244323e-02
   1.1000000e+02   1.1273452e-01
   1.2000000e+02   1.2321569e-01
   1.3000000e+02   1.5292129e-01
   1.4000000e+02   1.8667359e-01
   1.5000000e+02   2.3612550e-01
   1.6000000e+02   2.7522373e-01
   1.7000000e+02   3.3018022e-01
   1.8000000e+02   3.8328517e-01
   1.9000000e+02   4.5853380e-01
   2.0000000e+02   5.3254536e-01
   2.1000000e+02   6.1001039e-01
   2.2000000e+02   7.0684705e-01
   2.3000000e+02   7.8553401e-01
   2.4000000e+02   8.7450312e-01
   2.5000000e+02   9.8471452e-01
   2.6000000e+02   1.0960164e+00
   2.7000000e+02   1.1854238e+00
   2.8000000e+02   1.3055476e+00
   2.9000000e+02   1.4329828e+00
   3.0000000e+02   1.5384343e+00
   3.1000000e+02   1.6662615e+00
   3.2000000e+02   1.7673950e+00
   3.3000000e+02   1.8894856e+00
   3.4000000e+02   2.0234524e+00
   3.5000000e+02   2.1515570e+00
   3.6000000e+02   2.2881328e+00
   3.7000000e+02   2.4131764e+00
   3.8000000e+02   2.5473053e+00
   3.9000000e+02   2.6786347e+00
   4.0000000e+02   2.8076088e+00
   4.1000000e+02   2.9392052e+00
   4.2000000e+02   3.0634063e+00
   4.3000000e+02   3.1894795e+00
   4.4000000e+02   3.3343989e+00
   4.5000000e+02   3.4734633e+00
   4.6000000e+02   3.6192658e+00
   4.7000000e+02   3.7794955e+00
   4.8000000e+02   3.9100092e+00
   4.9000000e+02   4.0551778e+00
   5.0000000e+02   4.1891717e+00
   5.1000000e+02   4.3420412e+00
   5.2000000e+02   4.4951653e+00
   5.3000000e+02   4.6418950e+00
   5.4000000e+02   4.7803142e+00
   5.5000000e+02   4.9290881e+00
   5.6000000e+02   5.0563839e+00
   5.7000000e+02   5.1902956e+00
   5.8000000e+02   5.3158724e+00
   5.9000000e+02   5.4427308e+00
   6.0000000e+02   5.5642268e+00
   6.1000000e+02   5.6975252e+00
   6.2000000e+02   5.8098217e+00
   6.3000000e+02   5.9372386e+00
   6.4000000e+02   6.0689434e+00
   6.5000000e+02   6.1851622e+00
   6.6000000e+02   6.2927382e+00
   6.7000000e+02   6.4202515e+00
   6.8000000e+02   6.5288601e+00
   6.9000000e+02   6.6484469e+00
   7.0000000e+02   6.7602896e+00
   7.1000000e+02   6.8623920e+00
   7.2000000e+02   6.9944208e+00
   7.3000000e+02   7.1224701e+00
   7.4000000e+02   7.2369306e+00
   7.5000000e+02   7.3520716e+00
   7.6000000e+02   7.4508048e+00
   7.7000000e+02   7.5598726e+00
   7.8000000e+02   7.6843034e+00
   7.9000000e+02   7.7864473e+00
   8.0000000e+02   7.9061240e+00
   8.1000000e+02   8.0090264e+00
   8.2000000e+02   8.1282016e+00
   8.3000000e+02   8.2231040e+00
   8.4000000e+02   8.3233169e+00
   8.5000000e+02   8.4312362e+00
   8.6000000e+02   8.5301660e+00
   8.7000000e+02   8.6178636e+00
   8.8000000e+02   8.7172455e+00
   8.9000000e+02   8.8146553e+00
   9.0000000e+02   8.9291174e+00
   9.1000000e+02   9.0450609e+00
   9.2000000e+02   9.1385796e+00
   9.3000000e+02   9.2294411e+00
   9.4000000e+02   9.3397798e+00
   9.5000000e+02   9.4243933e+00
   9.6000000e+02   9.5225494e+00
   9.7000000e+02   9.6075614e+00
   9.8000000e+02   9.7097741e+00
   9.9000000e+02   9.8007259e+00
   1.0000000e+03   9.9107160e+00
   1.0100000e+03   9.9969474e+00
   1.0200000e+03   1.0086009e+01
   1.0300000e+03   1.0167000e+01
   1.0400000e+03   1.0250623e+01
   1.0500000e+03   1.0313308e+01
   1.0600000e+03   1.0401280e+01
   1.0700000e+03   1.0482473e+01
   1.0800000e+03   1.0557482e+01
   1.0900000e+03   1.0656228e+01
   1.1000000e+03   1.0742741e+01
   1.1100000e+03   1.0807365e+01
   1.1200000e+03  -2.6295996e+02
   1.1300000e+03  -2.6295996e+02
   1.1400000e+03  -2.6295996e+02
   1.1500000e+03  -2.6295996e+02
   1.1600000e+03  -2.6295996e+02
   1.1700000e+03  -2.6295996e+02
   1.1800000e+03  -2.6295996e+02
   1.1900000e+03  -2.6295996e+02
   1.2000000e+03  -2.6295996e+02
   1.2100000e+03  -2.6295996e+02
   1.2200000e+03  -2.6295996e+02
   1.2300000e+03  -2.6295996e+02
   1.2400000e+03  -2.6295996e+02
   1.2500000e+03  -2.6295996e+02
   1.2600000e+03  -2.6295996e+02
   1.2700000e+03  -2.6295996e+02
   1.2800000e+03  -2.6295996e+02
   1.2900000e+03  -2.6295996e+02
   1.3000000e+03  -2.6295996e+02
   1.3100000e+03  -2.6295996e+02
   1.3200000e+03  -2.6295996e+02
   1.3300000e+03  -2.6295996e+02
   1.3400000e+03  -2.6295996e+02
   1.3500000e+03  -2.6295996e+02
   1.3600000e+03  -2.6295996e+02
   1.3700000e+03  -2.6295996e+02
   1.3800000e+03  -2.6295996e+02
   1.3900000e+03  -2.6295996e+02
   1.4000000e+03  -2.6295996e+02
   1.4100000e+03  -2.6295996e+02
   1.4200000e+03  -2.6295996e+02
   1.4300000e+03  -2.6295996e+02
   1.4400000e+03  -2.6295996e+02
   1.4500000e+03  -2.6295996e+02
   1.4600000e+03  -2.6295996e+02
   1.4700000e+03  -2.6295996e+02
   1.4800000e+03  -2.6295996e+02
   1.4900000e+03  -2.6295996e+02
   1.5000000e+03  -2.6295996e+02
   1.5100000e+03  -2.6295996e+02
   1.5200000e+03  -2.6295996e+02
   1.5300000e+03  -2.6295996e+02
   1.5400000e+03  -2.6295996e+02
   1.5500000e+03  -2.6295996e+02
   1.5600000e+03  -2.6295996e+02
   1.5700000e+03  -2.6295996e+02
   1.5800000e+03  -2.6295996e+02
   1.5900000e+03  -2.6295996e+02
   1.6000000e+03  -2.6295996e+02
   1.6100000e+03  -2.6295996e+02
   1.6200000e+03  -2.6295996e+02
   1.6300000e+03  -2.6295996e+02
   1.6400000e+03  -2.6295996e+02
   1.6500000e+03  -2.6295996e+02
   1.6600000e+03  -2.6295996e+02
   1.6700000e+03  -2.6295996e+02
   1.6800000e+03  -2.6295996e+02
   1.6900000e+03  -2.6295996e+02
   1.7000000e+03  -2.6295996e+02
   1.7100000e+03  -2.6295996e+02
   1.7200000e+03  -2.6295996e+02
   1.7300000e+03  -2.6295996e+02
   1.7400000e+03  -2.6295996e+02
   1.7500000e+03  -2.6295996e+02
   1.7600000e+03  -2.6295996e+02
   1.7700000e+03  -2.6295996e+02
   1.7800000e+03  -2.6295996e+02
   1.7900000e+03  -2.6295996e+02
   1.8000000e+03  -2.6295996e+02
   1.8100000e+03  -2.6295996e+02
   1.8200000e+03  -2.6295996e+02
   1.8300000e+03  -2.6295996e+02
   1.8400000e+03  -2.6295996e+02
   1.8500000e+03  -2.6295996e+02
   1.8600000e+03  -2.6295996e+02
   1.8700000e+03  -2.6295996e+02
   1.8800000e+03  -2.6295996e+02
   1.8900000e+03  -2.6295996e+02
   1.9000000e+03  -2.6295996e+02
   1.9100000e+03  -2.6295996e+02
   1.9200000e+03  -2.6295996e+02
   1.9300000e+03  -2.6295996e+02
   1.9400000e+03  -2.6295996e+02
   1.9500000e+03  -2.6295996e+02
   1.9600000e+03  -2.6295996e+02
   1.9700000e+03  -2.6295996e+02
   1.9800000e+03  -2.6295996e+02
   1.9900000e+03  -2.6295996e+02
   2.0000000e+03  -2.6295996e+02
   2.0100000e+03  -2.6295996e+02
   2.0200000e+03  -2.6295996e+02
   2.0300000e+03  -2.6295996e+02
   2.0400000e+03  -2.6295996e+02
   2.0500000e+03  -2.6295996e+02
   2.0600000e+03  -2.6295996e+02
   2.0700000e+03  -2.6295996e+02
   2.0800000e+03  -2.6295996e+02
   2.0900000e+03  -2.6295996e+02
   2.1000000e+03  -2.6295996e+02
   2.1100000e+03  -2.6295996e+02
   2.1200000e+03  -2.6295996e+02
   2.1300000e+03  -2.6295996e+02
   2.1400000e+03  -2.6295996e+02
   2.1500000e+03  -2.6295996e+02
   2.1600000e+03  -2.6295996e+02
   2.1700000e+03  -2.6295996e+02
   2.1800000e+03  -2.6295996e+02
   2.1900000e+03  -2.6295996e+02
   2.2000000e+03  -2.6295996e+02
   2.2100000e+03  -2.6295996e+02
   2.2200000e+03  -2.6295996e+02
   2.2300000e+03  -2.6295996e+02
   2.2400000e+03  -2.6295996e+02
   2.2500000e+03  -2.6295996e+02
   2.2600000e+03  -2.6295996e+02
   2.2700000e+03  -2.6295996e+02
   2.2800000e+03  -2.6295996e+02
   2.2900000e+03  -2.6295996e+02
   2.3000000e+03  -2.6295996e+02
   2.3100000e+03  -2.6295996e+02
   2.3200000e+03  -2.6295996e+02
   2.3300000e+03  -2.6295996e+02
   2.3400000e+03  -2.6295996e+02
   2.3500000e+03  -2.6295996e+02
   2.3600000e+03  -2.6295996e+02
   2.3700000e+03  -2.6295996e+02
   2.3800000e+03  -2.6295996e+02
   2.3900000e+03  -2.6295996e+02
   2.4000000e+03  -2.6295996e+02
   2.4100000e+03  -2.6295996e+02
   2.4200000e+03  -2.6295996e+02
   2.4300000e+03  -2.6295996e+02
   2.4400000e+03  -2.6295996e+02
   2.4500000e+03  -2.6295996e+02
   2.4600000e+03  -2.6295996e+02
   2.4700000e+03  -2.6295996e+02
   2.4800000e+03  -2.6295996e+02
   2.4900000e+03  -2.6295996e+02
   2.5000000e+03  -2.6295996e+02
   2.5100000e+03  -2.6295996e+02
   2.5200000e+03  -2.6295996e+02
   2.5300000e+03  -2.6295996e+02
   2.5400000e+03  -2.6295996e+02
   2.5500000e+03  -2.6295996e+02
   2.5600000e+03  -2.6295996e+02
   2.5700000e+03  -2.6295996e+02
   2.5800000e+03  -2.6295996e+02
   2.5900000e+03  -2.6295996e+02
   2.6000000e+03  -2.6295996e+02
   2.6100000e+03  -2.6295996e+02
   2.6200000e+03  -2.6295996e+02
   2.6300000e+03  -2.6295996e+02
   2.6400000e+03  -2.6295996e+02
   2.6500000e+03  -2.6295996e+02
   2.6600000e+03  -2.6295996e+02
   2.6700000e+03  -2.6295996e+02
   2.6800000e+03  -2.6295996e+02
   2.6900000e+03  -2.6295996e+02
   2.7000000e+03  -2.6295996e+02
   2.7100000e+03  -2.6295996e+02
   2.7200000e+03  -2.6295996e+02
   2.7300000e+03  -2.6295996e+02
   2.7400000e+03  -2.6295996e+02
   2.7500000e+03  -2.6295996e+02
   2.7600000e+03  -2.6295996e+02
   2.7700000e+03  -2.6295996e+02
   2.7800000e+03  -2.6295996e+02
   2.7900000e+03  -2.6295996e+02
   2.8000000e+03  -2.6295996e+02
   2.8100000e+03  -2.6295996e+02
   2.8200000e+03  -2.6295996e+02
   2.8300000e+03  -2.6295996e+02
   2.8400000e+03  -2.6295996e+02
   2.8500000e+03  -2.6295996e+02
   2.8600000e+03  -2.6295996e+02
   2.8700000e+03  -2.6295996e+02
   2.8800000e+03  -2.6295996e+02
   2.8900000e+03  -2.6295996e+02
   2.9000000e+03  -2.6295996e+02
   2.9100000e+03  -2.6295996e+02
   2.9200000e+03  -2.6295996e+02
   2.9300000e+03  -2.6295996e+02
   2.9400000e+03  -2.6295996e+02
   2.9500000e+03  -2.6295996e+02
   2.9600000e+03  -2.6295996e+02
   2.9700000e+03  -2.6295996e+02
   2.9800000e+03  -2.6295996e+02
   2.9900000e+03  -2.6295996e+02
   3.0000000e+03  -2.6295996e+02
   3.0100000e+03  -2.6295996e+02
   3.0200000e+03  -2.6295996e+02
   3.0300000e+03  -2.6295996e+02
   3.0400000e+03  -2.6295996e+02
   3.0500000e+03  -2.6295996e+02
   3.0600000e+03  -2.6295996e+02
   3.0700000e+03  -2.6295996e+02
   3.0800000e+03  -2.6295996e+02
   3.0900000e+03  -2.6295996e+02
   3.1000000e+03  -2.6295996e+02
   3.1100000e+03  -2.6295996e+02
   3.1200000e+03  -2.6295996e+02
   3.1300000e+03  -2.6295996e+02
   3.1400000e+03  -2.6295996e+02
   3.1500000e+03  -2.6295996e+02
   3.1600000e+03  -2.6295996e+02
   3.1700000e+03  -2.6295996e+02
   3.1800000e+03  -2.6295996e+02
   3.1900000e+03  -2.6295996e+02
   3.2000000e+03  -2.6295996e+02
   3.2100000e+03  -2.6295996e+02
   3.2200000e+03  -2.6295996e+02
   3.2300000e+03  -2.6295996e+02
   3.2400000e+03  -2.6295996e+02
   3.2500000e+03  -2.6295996e+02
   3.2600000e+03  -2.6295996e+02
   3.2700000e+03  -2.6295996e+02
   3.2800000e+03  -2.6295996e+02
   3.2900000e+03  -2.6295996e+02
   3.3000000e+03  -2.6295996e+02
   3.3100000e+03  -2.6295996e+02
   3.3200000e+03  -2.6295996e+02
   3.3300000e+03  -2.6295996e+02
   3.3400000e+03  -2.6295996e+02
   3.3500000e+03  -2.6295996e+02
   3.3600000e+03  -2.6295996e+02
   3.3700000e+03  -2.6295996e+02
   3.3800000e+03  -2.6295996e+02
   3.3900000e+03  -2.6295996e+02
   3.4000000e+03  -2.6295996e+02
   3.4100000e+03  -2.6295996e+02
   3.4200000e+03  -2.6295996e+02
   3.4300000e+03  -2.6295996e+02
   3.4400000e+03  -2.6295996e+02
   3.4500000e+03  -2.6295996e+02
   3.4600000e+03  -2.6295996e+02
   3.4700000e+03  -2.6295996e+02
   3.4800000e+03  -2.6295996e+02
   3.4900000e+03  -2.6295996e+02
