   0.0000000e+00   1.5017300e-03
   1.0000000e+01  -3.0754361e-03
   2.0000000e+01   2.7718485e-01
   3.0000000e+01   1.0894430e+00
   4.0000000e+01   1.9975917e+00
   5.0000000e+01   3.0021909e+00
   6.0000000e+01   4.0231403e+00
   7.0000000e+01   5.0947965e+00
   8.0000000e+01   6.0878032e+00
   9.0000000e+01   7.1171478e+00
   1.0000000e+02   8.1806624e+00
   1.1000000e+02   9.0240433e+00
   1.2000000e+02   9.8534481e+00
   1.3000000e+02   1.0791071e+01
   1.4000000e+02   1.1539512e+01
   1.5000000e+02   1.2242740e+01
   1.6000000e+02   1.3101647e+01
   1.7000000e+02   1.3874573e+01
   1.8000000e+02   1.4653522e+01
   1.9000000e+02   1.5327337e+01
   2.0000000e+02   1.6009504e+01
   2.1000000e+02   1.6514980e+01
   2.2000000e+02   1.7210333e+01
   2.3000000e+02   1.7832755e+01
   2.4000000e+02   1.8429225e+01
   2.5000000e+02   1.9026458e+01
   2.6000000e+02   1.9502183e+01
   2.7000000e+02   1.9830715e+01
   2.8000000e+02   2.0422862e+01
   2.9000000e+02   2.0838442e+01
   3.0000000e+02   2.1496544e+01
   3.1000000e+02   2.2034108e+01
   3.2000000e+02   2.2611892e+01
   3.3000000e+02   2.3011176e+01
   3.4000000e+02   2.3367294e+01
   3.5000000e+02   2.3680835e+01
   3.6000000e+02   2.4034523e+01
   3.7000000e+02   2.4455359e+01
   3.8000000e+02   2.4741274e+01
   3.9000000e+02   2.5078954e+01
   4.0000000e+02   2.5516062e+01
   4.1000000e+02   2.5791817e+01
   4.2000000e+02   2.6213666e+01
   4.3000000e+02   2.6467806e+01
   4.4000000e+02   2.6768121e+01
   4.5000000e+02   2.7040643e+01
   4.6000000e+02   2.7399375e+01
   4.7000000e+02   2.7757603e+01
   4.8000000e+02   2.7951028e+01
   4.9000000e+02   2.8342951e+01
   5.0000000e+02   2.8670817e+01
   5.1000000e+02   2.8800026e+01
   5.2000000e+02   2.9156383e+01
   5.3000000e+02   2.9307350e+01
   5.4000000e+02   2.9550558e+01
   5.5000000e+02   2.9916405e+01
   5.6000000e+02   2.9971627e+01
   5.7000000e+02   3.0389565e+01
   5.8000000e+02   3.0602029e+01
   5.9000000e+02   3.0886399e+01
   6.0000000e+02   3.1135599e+01
   6.1000000e+02   3.1276959e+01
   6.2000000e+02   3.1317867e+01
   6.3000000e+02   3.1531646e+01
   6.4000000e+02   3.1903917e+01
   6.5000000e+02   3.2019388e+01
   6.6000000e+02   3.2117162e+01
   6.7000000e+02   3.2271993e+01
   6.8000000e+02   3.2482193e+01
   6.9000000e+02   3.2713731e+01
   7.0000000e+02   3.2930956e+01
   7.1000000e+02   3.3104290e+01
   7.2000000e+02   3.3195763e+01
   7.3000000e+02   3.3419398e+01
   7.4000000e+02   3.3538673e+01
   7.5000000e+02   3.3688435e+01
   7.6000000e+02   3.3928633e+01
   7.7000000e+02   3.4025483e+01
   7.8000000e+02   3.4162620e+01
   7.9000000e+02   3.4325489e+01
   8.0000000e+02   3.4516321e+01
   8.1000000e+02   3.4530708e+01
   8.2000000e+02   3.4724275e+01
   8.3000000e+02   3.4835347e+01
   8.4000000e+02   3.4928598e+01
   8.5000000e+02   3.5139251e+01
   8.6000000e+02   3.5327437e+01
   8.7000000e+02   3.5355639e+01
   8.8000000e+02   3.5488584e+01
   8.9000000e+02   3.5567980e+01
   9.0000000e+02   3.5553212e+01
   9.1000000e+02   3.5826451e+01
   9.2000000e+02   3.5879464e+01
   9.3000000e+02   3.6050563e+01
   9.4000000e+02   3.6100631e+01
   9.5000000e+02   3.6286060e+01
   9.6000000e+02   3.6218891e+01
   9.7000000e+02   3.6489210e+01
   9.8000000e+02   3.6512734e+01
   9.9000000e+02   3.6613453e+01
   1.0000000e+03   3.6617583e+01
   1.0100000e+03   3.6727286e+01
   1.0200000e+03   3.6899016e+01
   1.0300000e+03   3.6877632e+01
   1.0400000e+03   3.6874734e+01
   1.0500000e+03   3.6824155e+01
   1.0600000e+03   3.6716843e+01
   1.0700000e+03   3.6738927e+01
   1.0800000e+03   3.6829382e+01
   1.0900000e+03   3.6821656e+01
   1.1000000e+03   3.7036686e+01
   1.1100000e+03   3.6872140e+01
   1.1200000e+03   3.7007829e+01
   1.1300000e+03   3.7360143e+01
   1.1400000e+03   3.7748076e+01
   1.1500000e+03   3.7868608e+01
   1.1600000e+03   3.7798645e+01
   1.1700000e+03   3.8037482e+01
   1.1800000e+03   3.7895416e+01
   1.1900000e+03   3.7978550e+01
   1.2000000e+03   3.8162297e+01
   1.2100000e+03   3.8254061e+01
   1.2200000e+03   3.8352293e+01
   1.2300000e+03   3.8314009e+01
   1.2400000e+03   3.8434160e+01
   1.2500000e+03   3.8510541e+01
   1.2600000e+03   3.8607312e+01
   1.2700000e+03   3.8618702e+01
   1.2800000e+03   3.8606415e+01
   1.2900000e+03   3.8567912e+01
   1.3000000e+03   3.8553048e+01
   1.3100000e+03   3.8676970e+01
   1.3200000e+03   3.8756417e+01
   1.3300000e+03   3.8921787e+01
   1.3400000e+03   3.8970619e+01
   1.3500000e+03   3.8886062e+01
   1.3600000e+03   3.9005790e+01
   1.3700000e+03   3.9002741e+01
   1.3800000e+03   3.9037051e+01
   1.3900000e+03   3.9037509e+01
   1.4000000e+03   3.8987299e+01
   1.4100000e+03   3.9166455e+01
   1.4200000e+03   3.9292789e+01
   1.4300000e+03   3.9165878e+01
   1.4400000e+03   3.9244615e+01
   1.4500000e+03   3.9281557e+01
   1.4600000e+03   3.9453096e+01
   1.4700000e+03   3.9572083e+01
   1.4800000e+03   3.9466709e+01
   1.4900000e+03   3.9291395e+01
   1.5000000e+03   3.9234874e+01
   1.5100000e+03   3.9193147e+01
   1.5200000e+03   3.9416218e+01
   1.5300000e+03   3.9730660e+01
   1.5400000e+03   3.9834585e+01
   1.5500000e+03   3.9437019e+01
   1.5600000e+03   3.9531702e+01
   1.5700000e+03   3.9657960e+01
   1.5800000e+03   3.9712889e+01
   1.5900000e+03   3.9991991e+01
   1.6000000e+03   3.9975927e+01
   1.6100000e+03   4.0051103e+01
   1.6200000e+03   3.9910079e+01
   1.6300000e+03   3.9717992e+01
   1.6400000e+03   3.9722297e+01
   1.6500000e+03   3.9937219e+01
   1.6600000e+03   4.0136136e+01
   1.6700000e+03   4.0070579e+01
   1.6800000e+03   3.9882924e+01
   1.6900000e+03   3.9811192e+01
   1.7000000e+03   4.0147797e+01
   1.7100000e+03   4.0293657e+01
   1.7200000e+03   4.0335666e+01
   1.7300000e+03   4.0374217e+01
   1.7400000e+03   4.0253617e+01
   1.7500000e+03   4.0250660e+01
   1.7600000e+03   4.0344076e+01
   1.7700000e+03   4.0501055e+01
   1.7800000e+03   4.0311441e+01
   1.7900000e+03   4.0127559e+01
   1.8000000e+03   4.0217471e+01
   1.8100000e+03   4.0627104e+01
   1.8200000e+03   4.0353803e+01
   1.8300000e+03   4.0297371e+01
   1.8400000e+03   4.0404925e+01
   1.8500000e+03   4.0829633e+01
   1.8600000e+03   4.0787127e+01
   1.8700000e+03   4.0891188e+01
   1.8800000e+03   4.0675115e+01
   1.8900000e+03   4.0814019e+01
   1.9000000e+03   4.0722695e+01
   1.9100000e+03   4.0704704e+01
   1.9200000e+03   4.0695326e+01
   1.9300000e+03   4.0557723e+01
   1.9400000e+03   4.0787949e+01
   1.9500000e+03   4.0811514e+01
   1.9600000e+03   4.0876791e+01
   1.9700000e+03   4.0904481e+01
   1.9800000e+03   4.0932631e+01
   1.9900000e+03   4.0775478e+01
   2.0000000e+03   4.1084918e+01
   2.0100000e+03   4.0983979e+01
   2.0200000e+03   4.1075254e+01
   2.0300000e+03   4.1047524e+01
   2.0400000e+03   4.0995873e+01
   2.0500000e+03   4.0992533e+01
   2.0600000e+03   4.1045855e+01
   2.0700000e+03   4.1040694e+01
   2.0800000e+03   4.1006593e+01
   2.0900000e+03   4.1110040e+01
   2.1000000e+03   4.1126338e+01
   2.1100000e+03   4.1389313e+01
   2.1200000e+03   4.1415827e+01
   2.1300000e+03   4.1248645e+01
   2.1400000e+03   4.1268610e+01
   2.1500000e+03   4.1257357e+01
   2.1600000e+03   4.1389580e+01
   2.1700000e+03   4.1580101e+01
   2.1800000e+03   4.1572989e+01
   2.1900000e+03   4.1490761e+01
   2.2000000e+03   4.1770309e+01
   2.2100000e+03   4.1574356e+01
   2.2200000e+03   4.1571970e+01
   2.2300000e+03   4.1614120e+01
   2.2400000e+03   4.1386833e+01
   2.2500000e+03   4.1768072e+01
   2.2600000e+03   4.1751037e+01
   2.2700000e+03   4.1682804e+01
   2.2800000e+03   4.1713539e+01
   2.2900000e+03   4.1773098e+01
   2.3000000e+03   4.1890527e+01
   2.3100000e+03   4.1848736e+01
   2.3200000e+03   4.1820242e+01
   2.3300000e+03   4.1927986e+01
   2.3400000e+03   4.2182128e+01
   2.3500000e+03   4.2034086e+01
   2.3600000e+03   4.1932715e+01
   2.3700000e+03   4.1785487e+01
   2.3800000e+03   4.2121133e+01
   2.3900000e+03   4.1979375e+01
   2.4000000e+03   4.2159173e+01
   2.4100000e+03   4.2246139e+01
   2.4200000e+03   4.2314360e+01
   2.4300000e+03   4.2204578e+01
   2.4400000e+03   4.2248916e+01
   2.4500000e+03   4.2337102e+01
   2.4600000e+03   4.2190740e+01
   2.4700000e+03   4.2203544e+01
   2.4800000e+03   4.2031409e+01
   2.4900000e+03   4.2280394e+01
   2.5000000e+03   4.2111326e+01
   2.5100000e+03   4.2421594e+01
   2.5200000e+03   4.2487402e+01
   2.5300000e+03   4.2443373e+01
   2.5400000e+03   4.2207877e+01
   2.5500000e+03   4.2492704e+01
   2.5600000e+03   4.2662167e+01
   2.5700000e+03   4.2778818e+01
   2.5800000e+03   4.2411305e+01
   2.5900000e+03   4.2529077e+01
   2.6000000e+03   4.2524429e+01
   2.6100000e+03   4.2519164e+01
   2.6200000e+03   4.2582422e+01
   2.6300000e+03   4.2792851e+01
   2.6400000e+03   4.2728201e+01
   2.6500000e+03   4.2732501e+01
   2.6600000e+03   4.2761332e+01
   2.6700000e+03   4.2980247e+01
   2.6800000e+03   4.2810012e+01
   2.6900000e+03   4.2860994e+01
   2.7000000e+03   4.2871163e+01
   2.7100000e+03   4.2936054e+01
   2.7200000e+03   4.2964511e+01
   2.7300000e+03   4.2979896e+01
   2.7400000e+03   4.2713896e+01
   2.7500000e+03   4.2961689e+01
   2.7600000e+03   4.2905950e+01
   2.7700000e+03   4.3040037e+01
   2.7800000e+03   4.2754630e+01
   2.7900000e+03   4.2913071e+01
   2.8000000e+03   4.3073830e+01
   2.8100000e+03   4.3178652e+01
   2.8200000e+03   4.3051657e+01
   2.8300000e+03   4.3310088e+01
   2.8400000e+03   4.3192281e+01
   2.8500000e+03   4.3151072e+01
   2.8600000e+03   4.3032785e+01
   2.8700000e+03   4.3164781e+01
   2.8800000e+03   4.3258420e+01
   2.8900000e+03   4.3182316e+01
   2.9000000e+03   4.3120529e+01
   2.9100000e+03   4.3323316e+01
   2.9200000e+03   4.3244443e+01
   2.9300000e+03   4.3244600e+01
   2.9400000e+03   4.3231185e+01
   2.9500000e+03   4.3162774e+01
   2.9600000e+03   4.3191325e+01
   2.9700000e+03   4.3256506e+01
   2.9800000e+03   4.3259972e+01
   2.9900000e+03   4.3212608e+01
   3.0000000e+03   4.3280557e+01
   3.0100000e+03   4.3514114e+01
   3.0200000e+03   4.3339455e+01
   3.0300000e+03   4.3384198e+01
   3.0400000e+03   4.3377985e+01
   3.0500000e+03   4.3336391e+01
   3.0600000e+03   4.3344795e+01
   3.0700000e+03   4.3345414e+01
   3.0800000e+03   4.3465870e+01
   3.0900000e+03   4.3463902e+01
   3.1000000e+03   4.3353742e+01
   3.1100000e+03   4.3483072e+01
   3.1200000e+03   4.3505200e+01
   3.1300000e+03   4.3667887e+01
   3.1400000e+03   4.3682297e+01
   3.1500000e+03   4.3543484e+01
   3.1600000e+03   4.3477586e+01
   3.1700000e+03   4.3491080e+01
   3.1800000e+03   4.3613685e+01
   3.1900000e+03   4.3274375e+01
   3.2000000e+03   4.3431446e+01
   3.2100000e+03   4.3481719e+01
   3.2200000e+03   4.3490954e+01
   3.2300000e+03   4.3462848e+01
   3.2400000e+03   4.3500944e+01
   3.2500000e+03   4.3563024e+01
   3.2600000e+03   4.3542332e+01
   3.2700000e+03   4.3528446e+01
   3.2800000e+03   4.3411697e+01
   3.2900000e+03   4.3573963e+01
   3.3000000e+03   4.3491948e+01
   3.3100000e+03   4.3578926e+01
   3.3200000e+03   4.3520428e+01
   3.3300000e+03   4.3473576e+01
   3.3400000e+03   4.3708609e+01
   3.3500000e+03   4.3624752e+01
   3.3600000e+03   4.3727903e+01
   3.3700000e+03   4.3618722e+01
   3.3800000e+03   4.3615530e+01
   3.3900000e+03   4.3589868e+01
   3.4000000e+03   4.3480080e+01
   3.4100000e+03   4.3643275e+01
   3.4200000e+03   4.3560482e+01
   3.4300000e+03   4.3413863e+01
   3.4400000e+03   4.3458946e+01
   3.4500000e+03   4.3522394e+01
   3.4600000e+03   4.3491328e+01
   3.4700000e+03   4.3721602e+01
   3.4800000e+03   4.3624412e+01
   3.4900000e+03   4.3569958e+01
