   0.0000000e+00   1.9511932e+01
   1.0000000e+01   1.9507659e+01
   2.0000000e+01   1.9509939e+01
   3.0000000e+01   1.9507197e+01
   4.0000000e+01   1.9529138e+01
   5.0000000e+01   1.9505858e+01
   6.0000000e+01   1.9513956e+01
   7.0000000e+01   1.9528171e+01
   8.0000000e+01   1.9548128e+01
   9.0000000e+01   1.9545101e+01
   1.0000000e+02   1.9568212e+01
   1.1000000e+02   1.9590628e+01
   1.2000000e+02   1.9632832e+01
   1.3000000e+02   1.9654152e+01
   1.4000000e+02   1.9700680e+01
   1.5000000e+02   1.9772644e+01
   1.6000000e+02   1.9831126e+01
   1.7000000e+02   1.9901924e+01
   1.8000000e+02   1.9963489e+01
   1.9000000e+02   2.0047445e+01
   2.0000000e+02   2.0132309e+01
   2.1000000e+02   2.0225622e+01
   2.2000000e+02   2.0316445e+01
   2.3000000e+02   2.0410271e+01
   2.4000000e+02   2.0518858e+01
   2.5000000e+02   2.0627166e+01
   2.6000000e+02   2.0727476e+01
   2.7000000e+02   2.0857385e+01
   2.8000000e+02   2.0975140e+01
   2.9000000e+02   2.1093178e+01
   3.0000000e+02   2.1197819e+01
   3.1000000e+02   2.1329669e+01
   3.2000000e+02   2.1452479e+01
   3.3000000e+02   2.1579324e+01
   3.4000000e+02   2.1688471e+01
   3.5000000e+02   2.1812772e+01
   3.6000000e+02   2.1944756e+01
   3.7000000e+02   2.2081826e+01
   3.8000000e+02   2.2214871e+01
   3.9000000e+02   2.2344522e+01
   4.0000000e+02   2.2474415e+01
   4.1000000e+02   2.2599863e+01
   4.2000000e+02   2.2746483e+01
   4.3000000e+02   2.2880014e+01
   4.4000000e+02   2.3009691e+01
   4.5000000e+02   2.3151187e+01
   4.6000000e+02   2.3277495e+01
   4.7000000e+02   2.3385220e+01
   4.8000000e+02   2.3507614e+01
   4.9000000e+02   2.3618461e+01
   5.0000000e+02   2.3748321e+01
   5.1000000e+02   2.3859118e+01
   5.2000000e+02   2.3978343e+01
   5.3000000e+02   2.4103070e+01
   5.4000000e+02   2.4235284e+01
   5.5000000e+02   2.4372919e+01
   5.6000000e+02   2.4498422e+01
   5.7000000e+02   2.4612604e+01
   5.8000000e+02   2.4749602e+01
   5.9000000e+02   2.4855811e+01
   6.0000000e+02   2.4981553e+01
   6.1000000e+02   2.5099528e+01
   6.2000000e+02   2.5231787e+01
   6.3000000e+02   2.5314416e+01
   6.4000000e+02   2.5448289e+01
   6.5000000e+02   2.5560718e+01
   6.6000000e+02   2.5668155e+01
   6.7000000e+02   2.5764657e+01
   6.8000000e+02   2.5857426e+01
   6.9000000e+02   2.5972732e+01
   7.0000000e+02   2.6059901e+01
   7.1000000e+02   2.6171692e+01
   7.2000000e+02   2.6249553e+01
   7.3000000e+02   2.6370539e+01
   7.4000000e+02   2.6468798e+01
   7.5000000e+02   2.6592165e+01
   7.6000000e+02   2.6686719e+01
   7.7000000e+02   2.6798831e+01
   7.8000000e+02   2.6908103e+01
   7.9000000e+02   2.7004869e+01
   8.0000000e+02   2.7121537e+01
   8.1000000e+02   2.7232299e+01
   8.2000000e+02   2.7367354e+01
   8.3000000e+02   2.7480723e+01
   8.4000000e+02   2.7584516e+01
   8.5000000e+02   2.7697720e+01
   8.6000000e+02   2.7809072e+01
   8.7000000e+02   2.7924782e+01
   8.8000000e+02   2.8025018e+01
   8.9000000e+02   2.8137855e+01
   9.0000000e+02   2.8249722e+01
   9.1000000e+02   2.8355000e+01
   9.2000000e+02   2.8457457e+01
   9.3000000e+02   2.8573902e+01
   9.4000000e+02   2.8683081e+01
   9.5000000e+02   2.8788291e+01
   9.6000000e+02   2.8899402e+01
   9.7000000e+02   2.9012287e+01
   9.8000000e+02   2.9108859e+01
   9.9000000e+02   2.9197254e+01
   1.0000000e+03   2.9308705e+01
   1.0100000e+03   2.9406375e+01
   1.0200000e+03   2.9515572e+01
   1.0300000e+03   2.9631685e+01
   1.0400000e+03   2.9727539e+01
   1.0500000e+03   2.9838014e+01
   1.0600000e+03   2.9926372e+01
   1.0700000e+03   3.0029659e+01
   1.0800000e+03   3.0125960e+01
   1.0900000e+03   3.0215939e+01
   1.1000000e+03   3.0322779e+01
   1.1100000e+03   3.0417854e+01
   1.1200000e+03   3.0508125e+01
   1.1300000e+03   3.0596108e+01
   1.1400000e+03   3.0689998e+01
   1.1500000e+03   3.0784454e+01
   1.1600000e+03   3.0875383e+01
   1.1700000e+03   3.0964533e+01
   1.1800000e+03   3.1068634e+01
   1.1900000e+03   3.1136300e+01
   1.2000000e+03   3.1228562e+01
   1.2100000e+03   3.1306308e+01
   1.2200000e+03   3.1403893e+01
   1.2300000e+03   3.1490070e+01
   1.2400000e+03   3.1570877e+01
   1.2500000e+03   3.1651944e+01
   1.2600000e+03   3.1720833e+01
   1.2700000e+03   3.1787185e+01
   1.2800000e+03   3.1888506e+01
   1.2900000e+03   3.1951270e+01
   1.3000000e+03   3.2022739e+01
   1.3100000e+03   3.2095349e+01
   1.3200000e+03   3.2168107e+01
   1.3300000e+03   3.2247860e+01
   1.3400000e+03   3.2314218e+01
   1.3500000e+03   3.2390191e+01
   1.3600000e+03   3.2459352e+01
   1.3700000e+03   3.2521356e+01
   1.3800000e+03   3.2577784e+01
   1.3900000e+03   3.2645788e+01
   1.4000000e+03   3.2705278e+01
   1.4100000e+03   3.2767716e+01
   1.4200000e+03   3.2840669e+01
   1.4300000e+03   3.2887631e+01
   1.4400000e+03   3.2940086e+01
   1.4500000e+03   3.3003147e+01
   1.4600000e+03   3.3095376e+01
   1.4700000e+03   3.3136885e+01
   1.4800000e+03   3.3187217e+01
   1.4900000e+03   3.3242658e+01
   1.5000000e+03   3.3317943e+01
   1.5100000e+03   3.3367858e+01
   1.5200000e+03   3.3405541e+01
   1.5300000e+03   3.3474204e+01
   1.5400000e+03   3.3510537e+01
   1.5500000e+03   3.3557421e+01
   1.5600000e+03   3.3622188e+01
   1.5700000e+03   3.3683417e+01
   1.5800000e+03   3.3740003e+01
   1.5900000e+03   3.3791681e+01
   1.6000000e+03   3.3848337e+01
   1.6100000e+03   3.3911294e+01
   1.6200000e+03   3.3956253e+01
   1.6300000e+03   3.4021959e+01
   1.6400000e+03   3.4074676e+01
   1.6500000e+03   3.4132928e+01
   1.6600000e+03   3.4186501e+01
   1.6700000e+03   3.4227978e+01
   1.6800000e+03   3.4286779e+01
   1.6900000e+03   3.4323145e+01
   1.7000000e+03   3.4377024e+01
   1.7100000e+03   3.4426050e+01
   1.7200000e+03   3.4482998e+01
   1.7300000e+03   3.4545951e+01
   1.7400000e+03   3.4575867e+01
   1.7500000e+03   3.4629097e+01
   1.7600000e+03   3.4666795e+01
   1.7700000e+03   3.4707158e+01
   1.7800000e+03   3.4757907e+01
   1.7900000e+03   3.4800628e+01
   1.8000000e+03   3.4838652e+01
   1.8100000e+03   3.4886526e+01
   1.8200000e+03   3.4914962e+01
   1.8300000e+03   3.4978399e+01
   1.8400000e+03   3.5006225e+01
   1.8500000e+03   3.5039662e+01
   1.8600000e+03   3.5053550e+01
   1.8700000e+03   3.5106800e+01
   1.8800000e+03   3.5150262e+01
   1.8900000e+03   3.5177426e+01
   1.9000000e+03   3.5214286e+01
   1.9100000e+03   3.5261158e+01
   1.9200000e+03   3.5311086e+01
   1.9300000e+03   3.5354172e+01
   1.9400000e+03   3.5414994e+01
   1.9500000e+03   3.5451957e+01
   1.9600000e+03   3.5495072e+01
   1.9700000e+03   3.5525105e+01
   1.9800000e+03   3.5557267e+01
   1.9900000e+03   3.5597372e+01
   2.0000000e+03   3.5651580e+01
   2.0100000e+03   3.5682163e+01
   2.0200000e+03   3.5719875e+01
   2.0300000e+03   3.5751003e+01
   2.0400000e+03   3.5775533e+01
   2.0500000e+03   3.5815413e+01
   2.0600000e+03   3.5845133e+01
   2.0700000e+03   3.5864718e+01
   2.0800000e+03   3.5915925e+01
   2.0900000e+03   3.5963996e+01
   2.1000000e+03   3.5985001e+01
   2.1100000e+03   3.6026955e+01
   2.1200000e+03   3.6053626e+01
   2.1300000e+03   3.6075924e+01
   2.1400000e+03   3.6096447e+01
   2.1500000e+03   3.6136410e+01
   2.1600000e+03   3.6151341e+01
   2.1700000e+03   3.6196061e+01
   2.1800000e+03   3.6242033e+01
   2.1900000e+03   3.6281902e+01
   2.2000000e+03   3.6311093e+01
   2.2100000e+03   3.6326601e+01
   2.2200000e+03   3.6341019e+01
   2.2300000e+03   3.6362740e+01
   2.2400000e+03   3.6397431e+01
   2.2500000e+03   3.6410127e+01
   2.2600000e+03   3.6436982e+01
   2.2700000e+03   3.6456623e+01
   2.2800000e+03   3.6490193e+01
   2.2900000e+03   3.6531608e+01
   2.3000000e+03   3.6545409e+01
   2.3100000e+03   3.6557222e+01
   2.3200000e+03   3.6571937e+01
   2.3300000e+03   3.6592447e+01
   2.3400000e+03   3.6611729e+01
   2.3500000e+03   3.6628416e+01
   2.3600000e+03   3.6655773e+01
   2.3700000e+03   3.6688982e+01
   2.3800000e+03   3.6722725e+01
   2.3900000e+03   3.6739299e+01
   2.4000000e+03   3.6755555e+01
   2.4100000e+03   3.6782114e+01
   2.4200000e+03   3.6784150e+01
   2.4300000e+03   3.6804399e+01
   2.4400000e+03   3.6811635e+01
   2.4500000e+03   3.6824575e+01
   2.4600000e+03   3.6831749e+01
   2.4700000e+03   3.6852104e+01
   2.4800000e+03   3.6859851e+01
   2.4900000e+03   3.6897023e+01
   2.5000000e+03   3.6912449e+01
   2.5100000e+03   3.6938420e+01
   2.5200000e+03   3.6964642e+01
   2.5300000e+03   3.6999987e+01
   2.5400000e+03   3.7031997e+01
   2.5500000e+03   3.7042109e+01
   2.5600000e+03   3.7060329e+01
   2.5700000e+03   3.7090776e+01
   2.5800000e+03   3.7105587e+01
   2.5900000e+03   3.7113747e+01
   2.6000000e+03   3.7137070e+01
   2.6100000e+03   3.7154529e+01
   2.6200000e+03   3.7181287e+01
   2.6300000e+03   3.7208676e+01
   2.6400000e+03   3.7230855e+01
   2.6500000e+03   3.7243344e+01
   2.6600000e+03   3.7271423e+01
   2.6700000e+03   3.7297905e+01
   2.6800000e+03   3.7295632e+01
   2.6900000e+03   3.7311639e+01
   2.7000000e+03   3.7324846e+01
   2.7100000e+03   3.7343070e+01
   2.7200000e+03   3.7346144e+01
   2.7300000e+03   3.7368397e+01
   2.7400000e+03   3.7390030e+01
   2.7500000e+03   3.7412105e+01
   2.7600000e+03   3.7409469e+01
   2.7700000e+03   3.7414673e+01
   2.7800000e+03   3.7445056e+01
   2.7900000e+03   3.7461507e+01
   2.8000000e+03   3.7465798e+01
   2.8100000e+03   3.7463820e+01
   2.8200000e+03   3.7467021e+01
   2.8300000e+03   3.7490197e+01
   2.8400000e+03   3.7484915e+01
   2.8500000e+03   3.7495554e+01
   2.8600000e+03   3.7487792e+01
   2.8700000e+03   3.7494875e+01
   2.8800000e+03   3.7518831e+01
   2.8900000e+03   3.7509832e+01
   2.9000000e+03   3.7534990e+01
   2.9100000e+03   3.7551157e+01
   2.9200000e+03   3.7560660e+01
   2.9300000e+03   3.7596378e+01
   2.9400000e+03   3.7606498e+01
   2.9500000e+03   3.7626102e+01
   2.9600000e+03   3.7637853e+01
   2.9700000e+03   3.7655553e+01
   2.9800000e+03   3.7663819e+01
   2.9900000e+03   3.7674238e+01
   3.0000000e+03   3.7680692e+01
   3.0100000e+03   3.7689276e+01
   3.0200000e+03   3.7684930e+01
   3.0300000e+03   3.7692754e+01
   3.0400000e+03   3.7698806e+01
   3.0500000e+03   3.7710379e+01
   3.0600000e+03   3.7731869e+01
   3.0700000e+03   3.7742694e+01
   3.0800000e+03   3.7762775e+01
   3.0900000e+03   3.7763711e+01
   3.1000000e+03   3.7781677e+01
   3.1100000e+03   3.7794794e+01
   3.1200000e+03   3.7797794e+01
   3.1300000e+03   3.7817647e+01
   3.1400000e+03   3.7817558e+01
   3.1500000e+03   3.7834195e+01
   3.1600000e+03   3.7847656e+01
   3.1700000e+03   3.7852329e+01
   3.1800000e+03   3.7873424e+01
   3.1900000e+03   3.7886314e+01
   3.2000000e+03   3.7895253e+01
   3.2100000e+03   3.7905077e+01
   3.2200000e+03   3.7919688e+01
   3.2300000e+03   3.7919561e+01
   3.2400000e+03   3.7943059e+01
   3.2500000e+03   3.7951202e+01
   3.2600000e+03   3.7960039e+01
   3.2700000e+03   3.7966750e+01
   3.2800000e+03   3.7972890e+01
   3.2900000e+03   3.7980510e+01
   3.3000000e+03   3.7979735e+01
   3.3100000e+03   3.7990797e+01
   3.3200000e+03   3.7987810e+01
   3.3300000e+03   3.7995722e+01
   3.3400000e+03   3.8014925e+01
   3.3500000e+03   3.8038355e+01
   3.3600000e+03   3.8034428e+01
   3.3700000e+03   3.8020931e+01
   3.3800000e+03   3.8027400e+01
   3.3900000e+03   3.8045225e+01
   3.4000000e+03   3.8054736e+01
   3.4100000e+03   3.8073816e+01
   3.4200000e+03   3.8091617e+01
   3.4300000e+03   3.8091759e+01
   3.4400000e+03   3.8111659e+01
   3.4500000e+03   3.8130800e+01
   3.4600000e+03   3.8133788e+01
   3.4700000e+03   3.8139333e+01
   3.4800000e+03   3.8150890e+01
   3.4900000e+03   3.8158017e+01
