   0.0000000e+00   1.8034037e+01
   1.0000000e+01   1.8044927e+01
   2.0000000e+01   1.8038905e+01
   3.0000000e+01   1.8031239e+01
   4.0000000e+01   1.8032281e+01
   5.0000000e+01   1.8033252e+01
   6.0000000e+01   1.8029863e+01
   7.0000000e+01   1.8031799e+01
   8.0000000e+01   1.8034978e+01
   9.0000000e+01   1.8044987e+01
   1.0000000e+02   1.8034861e+01
   1.1000000e+02   1.8035037e+01
   1.2000000e+02   1.8027030e+01
   1.3000000e+02   1.8044694e+01
   1.4000000e+02   1.8034528e+01
   1.5000000e+02   1.8046902e+01
   1.6000000e+02   1.8033290e+01
   1.7000000e+02   1.8029373e+01
   1.8000000e+02   1.8048539e+01
   1.9000000e+02   1.8045196e+01
   2.0000000e+02   1.8029827e+01
   2.1000000e+02   1.8037333e+01
   2.2000000e+02   1.8035452e+01
   2.3000000e+02   1.8046639e+01
   2.4000000e+02   1.8035927e+01
   2.5000000e+02   1.8035758e+01
   2.6000000e+02   1.8047029e+01
   2.7000000e+02   1.8048769e+01
   2.8000000e+02   1.8041335e+01
   2.9000000e+02   1.8054013e+01
   3.0000000e+02   1.8048334e+01
   3.1000000e+02   1.8048775e+01
   3.2000000e+02   1.8054422e+01
   3.3000000e+02   1.8071111e+01
   3.4000000e+02   1.8064250e+01
   3.5000000e+02   1.8075296e+01
   3.6000000e+02   1.8071005e+01
   3.7000000e+02   1.8064956e+01
   3.8000000e+02   1.8074020e+01
   3.9000000e+02   1.8073252e+01
   4.0000000e+02   1.8078179e+01
   4.1000000e+02   1.8091061e+01
   4.2000000e+02   1.8089995e+01
   4.3000000e+02   1.8082782e+01
   4.4000000e+02   1.8087656e+01
   4.5000000e+02   1.8085214e+01
   4.6000000e+02   1.8104333e+01
   4.7000000e+02   1.8089134e+01
   4.8000000e+02   1.8099196e+01
   4.9000000e+02   1.8098233e+01
   5.0000000e+02   1.8113062e+01
   5.1000000e+02   1.8120368e+01
   5.2000000e+02   1.8125835e+01
   5.3000000e+02   1.8116470e+01
   5.4000000e+02   1.8099985e+01
   5.5000000e+02   1.8107337e+01
   5.6000000e+02   1.8112744e+01
   5.7000000e+02   1.8111969e+01
   5.8000000e+02   1.8131437e+01
   5.9000000e+02   1.8124426e+01
   6.0000000e+02   1.8122866e+01
   6.1000000e+02   1.8136765e+01
   6.2000000e+02   1.8152971e+01
   6.3000000e+02   1.8135348e+01
   6.4000000e+02   1.8141906e+01
   6.5000000e+02   1.8151715e+01
   6.6000000e+02   1.8140827e+01
   6.7000000e+02   1.8139994e+01
   6.8000000e+02   1.8127403e+01
   6.9000000e+02   1.8135258e+01
   7.0000000e+02   1.8128144e+01
   7.1000000e+02   1.8128057e+01
   7.2000000e+02   1.8117541e+01
   7.3000000e+02   1.8132947e+01
   7.4000000e+02   1.8149677e+01
   7.5000000e+02   1.8139561e+01
   7.6000000e+02   1.8137200e+01
   7.7000000e+02   1.8145135e+01
   7.8000000e+02   1.8162188e+01
   7.9000000e+02   1.8163611e+01
   8.0000000e+02   1.8167302e+01
   8.1000000e+02   1.8166720e+01
   8.2000000e+02   1.8169764e+01
   8.3000000e+02   1.8186471e+01
   8.4000000e+02   1.8174036e+01
   8.5000000e+02   1.8169702e+01
   8.6000000e+02   1.8183281e+01
   8.7000000e+02   1.8183185e+01
   8.8000000e+02   1.8198335e+01
   8.9000000e+02   1.8208622e+01
   9.0000000e+02   1.8205675e+01
   9.1000000e+02   1.8205845e+01
   9.2000000e+02   1.8214302e+01
   9.3000000e+02   1.8216703e+01
   9.4000000e+02   1.8209530e+01
   9.5000000e+02   1.8208876e+01
   9.6000000e+02   1.8221177e+01
   9.7000000e+02   1.8228136e+01
   9.8000000e+02   1.8215943e+01
   9.9000000e+02   1.8214252e+01
   1.0000000e+03   1.8215714e+01
   1.0100000e+03   1.8217446e+01
   1.0200000e+03   1.8223098e+01
   1.0300000e+03   1.8214614e+01
   1.0400000e+03   1.8198974e+01
   1.0500000e+03   1.8194483e+01
   1.0600000e+03   1.8211365e+01
   1.0700000e+03   1.8205527e+01
   1.0800000e+03   1.8204583e+01
   1.0900000e+03   1.8207394e+01
   1.1000000e+03   1.8201894e+01
   1.1100000e+03   1.8206113e+01
   1.1200000e+03   1.8216805e+01
   1.1300000e+03   1.8204901e+01
   1.1400000e+03   1.8216996e+01
   1.1500000e+03   1.8216655e+01
   1.1600000e+03   1.8210895e+01
   1.1700000e+03   1.8212370e+01
   1.1800000e+03   1.8199473e+01
   1.1900000e+03   1.8202206e+01
   1.2000000e+03   1.8194780e+01
   1.2100000e+03   1.8181286e+01
   1.2200000e+03   1.8179451e+01
   1.2300000e+03   1.8190623e+01
   1.2400000e+03   1.8182768e+01
   1.2500000e+03   1.8186976e+01
   1.2600000e+03   1.8197058e+01
   1.2700000e+03   1.8190274e+01
   1.2800000e+03   1.8192032e+01
   1.2900000e+03   1.8192189e+01
   1.3000000e+03   1.8188887e+01
   1.3100000e+03   1.8194483e+01
   1.3200000e+03   1.8184928e+01
   1.3300000e+03   1.8207120e+01
   1.3400000e+03   1.8188005e+01
   1.3500000e+03   1.8199403e+01
   1.3600000e+03   1.8194521e+01
   1.3700000e+03   1.8197094e+01
   1.3800000e+03   1.8191636e+01
   1.3900000e+03   1.8182511e+01
   1.4000000e+03   1.8182718e+01
   1.4100000e+03   1.8182546e+01
   1.4200000e+03   1.8187473e+01
   1.4300000e+03   1.8188948e+01
   1.4400000e+03   1.8204247e+01
   1.4500000e+03   1.8193281e+01
   1.4600000e+03   1.8198511e+01
   1.4700000e+03   1.8197967e+01
   1.4800000e+03   1.8218515e+01
   1.4900000e+03   1.8209877e+01
   1.5000000e+03   1.8188125e+01
   1.5100000e+03   1.8202622e+01
   1.5200000e+03   1.8206846e+01
   1.5300000e+03   1.8212672e+01
   1.5400000e+03   1.8228456e+01
   1.5500000e+03   1.8215692e+01
   1.5600000e+03   1.8227010e+01
   1.5700000e+03   1.8213322e+01
   1.5800000e+03   1.8215268e+01
   1.5900000e+03   1.8222029e+01
   1.6000000e+03   1.8215633e+01
   1.6100000e+03   1.8222853e+01
   1.6200000e+03   1.8225490e+01
   1.6300000e+03   1.8219046e+01
   1.6400000e+03   1.8215120e+01
   1.6500000e+03   1.8223654e+01
   1.6600000e+03   1.8219032e+01
   1.6700000e+03   1.8208016e+01
   1.6800000e+03   1.8222143e+01
   1.6900000e+03   1.8217316e+01
   1.7000000e+03   1.8213224e+01
   1.7100000e+03   1.8222690e+01
   1.7200000e+03   1.8226792e+01
   1.7300000e+03   1.8219442e+01
   1.7400000e+03   1.8222612e+01
   1.7500000e+03   1.8224232e+01
   1.7600000e+03   1.8212566e+01
   1.7700000e+03   1.8204813e+01
   1.7800000e+03   1.8221606e+01
   1.7900000e+03   1.8213137e+01
   1.8000000e+03   1.8223309e+01
   1.8100000e+03   1.8235900e+01
   1.8200000e+03   1.8238760e+01
   1.8300000e+03   1.8241179e+01
   1.8400000e+03   1.8247708e+01
   1.8500000e+03   1.8242029e+01
   1.8600000e+03   1.8243926e+01
   1.8700000e+03   1.8236848e+01
   1.8800000e+03   1.8236777e+01
   1.8900000e+03   1.8244741e+01
   1.9000000e+03   1.8235675e+01
   1.9100000e+03   1.8228868e+01
   1.9200000e+03   1.8234292e+01
   1.9300000e+03   1.8233635e+01
   1.9400000e+03   1.8234287e+01
   1.9500000e+03   1.8232016e+01
   1.9600000e+03   1.8227477e+01
   1.9700000e+03   1.8217992e+01
   1.9800000e+03   1.8224250e+01
   1.9900000e+03   1.8218304e+01
   2.0000000e+03   1.8229358e+01
   2.0100000e+03   1.8237035e+01
   2.0200000e+03   1.8256244e+01
   2.0300000e+03   1.8244290e+01
   2.0400000e+03   1.8241357e+01
   2.0500000e+03   1.8248620e+01
   2.0600000e+03   1.8236384e+01
   2.0700000e+03   1.8241488e+01
   2.0800000e+03   1.8249521e+01
   2.0900000e+03   1.8252864e+01
   2.1000000e+03   1.8250461e+01
   2.1100000e+03   1.8243078e+01
   2.1200000e+03   1.8238513e+01
   2.1300000e+03   1.8237714e+01
   2.1400000e+03   1.8235748e+01
   2.1500000e+03   1.8217585e+01
   2.1600000e+03   1.8243041e+01
   2.1700000e+03   1.8232105e+01
   2.1800000e+03   1.8230851e+01
   2.1900000e+03   1.8234982e+01
   2.2000000e+03   1.8232340e+01
   2.2100000e+03   1.8225794e+01
   2.2200000e+03   1.8235464e+01
   2.2300000e+03   1.8233632e+01
   2.2400000e+03   1.8224318e+01
   2.2500000e+03   1.8236309e+01
   2.2600000e+03   1.8244447e+01
   2.2700000e+03   1.8236440e+01
   2.2800000e+03   1.8247426e+01
   2.2900000e+03   1.8247712e+01
   2.3000000e+03   1.8247594e+01
   2.3100000e+03   1.8249200e+01
   2.3200000e+03   1.8231519e+01
   2.3300000e+03   1.8239473e+01
   2.3400000e+03   1.8237058e+01
   2.3500000e+03   1.8240676e+01
   2.3600000e+03   1.8243610e+01
   2.3700000e+03   1.8250825e+01
   2.3800000e+03   1.8239334e+01
   2.3900000e+03   1.8252058e+01
   2.4000000e+03   1.8244935e+01
   2.4100000e+03   1.8253424e+01
   2.4200000e+03   1.8256836e+01
   2.4300000e+03   1.8262468e+01
   2.4400000e+03   1.8256005e+01
   2.4500000e+03   1.8267839e+01
   2.4600000e+03   1.8272435e+01
   2.4700000e+03   1.8270741e+01
   2.4800000e+03   1.8264805e+01
   2.4900000e+03   1.8280446e+01
   2.5000000e+03   1.8297550e+01
   2.5100000e+03   1.8313912e+01
   2.5200000e+03   1.8294447e+01
   2.5300000e+03   1.8286118e+01
   2.5400000e+03   1.8291106e+01
   2.5500000e+03   1.8286780e+01
   2.5600000e+03   1.8297747e+01
   2.5700000e+03   1.8281874e+01
   2.5800000e+03   1.8286869e+01
   2.5900000e+03   1.8268722e+01
   2.6000000e+03   1.8272529e+01
   2.6100000e+03   1.8267957e+01
   2.6200000e+03   1.8270849e+01
   2.6300000e+03   1.8257137e+01
   2.6400000e+03   1.8273029e+01
   2.6500000e+03   1.8269420e+01
   2.6600000e+03   1.8262763e+01
   2.6700000e+03   1.8262098e+01
   2.6800000e+03   1.8261864e+01
   2.6900000e+03   1.8258136e+01
   2.7000000e+03   1.8247733e+01
   2.7100000e+03   1.8247618e+01
   2.7200000e+03   1.8244798e+01
   2.7300000e+03   1.8244014e+01
   2.7400000e+03   1.8250700e+01
   2.7500000e+03   1.8247549e+01
   2.7600000e+03   1.8247016e+01
   2.7700000e+03   1.8263778e+01
   2.7800000e+03   1.8242477e+01
   2.7900000e+03   1.8260784e+01
   2.8000000e+03   1.8255724e+01
   2.8100000e+03   1.8265261e+01
   2.8200000e+03   1.8240495e+01
   2.8300000e+03   1.8247309e+01
   2.8400000e+03   1.8233918e+01
   2.8500000e+03   1.8248514e+01
   2.8600000e+03   1.8234308e+01
   2.8700000e+03   1.8233034e+01
   2.8800000e+03   1.8226942e+01
   2.8900000e+03   1.8235473e+01
   2.9000000e+03   1.8241313e+01
   2.9100000e+03   1.8228155e+01
   2.9200000e+03   1.8214002e+01
   2.9300000e+03   1.8222925e+01
   2.9400000e+03   1.8225285e+01
   2.9500000e+03   1.8226969e+01
   2.9600000e+03   1.8219233e+01
   2.9700000e+03   1.8208931e+01
   2.9800000e+03   1.8201890e+01
   2.9900000e+03   1.8196851e+01
   3.0000000e+03   1.8219772e+01
   3.0100000e+03   1.8219664e+01
   3.0200000e+03   1.8205270e+01
   3.0300000e+03   1.8210658e+01
   3.0400000e+03   1.8209297e+01
   3.0500000e+03   1.8212179e+01
   3.0600000e+03   1.8210441e+01
   3.0700000e+03   1.8205587e+01
   3.0800000e+03   1.8220409e+01
   3.0900000e+03   1.8200938e+01
   3.1000000e+03   1.8208388e+01
   3.1100000e+03   1.8234465e+01
   3.1200000e+03   1.8228976e+01
   3.1300000e+03   1.8235100e+01
   3.1400000e+03   1.8225965e+01
   3.1500000e+03   1.8251068e+01
   3.1600000e+03   1.8243053e+01
   3.1700000e+03   1.8245393e+01
   3.1800000e+03   1.8241574e+01
   3.1900000e+03   1.8221687e+01
   3.2000000e+03   1.8239100e+01
   3.2100000e+03   1.8231171e+01
   3.2200000e+03   1.8242227e+01
   3.2300000e+03   1.8251600e+01
   3.2400000e+03   1.8242180e+01
   3.2500000e+03   1.8233992e+01
   3.2600000e+03   1.8248045e+01
   3.2700000e+03   1.8261753e+01
   3.2800000e+03   1.8251969e+01
   3.2900000e+03   1.8247057e+01
   3.3000000e+03   1.8249589e+01
   3.3100000e+03   1.8255760e+01
   3.3200000e+03   1.8240222e+01
   3.3300000e+03   1.8253195e+01
   3.3400000e+03   1.8257729e+01
   3.3500000e+03   1.8274335e+01
   3.3600000e+03   1.8264219e+01
   3.3700000e+03   1.8260879e+01
   3.3800000e+03   1.8252719e+01
   3.3900000e+03   1.8254953e+01
   3.4000000e+03   1.8261715e+01
   3.4100000e+03   1.8258036e+01
   3.4200000e+03   1.8240444e+01
   3.4300000e+03   1.8248996e+01
   3.4400000e+03   1.8262320e+01
   3.4500000e+03   1.8260809e+01
   3.4600000e+03   1.8263110e+01
   3.4700000e+03   1.8265444e+01
   3.4800000e+03   1.8259545e+01
   3.4900000e+03   1.8286783e+01
