   0.0000000e+00   1.9549552e+01
   1.0000000e+01   1.9551390e+01
   2.0000000e+01   1.9562294e+01
   3.0000000e+01   1.9540037e+01
   4.0000000e+01   1.9552665e+01
   5.0000000e+01   1.9545987e+01
   6.0000000e+01   1.9534027e+01
   7.0000000e+01   1.9533411e+01
   8.0000000e+01   1.9534037e+01
   9.0000000e+01   1.9530823e+01
   1.0000000e+02   1.9531371e+01
   1.1000000e+02   1.9532010e+01
   1.2000000e+02   1.9526099e+01
   1.3000000e+02   1.9540960e+01
   1.4000000e+02   1.9532892e+01
   1.5000000e+02   1.9529491e+01
   1.6000000e+02   1.9512883e+01
   1.7000000e+02   1.9520559e+01
   1.8000000e+02   1.9523941e+01
   1.9000000e+02   1.9524311e+01
   2.0000000e+02   1.9524257e+01
   2.1000000e+02   1.9531522e+01
   2.2000000e+02   1.9521299e+01
   2.3000000e+02   1.9530156e+01
   2.4000000e+02   1.9532899e+01
   2.5000000e+02   1.9541537e+01
   2.6000000e+02   1.9554185e+01
   2.7000000e+02   1.9564498e+01
   2.8000000e+02   1.9568429e+01
   2.9000000e+02   1.9573444e+01
   3.0000000e+02   1.9582141e+01
   3.1000000e+02   1.9593938e+01
   3.2000000e+02   1.9601895e+01
   3.3000000e+02   1.9622966e+01
   3.4000000e+02   1.9644619e+01
   3.5000000e+02   1.9662603e+01
   3.6000000e+02   1.9657623e+01
   3.7000000e+02   1.9678231e+01
   3.8000000e+02   1.9692614e+01
   3.9000000e+02   1.9717337e+01
   4.0000000e+02   1.9739869e+01
   4.1000000e+02   1.9764783e+01
   4.2000000e+02   1.9775536e+01
   4.3000000e+02   1.9807494e+01
   4.4000000e+02   1.9849435e+01
   4.5000000e+02   1.9871557e+01
   4.6000000e+02   1.9901770e+01
   4.7000000e+02   1.9927371e+01
   4.8000000e+02   1.9959428e+01
   4.9000000e+02   1.9992755e+01
   5.0000000e+02   2.0035130e+01
   5.1000000e+02   2.0067677e+01
   5.2000000e+02   2.0108579e+01
   5.3000000e+02   2.0137220e+01
   5.4000000e+02   2.0146245e+01
   5.5000000e+02   2.0183234e+01
   5.6000000e+02   2.0234959e+01
   5.7000000e+02   2.0271941e+01
   5.8000000e+02   2.0312451e+01
   5.9000000e+02   2.0355945e+01
   6.0000000e+02   2.0374769e+01
   6.1000000e+02   2.0433572e+01
   6.2000000e+02   2.0484485e+01
   6.3000000e+02   2.0501633e+01
   6.4000000e+02   2.0547314e+01
   6.5000000e+02   2.0586744e+01
   6.6000000e+02   2.0640482e+01
   6.7000000e+02   2.0667668e+01
   6.8000000e+02   2.0704654e+01
   6.9000000e+02   2.0729626e+01
   7.0000000e+02   2.0764434e+01
   7.1000000e+02   2.0820607e+01
   7.2000000e+02   2.0847157e+01
   7.3000000e+02   2.0893550e+01
   7.4000000e+02   2.0932464e+01
   7.5000000e+02   2.0953392e+01
   7.6000000e+02   2.1006824e+01
   7.7000000e+02   2.1048767e+01
   7.8000000e+02   2.1106748e+01
   7.9000000e+02   2.1141266e+01
   8.0000000e+02   2.1181979e+01
   8.1000000e+02   2.1214494e+01
   8.2000000e+02   2.1242757e+01
   8.3000000e+02   2.1278861e+01
   8.4000000e+02   2.1323388e+01
   8.5000000e+02   2.1350537e+01
   8.6000000e+02   2.1399948e+01
   8.7000000e+02   2.1438032e+01
   8.8000000e+02   2.1488080e+01
   8.9000000e+02   2.1520782e+01
   9.0000000e+02   2.1554169e+01
   9.1000000e+02   2.1586961e+01
   9.2000000e+02   2.1639583e+01
   9.3000000e+02   2.1663261e+01
   9.4000000e+02   2.1707468e+01
   9.5000000e+02   2.1742209e+01
   9.6000000e+02   2.1777606e+01
   9.7000000e+02   2.1815773e+01
   9.8000000e+02   2.1844328e+01
   9.9000000e+02   2.1877107e+01
   1.0000000e+03   2.1931301e+01
   1.0100000e+03   2.1960088e+01
   1.0200000e+03   2.1990470e+01
   1.0300000e+03   2.2026880e+01
   1.0400000e+03   2.2046443e+01
   1.0500000e+03   2.2087758e+01
   1.0600000e+03   2.2135110e+01
   1.0700000e+03   2.2162591e+01
   1.0800000e+03   2.2195874e+01
   1.0900000e+03   2.2225036e+01
   1.1000000e+03   2.2255395e+01
   1.1100000e+03   2.2286190e+01
   1.1200000e+03   2.2340314e+01
   1.1300000e+03   2.2370762e+01
   1.1400000e+03   2.2401542e+01
   1.1500000e+03   2.2446284e+01
   1.1600000e+03   2.2456959e+01
   1.1700000e+03   2.2491719e+01
   1.1800000e+03   2.2522330e+01
   1.1900000e+03   2.2544471e+01
   1.2000000e+03   2.2573365e+01
   1.2100000e+03   2.2587198e+01
   1.2200000e+03   2.2629521e+01
   1.2300000e+03   2.2660066e+01
   1.2400000e+03   2.2676743e+01
   1.2500000e+03   2.2704048e+01
   1.2600000e+03   2.2727266e+01
   1.2700000e+03   2.2746626e+01
   1.2800000e+03   2.2781427e+01
   1.2900000e+03   2.2811628e+01
   1.3000000e+03   2.2826366e+01
   1.3100000e+03   2.2861291e+01
   1.3200000e+03   2.2891060e+01
   1.3300000e+03   2.2931419e+01
   1.3400000e+03   2.2947969e+01
   1.3500000e+03   2.2974572e+01
   1.3600000e+03   2.2996284e+01
   1.3700000e+03   2.3011556e+01
   1.3800000e+03   2.3029689e+01
   1.3900000e+03   2.3050870e+01
   1.4000000e+03   2.3064479e+01
   1.4100000e+03   2.3087644e+01
   1.4200000e+03   2.3133908e+01
   1.4300000e+03   2.3139305e+01
   1.4400000e+03   2.3169788e+01
   1.4500000e+03   2.3175503e+01
   1.4600000e+03   2.3197576e+01
   1.4700000e+03   2.3220138e+01
   1.4800000e+03   2.3259542e+01
   1.4900000e+03   2.3262261e+01
   1.5000000e+03   2.3284495e+01
   1.5100000e+03   2.3297544e+01
   1.5200000e+03   2.3326005e+01
   1.5300000e+03   2.3335040e+01
   1.5400000e+03   2.3367387e+01
   1.5500000e+03   2.3381474e+01
   1.5600000e+03   2.3396900e+01
   1.5700000e+03   2.3401291e+01
   1.5800000e+03   2.3419396e+01
   1.5900000e+03   2.3440680e+01
   1.6000000e+03   2.3464570e+01
   1.6100000e+03   2.3501092e+01
   1.6200000e+03   2.3519191e+01
   1.6300000e+03   2.3531023e+01
   1.6400000e+03   2.3546746e+01
   1.6500000e+03   2.3572332e+01
   1.6600000e+03   2.3565884e+01
   1.6700000e+03   2.3575705e+01
   1.6800000e+03   2.3608473e+01
   1.6900000e+03   2.3622837e+01
   1.7000000e+03   2.3633775e+01
   1.7100000e+03   2.3655437e+01
   1.7200000e+03   2.3665525e+01
   1.7300000e+03   2.3677377e+01
   1.7400000e+03   2.3701777e+01
   1.7500000e+03   2.3722094e+01
   1.7600000e+03   2.3727572e+01
   1.7700000e+03   2.3739483e+01
   1.7800000e+03   2.3762663e+01
   1.7900000e+03   2.3765548e+01
   1.8000000e+03   2.3790913e+01
   1.8100000e+03   2.3799287e+01
   1.8200000e+03   2.3825223e+01
   1.8300000e+03   2.3841484e+01
   1.8400000e+03   2.3863452e+01
   1.8500000e+03   2.3865652e+01
   1.8600000e+03   2.3887396e+01
   1.8700000e+03   2.3905057e+01
   1.8800000e+03   2.3917685e+01
   1.8900000e+03   2.3923993e+01
   1.9000000e+03   2.3932749e+01
   1.9100000e+03   2.3943523e+01
   1.9200000e+03   2.3955385e+01
   1.9300000e+03   2.3970430e+01
   1.9400000e+03   2.3984931e+01
   1.9500000e+03   2.3989135e+01
   1.9600000e+03   2.4002857e+01
   1.9700000e+03   2.4019738e+01
   1.9800000e+03   2.4036353e+01
   1.9900000e+03   2.4044288e+01
   2.0000000e+03   2.4055518e+01
   2.0100000e+03   2.4064773e+01
   2.0200000e+03   2.4080423e+01
   2.0300000e+03   2.4082149e+01
   2.0400000e+03   2.4106932e+01
   2.0500000e+03   2.4108388e+01
   2.0600000e+03   2.4115373e+01
   2.0700000e+03   2.4128761e+01
   2.0800000e+03   2.4154067e+01
   2.0900000e+03   2.4167779e+01
   2.1000000e+03   2.4175083e+01
   2.1100000e+03   2.4172586e+01
   2.1200000e+03   2.4192743e+01
   2.1300000e+03   2.4205565e+01
   2.1400000e+03   2.4206380e+01
   2.1500000e+03   2.4204006e+01
   2.1600000e+03   2.4226330e+01
   2.1700000e+03   2.4231377e+01
   2.1800000e+03   2.4253903e+01
   2.1900000e+03   2.4269323e+01
   2.2000000e+03   2.4283312e+01
   2.2100000e+03   2.4290188e+01
   2.2200000e+03   2.4288036e+01
   2.2300000e+03   2.4313448e+01
   2.2400000e+03   2.4316646e+01
   2.2500000e+03   2.4311957e+01
   2.2600000e+03   2.4317975e+01
   2.2700000e+03   2.4322011e+01
   2.2800000e+03   2.4347941e+01
   2.2900000e+03   2.4347072e+01
   2.3000000e+03   2.4339107e+01
   2.3100000e+03   2.4363091e+01
   2.3200000e+03   2.4357505e+01
   2.3300000e+03   2.4368879e+01
   2.3400000e+03   2.4377324e+01
   2.3500000e+03   2.4378615e+01
   2.3600000e+03   2.4378302e+01
   2.3700000e+03   2.4384095e+01
   2.3800000e+03   2.4389742e+01
   2.3900000e+03   2.4408399e+01
   2.4000000e+03   2.4401775e+01
   2.4100000e+03   2.4423373e+01
   2.4200000e+03   2.4431382e+01
   2.4300000e+03   2.4445062e+01
   2.4400000e+03   2.4459865e+01
   2.4500000e+03   2.4469789e+01
   2.4600000e+03   2.4490744e+01
   2.4700000e+03   2.4493675e+01
   2.4800000e+03   2.4491693e+01
   2.4900000e+03   2.4485789e+01
   2.5000000e+03   2.4519648e+01
   2.5100000e+03   2.4525307e+01
   2.5200000e+03   2.4527868e+01
   2.5300000e+03   2.4540121e+01
   2.5400000e+03   2.4537467e+01
   2.5500000e+03   2.4527396e+01
   2.5600000e+03   2.4557918e+01
   2.5700000e+03   2.4546746e+01
   2.5800000e+03   2.4566481e+01
   2.5900000e+03   2.4564123e+01
   2.6000000e+03   2.4562833e+01
   2.6100000e+03   2.4572592e+01
   2.6200000e+03   2.4592313e+01
   2.6300000e+03   2.4587674e+01
   2.6400000e+03   2.4599557e+01
   2.6500000e+03   2.4607966e+01
   2.6600000e+03   2.4614036e+01
   2.6700000e+03   2.4617066e+01
   2.6800000e+03   2.4625832e+01
   2.6900000e+03   2.4629046e+01
   2.7000000e+03   2.4632314e+01
   2.7100000e+03   2.4652965e+01
   2.7200000e+03   2.4642086e+01
   2.7300000e+03   2.4651227e+01
   2.7400000e+03   2.4659261e+01
   2.7500000e+03   2.4656127e+01
   2.7600000e+03   2.4668287e+01
   2.7700000e+03   2.4681956e+01
   2.7800000e+03   2.4679001e+01
   2.7900000e+03   2.4690745e+01
   2.8000000e+03   2.4694942e+01
   2.8100000e+03   2.4712271e+01
   2.8200000e+03   2.4709330e+01
   2.8300000e+03   2.4723028e+01
   2.8400000e+03   2.4728860e+01
   2.8500000e+03   2.4732762e+01
   2.8600000e+03   2.4738015e+01
   2.8700000e+03   2.4737210e+01
   2.8800000e+03   2.4745225e+01
   2.8900000e+03   2.4757861e+01
   2.9000000e+03   2.4774050e+01
   2.9100000e+03   2.4763042e+01
   2.9200000e+03   2.4769272e+01
   2.9300000e+03   2.4775375e+01
   2.9400000e+03   2.4784874e+01
   2.9500000e+03   2.4786779e+01
   2.9600000e+03   2.4787161e+01
   2.9700000e+03   2.4787991e+01
   2.9800000e+03   2.4775453e+01
   2.9900000e+03   2.4781055e+01
   3.0000000e+03   2.4782622e+01
   3.0100000e+03   2.4798202e+01
   3.0200000e+03   2.4792656e+01
   3.0300000e+03   2.4803781e+01
   3.0400000e+03   2.4808425e+01
   3.0500000e+03   2.4829516e+01
   3.0600000e+03   2.4816945e+01
   3.0700000e+03   2.4822962e+01
   3.0800000e+03   2.4838160e+01
   3.0900000e+03   2.4813725e+01
   3.1000000e+03   2.4824593e+01
   3.1100000e+03   2.4848214e+01
   3.1200000e+03   2.4851292e+01
   3.1300000e+03   2.4864301e+01
   3.1400000e+03   2.4853142e+01
   3.1500000e+03   2.4869797e+01
   3.1600000e+03   2.4877976e+01
   3.1700000e+03   2.4888145e+01
   3.1800000e+03   2.4878581e+01
   3.1900000e+03   2.4859500e+01
   3.2000000e+03   2.4878429e+01
   3.2100000e+03   2.4875389e+01
   3.2200000e+03   2.4879462e+01
   3.2300000e+03   2.4893163e+01
   3.2400000e+03   2.4887027e+01
   3.2500000e+03   2.4882116e+01
   3.2600000e+03   2.4898164e+01
   3.2700000e+03   2.4906949e+01
   3.2800000e+03   2.4904141e+01
   3.2900000e+03   2.4908023e+01
   3.3000000e+03   2.4919075e+01
   3.3100000e+03   2.4929825e+01
   3.3200000e+03   2.4923834e+01
   3.3300000e+03   2.4941806e+01
   3.3400000e+03   2.4947929e+01
   3.3500000e+03   2.4961901e+01
   3.3600000e+03   2.4944924e+01
   3.3700000e+03   2.4952444e+01
   3.3800000e+03   2.4951021e+01
   3.3900000e+03   2.4965698e+01
   3.4000000e+03   2.4974035e+01
   3.4100000e+03   2.4970608e+01
   3.4200000e+03   2.4959346e+01
   3.4300000e+03   2.4975460e+01
   3.4400000e+03   2.4985708e+01
   3.4500000e+03   2.4986282e+01
   3.4600000e+03   2.4991337e+01
   3.4700000e+03   2.4997117e+01
   3.4800000e+03   2.4986870e+01
   3.4900000e+03   2.5001956e+01
