   0.0000000e+00   2.1042955e+01
   1.0000000e+01   2.1047020e+01
   2.0000000e+01   2.1194420e+01
   3.0000000e+01   2.2189455e+01
   4.0000000e+01   2.3332972e+01
   5.0000000e+01   2.4329433e+01
   6.0000000e+01   2.5242296e+01
   7.0000000e+01   2.6068994e+01
   8.0000000e+01   2.6818791e+01
   9.0000000e+01   2.7530516e+01
   1.0000000e+02   2.8207909e+01
   1.1000000e+02   2.8803742e+01
   1.2000000e+02   2.9337766e+01
   1.3000000e+02   2.9833380e+01
   1.4000000e+02   3.0362676e+01
   1.5000000e+02   3.0846696e+01
   1.6000000e+02   3.1276803e+01
   1.7000000e+02   3.1704709e+01
   1.8000000e+02   3.2057559e+01
   1.9000000e+02   3.2496792e+01
   2.0000000e+02   3.2846313e+01
   2.1000000e+02   3.3190340e+01
   2.2000000e+02   3.3563835e+01
   2.3000000e+02   3.3866064e+01
   2.4000000e+02   3.4190110e+01
   2.5000000e+02   3.4494359e+01
   2.6000000e+02   3.4786753e+01
   2.7000000e+02   3.5091836e+01
   2.8000000e+02   3.5365667e+01
   2.9000000e+02   3.5599985e+01
   3.0000000e+02   3.5843879e+01
   3.1000000e+02   3.6138989e+01
   3.2000000e+02   3.6385184e+01
   3.3000000e+02   3.6596987e+01
   3.4000000e+02   3.6771007e+01
   3.5000000e+02   3.6956531e+01
   3.6000000e+02   3.7105827e+01
   3.7000000e+02   3.7304595e+01
   3.8000000e+02   3.7469739e+01
   3.9000000e+02   3.7666175e+01
   4.0000000e+02   3.7786482e+01
   4.1000000e+02   3.7985127e+01
   4.2000000e+02   3.8146752e+01
   4.3000000e+02   3.8282029e+01
   4.4000000e+02   3.8361114e+01
   4.5000000e+02   3.8517459e+01
   4.6000000e+02   3.8619656e+01
   4.7000000e+02   3.8724943e+01
   4.8000000e+02   3.8883628e+01
   4.9000000e+02   3.8983111e+01
   5.0000000e+02   3.9135032e+01
   5.1000000e+02   3.9250628e+01
   5.2000000e+02   3.9318771e+01
   5.3000000e+02   3.9483834e+01
   5.4000000e+02   3.9563657e+01
   5.5000000e+02   3.9678186e+01
   5.6000000e+02   3.9851058e+01
   5.7000000e+02   3.9923589e+01
   5.8000000e+02   4.0034543e+01
   5.9000000e+02   4.0100593e+01
   6.0000000e+02   4.0229572e+01
   6.1000000e+02   4.0334749e+01
   6.2000000e+02   4.0428319e+01
   6.3000000e+02   4.0500017e+01
   6.4000000e+02   4.0656800e+01
   6.5000000e+02   4.0742881e+01
   6.6000000e+02   4.0781537e+01
   6.7000000e+02   4.0846925e+01
   6.8000000e+02   4.0943181e+01
   6.9000000e+02   4.1148927e+01
   7.0000000e+02   4.1401198e+01
   7.1000000e+02   4.1664520e+01
   7.2000000e+02   4.1903889e+01
   7.3000000e+02   4.2155748e+01
   7.4000000e+02   4.2365193e+01
   7.5000000e+02   4.2609567e+01
   7.6000000e+02   4.2738601e+01
   7.7000000e+02   4.2938480e+01
   7.8000000e+02   4.3442217e+01
   7.9000000e+02   4.3630288e+01
   8.0000000e+02   4.3839077e+01
   8.1000000e+02   4.3957693e+01
   8.2000000e+02   4.4182067e+01
   8.3000000e+02   4.4352876e+01
   8.4000000e+02   4.4491358e+01
   8.5000000e+02   4.4591971e+01
   8.6000000e+02   4.4740609e+01
   8.7000000e+02   4.4890589e+01
   8.8000000e+02   4.5051147e+01
   8.9000000e+02   4.5166349e+01
   9.0000000e+02   4.5267236e+01
   9.1000000e+02   4.5361636e+01
   9.2000000e+02   4.5469113e+01
   9.3000000e+02   4.5588329e+01
   9.4000000e+02   4.5709673e+01
   9.5000000e+02   4.5851102e+01
   9.6000000e+02   4.5944241e+01
   9.7000000e+02   4.6037548e+01
   9.8000000e+02   4.6139687e+01
   9.9000000e+02   4.6177421e+01
   1.0000000e+03   4.6295580e+01
   1.0100000e+03   4.6296979e+01
   1.0200000e+03   4.6453884e+01
   1.0300000e+03   4.6566689e+01
   1.0400000e+03   4.6636010e+01
   1.0500000e+03   4.6703002e+01
   1.0600000e+03   4.6768569e+01
   1.0700000e+03   4.6867397e+01
   1.0800000e+03   4.6910036e+01
   1.0900000e+03   4.6988975e+01
   1.1000000e+03   4.7046536e+01
   1.1100000e+03   4.7147692e+01
   1.1200000e+03   4.7212909e+01
   1.1300000e+03   4.7241503e+01
   1.1400000e+03   4.7294694e+01
   1.1500000e+03   4.7353649e+01
   1.1600000e+03   4.7399412e+01
   1.1700000e+03   4.7452697e+01
   1.1800000e+03   4.7482064e+01
   1.1900000e+03   4.7608232e+01
   1.2000000e+03   4.7627071e+01
   1.2100000e+03   4.7718414e+01
   1.2200000e+03   4.7676506e+01
   1.2300000e+03   4.7874498e+01
   1.2400000e+03   4.7931568e+01
   1.2500000e+03   4.8005398e+01
   1.2600000e+03   4.7953088e+01
   1.2700000e+03   4.8069369e+01
   1.2800000e+03   4.7999560e+01
   1.2900000e+03   4.8098750e+01
   1.3000000e+03   4.8112060e+01
   1.3100000e+03   4.8120173e+01
   1.3200000e+03   4.7966395e+01
   1.3300000e+03   4.7776557e+01
   1.3400000e+03   4.7754557e+01
   1.3500000e+03   4.7939604e+01
   1.3600000e+03   4.7994966e+01
   1.3700000e+03   4.7972076e+01
   1.3800000e+03   4.7918146e+01
   1.3900000e+03   4.8028881e+01
   1.4000000e+03   4.8077423e+01
   1.4100000e+03   4.8185598e+01
   1.4200000e+03   4.8292848e+01
   1.4300000e+03   4.8395005e+01
   1.4400000e+03   4.8399325e+01
   1.4500000e+03   4.8494774e+01
   1.4600000e+03   4.8613132e+01
   1.4700000e+03   4.8632638e+01
   1.4800000e+03   4.8702418e+01
   1.4900000e+03   4.8748100e+01
   1.5000000e+03   4.8764353e+01
   1.5100000e+03   4.8800068e+01
   1.5200000e+03   4.8872048e+01
   1.5300000e+03   4.8956082e+01
   1.5400000e+03   4.8958066e+01
   1.5500000e+03   4.8999828e+01
   1.5600000e+03   4.9039593e+01
   1.5700000e+03   4.9145651e+01
   1.5800000e+03   4.9167635e+01
   1.5900000e+03   4.9210294e+01
   1.6000000e+03   4.9216544e+01
   1.6100000e+03   4.9262437e+01
   1.6200000e+03   4.9300952e+01
   1.6300000e+03   4.9320887e+01
   1.6400000e+03   4.9320777e+01
   1.6500000e+03   4.9372195e+01
   1.6600000e+03   4.9390547e+01
   1.6700000e+03   4.9414342e+01
   1.6800000e+03   4.9500624e+01
   1.6900000e+03   4.9536307e+01
   1.7000000e+03   4.9522232e+01
   1.7100000e+03   4.9587125e+01
   1.7200000e+03   4.9615820e+01
   1.7300000e+03   4.9664216e+01
   1.7400000e+03   4.9642291e+01
   1.7500000e+03   4.9698924e+01
   1.7600000e+03   4.9763919e+01
   1.7700000e+03   4.9811230e+01
   1.7800000e+03   4.9795891e+01
   1.7900000e+03   4.9873070e+01
   1.8000000e+03   4.9920329e+01
   1.8100000e+03   4.9905769e+01
   1.8200000e+03   4.9962971e+01
   1.8300000e+03   4.9969204e+01
   1.8400000e+03   4.9973442e+01
   1.8500000e+03   5.0033552e+01
   1.8600000e+03   5.0055620e+01
   1.8700000e+03   5.0073464e+01
   1.8800000e+03   5.0103983e+01
   1.8900000e+03   5.0087034e+01
   1.9000000e+03   5.0139695e+01
   1.9100000e+03   5.0182838e+01
   1.9200000e+03   5.0193346e+01
   1.9300000e+03   5.0248999e+01
   1.9400000e+03   5.0265986e+01
   1.9500000e+03   5.0294154e+01
   1.9600000e+03   5.0314412e+01
   1.9700000e+03   5.0321068e+01
   1.9800000e+03   5.0335470e+01
   1.9900000e+03   5.0362233e+01
   2.0000000e+03   5.0359611e+01
   2.0100000e+03   5.0391409e+01
   2.0200000e+03   5.0401823e+01
   2.0300000e+03   5.0434386e+01
   2.0400000e+03   5.0425007e+01
   2.0500000e+03   5.0459451e+01
   2.0600000e+03   5.0470093e+01
   2.0700000e+03   5.0497570e+01
   2.0800000e+03   5.0491994e+01
   2.0900000e+03   5.0491445e+01
   2.1000000e+03   5.0488740e+01
   2.1100000e+03   5.0465000e+01
   2.1200000e+03   5.0515051e+01
   2.1300000e+03   5.0532803e+01
   2.1400000e+03   5.0441857e+01
   2.1500000e+03   5.0487225e+01
   2.1600000e+03   5.0549814e+01
   2.1700000e+03   5.0575968e+01
   2.1800000e+03   5.0619378e+01
   2.1900000e+03   5.0637356e+01
   2.2000000e+03   5.0675685e+01
   2.2100000e+03   5.0666651e+01
   2.2200000e+03   5.0674135e+01
   2.2300000e+03   5.0672823e+01
   2.2400000e+03   5.0700575e+01
   2.2500000e+03   5.0673647e+01
   2.2600000e+03   5.0706511e+01
   2.2700000e+03   5.0701565e+01
   2.2800000e+03   5.0713548e+01
   2.2900000e+03   5.0729678e+01
   2.3000000e+03   5.0731141e+01
   2.3100000e+03   5.0748459e+01
   2.3200000e+03   5.0732554e+01
   2.3300000e+03   5.0713355e+01
   2.3400000e+03   5.0781596e+01
   2.3500000e+03   5.0737188e+01
   2.3600000e+03   5.0775967e+01
   2.3700000e+03   5.0824818e+01
   2.3800000e+03   5.0846676e+01
   2.3900000e+03   5.0923739e+01
   2.4000000e+03   5.0892671e+01
   2.4100000e+03   5.0944418e+01
   2.4200000e+03   5.0922523e+01
   2.4300000e+03   5.0951115e+01
   2.4400000e+03   5.0956916e+01
   2.4500000e+03   5.0925503e+01
   2.4600000e+03   5.0948160e+01
   2.4700000e+03   5.0903102e+01
   2.4800000e+03   5.0916852e+01
   2.4900000e+03   5.0943233e+01
   2.5000000e+03   5.0920144e+01
   2.5100000e+03   5.0973794e+01
   2.5200000e+03   5.0941984e+01
   2.5300000e+03   5.0980320e+01
   2.5400000e+03   5.0984684e+01
   2.5500000e+03   5.0973257e+01
   2.5600000e+03   5.1094346e+01
   2.5700000e+03   5.1061533e+01
   2.5800000e+03   5.1110009e+01
   2.5900000e+03   5.1028091e+01
   2.6000000e+03   5.1067848e+01
   2.6100000e+03   5.1101126e+01
   2.6200000e+03   5.1086769e+01
   2.6300000e+03   5.1124682e+01
   2.6400000e+03   5.1141205e+01
   2.6500000e+03   5.1158743e+01
   2.6600000e+03   5.1193730e+01
   2.6700000e+03   5.1211352e+01
   2.6800000e+03   5.1172797e+01
   2.6900000e+03   5.1189755e+01
   2.7000000e+03   5.1241154e+01
   2.7100000e+03   5.1168523e+01
   2.7200000e+03   5.1184869e+01
   2.7300000e+03   5.1241833e+01
   2.7400000e+03   5.1223090e+01
   2.7500000e+03   5.1276269e+01
   2.7600000e+03   5.1233748e+01
   2.7700000e+03   5.1221532e+01
   2.7800000e+03   5.1267820e+01
   2.7900000e+03   5.1300554e+01
   2.8000000e+03   5.1322387e+01
   2.8100000e+03   5.1346812e+01
   2.8200000e+03   5.1300145e+01
   2.8300000e+03   5.1357569e+01
   2.8400000e+03   5.1331374e+01
   2.8500000e+03   5.1358132e+01
   2.8600000e+03   5.1331513e+01
   2.8700000e+03   5.1385196e+01
   2.8800000e+03   5.1334254e+01
   2.8900000e+03   5.1399765e+01
   2.9000000e+03   5.1375267e+01
   2.9100000e+03   5.1383366e+01
   2.9200000e+03   5.1371345e+01
   2.9300000e+03   5.1426067e+01
   2.9400000e+03   5.1420745e+01
   2.9500000e+03   5.1463135e+01
   2.9600000e+03   5.1481523e+01
   2.9700000e+03   5.1433644e+01
   2.9800000e+03   5.1433478e+01
   2.9900000e+03   5.1503760e+01
   3.0000000e+03   5.1497293e+01
   3.0100000e+03   5.1432505e+01
   3.0200000e+03   5.1522228e+01
   3.0300000e+03   5.1484423e+01
   3.0400000e+03   5.1487027e+01
   3.0500000e+03   5.1532747e+01
   3.0600000e+03   5.1465395e+01
   3.0700000e+03   5.1480389e+01
   3.0800000e+03   5.1474099e+01
   3.0900000e+03   5.1507267e+01
   3.1000000e+03   5.1482201e+01
   3.1100000e+03   5.1526066e+01
   3.1200000e+03   5.1522496e+01
   3.1300000e+03   5.1515306e+01
   3.1400000e+03   5.1469899e+01
   3.1500000e+03   5.1546558e+01
   3.1600000e+03   5.1521771e+01
   3.1700000e+03   5.1541500e+01
   3.1800000e+03   5.1503523e+01
   3.1900000e+03   5.1536794e+01
   3.2000000e+03   5.1505505e+01
   3.2100000e+03   5.1553328e+01
   3.2200000e+03   5.1518858e+01
   3.2300000e+03   5.1504528e+01
   3.2400000e+03   5.1567458e+01
   3.2500000e+03   5.1579121e+01
   3.2600000e+03   5.1545929e+01
   3.2700000e+03   5.1601042e+01
   3.2800000e+03   5.1650854e+01
   3.2900000e+03   5.1637878e+01
   3.3000000e+03   5.1589316e+01
   3.3100000e+03   5.1644223e+01
   3.3200000e+03   5.1613311e+01
   3.3300000e+03   5.1644135e+01
   3.3400000e+03   5.1619172e+01
   3.3500000e+03   5.1652725e+01
   3.3600000e+03   5.1596760e+01
   3.3700000e+03   5.1592650e+01
   3.3800000e+03   5.1628134e+01
   3.3900000e+03   5.1591661e+01
   3.4000000e+03   5.1636693e+01
   3.4100000e+03   5.1602140e+01
   3.4200000e+03   5.1635986e+01
   3.4300000e+03   5.1655740e+01
   3.4400000e+03   5.1646123e+01
   3.4500000e+03   5.1708348e+01
   3.4600000e+03   5.1640064e+01
   3.4700000e+03   5.1678466e+01
   3.4800000e+03   5.1693057e+01
   3.4900000e+03   5.1672154e+01
