   0.0000000e+00   1.7311403e+01
   1.0000000e+01   1.7312163e+01
   2.0000000e+01   1.7313795e+01
   3.0000000e+01   1.7296077e+01
   4.0000000e+01   1.7291891e+01
   5.0000000e+01   1.7292051e+01
   6.0000000e+01   1.7316932e+01
   7.0000000e+01   1.7301987e+01
   8.0000000e+01   1.7306476e+01
   9.0000000e+01   1.7322685e+01
   1.0000000e+02   1.7338796e+01
   1.1000000e+02   1.7349598e+01
   1.2000000e+02   1.7377844e+01
   1.3000000e+02   1.7414615e+01
   1.4000000e+02   1.7452942e+01
   1.5000000e+02   1.7492729e+01
   1.6000000e+02   1.7534588e+01
   1.7000000e+02   1.7590322e+01
   1.8000000e+02   1.7641591e+01
   1.9000000e+02   1.7722568e+01
   2.0000000e+02   1.7778564e+01
   2.1000000e+02   1.7860035e+01
   2.2000000e+02   1.7961982e+01
   2.3000000e+02   1.8056606e+01
   2.4000000e+02   1.8160691e+01
   2.5000000e+02   1.8251723e+01
   2.6000000e+02   1.8367875e+01
   2.7000000e+02   1.8481905e+01
   2.8000000e+02   1.8613965e+01
   2.9000000e+02   1.8745024e+01
   3.0000000e+02   1.8870145e+01
   3.1000000e+02   1.8997949e+01
   3.2000000e+02   1.9101868e+01
   3.3000000e+02   1.9235606e+01
   3.4000000e+02   1.9364596e+01
   3.5000000e+02   1.9492410e+01
   3.6000000e+02   1.9637637e+01
   3.7000000e+02   1.9775736e+01
   3.8000000e+02   1.9912660e+01
   3.9000000e+02   2.0065667e+01
   4.0000000e+02   2.0196619e+01
   4.1000000e+02   2.0356488e+01
   4.2000000e+02   2.0493610e+01
   4.3000000e+02   2.0621782e+01
   4.4000000e+02   2.0758751e+01
   4.5000000e+02   2.0887278e+01
   4.6000000e+02   2.1031065e+01
   4.7000000e+02   2.1165165e+01
   4.8000000e+02   2.1291894e+01
   4.9000000e+02   2.1448776e+01
   5.0000000e+02   2.1572394e+01
   5.1000000e+02   2.1716582e+01
   5.2000000e+02   2.1841210e+01
   5.3000000e+02   2.1991017e+01
   5.4000000e+02   2.2118628e+01
   5.5000000e+02   2.2255435e+01
   5.6000000e+02   2.2377367e+01
   5.7000000e+02   2.2510229e+01
   5.8000000e+02   2.2640031e+01
   5.9000000e+02   2.2775950e+01
   6.0000000e+02   2.2900179e+01
   6.1000000e+02   2.3031681e+01
   6.2000000e+02   2.3157649e+01
   6.3000000e+02   2.3292098e+01
   6.4000000e+02   2.3413914e+01
   6.5000000e+02   2.3544802e+01
   6.6000000e+02   2.3657571e+01
   6.7000000e+02   2.3779545e+01
   6.8000000e+02   2.3911318e+01
   6.9000000e+02   2.4029163e+01
   7.0000000e+02   2.4138843e+01
   7.1000000e+02   2.4274940e+01
   7.2000000e+02   2.4368333e+01
   7.3000000e+02   2.4505840e+01
   7.4000000e+02   2.4612690e+01
   7.5000000e+02   2.4728823e+01
   7.6000000e+02   2.4839249e+01
   7.7000000e+02   2.4946911e+01
   7.8000000e+02   2.5067203e+01
   7.9000000e+02   2.5188229e+01
   8.0000000e+02   2.5275850e+01
   8.1000000e+02   2.5384882e+01
   8.2000000e+02   2.5503898e+01
   8.3000000e+02   2.5600510e+01
   8.4000000e+02   2.5709079e+01
   8.5000000e+02   2.5794655e+01
   8.6000000e+02   2.5914184e+01
   8.7000000e+02   2.6030384e+01
   8.8000000e+02   2.6115963e+01
   8.9000000e+02   2.6207805e+01
   9.0000000e+02   2.6303510e+01
   9.1000000e+02   2.6401558e+01
   9.2000000e+02   2.6502099e+01
   9.3000000e+02   2.6594016e+01
   9.4000000e+02   2.6697520e+01
   9.5000000e+02   2.6770484e+01
   9.6000000e+02   2.6870548e+01
   9.7000000e+02   2.6951849e+01
   9.8000000e+02   2.7010681e+01
   9.9000000e+02   2.7104049e+01
   1.0000000e+03   2.7198740e+01
   1.0100000e+03   2.7292772e+01
   1.0200000e+03   2.7367628e+01
   1.0300000e+03   2.7452309e+01
   1.0400000e+03   2.7530346e+01
   1.0500000e+03   2.7633017e+01
   1.0600000e+03   2.7701827e+01
   1.0700000e+03   2.7787444e+01
   1.0800000e+03   2.7875324e+01
   1.0900000e+03   2.7961277e+01
   1.1000000e+03   2.8034132e+01
   1.1100000e+03   2.8109253e+01
   1.1200000e+03   2.8190229e+01
   1.1300000e+03   2.8258333e+01
   1.1400000e+03   2.8337627e+01
   1.1500000e+03   2.8414189e+01
   1.1600000e+03   2.8478997e+01
   1.1700000e+03   2.8561789e+01
   1.1800000e+03   2.8638845e+01
   1.1900000e+03   2.8696933e+01
   1.2000000e+03   2.8746168e+01
   1.2100000e+03   2.8810326e+01
   1.2200000e+03   2.8871904e+01
   1.2300000e+03   2.8950662e+01
   1.2400000e+03   2.8994427e+01
   1.2500000e+03   2.9072960e+01
   1.2600000e+03   2.9130974e+01
   1.2700000e+03   2.9188108e+01
   1.2800000e+03   2.9274338e+01
   1.2900000e+03   2.9324354e+01
   1.3000000e+03   2.9385659e+01
   1.3100000e+03   2.9453257e+01
   1.3200000e+03   2.9502973e+01
   1.3300000e+03   2.9574806e+01
   1.3400000e+03   2.9636417e+01
   1.3500000e+03   2.9687807e+01
   1.3600000e+03   2.9749054e+01
   1.3700000e+03   2.9818729e+01
   1.3800000e+03   2.9854241e+01
   1.3900000e+03   2.9912338e+01
   1.4000000e+03   2.9959080e+01
   1.4100000e+03   3.0006646e+01
   1.4200000e+03   3.0050079e+01
   1.4300000e+03   3.0092143e+01
   1.4400000e+03   3.0138369e+01
   1.4500000e+03   3.0194696e+01
   1.4600000e+03   3.0245055e+01
   1.4700000e+03   3.0295450e+01
   1.4800000e+03   3.0353747e+01
   1.4900000e+03   3.0400286e+01
   1.5000000e+03   3.0436424e+01
   1.5100000e+03   3.0481932e+01
   1.5200000e+03   3.0520415e+01
   1.5300000e+03   3.0580190e+01
   1.5400000e+03   3.0632409e+01
   1.5500000e+03   3.0698134e+01
   1.5600000e+03   3.0734243e+01
   1.5700000e+03   3.0802366e+01
   1.5800000e+03   3.0832299e+01
   1.5900000e+03   3.0882623e+01
   1.6000000e+03   3.0925628e+01
   1.6100000e+03   3.0961561e+01
   1.6200000e+03   3.1000372e+01
   1.6300000e+03   3.1052886e+01
   1.6400000e+03   3.1093058e+01
   1.6500000e+03   3.1150547e+01
   1.6600000e+03   3.1159841e+01
   1.6700000e+03   3.1188769e+01
   1.6800000e+03   3.1214138e+01
   1.6900000e+03   3.1236541e+01
   1.7000000e+03   3.1282730e+01
   1.7100000e+03   3.1308500e+01
   1.7200000e+03   3.1337857e+01
   1.7300000e+03   3.1373772e+01
   1.7400000e+03   3.1418033e+01
   1.7500000e+03   3.1459721e+01
   1.7600000e+03   3.1500278e+01
   1.7700000e+03   3.1553223e+01
   1.7800000e+03   3.1571503e+01
   1.7900000e+03   3.1606193e+01
   1.8000000e+03   3.1650270e+01
   1.8100000e+03   3.1681420e+01
   1.8200000e+03   3.1729113e+01
   1.8300000e+03   3.1754725e+01
   1.8400000e+03   3.1776010e+01
   1.8500000e+03   3.1815703e+01
   1.8600000e+03   3.1832595e+01
   1.8700000e+03   3.1861109e+01
   1.8800000e+03   3.1907119e+01
   1.8900000e+03   3.1943913e+01
   1.9000000e+03   3.1967358e+01
   1.9100000e+03   3.1992078e+01
   1.9200000e+03   3.2007028e+01
   1.9300000e+03   3.2033438e+01
   1.9400000e+03   3.2078394e+01
   1.9500000e+03   3.2085941e+01
   1.9600000e+03   3.2117492e+01
   1.9700000e+03   3.2149181e+01
   1.9800000e+03   3.2159117e+01
   1.9900000e+03   3.2193513e+01
   2.0000000e+03   3.2215530e+01
   2.0100000e+03   3.2242893e+01
   2.0200000e+03   3.2269126e+01
   2.0300000e+03   3.2289857e+01
   2.0400000e+03   3.2314818e+01
   2.0500000e+03   3.2340043e+01
   2.0600000e+03   3.2372451e+01
   2.0700000e+03   3.2386885e+01
   2.0800000e+03   3.2421272e+01
   2.0900000e+03   3.2444802e+01
   2.1000000e+03   3.2444708e+01
   2.1100000e+03   3.2472499e+01
   2.1200000e+03   3.2494968e+01
   2.1300000e+03   3.2525502e+01
   2.1400000e+03   3.2551824e+01
   2.1500000e+03   3.2562101e+01
   2.1600000e+03   3.2574001e+01
   2.1700000e+03   3.2581489e+01
   2.1800000e+03   3.2628967e+01
   2.1900000e+03   3.2644698e+01
   2.2000000e+03   3.2676839e+01
   2.2100000e+03   3.2699288e+01
   2.2200000e+03   3.2736241e+01
   2.2300000e+03   3.2750613e+01
   2.2400000e+03   3.2773171e+01
   2.2500000e+03   3.2791566e+01
   2.2600000e+03   3.2798231e+01
   2.2700000e+03   3.2822963e+01
   2.2800000e+03   3.2844927e+01
   2.2900000e+03   3.2878203e+01
   2.3000000e+03   3.2898391e+01
   2.3100000e+03   3.2913456e+01
   2.3200000e+03   3.2935218e+01
   2.3300000e+03   3.2955143e+01
   2.3400000e+03   3.2980640e+01
   2.3500000e+03   3.2980951e+01
   2.3600000e+03   3.2997053e+01
   2.3700000e+03   3.3027970e+01
   2.3800000e+03   3.3034715e+01
   2.3900000e+03   3.3036174e+01
   2.4000000e+03   3.3056576e+01
   2.4100000e+03   3.3075923e+01
   2.4200000e+03   3.3110029e+01
   2.4300000e+03   3.3128754e+01
   2.4400000e+03   3.3141703e+01
   2.4500000e+03   3.3173282e+01
   2.4600000e+03   3.3173237e+01
   2.4700000e+03   3.3186753e+01
   2.4800000e+03   3.3179429e+01
   2.4900000e+03   3.3203106e+01
   2.5000000e+03   3.3207373e+01
   2.5100000e+03   3.3197204e+01
   2.5200000e+03   3.3224502e+01
   2.5300000e+03   3.3234066e+01
   2.5400000e+03   3.3247246e+01
   2.5500000e+03   3.3244786e+01
   2.5600000e+03   3.3281000e+01
   2.5700000e+03   3.3309584e+01
   2.5800000e+03   3.3309613e+01
   2.5900000e+03   3.3322163e+01
   2.6000000e+03   3.3355412e+01
   2.6100000e+03   3.3377047e+01
   2.6200000e+03   3.3390300e+01
   2.6300000e+03   3.3413834e+01
   2.6400000e+03   3.3451787e+01
   2.6500000e+03   3.3465325e+01
   2.6600000e+03   3.3490838e+01
   2.6700000e+03   3.3508624e+01
   2.6800000e+03   3.3504559e+01
   2.6900000e+03   3.3542823e+01
   2.7000000e+03   3.3553193e+01
   2.7100000e+03   3.3571551e+01
   2.7200000e+03   3.3605834e+01
   2.7300000e+03   3.3598872e+01
   2.7400000e+03   3.3609492e+01
   2.7500000e+03   3.3630182e+01
   2.7600000e+03   3.3630080e+01
   2.7700000e+03   3.3641901e+01
   2.7800000e+03   3.3650342e+01
   2.7900000e+03   3.3653357e+01
   2.8000000e+03   3.3673389e+01
   2.8100000e+03   3.3693579e+01
   2.8200000e+03   3.3711174e+01
   2.8300000e+03   3.3722612e+01
   2.8400000e+03   3.3739275e+01
   2.8500000e+03   3.3752385e+01
   2.8600000e+03   3.3769710e+01
   2.8700000e+03   3.3780776e+01
   2.8800000e+03   3.3793452e+01
   2.8900000e+03   3.3805519e+01
   2.9000000e+03   3.3820290e+01
   2.9100000e+03   3.3851850e+01
   2.9200000e+03   3.3851026e+01
   2.9300000e+03   3.3866054e+01
   2.9400000e+03   3.3876622e+01
   2.9500000e+03   3.3892643e+01
   2.9600000e+03   3.3913749e+01
   2.9700000e+03   3.3906100e+01
   2.9800000e+03   3.3931363e+01
   2.9900000e+03   3.3958092e+01
   3.0000000e+03   3.3966303e+01
   3.0100000e+03   3.3974125e+01
   3.0200000e+03   3.3993419e+01
   3.0300000e+03   3.4008391e+01
   3.0400000e+03   3.3999083e+01
   3.0500000e+03   3.4037636e+01
   3.0600000e+03   3.4027222e+01
   3.0700000e+03   3.4051868e+01
   3.0800000e+03   3.4064674e+01
   3.0900000e+03   3.4081191e+01
   3.1000000e+03   3.4095576e+01
   3.1100000e+03   3.4115143e+01
   3.1200000e+03   3.4112319e+01
   3.1300000e+03   3.4134344e+01
   3.1400000e+03   3.4140345e+01
   3.1500000e+03   3.4148148e+01
   3.1600000e+03   3.4152999e+01
   3.1700000e+03   3.4171100e+01
   3.1800000e+03   3.4185645e+01
   3.1900000e+03   3.4194180e+01
   3.2000000e+03   3.4197430e+01
   3.2100000e+03   3.4204318e+01
   3.2200000e+03   3.4205501e+01
   3.2300000e+03   3.4210691e+01
   3.2400000e+03   3.4218657e+01
   3.2500000e+03   3.4217690e+01
   3.2600000e+03   3.4225407e+01
   3.2700000e+03   3.4230458e+01
   3.2800000e+03   3.4238580e+01
   3.2900000e+03   3.4247134e+01
   3.3000000e+03   3.4247673e+01
   3.3100000e+03   3.4268656e+01
   3.3200000e+03   3.4265272e+01
   3.3300000e+03   3.4277648e+01
   3.3400000e+03   3.4268469e+01
   3.3500000e+03   3.4287933e+01
   3.3600000e+03   3.4293397e+01
   3.3700000e+03   3.4315625e+01
   3.3800000e+03   3.4338665e+01
   3.3900000e+03   3.4336285e+01
   3.4000000e+03   3.4343724e+01
   3.4100000e+03   3.4343626e+01
   3.4200000e+03   3.4347943e+01
   3.4300000e+03   3.4380030e+01
   3.4400000e+03   3.4389629e+01
   3.4500000e+03   3.4379537e+01
   3.4600000e+03   3.4378738e+01
   3.4700000e+03   3.4393517e+01
   3.4800000e+03   3.4385443e+01
   3.4900000e+03   3.4401955e+01
