   0.0000000e+00   2.0246727e+01
   1.0000000e+01   2.0260609e+01
   2.0000000e+01   2.0250428e+01
   3.0000000e+01   2.0243008e+01
   4.0000000e+01   2.0284814e+01
   5.0000000e+01   2.0458097e+01
   6.0000000e+01   2.0755277e+01
   7.0000000e+01   2.1104449e+01
   8.0000000e+01   2.1435781e+01
   9.0000000e+01   2.1847849e+01
   1.0000000e+02   2.2294272e+01
   1.1000000e+02   2.2705478e+01
   1.2000000e+02   2.3091520e+01
   1.3000000e+02   2.3435997e+01
   1.4000000e+02   2.3736278e+01
   1.5000000e+02   2.4058670e+01
   1.6000000e+02   2.4345199e+01
   1.7000000e+02   2.4590531e+01
   1.8000000e+02   2.4855757e+01
   1.9000000e+02   2.5129220e+01
   2.0000000e+02   2.5385592e+01
   2.1000000e+02   2.5575646e+01
   2.2000000e+02   2.5794142e+01
   2.3000000e+02   2.6016355e+01
   2.4000000e+02   2.6179224e+01
   2.5000000e+02   2.6417034e+01
   2.6000000e+02   2.6589915e+01
   2.7000000e+02   2.6737189e+01
   2.8000000e+02   2.6939580e+01
   2.9000000e+02   2.7014551e+01
   3.0000000e+02   2.7148192e+01
   3.1000000e+02   2.7306530e+01
   3.2000000e+02   2.7399817e+01
   3.3000000e+02   2.7521996e+01
   3.4000000e+02   2.7645198e+01
   3.5000000e+02   2.7749560e+01
   3.6000000e+02   2.7825826e+01
   3.7000000e+02   2.7913914e+01
   3.8000000e+02   2.8030545e+01
   3.9000000e+02   2.8072333e+01
   4.0000000e+02   2.8160470e+01
   4.1000000e+02   2.8256254e+01
   4.2000000e+02   2.8333838e+01
   4.3000000e+02   2.8359571e+01
   4.4000000e+02   2.8489476e+01
   4.5000000e+02   2.8550737e+01
   4.6000000e+02   2.8632896e+01
   4.7000000e+02   2.8735527e+01
   4.8000000e+02   2.8735380e+01
   4.9000000e+02   2.8821766e+01
   5.0000000e+02   2.8842889e+01
   5.1000000e+02   2.8892183e+01
   5.2000000e+02   2.8974122e+01
   5.3000000e+02   2.9015861e+01
   5.4000000e+02   2.9060889e+01
   5.5000000e+02   2.9146290e+01
   5.6000000e+02   2.9127519e+01
   5.7000000e+02   2.9213599e+01
   5.8000000e+02   2.9182330e+01
   5.9000000e+02   2.9244772e+01
   6.0000000e+02   2.9286877e+01
   6.1000000e+02   2.9334407e+01
   6.2000000e+02   2.9424646e+01
   6.3000000e+02   2.9424658e+01
   6.4000000e+02   2.9430460e+01
   6.5000000e+02   2.9461533e+01
   6.6000000e+02   2.9531143e+01
   6.7000000e+02   2.9582224e+01
   6.8000000e+02   2.9655654e+01
   6.9000000e+02   2.9703386e+01
   7.0000000e+02   2.9751227e+01
   7.1000000e+02   2.9813828e+01
   7.2000000e+02   2.9837634e+01
   7.3000000e+02   2.9847369e+01
   7.4000000e+02   2.9851295e+01
   7.5000000e+02   2.9878251e+01
   7.6000000e+02   2.9886246e+01
   7.7000000e+02   2.9954480e+01
   7.8000000e+02   3.0003265e+01
   7.9000000e+02   3.0028090e+01
   8.0000000e+02   3.0062962e+01
   8.1000000e+02   3.0085112e+01
   8.2000000e+02   3.0115670e+01
   8.3000000e+02   3.0090651e+01
   8.4000000e+02   3.0141933e+01
   8.5000000e+02   3.0128463e+01
   8.6000000e+02   3.0170590e+01
   8.7000000e+02   3.0207449e+01
   8.8000000e+02   3.0236897e+01
   8.9000000e+02   3.0256024e+01
   9.0000000e+02   3.0274224e+01
   9.1000000e+02   3.0279901e+01
   9.2000000e+02   3.0289184e+01
   9.3000000e+02   3.0335854e+01
   9.4000000e+02   3.0358365e+01
   9.5000000e+02   3.0383191e+01
   9.6000000e+02   3.0416929e+01
   9.7000000e+02   3.0430468e+01
   9.8000000e+02   3.0464304e+01
   9.9000000e+02   3.0480989e+01
   1.0000000e+03   3.0519608e+01
   1.0100000e+03   3.0502505e+01
   1.0200000e+03   3.0575784e+01
   1.0300000e+03   3.0578637e+01
   1.0400000e+03   3.0569824e+01
   1.0500000e+03   3.0571808e+01
   1.0600000e+03   3.0641962e+01
   1.0700000e+03   3.0639630e+01
   1.0800000e+03   3.0633649e+01
   1.0900000e+03   3.0647671e+01
   1.1000000e+03   3.0657604e+01
   1.1100000e+03   3.0685178e+01
   1.1200000e+03   3.0698733e+01
   1.1300000e+03   3.0758310e+01
   1.1400000e+03   3.0776693e+01
   1.1500000e+03   3.0799066e+01
   1.1600000e+03   3.0791995e+01
   1.1700000e+03   3.0756978e+01
   1.1800000e+03   3.0796531e+01
   1.1900000e+03   3.0824696e+01
   1.2000000e+03   3.0797625e+01
   1.2100000e+03   3.0804471e+01
   1.2200000e+03   3.0843719e+01
   1.2300000e+03   3.0821043e+01
   1.2400000e+03   3.0855256e+01
   1.2500000e+03   3.0862857e+01
   1.2600000e+03   3.0890028e+01
   1.2700000e+03   3.0869329e+01
   1.2800000e+03   3.0866479e+01
   1.2900000e+03   3.0918244e+01
   1.3000000e+03   3.0925760e+01
   1.3100000e+03   3.0981295e+01
   1.3200000e+03   3.0952582e+01
   1.3300000e+03   3.0978190e+01
   1.3400000e+03   3.0980854e+01
   1.3500000e+03   3.0989370e+01
   1.3600000e+03   3.1032937e+01
   1.3700000e+03   3.1033417e+01
   1.3800000e+03   3.1039947e+01
   1.3900000e+03   3.1032073e+01
   1.4000000e+03   3.1044205e+01
   1.4100000e+03   3.1029815e+01
   1.4200000e+03   3.1053033e+01
   1.4300000e+03   3.1072839e+01
   1.4400000e+03   3.1072825e+01
   1.4500000e+03   3.1080561e+01
   1.4600000e+03   3.1040092e+01
   1.4700000e+03   3.1109503e+01
   1.4800000e+03   3.1112384e+01
   1.4900000e+03   3.1136640e+01
   1.5000000e+03   3.1076153e+01
   1.5100000e+03   3.1094382e+01
   1.5200000e+03   3.1121948e+01
   1.5300000e+03   3.1106379e+01
   1.5400000e+03   3.1184356e+01
   1.5500000e+03   3.1150872e+01
   1.5600000e+03   3.1104268e+01
   1.5700000e+03   3.1125139e+01
   1.5800000e+03   3.1130960e+01
   1.5900000e+03   3.1172042e+01
   1.6000000e+03   3.1172599e+01
   1.6100000e+03   3.1205419e+01
   1.6200000e+03   3.1202980e+01
   1.6300000e+03   3.1229173e+01
   1.6400000e+03   3.1207636e+01
   1.6500000e+03   3.1255970e+01
   1.6600000e+03   3.1219070e+01
   1.6700000e+03   3.1206807e+01
   1.6800000e+03   3.1232693e+01
   1.6900000e+03   3.1233884e+01
   1.7000000e+03   3.1239929e+01
   1.7100000e+03   3.1269004e+01
   1.7200000e+03   3.1263428e+01
   1.7300000e+03   3.1280470e+01
   1.7400000e+03   3.1301487e+01
   1.7500000e+03   3.1313406e+01
   1.7600000e+03   3.1269088e+01
   1.7700000e+03   3.1292152e+01
   1.7800000e+03   3.1331676e+01
   1.7900000e+03   3.1313447e+01
   1.8000000e+03   3.1302635e+01
   1.8100000e+03   3.1334338e+01
   1.8200000e+03   3.1371785e+01
   1.8300000e+03   3.1355833e+01
   1.8400000e+03   3.1386818e+01
   1.8500000e+03   3.1352547e+01
   1.8600000e+03   3.1386520e+01
   1.8700000e+03   3.1383881e+01
   1.8800000e+03   3.1401924e+01
   1.8900000e+03   3.1414608e+01
   1.9000000e+03   3.1399000e+01
   1.9100000e+03   3.1434230e+01
   1.9200000e+03   3.1448990e+01
   1.9300000e+03   3.1450632e+01
   1.9400000e+03   3.1456779e+01
   1.9500000e+03   3.1474480e+01
   1.9600000e+03   3.1453488e+01
   1.9700000e+03   3.1466354e+01
   1.9800000e+03   3.1504633e+01
   1.9900000e+03   3.1483856e+01
   2.0000000e+03   3.1496155e+01
   2.0100000e+03   3.1514514e+01
   2.0200000e+03   3.1496127e+01
   2.0300000e+03   3.1527643e+01
   2.0400000e+03   3.1555233e+01
   2.0500000e+03   3.1546135e+01
   2.0600000e+03   3.1535420e+01
   2.0700000e+03   3.1530606e+01
   2.0800000e+03   3.1564676e+01
   2.0900000e+03   3.1596174e+01
   2.1000000e+03   3.1579587e+01
   2.1100000e+03   3.1605760e+01
   2.1200000e+03   3.1616379e+01
   2.1300000e+03   3.1620403e+01
   2.1400000e+03   3.1600123e+01
   2.1500000e+03   3.1587450e+01
   2.1600000e+03   3.1602744e+01
   2.1700000e+03   3.1605692e+01
   2.1800000e+03   3.1665196e+01
   2.1900000e+03   3.1671799e+01
   2.2000000e+03   3.1672397e+01
   2.2100000e+03   3.1711543e+01
   2.2200000e+03   3.1699780e+01
   2.2300000e+03   3.1671382e+01
   2.2400000e+03   3.1697249e+01
   2.2500000e+03   3.1706574e+01
   2.2600000e+03   3.1678399e+01
   2.2700000e+03   3.1667051e+01
   2.2800000e+03   3.1700825e+01
   2.2900000e+03   3.1756114e+01
   2.3000000e+03   3.1699157e+01
   2.3100000e+03   3.1700056e+01
   2.3200000e+03   3.1701613e+01
   2.3300000e+03   3.1722306e+01
   2.3400000e+03   3.1694479e+01
   2.3500000e+03   3.1712034e+01
   2.3600000e+03   3.1722496e+01
   2.3700000e+03   3.1738334e+01
   2.3800000e+03   3.1700852e+01
   2.3900000e+03   3.1747573e+01
   2.4000000e+03   3.1726097e+01
   2.4100000e+03   3.1759007e+01
   2.4200000e+03   3.1775212e+01
   2.4300000e+03   3.1769087e+01
   2.4400000e+03   3.1813124e+01
   2.4500000e+03   3.1803958e+01
   2.4600000e+03   3.1828894e+01
   2.4700000e+03   3.1834555e+01
   2.4800000e+03   3.1811274e+01
   2.4900000e+03   3.1847350e+01
   2.5000000e+03   3.1837662e+01
   2.5100000e+03   3.1845803e+01
   2.5200000e+03   3.1845596e+01
   2.5300000e+03   3.1843098e+01
   2.5400000e+03   3.1827858e+01
   2.5500000e+03   3.1848336e+01
   2.5600000e+03   3.1859398e+01
   2.5700000e+03   3.1854032e+01
   2.5800000e+03   3.1857361e+01
   2.5900000e+03   3.1853644e+01
   2.6000000e+03   3.1859696e+01
   2.6100000e+03   3.1838451e+01
   2.6200000e+03   3.1869038e+01
   2.6300000e+03   3.1899951e+01
   2.6400000e+03   3.1881274e+01
   2.6500000e+03   3.1926750e+01
   2.6600000e+03   3.1904821e+01
   2.6700000e+03   3.1898435e+01
   2.6800000e+03   3.1899578e+01
   2.6900000e+03   3.1894292e+01
   2.7000000e+03   3.1900287e+01
   2.7100000e+03   3.1885049e+01
   2.7200000e+03   3.1888681e+01
   2.7300000e+03   3.1934654e+01
   2.7400000e+03   3.1909864e+01
   2.7500000e+03   3.1890252e+01
   2.7600000e+03   3.1901871e+01
   2.7700000e+03   3.1922322e+01
   2.7800000e+03   3.1940469e+01
   2.7900000e+03   3.1955800e+01
   2.8000000e+03   3.1983112e+01
   2.8100000e+03   3.1979471e+01
   2.8200000e+03   3.1971967e+01
   2.8300000e+03   3.1980301e+01
   2.8400000e+03   3.1939119e+01
   2.8500000e+03   3.1951244e+01
   2.8600000e+03   3.1987396e+01
   2.8700000e+03   3.2004928e+01
   2.8800000e+03   3.2019304e+01
   2.8900000e+03   3.1984880e+01
   2.9000000e+03   3.2025248e+01
   2.9100000e+03   3.2007212e+01
   2.9200000e+03   3.1993693e+01
   2.9300000e+03   3.2024273e+01
   2.9400000e+03   3.2040122e+01
   2.9500000e+03   3.2054617e+01
   2.9600000e+03   3.2026355e+01
   2.9700000e+03   3.2039094e+01
   2.9800000e+03   3.2002353e+01
   2.9900000e+03   3.2037933e+01
   3.0000000e+03   3.2013827e+01
   3.0100000e+03   3.2051985e+01
   3.0200000e+03   3.2043957e+01
   3.0300000e+03   3.2030031e+01
   3.0400000e+03   3.2064431e+01
   3.0500000e+03   3.2076213e+01
   3.0600000e+03   3.2060290e+01
   3.0700000e+03   3.2073140e+01
   3.0800000e+03   3.2060053e+01
   3.0900000e+03   3.2069236e+01
   3.1000000e+03   3.2054826e+01
   3.1100000e+03   3.2121820e+01
   3.1200000e+03   3.2097153e+01
   3.1300000e+03   3.2120156e+01
   3.1400000e+03   3.2118466e+01
   3.1500000e+03   3.2093767e+01
   3.1600000e+03   3.2151149e+01
   3.1700000e+03   3.2130549e+01
   3.1800000e+03   3.2132735e+01
   3.1900000e+03   3.2113325e+01
   3.2000000e+03   3.2134416e+01
   3.2100000e+03   3.2146977e+01
   3.2200000e+03   3.2116884e+01
   3.2300000e+03   3.2131409e+01
   3.2400000e+03   3.2136311e+01
   3.2500000e+03   3.2110356e+01
   3.2600000e+03   3.2106820e+01
   3.2700000e+03   3.2147850e+01
   3.2800000e+03   3.2161557e+01
   3.2900000e+03   3.2136545e+01
   3.3000000e+03   3.2144544e+01
   3.3100000e+03   3.2162094e+01
   3.3200000e+03   3.2186385e+01
   3.3300000e+03   3.2179951e+01
   3.3400000e+03   3.2200923e+01
   3.3500000e+03   3.2205865e+01
   3.3600000e+03   3.2207790e+01
   3.3700000e+03   3.2190975e+01
   3.3800000e+03   3.2223925e+01
   3.3900000e+03   3.2222237e+01
   3.4000000e+03   3.2240139e+01
   3.4100000e+03   3.2223448e+01
   3.4200000e+03   3.2246168e+01
   3.4300000e+03   3.2222769e+01
   3.4400000e+03   3.2237300e+01
   3.4500000e+03   3.2246804e+01
   3.4600000e+03   3.2260072e+01
   3.4700000e+03   3.2236261e+01
   3.4800000e+03   3.2226313e+01
   3.4900000e+03   3.2241296e+01
