   0.0000000e+00   1.9613749e+01
   1.0000000e+01   1.9622076e+01
   2.0000000e+01   1.9613049e+01
   3.0000000e+01   1.9607942e+01
   4.0000000e+01   1.9617094e+01
   5.0000000e+01   1.9600682e+01
   6.0000000e+01   1.9598920e+01
   7.0000000e+01   1.9594596e+01
   8.0000000e+01   1.9596381e+01
   9.0000000e+01   1.9604292e+01
   1.0000000e+02   1.9606461e+01
   1.1000000e+02   1.9617066e+01
   1.2000000e+02   1.9628768e+01
   1.3000000e+02   1.9659154e+01
   1.4000000e+02   1.9666383e+01
   1.5000000e+02   1.9698902e+01
   1.6000000e+02   1.9704310e+01
   1.7000000e+02   1.9730987e+01
   1.8000000e+02   1.9773994e+01
   1.9000000e+02   1.9822329e+01
   2.0000000e+02   1.9849616e+01
   2.1000000e+02   1.9896500e+01
   2.2000000e+02   1.9943509e+01
   2.3000000e+02   1.9990127e+01
   2.4000000e+02   2.0037814e+01
   2.5000000e+02   2.0077954e+01
   2.6000000e+02   2.0150132e+01
   2.7000000e+02   2.0211400e+01
   2.8000000e+02   2.0265130e+01
   2.9000000e+02   2.0315308e+01
   3.0000000e+02   2.0357814e+01
   3.1000000e+02   2.0416618e+01
   3.2000000e+02   2.0472045e+01
   3.3000000e+02   2.0531543e+01
   3.4000000e+02   2.0593008e+01
   3.5000000e+02   2.0645711e+01
   3.6000000e+02   2.0697927e+01
   3.7000000e+02   2.0759730e+01
   3.8000000e+02   2.0819014e+01
   3.9000000e+02   2.0860845e+01
   4.0000000e+02   2.0924562e+01
   4.1000000e+02   2.0986258e+01
   4.2000000e+02   2.1033110e+01
   4.3000000e+02   2.1084708e+01
   4.4000000e+02   2.1142574e+01
   4.5000000e+02   2.1201934e+01
   4.6000000e+02   2.1248313e+01
   4.7000000e+02   2.1306515e+01
   4.8000000e+02   2.1349873e+01
   4.9000000e+02   2.1409078e+01
   5.0000000e+02   2.1459501e+01
   5.1000000e+02   2.1525326e+01
   5.2000000e+02   2.1579596e+01
   5.3000000e+02   2.1617224e+01
   5.4000000e+02   2.1636417e+01
   5.5000000e+02   2.1694179e+01
   5.6000000e+02   2.1748382e+01
   5.7000000e+02   2.1803590e+01
   5.8000000e+02   2.1851912e+01
   5.9000000e+02   2.1889565e+01
   6.0000000e+02   2.1927330e+01
   6.1000000e+02   2.1979116e+01
   6.2000000e+02   2.2035511e+01
   6.3000000e+02   2.2072294e+01
   6.4000000e+02   2.2097563e+01
   6.5000000e+02   2.2146421e+01
   6.6000000e+02   2.2184362e+01
   6.7000000e+02   2.2219374e+01
   6.8000000e+02   2.2261628e+01
   6.9000000e+02   2.2300901e+01
   7.0000000e+02   2.2330344e+01
   7.1000000e+02   2.2365632e+01
   7.2000000e+02   2.2398157e+01
   7.3000000e+02   2.2435702e+01
   7.4000000e+02   2.2480806e+01
   7.5000000e+02   2.2503555e+01
   7.6000000e+02   2.2542120e+01
   7.7000000e+02   2.2584700e+01
   7.8000000e+02   2.2622493e+01
   7.9000000e+02   2.2655578e+01
   8.0000000e+02   2.2681676e+01
   8.1000000e+02   2.2706289e+01
   8.2000000e+02   2.2736133e+01
   8.3000000e+02   2.2774039e+01
   8.4000000e+02   2.2795396e+01
   8.5000000e+02   2.2824821e+01
   8.6000000e+02   2.2860070e+01
   8.7000000e+02   2.2881697e+01
   8.8000000e+02   2.2928910e+01
   8.9000000e+02   2.2946087e+01
   9.0000000e+02   2.2981281e+01
   9.1000000e+02   2.3010334e+01
   9.2000000e+02   2.3054341e+01
   9.3000000e+02   2.3070133e+01
   9.4000000e+02   2.3093721e+01
   9.5000000e+02   2.3110860e+01
   9.6000000e+02   2.3143673e+01
   9.7000000e+02   2.3177404e+01
   9.8000000e+02   2.3189059e+01
   9.9000000e+02   2.3218565e+01
   1.0000000e+03   2.3259063e+01
   1.0100000e+03   2.3286430e+01
   1.0200000e+03   2.3298296e+01
   1.0300000e+03   2.3320803e+01
   1.0400000e+03   2.3343809e+01
   1.0500000e+03   2.3361514e+01
   1.0600000e+03   2.3401883e+01
   1.0700000e+03   2.3422635e+01
   1.0800000e+03   2.3441097e+01
   1.0900000e+03   2.3473229e+01
   1.1000000e+03   2.3493854e+01
   1.1100000e+03   2.3512374e+01
   1.1200000e+03   2.3547269e+01
   1.1300000e+03   2.3562672e+01
   1.1400000e+03   2.3590417e+01
   1.1500000e+03   2.3613172e+01
   1.1600000e+03   2.3626145e+01
   1.1700000e+03   2.3646782e+01
   1.1800000e+03   2.3671126e+01
   1.1900000e+03   2.3688164e+01
   1.2000000e+03   2.3694859e+01
   1.2100000e+03   2.3720224e+01
   1.2200000e+03   2.3723940e+01
   1.2300000e+03   2.3760691e+01
   1.2400000e+03   2.3763496e+01
   1.2500000e+03   2.3786387e+01
   1.2600000e+03   2.3794574e+01
   1.2700000e+03   2.3812067e+01
   1.2800000e+03   2.3829518e+01
   1.2900000e+03   2.3840065e+01
   1.3000000e+03   2.3875800e+01
   1.3100000e+03   2.3884602e+01
   1.3200000e+03   2.3898182e+01
   1.3300000e+03   2.3947739e+01
   1.3400000e+03   2.3944188e+01
   1.3500000e+03   2.3961302e+01
   1.3600000e+03   2.3969834e+01
   1.3700000e+03   2.3977474e+01
   1.3800000e+03   2.3985895e+01
   1.3900000e+03   2.3998285e+01
   1.4000000e+03   2.4013729e+01
   1.4100000e+03   2.4025331e+01
   1.4200000e+03   2.4051241e+01
   1.4300000e+03   2.4047861e+01
   1.4400000e+03   2.4073241e+01
   1.4500000e+03   2.4080798e+01
   1.4600000e+03   2.4089233e+01
   1.4700000e+03   2.4104159e+01
   1.4800000e+03   2.4139376e+01
   1.4900000e+03   2.4130551e+01
   1.5000000e+03   2.4136148e+01
   1.5100000e+03   2.4152419e+01
   1.5200000e+03   2.4155928e+01
   1.5300000e+03   2.4180421e+01
   1.5400000e+03   2.4200972e+01
   1.5500000e+03   2.4183426e+01
   1.5600000e+03   2.4214075e+01
   1.5700000e+03   2.4210152e+01
   1.5800000e+03   2.4230091e+01
   1.5900000e+03   2.4226893e+01
   1.6000000e+03   2.4252613e+01
   1.6100000e+03   2.4271336e+01
   1.6200000e+03   2.4286884e+01
   1.6300000e+03   2.4291322e+01
   1.6400000e+03   2.4300803e+01
   1.6500000e+03   2.4310908e+01
   1.6600000e+03   2.4307695e+01
   1.6700000e+03   2.4302738e+01
   1.6800000e+03   2.4325099e+01
   1.6900000e+03   2.4338068e+01
   1.7000000e+03   2.4342768e+01
   1.7100000e+03   2.4352415e+01
   1.7200000e+03   2.4363881e+01
   1.7300000e+03   2.4375725e+01
   1.7400000e+03   2.4392725e+01
   1.7500000e+03   2.4402183e+01
   1.7600000e+03   2.4405119e+01
   1.7700000e+03   2.4411023e+01
   1.7800000e+03   2.4436957e+01
   1.7900000e+03   2.4431302e+01
   1.8000000e+03   2.4438420e+01
   1.8100000e+03   2.4450482e+01
   1.8200000e+03   2.4474326e+01
   1.8300000e+03   2.4474655e+01
   1.8400000e+03   2.4496610e+01
   1.8500000e+03   2.4494193e+01
   1.8600000e+03   2.4502772e+01
   1.8700000e+03   2.4516731e+01
   1.8800000e+03   2.4533044e+01
   1.8900000e+03   2.4536349e+01
   1.9000000e+03   2.4539562e+01
   1.9100000e+03   2.4551945e+01
   1.9200000e+03   2.4559416e+01
   1.9300000e+03   2.4563147e+01
   1.9400000e+03   2.4566103e+01
   1.9500000e+03   2.4575842e+01
   1.9600000e+03   2.4581481e+01
   1.9700000e+03   2.4588662e+01
   1.9800000e+03   2.4599731e+01
   1.9900000e+03   2.4604893e+01
   2.0000000e+03   2.4612887e+01
   2.0100000e+03   2.4614291e+01
   2.0200000e+03   2.4634087e+01
   2.0300000e+03   2.4629583e+01
   2.0400000e+03   2.4643508e+01
   2.0500000e+03   2.4653962e+01
   2.0600000e+03   2.4664866e+01
   2.0700000e+03   2.4663251e+01
   2.0800000e+03   2.4687621e+01
   2.0900000e+03   2.4696021e+01
   2.1000000e+03   2.4705167e+01
   2.1100000e+03   2.4701747e+01
   2.1200000e+03   2.4712435e+01
   2.1300000e+03   2.4714870e+01
   2.1400000e+03   2.4722836e+01
   2.1500000e+03   2.4720233e+01
   2.1600000e+03   2.4741393e+01
   2.1700000e+03   2.4734440e+01
   2.1800000e+03   2.4753957e+01
   2.1900000e+03   2.4763602e+01
   2.2000000e+03   2.4776893e+01
   2.2100000e+03   2.4772692e+01
   2.2200000e+03   2.4788997e+01
   2.2300000e+03   2.4793404e+01
   2.2400000e+03   2.4797293e+01
   2.2500000e+03   2.4797450e+01
   2.2600000e+03   2.4801620e+01
   2.2700000e+03   2.4793889e+01
   2.2800000e+03   2.4814733e+01
   2.2900000e+03   2.4824706e+01
   2.3000000e+03   2.4807056e+01
   2.3100000e+03   2.4822956e+01
   2.3200000e+03   2.4809067e+01
   2.3300000e+03   2.4832201e+01
   2.3400000e+03   2.4828416e+01
   2.3500000e+03   2.4827861e+01
   2.3600000e+03   2.4822934e+01
   2.3700000e+03   2.4829878e+01
   2.3800000e+03   2.4831140e+01
   2.3900000e+03   2.4839408e+01
   2.4000000e+03   2.4840400e+01
   2.4100000e+03   2.4859221e+01
   2.4200000e+03   2.4865382e+01
   2.4300000e+03   2.4873520e+01
   2.4400000e+03   2.4887163e+01
   2.4500000e+03   2.4900082e+01
   2.4600000e+03   2.4918261e+01
   2.4700000e+03   2.4906658e+01
   2.4800000e+03   2.4920825e+01
   2.4900000e+03   2.4913770e+01
   2.5000000e+03   2.4920396e+01
   2.5100000e+03   2.4943584e+01
   2.5200000e+03   2.4933688e+01
   2.5300000e+03   2.4931405e+01
   2.5400000e+03   2.4939824e+01
   2.5500000e+03   2.4939905e+01
   2.5600000e+03   2.4954961e+01
   2.5700000e+03   2.4953712e+01
   2.5800000e+03   2.4954064e+01
   2.5900000e+03   2.4957012e+01
   2.6000000e+03   2.4964257e+01
   2.6100000e+03   2.4965017e+01
   2.6200000e+03   2.4980348e+01
   2.6300000e+03   2.4979863e+01
   2.6400000e+03   2.4992664e+01
   2.6500000e+03   2.5002224e+01
   2.6600000e+03   2.4994452e+01
   2.6700000e+03   2.5010398e+01
   2.6800000e+03   2.5006705e+01
   2.6900000e+03   2.5018453e+01
   2.7000000e+03   2.5022872e+01
   2.7100000e+03   2.5027601e+01
   2.7200000e+03   2.5019263e+01
   2.7300000e+03   2.5033014e+01
   2.7400000e+03   2.5026745e+01
   2.7500000e+03   2.5035144e+01
   2.7600000e+03   2.5041995e+01
   2.7700000e+03   2.5053123e+01
   2.7800000e+03   2.5042788e+01
   2.7900000e+03   2.5058680e+01
   2.8000000e+03   2.5064721e+01
   2.8100000e+03   2.5085273e+01
   2.8200000e+03   2.5068033e+01
   2.8300000e+03   2.5090029e+01
   2.8400000e+03   2.5080868e+01
   2.8500000e+03   2.5103912e+01
   2.8600000e+03   2.5086100e+01
   2.8700000e+03   2.5096135e+01
   2.8800000e+03   2.5098842e+01
   2.8900000e+03   2.5113550e+01
   2.9000000e+03   2.5125351e+01
   2.9100000e+03   2.5126340e+01
   2.9200000e+03   2.5119191e+01
   2.9300000e+03   2.5120449e+01
   2.9400000e+03   2.5126947e+01
   2.9500000e+03   2.5142458e+01
   2.9600000e+03   2.5134307e+01
   2.9700000e+03   2.5136982e+01
   2.9800000e+03   2.5127216e+01
   2.9900000e+03   2.5134199e+01
   3.0000000e+03   2.5135074e+01
   3.0100000e+03   2.5138426e+01
   3.0200000e+03   2.5136111e+01
   3.0300000e+03   2.5136853e+01
   3.0400000e+03   2.5149569e+01
   3.0500000e+03   2.5162350e+01
   3.0600000e+03   2.5163851e+01
   3.0700000e+03   2.5160180e+01
   3.0800000e+03   2.5158999e+01
   3.0900000e+03   2.5156711e+01
   3.1000000e+03   2.5167806e+01
   3.1100000e+03   2.5179890e+01
   3.1200000e+03   2.5182505e+01
   3.1300000e+03   2.5187439e+01
   3.1400000e+03   2.5180665e+01
   3.1500000e+03   2.5186937e+01
   3.1600000e+03   2.5204569e+01
   3.1700000e+03   2.5206202e+01
   3.1800000e+03   2.5203099e+01
   3.1900000e+03   2.5193248e+01
   3.2000000e+03   2.5196028e+01
   3.2100000e+03   2.5206365e+01
   3.2200000e+03   2.5200289e+01
   3.2300000e+03   2.5211911e+01
   3.2400000e+03   2.5209005e+01
   3.2500000e+03   2.5199945e+01
   3.2600000e+03   2.5223367e+01
   3.2700000e+03   2.5225923e+01
   3.2800000e+03   2.5215276e+01
   3.2900000e+03   2.5222615e+01
   3.3000000e+03   2.5230436e+01
   3.3100000e+03   2.5244411e+01
   3.3200000e+03   2.5234271e+01
   3.3300000e+03   2.5243014e+01
   3.3400000e+03   2.5259512e+01
   3.3500000e+03   2.5258491e+01
   3.3600000e+03   2.5254894e+01
   3.3700000e+03   2.5259875e+01
   3.3800000e+03   2.5266293e+01
   3.3900000e+03   2.5270589e+01
   3.4000000e+03   2.5278693e+01
   3.4100000e+03   2.5281263e+01
   3.4200000e+03   2.5276691e+01
   3.4300000e+03   2.5287496e+01
   3.4400000e+03   2.5290593e+01
   3.4500000e+03   2.5284941e+01
   3.4600000e+03   2.5297835e+01
   3.4700000e+03   2.5294620e+01
   3.4800000e+03   2.5281840e+01
   3.4900000e+03   2.5293001e+01
