   0.0000000e+00   1.9502430e+01
   1.0000000e+01   1.9505805e+01
   2.0000000e+01   1.9497655e+01
   3.0000000e+01   1.9500244e+01
   4.0000000e+01   1.9514537e+01
   5.0000000e+01   1.9502613e+01
   6.0000000e+01   1.9504454e+01
   7.0000000e+01   1.9511947e+01
   8.0000000e+01   1.9511741e+01
   9.0000000e+01   1.9514045e+01
   1.0000000e+02   1.9483385e+01
   1.1000000e+02   1.9501630e+01
   1.2000000e+02   1.9500497e+01
   1.3000000e+02   1.9493080e+01
   1.4000000e+02   1.9499518e+01
   1.5000000e+02   1.9509612e+01
   1.6000000e+02   1.9504835e+01
   1.7000000e+02   1.9514002e+01
   1.8000000e+02   1.9503971e+01
   1.9000000e+02   1.9509160e+01
   2.0000000e+02   1.9516886e+01
   2.1000000e+02   1.9519165e+01
   2.2000000e+02   1.9527302e+01
   2.3000000e+02   1.9540075e+01
   2.4000000e+02   1.9565775e+01
   2.5000000e+02   1.9586337e+01
   2.6000000e+02   1.9591487e+01
   2.7000000e+02   1.9632533e+01
   2.8000000e+02   1.9647287e+01
   2.9000000e+02   1.9672071e+01
   3.0000000e+02   1.9688086e+01
   3.1000000e+02   1.9723941e+01
   3.2000000e+02   1.9762111e+01
   3.3000000e+02   1.9804799e+01
   3.4000000e+02   1.9822358e+01
   3.5000000e+02   1.9862057e+01
   3.6000000e+02   1.9903441e+01
   3.7000000e+02   1.9960591e+01
   3.8000000e+02   2.0011175e+01
   3.9000000e+02   2.0061152e+01
   4.0000000e+02   2.0126441e+01
   4.1000000e+02   2.0174083e+01
   4.2000000e+02   2.0256391e+01
   4.3000000e+02   2.0317024e+01
   4.4000000e+02   2.0383534e+01
   4.5000000e+02   2.0457271e+01
   4.6000000e+02   2.0527838e+01
   4.7000000e+02   2.0586038e+01
   4.8000000e+02   2.0646912e+01
   4.9000000e+02   2.0724466e+01
   5.0000000e+02   2.0797474e+01
   5.1000000e+02   2.0868047e+01
   5.2000000e+02   2.0932495e+01
   5.3000000e+02   2.1026310e+01
   5.4000000e+02   2.1118846e+01
   5.5000000e+02   2.1224926e+01
   5.6000000e+02   2.1312830e+01
   5.7000000e+02   2.1392397e+01
   5.8000000e+02   2.1500405e+01
   5.9000000e+02   2.1583095e+01
   6.0000000e+02   2.1677513e+01
   6.1000000e+02   2.1791444e+01
   6.2000000e+02   2.1897962e+01
   6.3000000e+02   2.1977371e+01
   6.4000000e+02   2.2082973e+01
   6.5000000e+02   2.2184414e+01
   6.6000000e+02   2.2289868e+01
   6.7000000e+02   2.2377882e+01
   6.8000000e+02   2.2470705e+01
   6.9000000e+02   2.2577122e+01
   7.0000000e+02   2.2670340e+01
   7.1000000e+02   2.2776468e+01
   7.2000000e+02   2.2858269e+01
   7.3000000e+02   2.2984946e+01
   7.4000000e+02   2.3081662e+01
   7.5000000e+02   2.3199637e+01
   7.6000000e+02   2.3297722e+01
   7.7000000e+02   2.3405101e+01
   7.8000000e+02   2.3512637e+01
   7.9000000e+02   2.3615018e+01
   8.0000000e+02   2.3730436e+01
   8.1000000e+02   2.3839236e+01
   8.2000000e+02   2.3965944e+01
   8.3000000e+02   2.4086827e+01
   8.4000000e+02   2.4190024e+01
   8.5000000e+02   2.4298970e+01
   8.6000000e+02   2.4412289e+01
   8.7000000e+02   2.4529750e+01
   8.8000000e+02   2.4622690e+01
   8.9000000e+02   2.4739346e+01
   9.0000000e+02   2.4857105e+01
   9.1000000e+02   2.4968483e+01
   9.2000000e+02   2.5074725e+01
   9.3000000e+02   2.5190848e+01
   9.4000000e+02   2.5305215e+01
   9.5000000e+02   2.5413525e+01
   9.6000000e+02   2.5546659e+01
   9.7000000e+02   2.5649297e+01
   9.8000000e+02   2.5755394e+01
   9.9000000e+02   2.5853517e+01
   1.0000000e+03   2.5969006e+01
   1.0100000e+03   2.6092330e+01
   1.0200000e+03   2.6219148e+01
   1.0300000e+03   2.6335622e+01
   1.0400000e+03   2.6452044e+01
   1.0500000e+03   2.6567006e+01
   1.0600000e+03   2.6675213e+01
   1.0700000e+03   2.6792173e+01
   1.0800000e+03   2.6903965e+01
   1.0900000e+03   2.7031745e+01
   1.1000000e+03   2.7137756e+01
   1.1100000e+03   2.7273166e+01
   1.1200000e+03   2.7365548e+01
   1.1300000e+03   2.7491533e+01
   1.1400000e+03   2.7598124e+01
   1.1500000e+03   2.7715633e+01
   1.1600000e+03   2.7826381e+01
   1.1700000e+03   2.7947762e+01
   1.1800000e+03   2.8073550e+01
   1.1900000e+03   2.8163716e+01
   1.2000000e+03   2.8277394e+01
   1.2100000e+03   2.8387547e+01
   1.2200000e+03   2.8508852e+01
   1.2300000e+03   2.8619173e+01
   1.2400000e+03   2.8744791e+01
   1.2500000e+03   2.8836878e+01
   1.2600000e+03   2.8947775e+01
   1.2700000e+03   2.9051986e+01
   1.2800000e+03   2.9169423e+01
   1.2900000e+03   2.9268418e+01
   1.3000000e+03   2.9378890e+01
   1.3100000e+03   2.9482690e+01
   1.3200000e+03   2.9588242e+01
   1.3300000e+03   2.9701028e+01
   1.3400000e+03   2.9801760e+01
   1.3500000e+03   2.9912813e+01
   1.3600000e+03   3.0023229e+01
   1.3700000e+03   3.0127844e+01
   1.3800000e+03   3.0218141e+01
   1.3900000e+03   3.0325313e+01
   1.4000000e+03   3.0418668e+01
   1.4100000e+03   3.0522315e+01
   1.4200000e+03   3.0622497e+01
   1.4300000e+03   3.0708560e+01
   1.4400000e+03   3.0800810e+01
   1.4500000e+03   3.0924096e+01
   1.4600000e+03   3.1029809e+01
   1.4700000e+03   3.1114743e+01
   1.4800000e+03   3.1217455e+01
   1.4900000e+03   3.1305789e+01
   1.5000000e+03   3.1411016e+01
   1.5100000e+03   3.1497014e+01
   1.5200000e+03   3.1579006e+01
   1.5300000e+03   3.1667270e+01
   1.5400000e+03   3.1750880e+01
   1.5500000e+03   3.1833136e+01
   1.5600000e+03   3.1931464e+01
   1.5700000e+03   3.2027849e+01
   1.5800000e+03   3.2104686e+01
   1.5900000e+03   3.2197912e+01
   1.6000000e+03   3.2279851e+01
   1.6100000e+03   3.2356645e+01
   1.6200000e+03   3.2434423e+01
   1.6300000e+03   3.2527936e+01
   1.6400000e+03   3.2617827e+01
   1.6500000e+03   3.2709591e+01
   1.6600000e+03   3.2800787e+01
   1.6700000e+03   3.2875287e+01
   1.6800000e+03   3.2957056e+01
   1.6900000e+03   3.3028034e+01
   1.7000000e+03   3.3109676e+01
   1.7100000e+03   3.3183938e+01
   1.7200000e+03   3.3275969e+01
   1.7300000e+03   3.3360047e+01
   1.7400000e+03   3.3431415e+01
   1.7500000e+03   3.3515822e+01
   1.7600000e+03   3.3578955e+01
   1.7700000e+03   3.3658711e+01
   1.7800000e+03   3.3716830e+01
   1.7900000e+03   3.3793449e+01
   1.8000000e+03   3.3854383e+01
   1.8100000e+03   3.3921742e+01
   1.8200000e+03   3.3990001e+01
   1.8300000e+03   3.4070416e+01
   1.8400000e+03   3.4121591e+01
   1.8500000e+03   3.4192557e+01
   1.8600000e+03   3.4250359e+01
   1.8700000e+03   3.4318739e+01
   1.8800000e+03   3.4384867e+01
   1.8900000e+03   3.4441085e+01
   1.9000000e+03   3.4509060e+01
   1.9100000e+03   3.4580193e+01
   1.9200000e+03   3.4642267e+01
   1.9300000e+03   3.4716692e+01
   1.9400000e+03   3.4794234e+01
   1.9500000e+03   3.4849729e+01
   1.9600000e+03   3.4912978e+01
   1.9700000e+03   3.4960621e+01
   1.9800000e+03   3.5023647e+01
   1.9900000e+03   3.5089818e+01
   2.0000000e+03   3.5155932e+01
   2.0100000e+03   3.5219197e+01
   2.0200000e+03   3.5265835e+01
   2.0300000e+03   3.5341290e+01
   2.0400000e+03   3.5378850e+01
   2.0500000e+03   3.5436332e+01
   2.0600000e+03   3.5491185e+01
   2.0700000e+03   3.5553941e+01
   2.0800000e+03   3.5604249e+01
   2.0900000e+03   3.5663980e+01
   2.1000000e+03   3.5706912e+01
   2.1100000e+03   3.5767600e+01
   2.1200000e+03   3.5809804e+01
   2.1300000e+03   3.5856994e+01
   2.1400000e+03   3.5890990e+01
   2.1500000e+03   3.5946257e+01
   2.1600000e+03   3.5992466e+01
   2.1700000e+03   3.6046096e+01
   2.1800000e+03   3.6118324e+01
   2.1900000e+03   3.6166186e+01
   2.2000000e+03   3.6218204e+01
   2.2100000e+03   3.6257906e+01
   2.2200000e+03   3.6282595e+01
   2.2300000e+03   3.6331704e+01
   2.2400000e+03   3.6390129e+01
   2.2500000e+03   3.6431350e+01
   2.2600000e+03   3.6482847e+01
   2.2700000e+03   3.6523708e+01
   2.2800000e+03   3.6585569e+01
   2.2900000e+03   3.6644319e+01
   2.3000000e+03   3.6681162e+01
   2.3100000e+03   3.6721490e+01
   2.3200000e+03   3.6751943e+01
   2.3300000e+03   3.6788646e+01
   2.3400000e+03   3.6822296e+01
   2.3500000e+03   3.6862703e+01
   2.3600000e+03   3.6913320e+01
   2.3700000e+03   3.6973435e+01
   2.3800000e+03   3.7008081e+01
   2.3900000e+03   3.7065475e+01
   2.4000000e+03   3.7103847e+01
   2.4100000e+03   3.7144536e+01
   2.4200000e+03   3.7163904e+01
   2.4300000e+03   3.7190986e+01
   2.4400000e+03   3.7224215e+01
   2.4500000e+03   3.7256988e+01
   2.4600000e+03   3.7288786e+01
   2.4700000e+03   3.7325549e+01
   2.4800000e+03   3.7357005e+01
   2.4900000e+03   3.7382076e+01
   2.5000000e+03   3.7418471e+01
   2.5100000e+03   3.7452409e+01
   2.5200000e+03   3.7494121e+01
   2.5300000e+03   3.7532413e+01
   2.5400000e+03   3.7573753e+01
   2.5500000e+03   3.7608023e+01
   2.5600000e+03   3.7641050e+01
   2.5700000e+03   3.7678547e+01
   2.5800000e+03   3.7706342e+01
   2.5900000e+03   3.7732048e+01
   2.6000000e+03   3.7760145e+01
   2.6100000e+03   3.7791952e+01
   2.6200000e+03   3.7821885e+01
   2.6300000e+03   3.7872276e+01
   2.6400000e+03   3.7901279e+01
   2.6500000e+03   3.7934724e+01
   2.6600000e+03   3.7968483e+01
   2.6700000e+03   3.8003380e+01
   2.6800000e+03   3.8018426e+01
   2.6900000e+03   3.8047638e+01
   2.7000000e+03   3.8071773e+01
   2.7100000e+03   3.8094542e+01
   2.7200000e+03   3.8125867e+01
   2.7300000e+03   3.8145598e+01
   2.7400000e+03   3.8178836e+01
   2.7500000e+03   3.8207502e+01
   2.7600000e+03   3.8227877e+01
   2.7700000e+03   3.8246292e+01
   2.7800000e+03   3.8278474e+01
   2.7900000e+03   3.8312227e+01
   2.8000000e+03   3.8331321e+01
   2.8100000e+03   3.8353719e+01
   2.8200000e+03   3.8370585e+01
   2.8300000e+03   3.8395109e+01
   2.8400000e+03   3.8405093e+01
   2.8500000e+03   3.8416862e+01
   2.8600000e+03   3.8430062e+01
   2.8700000e+03   3.8446706e+01
   2.8800000e+03   3.8484764e+01
   2.8900000e+03   3.8490806e+01
   2.9000000e+03   3.8529151e+01
   2.9100000e+03   3.8549176e+01
   2.9200000e+03   3.8582356e+01
   2.9300000e+03   3.8604149e+01
   2.9400000e+03   3.8632479e+01
   2.9500000e+03   3.8657076e+01
   2.9600000e+03   3.8681568e+01
   2.9700000e+03   3.8708361e+01
   2.9800000e+03   3.8708421e+01
   2.9900000e+03   3.8742740e+01
   3.0000000e+03   3.8753288e+01
   3.0100000e+03   3.8777120e+01
   3.0200000e+03   3.8788718e+01
   3.0300000e+03   3.8812473e+01
   3.0400000e+03   3.8828538e+01
   3.0500000e+03   3.8842377e+01
   3.0600000e+03   3.8854281e+01
   3.0700000e+03   3.8884677e+01
   3.0800000e+03   3.8904965e+01
   3.0900000e+03   3.8933905e+01
   3.1000000e+03   3.8936826e+01
   3.1100000e+03   3.8965183e+01
   3.1200000e+03   3.8961805e+01
   3.1300000e+03   3.8985508e+01
   3.1400000e+03   3.9005909e+01
   3.1500000e+03   3.9030269e+01
   3.1600000e+03   3.9034836e+01
   3.1700000e+03   3.9046789e+01
   3.1800000e+03   3.9074691e+01
   3.1900000e+03   3.9096902e+01
   3.2000000e+03   3.9120400e+01
   3.2100000e+03   3.9124750e+01
   3.2200000e+03   3.9141621e+01
   3.2300000e+03   3.9160161e+01
   3.2400000e+03   3.9163601e+01
   3.2500000e+03   3.9193132e+01
   3.2600000e+03   3.9203553e+01
   3.2700000e+03   3.9228238e+01
   3.2800000e+03   3.9239378e+01
   3.2900000e+03   3.9252909e+01
   3.3000000e+03   3.9260101e+01
   3.3100000e+03   3.9268191e+01
   3.3200000e+03   3.9292520e+01
   3.3300000e+03   3.9308161e+01
   3.3400000e+03   3.9326887e+01
   3.3500000e+03   3.9355753e+01
   3.3600000e+03   3.9354561e+01
   3.3700000e+03   3.9352232e+01
   3.3800000e+03   3.9363473e+01
   3.3900000e+03   3.9370807e+01
   3.4000000e+03   3.9394417e+01
   3.4100000e+03   3.9402323e+01
   3.4200000e+03   3.9411227e+01
   3.4300000e+03   3.9428438e+01
   3.4400000e+03   3.9438756e+01
   3.4500000e+03   3.9466978e+01
   3.4600000e+03   3.9474286e+01
   3.4700000e+03   3.9488017e+01
   3.4800000e+03   3.9514123e+01
   3.4900000e+03   3.9511457e+01
