   0.0000000e+00   1.6373294e+01
   1.0000000e+01   1.6368013e+01
   2.0000000e+01   1.6381031e+01
   3.0000000e+01   1.6371433e+01
   4.0000000e+01   1.6371194e+01
   5.0000000e+01   1.6375071e+01
   6.0000000e+01   1.6394626e+01
   7.0000000e+01   1.6381297e+01
   8.0000000e+01   1.6375798e+01
   9.0000000e+01   1.6385281e+01
   1.0000000e+02   1.6382118e+01
   1.1000000e+02   1.6393393e+01
   1.2000000e+02   1.6415851e+01
   1.3000000e+02   1.6445446e+01
   1.4000000e+02   1.6456620e+01
   1.5000000e+02   1.6466931e+01
   1.6000000e+02   1.6478389e+01
   1.7000000e+02   1.6515582e+01
   1.8000000e+02   1.6532278e+01
   1.9000000e+02   1.6576852e+01
   2.0000000e+02   1.6593870e+01
   2.1000000e+02   1.6649863e+01
   2.2000000e+02   1.6691975e+01
   2.3000000e+02   1.6750225e+01
   2.4000000e+02   1.6811447e+01
   2.5000000e+02   1.6843581e+01
   2.6000000e+02   1.6899012e+01
   2.7000000e+02   1.6969279e+01
   2.8000000e+02   1.7026488e+01
   2.9000000e+02   1.7094549e+01
   3.0000000e+02   1.7153191e+01
   3.1000000e+02   1.7207099e+01
   3.2000000e+02   1.7256603e+01
   3.3000000e+02   1.7348050e+01
   3.4000000e+02   1.7395051e+01
   3.5000000e+02   1.7457833e+01
   3.6000000e+02   1.7512534e+01
   3.7000000e+02   1.7547572e+01
   3.8000000e+02   1.7632750e+01
   3.9000000e+02   1.7707126e+01
   4.0000000e+02   1.7758257e+01
   4.1000000e+02   1.7841860e+01
   4.2000000e+02   1.7906860e+01
   4.3000000e+02   1.7940858e+01
   4.4000000e+02   1.7999465e+01
   4.5000000e+02   1.8054497e+01
   4.6000000e+02   1.8091657e+01
   4.7000000e+02   1.8147662e+01
   4.8000000e+02   1.8211834e+01
   4.9000000e+02   1.8280266e+01
   5.0000000e+02   1.8328817e+01
   5.1000000e+02   1.8393366e+01
   5.2000000e+02   1.8442027e+01
   5.3000000e+02   1.8503657e+01
   5.4000000e+02   1.8543506e+01
   5.5000000e+02   1.8595375e+01
   5.6000000e+02   1.8624218e+01
   5.7000000e+02   1.8683986e+01
   5.8000000e+02   1.8712634e+01
   5.9000000e+02   1.8763668e+01
   6.0000000e+02   1.8805073e+01
   6.1000000e+02   1.8861674e+01
   6.2000000e+02   1.8918995e+01
   6.3000000e+02   1.8963739e+01
   6.4000000e+02   1.8993498e+01
   6.5000000e+02   1.9049071e+01
   6.6000000e+02   1.9105711e+01
   6.7000000e+02   1.9157226e+01
   6.8000000e+02   1.9175935e+01
   6.9000000e+02   1.9224953e+01
   7.0000000e+02   1.9261145e+01
   7.1000000e+02   1.9329673e+01
   7.2000000e+02   1.9351383e+01
   7.3000000e+02   1.9424829e+01
   7.4000000e+02   1.9448717e+01
   7.5000000e+02   1.9462240e+01
   7.6000000e+02   1.9514078e+01
   7.7000000e+02   1.9568479e+01
   7.8000000e+02   1.9595021e+01
   7.9000000e+02   1.9676080e+01
   8.0000000e+02   1.9669351e+01
   8.1000000e+02   1.9690869e+01
   8.2000000e+02   1.9763448e+01
   8.3000000e+02   1.9801004e+01
   8.4000000e+02   1.9832282e+01
   8.5000000e+02   1.9853663e+01
   8.6000000e+02   1.9885551e+01
   8.7000000e+02   1.9905301e+01
   8.8000000e+02   1.9972351e+01
   8.9000000e+02   2.0041301e+01
   9.0000000e+02   2.0105567e+01
   9.1000000e+02   2.0097835e+01
   9.2000000e+02   2.0168369e+01
   9.3000000e+02   2.0179274e+01
   9.4000000e+02   2.0173351e+01
   9.5000000e+02   2.0170072e+01
   9.6000000e+02   2.0193367e+01
   9.7000000e+02   2.0208448e+01
   9.8000000e+02   2.0231272e+01
   9.9000000e+02   2.0300661e+01
   1.0000000e+03   2.0329232e+01
   1.0100000e+03   2.0305962e+01
   1.0200000e+03   2.0343772e+01
   1.0300000e+03   2.0369470e+01
   1.0400000e+03   2.0427165e+01
   1.0500000e+03   2.0481867e+01
   1.0600000e+03   2.0507125e+01
   1.0700000e+03   2.0543979e+01
   1.0800000e+03   2.0545604e+01
   1.0900000e+03   2.0540894e+01
   1.1000000e+03   2.0598033e+01
   1.1100000e+03   2.0618323e+01
   1.1200000e+03   2.0655628e+01
   1.1300000e+03   2.0699888e+01
   1.1400000e+03   2.0722542e+01
   1.1500000e+03   2.0760046e+01
   1.1600000e+03   2.0763029e+01
   1.1700000e+03   2.0785748e+01
   1.1800000e+03   2.0832330e+01
   1.1900000e+03   2.0817214e+01
   1.2000000e+03   2.0862869e+01
   1.2100000e+03   2.0890683e+01
   1.2200000e+03   2.0917521e+01
   1.2300000e+03   2.0967225e+01
   1.2400000e+03   2.1010384e+01
   1.2500000e+03   2.1013803e+01
   1.2600000e+03   2.1020166e+01
   1.2700000e+03   2.1038145e+01
   1.2800000e+03   2.1091229e+01
   1.2900000e+03   2.1105977e+01
   1.3000000e+03   2.1109420e+01
   1.3100000e+03   2.1119440e+01
   1.3200000e+03   2.1149170e+01
   1.3300000e+03   2.1241459e+01
   1.3400000e+03   2.1310487e+01
   1.3500000e+03   2.1299559e+01
   1.3600000e+03   2.1321247e+01
   1.3700000e+03   2.1423397e+01
   1.3800000e+03   2.1374956e+01
   1.3900000e+03   2.1436517e+01
   1.4000000e+03   2.1403332e+01
   1.4100000e+03   2.1420037e+01
   1.4200000e+03   2.1402033e+01
   1.4300000e+03   2.1477290e+01
   1.4400000e+03   2.1418605e+01
   1.4500000e+03   2.1468676e+01
   1.4600000e+03   2.1512732e+01
   1.4700000e+03   2.1486025e+01
   1.4800000e+03   2.1530453e+01
   1.4900000e+03   2.1528554e+01
   1.5000000e+03   2.1529821e+01
   1.5100000e+03   2.1588661e+01
   1.5200000e+03   2.1583735e+01
   1.5300000e+03   2.1622026e+01
   1.5400000e+03   2.1676531e+01
   1.5500000e+03   2.1722677e+01
   1.5600000e+03   2.1718373e+01
   1.5700000e+03   2.1716511e+01
   1.5800000e+03   2.1758032e+01
   1.5900000e+03   2.1760897e+01
   1.6000000e+03   2.1791081e+01
   1.6100000e+03   2.1805576e+01
   1.6200000e+03   2.1851195e+01
   1.6300000e+03   2.1865066e+01
   1.6400000e+03   2.1916914e+01
   1.6500000e+03   2.1917997e+01
   1.6600000e+03   2.1802235e+01
   1.6700000e+03   2.1668097e+01
   1.6800000e+03   2.1692071e+01
   1.6900000e+03   2.1739656e+01
   1.7000000e+03   2.1837375e+01
   1.7100000e+03   2.1858976e+01
   1.7200000e+03   2.1852971e+01
   1.7300000e+03   2.1950496e+01
   1.7400000e+03   2.1889446e+01
   1.7500000e+03   2.1955790e+01
   1.7600000e+03   2.1918994e+01
   1.7700000e+03   2.2024681e+01
   1.7800000e+03   2.2020459e+01
   1.7900000e+03   2.2018686e+01
   1.8000000e+03   2.2081196e+01
   1.8100000e+03   2.2066141e+01
   1.8200000e+03   2.2064079e+01
   1.8300000e+03   2.2082521e+01
   1.8400000e+03   2.2128512e+01
   1.8500000e+03   2.2086929e+01
   1.8600000e+03   2.2117850e+01
   1.8700000e+03   2.2140842e+01
   1.8800000e+03   2.2055224e+01
   1.8900000e+03   2.2107619e+01
   1.9000000e+03   2.2172673e+01
   1.9100000e+03   2.2163165e+01
   1.9200000e+03   2.2195364e+01
   1.9300000e+03   2.2092518e+01
   1.9400000e+03   2.2136041e+01
   1.9500000e+03   2.2108508e+01
   1.9600000e+03   2.2195158e+01
   1.9700000e+03   2.2181819e+01
   1.9800000e+03   2.2202021e+01
   1.9900000e+03   2.2120192e+01
   2.0000000e+03   2.2098246e+01
   2.0100000e+03   2.2136043e+01
   2.0200000e+03   2.2192817e+01
   2.0300000e+03   2.2297217e+01
   2.0400000e+03   2.2352236e+01
   2.0500000e+03   2.2328681e+01
   2.0600000e+03   2.2215031e+01
   2.0700000e+03   2.2290646e+01
   2.0800000e+03   2.2329750e+01
   2.0900000e+03   2.2386333e+01
   2.1000000e+03   2.2339534e+01
   2.1100000e+03   2.2371981e+01
   2.1200000e+03   2.2381947e+01
   2.1300000e+03   2.2389420e+01
   2.1400000e+03   2.2362815e+01
   2.1500000e+03   2.2419661e+01
   2.1600000e+03   2.2486234e+01
   2.1700000e+03   2.2485933e+01
   2.1800000e+03   2.2346597e+01
   2.1900000e+03   2.2352307e+01
   2.2000000e+03   2.2420131e+01
   2.2100000e+03   2.2449269e+01
   2.2200000e+03   2.2436871e+01
   2.2300000e+03   2.2469646e+01
   2.2400000e+03   2.2475314e+01
   2.2500000e+03   2.2482327e+01
   2.2600000e+03   2.2436578e+01
   2.2700000e+03   2.2438431e+01
   2.2800000e+03   2.2495748e+01
   2.2900000e+03   2.2535588e+01
   2.3000000e+03   2.2490551e+01
   2.3100000e+03   2.2524488e+01
   2.3200000e+03   2.2471099e+01
   2.3300000e+03   2.2454693e+01
   2.3400000e+03   2.2444839e+01
   2.3500000e+03   2.2499249e+01
   2.3600000e+03   2.2434365e+01
   2.3700000e+03   2.2473679e+01
   2.3800000e+03   2.2358883e+01
   2.3900000e+03   2.2319664e+01
   2.4000000e+03   2.2331254e+01
   2.4100000e+03   2.2411370e+01
   2.4200000e+03   2.2474022e+01
   2.4300000e+03   2.2516282e+01
   2.4400000e+03   2.2496533e+01
   2.4500000e+03   2.2411911e+01
   2.4600000e+03   2.2409322e+01
   2.4700000e+03   2.2486320e+01
   2.4800000e+03   2.2473374e+01
   2.4900000e+03   2.2331291e+01
   2.5000000e+03   2.2321035e+01
   2.5100000e+03   2.2354230e+01
   2.5200000e+03   2.2352674e+01
   2.5300000e+03   2.2462211e+01
   2.5400000e+03   2.2416803e+01
   2.5500000e+03   2.2476045e+01
   2.5600000e+03   2.2429169e+01
   2.5700000e+03   2.2456424e+01
   2.5800000e+03   2.2492749e+01
   2.5900000e+03   2.2552123e+01
   2.6000000e+03   2.2551034e+01
   2.6100000e+03   2.2597391e+01
   2.6200000e+03   2.2549751e+01
   2.6300000e+03   2.2597796e+01
   2.6400000e+03   2.2677741e+01
   2.6500000e+03   2.2649117e+01
   2.6600000e+03   2.2704937e+01
   2.6700000e+03   2.2691700e+01
   2.6800000e+03   2.2758088e+01
   2.6900000e+03   2.2750977e+01
   2.7000000e+03   2.2663452e+01
   2.7100000e+03   2.2692399e+01
   2.7200000e+03   2.2637812e+01
   2.7300000e+03   2.2642336e+01
   2.7400000e+03   2.2709000e+01
   2.7500000e+03   2.2685524e+01
   2.7600000e+03   2.2660690e+01
   2.7700000e+03   2.2581790e+01
   2.7800000e+03   2.2732934e+01
   2.7900000e+03   2.2730896e+01
   2.8000000e+03   2.2741888e+01
   2.8100000e+03   2.2763671e+01
   2.8200000e+03   2.2769891e+01
   2.8300000e+03   2.2806870e+01
   2.8400000e+03   2.2881480e+01
   2.8500000e+03   2.2895878e+01
   2.8600000e+03   2.2871552e+01
   2.8700000e+03   2.2813863e+01
   2.8800000e+03   2.2877743e+01
   2.8900000e+03   2.2885543e+01
   2.9000000e+03   2.2831136e+01
   2.9100000e+03   2.2906236e+01
   2.9200000e+03   2.2934983e+01
   2.9300000e+03   2.3005393e+01
   2.9400000e+03   2.3007288e+01
   2.9500000e+03   2.2910244e+01
   2.9600000e+03   2.2903374e+01
   2.9700000e+03   2.2845959e+01
   2.9800000e+03   2.2868943e+01
   2.9900000e+03   2.2940319e+01
   3.0000000e+03   2.2968026e+01
   3.0100000e+03   2.2956056e+01
   3.0200000e+03   2.2991725e+01
   3.0300000e+03   2.2908180e+01
   3.0400000e+03   2.2888838e+01
   3.0500000e+03   2.2828191e+01
   3.0600000e+03   2.2821596e+01
   3.0700000e+03   2.2882552e+01
   3.0800000e+03   2.2912363e+01
   3.0900000e+03   2.2876595e+01
   3.1000000e+03   2.2979406e+01
   3.1100000e+03   2.3053941e+01
   3.1200000e+03   2.3009495e+01
   3.1300000e+03   2.3012572e+01
   3.1400000e+03   2.3082409e+01
   3.1500000e+03   2.3122409e+01
   3.1600000e+03   2.3085028e+01
   3.1700000e+03   2.3083216e+01
   3.1800000e+03   2.3014269e+01
   3.1900000e+03   2.2985921e+01
   3.2000000e+03   2.2958241e+01
   3.2100000e+03   2.3026436e+01
   3.2200000e+03   2.2980262e+01
   3.2300000e+03   2.3016702e+01
   3.2400000e+03   2.2931396e+01
   3.2500000e+03   2.2872876e+01
   3.2600000e+03   2.2834455e+01
   3.2700000e+03   2.2910046e+01
   3.2800000e+03   2.2898148e+01
   3.2900000e+03   2.2924588e+01
   3.3000000e+03   2.2834311e+01
   3.3100000e+03   2.2906361e+01
   3.3200000e+03   2.2850019e+01
   3.3300000e+03   2.2918453e+01
   3.3400000e+03   2.2916109e+01
   3.3500000e+03   2.2993551e+01
   3.3600000e+03   2.3040665e+01
   3.3700000e+03   2.3045799e+01
   3.3800000e+03   2.3061689e+01
   3.3900000e+03   2.3045189e+01
   3.4000000e+03   2.3063797e+01
   3.4100000e+03   2.3063699e+01
   3.4200000e+03   2.3061360e+01
   3.4300000e+03   2.3180661e+01
   3.4400000e+03   2.3200758e+01
   3.4500000e+03   2.3215973e+01
   3.4600000e+03   2.3209389e+01
   3.4700000e+03   2.3242113e+01
   3.4800000e+03   2.3260984e+01
   3.4900000e+03   2.3240705e+01
