   0.0000000e+00   1.9555041e+01
   1.0000000e+01   1.9557026e+01
   2.0000000e+01   1.9485603e+01
   3.0000000e+01   1.9430246e+01
   4.0000000e+01   1.9484870e+01
   5.0000000e+01   1.9533207e+01
   6.0000000e+01   1.9672477e+01
   7.0000000e+01   1.9839627e+01
   8.0000000e+01   2.0030333e+01
   9.0000000e+01   2.0242742e+01
   1.0000000e+02   2.0489337e+01
   1.1000000e+02   2.0705548e+01
   1.2000000e+02   2.0951904e+01
   1.3000000e+02   2.1160457e+01
   1.4000000e+02   2.1397384e+01
   1.5000000e+02   2.1611769e+01
   1.6000000e+02   2.1832783e+01
   1.7000000e+02   2.2058881e+01
   1.8000000e+02   2.2215142e+01
   1.9000000e+02   2.2448523e+01
   2.0000000e+02   2.2631916e+01
   2.1000000e+02   2.2813084e+01
   2.2000000e+02   2.3256987e+01
   2.3000000e+02   2.3419870e+01
   2.4000000e+02   2.3557965e+01
   2.5000000e+02   2.3751888e+01
   2.6000000e+02   2.3873626e+01
   2.7000000e+02   2.4073123e+01
   2.8000000e+02   2.4225165e+01
   2.9000000e+02   2.4358095e+01
   3.0000000e+02   2.4491047e+01
   3.1000000e+02   2.4625278e+01
   3.2000000e+02   2.4729731e+01
   3.3000000e+02   2.4838672e+01
   3.4000000e+02   2.4979101e+01
   3.5000000e+02   2.5080893e+01
   3.6000000e+02   2.5191734e+01
   3.7000000e+02   2.5352152e+01
   3.8000000e+02   2.5429009e+01
   3.9000000e+02   2.5514480e+01
   4.0000000e+02   2.5607117e+01
   4.1000000e+02   2.5698554e+01
   4.2000000e+02   2.5821713e+01
   4.3000000e+02   2.5939891e+01
   4.4000000e+02   2.6078653e+01
   4.5000000e+02   2.6167451e+01
   4.6000000e+02   2.6239731e+01
   4.7000000e+02   2.6339561e+01
   4.8000000e+02   2.6423617e+01
   4.9000000e+02   2.6486257e+01
   5.0000000e+02   2.6576391e+01
   5.1000000e+02   2.6657191e+01
   5.2000000e+02   2.6697352e+01
   5.3000000e+02   2.6777324e+01
   5.4000000e+02   2.6830235e+01
   5.5000000e+02   2.6911592e+01
   5.6000000e+02   2.7032656e+01
   5.7000000e+02   2.7076819e+01
   5.8000000e+02   2.7154115e+01
   5.9000000e+02   2.7163643e+01
   6.0000000e+02   2.7247915e+01
   6.1000000e+02   2.7332959e+01
   6.2000000e+02   2.7408101e+01
   6.3000000e+02   2.7455355e+01
   6.4000000e+02   2.7493465e+01
   6.5000000e+02   2.7563112e+01
   6.6000000e+02   2.7567727e+01
   6.7000000e+02   2.7632076e+01
   6.8000000e+02   2.7680739e+01
   6.9000000e+02   2.7824144e+01
   7.0000000e+02   2.7946586e+01
   7.1000000e+02   2.8034949e+01
   7.2000000e+02   2.8101405e+01
   7.3000000e+02   2.8265642e+01
   7.4000000e+02   2.8384650e+01
   7.5000000e+02   2.8504576e+01
   7.6000000e+02   2.8554823e+01
   7.7000000e+02   2.8660072e+01
   7.8000000e+02   2.8839482e+01
   7.9000000e+02   2.8892867e+01
   8.0000000e+02   2.8973021e+01
   8.1000000e+02   2.9133219e+01
   8.2000000e+02   2.9206003e+01
   8.3000000e+02   2.9394980e+01
   8.4000000e+02   2.9487791e+01
   8.5000000e+02   2.9568409e+01
   8.6000000e+02   2.9640753e+01
   8.7000000e+02   2.9691047e+01
   8.8000000e+02   2.9800071e+01
   8.9000000e+02   2.9872080e+01
   9.0000000e+02   2.9961495e+01
   9.1000000e+02   3.0007374e+01
   9.2000000e+02   3.0083502e+01
   9.3000000e+02   3.0108411e+01
   9.4000000e+02   3.0181855e+01
   9.5000000e+02   3.0235044e+01
   9.6000000e+02   3.0271183e+01
   9.7000000e+02   3.0335269e+01
   9.8000000e+02   3.0389037e+01
   9.9000000e+02   3.0481225e+01
   1.0000000e+03   3.0512920e+01
   1.0100000e+03   3.0558165e+01
   1.0200000e+03   3.0679632e+01
   1.0300000e+03   3.0708212e+01
   1.0400000e+03   3.0758316e+01
   1.0500000e+03   3.0799178e+01
   1.0600000e+03   3.0825980e+01
   1.0700000e+03   3.0887203e+01
   1.0800000e+03   3.0945809e+01
   1.0900000e+03   3.1000399e+01
   1.1000000e+03   3.1084914e+01
   1.1100000e+03   3.1123965e+01
   1.1200000e+03   3.1150885e+01
   1.1300000e+03   3.1174837e+01
   1.1400000e+03   3.1223044e+01
   1.1500000e+03   3.1280994e+01
   1.1600000e+03   3.1303554e+01
   1.1700000e+03   3.1421785e+01
   1.1800000e+03   3.1457066e+01
   1.1900000e+03   3.1527000e+01
   1.2000000e+03   3.1540602e+01
   1.2100000e+03   3.1539240e+01
   1.2200000e+03   3.1541216e+01
   1.2300000e+03   3.1616379e+01
   1.2400000e+03   3.1634831e+01
   1.2500000e+03   3.1693202e+01
   1.2600000e+03   3.1729314e+01
   1.2700000e+03   3.1759453e+01
   1.2800000e+03   3.1817233e+01
   1.2900000e+03   3.1851127e+01
   1.3000000e+03   3.1886166e+01
   1.3100000e+03   3.1896913e+01
   1.3200000e+03   3.1905752e+01
   1.3300000e+03   3.1982775e+01
   1.3400000e+03   3.1943287e+01
   1.3500000e+03   3.1972313e+01
   1.3600000e+03   3.2011484e+01
   1.3700000e+03   3.1978883e+01
   1.3800000e+03   3.1985847e+01
   1.3900000e+03   3.2012416e+01
   1.4000000e+03   3.2059339e+01
   1.4100000e+03   3.2079887e+01
   1.4200000e+03   3.2059178e+01
   1.4300000e+03   3.2086471e+01
   1.4400000e+03   3.2142403e+01
   1.4500000e+03   3.2152589e+01
   1.4600000e+03   3.2255200e+01
   1.4700000e+03   3.2201901e+01
   1.4800000e+03   3.2270146e+01
   1.4900000e+03   3.2303873e+01
   1.5000000e+03   3.2289889e+01
   1.5100000e+03   3.2340540e+01
   1.5200000e+03   3.2379405e+01
   1.5300000e+03   3.2454318e+01
   1.5400000e+03   3.2519772e+01
   1.5500000e+03   3.2530515e+01
   1.5600000e+03   3.2573359e+01
   1.5700000e+03   3.2574649e+01
   1.5800000e+03   3.2645492e+01
   1.5900000e+03   3.2616388e+01
   1.6000000e+03   3.2617917e+01
   1.6100000e+03   3.2712318e+01
   1.6200000e+03   3.2695503e+01
   1.6300000e+03   3.2743427e+01
   1.6400000e+03   3.2755450e+01
   1.6500000e+03   3.2828428e+01
   1.6600000e+03   3.2782012e+01
   1.6700000e+03   3.2878721e+01
   1.6800000e+03   3.2916305e+01
   1.6900000e+03   3.2975153e+01
   1.7000000e+03   3.3045583e+01
   1.7100000e+03   3.3041792e+01
   1.7200000e+03   3.3125366e+01
   1.7300000e+03   3.3131634e+01
   1.7400000e+03   3.3110318e+01
   1.7500000e+03   3.3141191e+01
   1.7600000e+03   3.3174363e+01
   1.7700000e+03   3.3178619e+01
   1.7800000e+03   3.3215937e+01
   1.7900000e+03   3.3217295e+01
   1.8000000e+03   3.3205938e+01
   1.8100000e+03   3.3213604e+01
   1.8200000e+03   3.3264971e+01
   1.8300000e+03   3.3250465e+01
   1.8400000e+03   3.3283828e+01
   1.8500000e+03   3.3338145e+01
   1.8600000e+03   3.3331916e+01
   1.8700000e+03   3.3358935e+01
   1.8800000e+03   3.3333357e+01
   1.8900000e+03   3.3349582e+01
   1.9000000e+03   3.3330896e+01
   1.9100000e+03   3.3278300e+01
   1.9200000e+03   3.3350290e+01
   1.9300000e+03   3.3347229e+01
   1.9400000e+03   3.3359880e+01
   1.9500000e+03   3.3420483e+01
   1.9600000e+03   3.3439883e+01
   1.9700000e+03   3.3455557e+01
   1.9800000e+03   3.3443161e+01
   1.9900000e+03   3.3468700e+01
   2.0000000e+03   3.3526677e+01
   2.0100000e+03   3.3585005e+01
   2.0200000e+03   3.3653449e+01
   2.0300000e+03   3.3651921e+01
   2.0400000e+03   3.3710815e+01
   2.0500000e+03   3.3738648e+01
   2.0600000e+03   3.3706887e+01
   2.0700000e+03   3.3690823e+01
   2.0800000e+03   3.3714453e+01
   2.0900000e+03   3.3715726e+01
   2.1000000e+03   3.3743409e+01
   2.1100000e+03   3.3829370e+01
   2.1200000e+03   3.3778322e+01
   2.1300000e+03   3.3834064e+01
   2.1400000e+03   3.3812769e+01
   2.1500000e+03   3.3858765e+01
   2.1600000e+03   3.3828666e+01
   2.1700000e+03   3.3836656e+01
   2.1800000e+03   3.3806100e+01
   2.1900000e+03   3.3856581e+01
   2.2000000e+03   3.3852442e+01
   2.2100000e+03   3.3911445e+01
   2.2200000e+03   3.3941676e+01
   2.2300000e+03   3.3909697e+01
   2.2400000e+03   3.3940808e+01
   2.2500000e+03   3.3913964e+01
   2.2600000e+03   3.3909316e+01
   2.2700000e+03   3.3957136e+01
   2.2800000e+03   3.3996960e+01
   2.2900000e+03   3.3982208e+01
   2.3000000e+03   3.4026918e+01
   2.3100000e+03   3.4054080e+01
   2.3200000e+03   3.4072260e+01
   2.3300000e+03   3.4062859e+01
   2.3400000e+03   3.4057716e+01
   2.3500000e+03   3.4085648e+01
   2.3600000e+03   3.4018848e+01
   2.3700000e+03   3.4002968e+01
   2.3800000e+03   3.4025130e+01
   2.3900000e+03   3.4001265e+01
   2.4000000e+03   3.4010015e+01
   2.4100000e+03   3.4035956e+01
   2.4200000e+03   3.4052634e+01
   2.4300000e+03   3.4068360e+01
   2.4400000e+03   3.4100542e+01
   2.4500000e+03   3.4042162e+01
   2.4600000e+03   3.3994924e+01
   2.4700000e+03   3.4035229e+01
   2.4800000e+03   3.3973470e+01
   2.4900000e+03   3.3980094e+01
   2.5000000e+03   3.4022778e+01
   2.5100000e+03   3.4021146e+01
   2.5200000e+03   3.4066191e+01
   2.5300000e+03   3.4078305e+01
   2.5400000e+03   3.4070609e+01
   2.5500000e+03   3.4096300e+01
   2.5600000e+03   3.4091015e+01
   2.5700000e+03   3.4109654e+01
   2.5800000e+03   3.4077625e+01
   2.5900000e+03   3.4131088e+01
   2.6000000e+03   3.4064374e+01
   2.6100000e+03   3.4038887e+01
   2.6200000e+03   3.4076699e+01
   2.6300000e+03   3.4073066e+01
   2.6400000e+03   3.4068781e+01
   2.6500000e+03   3.4067813e+01
   2.6600000e+03   3.4045662e+01
   2.6700000e+03   3.4036547e+01
   2.6800000e+03   3.4095786e+01
   2.6900000e+03   3.4157804e+01
   2.7000000e+03   3.4223414e+01
   2.7100000e+03   3.4206019e+01
   2.7200000e+03   3.4237456e+01
   2.7300000e+03   3.4176083e+01
   2.7400000e+03   3.4216759e+01
   2.7500000e+03   3.4261764e+01
   2.7600000e+03   3.4233053e+01
   2.7700000e+03   3.4277373e+01
   2.7800000e+03   3.4266001e+01
   2.7900000e+03   3.4262380e+01
   2.8000000e+03   3.4291377e+01
   2.8100000e+03   3.4304483e+01
   2.8200000e+03   3.4268138e+01
   2.8300000e+03   3.4286810e+01
   2.8400000e+03   3.4260705e+01
   2.8500000e+03   3.4328536e+01
   2.8600000e+03   3.4361448e+01
   2.8700000e+03   3.4388900e+01
   2.8800000e+03   3.4363313e+01
   2.8900000e+03   3.4322279e+01
   2.9000000e+03   3.4360314e+01
   2.9100000e+03   3.4363268e+01
   2.9200000e+03   3.4412808e+01
   2.9300000e+03   3.4392161e+01
   2.9400000e+03   3.4391794e+01
   2.9500000e+03   3.4374419e+01
   2.9600000e+03   3.4389863e+01
   2.9700000e+03   3.4396871e+01
   2.9800000e+03   3.4414535e+01
   2.9900000e+03   3.4448990e+01
   3.0000000e+03   3.4473066e+01
   3.0100000e+03   3.4485790e+01
   3.0200000e+03   3.4489662e+01
   3.0300000e+03   3.4475562e+01
   3.0400000e+03   3.4460600e+01
   3.0500000e+03   3.4418256e+01
   3.0600000e+03   3.4426550e+01
   3.0700000e+03   3.4491361e+01
   3.0800000e+03   3.4449092e+01
   3.0900000e+03   3.4470606e+01
   3.1000000e+03   3.4448163e+01
   3.1100000e+03   3.4480980e+01
   3.1200000e+03   3.4475531e+01
   3.1300000e+03   3.4486758e+01
   3.1400000e+03   3.4525531e+01
   3.1500000e+03   3.4523931e+01
   3.1600000e+03   3.4497427e+01
   3.1700000e+03   3.4508973e+01
   3.1800000e+03   3.4564650e+01
   3.1900000e+03   3.4514031e+01
   3.2000000e+03   3.4477277e+01
   3.2100000e+03   3.4466330e+01
   3.2200000e+03   3.4478243e+01
   3.2300000e+03   3.4378668e+01
   3.2400000e+03   3.4347600e+01
   3.2500000e+03   3.4421385e+01
   3.2600000e+03   3.4428193e+01
   3.2700000e+03   3.4459387e+01
   3.2800000e+03   3.4435142e+01
   3.2900000e+03   3.4486451e+01
   3.3000000e+03   3.4511278e+01
   3.3100000e+03   3.4509573e+01
   3.3200000e+03   3.4491031e+01
   3.3300000e+03   3.4529143e+01
   3.3400000e+03   3.4504746e+01
   3.3500000e+03   3.4509964e+01
   3.3600000e+03   3.4500081e+01
   3.3700000e+03   3.4523116e+01
   3.3800000e+03   3.4548579e+01
   3.3900000e+03   3.4548631e+01
   3.4000000e+03   3.4487307e+01
   3.4100000e+03   3.4457757e+01
   3.4200000e+03   3.4443383e+01
   3.4300000e+03   3.4475074e+01
   3.4400000e+03   3.4558818e+01
   3.4500000e+03   3.4525675e+01
   3.4600000e+03   3.4552218e+01
   3.4700000e+03   3.4576068e+01
   3.4800000e+03   3.4595663e+01
   3.4900000e+03   3.4623613e+01
