   0.0000000e+00  -2.4633253e-03
   1.0000000e+01   8.4269176e-03
   2.0000000e+01   2.4047920e-03
   3.0000000e+01  -5.2611200e-03
   4.0000000e+01  -4.2193270e-03
   5.0000000e+01  -3.2481980e-03
   6.0000000e+01  -6.6368090e-03
   7.0000000e+01  -4.7014443e-03
   8.0000000e+01  -1.5220113e-03
   9.0000000e+01   8.4872281e-03
   1.0000000e+02  -1.6390467e-03
   1.1000000e+02  -1.4630808e-03
   1.2000000e+02  -9.4697856e-03
   1.3000000e+02   8.1936774e-03
   1.4000000e+02  -1.9720719e-03
   1.5000000e+02   1.0402016e-02
   1.6000000e+02  -3.2098302e-03
   1.7000000e+02  -7.1268733e-03
   1.8000000e+02   1.2039063e-02
   1.9000000e+02   8.6963872e-03
   2.0000000e+02  -6.6733067e-03
   2.1000000e+02   8.3278108e-04
   2.2000000e+02  -1.0483869e-03
   2.3000000e+02   1.0139207e-02
   2.4000000e+02  -5.7290847e-04
   2.5000000e+02  -7.4247123e-04
   2.6000000e+02   1.0529047e-02
   2.7000000e+02   1.2268534e-02
   2.8000000e+02   4.8347913e-03
   2.9000000e+02   1.7513431e-02
   3.0000000e+02   1.1834092e-02
   3.1000000e+02   1.2275182e-02
   3.2000000e+02   1.7921682e-02
   3.3000000e+02   3.4610747e-02
   3.4000000e+02   2.7749866e-02
   3.5000000e+02   3.8795750e-02
   3.6000000e+02   3.4505434e-02
   3.7000000e+02   2.8455823e-02
   3.8000000e+02   3.7520228e-02
   3.9000000e+02   3.6751635e-02
   4.0000000e+02   4.1678773e-02
   4.1000000e+02   5.4561062e-02
   4.2000000e+02   5.3494662e-02
   4.3000000e+02   4.6281703e-02
   4.4000000e+02   5.1156197e-02
   4.5000000e+02   4.8714038e-02
   4.6000000e+02   6.7833295e-02
   4.7000000e+02   5.2634052e-02
   4.8000000e+02   6.2695629e-02
   4.9000000e+02   6.1732936e-02
   5.0000000e+02   7.6561847e-02
   5.1000000e+02   8.3868432e-02
   5.2000000e+02   8.9335148e-02
   5.3000000e+02   7.9969887e-02
   5.4000000e+02   6.3485485e-02
   5.5000000e+02   7.0836594e-02
   5.6000000e+02   7.6244175e-02
   5.7000000e+02   7.5469077e-02
   5.8000000e+02   9.4936773e-02
   5.9000000e+02   8.7926438e-02
   6.0000000e+02   8.6366378e-02
   6.1000000e+02   1.0026522e-01
   6.2000000e+02   1.1647101e-01
   6.3000000e+02   9.8848367e-02
   6.4000000e+02   1.0540609e-01
   6.5000000e+02   1.1521548e-01
   6.6000000e+02   1.0432663e-01
   6.7000000e+02   1.0349398e-01
   6.8000000e+02   9.0903425e-02
   6.9000000e+02   9.8757911e-02
   7.0000000e+02   9.1643936e-02
   7.1000000e+02   9.1556710e-02
   7.2000000e+02   8.1041182e-02
   7.3000000e+02   9.6447455e-02
   7.4000000e+02   1.1317658e-01
   7.5000000e+02   1.0306110e-01
   7.6000000e+02   1.0069966e-01
   7.7000000e+02   1.0863475e-01
   7.8000000e+02   1.2568793e-01
   7.9000000e+02   1.2711136e-01
   8.0000000e+02   1.3080237e-01
   8.1000000e+02   1.3021984e-01
   8.2000000e+02   1.3326417e-01
   8.3000000e+02   1.4997149e-01
   8.4000000e+02   1.3753617e-01
   8.5000000e+02   1.3320199e-01
   8.6000000e+02   1.4678132e-01
   8.7000000e+02   1.4668454e-01
   8.8000000e+02   1.6183530e-01
   8.9000000e+02   1.7212174e-01
   9.0000000e+02   1.6917507e-01
   9.1000000e+02   1.6934499e-01
   9.2000000e+02   1.7780170e-01
   9.3000000e+02   1.8020278e-01
   9.4000000e+02   1.7303042e-01
   9.5000000e+02   1.7237582e-01
   9.6000000e+02   1.8467656e-01
   9.7000000e+02   1.9163588e-01
   9.8000000e+02   1.7944342e-01
   9.9000000e+02   1.7775243e-01
   1.0000000e+03   1.7921445e-01
   1.0100000e+03   1.8094599e-01
   1.0200000e+03   1.8659845e-01
   1.0300000e+03   1.7811419e-01
   1.0400000e+03   1.6247383e-01
   1.0500000e+03   1.5798343e-01
   1.0600000e+03   1.7486504e-01
   1.0700000e+03   1.6902719e-01
   1.0800000e+03   1.6808295e-01
   1.0900000e+03   1.7089351e-01
   1.1000000e+03   1.6539394e-01
   1.1100000e+03   1.6961277e-01
   1.1200000e+03   1.8030470e-01
   1.1300000e+03   1.6840092e-01
   1.1400000e+03   1.8049610e-01
   1.1500000e+03   1.8015465e-01
   1.1600000e+03   1.7439481e-01
   1.1700000e+03   1.7587007e-01
   1.1800000e+03   1.6297349e-01
   1.1900000e+03   1.6570619e-01
   1.2000000e+03   1.5827966e-01
   1.2100000e+03   1.4478607e-01
   1.2200000e+03   1.4295121e-01
   1.2300000e+03   1.5412271e-01
   1.2400000e+03   1.4626848e-01
   1.2500000e+03   1.5047622e-01
   1.2600000e+03   1.6055843e-01
   1.2700000e+03   1.5377407e-01
   1.2800000e+03   1.5553183e-01
   1.2900000e+03   1.5568871e-01
   1.3000000e+03   1.5238662e-01
   1.3100000e+03   1.5798341e-01
   1.3200000e+03   1.4842800e-01
   1.3300000e+03   1.7061975e-01
   1.3400000e+03   1.5150507e-01
   1.3500000e+03   1.6290344e-01
   1.3600000e+03   1.5802095e-01
   1.3700000e+03   1.6059446e-01
   1.3800000e+03   1.5513640e-01
   1.3900000e+03   1.4601054e-01
   1.4000000e+03   1.4621821e-01
   1.4100000e+03   1.4604593e-01
   1.4200000e+03   1.5097307e-01
   1.4300000e+03   1.5244828e-01
   1.4400000e+03   1.6774740e-01
   1.4500000e+03   1.5678081e-01
   1.4600000e+03   1.6201096e-01
   1.4700000e+03   1.6146701e-01
   1.4800000e+03   1.8201539e-01
   1.4900000e+03   1.7337730e-01
   1.5000000e+03   1.5162459e-01
   1.5100000e+03   1.6612249e-01
   1.5200000e+03   1.7034566e-01
   1.5300000e+03   1.7617174e-01
   1.5400000e+03   1.9195611e-01
   1.5500000e+03   1.7919181e-01
   1.5600000e+03   1.9050953e-01
   1.5700000e+03   1.7682245e-01
   1.5800000e+03   1.7876751e-01
   1.5900000e+03   1.8552944e-01
   1.6000000e+03   1.7913251e-01
   1.6100000e+03   1.8635346e-01
   1.6200000e+03   1.8898964e-01
   1.6300000e+03   1.8254572e-01
   1.6400000e+03   1.7861968e-01
   1.6500000e+03   1.8715389e-01
   1.6600000e+03   1.8253192e-01
   1.6700000e+03   1.7151633e-01
   1.6800000e+03   1.8564289e-01
   1.6900000e+03   1.8081553e-01
   1.7000000e+03   1.7672391e-01
   1.7100000e+03   1.8618950e-01
   1.7200000e+03   1.9029249e-01
   1.7300000e+03   1.8294247e-01
   1.7400000e+03   1.8611232e-01
   1.7500000e+03   1.8773195e-01
   1.7600000e+03   1.7606626e-01
   1.7700000e+03   1.6831312e-01
   1.7800000e+03   1.8510643e-01
   1.7900000e+03   1.7663652e-01
   1.8000000e+03   1.8680942e-01
   1.8100000e+03   1.9940020e-01
   1.8200000e+03   2.0225973e-01
   1.8300000e+03   2.0467854e-01
   1.8400000e+03   2.1120760e-01
   1.8500000e+03   2.0552930e-01
   1.8600000e+03   2.0742596e-01
   1.8700000e+03   2.0034790e-01
   1.8800000e+03   2.0027749e-01
   1.8900000e+03   2.0824060e-01
   1.9000000e+03   1.9917458e-01
   1.9100000e+03   1.9236817e-01
   1.9200000e+03   1.9779247e-01
   1.9300000e+03   1.9713504e-01
   1.9400000e+03   1.9778719e-01
   1.9500000e+03   1.9551557e-01
   1.9600000e+03   1.9097663e-01
   1.9700000e+03   1.8149174e-01
   1.9800000e+03   1.8774982e-01
   1.9900000e+03   1.8180357e-01
   2.0000000e+03   1.9285833e-01
   2.0100000e+03   2.0053498e-01
   2.0200000e+03   2.1974405e-01
   2.0300000e+03   2.0779032e-01
   2.0400000e+03   2.0485664e-01
   2.0500000e+03   2.1212029e-01
   2.0600000e+03   1.9988389e-01
   2.0700000e+03   2.0498798e-01
   2.0800000e+03   2.1302145e-01
   2.0900000e+03   2.1636385e-01
   2.1000000e+03   2.1396077e-01
   2.1100000e+03   2.0657798e-01
   2.1200000e+03   2.0201326e-01
   2.1300000e+03   2.0121356e-01
   2.1400000e+03   1.9924814e-01
   2.1500000e+03   1.8108526e-01
   2.1600000e+03   2.0654089e-01
   2.1700000e+03   1.9560455e-01
   2.1800000e+03   1.9435063e-01
   2.1900000e+03   1.9848195e-01
   2.2000000e+03   1.9583959e-01
   2.2100000e+03   1.8929439e-01
   2.2200000e+03   1.9896368e-01
   2.2300000e+03   1.9713227e-01
   2.2400000e+03   1.8781787e-01
   2.2500000e+03   1.9980903e-01
   2.2600000e+03   2.0794665e-01
   2.2700000e+03   1.9994003e-01
   2.2800000e+03   2.1092617e-01
   2.2900000e+03   2.1121177e-01
   2.3000000e+03   2.1109368e-01
   2.3100000e+03   2.1269961e-01
   2.3200000e+03   1.9501904e-01
   2.3300000e+03   2.0297292e-01
   2.3400000e+03   2.0055827e-01
   2.3500000e+03   2.0417606e-01
   2.3600000e+03   2.0710966e-01
   2.3700000e+03   2.1432534e-01
   2.3800000e+03   2.0283363e-01
   2.3900000e+03   2.1555784e-01
   2.4000000e+03   2.0843520e-01
   2.4100000e+03   2.1692354e-01
   2.4200000e+03   2.2033566e-01
   2.4300000e+03   2.2596825e-01
   2.4400000e+03   2.1950547e-01
   2.4500000e+03   2.3133892e-01
   2.4600000e+03   2.3593455e-01
   2.4700000e+03   2.3424084e-01
   2.4800000e+03   2.2830494e-01
   2.4900000e+03   2.4394556e-01
   2.5000000e+03   2.6105019e-01
   2.5100000e+03   2.7741181e-01
   2.5200000e+03   2.5794701e-01
   2.5300000e+03   2.4961812e-01
   2.5400000e+03   2.5460597e-01
   2.5500000e+03   2.5028020e-01
   2.5600000e+03   2.6124727e-01
   2.5700000e+03   2.4537445e-01
   2.5800000e+03   2.5036866e-01
   2.5900000e+03   2.3222161e-01
   2.6000000e+03   2.3602858e-01
   2.6100000e+03   2.3145701e-01
   2.6200000e+03   2.3434942e-01
   2.6300000e+03   2.2063717e-01
   2.6400000e+03   2.3652921e-01
   2.6500000e+03   2.3292043e-01
   2.6600000e+03   2.2626294e-01
   2.6700000e+03   2.2559795e-01
   2.6800000e+03   2.2536351e-01
   2.6900000e+03   2.2163577e-01
   2.7000000e+03   2.1123274e-01
   2.7100000e+03   2.1111756e-01
   2.7200000e+03   2.0829848e-01
   2.7300000e+03   2.0751383e-01
   2.7400000e+03   2.1420024e-01
   2.7500000e+03   2.1104893e-01
   2.7600000e+03   2.1051598e-01
   2.7700000e+03   2.2727780e-01
   2.7800000e+03   2.0597708e-01
   2.7900000e+03   2.2428372e-01
   2.8000000e+03   2.1922375e-01
   2.8100000e+03   2.2876132e-01
   2.8200000e+03   2.0399510e-01
   2.8300000e+03   2.1080918e-01
   2.8400000e+03   1.9741760e-01
   2.8500000e+03   2.1201413e-01
   2.8600000e+03   1.9780794e-01
   2.8700000e+03   1.9653448e-01
   2.8800000e+03   1.9044173e-01
   2.8900000e+03   1.9897268e-01
   2.9000000e+03   2.0481269e-01
   2.9100000e+03   1.9165476e-01
   2.9200000e+03   1.7750243e-01
   2.9300000e+03   1.8642494e-01
   2.9400000e+03   1.8878481e-01
   2.9500000e+03   1.9046877e-01
   2.9600000e+03   1.8273285e-01
   2.9700000e+03   1.7243090e-01
   2.9800000e+03   1.6538983e-01
   2.9900000e+03   1.6035056e-01
   3.0000000e+03   1.8327205e-01
   3.0100000e+03   1.8316407e-01
   3.0200000e+03   1.6877027e-01
   3.0300000e+03   1.7415778e-01
   3.0400000e+03   1.7279681e-01
   3.0500000e+03   1.7567887e-01
   3.0600000e+03   1.7394075e-01
   3.0700000e+03   1.6908729e-01
   3.0800000e+03   1.8390870e-01
   3.0900000e+03   1.6443758e-01
   3.1000000e+03   1.7188763e-01
   3.1100000e+03   1.9796502e-01
   3.1200000e+03   1.9247560e-01
   3.1300000e+03   1.9860007e-01
   3.1400000e+03   1.8946474e-01
   3.1500000e+03   2.1456791e-01
   3.1600000e+03   2.0655304e-01
   3.1700000e+03   2.0889264e-01
   3.1800000e+03   2.0507397e-01
   3.1900000e+03   1.8518667e-01
   3.2000000e+03   2.0260020e-01
   3.2100000e+03   1.9467120e-01
   3.2200000e+03   2.0572749e-01
   3.2300000e+03   2.1509997e-01
   3.2400000e+03   2.0567976e-01
   3.2500000e+03   1.9749247e-01
   3.2600000e+03   2.1154526e-01
   3.2700000e+03   2.2525327e-01
   3.2800000e+03   2.1546894e-01
   3.2900000e+03   2.1055685e-01
   3.3000000e+03   2.1308898e-01
   3.3100000e+03   2.1926038e-01
   3.3200000e+03   2.0372242e-01
   3.3300000e+03   2.1669518e-01
   3.3400000e+03   2.2122946e-01
   3.3500000e+03   2.3783461e-01
   3.3600000e+03   2.2771942e-01
   3.3700000e+03   2.2437877e-01
   3.3800000e+03   2.1621903e-01
   3.3900000e+03   2.1845335e-01
   3.4000000e+03   2.2521506e-01
   3.4100000e+03   2.2153647e-01
   3.4200000e+03   2.0394388e-01
   3.4300000e+03   2.1249571e-01
   3.4400000e+03   2.2581992e-01
   3.4500000e+03   2.2430911e-01
   3.4600000e+03   2.2660982e-01
   3.4700000e+03   2.2894382e-01
   3.4800000e+03   2.2304502e-01
   3.4900000e+03   2.5028348e-01
