   0.0000000e+00  -7.2388809e-03
   1.0000000e+01   6.6519400e-03
   2.0000000e+01  -1.0488722e-02
   3.0000000e+01  -5.6296004e-03
   4.0000000e+01  -1.1542462e-02
   5.0000000e+01  -2.2625184e-02
   6.0000000e+01  -2.4387436e-02
   7.0000000e+01  -1.6659683e-02
   8.0000000e+01  -1.1397852e-02
   9.0000000e+01  -7.4264123e-03
   1.0000000e+02  -3.1706172e-03
   1.1000000e+02   1.4852129e-02
   1.2000000e+02   4.6024777e-02
   1.3000000e+02   6.7607053e-02
   1.4000000e+02   9.7548951e-02
   1.5000000e+02   1.4976960e-01
   1.6000000e+02   1.5749625e-01
   1.7000000e+02   2.0526353e-01
   1.8000000e+02   2.5128512e-01
   1.9000000e+02   3.0796417e-01
   2.0000000e+02   3.6838735e-01
   2.1000000e+02   4.1272337e-01
   2.2000000e+02   4.6668363e-01
   2.3000000e+02   5.1167989e-01
   2.4000000e+02   5.6932927e-01
   2.5000000e+02   6.1850470e-01
   2.6000000e+02   6.9716802e-01
   2.7000000e+02   7.5519285e-01
   2.8000000e+02   8.1100706e-01
   2.9000000e+02   8.6303730e-01
   3.0000000e+02   9.1828140e-01
   3.1000000e+02   9.6805179e-01
   3.2000000e+02   1.0188466e+00
   3.3000000e+02   1.0755648e+00
   3.4000000e+02   1.1291566e+00
   3.5000000e+02   1.1776913e+00
   3.6000000e+02   1.2264342e+00
   3.7000000e+02   1.2706413e+00
   3.8000000e+02   1.3280746e+00
   3.9000000e+02   1.3604148e+00
   4.0000000e+02   1.4192721e+00
   4.1000000e+02   1.4663861e+00
   4.2000000e+02   1.5153237e+00
   4.3000000e+02   1.5643775e+00
   4.4000000e+02   1.6125248e+00
   4.5000000e+02   1.6485112e+00
   4.6000000e+02   1.7018370e+00
   4.7000000e+02   1.7419915e+00
   4.8000000e+02   1.7874363e+00
   4.9000000e+02   1.8304469e+00
   5.0000000e+02   1.8787915e+00
   5.1000000e+02   1.9233348e+00
   5.2000000e+02   1.9593312e+00
   5.3000000e+02   1.9879400e+00
   5.4000000e+02   2.0018134e+00
   5.5000000e+02   2.0586592e+00
   5.6000000e+02   2.1033843e+00
   5.7000000e+02   2.1502718e+00
   5.8000000e+02   2.1775486e+00
   5.9000000e+02   2.2131268e+00
   6.0000000e+02   2.2400263e+00
   6.1000000e+02   2.2793302e+00
   6.2000000e+02   2.3327301e+00
   6.3000000e+02   2.3424570e+00
   6.4000000e+02   2.3725886e+00
   6.5000000e+02   2.4138253e+00
   6.6000000e+02   2.4432168e+00
   6.7000000e+02   2.4685231e+00
   6.8000000e+02   2.4973735e+00
   6.9000000e+02   2.5206987e+00
   7.0000000e+02   2.5536189e+00
   7.1000000e+02   2.5866037e+00
   7.2000000e+02   2.6022560e+00
   7.3000000e+02   2.6277867e+00
   7.4000000e+02   2.6657356e+00
   7.5000000e+02   2.6908040e+00
   7.6000000e+02   2.7081063e+00
   7.7000000e+02   2.7382135e+00
   7.8000000e+02   2.7781004e+00
   7.9000000e+02   2.8088845e+00
   8.0000000e+02   2.8275921e+00
   8.1000000e+02   2.8589194e+00
   8.2000000e+02   2.8850740e+00
   8.3000000e+02   2.8938615e+00
   8.4000000e+02   2.9131449e+00
   8.5000000e+02   2.9381884e+00
   8.6000000e+02   2.9692898e+00
   8.7000000e+02   2.9853765e+00
   8.8000000e+02   3.0272897e+00
   8.9000000e+02   3.0453988e+00
   9.0000000e+02   3.0625748e+00
   9.1000000e+02   3.0895596e+00
   9.2000000e+02   3.1245687e+00
   9.3000000e+02   3.1399057e+00
   9.4000000e+02   3.1600360e+00
   9.5000000e+02   3.1709413e+00
   9.6000000e+02   3.1996072e+00
   9.7000000e+02   3.2261872e+00
   9.8000000e+02   3.2452442e+00
   9.9000000e+02   3.2532672e+00
   1.0000000e+03   3.2859259e+00
   1.0100000e+03   3.3130742e+00
   1.0200000e+03   3.3256383e+00
   1.0300000e+03   3.3372940e+00
   1.0400000e+03   3.3524526e+00
   1.0500000e+03   3.3653130e+00
   1.0600000e+03   3.4006165e+00
   1.0700000e+03   3.4033524e+00
   1.0800000e+03   3.4287571e+00
   1.0900000e+03   3.4553590e+00
   1.1000000e+03   3.4616669e+00
   1.1100000e+03   3.4880530e+00
   1.1200000e+03   3.5134910e+00
   1.1300000e+03   3.5316753e+00
   1.1400000e+03   3.5488048e+00
   1.1500000e+03   3.5706473e+00
   1.1600000e+03   3.5790061e+00
   1.1700000e+03   3.5830170e+00
   1.1800000e+03   3.5955903e+00
   1.1900000e+03   3.6142547e+00
   1.2000000e+03   3.6200292e+00
   1.2100000e+03   3.6234588e+00
   1.2200000e+03   3.6361880e+00
   1.2300000e+03   3.6577100e+00
   1.2400000e+03   3.6619032e+00
   1.2500000e+03   3.6792628e+00
   1.2600000e+03   3.6973889e+00
   1.2700000e+03   3.7044956e+00
   1.2800000e+03   3.7164115e+00
   1.2900000e+03   3.7295056e+00
   1.3000000e+03   3.7386933e+00
   1.3100000e+03   3.7676000e+00
   1.3200000e+03   3.7811880e+00
   1.3300000e+03   3.8095216e+00
   1.3400000e+03   3.8045815e+00
   1.3500000e+03   3.8152376e+00
   1.3600000e+03   3.8283953e+00
   1.3700000e+03   3.8351158e+00
   1.3800000e+03   3.8483933e+00
   1.3900000e+03   3.8557088e+00
   1.4000000e+03   3.8515265e+00
   1.4100000e+03   3.8730694e+00
   1.4200000e+03   3.8895250e+00
   1.4300000e+03   3.8842947e+00
   1.4400000e+03   3.9043775e+00
   1.4500000e+03   3.9165588e+00
   1.4600000e+03   3.9176080e+00
   1.4700000e+03   3.9339288e+00
   1.4800000e+03   3.9580819e+00
   1.4900000e+03   3.9499441e+00
   1.5000000e+03   3.9557755e+00
   1.5100000e+03   3.9750594e+00
   1.5200000e+03   3.9771849e+00
   1.5300000e+03   3.9832159e+00
   1.5400000e+03   4.0097857e+00
   1.5500000e+03   3.9977714e+00
   1.5600000e+03   4.0168916e+00
   1.5700000e+03   4.0118120e+00
   1.5800000e+03   4.0259898e+00
   1.5900000e+03   4.0350310e+00
   1.6000000e+03   4.0584577e+00
   1.6100000e+03   4.0721129e+00
   1.6200000e+03   4.0802802e+00
   1.6300000e+03   4.0904946e+00
   1.6400000e+03   4.0939771e+00
   1.6500000e+03   4.1142510e+00
   1.6600000e+03   4.1004120e+00
   1.6700000e+03   4.0949897e+00
   1.6800000e+03   4.1173660e+00
   1.6900000e+03   4.1250321e+00
   1.7000000e+03   4.1288116e+00
   1.7100000e+03   4.1382337e+00
   1.7200000e+03   4.1527104e+00
   1.7300000e+03   4.1557867e+00
   1.7400000e+03   4.1709510e+00
   1.7500000e+03   4.1831863e+00
   1.7600000e+03   4.1875095e+00
   1.7700000e+03   4.1848730e+00
   1.7800000e+03   4.2089781e+00
   1.7900000e+03   4.1973146e+00
   1.8000000e+03   4.2113659e+00
   1.8100000e+03   4.2236671e+00
   1.8200000e+03   4.2320556e+00
   1.8300000e+03   4.2393126e+00
   1.8400000e+03   4.2617448e+00
   1.8500000e+03   4.2614044e+00
   1.8600000e+03   4.2639849e+00
   1.8700000e+03   4.2770302e+00
   1.8800000e+03   4.2873514e+00
   1.8900000e+03   4.2920441e+00
   1.9000000e+03   4.2899483e+00
   1.9100000e+03   4.2903325e+00
   1.9200000e+03   4.3160515e+00
   1.9300000e+03   4.3149353e+00
   1.9400000e+03   4.3282844e+00
   1.9500000e+03   4.3239454e+00
   1.9600000e+03   4.3288953e+00
   1.9700000e+03   4.3305392e+00
   1.9800000e+03   4.3395383e+00
   1.9900000e+03   4.3537092e+00
   2.0000000e+03   4.3566294e+00
   2.0100000e+03   4.3564186e+00
   2.0200000e+03   4.3750740e+00
   2.0300000e+03   4.3647938e+00
   2.0400000e+03   4.3900437e+00
   2.0500000e+03   4.3908074e+00
   2.0600000e+03   4.3848640e+00
   2.0700000e+03   4.3984866e+00
   2.0800000e+03   4.4235672e+00
   2.0900000e+03   4.4287406e+00
   2.1000000e+03   4.4275036e+00
   2.1100000e+03   4.4411671e+00
   2.1200000e+03   4.4525555e+00
   2.1300000e+03   4.4630729e+00
   2.1400000e+03   4.4595009e+00
   2.1500000e+03   4.4508928e+00
   2.1600000e+03   4.4584464e+00
   2.1700000e+03   4.4591074e+00
   2.1800000e+03   4.4874120e+00
   2.1900000e+03   4.4871364e+00
   2.2000000e+03   4.4969742e+00
   2.2100000e+03   4.4941551e+00
   2.2200000e+03   4.5056239e+00
   2.2300000e+03   4.5137289e+00
   2.2400000e+03   4.5109247e+00
   2.2500000e+03   4.5150072e+00
   2.2600000e+03   4.5104070e+00
   2.2700000e+03   4.5165228e+00
   2.2800000e+03   4.5189127e+00
   2.2900000e+03   4.5275081e+00
   2.3000000e+03   4.5290067e+00
   2.3100000e+03   4.5319899e+00
   2.3200000e+03   4.5199373e+00
   2.3300000e+03   4.5324693e+00
   2.3400000e+03   4.5261418e+00
   2.3500000e+03   4.5468257e+00
   2.3600000e+03   4.5467436e+00
   2.3700000e+03   4.5405335e+00
   2.3800000e+03   4.5447973e+00
   2.3900000e+03   4.5523796e+00
   2.4000000e+03   4.5619142e+00
   2.4100000e+03   4.5685135e+00
   2.4200000e+03   4.5756024e+00
   2.4300000e+03   4.5927498e+00
   2.4400000e+03   4.5957841e+00
   2.4500000e+03   4.6130990e+00
   2.4600000e+03   4.6209035e+00
   2.4700000e+03   4.6155247e+00
   2.4800000e+03   4.6280862e+00
   2.4900000e+03   4.6205641e+00
   2.5000000e+03   4.6410460e+00
   2.5100000e+03   4.6439372e+00
   2.5200000e+03   4.6506546e+00
   2.5300000e+03   4.6529861e+00
   2.5400000e+03   4.6498696e+00
   2.5500000e+03   4.6536449e+00
   2.5600000e+03   4.6657112e+00
   2.5700000e+03   4.6579973e+00
   2.5800000e+03   4.6691990e+00
   2.5900000e+03   4.6700719e+00
   2.6000000e+03   4.6602403e+00
   2.6100000e+03   4.6723120e+00
   2.6200000e+03   4.6837307e+00
   2.6300000e+03   4.6830145e+00
   2.6400000e+03   4.6976719e+00
   2.6500000e+03   4.7053921e+00
   2.6600000e+03   4.6962292e+00
   2.6700000e+03   4.7048008e+00
   2.6800000e+03   4.7184172e+00
   2.6900000e+03   4.7179400e+00
   2.7000000e+03   4.7184388e+00
   2.7100000e+03   4.7227099e+00
   2.7200000e+03   4.7083639e+00
   2.7300000e+03   4.7156622e+00
   2.7400000e+03   4.7239303e+00
   2.7500000e+03   4.7111003e+00
   2.7600000e+03   4.7246505e+00
   2.7700000e+03   4.7300164e+00
   2.7800000e+03   4.7325993e+00
   2.7900000e+03   4.7411178e+00
   2.8000000e+03   4.7513178e+00
   2.8100000e+03   4.7522662e+00
   2.8200000e+03   4.7574027e+00
   2.8300000e+03   4.7588729e+00
   2.8400000e+03   4.7658621e+00
   2.8500000e+03   4.7729974e+00
   2.8600000e+03   4.7662505e+00
   2.8700000e+03   4.7672917e+00
   2.8800000e+03   4.7776183e+00
   2.8900000e+03   4.7796424e+00
   2.9000000e+03   4.7909917e+00
   2.9100000e+03   4.7952127e+00
   2.9200000e+03   4.7843651e+00
   2.9300000e+03   4.7810083e+00
   2.9400000e+03   4.8008976e+00
   2.9500000e+03   4.8101894e+00
   2.9600000e+03   4.7974159e+00
   2.9700000e+03   4.7938610e+00
   2.9800000e+03   4.7806246e+00
   2.9900000e+03   4.7982311e+00
   3.0000000e+03   4.7954134e+00
   3.0100000e+03   4.7955368e+00
   3.0200000e+03   4.7976053e+00
   3.0300000e+03   4.7995027e+00
   3.0400000e+03   4.8124589e+00
   3.0500000e+03   4.8160183e+00
   3.0600000e+03   4.8078267e+00
   3.0700000e+03   4.8152313e+00
   3.0800000e+03   4.8306677e+00
   3.0900000e+03   4.8101442e+00
   3.1000000e+03   4.8230947e+00
   3.1100000e+03   4.8423426e+00
   3.1200000e+03   4.8449598e+00
   3.1300000e+03   4.8372043e+00
   3.1400000e+03   4.8535047e+00
   3.1500000e+03   4.8577047e+00
   3.1600000e+03   4.8640411e+00
   3.1700000e+03   4.8622142e+00
   3.1800000e+03   4.8694937e+00
   3.1900000e+03   4.8513262e+00
   3.2000000e+03   4.8631093e+00
   3.2100000e+03   4.8649153e+00
   3.2200000e+03   4.8549112e+00
   3.2300000e+03   4.8750820e+00
   3.2400000e+03   4.8804820e+00
   3.2500000e+03   4.8663370e+00
   3.2600000e+03   4.8830856e+00
   3.2700000e+03   4.8921058e+00
   3.2800000e+03   4.8890658e+00
   3.2900000e+03   4.8899493e+00
   3.3000000e+03   4.8977762e+00
   3.3100000e+03   4.8932989e+00
   3.3200000e+03   4.8958442e+00
   3.3300000e+03   4.9156722e+00
   3.3400000e+03   4.9310293e+00
   3.3500000e+03   4.9274688e+00
   3.3600000e+03   4.9217918e+00
   3.3700000e+03   4.9270078e+00
   3.3800000e+03   4.9232760e+00
   3.3900000e+03   4.9379607e+00
   3.4000000e+03   4.9456097e+00
   3.4100000e+03   4.9389505e+00
   3.4200000e+03   4.9318362e+00
   3.4300000e+03   4.9433428e+00
   3.4400000e+03   4.9637504e+00
   3.4500000e+03   4.9504780e+00
   3.4600000e+03   4.9566897e+00
   3.4700000e+03   4.9550881e+00
   3.4800000e+03   4.9616825e+00
   3.4900000e+03   4.9744685e+00
