   0.0000000e+00   1.7650721e+01
   1.0000000e+01   1.7658761e+01
   2.0000000e+01   1.8433832e+01
   3.0000000e+01   2.0868768e+01
   4.0000000e+01   2.3215589e+01
   5.0000000e+01   2.5316736e+01
   6.0000000e+01   2.7201334e+01
   7.0000000e+01   2.8866239e+01
   8.0000000e+01   3.0397716e+01
   9.0000000e+01   3.1834051e+01
   1.0000000e+02   3.3308303e+01
   1.1000000e+02   3.4535239e+01
   1.2000000e+02   3.5735175e+01
   1.3000000e+02   3.6838392e+01
   1.4000000e+02   3.7878840e+01
   1.5000000e+02   3.8882254e+01
   1.6000000e+02   3.9828678e+01
   1.7000000e+02   4.0733927e+01
   1.8000000e+02   4.1573059e+01
   1.9000000e+02   4.2472971e+01
   2.0000000e+02   4.3202242e+01
   2.1000000e+02   4.3952137e+01
   2.2000000e+02   4.4642324e+01
   2.3000000e+02   4.5385539e+01
   2.4000000e+02   4.6055520e+01
   2.5000000e+02   4.6722798e+01
   2.6000000e+02   4.7325920e+01
   2.7000000e+02   4.7885980e+01
   2.8000000e+02   4.8524083e+01
   2.9000000e+02   4.9041430e+01
   3.0000000e+02   4.9591388e+01
   3.1000000e+02   5.0109660e+01
   3.2000000e+02   5.0613302e+01
   3.3000000e+02   5.1049661e+01
   3.4000000e+02   5.1541197e+01
   3.5000000e+02   5.2007736e+01
   3.6000000e+02   5.2448360e+01
   3.7000000e+02   5.2866632e+01
   3.8000000e+02   5.3286433e+01
   3.9000000e+02   5.3692840e+01
   4.0000000e+02   5.4064235e+01
   4.1000000e+02   5.4452291e+01
   4.2000000e+02   5.4817115e+01
   4.3000000e+02   5.5189996e+01
   4.4000000e+02   5.5543104e+01
   4.5000000e+02   5.5860790e+01
   4.6000000e+02   5.6189929e+01
   4.7000000e+02   5.6477734e+01
   4.8000000e+02   5.6781395e+01
   4.9000000e+02   5.7094983e+01
   5.0000000e+02   5.7355666e+01
   5.1000000e+02   5.7628818e+01
   5.2000000e+02   5.7927138e+01
   5.3000000e+02   5.8175873e+01
   5.4000000e+02   5.8406421e+01
   5.5000000e+02   5.8685194e+01
   5.6000000e+02   5.8917720e+01
   5.7000000e+02   5.9154864e+01
   5.8000000e+02   5.9361902e+01
   5.9000000e+02   5.9599140e+01
   6.0000000e+02   5.9801529e+01
   6.1000000e+02   6.0027721e+01
   6.2000000e+02   6.0253710e+01
   6.3000000e+02   6.0488314e+01
   6.4000000e+02   6.0731786e+01
   6.5000000e+02   6.0932837e+01
   6.6000000e+02   6.1130650e+01
   6.7000000e+02   6.1384164e+01
   6.8000000e+02   6.1594632e+01
   6.9000000e+02   6.1786375e+01
   7.0000000e+02   6.1943904e+01
   7.1000000e+02   6.2115299e+01
   7.2000000e+02   6.2297149e+01
   7.3000000e+02   6.2526040e+01
   7.4000000e+02   6.2706971e+01
   7.5000000e+02   6.2891255e+01
   7.6000000e+02   6.3009377e+01
   7.7000000e+02   6.3180588e+01
   7.8000000e+02   6.3349691e+01
   7.9000000e+02   6.3501177e+01
   8.0000000e+02   6.3623079e+01
   8.1000000e+02   6.3768584e+01
   8.2000000e+02   6.3935960e+01
   8.3000000e+02   6.4035147e+01
   8.4000000e+02   6.4173118e+01
   8.5000000e+02   6.4310068e+01
   8.6000000e+02   6.4444783e+01
   8.7000000e+02   6.4576873e+01
   8.8000000e+02   6.4698365e+01
   8.9000000e+02   6.4823769e+01
   9.0000000e+02   6.4924306e+01
   9.1000000e+02   6.5068416e+01
   9.2000000e+02   6.5144569e+01
   9.3000000e+02   6.5230692e+01
   9.4000000e+02   6.5355479e+01
   9.5000000e+02   6.5441809e+01
   9.6000000e+02   6.5571337e+01
   9.7000000e+02   6.5685843e+01
   9.8000000e+02   6.5792668e+01
   9.9000000e+02   6.5912288e+01
   1.0000000e+03   6.6020643e+01
   1.0100000e+03   6.6151585e+01
   1.0200000e+03   6.6251460e+01
   1.0300000e+03   6.6350877e+01
   1.0400000e+03   6.6447709e+01
   1.0500000e+03   6.6509609e+01
   1.0600000e+03   6.6587612e+01
   1.0700000e+03   6.6648719e+01
   1.0800000e+03   6.6733824e+01
   1.0900000e+03   6.6840247e+01
   1.1000000e+03   6.6943276e+01
   1.1100000e+03   6.7063745e+01
   1.1200000e+03  -2.4590111e+02
   1.1300000e+03  -2.4590111e+02
   1.1400000e+03  -2.4590111e+02
   1.1500000e+03  -2.4590111e+02
   1.1600000e+03  -2.4590111e+02
   1.1700000e+03  -2.4590111e+02
   1.1800000e+03  -2.4590111e+02
   1.1900000e+03  -2.4590111e+02
   1.2000000e+03  -2.4590111e+02
   1.2100000e+03  -2.4590111e+02
   1.2200000e+03  -2.4590111e+02
   1.2300000e+03  -2.4590111e+02
   1.2400000e+03  -2.4590111e+02
   1.2500000e+03  -2.4590111e+02
   1.2600000e+03  -2.4590111e+02
   1.2700000e+03  -2.4590111e+02
   1.2800000e+03  -2.4590111e+02
   1.2900000e+03  -2.4590111e+02
   1.3000000e+03  -2.4590111e+02
   1.3100000e+03  -2.4590111e+02
   1.3200000e+03  -2.4590111e+02
   1.3300000e+03  -2.4590111e+02
   1.3400000e+03  -2.4590111e+02
   1.3500000e+03  -2.4590111e+02
   1.3600000e+03  -2.4590111e+02
   1.3700000e+03  -2.4590111e+02
   1.3800000e+03  -2.4590111e+02
   1.3900000e+03  -2.4590111e+02
   1.4000000e+03  -2.4590111e+02
   1.4100000e+03  -2.4590111e+02
   1.4200000e+03  -2.4590111e+02
   1.4300000e+03  -2.4590111e+02
   1.4400000e+03  -2.4590111e+02
   1.4500000e+03  -2.4590111e+02
   1.4600000e+03  -2.4590111e+02
   1.4700000e+03  -2.4590111e+02
   1.4800000e+03  -2.4590111e+02
   1.4900000e+03  -2.4590111e+02
   1.5000000e+03  -2.4590111e+02
   1.5100000e+03  -2.4590111e+02
   1.5200000e+03  -2.4590111e+02
   1.5300000e+03  -2.4590111e+02
   1.5400000e+03  -2.4590111e+02
   1.5500000e+03  -2.4590111e+02
   1.5600000e+03  -2.4590111e+02
   1.5700000e+03  -2.4590111e+02
   1.5800000e+03  -2.4590111e+02
   1.5900000e+03  -2.4590111e+02
   1.6000000e+03  -2.4590111e+02
   1.6100000e+03  -2.4590111e+02
   1.6200000e+03  -2.4590111e+02
   1.6300000e+03  -2.4590111e+02
   1.6400000e+03  -2.4590111e+02
   1.6500000e+03  -2.4590111e+02
   1.6600000e+03  -2.4590111e+02
   1.6700000e+03  -2.4590111e+02
   1.6800000e+03  -2.4590111e+02
   1.6900000e+03  -2.4590111e+02
   1.7000000e+03  -2.4590111e+02
   1.7100000e+03  -2.4590111e+02
   1.7200000e+03  -2.4590111e+02
   1.7300000e+03  -2.4590111e+02
   1.7400000e+03  -2.4590111e+02
   1.7500000e+03  -2.4590111e+02
   1.7600000e+03  -2.4590111e+02
   1.7700000e+03  -2.4590111e+02
   1.7800000e+03  -2.4590111e+02
   1.7900000e+03  -2.4590111e+02
   1.8000000e+03  -2.4590111e+02
   1.8100000e+03  -2.4590111e+02
   1.8200000e+03  -2.4590111e+02
   1.8300000e+03  -2.4590111e+02
   1.8400000e+03  -2.4590111e+02
   1.8500000e+03  -2.4590111e+02
   1.8600000e+03  -2.4590111e+02
   1.8700000e+03  -2.4590111e+02
   1.8800000e+03  -2.4590111e+02
   1.8900000e+03  -2.4590111e+02
   1.9000000e+03  -2.4590111e+02
   1.9100000e+03  -2.4590111e+02
   1.9200000e+03  -2.4590111e+02
   1.9300000e+03  -2.4590111e+02
   1.9400000e+03  -2.4590111e+02
   1.9500000e+03  -2.4590111e+02
   1.9600000e+03  -2.4590111e+02
   1.9700000e+03  -2.4590111e+02
   1.9800000e+03  -2.4590111e+02
   1.9900000e+03  -2.4590111e+02
   2.0000000e+03  -2.4590111e+02
   2.0100000e+03  -2.4590111e+02
   2.0200000e+03  -2.4590111e+02
   2.0300000e+03  -2.4590111e+02
   2.0400000e+03  -2.4590111e+02
   2.0500000e+03  -2.4590111e+02
   2.0600000e+03  -2.4590111e+02
   2.0700000e+03  -2.4590111e+02
   2.0800000e+03  -2.4590111e+02
   2.0900000e+03  -2.4590111e+02
   2.1000000e+03  -2.4590111e+02
   2.1100000e+03  -2.4590111e+02
   2.1200000e+03  -2.4590111e+02
   2.1300000e+03  -2.4590111e+02
   2.1400000e+03  -2.4590111e+02
   2.1500000e+03  -2.4590111e+02
   2.1600000e+03  -2.4590111e+02
   2.1700000e+03  -2.4590111e+02
   2.1800000e+03  -2.4590111e+02
   2.1900000e+03  -2.4590111e+02
   2.2000000e+03  -2.4590111e+02
   2.2100000e+03  -2.4590111e+02
   2.2200000e+03  -2.4590111e+02
   2.2300000e+03  -2.4590111e+02
   2.2400000e+03  -2.4590111e+02
   2.2500000e+03  -2.4590111e+02
   2.2600000e+03  -2.4590111e+02
   2.2700000e+03  -2.4590111e+02
   2.2800000e+03  -2.4590111e+02
   2.2900000e+03  -2.4590111e+02
   2.3000000e+03  -2.4590111e+02
   2.3100000e+03  -2.4590111e+02
   2.3200000e+03  -2.4590111e+02
   2.3300000e+03  -2.4590111e+02
   2.3400000e+03  -2.4590111e+02
   2.3500000e+03  -2.4590111e+02
   2.3600000e+03  -2.4590111e+02
   2.3700000e+03  -2.4590111e+02
   2.3800000e+03  -2.4590111e+02
   2.3900000e+03  -2.4590111e+02
   2.4000000e+03  -2.4590111e+02
   2.4100000e+03  -2.4590111e+02
   2.4200000e+03  -2.4590111e+02
   2.4300000e+03  -2.4590111e+02
   2.4400000e+03  -2.4590111e+02
   2.4500000e+03  -2.4590111e+02
   2.4600000e+03  -2.4590111e+02
   2.4700000e+03  -2.4590111e+02
   2.4800000e+03  -2.4590111e+02
   2.4900000e+03  -2.4590111e+02
   2.5000000e+03  -2.4590111e+02
   2.5100000e+03  -2.4590111e+02
   2.5200000e+03  -2.4590111e+02
   2.5300000e+03  -2.4590111e+02
   2.5400000e+03  -2.4590111e+02
   2.5500000e+03  -2.4590111e+02
   2.5600000e+03  -2.4590111e+02
   2.5700000e+03  -2.4590111e+02
   2.5800000e+03  -2.4590111e+02
   2.5900000e+03  -2.4590111e+02
   2.6000000e+03  -2.4590111e+02
   2.6100000e+03  -2.4590111e+02
   2.6200000e+03  -2.4590111e+02
   2.6300000e+03  -2.4590111e+02
   2.6400000e+03  -2.4590111e+02
   2.6500000e+03  -2.4590111e+02
   2.6600000e+03  -2.4590111e+02
   2.6700000e+03  -2.4590111e+02
   2.6800000e+03  -2.4590111e+02
   2.6900000e+03  -2.4590111e+02
   2.7000000e+03  -2.4590111e+02
   2.7100000e+03  -2.4590111e+02
   2.7200000e+03  -2.4590111e+02
   2.7300000e+03  -2.4590111e+02
   2.7400000e+03  -2.4590111e+02
   2.7500000e+03  -2.4590111e+02
   2.7600000e+03  -2.4590111e+02
   2.7700000e+03  -2.4590111e+02
   2.7800000e+03  -2.4590111e+02
   2.7900000e+03  -2.4590111e+02
   2.8000000e+03  -2.4590111e+02
   2.8100000e+03  -2.4590111e+02
   2.8200000e+03  -2.4590111e+02
   2.8300000e+03  -2.4590111e+02
   2.8400000e+03  -2.4590111e+02
   2.8500000e+03  -2.4590111e+02
   2.8600000e+03  -2.4590111e+02
   2.8700000e+03  -2.4590111e+02
   2.8800000e+03  -2.4590111e+02
   2.8900000e+03  -2.4590111e+02
   2.9000000e+03  -2.4590111e+02
   2.9100000e+03  -2.4590111e+02
   2.9200000e+03  -2.4590111e+02
   2.9300000e+03  -2.4590111e+02
   2.9400000e+03  -2.4590111e+02
   2.9500000e+03  -2.4590111e+02
   2.9600000e+03  -2.4590111e+02
   2.9700000e+03  -2.4590111e+02
   2.9800000e+03  -2.4590111e+02
   2.9900000e+03  -2.4590111e+02
   3.0000000e+03  -2.4590111e+02
   3.0100000e+03  -2.4590111e+02
   3.0200000e+03  -2.4590111e+02
   3.0300000e+03  -2.4590111e+02
   3.0400000e+03  -2.4590111e+02
   3.0500000e+03  -2.4590111e+02
   3.0600000e+03  -2.4590111e+02
   3.0700000e+03  -2.4590111e+02
   3.0800000e+03  -2.4590111e+02
   3.0900000e+03  -2.4590111e+02
   3.1000000e+03  -2.4590111e+02
   3.1100000e+03  -2.4590111e+02
   3.1200000e+03  -2.4590111e+02
   3.1300000e+03  -2.4590111e+02
   3.1400000e+03  -2.4590111e+02
   3.1500000e+03  -2.4590111e+02
   3.1600000e+03  -2.4590111e+02
   3.1700000e+03  -2.4590111e+02
   3.1800000e+03  -2.4590111e+02
   3.1900000e+03  -2.4590111e+02
   3.2000000e+03  -2.4590111e+02
   3.2100000e+03  -2.4590111e+02
   3.2200000e+03  -2.4590111e+02
   3.2300000e+03  -2.4590111e+02
   3.2400000e+03  -2.4590111e+02
   3.2500000e+03  -2.4590111e+02
   3.2600000e+03  -2.4590111e+02
   3.2700000e+03  -2.4590111e+02
   3.2800000e+03  -2.4590111e+02
   3.2900000e+03  -2.4590111e+02
   3.3000000e+03  -2.4590111e+02
   3.3100000e+03  -2.4590111e+02
   3.3200000e+03  -2.4590111e+02
   3.3300000e+03  -2.4590111e+02
   3.3400000e+03  -2.4590111e+02
   3.3500000e+03  -2.4590111e+02
   3.3600000e+03  -2.4590111e+02
   3.3700000e+03  -2.4590111e+02
   3.3800000e+03  -2.4590111e+02
   3.3900000e+03  -2.4590111e+02
   3.4000000e+03  -2.4590111e+02
   3.4100000e+03  -2.4590111e+02
   3.4200000e+03  -2.4590111e+02
   3.4300000e+03  -2.4590111e+02
   3.4400000e+03  -2.4590111e+02
   3.4500000e+03  -2.4590111e+02
   3.4600000e+03  -2.4590111e+02
   3.4700000e+03  -2.4590111e+02
   3.4800000e+03  -2.4590111e+02
   3.4900000e+03  -2.4590111e+02
