   0.0000000e+00  -2.4803114e-03
   1.0000000e+01   8.9494303e-04
   2.0000000e+01  -7.2546041e-03
   3.0000000e+01  -4.6661357e-03
   4.0000000e+01   9.6265770e-03
   5.0000000e+01  -2.2970173e-03
   6.0000000e+01  -4.5617058e-04
   7.0000000e+01   7.0371079e-03
   8.0000000e+01   6.8305428e-03
   9.0000000e+01   9.1345629e-03
   1.0000000e+02  -2.1524747e-02
   1.1000000e+02  -3.2796589e-03
   1.2000000e+02  -4.4133224e-03
   1.3000000e+02  -1.1830416e-02
   1.4000000e+02  -5.3922679e-03
   1.5000000e+02   4.7022595e-03
   1.6000000e+02  -7.5174384e-05
   1.7000000e+02   9.0922693e-03
   1.8000000e+02  -9.3867225e-04
   1.9000000e+02   4.2501508e-03
   2.0000000e+02   1.1975639e-02
   2.1000000e+02   1.4254621e-02
   2.2000000e+02   2.2392222e-02
   2.3000000e+02   3.5164948e-02
   2.4000000e+02   6.0864775e-02
   2.5000000e+02   8.1426917e-02
   2.6000000e+02   8.6577074e-02
   2.7000000e+02   1.2762279e-01
   2.8000000e+02   1.4237730e-01
   2.9000000e+02   1.6716077e-01
   3.0000000e+02   1.8317637e-01
   3.1000000e+02   2.1903079e-01
   3.2000000e+02   2.5720124e-01
   3.3000000e+02   2.9988901e-01
   3.4000000e+02   3.1744758e-01
   3.5000000e+02   3.5714681e-01
   3.6000000e+02   3.9853115e-01
   3.7000000e+02   4.5568154e-01
   3.8000000e+02   5.0626521e-01
   3.9000000e+02   5.5624173e-01
   4.0000000e+02   6.2153097e-01
   4.1000000e+02   6.6917319e-01
   4.2000000e+02   7.5148080e-01
   4.3000000e+02   8.1211381e-01
   4.4000000e+02   8.7862373e-01
   4.5000000e+02   9.5236056e-01
   4.6000000e+02   1.0229279e+00
   4.7000000e+02   1.0811284e+00
   4.8000000e+02   1.1420019e+00
   4.9000000e+02   1.2195558e+00
   5.0000000e+02   1.2925643e+00
   5.1000000e+02   1.3631374e+00
   5.2000000e+02   1.4275847e+00
   5.3000000e+02   1.5214005e+00
   5.4000000e+02   1.6139359e+00
   5.5000000e+02   1.7200158e+00
   5.6000000e+02   1.8079197e+00
   5.7000000e+02   1.8874866e+00
   5.8000000e+02   1.9954949e+00
   5.9000000e+02   2.0781847e+00
   6.0000000e+02   2.1726027e+00
   6.1000000e+02   2.2865338e+00
   6.2000000e+02   2.3930518e+00
   6.3000000e+02   2.4724612e+00
   6.4000000e+02   2.5780626e+00
   6.5000000e+02   2.6795045e+00
   6.6000000e+02   2.7849582e+00
   6.7000000e+02   2.8729720e+00
   6.8000000e+02   2.9657955e+00
   6.9000000e+02   3.0722116e+00
   7.0000000e+02   3.1654300e+00
   7.1000000e+02   3.2715578e+00
   7.2000000e+02   3.3533591e+00
   7.3000000e+02   3.4800359e+00
   7.4000000e+02   3.5767518e+00
   7.5000000e+02   3.6947275e+00
   7.6000000e+02   3.7928116e+00
   7.7000000e+02   3.9001913e+00
   7.8000000e+02   4.0077274e+00
   7.9000000e+02   4.1101081e+00
   8.0000000e+02   4.2255263e+00
   8.1000000e+02   4.3343265e+00
   8.2000000e+02   4.4610341e+00
   8.3000000e+02   4.5819167e+00
   8.4000000e+02   4.6851145e+00
   8.5000000e+02   4.7940599e+00
   8.6000000e+02   4.9073793e+00
   8.7000000e+02   5.0248402e+00
   8.8000000e+02   5.1177800e+00
   8.9000000e+02   5.2344360e+00
   9.0000000e+02   5.3521954e+00
   9.1000000e+02   5.4635734e+00
   9.2000000e+02   5.5698151e+00
   9.3000000e+02   5.6859376e+00
   9.4000000e+02   5.8003055e+00
   9.5000000e+02   5.9086151e+00
   9.6000000e+02   6.0417488e+00
   9.7000000e+02   6.1443866e+00
   9.8000000e+02   6.2504840e+00
   9.9000000e+02   6.3486071e+00
   1.0000000e+03   6.4640956e+00
   1.0100000e+03   6.5874197e+00
   1.0200000e+03   6.7142377e+00
   1.0300000e+03   6.8307116e+00
   1.0400000e+03   6.9471340e+00
   1.0500000e+03   7.0620964e+00
   1.0600000e+03   7.1703034e+00
   1.0700000e+03   7.2872630e+00
   1.0800000e+03   7.3990547e+00
   1.0900000e+03   7.5268347e+00
   1.1000000e+03   7.6328456e+00
   1.1100000e+03   7.7682562e+00
   1.1200000e+03   7.8606379e+00
   1.1300000e+03   7.9866227e+00
   1.1400000e+03   8.0932140e+00
   1.1500000e+03   8.2107232e+00
   1.1600000e+03   8.3214708e+00
   1.1700000e+03   8.4428518e+00
   1.1800000e+03   8.5686400e+00
   1.1900000e+03   8.6588065e+00
   1.2000000e+03   8.7724838e+00
   1.2100000e+03   8.8826370e+00
   1.2200000e+03   9.0039420e+00
   1.2300000e+03   9.1142631e+00
   1.2400000e+03   9.2398810e+00
   1.2500000e+03   9.3319678e+00
   1.2600000e+03   9.4428654e+00
   1.2700000e+03   9.5470759e+00
   1.2800000e+03   9.6645129e+00
   1.2900000e+03   9.7635083e+00
   1.3000000e+03   9.8739804e+00
   1.3100000e+03   9.9777800e+00
   1.3200000e+03   1.0083332e+01
   1.3300000e+03   1.0196118e+01
   1.3400000e+03   1.0296850e+01
   1.3500000e+03   1.0407903e+01
   1.3600000e+03   1.0518319e+01
   1.3700000e+03   1.0622934e+01
   1.3800000e+03   1.0713231e+01
   1.3900000e+03   1.0820403e+01
   1.4000000e+03   1.0913758e+01
   1.4100000e+03   1.1017405e+01
   1.4200000e+03   1.1117587e+01
   1.4300000e+03   1.1203650e+01
   1.4400000e+03   1.1295900e+01
   1.4500000e+03   1.1419186e+01
   1.4600000e+03   1.1524899e+01
   1.4700000e+03   1.1609833e+01
   1.4800000e+03   1.1712545e+01
   1.4900000e+03   1.1800879e+01
   1.5000000e+03   1.1906106e+01
   1.5100000e+03   1.1992104e+01
   1.5200000e+03   1.2074096e+01
   1.5300000e+03   1.2162360e+01
   1.5400000e+03   1.2245970e+01
   1.5500000e+03   1.2328226e+01
   1.5600000e+03   1.2426554e+01
   1.5700000e+03   1.2522939e+01
   1.5800000e+03   1.2599776e+01
   1.5900000e+03   1.2693002e+01
   1.6000000e+03   1.2774941e+01
   1.6100000e+03   1.2851735e+01
   1.6200000e+03   1.2929513e+01
   1.6300000e+03   1.3023026e+01
   1.6400000e+03   1.3112917e+01
   1.6500000e+03   1.3204681e+01
   1.6600000e+03   1.3295877e+01
   1.6700000e+03   1.3370377e+01
   1.6800000e+03   1.3452146e+01
   1.6900000e+03   1.3523124e+01
   1.7000000e+03   1.3604766e+01
   1.7100000e+03   1.3679028e+01
   1.7200000e+03   1.3771059e+01
   1.7300000e+03   1.3855137e+01
   1.7400000e+03   1.3926505e+01
   1.7500000e+03   1.4010912e+01
   1.7600000e+03   1.4074045e+01
   1.7700000e+03   1.4153801e+01
   1.7800000e+03   1.4211920e+01
   1.7900000e+03   1.4288539e+01
   1.8000000e+03   1.4349473e+01
   1.8100000e+03   1.4416832e+01
   1.8200000e+03   1.4485091e+01
   1.8300000e+03   1.4565506e+01
   1.8400000e+03   1.4616681e+01
   1.8500000e+03   1.4687647e+01
   1.8600000e+03   1.4745449e+01
   1.8700000e+03   1.4813829e+01
   1.8800000e+03   1.4879957e+01
   1.8900000e+03   1.4936175e+01
   1.9000000e+03   1.5004150e+01
   1.9100000e+03   1.5075283e+01
   1.9200000e+03   1.5137357e+01
   1.9300000e+03   1.5211782e+01
   1.9400000e+03   1.5289324e+01
   1.9500000e+03   1.5344819e+01
   1.9600000e+03   1.5408068e+01
   1.9700000e+03   1.5455711e+01
   1.9800000e+03   1.5518737e+01
   1.9900000e+03   1.5584908e+01
   2.0000000e+03   1.5651022e+01
   2.0100000e+03   1.5714288e+01
   2.0200000e+03   1.5760925e+01
   2.0300000e+03   1.5836380e+01
   2.0400000e+03   1.5873940e+01
   2.0500000e+03   1.5931422e+01
   2.0600000e+03   1.5986275e+01
   2.0700000e+03   1.6049031e+01
   2.0800000e+03   1.6099339e+01
   2.0900000e+03   1.6159070e+01
   2.1000000e+03   1.6202002e+01
   2.1100000e+03   1.6262690e+01
   2.1200000e+03   1.6304894e+01
   2.1300000e+03   1.6352084e+01
   2.1400000e+03   1.6386080e+01
   2.1500000e+03   1.6441347e+01
   2.1600000e+03   1.6487556e+01
   2.1700000e+03   1.6541186e+01
   2.1800000e+03   1.6613414e+01
   2.1900000e+03   1.6661276e+01
   2.2000000e+03   1.6713294e+01
   2.2100000e+03   1.6752996e+01
   2.2200000e+03   1.6777685e+01
   2.2300000e+03   1.6826794e+01
   2.2400000e+03   1.6885219e+01
   2.2500000e+03   1.6926440e+01
   2.2600000e+03   1.6977937e+01
   2.2700000e+03   1.7018798e+01
   2.2800000e+03   1.7080659e+01
   2.2900000e+03   1.7139409e+01
   2.3000000e+03   1.7176252e+01
   2.3100000e+03   1.7216580e+01
   2.3200000e+03   1.7247033e+01
   2.3300000e+03   1.7283736e+01
   2.3400000e+03   1.7317386e+01
   2.3500000e+03   1.7357793e+01
   2.3600000e+03   1.7408410e+01
   2.3700000e+03   1.7468525e+01
   2.3800000e+03   1.7503171e+01
   2.3900000e+03   1.7560565e+01
   2.4000000e+03   1.7598937e+01
   2.4100000e+03   1.7639626e+01
   2.4200000e+03   1.7658994e+01
   2.4300000e+03   1.7686076e+01
   2.4400000e+03   1.7719305e+01
   2.4500000e+03   1.7752078e+01
   2.4600000e+03   1.7783876e+01
   2.4700000e+03   1.7820639e+01
   2.4800000e+03   1.7852095e+01
   2.4900000e+03   1.7877166e+01
   2.5000000e+03   1.7913561e+01
   2.5100000e+03   1.7947499e+01
   2.5200000e+03   1.7989211e+01
   2.5300000e+03   1.8027503e+01
   2.5400000e+03   1.8068843e+01
   2.5500000e+03   1.8103113e+01
   2.5600000e+03   1.8136140e+01
   2.5700000e+03   1.8173637e+01
   2.5800000e+03   1.8201432e+01
   2.5900000e+03   1.8227138e+01
   2.6000000e+03   1.8255235e+01
   2.6100000e+03   1.8287042e+01
   2.6200000e+03   1.8316975e+01
   2.6300000e+03   1.8367366e+01
   2.6400000e+03   1.8396369e+01
   2.6500000e+03   1.8429815e+01
   2.6600000e+03   1.8463573e+01
   2.6700000e+03   1.8498470e+01
   2.6800000e+03   1.8513516e+01
   2.6900000e+03   1.8542728e+01
   2.7000000e+03   1.8566864e+01
   2.7100000e+03   1.8589632e+01
   2.7200000e+03   1.8620957e+01
   2.7300000e+03   1.8640688e+01
   2.7400000e+03   1.8673926e+01
   2.7500000e+03   1.8702592e+01
   2.7600000e+03   1.8722967e+01
   2.7700000e+03   1.8741382e+01
   2.7800000e+03   1.8773564e+01
   2.7900000e+03   1.8807317e+01
   2.8000000e+03   1.8826411e+01
   2.8100000e+03   1.8848809e+01
   2.8200000e+03   1.8865675e+01
   2.8300000e+03   1.8890199e+01
   2.8400000e+03   1.8900183e+01
   2.8500000e+03   1.8911952e+01
   2.8600000e+03   1.8925152e+01
   2.8700000e+03   1.8941796e+01
   2.8800000e+03   1.8979854e+01
   2.8900000e+03   1.8985896e+01
   2.9000000e+03   1.9024241e+01
   2.9100000e+03   1.9044266e+01
   2.9200000e+03   1.9077446e+01
   2.9300000e+03   1.9099239e+01
   2.9400000e+03   1.9127569e+01
   2.9500000e+03   1.9152166e+01
   2.9600000e+03   1.9176658e+01
   2.9700000e+03   1.9203451e+01
   2.9800000e+03   1.9203511e+01
   2.9900000e+03   1.9237830e+01
   3.0000000e+03   1.9248378e+01
   3.0100000e+03   1.9272210e+01
   3.0200000e+03   1.9283808e+01
   3.0300000e+03   1.9307563e+01
   3.0400000e+03   1.9323628e+01
   3.0500000e+03   1.9337467e+01
   3.0600000e+03   1.9349371e+01
   3.0700000e+03   1.9379767e+01
   3.0800000e+03   1.9400055e+01
   3.0900000e+03   1.9428995e+01
   3.1000000e+03   1.9431916e+01
   3.1100000e+03   1.9460273e+01
   3.1200000e+03   1.9456895e+01
   3.1300000e+03   1.9480598e+01
   3.1400000e+03   1.9500999e+01
   3.1500000e+03   1.9525359e+01
   3.1600000e+03   1.9529926e+01
   3.1700000e+03   1.9541880e+01
   3.1800000e+03   1.9569782e+01
   3.1900000e+03   1.9591992e+01
   3.2000000e+03   1.9615490e+01
   3.2100000e+03   1.9619840e+01
   3.2200000e+03   1.9636712e+01
   3.2300000e+03   1.9655251e+01
   3.2400000e+03   1.9658691e+01
   3.2500000e+03   1.9688222e+01
   3.2600000e+03   1.9698643e+01
   3.2700000e+03   1.9723328e+01
   3.2800000e+03   1.9734469e+01
   3.2900000e+03   1.9747999e+01
   3.3000000e+03   1.9755191e+01
   3.3100000e+03   1.9763281e+01
   3.3200000e+03   1.9787610e+01
   3.3300000e+03   1.9803251e+01
   3.3400000e+03   1.9821977e+01
   3.3500000e+03   1.9850843e+01
   3.3600000e+03   1.9849651e+01
   3.3700000e+03   1.9847322e+01
   3.3800000e+03   1.9858563e+01
   3.3900000e+03   1.9865897e+01
   3.4000000e+03   1.9889507e+01
   3.4100000e+03   1.9897413e+01
   3.4200000e+03   1.9906317e+01
   3.4300000e+03   1.9923528e+01
   3.4400000e+03   1.9933846e+01
   3.4500000e+03   1.9962068e+01
   3.4600000e+03   1.9969376e+01
   3.4700000e+03   1.9983107e+01
   3.4800000e+03   2.0009213e+01
   3.4900000e+03   2.0006547e+01
