   0.0000000e+00   1.8869770e+01
   1.0000000e+01   1.8844788e+01
   2.0000000e+01   1.9268168e+01
   3.0000000e+01   2.0548438e+01
   4.0000000e+01   2.1789213e+01
   5.0000000e+01   2.3007779e+01
   6.0000000e+01   2.4332452e+01
   7.0000000e+01   2.5528842e+01
   8.0000000e+01   2.6597867e+01
   9.0000000e+01   2.7605883e+01
   1.0000000e+02   2.8669622e+01
   1.1000000e+02   2.9567436e+01
   1.2000000e+02   3.0421376e+01
   1.3000000e+02   3.1242460e+01
   1.4000000e+02   3.2024346e+01
   1.5000000e+02   3.2722146e+01
   1.6000000e+02   3.3391553e+01
   1.7000000e+02   3.4089303e+01
   1.8000000e+02   3.4742210e+01
   1.9000000e+02   3.5476031e+01
   2.0000000e+02   3.6086415e+01
   2.1000000e+02   3.6676101e+01
   2.2000000e+02   3.7252075e+01
   2.3000000e+02   3.7820791e+01
   2.4000000e+02   3.8373227e+01
   2.5000000e+02   3.8880485e+01
   2.6000000e+02   3.9375522e+01
   2.7000000e+02   3.9829826e+01
   2.8000000e+02   4.0341661e+01
   2.9000000e+02   4.0786610e+01
   3.0000000e+02   4.1203542e+01
   3.1000000e+02   4.1591166e+01
   3.2000000e+02   4.2008419e+01
   3.3000000e+02   4.2434301e+01
   3.4000000e+02   4.2792996e+01
   3.5000000e+02   4.3128895e+01
   3.6000000e+02   4.3503302e+01
   3.7000000e+02   4.3901244e+01
   3.8000000e+02   4.4249421e+01
   3.9000000e+02   4.4570421e+01
   4.0000000e+02   4.4903770e+01
   4.1000000e+02   4.5198963e+01
   4.2000000e+02   4.5505152e+01
   4.3000000e+02   4.5785783e+01
   4.4000000e+02   4.6071571e+01
   4.5000000e+02   4.6358338e+01
   4.6000000e+02   4.6660198e+01
   4.7000000e+02   4.6869981e+01
   4.8000000e+02   4.7106013e+01
   4.9000000e+02   4.7366961e+01
   5.0000000e+02   4.7613689e+01
   5.1000000e+02   4.7849291e+01
   5.2000000e+02   4.8021011e+01
   5.3000000e+02   4.8267037e+01
   5.4000000e+02   4.8466503e+01
   5.5000000e+02   4.8752645e+01
   5.6000000e+02   4.8916032e+01
   5.7000000e+02   4.9074507e+01
   5.8000000e+02   4.9329120e+01
   5.9000000e+02   4.9498694e+01
   6.0000000e+02   4.9675582e+01
   6.1000000e+02   4.9896809e+01
   6.2000000e+02   5.0092302e+01
   6.3000000e+02   5.0262219e+01
   6.4000000e+02   5.0443484e+01
   6.5000000e+02   5.0562987e+01
   6.6000000e+02   5.0813906e+01
   6.7000000e+02   5.1022588e+01
   6.8000000e+02   5.1115215e+01
   6.9000000e+02   5.1224012e+01
   7.0000000e+02   5.1378731e+01
   7.1000000e+02   5.1534448e+01
   7.2000000e+02   5.1728934e+01
   7.3000000e+02   5.1838459e+01
   7.4000000e+02   5.2047424e+01
   7.5000000e+02   5.2139232e+01
   7.6000000e+02   5.2296911e+01
   7.7000000e+02   5.2434761e+01
   7.8000000e+02   5.2607253e+01
   7.9000000e+02   5.2741032e+01
   8.0000000e+02   5.2799373e+01
   8.1000000e+02   5.2912430e+01
   8.2000000e+02   5.3033442e+01
   8.3000000e+02   5.3171309e+01
   8.4000000e+02   5.3233019e+01
   8.5000000e+02   5.3409200e+01
   8.6000000e+02   5.3484332e+01
   8.7000000e+02   5.3543385e+01
   8.8000000e+02   5.3665071e+01
   8.9000000e+02   5.3737486e+01
   9.0000000e+02   5.3858936e+01
   9.1000000e+02   5.3874386e+01
   9.2000000e+02   5.3981209e+01
   9.3000000e+02   5.4066098e+01
   9.4000000e+02   5.4171546e+01
   9.5000000e+02   5.4232288e+01
   9.6000000e+02   5.4384348e+01
   9.7000000e+02   5.4422185e+01
   9.8000000e+02   5.4522459e+01
   9.9000000e+02   5.4592805e+01
   1.0000000e+03   5.4653648e+01
   1.0100000e+03   5.4786536e+01
   1.0200000e+03   5.4832496e+01
   1.0300000e+03   5.4902466e+01
   1.0400000e+03   5.4985744e+01
   1.0500000e+03   5.5033264e+01
   1.0600000e+03   5.5116976e+01
   1.0700000e+03   5.5179103e+01
   1.0800000e+03   5.5220277e+01
   1.0900000e+03   5.5284092e+01
   1.1000000e+03   5.5346799e+01
   1.1100000e+03   5.5462338e+01
   1.1200000e+03   5.5465512e+01
   1.1300000e+03   5.5595558e+01
   1.1400000e+03   5.5602720e+01
   1.1500000e+03   5.5657822e+01
   1.1600000e+03   5.5705028e+01
   1.1700000e+03   5.5840899e+01
   1.1800000e+03   5.5914034e+01
   1.1900000e+03   5.5988180e+01
   1.2000000e+03   5.6021957e+01
   1.2100000e+03   5.6083380e+01
   1.2200000e+03   5.6161841e+01
   1.2300000e+03   5.6207872e+01
   1.2400000e+03   5.6267333e+01
   1.2500000e+03   5.6362614e+01
   1.2600000e+03   5.6422079e+01
   1.2700000e+03   5.6406267e+01
   1.2800000e+03   5.6423655e+01
   1.2900000e+03   5.6512171e+01
   1.3000000e+03   5.6476397e+01
   1.3100000e+03   5.6567288e+01
   1.3200000e+03   5.6559071e+01
   1.3300000e+03   5.6668048e+01
   1.3400000e+03   5.6649901e+01
   1.3500000e+03   5.6725158e+01
   1.3600000e+03   5.6801073e+01
   1.3700000e+03   5.6805666e+01
   1.3800000e+03   5.6851895e+01
   1.3900000e+03   5.6911694e+01
   1.4000000e+03   5.6933854e+01
   1.4100000e+03   5.6960420e+01
   1.4200000e+03   5.6950348e+01
   1.4300000e+03   5.6989961e+01
   1.4400000e+03   5.7035672e+01
   1.4500000e+03   5.7071497e+01
   1.4600000e+03   5.7142834e+01
   1.4700000e+03   5.7176899e+01
   1.4800000e+03   5.7242077e+01
   1.4900000e+03   5.7262481e+01
   1.5000000e+03   5.7263711e+01
   1.5100000e+03   5.7312099e+01
   1.5200000e+03   5.7280122e+01
   1.5300000e+03   5.7395969e+01
   1.5400000e+03   5.7481494e+01
   1.5500000e+03   5.7502723e+01
   1.5600000e+03   5.7511575e+01
   1.5700000e+03   5.7502576e+01
   1.5800000e+03   5.7594139e+01
   1.5900000e+03   5.7563891e+01
   1.6000000e+03   5.7626690e+01
   1.6100000e+03   5.7703458e+01
   1.6200000e+03   5.7736085e+01
   1.6300000e+03   5.7707319e+01
   1.6400000e+03   5.7725779e+01
   1.6500000e+03   5.7787045e+01
   1.6600000e+03   5.7747621e+01
   1.6700000e+03   5.7825168e+01
   1.6800000e+03   5.7797899e+01
   1.6900000e+03   5.7874668e+01
   1.7000000e+03   5.7797929e+01
   1.7100000e+03   5.7774200e+01
   1.7200000e+03   5.7790835e+01
   1.7300000e+03   5.7922860e+01
   1.7400000e+03   5.7917929e+01
   1.7500000e+03   5.7899020e+01
   1.7600000e+03   5.7955615e+01
   1.7700000e+03   5.8022552e+01
   1.7800000e+03   5.7993964e+01
   1.7900000e+03   5.8022120e+01
   1.8000000e+03   5.8117211e+01
   1.8100000e+03   5.8120783e+01
   1.8200000e+03   5.8183251e+01
   1.8300000e+03   5.8149499e+01
   1.8400000e+03   5.8187883e+01
   1.8500000e+03   5.8219374e+01
   1.8600000e+03   5.8207403e+01
   1.8700000e+03   5.8249728e+01
   1.8800000e+03   5.8173078e+01
   1.8900000e+03   5.8142879e+01
   1.9000000e+03   5.8117340e+01
   1.9100000e+03   5.8237269e+01
   1.9200000e+03   5.8242714e+01
   1.9300000e+03   5.8319818e+01
   1.9400000e+03   5.8277636e+01
   1.9500000e+03   5.8292896e+01
   1.9600000e+03   5.8315742e+01
   1.9700000e+03   5.8384545e+01
   1.9800000e+03   5.8391366e+01
   1.9900000e+03   5.8413858e+01
   2.0000000e+03   5.8410961e+01
   2.0100000e+03   5.8486977e+01
   2.0200000e+03   5.8573563e+01
   2.0300000e+03   5.8539986e+01
   2.0400000e+03   5.8494833e+01
   2.0500000e+03   5.8532144e+01
   2.0600000e+03   5.8583235e+01
   2.0700000e+03   5.8575827e+01
   2.0800000e+03   5.8602356e+01
   2.0900000e+03   5.8627225e+01
   2.1000000e+03   5.8650041e+01
   2.1100000e+03   5.8717492e+01
   2.1200000e+03   5.8752774e+01
   2.1300000e+03   5.8780468e+01
   2.1400000e+03   5.8866687e+01
   2.1500000e+03   5.8785814e+01
   2.1600000e+03   5.8818369e+01
   2.1700000e+03   5.8871747e+01
   2.1800000e+03   5.8825558e+01
   2.1900000e+03   5.8893308e+01
   2.2000000e+03   5.8928644e+01
   2.2100000e+03   5.8898561e+01
   2.2200000e+03   5.8884273e+01
   2.2300000e+03   5.8859070e+01
   2.2400000e+03   5.8826849e+01
   2.2500000e+03   5.8936736e+01
   2.2600000e+03   5.9046341e+01
   2.2700000e+03   5.9085865e+01
   2.2800000e+03   5.9125368e+01
   2.2900000e+03   5.9164064e+01
   2.3000000e+03   5.9197784e+01
   2.3100000e+03   5.9207170e+01
   2.3200000e+03   5.9199998e+01
   2.3300000e+03   5.9265792e+01
   2.3400000e+03   5.9287206e+01
   2.3500000e+03   5.9295144e+01
   2.3600000e+03   5.9275238e+01
   2.3700000e+03   5.9373589e+01
   2.3800000e+03   5.9397043e+01
   2.3900000e+03   5.9356939e+01
   2.4000000e+03   5.9401196e+01
   2.4100000e+03   5.9504585e+01
   2.4200000e+03   5.9535791e+01
   2.4300000e+03   5.9485908e+01
   2.4400000e+03   5.9431930e+01
   2.4500000e+03   5.9482661e+01
   2.4600000e+03   5.9448492e+01
   2.4700000e+03   5.9511814e+01
   2.4800000e+03   5.9563224e+01
   2.4900000e+03   5.9647059e+01
   2.5000000e+03   5.9676387e+01
   2.5100000e+03   5.9736227e+01
   2.5200000e+03   5.9710921e+01
   2.5300000e+03   5.9718505e+01
   2.5400000e+03   5.9689455e+01
   2.5500000e+03   5.9735755e+01
   2.5600000e+03   5.9799109e+01
   2.5700000e+03   5.9833205e+01
   2.5800000e+03   5.9819541e+01
   2.5900000e+03   5.9714001e+01
   2.6000000e+03   5.9825855e+01
   2.6100000e+03   5.9787591e+01
   2.6200000e+03   5.9864565e+01
   2.6300000e+03   5.9867672e+01
   2.6400000e+03   5.9939244e+01
   2.6500000e+03   5.9914141e+01
   2.6600000e+03   5.9963409e+01
   2.6700000e+03   5.9994548e+01
   2.6800000e+03   5.9972604e+01
   2.6900000e+03   5.9982981e+01
   2.7000000e+03   6.0062509e+01
   2.7100000e+03   6.0069969e+01
   2.7200000e+03   6.0044121e+01
   2.7300000e+03   6.0063328e+01
   2.7400000e+03   6.0073746e+01
   2.7500000e+03   6.0099429e+01
   2.7600000e+03   6.0098657e+01
   2.7700000e+03   6.0132922e+01
   2.7800000e+03   6.0169482e+01
   2.7900000e+03   6.0189273e+01
   2.8000000e+03   6.0268398e+01
   2.8100000e+03   6.0285511e+01
   2.8200000e+03   6.0255867e+01
   2.8300000e+03   6.0267537e+01
   2.8400000e+03   6.0234510e+01
   2.8500000e+03   6.0280586e+01
   2.8600000e+03   6.0265266e+01
   2.8700000e+03   6.0296321e+01
   2.8800000e+03   6.0330751e+01
   2.8900000e+03   6.0291870e+01
   2.9000000e+03   6.0280553e+01
   2.9100000e+03   6.0375926e+01
   2.9200000e+03   6.0426285e+01
   2.9300000e+03   6.0443497e+01
   2.9400000e+03   6.0428731e+01
   2.9500000e+03   6.0408319e+01
   2.9600000e+03   6.0393120e+01
   2.9700000e+03   6.0365417e+01
   2.9800000e+03   6.0301558e+01
   2.9900000e+03   6.0371772e+01
   3.0000000e+03   6.0369056e+01
   3.0100000e+03   6.0378303e+01
   3.0200000e+03   6.0414514e+01
   3.0300000e+03   6.0451198e+01
   3.0400000e+03   6.0453285e+01
   3.0500000e+03   6.0520737e+01
   3.0600000e+03   6.0506255e+01
   3.0700000e+03   6.0478150e+01
   3.0800000e+03   6.0532681e+01
   3.0900000e+03   6.0481566e+01
   3.1000000e+03   6.0481993e+01
   3.1100000e+03   6.0609132e+01
   3.1200000e+03   6.0641366e+01
   3.1300000e+03   6.0640090e+01
   3.1400000e+03   6.0524579e+01
   3.1500000e+03   6.0481744e+01
   3.1600000e+03   6.0530937e+01
   3.1700000e+03   6.0613552e+01
   3.1800000e+03   6.0517869e+01
   3.1900000e+03   6.0573145e+01
   3.2000000e+03   6.0577681e+01
   3.2100000e+03   6.0605533e+01
   3.2200000e+03   6.0634071e+01
   3.2300000e+03   6.0639389e+01
   3.2400000e+03   6.0636211e+01
   3.2500000e+03   6.0602948e+01
   3.2600000e+03   6.0645976e+01
   3.2700000e+03   6.0570374e+01
   3.2800000e+03   6.0636912e+01
   3.2900000e+03   6.0645307e+01
   3.3000000e+03   6.0698568e+01
   3.3100000e+03   6.0718936e+01
   3.3200000e+03   6.0585691e+01
   3.3300000e+03   6.0590880e+01
   3.3400000e+03   6.0579404e+01
   3.3500000e+03   6.0602096e+01
   3.3600000e+03   6.0645830e+01
   3.3700000e+03   6.0633538e+01
   3.3800000e+03   6.0655701e+01
   3.3900000e+03   6.0660995e+01
   3.4000000e+03   6.0661564e+01
   3.4100000e+03   6.0619057e+01
   3.4200000e+03   6.0639899e+01
   3.4300000e+03   6.0640425e+01
   3.4400000e+03   6.0620899e+01
   3.4500000e+03   6.0662381e+01
   3.4600000e+03   6.0651499e+01
   3.4700000e+03   6.0672737e+01
   3.4800000e+03   6.0648207e+01
   3.4900000e+03   6.0676306e+01
