   0.0000000e+00  -4.1673539e-03
   1.0000000e+01   9.2169959e-04
   2.0000000e+01  -4.5947936e-04
   3.0000000e+01  -1.5318950e-02
   4.0000000e+01  -1.0796396e-02
   5.0000000e+01   1.1755187e-02
   6.0000000e+01   6.5102498e-03
   7.0000000e+01   2.0511950e-02
   8.0000000e+01   8.6083842e-03
   9.0000000e+01  -7.3717401e-03
   1.0000000e+02   5.2426951e-03
   1.1000000e+02  -4.5594025e-03
   1.2000000e+02  -1.3494313e-02
   1.3000000e+02  -3.0243136e-03
   1.4000000e+02  -2.8505557e-02
   1.5000000e+02  -8.7056220e-03
   1.6000000e+02  -2.6494594e-02
   1.7000000e+02  -2.9715541e-02
   1.8000000e+02  -3.2826293e-02
   1.9000000e+02  -3.3152373e-02
   2.0000000e+02  -4.2489080e-02
   2.1000000e+02  -5.3083171e-02
   2.2000000e+02  -6.3782655e-02
   2.3000000e+02  -5.8395983e-02
   2.4000000e+02  -6.7252174e-02
   2.5000000e+02  -6.6493504e-02
   2.6000000e+02  -6.1022889e-02
   2.7000000e+02  -5.4874196e-02
   2.8000000e+02  -5.7667138e-02
   2.9000000e+02  -5.4502239e-02
   3.0000000e+02  -6.4591020e-02
   3.1000000e+02  -6.3685786e-02
   3.2000000e+02  -5.8503074e-02
   3.3000000e+02  -5.9913507e-02
   3.4000000e+02  -5.9813099e-02
   3.5000000e+02  -5.5032024e-02
   3.6000000e+02  -5.3985307e-02
   3.7000000e+02  -6.8621544e-02
   3.8000000e+02  -7.6728940e-02
   3.9000000e+02  -7.1696058e-02
   4.0000000e+02  -6.9089112e-02
   4.1000000e+02  -6.8504871e-02
   4.2000000e+02  -6.3769865e-02
   4.3000000e+02  -7.4232339e-02
   4.4000000e+02  -7.0517694e-02
   4.5000000e+02  -6.8782985e-02
   4.6000000e+02  -6.5209910e-02
   4.7000000e+02  -7.1128247e-02
   4.8000000e+02  -6.9651925e-02
   4.9000000e+02  -7.9433066e-02
   5.0000000e+02  -6.2978108e-02
   5.1000000e+02  -6.9594301e-02
   5.2000000e+02  -6.6215472e-02
   5.3000000e+02  -6.2354409e-02
   5.4000000e+02  -8.6034593e-02
   5.5000000e+02  -5.6868945e-02
   5.6000000e+02  -6.5152293e-02
   5.7000000e+02  -5.5716872e-02
   5.8000000e+02  -6.8039082e-02
   5.9000000e+02  -5.6717558e-02
   6.0000000e+02  -6.2222798e-02
   6.1000000e+02  -5.2267326e-02
   6.2000000e+02  -4.6734160e-02
   6.3000000e+02  -6.6447591e-02
   6.4000000e+02  -6.8475235e-02
   6.5000000e+02  -7.1427814e-02
   6.6000000e+02  -5.1222176e-02
   6.7000000e+02  -6.9227305e-02
   6.8000000e+02  -8.1355427e-02
   6.9000000e+02  -8.6727461e-02
   7.0000000e+02  -1.0057238e-01
   7.1000000e+02  -9.1609054e-02
   7.2000000e+02  -9.9573354e-02
   7.3000000e+02  -7.4650342e-02
   7.4000000e+02  -5.2581648e-02
   7.5000000e+02  -5.2487857e-02
   7.6000000e+02  -6.2971644e-02
   7.7000000e+02  -5.4339364e-02
   7.8000000e+02  -4.7262415e-02
   7.9000000e+02  -3.6556569e-02
   8.0000000e+02  -2.9384275e-02
   8.1000000e+02  -4.6674849e-02
   8.2000000e+02  -3.1563236e-02
   8.3000000e+02  -1.6942228e-02
   8.4000000e+02  -1.9400909e-02
   8.5000000e+02  -3.0465161e-02
   8.6000000e+02  -2.2453330e-02
   8.7000000e+02  -2.9975818e-02
   8.8000000e+02  -2.5243358e-03
   8.9000000e+02   1.4260721e-02
   9.0000000e+02   7.6009387e-03
   9.1000000e+02   1.4036127e-02
   9.2000000e+02   8.5711568e-03
   9.3000000e+02   2.0950496e-02
   9.4000000e+02   7.7440372e-03
   9.5000000e+02  -3.3616639e-04
   9.6000000e+02   1.4982829e-02
   9.7000000e+02   1.6838096e-02
   9.8000000e+02   3.9478301e-03
   9.9000000e+02  -1.4561636e-03
   1.0000000e+03  -1.4380994e-02
   1.0100000e+03  -4.7595073e-03
   1.0200000e+03  -1.1946564e-03
   1.0300000e+03  -2.3139121e-02
   1.0400000e+03  -3.4837020e-02
   1.0500000e+03  -3.1206209e-02
   1.0600000e+03  -8.5208453e-03
   1.0700000e+03  -3.3851939e-02
   1.0800000e+03  -3.4564269e-02
   1.0900000e+03  -4.1035459e-02
   1.1000000e+03  -5.2105308e-02
   1.1100000e+03  -4.3708742e-02
   1.1200000e+03  -3.4407352e-02
   1.1300000e+03  -5.3738964e-02
   1.1400000e+03  -5.0691882e-02
   1.1500000e+03  -3.8734409e-02
   1.1600000e+03  -6.5380471e-02
   1.1700000e+03  -5.8335510e-02
   1.1800000e+03  -7.4251257e-02
   1.1900000e+03  -7.3606606e-02
   1.2000000e+03  -7.8945959e-02
   1.2100000e+03  -9.4298580e-02
   1.2200000e+03  -8.5458812e-02
   1.2300000e+03  -9.0993865e-02
   1.2400000e+03  -8.0748569e-02
   1.2500000e+03  -1.0090683e-01
   1.2600000e+03  -7.5970579e-02
   1.2700000e+03  -8.5540959e-02
   1.2800000e+03  -8.5639381e-02
   1.2900000e+03  -8.5714536e-02
   1.3000000e+03  -7.5325526e-02
   1.3100000e+03  -8.5507969e-02
   1.3200000e+03  -9.2512488e-02
   1.3300000e+03  -7.9831081e-02
   1.3400000e+03  -9.8717445e-02
   1.3500000e+03  -6.9448033e-02
   1.3600000e+03  -7.0154313e-02
   1.3700000e+03  -6.8276528e-02
   1.3800000e+03  -8.1393620e-02
   1.3900000e+03  -8.2863060e-02
   1.4000000e+03  -8.6136309e-02
   1.4100000e+03  -1.0696247e-01
   1.4200000e+03  -8.0684392e-02
   1.4300000e+03  -8.4082231e-02
   1.4400000e+03  -8.0615427e-02
   1.4500000e+03  -7.2787043e-02
   1.4600000e+03  -6.9876552e-02
   1.4700000e+03  -7.0884723e-02
   1.4800000e+03  -6.6808778e-02
   1.4900000e+03  -7.2199691e-02
   1.5000000e+03  -8.4906080e-02
   1.5100000e+03  -7.2494042e-02
   1.5200000e+03  -8.1497600e-02
   1.5300000e+03  -6.4995568e-02
   1.5400000e+03  -3.9693905e-02
   1.5500000e+03  -4.0857691e-02
   1.5600000e+03  -4.0444582e-02
   1.5700000e+03  -4.9957101e-02
   1.5800000e+03  -4.4530847e-02
   1.5900000e+03  -6.0277270e-02
   1.6000000e+03  -7.0852524e-02
   1.6100000e+03  -3.5551244e-02
   1.6200000e+03  -4.6605872e-02
   1.6300000e+03  -6.0708907e-02
   1.6400000e+03  -5.0016012e-02
   1.6500000e+03  -4.6585504e-02
   1.6600000e+03  -4.3318393e-02
   1.6700000e+03  -6.0833580e-02
   1.6800000e+03  -4.9025004e-02
   1.6900000e+03  -4.8980046e-02
   1.7000000e+03  -6.9548613e-02
   1.7100000e+03  -5.3583561e-02
   1.7200000e+03  -4.9247741e-02
   1.7300000e+03  -5.9615905e-02
   1.7400000e+03  -6.7352240e-02
   1.7500000e+03  -6.4571994e-02
   1.7600000e+03  -6.6261362e-02
   1.7700000e+03  -7.4248042e-02
   1.7800000e+03  -5.5363010e-02
   1.7900000e+03  -6.1281861e-02
   1.8000000e+03  -7.7130755e-03
   1.8100000e+03  -3.0392024e-02
   1.8200000e+03  -3.1476888e-02
   1.8300000e+03  -2.9057639e-02
   1.8400000e+03  -2.9024853e-02
   1.8500000e+03  -4.0969707e-02
   1.8600000e+03  -2.9558459e-02
   1.8700000e+03  -4.2903326e-02
   1.8800000e+03  -4.7150767e-02
   1.8900000e+03  -6.1927721e-02
   1.9000000e+03  -6.1945321e-02
   1.9100000e+03  -5.5525740e-02
   1.9200000e+03  -5.3117131e-02
   1.9300000e+03  -6.7698238e-02
   1.9400000e+03  -5.9620048e-02
   1.9500000e+03  -7.2334840e-02
   1.9600000e+03  -8.6157257e-02
   1.9700000e+03  -6.7564583e-02
   1.9800000e+03  -6.3857936e-02
   1.9900000e+03  -7.3054221e-02
   2.0000000e+03  -3.9487684e-02
   2.0100000e+03  -4.1091826e-02
   2.0200000e+03  -1.4453461e-02
   2.0300000e+03  -2.6177337e-02
   2.0400000e+03  -3.7697564e-02
   2.0500000e+03  -3.9946762e-02
   2.0600000e+03  -5.1257352e-02
   2.0700000e+03  -3.9886752e-02
   2.0800000e+03  -2.8370929e-02
   2.0900000e+03  -4.6841025e-02
   2.1000000e+03  -4.8548436e-02
   2.1100000e+03  -5.1987762e-02
   2.1200000e+03  -6.3747239e-02
   2.1300000e+03  -6.9884497e-02
   2.1400000e+03  -4.8876484e-02
   2.1500000e+03  -6.3097884e-02
   2.1600000e+03  -6.2699552e-02
   2.1700000e+03  -5.8090182e-02
   2.1800000e+03  -5.7487878e-02
   2.1900000e+03  -5.0571056e-02
   2.2000000e+03  -6.0175683e-02
   2.2100000e+03  -7.8789393e-02
   2.2200000e+03  -8.0024966e-02
   2.2300000e+03  -7.4198716e-02
   2.2400000e+03  -8.7460189e-02
   2.2500000e+03  -7.3145822e-02
   2.2600000e+03  -5.2011164e-02
   2.2700000e+03  -4.2150993e-02
   2.2800000e+03  -4.0212894e-02
   2.2900000e+03  -5.3154467e-02
   2.3000000e+03  -4.5150580e-02
   2.3100000e+03  -5.5379237e-02
   2.3200000e+03  -3.6862468e-02
   2.3300000e+03  -3.7725198e-02
   2.3400000e+03  -4.0604412e-02
   2.3500000e+03  -2.9328155e-02
   2.3600000e+03  -1.8968349e-02
   2.3700000e+03  -2.0801373e-02
   2.3800000e+03  -2.6261817e-02
   2.3900000e+03  -2.8850748e-02
   2.4000000e+03  -2.0195142e-02
   2.4100000e+03  -2.0523215e-02
   2.4200000e+03  -3.3586199e-02
   2.4300000e+03  -2.7256324e-02
   2.4400000e+03  -2.0957474e-02
   2.4500000e+03  -1.9564059e-02
   2.4600000e+03  -1.4735473e-02
   2.4700000e+03  -2.1070548e-02
   2.4800000e+03  -1.7141185e-03
   2.4900000e+03  -7.6510849e-03
   2.5000000e+03   3.7998306e-02
   2.5100000e+03   4.9489986e-02
   2.5200000e+03   3.3502328e-02
   2.5300000e+03   2.0531093e-02
   2.5400000e+03   2.6215971e-02
   2.5500000e+03   1.7014322e-03
   2.5600000e+03   4.5490233e-03
   2.5700000e+03   7.7009643e-03
   2.5800000e+03  -5.8676874e-03
   2.5900000e+03  -1.8681203e-02
   2.6000000e+03  -1.3481172e-02
   2.6100000e+03  -2.4086987e-02
   2.6200000e+03  -1.7945273e-02
   2.6300000e+03  -2.5162757e-02
   2.6400000e+03  -3.2343664e-03
   2.6500000e+03  -3.8271863e-03
   2.6600000e+03  -2.8353888e-02
   2.6700000e+03  -4.0157629e-02
   2.6800000e+03  -2.6700920e-02
   2.6900000e+03  -4.4816804e-02
   2.7000000e+03  -4.8028225e-02
   2.7100000e+03  -6.3923395e-02
   2.7200000e+03  -6.8831634e-02
   2.7300000e+03  -6.3350825e-02
   2.7400000e+03  -4.4363957e-02
   2.7500000e+03  -5.9814978e-02
   2.7600000e+03  -6.5453352e-02
   2.7700000e+03  -5.3561091e-02
   2.7800000e+03  -5.6765827e-02
   2.7900000e+03  -3.6134864e-02
   2.8000000e+03  -5.9992515e-02
   2.8100000e+03  -3.8850029e-02
   2.8200000e+03  -7.2207701e-02
   2.8300000e+03  -7.6995203e-02
   2.8400000e+03  -9.0853940e-02
   2.8500000e+03  -8.5536615e-02
   2.8600000e+03  -9.2320026e-02
   2.8700000e+03  -9.1041060e-02
   2.8800000e+03  -1.1036301e-01
   2.8900000e+03  -1.0113385e-01
   2.9000000e+03  -8.7402258e-02
   2.9100000e+03  -1.1170244e-01
   2.9200000e+03  -1.1564706e-01
   2.9300000e+03  -1.3549921e-01
   2.9400000e+03  -1.1202033e-01
   2.9500000e+03  -1.1590562e-01
   2.9600000e+03  -1.2178684e-01
   2.9700000e+03  -1.1631043e-01
   2.9800000e+03  -1.1963998e-01
   2.9900000e+03  -1.1562964e-01
   3.0000000e+03  -1.1846267e-01
   3.0100000e+03  -1.0905585e-01
   3.0200000e+03  -1.2043604e-01
   3.0300000e+03  -1.3407711e-01
   3.0400000e+03  -1.1385583e-01
   3.0500000e+03  -1.2930664e-01
   3.0600000e+03  -1.2153026e-01
   3.0700000e+03  -1.1408513e-01
   3.0800000e+03  -9.8796304e-02
   3.0900000e+03  -1.2012830e-01
   3.1000000e+03  -1.0269767e-01
   3.1100000e+03  -9.4947695e-02
   3.1200000e+03  -8.5354152e-02
   3.1300000e+03  -8.2709283e-02
   3.1400000e+03  -7.7922822e-02
   3.1500000e+03  -9.1104472e-02
   3.1600000e+03  -8.9142463e-02
   3.1700000e+03  -7.9376303e-02
   3.1800000e+03  -8.8301239e-02
   3.1900000e+03  -1.0703279e-01
   3.2000000e+03  -8.3813658e-02
   3.2100000e+03  -9.0816177e-02
   3.2200000e+03  -8.0917723e-02
   3.2300000e+03  -6.6669852e-02
   3.2400000e+03  -6.2864689e-02
   3.2500000e+03  -7.7087312e-02
   3.2600000e+03  -6.9993296e-02
   3.2700000e+03  -5.4889900e-02
   3.2800000e+03  -5.5626084e-02
   3.2900000e+03  -5.7058336e-02
   3.3000000e+03  -6.7753049e-02
   3.3100000e+03  -5.3922347e-02
   3.3200000e+03  -7.2248385e-02
   3.3300000e+03  -5.0222545e-02
   3.3400000e+03  -4.2438527e-02
   3.3500000e+03  -3.4880016e-02
   3.3600000e+03  -4.1284490e-02
   3.3700000e+03  -5.0427258e-02
   3.3800000e+03  -5.8588761e-02
   3.3900000e+03  -7.3526401e-02
   3.4000000e+03  -6.2353995e-02
   3.4100000e+03  -6.9978445e-02
   3.4200000e+03  -7.8524607e-02
   3.4300000e+03  -8.1573974e-02
   3.4400000e+03  -4.0863826e-02
   3.4500000e+03  -5.1889280e-02
   3.4600000e+03  -4.6571336e-02
   3.4700000e+03  -4.5165052e-02
   3.4800000e+03  -3.9694369e-02
   3.4900000e+03  -1.3842573e-02
