   0.0000000e+00  -6.8639128e-03
   1.0000000e+01  -5.4052465e-03
   2.0000000e+01   4.1506407e-04
   3.0000000e+01  -9.4239295e-03
   4.0000000e+01  -2.2221496e-03
   5.0000000e+01  -5.5500791e-03
   6.0000000e+01   1.5648744e-02
   7.0000000e+01   3.4708742e-03
   8.0000000e+01   4.4786539e-03
   9.0000000e+01   2.3427962e-03
   1.0000000e+02  -1.1751712e-02
   1.1000000e+02  -6.2813847e-03
   1.2000000e+02  -7.7555591e-03
   1.3000000e+02   4.7246134e-04
   1.4000000e+02  -1.6713871e-02
   1.5000000e+02  -1.6159559e-02
   1.6000000e+02  -1.8411485e-02
   1.7000000e+02  -1.7924933e-02
   1.8000000e+02  -1.8420541e-02
   1.9000000e+02  -1.1939976e-02
   2.0000000e+02  -2.8623085e-02
   2.1000000e+02  -1.7918432e-02
   2.2000000e+02  -1.7850776e-02
   2.3000000e+02  -1.7672417e-02
   2.4000000e+02  -7.3063694e-03
   2.5000000e+02  -4.4346225e-03
   2.6000000e+02  -4.2810228e-03
   2.7000000e+02   7.3104925e-04
   2.8000000e+02   1.9728913e-03
   2.9000000e+02   9.2007488e-03
   3.0000000e+02   1.3510558e-02
   3.1000000e+02   1.2152608e-02
   3.2000000e+02  -5.4738680e-03
   3.3000000e+02   7.5164927e-03
   3.4000000e+02  -5.4027743e-03
   3.5000000e+02   2.1377514e-03
   3.6000000e+02   1.1206758e-03
   3.7000000e+02  -2.6333450e-02
   3.8000000e+02  -1.4488486e-02
   3.9000000e+02  -1.0668516e-02
   4.0000000e+02  -1.0832104e-02
   4.1000000e+02  -1.4809273e-03
   4.2000000e+02   3.8853904e-03
   4.3000000e+02  -6.4626922e-03
   4.4000000e+02  -9.1246225e-03
   4.5000000e+02  -2.3040941e-02
   4.6000000e+02  -2.7657907e-02
   4.7000000e+02  -3.2921619e-02
   4.8000000e+02  -3.8368204e-02
   4.9000000e+02  -3.0705477e-02
   5.0000000e+02  -3.9246167e-02
   5.1000000e+02  -2.8957784e-02
   5.2000000e+02  -3.9477416e-02
   5.3000000e+02  -3.2806893e-02
   5.4000000e+02  -3.9831517e-02
   5.5000000e+02  -3.9919196e-02
   5.6000000e+02  -3.3557740e-02
   5.7000000e+02  -2.6885734e-02
   5.8000000e+02  -2.8159330e-02
   5.9000000e+02  -1.0009303e-02
   6.0000000e+02  -1.9650188e-02
   6.1000000e+02  -2.4516067e-02
   6.2000000e+02  -3.0285328e-02
   6.3000000e+02  -2.9829170e-02
   6.4000000e+02  -2.7889212e-02
   6.5000000e+02  -1.4709257e-02
   6.6000000e+02  -7.6658302e-03
   6.7000000e+02  -5.9920799e-03
   6.8000000e+02  -2.0246261e-02
   6.9000000e+02  -2.2005466e-02
   7.0000000e+02  -1.9651679e-02
   7.1000000e+02  -1.3926979e-02
   7.2000000e+02  -3.2145011e-02
   7.3000000e+02  -1.8458847e-02
   7.4000000e+02  -3.0769305e-02
   7.5000000e+02  -2.7433834e-02
   7.6000000e+02  -2.9374032e-02
   7.7000000e+02  -3.1763327e-02
   7.8000000e+02  -3.2105882e-02
   7.9000000e+02  -3.5879826e-02
   8.0000000e+02  -4.5422956e-02
   8.1000000e+02  -4.2433604e-02
   8.2000000e+02  -2.3782269e-02
   8.3000000e+02  -1.9346146e-02
   8.4000000e+02  -2.5860651e-02
   8.5000000e+02  -3.5330801e-02
   8.6000000e+02  -3.1929384e-02
   8.7000000e+02  -4.2571064e-02
   8.8000000e+02  -3.9920492e-02
   8.9000000e+02  -3.3732040e-02
   9.0000000e+02  -3.0845253e-02
   9.1000000e+02  -4.3955662e-02
   9.2000000e+02  -3.7564519e-02
   9.3000000e+02  -4.1266981e-02
   9.4000000e+02  -3.5353258e-02
   9.5000000e+02  -3.5389791e-02
   9.6000000e+02  -3.5258138e-02
   9.7000000e+02  -4.6162801e-02
   9.8000000e+02  -5.3247362e-02
   9.9000000e+02  -4.7299817e-02
   1.0000000e+03  -5.5123474e-02
   1.0100000e+03  -4.4535998e-02
   1.0200000e+03  -4.1223269e-02
   1.0300000e+03  -4.7977121e-02
   1.0400000e+03  -4.4229178e-02
   1.0500000e+03  -5.5111662e-02
   1.0600000e+03  -4.2073029e-02
   1.0700000e+03  -3.9248919e-02
   1.0800000e+03  -4.2965899e-02
   1.0900000e+03  -4.5602198e-02
   1.1000000e+03  -4.0777245e-02
   1.1100000e+03  -5.0166043e-02
   1.1200000e+03  -4.6885552e-02
   1.1300000e+03  -5.1500434e-02
   1.1400000e+03  -4.7351936e-02
   1.1500000e+03  -4.3867491e-02
   1.1600000e+03  -5.2266366e-02
   1.1700000e+03  -3.8981474e-02
   1.1800000e+03  -4.9631132e-02
   1.1900000e+03  -4.8071552e-02
   1.2000000e+03  -5.0117059e-02
   1.2100000e+03  -4.4269845e-02
   1.2200000e+03  -4.6611407e-02
   1.2300000e+03  -3.5284011e-02
   1.2400000e+03  -3.9597801e-02
   1.2500000e+03  -3.1047159e-02
   1.2600000e+03  -3.2561680e-02
   1.2700000e+03  -4.3334615e-02
   1.2800000e+03  -4.7907205e-02
   1.2900000e+03  -5.0065961e-02
   1.3000000e+03  -4.7536526e-02
   1.3100000e+03  -3.8632645e-02
   1.3200000e+03  -5.9224574e-02
   1.3300000e+03  -4.5095027e-02
   1.3400000e+03  -4.0845674e-02
   1.3500000e+03  -4.2525459e-02
   1.3600000e+03  -2.9336373e-02
   1.3700000e+03  -4.0164964e-02
   1.3800000e+03  -4.3033738e-02
   1.3900000e+03  -3.6281223e-02
   1.4000000e+03  -5.6375804e-02
   1.4100000e+03  -4.2378508e-02
   1.4200000e+03  -4.7217300e-02
   1.4300000e+03  -3.5999574e-02
   1.4400000e+03  -4.3818128e-02
   1.4500000e+03  -1.8146896e-02
   1.4600000e+03  -3.1307581e-02
   1.4700000e+03  -4.1871649e-02
   1.4800000e+03  -3.3496453e-02
   1.4900000e+03  -4.0753743e-02
   1.5000000e+03  -5.0874966e-02
   1.5100000e+03  -4.5453031e-02
   1.5200000e+03  -5.5055671e-02
   1.5300000e+03  -5.1681766e-02
   1.5400000e+03  -5.9217491e-02
   1.5500000e+03  -3.5388289e-02
   1.5600000e+03  -4.2040077e-02
   1.5700000e+03  -4.6469722e-02
   1.5800000e+03  -5.4030627e-02
   1.5900000e+03  -4.8127652e-02
   1.6000000e+03  -5.4758359e-02
   1.6100000e+03  -5.6464557e-02
   1.6200000e+03  -5.3856809e-02
   1.6300000e+03  -3.7353699e-02
   1.6400000e+03  -4.1037075e-02
   1.6500000e+03  -3.9017626e-02
   1.6600000e+03  -4.4243108e-02
   1.6700000e+03  -6.2114302e-02
   1.6800000e+03  -5.3363380e-02
   1.6900000e+03  -4.9015908e-02
   1.7000000e+03  -2.3334246e-02
   1.7100000e+03  -4.4638528e-02
   1.7200000e+03  -3.3700133e-02
   1.7300000e+03  -2.9829915e-02
   1.7400000e+03  -4.4003238e-02
   1.7500000e+03  -4.9854629e-02
   1.7600000e+03  -3.9643045e-02
   1.7700000e+03  -3.8490943e-02
   1.7800000e+03  -3.7387584e-02
   1.7900000e+03  -3.4519567e-02
   1.8000000e+03  -2.5615001e-02
   1.8100000e+03  -2.9358522e-02
   1.8200000e+03  -4.3059274e-02
   1.8300000e+03  -5.2187732e-02
   1.8400000e+03  -6.6635206e-02
   1.8500000e+03  -4.0313399e-02
   1.8600000e+03  -6.8751694e-02
   1.8700000e+03  -5.4468445e-02
   1.8800000e+03  -4.6614846e-02
   1.8900000e+03  -6.2296454e-02
   1.9000000e+03  -7.1293326e-02
   1.9100000e+03  -7.6436382e-02
   1.9200000e+03  -7.6147538e-02
   1.9300000e+03  -7.6784869e-02
   1.9400000e+03  -6.1621297e-02
   1.9500000e+03  -5.7914731e-02
   1.9600000e+03  -5.6122741e-02
   1.9700000e+03  -3.9073838e-02
   1.9800000e+03  -4.4569609e-02
   1.9900000e+03  -4.1747043e-02
   2.0000000e+03  -3.9397922e-02
   2.0100000e+03  -2.9760812e-02
   2.0200000e+03  -3.6384751e-02
   2.0300000e+03  -3.5338813e-02
   2.0400000e+03  -3.4649914e-02
   2.0500000e+03  -3.6714442e-02
   2.0600000e+03  -4.0323336e-02
   2.0700000e+03  -4.8226031e-02
   2.0800000e+03  -4.1221000e-02
   2.0900000e+03  -5.5468718e-02
   2.1000000e+03  -6.7889242e-02
   2.1100000e+03  -6.6182841e-02
   2.1200000e+03  -6.4297978e-02
   2.1300000e+03  -6.3525805e-02
   2.1400000e+03  -6.7030742e-02
   2.1500000e+03  -5.9850970e-02
   2.1600000e+03  -5.8231509e-02
   2.1700000e+03  -6.9464559e-02
   2.1800000e+03  -6.3111347e-02
   2.1900000e+03  -6.7367952e-02
   2.2000000e+03  -6.5424726e-02
   2.2100000e+03  -6.1463371e-02
   2.2200000e+03  -6.4399416e-02
   2.2300000e+03  -7.9336518e-02
   2.2400000e+03  -7.3169892e-02
   2.2500000e+03  -8.3788271e-02
   2.2600000e+03  -9.0972449e-02
   2.2700000e+03  -9.3991474e-02
   2.2800000e+03  -8.9822128e-02
   2.2900000e+03  -8.4627062e-02
   2.3000000e+03  -6.9934874e-02
   2.3100000e+03  -7.0910666e-02
   2.3200000e+03  -6.9502844e-02
   2.3300000e+03  -6.9959660e-02
   2.3400000e+03  -7.3360740e-02
   2.3500000e+03  -8.1184370e-02
   2.3600000e+03  -9.0640010e-02
   2.3700000e+03  -7.3651473e-02
   2.3800000e+03  -8.3543135e-02
   2.3900000e+03  -9.9036917e-02
   2.4000000e+03  -9.3659128e-02
   2.4100000e+03  -8.4469096e-02
   2.4200000e+03  -8.7259625e-02
   2.4300000e+03  -6.9398988e-02
   2.4400000e+03  -7.4847185e-02
   2.4500000e+03  -6.9739295e-02
   2.4600000e+03  -7.7691594e-02
   2.4700000e+03  -7.1632974e-02
   2.4800000e+03  -9.0004494e-02
   2.4900000e+03  -8.7110110e-02
   2.5000000e+03  -9.7425414e-02
   2.5100000e+03  -9.4036719e-02
   2.5200000e+03  -8.7230219e-02
   2.5300000e+03  -8.4489332e-02
   2.5400000e+03  -9.0863555e-02
   2.5500000e+03  -9.4060879e-02
   2.5600000e+03  -8.1216367e-02
   2.5700000e+03  -8.0775825e-02
   2.5800000e+03  -9.9118022e-02
   2.5900000e+03  -9.3341168e-02
   2.6000000e+03  -1.0257624e-01
   2.6100000e+03  -8.8265676e-02
   2.6200000e+03  -9.4332136e-02
   2.6300000e+03  -9.7392104e-02
   2.6400000e+03  -8.2773865e-02
   2.6500000e+03  -8.2503923e-02
   2.6600000e+03  -8.5410966e-02
   2.6700000e+03  -8.0822285e-02
   2.6800000e+03  -9.0768162e-02
   2.6900000e+03  -8.0249275e-02
   2.7000000e+03  -8.7848315e-02
   2.7100000e+03  -9.2909970e-02
   2.7200000e+03  -7.1087318e-02
   2.7300000e+03  -9.4209114e-02
   2.7400000e+03  -9.4345466e-02
   2.7500000e+03  -7.9594249e-02
   2.7600000e+03  -8.3185239e-02
   2.7700000e+03  -9.0704606e-02
   2.7800000e+03  -6.7939223e-02
   2.7900000e+03  -8.0687197e-02
   2.8000000e+03  -7.1953397e-02
   2.8100000e+03  -7.7476045e-02
   2.8200000e+03  -7.3310774e-02
   2.8300000e+03  -7.7961750e-02
   2.8400000e+03  -9.1487070e-02
   2.8500000e+03  -8.1183849e-02
   2.8600000e+03  -9.6594022e-02
   2.8700000e+03  -1.0650599e-01
   2.8800000e+03  -8.8270948e-02
   2.8900000e+03  -9.5537480e-02
   2.9000000e+03  -1.1028751e-01
   2.9100000e+03  -9.4015729e-02
   2.9200000e+03  -9.0202654e-02
   2.9300000e+03  -1.0492328e-01
   2.9400000e+03  -9.3248866e-02
   2.9500000e+03  -9.9285145e-02
   2.9600000e+03  -7.6431440e-02
   2.9700000e+03  -7.5138893e-02
   2.9800000e+03  -7.7359497e-02
   2.9900000e+03  -7.5298084e-02
   3.0000000e+03  -7.1135630e-02
   3.0100000e+03  -1.0015740e-01
   3.0200000e+03  -9.2865398e-02
   3.0300000e+03  -9.4850534e-02
   3.0400000e+03  -1.1431462e-01
   3.0500000e+03  -9.1855937e-02
   3.0600000e+03  -1.0291062e-01
   3.0700000e+03  -9.0640444e-02
   3.0800000e+03  -7.7153306e-02
   3.0900000e+03  -8.8496221e-02
   3.1000000e+03  -8.4100480e-02
   3.1100000e+03  -7.8621135e-02
   3.1200000e+03  -7.9632509e-02
   3.1300000e+03  -8.9791789e-02
   3.1400000e+03  -8.8572247e-02
   3.1500000e+03  -9.5985770e-02
   3.1600000e+03  -9.7796882e-02
   3.1700000e+03  -9.1248581e-02
   3.1800000e+03  -8.4363119e-02
   3.1900000e+03  -8.4520861e-02
   3.2000000e+03  -8.6098842e-02
   3.2100000e+03  -8.8396176e-02
   3.2200000e+03  -1.0463416e-01
   3.2300000e+03  -9.9821020e-02
   3.2400000e+03  -1.0520715e-01
   3.2500000e+03  -9.6191256e-02
   3.2600000e+03  -1.0369148e-01
   3.2700000e+03  -1.1413529e-01
   3.2800000e+03  -1.0982896e-01
   3.2900000e+03  -1.1391954e-01
   3.3000000e+03  -8.7093013e-02
   3.3100000e+03  -8.3890441e-02
   3.3200000e+03  -9.3378949e-02
   3.3300000e+03  -9.0093952e-02
   3.3400000e+03  -9.3615287e-02
   3.3500000e+03  -8.0098070e-02
   3.3600000e+03  -8.0354989e-02
   3.3700000e+03  -8.9140860e-02
   3.3800000e+03  -7.7101891e-02
   3.3900000e+03  -9.7196645e-02
   3.4000000e+03  -8.7769893e-02
   3.4100000e+03  -8.4148228e-02
   3.4200000e+03  -9.6966606e-02
   3.4300000e+03  -7.0142869e-02
   3.4400000e+03  -8.1541480e-02
   3.4500000e+03  -9.4131585e-02
   3.4600000e+03  -7.6108592e-02
   3.4700000e+03  -7.5958261e-02
   3.4800000e+03  -8.3008160e-02
   3.4900000e+03  -8.8072936e-02
