   0.0000000e+00   2.0830287e+01
   1.0000000e+01   2.0839994e+01
   2.0000000e+01   2.0834449e+01
   3.0000000e+01   2.0836987e+01
   4.0000000e+01   2.1463867e+01
   5.0000000e+01   2.2737445e+01
   6.0000000e+01   2.3496764e+01
   7.0000000e+01   2.4141984e+01
   8.0000000e+01   2.4949539e+01
   9.0000000e+01   2.5695743e+01
   1.0000000e+02   2.6397485e+01
   1.1000000e+02   2.6955203e+01
   1.2000000e+02   2.7520623e+01
   1.3000000e+02   2.7945813e+01
   1.4000000e+02   2.8502820e+01
   1.5000000e+02   2.8950873e+01
   1.6000000e+02   2.9507385e+01
   1.7000000e+02   2.9880118e+01
   1.8000000e+02   3.0102714e+01
   1.9000000e+02   3.0536154e+01
   2.0000000e+02   3.0989180e+01
   2.1000000e+02   3.1212172e+01
   2.2000000e+02   3.1388473e+01
   2.3000000e+02   3.1600576e+01
   2.4000000e+02   3.1651197e+01
   2.5000000e+02   3.1714749e+01
   2.6000000e+02   3.1882413e+01
   2.7000000e+02   3.2003519e+01
   2.8000000e+02   3.2003052e+01
   2.9000000e+02   3.2104473e+01
   3.0000000e+02   3.2181803e+01
   3.1000000e+02   3.2543237e+01
   3.2000000e+02   3.2563009e+01
   3.3000000e+02   3.2385947e+01
   3.4000000e+02   3.2690417e+01
   3.5000000e+02   3.2761997e+01
   3.6000000e+02   3.2813174e+01
   3.7000000e+02   3.3126562e+01
   3.8000000e+02   3.2947336e+01
   3.9000000e+02   3.3023726e+01
   4.0000000e+02   3.3189503e+01
   4.1000000e+02   3.3282773e+01
   4.2000000e+02   3.3384246e+01
   4.3000000e+02   3.3634091e+01
   4.4000000e+02   3.3604579e+01
   4.5000000e+02   3.3627338e+01
   4.6000000e+02   3.3430653e+01
   4.7000000e+02   3.3738956e+01
   4.8000000e+02   3.3779529e+01
   4.9000000e+02   3.3791619e+01
   5.0000000e+02   3.4019869e+01
   5.1000000e+02   3.3796285e+01
   5.2000000e+02   3.3923134e+01
   5.3000000e+02   3.3865869e+01
   5.4000000e+02   3.3830175e+01
   5.5000000e+02   3.3806313e+01
   5.6000000e+02   3.4074215e+01
   5.7000000e+02   3.3943088e+01
   5.8000000e+02   3.4115278e+01
   5.9000000e+02   3.4018492e+01
   6.0000000e+02   3.4147994e+01
   6.1000000e+02   3.4141797e+01
   6.2000000e+02   3.4214021e+01
   6.3000000e+02   3.4216319e+01
   6.4000000e+02   3.4331618e+01
   6.5000000e+02   3.4560523e+01
   6.6000000e+02   3.4529222e+01
   6.7000000e+02   3.4485882e+01
   6.8000000e+02   3.4636004e+01
   6.9000000e+02   3.4782018e+01
   7.0000000e+02   3.5021123e+01
   7.1000000e+02   3.4893304e+01
   7.2000000e+02   3.4900315e+01
   7.3000000e+02   3.4665466e+01
   7.4000000e+02   3.4576344e+01
   7.5000000e+02   3.4613238e+01
   7.6000000e+02   3.4720852e+01
   7.7000000e+02   3.4839967e+01
   7.8000000e+02   3.4967135e+01
   7.9000000e+02   3.4988188e+01
   8.0000000e+02   3.5106065e+01
   8.1000000e+02   3.5052028e+01
   8.2000000e+02   3.5116486e+01
   8.3000000e+02   3.5023496e+01
   8.4000000e+02   3.4910480e+01
   8.5000000e+02   3.5349896e+01
   8.6000000e+02   3.5041604e+01
   8.7000000e+02   3.4927488e+01
   8.8000000e+02   3.5132282e+01
   8.9000000e+02   3.5241560e+01
   9.0000000e+02   3.4919018e+01
   9.1000000e+02   3.5402380e+01
   9.2000000e+02   3.5158513e+01
   9.3000000e+02   3.5289950e+01
   9.4000000e+02   3.5159983e+01
   9.5000000e+02   3.5179443e+01
   9.6000000e+02   3.5238844e+01
   9.7000000e+02   3.5438028e+01
   9.8000000e+02   3.5281207e+01
   9.9000000e+02   3.5404946e+01
   1.0000000e+03   3.5386742e+01
   1.0100000e+03   3.5480722e+01
   1.0200000e+03   3.5661676e+01
   1.0300000e+03   3.5435223e+01
   1.0400000e+03   3.5201449e+01
   1.0500000e+03   3.5560435e+01
   1.0600000e+03   3.5402332e+01
   1.0700000e+03   3.5387449e+01
   1.0800000e+03   3.5274134e+01
   1.0900000e+03   3.5339034e+01
   1.1000000e+03   3.5366741e+01
   1.1100000e+03   3.5224241e+01
   1.1200000e+03   3.5430299e+01
   1.1300000e+03   3.5580965e+01
   1.1400000e+03   3.5612967e+01
   1.1500000e+03   3.5198754e+01
   1.1600000e+03   3.5160413e+01
   1.1700000e+03   3.5365862e+01
   1.1800000e+03   3.5496147e+01
   1.1900000e+03   3.5472115e+01
   1.2000000e+03   3.5452242e+01
   1.2100000e+03   3.5493774e+01
   1.2200000e+03   3.5626482e+01
   1.2300000e+03   3.5589520e+01
   1.2400000e+03   3.5930914e+01
   1.2500000e+03   3.5564008e+01
   1.2600000e+03   3.5512954e+01
   1.2700000e+03   3.5649694e+01
   1.2800000e+03   3.5745046e+01
   1.2900000e+03   3.5839500e+01
   1.3000000e+03   3.5920268e+01
   1.3100000e+03   3.5736499e+01
   1.3200000e+03   3.5704945e+01
   1.3300000e+03   3.5722904e+01
   1.3400000e+03   3.6023957e+01
   1.3500000e+03   3.6082424e+01
   1.3600000e+03   3.5808917e+01
   1.3700000e+03   3.6052988e+01
   1.3800000e+03   3.6022508e+01
   1.3900000e+03   3.5845730e+01
   1.4000000e+03   3.5928810e+01
   1.4100000e+03   3.5908550e+01
   1.4200000e+03   3.5556275e+01
   1.4300000e+03   3.5792930e+01
   1.4400000e+03   3.5855704e+01
   1.4500000e+03   3.5774132e+01
   1.4600000e+03   3.5648438e+01
   1.4700000e+03   3.5783539e+01
   1.4800000e+03   3.5763118e+01
   1.4900000e+03   3.5882477e+01
   1.5000000e+03   3.5937325e+01
   1.5100000e+03   3.5889493e+01
   1.5200000e+03   3.6019210e+01
   1.5300000e+03   3.5989102e+01
   1.5400000e+03   3.5962627e+01
   1.5500000e+03   3.5794817e+01
   1.5600000e+03   3.5754580e+01
   1.5700000e+03   3.5685394e+01
   1.5800000e+03   3.5893488e+01
   1.5900000e+03   3.5769544e+01
   1.6000000e+03   3.6100217e+01
   1.6100000e+03   3.5846387e+01
   1.6200000e+03   3.5838707e+01
   1.6300000e+03   3.5736239e+01
   1.6400000e+03   3.5885352e+01
   1.6500000e+03   3.5785528e+01
   1.6600000e+03   3.5731887e+01
   1.6700000e+03   3.5936808e+01
   1.6800000e+03   3.5946827e+01
   1.6900000e+03   3.6005770e+01
   1.7000000e+03   3.6146922e+01
   1.7100000e+03   3.5837093e+01
   1.7200000e+03   3.6220984e+01
   1.7300000e+03   3.5784580e+01
   1.7400000e+03   3.5763725e+01
   1.7500000e+03   3.5864639e+01
   1.7600000e+03   3.5779639e+01
   1.7700000e+03   3.5852151e+01
   1.7800000e+03   3.5988533e+01
   1.7900000e+03   3.5879976e+01
   1.8000000e+03   3.5685404e+01
   1.8100000e+03   3.6026566e+01
   1.8200000e+03   3.5800394e+01
   1.8300000e+03   3.5880402e+01
   1.8400000e+03   3.5951207e+01
   1.8500000e+03   3.5933064e+01
   1.8600000e+03   3.5823287e+01
   1.8700000e+03   3.6162403e+01
   1.8800000e+03   3.6058475e+01
   1.8900000e+03   3.6087539e+01
   1.9000000e+03   3.6021322e+01
   1.9100000e+03   3.6027637e+01
   1.9200000e+03   3.5703064e+01
   1.9300000e+03   3.5782107e+01
   1.9400000e+03   3.5955124e+01
   1.9500000e+03   3.5894444e+01
   1.9600000e+03   3.5939062e+01
   1.9700000e+03   3.6361356e+01
   1.9800000e+03   3.6147955e+01
   1.9900000e+03   3.5973869e+01
   2.0000000e+03   3.6089981e+01
   2.0100000e+03   3.5966275e+01
   2.0200000e+03   3.6217547e+01
   2.0300000e+03   3.6512955e+01
   2.0400000e+03   3.6411950e+01
   2.0500000e+03   3.6209362e+01
   2.0600000e+03   3.6245026e+01
   2.0700000e+03   3.6227908e+01
   2.0800000e+03   3.6460827e+01
   2.0900000e+03   3.6282462e+01
   2.1000000e+03   3.6274393e+01
   2.1100000e+03   3.6200030e+01
   2.1200000e+03   3.6263097e+01
   2.1300000e+03   3.6325528e+01
   2.1400000e+03   3.6060201e+01
   2.1500000e+03   3.6137746e+01
   2.1600000e+03   3.6334191e+01
   2.1700000e+03   3.6379345e+01
   2.1800000e+03   3.6678159e+01
   2.1900000e+03   3.6189783e+01
   2.2000000e+03   3.6196313e+01
   2.2100000e+03   3.6296687e+01
   2.2200000e+03   3.6367587e+01
   2.2300000e+03   3.6196215e+01
   2.2400000e+03   3.6104881e+01
   2.2500000e+03   3.6021033e+01
   2.2600000e+03   3.6441459e+01
   2.2700000e+03   3.6129590e+01
   2.2800000e+03   3.6395784e+01
   2.2900000e+03   3.6319387e+01
   2.3000000e+03   3.6450031e+01
   2.3100000e+03   3.6233212e+01
   2.3200000e+03   3.6204407e+01
   2.3300000e+03   3.5993328e+01
   2.3400000e+03   3.6082263e+01
   2.3500000e+03   3.6607741e+01
   2.3600000e+03   3.6561799e+01
   2.3700000e+03   3.6454351e+01
   2.3800000e+03   3.6401973e+01
   2.3900000e+03   3.6343288e+01
   2.4000000e+03   3.6333087e+01
   2.4100000e+03   3.6392327e+01
   2.4200000e+03   3.6435161e+01
   2.4300000e+03   3.6069371e+01
   2.4400000e+03   3.6145643e+01
   2.4500000e+03   3.6499835e+01
   2.4600000e+03   3.6166599e+01
   2.4700000e+03   3.6260565e+01
   2.4800000e+03   3.6411052e+01
   2.4900000e+03   3.6148003e+01
   2.5000000e+03   3.6301316e+01
   2.5100000e+03   3.6315813e+01
   2.5200000e+03   3.6308533e+01
   2.5300000e+03   3.6358078e+01
   2.5400000e+03   3.6487351e+01
   2.5500000e+03   3.6269040e+01
   2.5600000e+03   3.6699453e+01
   2.5700000e+03   3.6877063e+01
   2.5800000e+03   3.6367945e+01
   2.5900000e+03   3.6433845e+01
   2.6000000e+03   3.6202983e+01
   2.6100000e+03   3.6568403e+01
   2.6200000e+03   3.6404446e+01
   2.6300000e+03   3.6477901e+01
   2.6400000e+03   3.6689064e+01
   2.6500000e+03   3.6702625e+01
   2.6600000e+03   3.6253630e+01
   2.6700000e+03   3.6364575e+01
   2.6800000e+03   3.6387849e+01
   2.6900000e+03   3.6271444e+01
   2.7000000e+03   3.6520220e+01
   2.7100000e+03   3.6263608e+01
   2.7200000e+03   3.6359425e+01
   2.7300000e+03   3.6345417e+01
   2.7400000e+03   3.6648627e+01
   2.7500000e+03   3.6432873e+01
   2.7600000e+03   3.6494415e+01
   2.7700000e+03   3.6676088e+01
   2.7800000e+03   3.6579623e+01
   2.7900000e+03   3.6520962e+01
   2.8000000e+03   3.6567324e+01
   2.8100000e+03   3.6923228e+01
   2.8200000e+03   3.6432553e+01
   2.8300000e+03   3.6511361e+01
   2.8400000e+03   3.6754406e+01
   2.8500000e+03   3.6473755e+01
   2.8600000e+03   3.6520936e+01
   2.8700000e+03   3.6811936e+01
   2.8800000e+03   3.6507530e+01
   2.8900000e+03   3.6839653e+01
   2.9000000e+03   3.6806844e+01
   2.9100000e+03   3.6665242e+01
   2.9200000e+03   3.6772237e+01
   2.9300000e+03   3.6958244e+01
   2.9400000e+03   3.6912210e+01
   2.9500000e+03   3.6816922e+01
   2.9600000e+03   3.7021670e+01
   2.9700000e+03   3.6746491e+01
   2.9800000e+03   3.6705120e+01
   2.9900000e+03   3.6621683e+01
   3.0000000e+03   3.6728634e+01
   3.0100000e+03   3.6961197e+01
   3.0200000e+03   3.6748823e+01
   3.0300000e+03   3.6608794e+01
   3.0400000e+03   3.6775594e+01
   3.0500000e+03   3.6749684e+01
   3.0600000e+03   3.6692083e+01
   3.0700000e+03   3.6530567e+01
   3.0800000e+03   3.6594198e+01
   3.0900000e+03   3.7004826e+01
   3.1000000e+03   3.6698049e+01
   3.1100000e+03   3.7008134e+01
   3.1200000e+03   3.7090315e+01
   3.1300000e+03   3.6762412e+01
   3.1400000e+03   3.6670845e+01
   3.1500000e+03   3.6903572e+01
   3.1600000e+03   3.6947697e+01
   3.1700000e+03   3.6801959e+01
   3.1800000e+03   3.6746649e+01
   3.1900000e+03   3.6834996e+01
   3.2000000e+03   3.6743304e+01
   3.2100000e+03   3.6753302e+01
   3.2200000e+03   3.6825537e+01
   3.2300000e+03   3.6796885e+01
   3.2400000e+03   3.6749526e+01
   3.2500000e+03   3.6596149e+01
   3.2600000e+03   3.6753697e+01
   3.2700000e+03   3.6800709e+01
   3.2800000e+03   3.6850854e+01
   3.2900000e+03   3.7030547e+01
   3.3000000e+03   3.7021405e+01
   3.3100000e+03   3.7212648e+01
   3.3200000e+03   3.7258259e+01
   3.3300000e+03   3.7239998e+01
   3.3400000e+03   3.6619263e+01
   3.3500000e+03   3.6678028e+01
   3.3600000e+03   3.7092802e+01
   3.3700000e+03   3.6746925e+01
   3.3800000e+03   3.6956515e+01
   3.3900000e+03   3.6940693e+01
   3.4000000e+03   3.6919969e+01
   3.4100000e+03   3.6730898e+01
   3.4200000e+03   3.6871457e+01
   3.4300000e+03   3.6946696e+01
   3.4400000e+03   3.7093672e+01
   3.4500000e+03   3.6806396e+01
   3.4600000e+03   3.6984292e+01
   3.4700000e+03   3.6957392e+01
   3.4800000e+03   3.6733294e+01
   3.4900000e+03   3.6844024e+01
