   0.0000000e+00  -1.2193949e-03
   1.0000000e+01  -4.5951151e-04
   2.0000000e+01   1.1726236e-03
   3.0000000e+01  -1.6545457e-02
   4.0000000e+01  -2.0731622e-02
   5.0000000e+01  -2.0571738e-02
   6.0000000e+01   4.3096652e-03
   7.0000000e+01  -1.0635794e-02
   8.0000000e+01  -6.1468336e-03
   9.0000000e+01   1.0062752e-02
   1.0000000e+02   2.6173051e-02
   1.1000000e+02   3.6974821e-02
   1.2000000e+02   6.5220803e-02
   1.3000000e+02   1.0199191e-01
   1.4000000e+02   1.4031940e-01
   1.5000000e+02   1.8010630e-01
   1.6000000e+02   2.2196549e-01
   1.7000000e+02   2.7769927e-01
   1.8000000e+02   3.2896845e-01
   1.9000000e+02   4.0994547e-01
   2.0000000e+02   4.6594138e-01
   2.1000000e+02   5.4741213e-01
   2.2000000e+02   6.4935902e-01
   2.3000000e+02   7.4398277e-01
   2.4000000e+02   8.4806860e-01
   2.5000000e+02   9.3910047e-01
   2.6000000e+02   1.0552528e+00
   2.7000000e+02   1.1692818e+00
   2.8000000e+02   1.3013425e+00
   2.9000000e+02   1.4324017e+00
   3.0000000e+02   1.5575224e+00
   3.1000000e+02   1.6853261e+00
   3.2000000e+02   1.7892452e+00
   3.3000000e+02   1.9229835e+00
   3.4000000e+02   2.0519732e+00
   3.5000000e+02   2.1797870e+00
   3.6000000e+02   2.3250145e+00
   3.7000000e+02   2.4631132e+00
   3.8000000e+02   2.6000376e+00
   3.9000000e+02   2.7530447e+00
   4.0000000e+02   2.8839963e+00
   4.1000000e+02   3.0438656e+00
   4.2000000e+02   3.1809869e+00
   4.3000000e+02   3.3091594e+00
   4.4000000e+02   3.4461283e+00
   4.5000000e+02   3.5746550e+00
   4.6000000e+02   3.7184427e+00
   4.7000000e+02   3.8525426e+00
   4.8000000e+02   3.9792708e+00
   4.9000000e+02   4.1361528e+00
   5.0000000e+02   4.2597715e+00
   5.1000000e+02   4.4039591e+00
   5.2000000e+02   4.5285874e+00
   5.3000000e+02   4.6783941e+00
   5.4000000e+02   4.8060056e+00
   5.5000000e+02   4.9428127e+00
   5.6000000e+02   5.0647447e+00
   5.7000000e+02   5.1976065e+00
   5.8000000e+02   5.3274086e+00
   5.9000000e+02   5.4633270e+00
   6.0000000e+02   5.5875563e+00
   6.1000000e+02   5.7190583e+00
   6.2000000e+02   5.8450265e+00
   6.3000000e+02   5.9794752e+00
   6.4000000e+02   6.1012913e+00
   6.5000000e+02   6.2321790e+00
   6.6000000e+02   6.3449486e+00
   6.7000000e+02   6.4669220e+00
   6.8000000e+02   6.5986954e+00
   6.9000000e+02   6.7165400e+00
   7.0000000e+02   6.8262206e+00
   7.1000000e+02   6.9623170e+00
   7.2000000e+02   7.0557105e+00
   7.3000000e+02   7.1932176e+00
   7.4000000e+02   7.3000675e+00
   7.5000000e+02   7.4162006e+00
   7.6000000e+02   7.5266263e+00
   7.7000000e+02   7.6342888e+00
   7.8000000e+02   7.7545800e+00
   7.9000000e+02   7.8756060e+00
   8.0000000e+02   7.9632268e+00
   8.1000000e+02   8.0722592e+00
   8.2000000e+02   8.1912752e+00
   8.3000000e+02   8.2878874e+00
   8.4000000e+02   8.3964561e+00
   8.5000000e+02   8.4820326e+00
   8.6000000e+02   8.6015612e+00
   8.7000000e+02   8.7177608e+00
   8.8000000e+02   8.8033400e+00
   8.9000000e+02   8.8951823e+00
   9.0000000e+02   8.9908876e+00
   9.1000000e+02   9.0889356e+00
   9.2000000e+02   9.1894766e+00
   9.3000000e+02   9.2813932e+00
   9.4000000e+02   9.3848977e+00
   9.5000000e+02   9.4578609e+00
   9.6000000e+02   9.5579257e+00
   9.7000000e+02   9.6392265e+00
   9.8000000e+02   9.6980579e+00
   9.9000000e+02   9.7914265e+00
   1.0000000e+03   9.8861175e+00
   1.0100000e+03   9.9801493e+00
   1.0200000e+03   1.0055006e+01
   1.0300000e+03   1.0139686e+01
   1.0400000e+03   1.0217723e+01
   1.0500000e+03   1.0320394e+01
   1.0600000e+03   1.0389204e+01
   1.0700000e+03   1.0474821e+01
   1.0800000e+03   1.0562702e+01
   1.0900000e+03   1.0648654e+01
   1.1000000e+03   1.0721509e+01
   1.1100000e+03   1.0796631e+01
   1.1200000e+03   1.0877607e+01
   1.1300000e+03   1.0945710e+01
   1.1400000e+03   1.1025004e+01
   1.1500000e+03   1.1101566e+01
   1.1600000e+03   1.1166374e+01
   1.1700000e+03   1.1249166e+01
   1.1800000e+03   1.1326222e+01
   1.1900000e+03   1.1384310e+01
   1.2000000e+03   1.1433545e+01
   1.2100000e+03   1.1497703e+01
   1.2200000e+03   1.1559281e+01
   1.2300000e+03   1.1638039e+01
   1.2400000e+03   1.1681804e+01
   1.2500000e+03   1.1760337e+01
   1.2600000e+03   1.1818351e+01
   1.2700000e+03   1.1875485e+01
   1.2800000e+03   1.1961716e+01
   1.2900000e+03   1.2011731e+01
   1.3000000e+03   1.2073036e+01
   1.3100000e+03   1.2140634e+01
   1.3200000e+03   1.2190350e+01
   1.3300000e+03   1.2262183e+01
   1.3400000e+03   1.2323795e+01
   1.3500000e+03   1.2375184e+01
   1.3600000e+03   1.2436432e+01
   1.3700000e+03   1.2506106e+01
   1.3800000e+03   1.2541618e+01
   1.3900000e+03   1.2599716e+01
   1.4000000e+03   1.2646457e+01
   1.4100000e+03   1.2694023e+01
   1.4200000e+03   1.2737456e+01
   1.4300000e+03   1.2779520e+01
   1.4400000e+03   1.2825746e+01
   1.4500000e+03   1.2882073e+01
   1.4600000e+03   1.2932432e+01
   1.4700000e+03   1.2982827e+01
   1.4800000e+03   1.3041124e+01
   1.4900000e+03   1.3087663e+01
   1.5000000e+03   1.3123801e+01
   1.5100000e+03   1.3169309e+01
   1.5200000e+03   1.3207792e+01
   1.5300000e+03   1.3267567e+01
   1.5400000e+03   1.3319787e+01
   1.5500000e+03   1.3385511e+01
   1.5600000e+03   1.3421621e+01
   1.5700000e+03   1.3489743e+01
   1.5800000e+03   1.3519676e+01
   1.5900000e+03   1.3570000e+01
   1.6000000e+03   1.3613005e+01
   1.6100000e+03   1.3648939e+01
   1.6200000e+03   1.3687750e+01
   1.6300000e+03   1.3740263e+01
   1.6400000e+03   1.3780435e+01
   1.6500000e+03   1.3837924e+01
   1.6600000e+03   1.3847218e+01
   1.6700000e+03   1.3876147e+01
   1.6800000e+03   1.3901516e+01
   1.6900000e+03   1.3923918e+01
   1.7000000e+03   1.3970108e+01
   1.7100000e+03   1.3995877e+01
   1.7200000e+03   1.4025234e+01
   1.7300000e+03   1.4061149e+01
   1.7400000e+03   1.4105410e+01
   1.7500000e+03   1.4147098e+01
   1.7600000e+03   1.4187656e+01
   1.7700000e+03   1.4240600e+01
   1.7800000e+03   1.4258880e+01
   1.7900000e+03   1.4293570e+01
   1.8000000e+03   1.4337647e+01
   1.8100000e+03   1.4368797e+01
   1.8200000e+03   1.4416491e+01
   1.8300000e+03   1.4442102e+01
   1.8400000e+03   1.4463388e+01
   1.8500000e+03   1.4503080e+01
   1.8600000e+03   1.4519972e+01
   1.8700000e+03   1.4548486e+01
   1.8800000e+03   1.4594496e+01
   1.8900000e+03   1.4631290e+01
   1.9000000e+03   1.4654735e+01
   1.9100000e+03   1.4679456e+01
   1.9200000e+03   1.4694405e+01
   1.9300000e+03   1.4720815e+01
   1.9400000e+03   1.4765771e+01
   1.9500000e+03   1.4773318e+01
   1.9600000e+03   1.4804869e+01
   1.9700000e+03   1.4836558e+01
   1.9800000e+03   1.4846494e+01
   1.9900000e+03   1.4880891e+01
   2.0000000e+03   1.4902907e+01
   2.0100000e+03   1.4930270e+01
   2.0200000e+03   1.4956504e+01
   2.0300000e+03   1.4977235e+01
   2.0400000e+03   1.5002195e+01
   2.0500000e+03   1.5027421e+01
   2.0600000e+03   1.5059828e+01
   2.0700000e+03   1.5074263e+01
   2.0800000e+03   1.5108649e+01
   2.0900000e+03   1.5132179e+01
   2.1000000e+03   1.5132085e+01
   2.1100000e+03   1.5159876e+01
   2.1200000e+03   1.5182345e+01
   2.1300000e+03   1.5212880e+01
   2.1400000e+03   1.5239201e+01
   2.1500000e+03   1.5249478e+01
   2.1600000e+03   1.5261378e+01
   2.1700000e+03   1.5268866e+01
   2.1800000e+03   1.5316344e+01
   2.1900000e+03   1.5332076e+01
   2.2000000e+03   1.5364217e+01
   2.2100000e+03   1.5386666e+01
   2.2200000e+03   1.5423618e+01
   2.2300000e+03   1.5437990e+01
   2.2400000e+03   1.5460548e+01
   2.2500000e+03   1.5478943e+01
   2.2600000e+03   1.5485608e+01
   2.2700000e+03   1.5510340e+01
   2.2800000e+03   1.5532304e+01
   2.2900000e+03   1.5565580e+01
   2.3000000e+03   1.5585768e+01
   2.3100000e+03   1.5600833e+01
   2.3200000e+03   1.5622595e+01
   2.3300000e+03   1.5642520e+01
   2.3400000e+03   1.5668018e+01
   2.3500000e+03   1.5668328e+01
   2.3600000e+03   1.5684431e+01
   2.3700000e+03   1.5715347e+01
   2.3800000e+03   1.5722092e+01
   2.3900000e+03   1.5723551e+01
   2.4000000e+03   1.5743953e+01
   2.4100000e+03   1.5763300e+01
   2.4200000e+03   1.5797407e+01
   2.4300000e+03   1.5816131e+01
   2.4400000e+03   1.5829080e+01
   2.4500000e+03   1.5860659e+01
   2.4600000e+03   1.5860614e+01
   2.4700000e+03   1.5874130e+01
   2.4800000e+03   1.5866806e+01
   2.4900000e+03   1.5890483e+01
   2.5000000e+03   1.5894750e+01
   2.5100000e+03   1.5884581e+01
   2.5200000e+03   1.5911879e+01
   2.5300000e+03   1.5921443e+01
   2.5400000e+03   1.5934624e+01
   2.5500000e+03   1.5932163e+01
   2.5600000e+03   1.5968378e+01
   2.5700000e+03   1.5996961e+01
   2.5800000e+03   1.5996990e+01
   2.5900000e+03   1.6009540e+01
   2.6000000e+03   1.6042790e+01
   2.6100000e+03   1.6064424e+01
   2.6200000e+03   1.6077677e+01
   2.6300000e+03   1.6101211e+01
   2.6400000e+03   1.6139165e+01
   2.6500000e+03   1.6152702e+01
   2.6600000e+03   1.6178215e+01
   2.6700000e+03   1.6196002e+01
   2.6800000e+03   1.6191936e+01
   2.6900000e+03   1.6230200e+01
   2.7000000e+03   1.6240571e+01
   2.7100000e+03   1.6258928e+01
   2.7200000e+03   1.6293211e+01
   2.7300000e+03   1.6286250e+01
   2.7400000e+03   1.6296869e+01
   2.7500000e+03   1.6317559e+01
   2.7600000e+03   1.6317458e+01
   2.7700000e+03   1.6329278e+01
   2.7800000e+03   1.6337719e+01
   2.7900000e+03   1.6340735e+01
   2.8000000e+03   1.6360766e+01
   2.8100000e+03   1.6380956e+01
   2.8200000e+03   1.6398551e+01
   2.8300000e+03   1.6409989e+01
   2.8400000e+03   1.6426653e+01
   2.8500000e+03   1.6439762e+01
   2.8600000e+03   1.6457087e+01
   2.8700000e+03   1.6468153e+01
   2.8800000e+03   1.6480829e+01
   2.8900000e+03   1.6492897e+01
   2.9000000e+03   1.6507668e+01
   2.9100000e+03   1.6539227e+01
   2.9200000e+03   1.6538403e+01
   2.9300000e+03   1.6553431e+01
   2.9400000e+03   1.6563999e+01
   2.9500000e+03   1.6580020e+01
   2.9600000e+03   1.6601126e+01
   2.9700000e+03   1.6593477e+01
   2.9800000e+03   1.6618740e+01
   2.9900000e+03   1.6645469e+01
   3.0000000e+03   1.6653680e+01
   3.0100000e+03   1.6661502e+01
   3.0200000e+03   1.6680796e+01
   3.0300000e+03   1.6695768e+01
   3.0400000e+03   1.6686460e+01
   3.0500000e+03   1.6725014e+01
   3.0600000e+03   1.6714600e+01
   3.0700000e+03   1.6739245e+01
   3.0800000e+03   1.6752051e+01
   3.0900000e+03   1.6768568e+01
   3.1000000e+03   1.6782953e+01
   3.1100000e+03   1.6802520e+01
   3.1200000e+03   1.6799696e+01
   3.1300000e+03   1.6821721e+01
   3.1400000e+03   1.6827723e+01
   3.1500000e+03   1.6835525e+01
   3.1600000e+03   1.6840376e+01
   3.1700000e+03   1.6858477e+01
   3.1800000e+03   1.6873023e+01
   3.1900000e+03   1.6881557e+01
   3.2000000e+03   1.6884807e+01
   3.2100000e+03   1.6891695e+01
   3.2200000e+03   1.6892878e+01
   3.2300000e+03   1.6898068e+01
   3.2400000e+03   1.6906035e+01
   3.2500000e+03   1.6905067e+01
   3.2600000e+03   1.6912784e+01
   3.2700000e+03   1.6917835e+01
   3.2800000e+03   1.6925957e+01
   3.2900000e+03   1.6934511e+01
   3.3000000e+03   1.6935050e+01
   3.3100000e+03   1.6956034e+01
   3.3200000e+03   1.6952649e+01
   3.3300000e+03   1.6965025e+01
   3.3400000e+03   1.6955847e+01
   3.3500000e+03   1.6975310e+01
   3.3600000e+03   1.6980774e+01
   3.3700000e+03   1.7003003e+01
   3.3800000e+03   1.7026042e+01
   3.3900000e+03   1.7023662e+01
   3.4000000e+03   1.7031101e+01
   3.4100000e+03   1.7031004e+01
   3.4200000e+03   1.7035320e+01
   3.4300000e+03   1.7067407e+01
   3.4400000e+03   1.7077006e+01
   3.4500000e+03   1.7066915e+01
   3.4600000e+03   1.7066115e+01
   3.4700000e+03   1.7080895e+01
   3.4800000e+03   1.7072821e+01
   3.4900000e+03   1.7089332e+01
