   0.0000000e+00   2.1027288e+01
   1.0000000e+01   2.1033985e+01
   2.0000000e+01   2.1041403e+01
   3.0000000e+01   2.1029821e+01
   4.0000000e+01   2.1998940e+01
   5.0000000e+01   2.4368009e+01
   6.0000000e+01   2.6976317e+01
   7.0000000e+01   2.8732289e+01
   8.0000000e+01   3.0712124e+01
   9.0000000e+01   3.1936999e+01
   1.0000000e+02   3.3333534e+01
   1.1000000e+02   3.4309311e+01
   1.2000000e+02   3.4827173e+01
   1.3000000e+02   3.5473979e+01
   1.4000000e+02   3.6292051e+01
   1.5000000e+02   3.6761478e+01
   1.6000000e+02   3.7513423e+01
   1.7000000e+02   3.7628341e+01
   1.8000000e+02   3.8363127e+01
   1.9000000e+02   3.8475787e+01
   2.0000000e+02   3.8732174e+01
   2.1000000e+02   3.9437279e+01
   2.2000000e+02   3.9309121e+01
   2.3000000e+02   3.9991318e+01
   2.4000000e+02   3.9936687e+01
   2.5000000e+02   4.0453461e+01
   2.6000000e+02   4.0249163e+01
   2.7000000e+02   4.0462344e+01
   2.8000000e+02   4.1024039e+01
   2.9000000e+02   4.0694379e+01
   3.0000000e+02   4.1285173e+01
   3.1000000e+02   4.1382620e+01
   3.2000000e+02   4.1451761e+01
   3.3000000e+02   4.1571461e+01
   3.4000000e+02   4.1720565e+01
   3.5000000e+02   4.1971652e+01
   3.6000000e+02   4.1699013e+01
   3.7000000e+02   4.1657431e+01
   3.8000000e+02   4.2053967e+01
   3.9000000e+02   4.2220096e+01
   4.0000000e+02   4.2035329e+01
   4.1000000e+02   4.1926222e+01
   4.2000000e+02   4.2623501e+01
   4.3000000e+02   4.2406718e+01
   4.4000000e+02   4.2295486e+01
   4.5000000e+02   4.2276297e+01
   4.6000000e+02   4.2524724e+01
   4.7000000e+02   4.2546399e+01
   4.8000000e+02   4.2849676e+01
   4.9000000e+02   4.2896840e+01
   5.0000000e+02   4.2941518e+01
   5.1000000e+02   4.3193686e+01
   5.2000000e+02   4.2937445e+01
   5.3000000e+02   4.2850231e+01
   5.4000000e+02   4.3055335e+01
   5.5000000e+02   4.2881690e+01
   5.6000000e+02   4.3179880e+01
   5.7000000e+02   4.3419108e+01
   5.8000000e+02   4.3257588e+01
   5.9000000e+02   4.3281357e+01
   6.0000000e+02   4.3226071e+01
   6.1000000e+02   4.3366004e+01
   6.2000000e+02   4.3577344e+01
   6.3000000e+02   4.3619535e+01
   6.4000000e+02   4.3413897e+01
   6.5000000e+02   4.3763876e+01
   6.6000000e+02   4.3524426e+01
   6.7000000e+02   4.3963277e+01
   6.8000000e+02   4.3968885e+01
   6.9000000e+02   4.4099428e+01
   7.0000000e+02   4.4172268e+01
   7.1000000e+02   4.4346706e+01
   7.2000000e+02   4.4203391e+01
   7.3000000e+02   4.3733971e+01
   7.4000000e+02   4.3897696e+01
   7.5000000e+02   4.3873755e+01
   7.6000000e+02   4.4257726e+01
   7.7000000e+02   4.4145572e+01
   7.8000000e+02   4.4323838e+01
   7.9000000e+02   4.3817220e+01
   8.0000000e+02   4.4170628e+01
   8.1000000e+02   4.4254831e+01
   8.2000000e+02   4.4517297e+01
   8.3000000e+02   4.4517299e+01
   8.4000000e+02   4.4333598e+01
   8.5000000e+02   4.4336164e+01
   8.6000000e+02   4.4501719e+01
   8.7000000e+02   4.4422082e+01
   8.8000000e+02   4.4195279e+01
   8.9000000e+02   4.4371688e+01
   9.0000000e+02   4.4307617e+01
   9.1000000e+02   4.4399117e+01
   9.2000000e+02   4.4729600e+01
   9.3000000e+02   4.4359411e+01
   9.4000000e+02   4.4695033e+01
   9.5000000e+02   4.4194696e+01
   9.6000000e+02   4.4588129e+01
   9.7000000e+02   4.4782531e+01
   9.8000000e+02   4.4705374e+01
   9.9000000e+02   4.4545338e+01
   1.0000000e+03   4.4828174e+01
   1.0100000e+03   4.4782061e+01
   1.0200000e+03   4.4994412e+01
   1.0300000e+03   4.4821889e+01
   1.0400000e+03   4.4880698e+01
   1.0500000e+03   4.4393459e+01
   1.0600000e+03   4.4425585e+01
   1.0700000e+03   4.4179411e+01
   1.0800000e+03   4.4989926e+01
   1.0900000e+03   4.4902285e+01
   1.1000000e+03   4.4849568e+01
   1.1100000e+03   4.4716845e+01
   1.1200000e+03   4.4832863e+01
   1.1300000e+03   4.4973474e+01
   1.1400000e+03   4.4787513e+01
   1.1500000e+03   4.5083936e+01
   1.1600000e+03   4.4906836e+01
   1.1700000e+03   4.4904652e+01
   1.1800000e+03   4.4577810e+01
   1.1900000e+03   4.5195311e+01
   1.2000000e+03   4.4822685e+01
   1.2100000e+03   4.5070926e+01
   1.2200000e+03   4.4401665e+01
   1.2300000e+03   4.4716899e+01
   1.2400000e+03   4.4941219e+01
   1.2500000e+03   4.5037521e+01
   1.2600000e+03   4.5216331e+01
   1.2700000e+03   4.5123869e+01
   1.2800000e+03   4.4952528e+01
   1.2900000e+03   4.5190741e+01
   1.3000000e+03   4.5253424e+01
   1.3100000e+03   4.5401105e+01
   1.3200000e+03   4.5228950e+01
   1.3300000e+03   4.4568283e+01
   1.3400000e+03   4.4811765e+01
   1.3500000e+03   4.4488459e+01
   1.3600000e+03   4.5207060e+01
   1.3700000e+03   4.5407956e+01
   1.3800000e+03   4.5249540e+01
   1.3900000e+03   4.4792807e+01
   1.4000000e+03   4.5373318e+01
   1.4100000e+03   4.5494524e+01
   1.4200000e+03   4.5119775e+01
   1.4300000e+03   4.5420612e+01
   1.4400000e+03   4.5303973e+01
   1.4500000e+03   4.5251825e+01
   1.4600000e+03   4.4886363e+01
   1.4700000e+03   4.4701867e+01
   1.4800000e+03   4.4604111e+01
   1.4900000e+03   4.5072563e+01
   1.5000000e+03   4.5182018e+01
   1.5100000e+03   4.5277702e+01
   1.5200000e+03   4.5260083e+01
   1.5300000e+03   4.5480222e+01
   1.5400000e+03   4.5016858e+01
   1.5500000e+03   4.5299291e+01
   1.5600000e+03   4.5090648e+01
   1.5700000e+03   4.5245569e+01
   1.5800000e+03   4.5119276e+01
   1.5900000e+03   4.5303666e+01
   1.6000000e+03   4.5443712e+01
   1.6100000e+03   4.5317152e+01
   1.6200000e+03   4.5241819e+01
   1.6300000e+03   4.5335855e+01
   1.6400000e+03   4.5175302e+01
   1.6500000e+03   4.5107757e+01
   1.6600000e+03   4.4871739e+01
   1.6700000e+03   4.5029521e+01
   1.6800000e+03   4.5529770e+01
   1.6900000e+03   4.5327599e+01
   1.7000000e+03   4.4970727e+01
   1.7100000e+03   4.5264678e+01
   1.7200000e+03   4.5303333e+01
   1.7300000e+03   4.4943272e+01
   1.7400000e+03   4.5290420e+01
   1.7500000e+03   4.4767618e+01
   1.7600000e+03   4.4966460e+01
   1.7700000e+03   4.5382428e+01
   1.7800000e+03   4.5625701e+01
   1.7900000e+03   4.5314009e+01
   1.8000000e+03   4.5176502e+01
   1.8100000e+03   4.4877109e+01
   1.8200000e+03   4.5288291e+01
   1.8300000e+03   4.5174694e+01
   1.8400000e+03   4.5433125e+01
   1.8500000e+03   4.5675516e+01
   1.8600000e+03   4.5439624e+01
   1.8700000e+03   4.5629707e+01
   1.8800000e+03   4.5609261e+01
   1.8900000e+03   4.5447439e+01
   1.9000000e+03   4.5586902e+01
   1.9100000e+03   4.5253270e+01
   1.9200000e+03   4.5493172e+01
   1.9300000e+03   4.5575402e+01
   1.9400000e+03   4.5373604e+01
   1.9500000e+03   4.5287369e+01
   1.9600000e+03   4.4581820e+01
   1.9700000e+03   4.5290439e+01
   1.9800000e+03   4.5770232e+01
   1.9900000e+03   4.5827137e+01
   2.0000000e+03   4.5729033e+01
   2.0100000e+03   4.5882085e+01
   2.0200000e+03   4.5782208e+01
   2.0300000e+03   4.5547083e+01
   2.0400000e+03   4.5645880e+01
   2.0500000e+03   4.5726322e+01
   2.0600000e+03   4.5383350e+01
   2.0700000e+03   4.5710533e+01
   2.0800000e+03   4.5924147e+01
   2.0900000e+03   4.5588960e+01
   2.1000000e+03   4.5675593e+01
   2.1100000e+03   4.5748760e+01
   2.1200000e+03   4.5342628e+01
   2.1300000e+03   4.5672437e+01
   2.1400000e+03   4.5871322e+01
   2.1500000e+03   4.5854054e+01
   2.1600000e+03   4.5340707e+01
   2.1700000e+03   4.4898548e+01
   2.1800000e+03   4.6047852e+01
   2.1900000e+03   4.5793155e+01
   2.2000000e+03   4.5927756e+01
   2.2100000e+03   4.5950344e+01
   2.2200000e+03   4.5757177e+01
   2.2300000e+03   4.5883745e+01
   2.2400000e+03   4.6054833e+01
   2.2500000e+03   4.5865531e+01
   2.2600000e+03   4.5762320e+01
   2.2700000e+03   4.5766959e+01
   2.2800000e+03   4.5618521e+01
   2.2900000e+03   4.5826176e+01
   2.3000000e+03   4.5570458e+01
   2.3100000e+03   4.5607346e+01
   2.3200000e+03   4.5282808e+01
   2.3300000e+03   4.5991756e+01
   2.3400000e+03   4.5907234e+01
   2.3500000e+03   4.5862095e+01
   2.3600000e+03   4.5473508e+01
   2.3700000e+03   4.5523119e+01
   2.3800000e+03   4.5869161e+01
   2.3900000e+03   4.5942693e+01
   2.4000000e+03   4.5816675e+01
   2.4100000e+03   4.5763156e+01
   2.4200000e+03   4.6039478e+01
   2.4300000e+03   4.5979559e+01
   2.4400000e+03   4.6068544e+01
   2.4500000e+03   4.5484022e+01
   2.4600000e+03   4.5780574e+01
   2.4700000e+03   4.5660970e+01
   2.4800000e+03   4.5801654e+01
   2.4900000e+03   4.6005247e+01
   2.5000000e+03   4.5812325e+01
   2.5100000e+03   4.6067999e+01
   2.5200000e+03   4.5468553e+01
   2.5300000e+03   4.5836032e+01
   2.5400000e+03   4.6115686e+01
   2.5500000e+03   4.5988340e+01
   2.5600000e+03   4.5964861e+01
   2.5700000e+03   4.6097854e+01
   2.5800000e+03   4.5664483e+01
   2.5900000e+03   4.6014632e+01
   2.6000000e+03   4.5988243e+01
   2.6100000e+03   4.5696516e+01
   2.6200000e+03   4.5975513e+01
   2.6300000e+03   4.6204762e+01
   2.6400000e+03   4.5671580e+01
   2.6500000e+03   4.6075067e+01
   2.6600000e+03   4.5462311e+01
   2.6700000e+03   4.6110021e+01
   2.6800000e+03   4.5888880e+01
   2.6900000e+03   4.6129467e+01
   2.7000000e+03   4.5864227e+01
   2.7100000e+03   4.5854607e+01
   2.7200000e+03   4.6080923e+01
   2.7300000e+03   4.5976494e+01
   2.7400000e+03   4.5654319e+01
   2.7500000e+03   4.5706712e+01
   2.7600000e+03   4.6108662e+01
   2.7700000e+03   4.6111207e+01
   2.7800000e+03   4.6106950e+01
   2.7900000e+03   4.5741586e+01
   2.8000000e+03   4.5998104e+01
   2.8100000e+03   4.5885404e+01
   2.8200000e+03   4.6137607e+01
   2.8300000e+03   4.5781639e+01
   2.8400000e+03   4.6135717e+01
   2.8500000e+03   4.5777834e+01
   2.8600000e+03   4.6242691e+01
   2.8700000e+03   4.5932509e+01
   2.8800000e+03   4.6236411e+01
   2.8900000e+03   4.6068431e+01
   2.9000000e+03   4.6130936e+01
   2.9100000e+03   4.5789663e+01
   2.9200000e+03   4.6045902e+01
   2.9300000e+03   4.6326633e+01
   2.9400000e+03   4.6370797e+01
   2.9500000e+03   4.6228970e+01
   2.9600000e+03   4.6294067e+01
   2.9700000e+03   4.6272025e+01
   2.9800000e+03   4.6070073e+01
   2.9900000e+03   4.6261148e+01
   3.0000000e+03   4.6116034e+01
   3.0100000e+03   4.6011589e+01
   3.0200000e+03   4.6164579e+01
   3.0300000e+03   4.6029059e+01
   3.0400000e+03   4.6178917e+01
   3.0500000e+03   4.6019452e+01
   3.0600000e+03   4.5851837e+01
   3.0700000e+03   4.6322622e+01
   3.0800000e+03   4.5857488e+01
   3.0900000e+03   4.6288442e+01
   3.1000000e+03   4.6101987e+01
   3.1100000e+03   4.5710019e+01
   3.1200000e+03   4.6314431e+01
   3.1300000e+03   4.6330814e+01
   3.1400000e+03   4.6280719e+01
   3.1500000e+03   4.5713542e+01
   3.1600000e+03   4.6097101e+01
   3.1700000e+03   4.6413262e+01
   3.1800000e+03   4.6256567e+01
   3.1900000e+03   4.6189419e+01
   3.2000000e+03   4.6256870e+01
   3.2100000e+03   4.6212022e+01
   3.2200000e+03   4.6291150e+01
   3.2300000e+03   4.6336950e+01
   3.2400000e+03   4.6296308e+01
   3.2500000e+03   4.6144843e+01
   3.2600000e+03   4.6247717e+01
   3.2700000e+03   4.6165586e+01
   3.2800000e+03   4.6409946e+01
   3.2900000e+03   4.6354016e+01
   3.3000000e+03   4.6172731e+01
   3.3100000e+03   4.6504603e+01
   3.3200000e+03   4.6385592e+01
   3.3300000e+03   4.6428339e+01
   3.3400000e+03   4.6428009e+01
   3.3500000e+03   4.6462079e+01
   3.3600000e+03   4.6199902e+01
   3.3700000e+03   4.6163828e+01
   3.3800000e+03   4.6314508e+01
   3.3900000e+03   4.6341352e+01
   3.4000000e+03   4.6502943e+01
   3.4100000e+03   4.6291860e+01
   3.4200000e+03   4.6065359e+01
   3.4300000e+03   4.6331016e+01
   3.4400000e+03   4.6308484e+01
   3.4500000e+03   4.6215585e+01
   3.4600000e+03   4.5986297e+01
   3.4700000e+03   4.5848458e+01
   3.4800000e+03   4.6333837e+01
   3.4900000e+03   4.6403850e+01
