   0.0000000e+00   3.3636048e-03
   1.0000000e+01  -6.6769729e-04
   2.0000000e+01   6.2607060e-01
   3.0000000e+01   2.1043230e+00
   4.0000000e+01   3.4324995e+00
   5.0000000e+01   4.6370236e+00
   6.0000000e+01   5.7150047e+00
   7.0000000e+01   6.7366479e+00
   8.0000000e+01   7.7125872e+00
   9.0000000e+01   8.7029765e+00
   1.0000000e+02   9.7659318e+00
   1.1000000e+02   1.0668197e+01
   1.2000000e+02   1.1515436e+01
   1.3000000e+02   1.2324518e+01
   1.4000000e+02   1.3052535e+01
   1.5000000e+02   1.3692359e+01
   1.6000000e+02   1.4369248e+01
   1.7000000e+02   1.5050128e+01
   1.8000000e+02   1.5629629e+01
   1.9000000e+02   1.6353494e+01
   2.0000000e+02   1.6927504e+01
   2.1000000e+02   1.7446107e+01
   2.2000000e+02   1.7988098e+01
   2.3000000e+02   1.8577035e+01
   2.4000000e+02   1.9131046e+01
   2.5000000e+02   1.9581816e+01
   2.6000000e+02   2.0092074e+01
   2.7000000e+02   2.0568296e+01
   2.8000000e+02   2.1075846e+01
   2.9000000e+02   2.1490401e+01
   3.0000000e+02   2.1888478e+01
   3.1000000e+02   2.2209170e+01
   3.2000000e+02   2.2616200e+01
   3.3000000e+02   2.2953597e+01
   3.4000000e+02   2.3386888e+01
   3.5000000e+02   2.3722028e+01
   3.6000000e+02   2.4068339e+01
   3.7000000e+02   2.4416664e+01
   3.8000000e+02   2.4744283e+01
   3.9000000e+02   2.5092691e+01
   4.0000000e+02   2.5462078e+01
   4.1000000e+02   2.5716875e+01
   4.2000000e+02   2.5965526e+01
   4.3000000e+02   2.6215745e+01
   4.4000000e+02   2.6543777e+01
   4.5000000e+02   2.6863969e+01
   4.6000000e+02   2.7198167e+01
   4.7000000e+02   2.7381030e+01
   4.8000000e+02   2.7578301e+01
   4.9000000e+02   2.7899740e+01
   5.0000000e+02   2.8065042e+01
   5.1000000e+02   2.8338689e+01
   5.2000000e+02   2.8603493e+01
   5.3000000e+02   2.8733687e+01
   5.4000000e+02   2.8910747e+01
   5.5000000e+02   2.9083675e+01
   5.6000000e+02   2.9260926e+01
   5.7000000e+02   2.9455949e+01
   5.8000000e+02   2.9743448e+01
   5.9000000e+02   2.9878392e+01
   6.0000000e+02   3.0087454e+01
   6.1000000e+02   3.0304423e+01
   6.2000000e+02   3.0493599e+01
   6.3000000e+02   3.0583868e+01
   6.4000000e+02   3.0775742e+01
   6.5000000e+02   3.0811681e+01
   6.6000000e+02   3.1005934e+01
   6.7000000e+02   3.1217412e+01
   6.8000000e+02   3.1316639e+01
   6.9000000e+02   3.1563710e+01
   7.0000000e+02   3.1628608e+01
   7.1000000e+02   3.1775222e+01
   7.2000000e+02   3.2024031e+01
   7.3000000e+02   3.2229867e+01
   7.4000000e+02   3.2287184e+01
   7.5000000e+02   3.2476096e+01
   7.6000000e+02   3.2571084e+01
   7.7000000e+02   3.2731926e+01
   7.8000000e+02   3.2905531e+01
   7.9000000e+02   3.3001375e+01
   8.0000000e+02   3.3093840e+01
   8.1000000e+02   3.3169904e+01
   8.2000000e+02   3.3264600e+01
   8.3000000e+02   3.3419021e+01
   8.4000000e+02   3.3524045e+01
   8.5000000e+02   3.3637738e+01
   8.6000000e+02   3.3778722e+01
   8.7000000e+02   3.3836327e+01
   8.8000000e+02   3.4012702e+01
   8.9000000e+02   3.4073502e+01
   9.0000000e+02   3.4234185e+01
   9.1000000e+02   3.4272548e+01
   9.2000000e+02   3.4255839e+01
   9.3000000e+02   3.4410577e+01
   9.4000000e+02   3.4523280e+01
   9.5000000e+02   3.4662653e+01
   9.6000000e+02   3.4778988e+01
   9.7000000e+02   3.4835585e+01
   9.8000000e+02   3.4925696e+01
   9.9000000e+02   3.4817519e+01
   1.0000000e+03   3.5059483e+01
   1.0100000e+03   3.5164612e+01
   1.0200000e+03   3.5098115e+01
   1.0300000e+03   3.5167256e+01
   1.0400000e+03   3.5321439e+01
   1.0500000e+03   3.5467510e+01
   1.0600000e+03   3.5557003e+01
   1.0700000e+03   3.5749783e+01
   1.0800000e+03   3.5701127e+01
   1.0900000e+03   3.5693059e+01
   1.1000000e+03   3.5874609e+01
   1.1100000e+03   3.5830672e+01
   1.1200000e+03  -2.6327617e+02
   1.1300000e+03  -2.6327617e+02
   1.1400000e+03  -2.6327617e+02
   1.1500000e+03  -2.6327617e+02
   1.1600000e+03  -2.6327617e+02
   1.1700000e+03  -2.6327617e+02
   1.1800000e+03  -2.6327617e+02
   1.1900000e+03  -2.6327617e+02
   1.2000000e+03  -2.6327617e+02
   1.2100000e+03  -2.6327617e+02
   1.2200000e+03  -2.6327617e+02
   1.2300000e+03  -2.6327617e+02
   1.2400000e+03  -2.6327617e+02
   1.2500000e+03  -2.6327617e+02
   1.2600000e+03  -2.6327617e+02
   1.2700000e+03  -2.6327617e+02
   1.2800000e+03  -2.6327617e+02
   1.2900000e+03  -2.6327617e+02
   1.3000000e+03  -2.6327617e+02
   1.3100000e+03  -2.6327617e+02
   1.3200000e+03  -2.6327617e+02
   1.3300000e+03  -2.6327617e+02
   1.3400000e+03  -2.6327617e+02
   1.3500000e+03  -2.6327617e+02
   1.3600000e+03  -2.6327617e+02
   1.3700000e+03  -2.6327617e+02
   1.3800000e+03  -2.6327617e+02
   1.3900000e+03  -2.6327617e+02
   1.4000000e+03  -2.6327617e+02
   1.4100000e+03  -2.6327617e+02
   1.4200000e+03  -2.6327617e+02
   1.4300000e+03  -2.6327617e+02
   1.4400000e+03  -2.6327617e+02
   1.4500000e+03  -2.6327617e+02
   1.4600000e+03  -2.6327617e+02
   1.4700000e+03  -2.6327617e+02
   1.4800000e+03  -2.6327617e+02
   1.4900000e+03  -2.6327617e+02
   1.5000000e+03  -2.6327617e+02
   1.5100000e+03  -2.6327617e+02
   1.5200000e+03  -2.6327617e+02
   1.5300000e+03  -2.6327617e+02
   1.5400000e+03  -2.6327617e+02
   1.5500000e+03  -2.6327617e+02
   1.5600000e+03  -2.6327617e+02
   1.5700000e+03  -2.6327617e+02
   1.5800000e+03  -2.6327617e+02
   1.5900000e+03  -2.6327617e+02
   1.6000000e+03  -2.6327617e+02
   1.6100000e+03  -2.6327617e+02
   1.6200000e+03  -2.6327617e+02
   1.6300000e+03  -2.6327617e+02
   1.6400000e+03  -2.6327617e+02
   1.6500000e+03  -2.6327617e+02
   1.6600000e+03  -2.6327617e+02
   1.6700000e+03  -2.6327617e+02
   1.6800000e+03  -2.6327617e+02
   1.6900000e+03  -2.6327617e+02
   1.7000000e+03  -2.6327617e+02
   1.7100000e+03  -2.6327617e+02
   1.7200000e+03  -2.6327617e+02
   1.7300000e+03  -2.6327617e+02
   1.7400000e+03  -2.6327617e+02
   1.7500000e+03  -2.6327617e+02
   1.7600000e+03  -2.6327617e+02
   1.7700000e+03  -2.6327617e+02
   1.7800000e+03  -2.6327617e+02
   1.7900000e+03  -2.6327617e+02
   1.8000000e+03  -2.6327617e+02
   1.8100000e+03  -2.6327617e+02
   1.8200000e+03  -2.6327617e+02
   1.8300000e+03  -2.6327617e+02
   1.8400000e+03  -2.6327617e+02
   1.8500000e+03  -2.6327617e+02
   1.8600000e+03  -2.6327617e+02
   1.8700000e+03  -2.6327617e+02
   1.8800000e+03  -2.6327617e+02
   1.8900000e+03  -2.6327617e+02
   1.9000000e+03  -2.6327617e+02
   1.9100000e+03  -2.6327617e+02
   1.9200000e+03  -2.6327617e+02
   1.9300000e+03  -2.6327617e+02
   1.9400000e+03  -2.6327617e+02
   1.9500000e+03  -2.6327617e+02
   1.9600000e+03  -2.6327617e+02
   1.9700000e+03  -2.6327617e+02
   1.9800000e+03  -2.6327617e+02
   1.9900000e+03  -2.6327617e+02
   2.0000000e+03  -2.6327617e+02
   2.0100000e+03  -2.6327617e+02
   2.0200000e+03  -2.6327617e+02
   2.0300000e+03  -2.6327617e+02
   2.0400000e+03  -2.6327617e+02
   2.0500000e+03  -2.6327617e+02
   2.0600000e+03  -2.6327617e+02
   2.0700000e+03  -2.6327617e+02
   2.0800000e+03  -2.6327617e+02
   2.0900000e+03  -2.6327617e+02
   2.1000000e+03  -2.6327617e+02
   2.1100000e+03  -2.6327617e+02
   2.1200000e+03  -2.6327617e+02
   2.1300000e+03  -2.6327617e+02
   2.1400000e+03  -2.6327617e+02
   2.1500000e+03  -2.6327617e+02
   2.1600000e+03  -2.6327617e+02
   2.1700000e+03  -2.6327617e+02
   2.1800000e+03  -2.6327617e+02
   2.1900000e+03  -2.6327617e+02
   2.2000000e+03  -2.6327617e+02
   2.2100000e+03  -2.6327617e+02
   2.2200000e+03  -2.6327617e+02
   2.2300000e+03  -2.6327617e+02
   2.2400000e+03  -2.6327617e+02
   2.2500000e+03  -2.6327617e+02
   2.2600000e+03  -2.6327617e+02
   2.2700000e+03  -2.6327617e+02
   2.2800000e+03  -2.6327617e+02
   2.2900000e+03  -2.6327617e+02
   2.3000000e+03  -2.6327617e+02
   2.3100000e+03  -2.6327617e+02
   2.3200000e+03  -2.6327617e+02
   2.3300000e+03  -2.6327617e+02
   2.3400000e+03  -2.6327617e+02
   2.3500000e+03  -2.6327617e+02
   2.3600000e+03  -2.6327617e+02
   2.3700000e+03  -2.6327617e+02
   2.3800000e+03  -2.6327617e+02
   2.3900000e+03  -2.6327617e+02
   2.4000000e+03  -2.6327617e+02
   2.4100000e+03  -2.6327617e+02
   2.4200000e+03  -2.6327617e+02
   2.4300000e+03  -2.6327617e+02
   2.4400000e+03  -2.6327617e+02
   2.4500000e+03  -2.6327617e+02
   2.4600000e+03  -2.6327617e+02
   2.4700000e+03  -2.6327617e+02
   2.4800000e+03  -2.6327617e+02
   2.4900000e+03  -2.6327617e+02
   2.5000000e+03  -2.6327617e+02
   2.5100000e+03  -2.6327617e+02
   2.5200000e+03  -2.6327617e+02
   2.5300000e+03  -2.6327617e+02
   2.5400000e+03  -2.6327617e+02
   2.5500000e+03  -2.6327617e+02
   2.5600000e+03  -2.6327617e+02
   2.5700000e+03  -2.6327617e+02
   2.5800000e+03  -2.6327617e+02
   2.5900000e+03  -2.6327617e+02
   2.6000000e+03  -2.6327617e+02
   2.6100000e+03  -2.6327617e+02
   2.6200000e+03  -2.6327617e+02
   2.6300000e+03  -2.6327617e+02
   2.6400000e+03  -2.6327617e+02
   2.6500000e+03  -2.6327617e+02
   2.6600000e+03  -2.6327617e+02
   2.6700000e+03  -2.6327617e+02
   2.6800000e+03  -2.6327617e+02
   2.6900000e+03  -2.6327617e+02
   2.7000000e+03  -2.6327617e+02
   2.7100000e+03  -2.6327617e+02
   2.7200000e+03  -2.6327617e+02
   2.7300000e+03  -2.6327617e+02
   2.7400000e+03  -2.6327617e+02
   2.7500000e+03  -2.6327617e+02
   2.7600000e+03  -2.6327617e+02
   2.7700000e+03  -2.6327617e+02
   2.7800000e+03  -2.6327617e+02
   2.7900000e+03  -2.6327617e+02
   2.8000000e+03  -2.6327617e+02
   2.8100000e+03  -2.6327617e+02
   2.8200000e+03  -2.6327617e+02
   2.8300000e+03  -2.6327617e+02
   2.8400000e+03  -2.6327617e+02
   2.8500000e+03  -2.6327617e+02
   2.8600000e+03  -2.6327617e+02
   2.8700000e+03  -2.6327617e+02
   2.8800000e+03  -2.6327617e+02
   2.8900000e+03  -2.6327617e+02
   2.9000000e+03  -2.6327617e+02
   2.9100000e+03  -2.6327617e+02
   2.9200000e+03  -2.6327617e+02
   2.9300000e+03  -2.6327617e+02
   2.9400000e+03  -2.6327617e+02
   2.9500000e+03  -2.6327617e+02
   2.9600000e+03  -2.6327617e+02
   2.9700000e+03  -2.6327617e+02
   2.9800000e+03  -2.6327617e+02
   2.9900000e+03  -2.6327617e+02
   3.0000000e+03  -2.6327617e+02
   3.0100000e+03  -2.6327617e+02
   3.0200000e+03  -2.6327617e+02
   3.0300000e+03  -2.6327617e+02
   3.0400000e+03  -2.6327617e+02
   3.0500000e+03  -2.6327617e+02
   3.0600000e+03  -2.6327617e+02
   3.0700000e+03  -2.6327617e+02
   3.0800000e+03  -2.6327617e+02
   3.0900000e+03  -2.6327617e+02
   3.1000000e+03  -2.6327617e+02
   3.1100000e+03  -2.6327617e+02
   3.1200000e+03  -2.6327617e+02
   3.1300000e+03  -2.6327617e+02
   3.1400000e+03  -2.6327617e+02
   3.1500000e+03  -2.6327617e+02
   3.1600000e+03  -2.6327617e+02
   3.1700000e+03  -2.6327617e+02
   3.1800000e+03  -2.6327617e+02
   3.1900000e+03  -2.6327617e+02
   3.2000000e+03  -2.6327617e+02
   3.2100000e+03  -2.6327617e+02
   3.2200000e+03  -2.6327617e+02
   3.2300000e+03  -2.6327617e+02
   3.2400000e+03  -2.6327617e+02
   3.2500000e+03  -2.6327617e+02
   3.2600000e+03  -2.6327617e+02
   3.2700000e+03  -2.6327617e+02
   3.2800000e+03  -2.6327617e+02
   3.2900000e+03  -2.6327617e+02
   3.3000000e+03  -2.6327617e+02
   3.3100000e+03  -2.6327617e+02
   3.3200000e+03  -2.6327617e+02
   3.3300000e+03  -2.6327617e+02
   3.3400000e+03  -2.6327617e+02
   3.3500000e+03  -2.6327617e+02
   3.3600000e+03  -2.6327617e+02
   3.3700000e+03  -2.6327617e+02
   3.3800000e+03  -2.6327617e+02
   3.3900000e+03  -2.6327617e+02
   3.4000000e+03  -2.6327617e+02
   3.4100000e+03  -2.6327617e+02
   3.4200000e+03  -2.6327617e+02
   3.4300000e+03  -2.6327617e+02
   3.4400000e+03  -2.6327617e+02
   3.4500000e+03  -2.6327617e+02
   3.4600000e+03  -2.6327617e+02
   3.4700000e+03  -2.6327617e+02
   3.4800000e+03  -2.6327617e+02
   3.4900000e+03  -2.6327617e+02
