   0.0000000e+00   4.6584591e-03
   1.0000000e+01   1.9848020e-03
   2.0000000e+01   3.8637059e-03
   3.0000000e+01   1.1413709e-02
   4.0000000e+01  -8.5776042e-02
   5.0000000e+01  -1.8830336e+00
   6.0000000e+01  -6.0043100e+00
   7.0000000e+01  -9.2827553e+00
   8.0000000e+01  -1.2760465e+01
   9.0000000e+01  -1.5910385e+01
   1.0000000e+02  -1.8326700e+01
   1.1000000e+02  -2.0096888e+01
   1.2000000e+02  -2.1597315e+01
   1.3000000e+02  -2.2697820e+01
   1.4000000e+02  -2.3802318e+01
   1.5000000e+02  -2.4546240e+01
   1.6000000e+02  -2.5242116e+01
   1.7000000e+02  -2.5780855e+01
   1.8000000e+02  -2.6544459e+01
   1.9000000e+02  -2.6908413e+01
   2.0000000e+02  -2.7333932e+01
   2.1000000e+02  -2.7743096e+01
   2.2000000e+02  -2.8071736e+01
   2.3000000e+02  -2.8335383e+01
   2.4000000e+02  -2.8521359e+01
   2.5000000e+02  -2.8861845e+01
   2.6000000e+02  -2.9018900e+01
   2.7000000e+02  -2.9130291e+01
   2.8000000e+02  -2.9353422e+01
   2.9000000e+02  -2.9467185e+01
   3.0000000e+02  -2.9652257e+01
   3.1000000e+02  -2.9710661e+01
   3.2000000e+02  -2.9872726e+01
   3.3000000e+02  -2.9981760e+01
   3.4000000e+02  -2.9966726e+01
   3.5000000e+02  -2.9979539e+01
   3.6000000e+02  -3.0247567e+01
   3.7000000e+02  -3.0314805e+01
   3.8000000e+02  -3.0278293e+01
   3.9000000e+02  -3.0297345e+01
   4.0000000e+02  -3.0411301e+01
   4.1000000e+02  -3.0497506e+01
   4.2000000e+02  -3.0448129e+01
   4.3000000e+02  -3.0707615e+01
   4.4000000e+02  -3.0788855e+01
   4.5000000e+02  -3.0881912e+01
   4.6000000e+02  -3.1067299e+01
   4.7000000e+02  -3.1006800e+01
   4.8000000e+02  -3.0999821e+01
   4.9000000e+02  -3.1017450e+01
   5.0000000e+02  -3.1003027e+01
   5.1000000e+02  -3.0946041e+01
   5.2000000e+02  -3.1046412e+01
   5.3000000e+02  -3.0960624e+01
   5.4000000e+02  -3.0915320e+01
   5.5000000e+02  -3.0966440e+01
   5.6000000e+02  -3.0782305e+01
   5.7000000e+02  -3.0866255e+01
   5.8000000e+02  -3.0877765e+01
   5.9000000e+02  -3.0680864e+01
   6.0000000e+02  -3.0664670e+01
   6.1000000e+02  -3.1116292e+01
   6.2000000e+02  -3.0946781e+01
   6.3000000e+02  -3.0881060e+01
   6.4000000e+02  -3.1041935e+01
   6.5000000e+02  -3.1098094e+01
   6.6000000e+02  -3.1059503e+01
   6.7000000e+02  -3.1083002e+01
   6.8000000e+02  -3.1202630e+01
   6.9000000e+02  -3.1189338e+01
   7.0000000e+02  -3.1066261e+01
   7.1000000e+02  -3.1110000e+01
   7.2000000e+02  -3.1160650e+01
   7.3000000e+02  -3.1084044e+01
   7.4000000e+02  -3.1052050e+01
   7.5000000e+02  -3.0920351e+01
   7.6000000e+02  -3.0993776e+01
   7.7000000e+02  -3.1053274e+01
   7.8000000e+02  -3.0955844e+01
   7.9000000e+02  -3.0971315e+01
   8.0000000e+02  -3.1127027e+01
   8.1000000e+02  -3.1160694e+01
   8.2000000e+02  -3.1049009e+01
   8.3000000e+02  -3.1021644e+01
   8.4000000e+02  -3.1004039e+01
   8.5000000e+02  -3.1044485e+01
   8.6000000e+02  -3.1299599e+01
   8.7000000e+02  -3.1351349e+01
   8.8000000e+02  -3.1452834e+01
   8.9000000e+02  -3.1474408e+01
   9.0000000e+02  -3.1514855e+01
   9.1000000e+02  -3.1414830e+01
   9.2000000e+02  -3.1443433e+01
   9.3000000e+02  -3.1493236e+01
   9.4000000e+02  -3.1610614e+01
   9.5000000e+02  -3.1606773e+01
   9.6000000e+02  -3.1580392e+01
   9.7000000e+02  -3.1405016e+01
   9.8000000e+02  -3.1589622e+01
   9.9000000e+02  -3.1491379e+01
   1.0000000e+03  -3.1431429e+01
   1.0100000e+03  -3.1528088e+01
   1.0200000e+03  -3.1592161e+01
   1.0300000e+03  -3.1431112e+01
   1.0400000e+03  -3.1536211e+01
   1.0500000e+03  -3.1377490e+01
   1.0600000e+03  -3.1452673e+01
   1.0700000e+03  -3.1551280e+01
   1.0800000e+03  -3.1462172e+01
   1.0900000e+03  -3.1408088e+01
   1.1000000e+03  -3.1480428e+01
   1.1100000e+03  -3.1574003e+01
   1.1200000e+03  -3.1398645e+01
   1.1300000e+03  -3.1518913e+01
   1.1400000e+03  -3.1637663e+01
   1.1500000e+03  -3.1577690e+01
   1.1600000e+03  -3.1667705e+01
   1.1700000e+03  -3.1703367e+01
   1.1800000e+03  -3.1489767e+01
   1.1900000e+03  -3.1319254e+01
   1.2000000e+03  -3.1449456e+01
   1.2100000e+03  -3.1520076e+01
   1.2200000e+03  -3.1516119e+01
   1.2300000e+03  -3.1466297e+01
   1.2400000e+03  -3.1385180e+01
   1.2500000e+03  -3.1531470e+01
   1.2600000e+03  -3.1460019e+01
   1.2700000e+03  -3.1509212e+01
   1.2800000e+03  -3.1386383e+01
   1.2900000e+03  -3.1460757e+01
   1.3000000e+03  -3.1430845e+01
   1.3100000e+03  -3.1405452e+01
   1.3200000e+03  -3.1297794e+01
   1.3300000e+03  -3.1299097e+01
   1.3400000e+03  -3.1186393e+01
   1.3500000e+03  -3.1192044e+01
   1.3600000e+03  -3.1023834e+01
   1.3700000e+03  -3.0985429e+01
   1.3800000e+03  -3.0906619e+01
   1.3900000e+03  -3.0737465e+01
   1.4000000e+03  -3.0916860e+01
   1.4100000e+03  -3.1170477e+01
   1.4200000e+03  -3.1014679e+01
   1.4300000e+03  -3.1124625e+01
   1.4400000e+03  -3.1019619e+01
   1.4500000e+03  -3.1032359e+01
   1.4600000e+03  -3.0994059e+01
   1.4700000e+03  -3.1112497e+01
   1.4800000e+03  -3.1160080e+01
   1.4900000e+03  -3.1164846e+01
   1.5000000e+03  -3.1164348e+01
   1.5100000e+03  -3.1261078e+01
   1.5200000e+03  -3.1235160e+01
   1.5300000e+03  -3.1298211e+01
   1.5400000e+03  -3.1210174e+01
   1.5500000e+03  -3.1332643e+01
   1.5600000e+03  -3.1364076e+01
   1.5700000e+03  -3.1225017e+01
   1.5800000e+03  -3.1195859e+01
   1.5900000e+03  -3.1276395e+01
   1.6000000e+03  -3.1388520e+01
   1.6100000e+03  -3.1441106e+01
   1.6200000e+03  -3.1428427e+01
   1.6300000e+03  -3.1305128e+01
   1.6400000e+03  -3.1341170e+01
   1.6500000e+03  -3.1397394e+01
   1.6600000e+03  -3.1480995e+01
   1.6700000e+03  -3.1389526e+01
   1.6800000e+03  -3.1435577e+01
   1.6900000e+03  -3.1383075e+01
   1.7000000e+03  -3.1411382e+01
   1.7100000e+03  -3.1406136e+01
   1.7200000e+03  -3.1570035e+01
   1.7300000e+03  -3.1550389e+01
   1.7400000e+03  -3.1570412e+01
   1.7500000e+03  -3.1510201e+01
   1.7600000e+03  -3.1582723e+01
   1.7700000e+03  -3.1636820e+01
   1.7800000e+03  -3.1596971e+01
   1.7900000e+03  -3.1623075e+01
   1.8000000e+03  -3.1606974e+01
   1.8100000e+03  -3.1678354e+01
   1.8200000e+03  -3.1644053e+01
   1.8300000e+03  -3.1544286e+01
   1.8400000e+03  -3.1616990e+01
   1.8500000e+03  -3.1664193e+01
   1.8600000e+03  -3.1559827e+01
   1.8700000e+03  -3.1521715e+01
   1.8800000e+03  -3.1477154e+01
   1.8900000e+03  -3.1425638e+01
   1.9000000e+03  -3.1442134e+01
   1.9100000e+03  -3.1511941e+01
   1.9200000e+03  -3.1549544e+01
   1.9300000e+03  -3.1458842e+01
   1.9400000e+03  -3.1382585e+01
   1.9500000e+03  -3.1360749e+01
   1.9600000e+03  -3.1426483e+01
   1.9700000e+03  -3.1379392e+01
   1.9800000e+03  -3.1249384e+01
   1.9900000e+03  -3.1322499e+01
   2.0000000e+03  -3.1260141e+01
   2.0100000e+03  -3.1305864e+01
   2.0200000e+03  -3.1380044e+01
   2.0300000e+03  -3.1255591e+01
   2.0400000e+03  -3.1197662e+01
   2.0500000e+03  -3.1159745e+01
   2.0600000e+03  -3.1315959e+01
   2.0700000e+03  -3.1288583e+01
   2.0800000e+03  -3.1248776e+01
   2.0900000e+03  -3.1293543e+01
   2.1000000e+03  -3.1231832e+01
   2.1100000e+03  -3.1224874e+01
   2.1200000e+03  -3.1229158e+01
   2.1300000e+03  -3.1319364e+01
   2.1400000e+03  -3.1241657e+01
   2.1500000e+03  -3.1297767e+01
   2.1600000e+03  -3.1209474e+01
   2.1700000e+03  -3.1306348e+01
   2.1800000e+03  -3.1158245e+01
   2.1900000e+03  -3.1357032e+01
   2.2000000e+03  -3.1222262e+01
   2.2100000e+03  -3.1181209e+01
   2.2200000e+03  -3.1229157e+01
   2.2300000e+03  -3.1253870e+01
   2.2400000e+03  -3.1188239e+01
   2.2500000e+03  -3.1222951e+01
   2.2600000e+03  -3.1228091e+01
   2.2700000e+03  -3.1060851e+01
   2.2800000e+03  -3.1228054e+01
   2.2900000e+03  -3.1253599e+01
   2.3000000e+03  -3.1256896e+01
   2.3100000e+03  -3.1199432e+01
   2.3200000e+03  -3.1211991e+01
   2.3300000e+03  -3.1228064e+01
   2.3400000e+03  -3.1111032e+01
   2.3500000e+03  -3.1229620e+01
   2.3600000e+03  -3.1166004e+01
   2.3700000e+03  -3.1268385e+01
   2.3800000e+03  -3.1273048e+01
   2.3900000e+03  -3.1291164e+01
   2.4000000e+03  -3.1269800e+01
   2.4100000e+03  -3.1220776e+01
   2.4200000e+03  -3.1424722e+01
   2.4300000e+03  -3.1253351e+01
   2.4400000e+03  -3.1207061e+01
   2.4500000e+03  -3.1304051e+01
   2.4600000e+03  -3.1350925e+01
   2.4700000e+03  -3.1368251e+01
   2.4800000e+03  -3.1384428e+01
   2.4900000e+03  -3.1383212e+01
   2.5000000e+03  -3.1381984e+01
   2.5100000e+03  -3.1365622e+01
   2.5200000e+03  -3.1274274e+01
   2.5300000e+03  -3.1507469e+01
   2.5400000e+03  -3.1364287e+01
   2.5500000e+03  -3.1398927e+01
   2.5600000e+03  -3.1459547e+01
   2.5700000e+03  -3.1425122e+01
   2.5800000e+03  -3.1353530e+01
   2.5900000e+03  -3.1347885e+01
   2.6000000e+03  -3.1456719e+01
   2.6100000e+03  -3.1343259e+01
   2.6200000e+03  -3.1336847e+01
   2.6300000e+03  -3.1416376e+01
   2.6400000e+03  -3.1428245e+01
   2.6500000e+03  -3.1367666e+01
   2.6600000e+03  -3.1434741e+01
   2.6700000e+03  -3.1410723e+01
   2.6800000e+03  -3.1557233e+01
   2.6900000e+03  -3.1509185e+01
   2.7000000e+03  -3.1576194e+01
   2.7100000e+03  -3.1536152e+01
   2.7200000e+03  -3.1379012e+01
   2.7300000e+03  -3.1284358e+01
   2.7400000e+03  -3.1535115e+01
   2.7500000e+03  -3.1478922e+01
   2.7600000e+03  -3.1437424e+01
   2.7700000e+03  -3.1416031e+01
   2.7800000e+03  -3.1504482e+01
   2.7900000e+03  -3.1373618e+01
   2.8000000e+03  -3.1475753e+01
   2.8100000e+03  -3.1471001e+01
   2.8200000e+03  -3.1481748e+01
   2.8300000e+03  -3.1561664e+01
   2.8400000e+03  -3.1442025e+01
   2.8500000e+03  -3.1447763e+01
   2.8600000e+03  -3.1366447e+01
   2.8700000e+03  -3.1474937e+01
   2.8800000e+03  -3.1497360e+01
   2.8900000e+03  -3.1470353e+01
   2.9000000e+03  -3.1512375e+01
   2.9100000e+03  -3.1469206e+01
   2.9200000e+03  -3.1603000e+01
   2.9300000e+03  -3.1609833e+01
   2.9400000e+03  -3.1567273e+01
   2.9500000e+03  -3.1556671e+01
   2.9600000e+03  -3.1601007e+01
   2.9700000e+03  -3.1526573e+01
   2.9800000e+03  -3.1544642e+01
   2.9900000e+03  -3.1530584e+01
   3.0000000e+03  -3.1557200e+01
   3.0100000e+03  -3.1562451e+01
   3.0200000e+03  -3.1554363e+01
   3.0300000e+03  -3.1506034e+01
   3.0400000e+03  -3.1679173e+01
   3.0500000e+03  -3.1683490e+01
   3.0600000e+03  -3.1638858e+01
   3.0700000e+03  -3.1355236e+01
   3.0800000e+03  -3.1522646e+01
   3.0900000e+03  -3.1491701e+01
   3.1000000e+03  -3.1354320e+01
   3.1100000e+03  -3.1429034e+01
   3.1200000e+03  -3.1325549e+01
   3.1300000e+03  -3.1478330e+01
   3.1400000e+03  -3.1305899e+01
   3.1500000e+03  -3.1396545e+01
   3.1600000e+03  -3.1361749e+01
   3.1700000e+03  -3.1394609e+01
   3.1800000e+03  -3.1505464e+01
   3.1900000e+03  -3.1461078e+01
   3.2000000e+03  -3.1266309e+01
   3.2100000e+03  -3.1406343e+01
   3.2200000e+03  -3.1503428e+01
   3.2300000e+03  -3.1433182e+01
   3.2400000e+03  -3.1468228e+01
   3.2500000e+03  -3.1477120e+01
   3.2600000e+03  -3.1369718e+01
   3.2700000e+03  -3.1442733e+01
   3.2800000e+03  -3.1260702e+01
   3.2900000e+03  -3.1256754e+01
   3.3000000e+03  -3.1232782e+01
   3.3100000e+03  -3.1269009e+01
   3.3200000e+03  -3.1102977e+01
   3.3300000e+03  -3.1265697e+01
   3.3400000e+03  -3.1240012e+01
   3.3500000e+03  -3.1248313e+01
   3.3600000e+03  -3.1206205e+01
   3.3700000e+03  -3.1210240e+01
   3.3800000e+03  -3.1247954e+01
   3.3900000e+03  -3.1133806e+01
   3.4000000e+03  -3.1194421e+01
   3.4100000e+03  -3.1289524e+01
   3.4200000e+03  -3.1219689e+01
   3.4300000e+03  -3.1199349e+01
   3.4400000e+03  -3.1273954e+01
   3.4500000e+03  -3.1225968e+01
   3.4600000e+03  -3.1324717e+01
   3.4700000e+03  -3.1336036e+01
   3.4800000e+03  -3.1265982e+01
   3.4900000e+03  -3.1260591e+01
