   0.0000000e+00   1.8810422e+01
   1.0000000e+01   1.8826765e+01
   2.0000000e+01   1.8824237e+01
   3.0000000e+01   1.8812769e+01
   4.0000000e+01   1.8822747e+01
   5.0000000e+01   1.8710034e+01
   6.0000000e+01   1.7712300e+01
   7.0000000e+01   1.6366782e+01
   8.0000000e+01   1.5138243e+01
   9.0000000e+01   1.4125720e+01
   1.0000000e+02   1.3236734e+01
   1.1000000e+02   1.2144761e+01
   1.2000000e+02   1.1524015e+01
   1.3000000e+02   1.0772483e+01
   1.4000000e+02   1.0479706e+01
   1.5000000e+02   1.0157597e+01
   1.6000000e+02   9.9110098e+00
   1.7000000e+02   9.5642104e+00
   1.8000000e+02   9.4051700e+00
   1.9000000e+02   9.1892972e+00
   2.0000000e+02   8.8916946e+00
   2.1000000e+02   8.9482226e+00
   2.2000000e+02   8.7846545e+00
   2.3000000e+02   8.5628713e+00
   2.4000000e+02   8.6377659e+00
   2.5000000e+02   8.4959685e+00
   2.6000000e+02   8.4121582e+00
   2.7000000e+02   8.5270479e+00
   2.8000000e+02   8.4281272e+00
   2.9000000e+02   8.3040780e+00
   3.0000000e+02   8.1614467e+00
   3.1000000e+02   8.1995108e+00
   3.2000000e+02   8.0276823e+00
   3.3000000e+02   8.0896915e+00
   3.4000000e+02   8.0797713e+00
   3.5000000e+02   7.9909940e+00
   3.6000000e+02   7.8436288e+00
   3.7000000e+02   8.0531766e+00
   3.8000000e+02   7.7661851e+00
   3.9000000e+02   7.6118102e+00
   4.0000000e+02   7.6962046e+00
   4.1000000e+02   7.7963262e+00
   4.2000000e+02   7.8505275e+00
   4.3000000e+02   7.6093539e+00
   4.4000000e+02   7.3708573e+00
   4.5000000e+02   7.4746685e+00
   4.6000000e+02   7.3804092e+00
   4.7000000e+02   7.2354321e+00
   4.8000000e+02   7.3321017e+00
   4.9000000e+02   7.3042691e+00
   5.0000000e+02   7.2241439e+00
   5.1000000e+02   7.4612961e+00
   5.2000000e+02   7.4620673e+00
   5.3000000e+02   7.3091546e+00
   5.4000000e+02   7.3810987e+00
   5.5000000e+02   7.1753133e+00
   5.6000000e+02   7.4124693e+00
   5.7000000e+02   7.2220118e+00
   5.8000000e+02   7.5321600e+00
   5.9000000e+02   7.4499008e+00
   6.0000000e+02   7.4835861e+00
   6.1000000e+02   7.5194908e+00
   6.2000000e+02   7.7101827e+00
   6.3000000e+02   7.4276259e+00
   6.4000000e+02   7.3944875e+00
   6.5000000e+02   7.6611131e+00
   6.6000000e+02   7.5411435e+00
   6.7000000e+02   7.3621518e+00
   6.8000000e+02   7.4731764e+00
   6.9000000e+02   7.1845930e+00
   7.0000000e+02   7.3484906e+00
   7.1000000e+02   7.3492936e+00
   7.2000000e+02   7.3833318e+00
   7.3000000e+02   7.2901544e+00
   7.4000000e+02   7.4425920e+00
   7.5000000e+02   7.2587645e+00
   7.6000000e+02   7.3456674e+00
   7.7000000e+02   7.1831391e+00
   7.8000000e+02   7.2740908e+00
   7.9000000e+02   7.3758482e+00
   8.0000000e+02   7.2646032e+00
   8.1000000e+02   7.1780280e+00
   8.2000000e+02   7.2024523e+00
   8.3000000e+02   7.2476626e+00
   8.4000000e+02   7.2224621e+00
   8.5000000e+02   6.8943715e+00
   8.6000000e+02   6.9590980e+00
   8.7000000e+02   6.8370157e+00
   8.8000000e+02   6.6863581e+00
   8.9000000e+02   6.7927407e+00
   9.0000000e+02   6.7409403e+00
   9.1000000e+02   6.5926241e+00
   9.2000000e+02   6.6620689e+00
   9.3000000e+02   6.8321858e+00
   9.4000000e+02   6.8301065e+00
   9.5000000e+02   6.7457787e+00
   9.6000000e+02   6.9229077e+00
   9.7000000e+02   6.9239700e+00
   9.8000000e+02   7.0470828e+00
   9.9000000e+02   7.0988183e+00
   1.0000000e+03   7.0924460e+00
   1.0100000e+03   7.0191167e+00
   1.0200000e+03   7.0567669e+00
   1.0300000e+03   6.9869625e+00
   1.0400000e+03   6.8907407e+00
   1.0500000e+03   7.0251413e+00
   1.0600000e+03   6.8502348e+00
   1.0700000e+03   6.7710456e+00
   1.0800000e+03   6.9419219e+00
   1.0900000e+03   6.9702699e+00
   1.1000000e+03   7.0101762e+00
   1.1100000e+03   6.9704335e+00
   1.1200000e+03   7.0798401e+00
   1.1300000e+03   6.9584116e+00
   1.1400000e+03   6.8949877e+00
   1.1500000e+03   6.8535930e+00
   1.1600000e+03   7.0200250e+00
   1.1700000e+03   7.0328921e+00
   1.1800000e+03   6.9429771e+00
   1.1900000e+03   6.9930638e+00
   1.2000000e+03   6.9238819e+00
   1.2100000e+03   7.0812924e+00
   1.2200000e+03   6.8324357e+00
   1.2300000e+03   6.9038278e+00
   1.2400000e+03   6.8913445e+00
   1.2500000e+03   7.1230321e+00
   1.2600000e+03   6.8449852e+00
   1.2700000e+03   6.7412699e+00
   1.2800000e+03   6.6930618e+00
   1.2900000e+03   6.9101296e+00
   1.3000000e+03   6.7149048e+00
   1.3100000e+03   6.7476864e+00
   1.3200000e+03   6.7719089e+00
   1.3300000e+03   6.9366974e+00
   1.3400000e+03   6.8264001e+00
   1.3500000e+03   6.8870168e+00
   1.3600000e+03   7.0398027e+00
   1.3700000e+03   6.9759163e+00
   1.3800000e+03   7.1335993e+00
   1.3900000e+03   6.9830733e+00
   1.4000000e+03   6.9487529e+00
   1.4100000e+03   6.8602784e+00
   1.4200000e+03   6.6771062e+00
   1.4300000e+03   6.9427932e+00
   1.4400000e+03   6.8944243e+00
   1.4500000e+03   6.9824949e+00
   1.4600000e+03   6.9497994e+00
   1.4700000e+03   6.7588380e+00
   1.4800000e+03   6.7148114e+00
   1.4900000e+03   6.8001097e+00
   1.5000000e+03   6.5646987e+00
   1.5100000e+03   6.8387891e+00
   1.5200000e+03   6.6695939e+00
   1.5300000e+03   6.5956347e+00
   1.5400000e+03   6.5270490e+00
   1.5500000e+03   6.7362660e+00
   1.5600000e+03   6.6892216e+00
   1.5700000e+03   6.8130179e+00
   1.5800000e+03   6.7487941e+00
   1.5900000e+03   6.7625195e+00
   1.6000000e+03   6.7005663e+00
   1.6100000e+03   6.5057331e+00
   1.6200000e+03   6.6649315e+00
   1.6300000e+03   6.7309356e+00
   1.6400000e+03   6.5710492e+00
   1.6500000e+03   6.5513627e+00
   1.6600000e+03   6.6247374e+00
   1.6700000e+03   6.5844463e+00
   1.6800000e+03   6.5874669e+00
   1.6900000e+03   6.5131542e+00
   1.7000000e+03   6.7445085e+00
   1.7100000e+03   6.4912726e+00
   1.7200000e+03   6.3532427e+00
   1.7300000e+03   6.4949043e+00
   1.7400000e+03   6.5208177e+00
   1.7500000e+03   6.5025451e+00
   1.7600000e+03   6.2080406e+00
   1.7700000e+03   6.4123348e+00
   1.7800000e+03   6.3598469e+00
   1.7900000e+03   6.3317533e+00
   1.8000000e+03   6.2973656e+00
   1.8100000e+03   6.2205034e+00
   1.8200000e+03   6.1523566e+00
   1.8300000e+03   6.3508626e+00
   1.8400000e+03   6.3483928e+00
   1.8500000e+03   6.2547776e+00
   1.8600000e+03   6.3701413e+00
   1.8700000e+03   6.4021640e+00
   1.8800000e+03   6.2542749e+00
   1.8900000e+03   6.2969567e+00
   1.9000000e+03   6.1686153e+00
   1.9100000e+03   6.4616189e+00
   1.9200000e+03   6.0717699e+00
   1.9300000e+03   6.1930682e+00
   1.9400000e+03   6.1258839e+00
   1.9500000e+03   6.1993722e+00
   1.9600000e+03   6.3374816e+00
   1.9700000e+03   6.2817452e+00
   1.9800000e+03   6.2701785e+00
   1.9900000e+03   6.2378482e+00
   2.0000000e+03   6.1548701e+00
   2.0100000e+03   6.3740334e+00
   2.0200000e+03   6.4609688e+00
   2.0300000e+03   6.4570977e+00
   2.0400000e+03   6.4394428e+00
   2.0500000e+03   6.5500084e+00
   2.0600000e+03   6.5139690e+00
   2.0700000e+03   6.3417320e+00
   2.0800000e+03   6.3574273e+00
   2.0900000e+03   6.2750243e+00
   2.1000000e+03   6.3229314e+00
   2.1100000e+03   6.4275457e+00
   2.1200000e+03   6.2706317e+00
   2.1300000e+03   6.2469599e+00
   2.1400000e+03   6.5084427e+00
   2.1500000e+03   6.5874238e+00
   2.1600000e+03   6.3667956e+00
   2.1700000e+03   6.4167752e+00
   2.1800000e+03   6.5052165e+00
   2.1900000e+03   6.3765274e+00
   2.2000000e+03   6.3146900e+00
   2.2100000e+03   6.4866917e+00
   2.2200000e+03   6.4420794e+00
   2.2300000e+03   6.2712023e+00
   2.2400000e+03   6.3518776e+00
   2.2500000e+03   6.4184314e+00
   2.2600000e+03   6.4246610e+00
   2.2700000e+03   6.5613353e+00
   2.2800000e+03   6.5157896e+00
   2.2900000e+03   6.4912619e+00
   2.3000000e+03   6.5758875e+00
   2.3100000e+03   6.4118000e+00
   2.3200000e+03   6.5895182e+00
   2.3300000e+03   6.5262900e+00
   2.3400000e+03   6.4848883e+00
   2.3500000e+03   6.4292510e+00
   2.3600000e+03   6.3524113e+00
   2.3700000e+03   6.4477332e+00
   2.3800000e+03   6.3614610e+00
   2.3900000e+03   6.5935897e+00
   2.4000000e+03   6.6037867e+00
   2.4100000e+03   6.6085634e+00
   2.4200000e+03   6.7640461e+00
   2.4300000e+03   6.6407508e+00
   2.4400000e+03   6.4852215e+00
   2.4500000e+03   6.5526046e+00
   2.4600000e+03   6.6431092e+00
   2.4700000e+03   6.6256177e+00
   2.4800000e+03   6.6379680e+00
   2.4900000e+03   6.6286355e+00
   2.5000000e+03   6.5233204e+00
   2.5100000e+03   6.4450485e+00
   2.5200000e+03   6.3577038e+00
   2.5300000e+03   6.2804910e+00
   2.5400000e+03   6.1819276e+00
   2.5500000e+03   6.0301559e+00
   2.5600000e+03   6.1741650e+00
   2.5700000e+03   5.9694941e+00
   2.5800000e+03   6.1661916e+00
   2.5900000e+03   6.0936441e+00
   2.6000000e+03   6.0147911e+00
   2.6100000e+03   5.8832161e+00
   2.6200000e+03   5.7364166e+00
   2.6300000e+03   5.7214697e+00
   2.6400000e+03   6.1764696e+00
   2.6500000e+03   6.4353596e+00
   2.6600000e+03   6.0706637e+00
   2.6700000e+03   6.2263864e+00
   2.6800000e+03   6.2836603e+00
   2.6900000e+03   6.3295165e+00
   2.7000000e+03   6.4056701e+00
   2.7100000e+03   6.3585103e+00
   2.7200000e+03   6.3918963e+00
   2.7300000e+03   6.4978845e+00
   2.7400000e+03   5.9301753e+00
   2.7500000e+03   6.1053998e+00
   2.7600000e+03   6.1227241e+00
   2.7700000e+03   6.0944024e+00
   2.7800000e+03   5.7848888e+00
   2.7900000e+03   5.9243368e+00
   2.8000000e+03   5.9900374e+00
   2.8100000e+03   6.1537209e+00
   2.8200000e+03   6.3827302e+00
   2.8300000e+03   6.2599792e+00
   2.8400000e+03   6.4730767e+00
   2.8500000e+03   6.3364805e+00
   2.8600000e+03   6.0948075e+00
   2.8700000e+03   6.3624691e+00
   2.8800000e+03   6.1188336e+00
   2.8900000e+03   6.1998995e+00
   2.9000000e+03   5.9690310e+00
   2.9100000e+03   6.3568108e+00
   2.9200000e+03   6.0652908e+00
   2.9300000e+03   6.2600254e+00
   2.9400000e+03   6.1854031e+00
   2.9500000e+03   5.8901305e+00
   2.9600000e+03   6.1529513e+00
   2.9700000e+03   6.1790566e+00
   2.9800000e+03   6.1732269e+00
   2.9900000e+03   6.0941134e+00
   3.0000000e+03   6.1799798e+00
   3.0100000e+03   6.1101873e+00
   3.0200000e+03   6.1593698e+00
   3.0300000e+03   6.2391360e+00
   3.0400000e+03   6.1279092e+00
   3.0500000e+03   5.8674685e+00
   3.0600000e+03   5.9945743e+00
   3.0700000e+03   5.8115693e+00
   3.0800000e+03   6.0452752e+00
   3.0900000e+03   5.8925871e+00
   3.1000000e+03   5.9290266e+00
   3.1100000e+03   6.1371620e+00
   3.1200000e+03   5.9438333e+00
   3.1300000e+03   6.2248707e+00
   3.1400000e+03   6.1077110e+00
   3.1500000e+03   6.1758913e+00
   3.1600000e+03   6.2093815e+00
   3.1700000e+03   6.0957766e+00
   3.1800000e+03   6.0500120e+00
   3.1900000e+03   6.0110342e+00
   3.2000000e+03   5.7863419e+00
   3.2100000e+03   5.9739119e+00
   3.2200000e+03   6.0599275e+00
   3.2300000e+03   6.1742542e+00
   3.2400000e+03   6.2014916e+00
   3.2500000e+03   6.1952104e+00
   3.2600000e+03   6.1621818e+00
   3.2700000e+03   6.1962986e+00
   3.2800000e+03   6.0910231e+00
   3.2900000e+03   6.0327139e+00
   3.3000000e+03   6.3189737e+00
   3.3100000e+03   6.3023097e+00
   3.3200000e+03   6.3661000e+00
   3.3300000e+03   6.1109418e+00
   3.3400000e+03   6.1596672e+00
   3.3500000e+03   6.1504518e+00
   3.3600000e+03   6.2966204e+00
   3.3700000e+03   6.2079167e+00
   3.3800000e+03   6.2227454e+00
   3.3900000e+03   6.3338744e+00
   3.4000000e+03   6.2248880e+00
   3.4100000e+03   6.2090783e+00
   3.4200000e+03   6.2982639e+00
   3.4300000e+03   6.2799080e+00
   3.4400000e+03   6.2683186e+00
   3.4500000e+03   6.1842604e+00
   3.4600000e+03   6.0464891e+00
   3.4700000e+03   6.0967195e+00
   3.4800000e+03   6.2304972e+00
   3.4900000e+03   6.4466457e+00
