   0.0000000e+00  -7.1273698e-03
   1.0000000e+01   4.5752956e-03
   2.0000000e+01   1.5843616e-03
   3.0000000e+01   6.8123258e-03
   4.0000000e+01  -3.5148129e-02
   5.0000000e+01  -4.0989917e-01
   6.0000000e+01  -1.8313579e+00
   7.0000000e+01  -3.9485347e+00
   8.0000000e+01  -5.9505972e+00
   9.0000000e+01  -7.9780603e+00
   1.0000000e+02  -1.0003626e+01
   1.1000000e+02  -1.1366856e+01
   1.2000000e+02  -1.2414368e+01
   1.3000000e+02  -1.3320849e+01
   1.4000000e+02  -1.4064149e+01
   1.5000000e+02  -1.5013541e+01
   1.6000000e+02  -1.5572304e+01
   1.7000000e+02  -1.5668010e+01
   1.8000000e+02  -1.6621376e+01
   1.9000000e+02  -1.6744097e+01
   2.0000000e+02  -1.7211996e+01
   2.1000000e+02  -1.7673219e+01
   2.2000000e+02  -1.7905685e+01
   2.3000000e+02  -1.8164865e+01
   2.4000000e+02  -1.8359990e+01
   2.5000000e+02  -1.8429267e+01
   2.6000000e+02  -1.8436522e+01
   2.7000000e+02  -1.8750945e+01
   2.8000000e+02  -1.8719124e+01
   2.9000000e+02  -1.8902150e+01
   3.0000000e+02  -1.8982981e+01
   3.1000000e+02  -1.9112554e+01
   3.2000000e+02  -1.8798653e+01
   3.3000000e+02  -1.9076546e+01
   3.4000000e+02  -1.9097294e+01
   3.5000000e+02  -1.8606879e+01
   3.6000000e+02  -1.9329867e+01
   3.7000000e+02  -1.9173020e+01
   3.8000000e+02  -1.8959163e+01
   3.9000000e+02  -1.9118481e+01
   4.0000000e+02  -1.9232596e+01
   4.1000000e+02  -1.9422718e+01
   4.2000000e+02  -1.9440993e+01
   4.3000000e+02  -1.9646471e+01
   4.4000000e+02  -1.9671703e+01
   4.5000000e+02  -1.9958110e+01
   4.6000000e+02  -1.9521161e+01
   4.7000000e+02  -1.9729258e+01
   4.8000000e+02  -1.9612024e+01
   4.9000000e+02  -1.9700640e+01
   5.0000000e+02  -1.9495610e+01
   5.1000000e+02  -1.9213609e+01
   5.2000000e+02  -1.9719728e+01
   5.3000000e+02  -1.9971002e+01
   5.4000000e+02  -2.0023430e+01
   5.5000000e+02  -1.9672028e+01
   5.6000000e+02  -1.9395955e+01
   5.7000000e+02  -1.9484370e+01
   5.8000000e+02  -1.9753760e+01
   5.9000000e+02  -1.9429921e+01
   6.0000000e+02  -1.9457562e+01
   6.1000000e+02  -1.9679565e+01
   6.2000000e+02  -1.9862019e+01
   6.3000000e+02  -1.9691413e+01
   6.4000000e+02  -1.9607757e+01
   6.5000000e+02  -1.9682963e+01
   6.6000000e+02  -1.9745423e+01
   6.7000000e+02  -1.9674823e+01
   6.8000000e+02  -1.9725702e+01
   6.9000000e+02  -1.9236588e+01
   7.0000000e+02  -1.9064026e+01
   7.1000000e+02  -1.9657217e+01
   7.2000000e+02  -1.9291001e+01
   7.3000000e+02  -1.9626737e+01
   7.4000000e+02  -1.9828408e+01
   7.5000000e+02  -1.9777455e+01
   7.6000000e+02  -1.9357481e+01
   7.7000000e+02  -1.9734647e+01
   7.8000000e+02  -1.9452904e+01
   7.9000000e+02  -1.9555573e+01
   8.0000000e+02  -1.9836454e+01
   8.1000000e+02  -1.9778803e+01
   8.2000000e+02  -1.9409423e+01
   8.3000000e+02  -1.9709665e+01
   8.4000000e+02  -1.9649027e+01
   8.5000000e+02  -1.9855817e+01
   8.6000000e+02  -1.9635578e+01
   8.7000000e+02  -1.9772978e+01
   8.8000000e+02  -1.9846332e+01
   8.9000000e+02  -1.9942383e+01
   9.0000000e+02  -1.9967734e+01
   9.1000000e+02  -2.0088178e+01
   9.2000000e+02  -2.0295686e+01
   9.3000000e+02  -1.9944525e+01
   9.4000000e+02  -2.0568561e+01
   9.5000000e+02  -2.0086592e+01
   9.6000000e+02  -2.0295724e+01
   9.7000000e+02  -2.0129186e+01
   9.8000000e+02  -1.9893458e+01
   9.9000000e+02  -2.0102433e+01
   1.0000000e+03  -2.0145326e+01
   1.0100000e+03  -2.0599591e+01
   1.0200000e+03  -2.0434855e+01
   1.0300000e+03  -2.0251635e+01
   1.0400000e+03  -2.0455563e+01
   1.0500000e+03  -2.0580080e+01
   1.0600000e+03  -2.0663729e+01
   1.0700000e+03  -2.0293662e+01
   1.0800000e+03  -2.0240303e+01
   1.0900000e+03  -2.0352516e+01
   1.1000000e+03  -2.0406003e+01
   1.1100000e+03  -2.0060024e+01
   1.1200000e+03  -2.0362128e+01
   1.1300000e+03  -2.0181082e+01
   1.1400000e+03  -2.0429609e+01
   1.1500000e+03  -2.0506932e+01
   1.1600000e+03  -2.0675980e+01
   1.1700000e+03  -2.0766013e+01
   1.1800000e+03  -2.0665118e+01
   1.1900000e+03  -1.9657323e+01
   1.2000000e+03  -2.0566551e+01
   1.2100000e+03  -2.0856506e+01
   1.2200000e+03  -2.0439228e+01
   1.2300000e+03  -2.0332854e+01
   1.2400000e+03  -2.0163707e+01
   1.2500000e+03  -2.0448339e+01
   1.2600000e+03  -2.0756959e+01
   1.2700000e+03  -2.0624028e+01
   1.2800000e+03  -2.0470499e+01
   1.2900000e+03  -2.0052076e+01
   1.3000000e+03  -2.0324829e+01
   1.3100000e+03  -2.0034561e+01
   1.3200000e+03  -2.0542921e+01
   1.3300000e+03  -2.0454672e+01
   1.3400000e+03  -2.0327799e+01
   1.3500000e+03  -2.0310481e+01
   1.3600000e+03  -2.0380130e+01
   1.3700000e+03  -2.0567774e+01
   1.3800000e+03  -2.0171630e+01
   1.3900000e+03  -2.0146346e+01
   1.4000000e+03  -1.9988240e+01
   1.4100000e+03  -2.0244207e+01
   1.4200000e+03  -2.0175076e+01
   1.4300000e+03  -1.9974486e+01
   1.4400000e+03  -2.0480351e+01
   1.4500000e+03  -2.0634191e+01
   1.4600000e+03  -2.0336893e+01
   1.4700000e+03  -2.0467053e+01
   1.4800000e+03  -2.0211453e+01
   1.4900000e+03  -2.0509760e+01
   1.5000000e+03  -2.0521995e+01
   1.5100000e+03  -2.0523751e+01
   1.5200000e+03  -2.0687170e+01
   1.5300000e+03  -2.0638063e+01
   1.5400000e+03  -2.0696435e+01
   1.5500000e+03  -2.0457547e+01
   1.5600000e+03  -2.0552355e+01
   1.5700000e+03  -2.0228285e+01
   1.5800000e+03  -2.0496265e+01
   1.5900000e+03  -2.0177969e+01
   1.6000000e+03  -2.0726394e+01
   1.6100000e+03  -2.0539774e+01
   1.6200000e+03  -2.0954109e+01
   1.6300000e+03  -2.0727566e+01
   1.6400000e+03  -2.0731235e+01
   1.6500000e+03  -2.0833400e+01
   1.6600000e+03  -2.1015945e+01
   1.6700000e+03  -2.0960620e+01
   1.6800000e+03  -2.0824067e+01
   1.6900000e+03  -2.0817738e+01
   1.7000000e+03  -2.0648336e+01
   1.7100000e+03  -2.0809174e+01
   1.7200000e+03  -2.0893357e+01
   1.7300000e+03  -2.1069954e+01
   1.7400000e+03  -2.0917785e+01
   1.7500000e+03  -2.0885288e+01
   1.7600000e+03  -2.1288819e+01
   1.7700000e+03  -2.1115859e+01
   1.7800000e+03  -2.0909803e+01
   1.7900000e+03  -2.0405231e+01
   1.8000000e+03  -2.1219775e+01
   1.8100000e+03  -2.1220024e+01
   1.8200000e+03  -2.1350785e+01
   1.8300000e+03  -2.0558634e+01
   1.8400000e+03  -2.0704893e+01
   1.8500000e+03  -2.1182787e+01
   1.8600000e+03  -2.1137490e+01
   1.8700000e+03  -2.0529975e+01
   1.8800000e+03  -2.1275139e+01
   1.8900000e+03  -2.1030419e+01
   1.9000000e+03  -2.1043973e+01
   1.9100000e+03  -2.1142767e+01
   1.9200000e+03  -2.1052135e+01
   1.9300000e+03  -2.0725394e+01
   1.9400000e+03  -2.0923866e+01
   1.9500000e+03  -2.0699230e+01
   1.9600000e+03  -2.0908093e+01
   1.9700000e+03  -2.0989864e+01
   1.9800000e+03  -2.1231437e+01
   1.9900000e+03  -2.1358581e+01
   2.0000000e+03  -2.0971027e+01
   2.0100000e+03  -2.0951856e+01
   2.0200000e+03  -2.1315071e+01
   2.0300000e+03  -2.0929298e+01
   2.0400000e+03  -2.0902074e+01
   2.0500000e+03  -2.1118354e+01
   2.0600000e+03  -2.1240473e+01
   2.0700000e+03  -2.1118991e+01
   2.0800000e+03  -2.0932298e+01
   2.0900000e+03  -2.1427519e+01
   2.1000000e+03  -2.1162538e+01
   2.1100000e+03  -2.1305175e+01
   2.1200000e+03  -2.1018314e+01
   2.1300000e+03  -2.0963657e+01
   2.1400000e+03  -2.1244407e+01
   2.1500000e+03  -2.1214622e+01
   2.1600000e+03  -2.1100746e+01
   2.1700000e+03  -2.1235070e+01
   2.1800000e+03  -2.1147097e+01
   2.1900000e+03  -2.0950988e+01
   2.2000000e+03  -2.1225874e+01
   2.2100000e+03  -2.1066216e+01
   2.2200000e+03  -2.1015482e+01
   2.2300000e+03  -2.1199946e+01
   2.2400000e+03  -2.1064134e+01
   2.2500000e+03  -2.0727324e+01
   2.2600000e+03  -2.0726459e+01
   2.2700000e+03  -2.0690119e+01
   2.2800000e+03  -2.1227772e+01
   2.2900000e+03  -2.1340414e+01
   2.3000000e+03  -2.1021172e+01
   2.3100000e+03  -2.1236322e+01
   2.3200000e+03  -2.1045156e+01
   2.3300000e+03  -2.1271464e+01
   2.3400000e+03  -2.1110991e+01
   2.3500000e+03  -2.0716875e+01
   2.3600000e+03  -2.1181138e+01
   2.3700000e+03  -2.1057672e+01
   2.3800000e+03  -2.1453258e+01
   2.3900000e+03  -2.0754692e+01
   2.4000000e+03  -2.1329605e+01
   2.4100000e+03  -2.1069571e+01
   2.4200000e+03  -2.1350113e+01
   2.4300000e+03  -2.0969569e+01
   2.4400000e+03  -2.0869526e+01
   2.4500000e+03  -2.1025345e+01
   2.4600000e+03  -2.1275205e+01
   2.4700000e+03  -2.1352403e+01
   2.4800000e+03  -2.1092487e+01
   2.4900000e+03  -2.0973549e+01
   2.5000000e+03  -2.1024254e+01
   2.5100000e+03  -2.1042922e+01
   2.5200000e+03  -2.1134952e+01
   2.5300000e+03  -2.1145942e+01
   2.5400000e+03  -2.1081261e+01
   2.5500000e+03  -2.0692961e+01
   2.5600000e+03  -2.0279407e+01
   2.5700000e+03  -2.1050915e+01
   2.5800000e+03  -2.1128079e+01
   2.5900000e+03  -2.1231141e+01
   2.6000000e+03  -2.1496047e+01
   2.6100000e+03  -2.1500830e+01
   2.6200000e+03  -2.1097579e+01
   2.6300000e+03  -2.1409252e+01
   2.6400000e+03  -2.1523188e+01
   2.6500000e+03  -2.1552645e+01
   2.6600000e+03  -2.1475447e+01
   2.6700000e+03  -2.1354582e+01
   2.6800000e+03  -2.1549208e+01
   2.6900000e+03  -2.1426269e+01
   2.7000000e+03  -2.1427443e+01
   2.7100000e+03  -2.1585498e+01
   2.7200000e+03  -2.1502803e+01
   2.7300000e+03  -2.0739073e+01
   2.7400000e+03  -2.1255174e+01
   2.7500000e+03  -2.1631725e+01
   2.7600000e+03  -2.1608050e+01
   2.7700000e+03  -2.1465141e+01
   2.7800000e+03  -2.1471982e+01
   2.7900000e+03  -2.0835841e+01
   2.8000000e+03  -2.1353825e+01
   2.8100000e+03  -2.1114245e+01
   2.8200000e+03  -2.1420170e+01
   2.8300000e+03  -2.1653766e+01
   2.8400000e+03  -2.1271423e+01
   2.8500000e+03  -2.1132795e+01
   2.8600000e+03  -2.1043965e+01
   2.8700000e+03  -2.1416566e+01
   2.8800000e+03  -2.1350433e+01
   2.8900000e+03  -2.1019685e+01
   2.9000000e+03  -2.1272804e+01
   2.9100000e+03  -2.1625034e+01
   2.9200000e+03  -2.1604710e+01
   2.9300000e+03  -2.1451902e+01
   2.9400000e+03  -2.1633973e+01
   2.9500000e+03  -2.1529753e+01
   2.9600000e+03  -2.1380416e+01
   2.9700000e+03  -2.1295214e+01
   2.9800000e+03  -2.1269229e+01
   2.9900000e+03  -2.1522849e+01
   3.0000000e+03  -2.1769491e+01
   3.0100000e+03  -2.1391771e+01
   3.0200000e+03  -2.1325036e+01
   3.0300000e+03  -2.1625219e+01
   3.0400000e+03  -2.1259785e+01
   3.0500000e+03  -2.1597108e+01
   3.0600000e+03  -2.1594246e+01
   3.0700000e+03  -2.0842615e+01
   3.0800000e+03  -2.1823328e+01
   3.0900000e+03  -2.1679715e+01
   3.1000000e+03  -2.1854461e+01
   3.1100000e+03  -2.1408194e+01
   3.1200000e+03  -2.1755521e+01
   3.1300000e+03  -2.1594273e+01
   3.1400000e+03  -2.1694631e+01
   3.1500000e+03  -2.1333130e+01
   3.1600000e+03  -2.1719632e+01
   3.1700000e+03  -2.1406816e+01
   3.1800000e+03  -2.1461132e+01
   3.1900000e+03  -2.1574048e+01
   3.2000000e+03  -2.0836009e+01
   3.2100000e+03  -2.1672592e+01
   3.2200000e+03  -2.1691689e+01
   3.2300000e+03  -2.1716648e+01
   3.2400000e+03  -2.1815109e+01
   3.2500000e+03  -2.1561417e+01
   3.2600000e+03  -2.1796730e+01
   3.2700000e+03  -2.1625075e+01
   3.2800000e+03  -2.1468795e+01
   3.2900000e+03  -2.1494221e+01
   3.3000000e+03  -2.1482766e+01
   3.3100000e+03  -2.1414570e+01
   3.3200000e+03  -2.1471719e+01
   3.3300000e+03  -2.1608627e+01
   3.3400000e+03  -2.1428192e+01
   3.3500000e+03  -2.1347279e+01
   3.3600000e+03  -2.1825217e+01
   3.3700000e+03  -2.1385068e+01
   3.3800000e+03  -2.1282691e+01
   3.3900000e+03  -2.1324311e+01
   3.4000000e+03  -2.1546989e+01
   3.4100000e+03  -2.1809556e+01
   3.4200000e+03  -2.1085499e+01
   3.4300000e+03  -2.1700262e+01
   3.4400000e+03  -2.1273693e+01
   3.4500000e+03  -2.1122331e+01
   3.4600000e+03  -2.1014669e+01
   3.4700000e+03  -2.1026224e+01
   3.4800000e+03  -2.1018271e+01
   3.4900000e+03  -2.1573839e+01
