   0.0000000e+00   1.8464140e+01
   1.0000000e+01   1.8481415e+01
   2.0000000e+01   1.8483526e+01
   3.0000000e+01   1.8499659e+01
   4.0000000e+01   1.8182067e+01
   5.0000000e+01   1.8504996e+01
   6.0000000e+01   1.8125617e+01
   7.0000000e+01   1.8426071e+01
   8.0000000e+01   1.8680714e+01
   9.0000000e+01   1.8890486e+01
   1.0000000e+02   1.8962137e+01
   1.1000000e+02   1.8999440e+01
   1.2000000e+02   1.9023163e+01
   1.3000000e+02   1.9121774e+01
   1.4000000e+02   1.9116552e+01
   1.5000000e+02   1.9178431e+01
   1.6000000e+02   1.9195555e+01
   1.7000000e+02   1.9145119e+01
   1.8000000e+02   1.9165371e+01
   1.9000000e+02   1.9182956e+01
   2.0000000e+02   1.9178487e+01
   2.1000000e+02   1.9207981e+01
   2.2000000e+02   1.9212185e+01
   2.3000000e+02   1.9271942e+01
   2.4000000e+02   1.9201671e+01
   2.5000000e+02   1.9217318e+01
   2.6000000e+02   1.9294501e+01
   2.7000000e+02   1.9240303e+01
   2.8000000e+02   1.9239192e+01
   2.9000000e+02   1.9258566e+01
   3.0000000e+02   1.9308870e+01
   3.1000000e+02   1.9316069e+01
   3.2000000e+02   1.9269001e+01
   3.3000000e+02   1.9319448e+01
   3.4000000e+02   1.9276448e+01
   3.5000000e+02   1.9362153e+01
   3.6000000e+02   1.9161350e+01
   3.7000000e+02   1.9267194e+01
   3.8000000e+02   1.9358466e+01
   3.9000000e+02   1.9325277e+01
   4.0000000e+02   1.9329323e+01
   4.1000000e+02   1.9150778e+01
   4.2000000e+02   1.9304977e+01
   4.3000000e+02   1.9253295e+01
   4.4000000e+02   1.9182727e+01
   4.5000000e+02   1.9299931e+01
   4.6000000e+02   1.9388325e+01
   4.7000000e+02   1.9223311e+01
   4.8000000e+02   1.9342921e+01
   4.9000000e+02   1.9328737e+01
   5.0000000e+02   1.9304600e+01
   5.1000000e+02   1.9359211e+01
   5.2000000e+02   1.9392660e+01
   5.3000000e+02   1.9295570e+01
   5.4000000e+02   1.9325496e+01
   5.5000000e+02   1.9354183e+01
   5.6000000e+02   1.9398593e+01
   5.7000000e+02   1.9424642e+01
   5.8000000e+02   1.9402902e+01
   5.9000000e+02   1.9400285e+01
   6.0000000e+02   1.9412399e+01
   6.1000000e+02   1.9379431e+01
   6.2000000e+02   1.9352472e+01
   6.3000000e+02   1.9170466e+01
   6.4000000e+02   1.9438690e+01
   6.5000000e+02   1.9205696e+01
   6.6000000e+02   1.9392813e+01
   6.7000000e+02   1.9346094e+01
   6.8000000e+02   1.8981522e+01
   6.9000000e+02   1.9327001e+01
   7.0000000e+02   1.9364058e+01
   7.1000000e+02   1.9401942e+01
   7.2000000e+02   1.9400961e+01
   7.3000000e+02   1.9411618e+01
   7.4000000e+02   1.9408328e+01
   7.5000000e+02   1.9429831e+01
   7.6000000e+02   1.9412714e+01
   7.7000000e+02   1.9401588e+01
   7.8000000e+02   1.9432064e+01
   7.9000000e+02   1.9487174e+01
   8.0000000e+02   1.9374897e+01
   8.1000000e+02   1.9378435e+01
   8.2000000e+02   1.9451353e+01
   8.3000000e+02   1.9444540e+01
   8.4000000e+02   1.9385685e+01
   8.5000000e+02   1.9392197e+01
   8.6000000e+02   1.9382729e+01
   8.7000000e+02   1.9365405e+01
   8.8000000e+02   1.9306742e+01
   8.9000000e+02   1.9311956e+01
   9.0000000e+02   1.9338662e+01
   9.1000000e+02   1.9355578e+01
   9.2000000e+02   1.9332242e+01
   9.3000000e+02   1.9306368e+01
   9.4000000e+02   1.9302914e+01
   9.5000000e+02   1.9300116e+01
   9.6000000e+02   1.9318528e+01
   9.7000000e+02   1.9319119e+01
   9.8000000e+02   1.9381744e+01
   9.9000000e+02   1.9359615e+01
   1.0000000e+03   1.9362794e+01
   1.0100000e+03   1.9359780e+01
   1.0200000e+03   1.9316484e+01
   1.0300000e+03   1.9434955e+01
   1.0400000e+03   1.9352433e+01
   1.0500000e+03   1.9410033e+01
   1.0600000e+03   1.9367862e+01
   1.0700000e+03   1.9361124e+01
   1.0800000e+03   1.9321175e+01
   1.0900000e+03   1.9366002e+01
   1.1000000e+03   1.9358788e+01
   1.1100000e+03   1.9379376e+01
   1.1200000e+03   1.9351440e+01
   1.1300000e+03   1.9391319e+01
   1.1400000e+03   1.8877190e+01
   1.1500000e+03   1.9324835e+01
   1.1600000e+03   1.9293922e+01
   1.1700000e+03   1.9314112e+01
   1.1800000e+03   1.8842286e+01
   1.1900000e+03   1.9137334e+01
   1.2000000e+03   1.9351948e+01
   1.2100000e+03   1.9086744e+01
   1.2200000e+03   1.9366886e+01
   1.2300000e+03   1.9370986e+01
   1.2400000e+03   1.9374126e+01
   1.2500000e+03   1.9337521e+01
   1.2600000e+03   1.9365665e+01
   1.2700000e+03   1.9107627e+01
   1.2800000e+03   1.9318727e+01
   1.2900000e+03   1.8994715e+01
   1.3000000e+03   1.9330903e+01
   1.3100000e+03   1.9343271e+01
   1.3200000e+03   1.9382379e+01
   1.3300000e+03   1.9389470e+01
   1.3400000e+03   1.8970945e+01
   1.3500000e+03   1.9486188e+01
   1.3600000e+03   1.9368491e+01
   1.3700000e+03   1.9526901e+01
   1.3800000e+03   1.9484534e+01
   1.3900000e+03   1.8933578e+01
   1.4000000e+03   1.9467494e+01
   1.4100000e+03   1.9402401e+01
   1.4200000e+03   1.9417864e+01
   1.4300000e+03   1.9457871e+01
   1.4400000e+03   1.9387382e+01
   1.4500000e+03   1.9497969e+01
   1.4600000e+03   1.9182947e+01
   1.4700000e+03   1.9430136e+01
   1.4800000e+03   1.9363494e+01
   1.4900000e+03   1.9436096e+01
   1.5000000e+03   1.9374687e+01
   1.5100000e+03   1.9375046e+01
   1.5200000e+03   1.9411336e+01
   1.5300000e+03   1.9371315e+01
   1.5400000e+03   1.9146300e+01
   1.5500000e+03   1.9406344e+01
   1.5600000e+03   1.9383066e+01
   1.5700000e+03   1.9341818e+01
   1.5800000e+03   1.9349702e+01
   1.5900000e+03   1.9383955e+01
   1.6000000e+03   1.9355615e+01
   1.6100000e+03   1.9235031e+01
   1.6200000e+03   1.9380284e+01
   1.6300000e+03   1.9316678e+01
   1.6400000e+03   1.9293367e+01
   1.6500000e+03   1.9406652e+01
   1.6600000e+03   1.9335989e+01
   1.6700000e+03   1.9308286e+01
   1.6800000e+03   1.9316616e+01
   1.6900000e+03   1.9356448e+01
   1.7000000e+03   1.9300015e+01
   1.7100000e+03   1.9330560e+01
   1.7200000e+03   1.9319214e+01
   1.7300000e+03   1.9320487e+01
   1.7400000e+03   1.9362663e+01
   1.7500000e+03   1.9307903e+01
   1.7600000e+03   1.9269228e+01
   1.7700000e+03   1.9344709e+01
   1.7800000e+03   1.9275001e+01
   1.7900000e+03   1.9288615e+01
   1.8000000e+03   1.9267700e+01
   1.8100000e+03   1.9347662e+01
   1.8200000e+03   1.9289075e+01
   1.8300000e+03   1.9355100e+01
   1.8400000e+03   1.9316487e+01
   1.8500000e+03   1.9342037e+01
   1.8600000e+03   1.9300054e+01
   1.8700000e+03   1.9399751e+01
   1.8800000e+03   1.9384189e+01
   1.8900000e+03   1.9302299e+01
   1.9000000e+03   1.9351572e+01
   1.9100000e+03   1.9366499e+01
   1.9200000e+03   1.9328254e+01
   1.9300000e+03   1.9336895e+01
   1.9400000e+03   1.9333275e+01
   1.9500000e+03   1.9394378e+01
   1.9600000e+03   1.9337416e+01
   1.9700000e+03   1.9301111e+01
   1.9800000e+03   1.9303309e+01
   1.9900000e+03   1.9334972e+01
   2.0000000e+03   1.9325182e+01
   2.0100000e+03   1.9291399e+01
   2.0200000e+03   1.9312307e+01
   2.0300000e+03   1.9320751e+01
   2.0400000e+03   1.9386215e+01
   2.0500000e+03   1.9338782e+01
   2.0600000e+03   1.9254101e+01
   2.0700000e+03   1.9392166e+01
   2.0800000e+03   1.9284886e+01
   2.0900000e+03   1.9262219e+01
   2.1000000e+03   1.9289132e+01
   2.1100000e+03   1.9319935e+01
   2.1200000e+03   1.9315813e+01
   2.1300000e+03   1.9314807e+01
   2.1400000e+03   1.9292198e+01
   2.1500000e+03   1.9342304e+01
   2.1600000e+03   1.9294415e+01
   2.1700000e+03   1.9331499e+01
   2.1800000e+03   1.9358538e+01
   2.1900000e+03   1.9365966e+01
   2.2000000e+03   1.9302280e+01
   2.2100000e+03   1.9310714e+01
   2.2200000e+03   1.9382573e+01
   2.2300000e+03   1.9315916e+01
   2.2400000e+03   1.9312064e+01
   2.2500000e+03   1.9373013e+01
   2.2600000e+03   1.9327039e+01
   2.2700000e+03   1.9365786e+01
   2.2800000e+03   1.9328002e+01
   2.2900000e+03   1.8950560e+01
   2.3000000e+03   1.9263629e+01
   2.3100000e+03   1.9385207e+01
   2.3200000e+03   1.9291762e+01
   2.3300000e+03   1.9316865e+01
   2.3400000e+03   1.9389360e+01
   2.3500000e+03   1.9254169e+01
   2.3600000e+03   1.9304017e+01
   2.3700000e+03   1.9323047e+01
   2.3800000e+03   1.9285644e+01
   2.3900000e+03   1.9276099e+01
   2.4000000e+03   1.9302910e+01
   2.4100000e+03   1.9266388e+01
   2.4200000e+03   1.9274435e+01
   2.4300000e+03   1.9284889e+01
   2.4400000e+03   1.9188939e+01
   2.4500000e+03   1.9262775e+01
   2.4600000e+03   1.9262889e+01
   2.4700000e+03   1.9210754e+01
   2.4800000e+03   1.9204930e+01
   2.4900000e+03   1.9281442e+01
   2.5000000e+03   1.9266628e+01
   2.5100000e+03   1.9275412e+01
   2.5200000e+03   1.9253170e+01
   2.5300000e+03   1.9257444e+01
   2.5400000e+03   1.9306599e+01
   2.5500000e+03   1.9239436e+01
   2.5600000e+03   1.9223786e+01
   2.5700000e+03   1.9202185e+01
   2.5800000e+03   1.9225841e+01
   2.5900000e+03   1.9235445e+01
   2.6000000e+03   1.9243661e+01
   2.6100000e+03   1.9185415e+01
   2.6200000e+03   1.9151243e+01
   2.6300000e+03   1.9183705e+01
   2.6400000e+03   1.9189676e+01
   2.6500000e+03   1.9212708e+01
   2.6600000e+03   1.9187833e+01
   2.6700000e+03   1.9244317e+01
   2.6800000e+03   1.9201011e+01
   2.6900000e+03   1.9278049e+01
   2.7000000e+03   1.9335777e+01
   2.7100000e+03   1.9305433e+01
   2.7200000e+03   1.9308199e+01
   2.7300000e+03   1.9275692e+01
   2.7400000e+03   1.9232945e+01
   2.7500000e+03   1.9296952e+01
   2.7600000e+03   1.9204958e+01
   2.7700000e+03   1.9221129e+01
   2.7800000e+03   1.9186828e+01
   2.7900000e+03   1.9197941e+01
   2.8000000e+03   1.9196608e+01
   2.8100000e+03   1.9200019e+01
   2.8200000e+03   1.9162558e+01
   2.8300000e+03   1.9247519e+01
   2.8400000e+03   1.9381810e+01
   2.8500000e+03   1.9284961e+01
   2.8600000e+03   1.9208317e+01
   2.8700000e+03   1.9234485e+01
   2.8800000e+03   1.9240971e+01
   2.8900000e+03   1.9182096e+01
   2.9000000e+03   1.9206594e+01
   2.9100000e+03   1.9279638e+01
   2.9200000e+03   1.9216811e+01
   2.9300000e+03   1.9277701e+01
   2.9400000e+03   1.9261599e+01
   2.9500000e+03   1.9319083e+01
   2.9600000e+03   1.9236579e+01
   2.9700000e+03   1.9324844e+01
   2.9800000e+03   1.9178112e+01
   2.9900000e+03   1.9232897e+01
   3.0000000e+03   1.9311157e+01
   3.0100000e+03   1.9261367e+01
   3.0200000e+03   1.9299976e+01
   3.0300000e+03   1.9249552e+01
   3.0400000e+03   1.9229345e+01
   3.0500000e+03   1.9234004e+01
   3.0600000e+03   1.9287116e+01
   3.0700000e+03   1.9231156e+01
   3.0800000e+03   1.9194629e+01
   3.0900000e+03   1.9184283e+01
   3.1000000e+03   1.9237832e+01
   3.1100000e+03   1.9181730e+01
   3.1200000e+03   1.9227953e+01
   3.1300000e+03   1.8821054e+01
   3.1400000e+03   1.9258678e+01
   3.1500000e+03   1.9205330e+01
   3.1600000e+03   1.9094133e+01
   3.1700000e+03   1.9235011e+01
   3.1800000e+03   1.9284873e+01
   3.1900000e+03   1.9278414e+01
   3.2000000e+03   1.9254109e+01
   3.2100000e+03   1.9253862e+01
   3.2200000e+03   1.9231426e+01
   3.2300000e+03   1.9260503e+01
   3.2400000e+03   1.9273624e+01
   3.2500000e+03   1.9309349e+01
   3.2600000e+03   1.9321080e+01
   3.2700000e+03   1.9284466e+01
   3.2800000e+03   1.9253013e+01
   3.2900000e+03   1.9293901e+01
   3.3000000e+03   1.9225395e+01
   3.3100000e+03   1.9361622e+01
   3.3200000e+03   1.9306475e+01
   3.3300000e+03   1.9325865e+01
   3.3400000e+03   1.9234667e+01
   3.3500000e+03   1.9300862e+01
   3.3600000e+03   1.9278783e+01
   3.3700000e+03   1.9344444e+01
   3.3800000e+03   1.9322534e+01
   3.3900000e+03   1.9403144e+01
   3.4000000e+03   1.9337410e+01
   3.4100000e+03   1.9294367e+01
   3.4200000e+03   1.9315882e+01
   3.4300000e+03   1.9273093e+01
   3.4400000e+03   1.9274341e+01
   3.4500000e+03   1.9172602e+01
   3.4600000e+03   1.9286940e+01
   3.4700000e+03   1.9350926e+01
   3.4800000e+03   1.9254192e+01
   3.4900000e+03   1.9315709e+01
