   0.0000000e+00   1.7758058e+01
   1.0000000e+01   1.7766060e+01
   2.0000000e+01   1.7773974e+01
   3.0000000e+01   1.7765514e+01
   4.0000000e+01   1.7859052e+01
   5.0000000e+01   8.9791712e+01
   6.0000000e+01   4.0708378e+01
   7.0000000e+01   2.5100996e+01
   8.0000000e+01   3.0763392e+01
   9.0000000e+01   3.3564540e+01
   1.0000000e+02   5.7510811e+01
   1.1000000e+02   3.0808910e+01
   1.2000000e+02   2.6183628e+01
   1.3000000e+02   4.1501677e+01
   1.4000000e+02   3.6643898e+01
   1.5000000e+02   2.4620539e+01
   1.6000000e+02   1.8861903e+01
   1.7000000e+02   3.7046784e+01
   1.8000000e+02   3.3637650e+01
   1.9000000e+02   2.4049212e+01
   2.0000000e+02   4.5866765e+01
   2.1000000e+02   2.1851602e+01
   2.2000000e+02   4.2832147e+01
   2.3000000e+02   2.3006146e+01
   2.4000000e+02   4.8332344e+01
   2.5000000e+02   3.9040881e+01
   2.6000000e+02   3.3827757e+01
   2.7000000e+02   2.5477583e+01
   2.8000000e+02   3.3541653e+01
   2.9000000e+02   2.1273232e+01
   3.0000000e+02   4.0508304e+01
   3.1000000e+02   3.5382789e+01
   3.2000000e+02   5.3469399e+01
   3.3000000e+02   3.1572139e+01
   3.4000000e+02   3.1156805e+01
   3.5000000e+02   2.0377008e+01
   3.6000000e+02   5.1015775e+01
   3.7000000e+02   4.1582835e+01
   3.8000000e+02   3.7272616e+01
   3.9000000e+02   2.7456097e+01
   4.0000000e+02   1.8375069e+01
   4.1000000e+02   2.7357662e+01
   4.2000000e+02   2.5492334e+01
   4.3000000e+02   2.2588189e+01
   4.4000000e+02   2.2188816e+01
   4.5000000e+02   2.2745407e+01
   4.6000000e+02   3.9176261e+01
   4.7000000e+02   5.0184945e+01
   4.8000000e+02   3.3606739e+01
   4.9000000e+02   4.4868803e+01
   5.0000000e+02   2.0324136e+01
   5.1000000e+02   3.3751618e+01
   5.2000000e+02   3.1890917e+01
   5.3000000e+02   2.4055624e+01
   5.4000000e+02   4.7532721e+01
   5.5000000e+02   3.6386299e+01
   5.6000000e+02   5.1090519e+01
   5.7000000e+02   2.2185946e+01
   5.8000000e+02   3.6955785e+01
   5.9000000e+02   3.7029160e+01
   6.0000000e+02   2.4933900e+01
   6.1000000e+02   2.5960752e+01
   6.2000000e+02   6.2130230e+01
   6.3000000e+02   4.4816306e+01
   6.4000000e+02   3.5249388e+01
   6.5000000e+02   3.6356052e+01
   6.6000000e+02   2.3365043e+01
   6.7000000e+02   1.9162260e+01
   6.8000000e+02   2.0886699e+01
   6.9000000e+02   1.8604710e+01
   7.0000000e+02   4.1858537e+01
   7.1000000e+02   3.1340793e+01
   7.2000000e+02   3.6935857e+01
   7.3000000e+02   1.6562442e+01
   7.4000000e+02   5.8442374e+01
   7.5000000e+02   3.0396490e+01
   7.6000000e+02   3.4899570e+01
   7.7000000e+02   7.1961149e+01
   7.8000000e+02   5.5322996e+01
   7.9000000e+02   5.0464136e+01
   8.0000000e+02   2.6093584e+01
   8.1000000e+02   2.1127217e+01
   8.2000000e+02   2.6222577e+01
   8.3000000e+02   4.6823889e+01
   8.4000000e+02   2.7542759e+01
   8.5000000e+02   2.2225030e+01
   8.6000000e+02   1.7806667e+01
   8.7000000e+02   3.8961841e+01
   8.8000000e+02   1.6737260e+01
   8.9000000e+02   1.6520174e+01
   9.0000000e+02   2.2576460e+01
   9.1000000e+02   1.7597041e+01
   9.2000000e+02   3.2757794e+01
   9.3000000e+02   5.7688717e+01
   9.4000000e+02   3.0291946e+01
   9.5000000e+02   1.8558558e+01
   9.6000000e+02   1.7639095e+01
   9.7000000e+02   5.7071636e+01
   9.8000000e+02   1.7585407e+01
   9.9000000e+02   2.1920557e+01
   1.0000000e+03   2.8490435e+01
   1.0100000e+03   4.4599849e+01
   1.0200000e+03   3.8569027e+01
   1.0300000e+03   3.7263948e+01
   1.0400000e+03   4.6830366e+01
   1.0500000e+03   2.8415438e+01
   1.0600000e+03   5.6566162e+01
   1.0700000e+03   4.6911230e+01
   1.0800000e+03   2.1509974e+01
   1.0900000e+03   7.2577534e+01
   1.1000000e+03   5.0615093e+01
   1.1100000e+03   1.9757146e+01
   1.1200000e+03   2.1113919e+01
   1.1300000e+03   4.3660965e+01
   1.1400000e+03   3.7072662e+01
   1.1500000e+03   6.0938151e+01
   1.1600000e+03   4.6275055e+01
   1.1700000e+03   7.7226961e+01
   1.1800000e+03   5.8640812e+01
   1.1900000e+03   2.7076157e+01
   1.2000000e+03   6.2946393e+01
   1.2100000e+03   5.5224326e+01
   1.2200000e+03   5.6119137e+01
   1.2300000e+03   4.0665167e+01
   1.2400000e+03   4.8206243e+01
   1.2500000e+03   5.0066620e+01
   1.2600000e+03   3.2390497e+01
   1.2700000e+03   7.6564491e+01
   1.2800000e+03   3.2940889e+01
   1.2900000e+03   4.8122728e+01
   1.3000000e+03   3.0862294e+01
   1.3100000e+03   3.9160471e+01
   1.3200000e+03   3.2613139e+01
   1.3300000e+03   3.0188295e+01
   1.3400000e+03   4.9046372e+01
   1.3500000e+03   4.3861248e+01
   1.3600000e+03   4.5590708e+01
   1.3700000e+03   4.7622682e+01
   1.3800000e+03   4.7406137e+01
   1.3900000e+03   3.3513249e+01
   1.4000000e+03   5.3006179e+01
   1.4100000e+03   3.7021891e+01
   1.4200000e+03   8.7887296e+01
   1.4300000e+03   3.6426082e+01
   1.4400000e+03   5.9180003e+01
   1.4500000e+03   2.8582435e+01
   1.4600000e+03   2.6468175e+01
   1.4700000e+03   7.5820568e+01
   1.4800000e+03   8.6792503e+01
   1.4900000e+03   4.4742875e+01
   1.5000000e+03   5.8966515e+01
   1.5100000e+03   5.0034321e+01
   1.5200000e+03   4.0053495e+01
   1.5300000e+03   5.9340467e+01
   1.5400000e+03   2.8886738e+01
   1.5500000e+03   4.0978513e+01
   1.5600000e+03   6.2897571e+01
   1.5700000e+03   5.6799198e+01
   1.5800000e+03   3.3039699e+01
   1.5900000e+03   5.1559739e+01
   1.6000000e+03   4.3222092e+01
   1.6100000e+03   6.5852734e+01
   1.6200000e+03   8.2628382e+01
   1.6300000e+03   5.7478057e+01
   1.6400000e+03   5.8155994e+01
   1.6500000e+03   5.4711989e+01
   1.6600000e+03   4.8904211e+01
   1.6700000e+03   2.6242573e+01
   1.6800000e+03   7.1322778e+01
   1.6900000e+03   3.2396965e+01
   1.7000000e+03   3.4173057e+01
   1.7100000e+03   4.7745642e+01
   1.7200000e+03   1.1035475e+02
   1.7300000e+03   3.7362032e+01
   1.7400000e+03   4.2233419e+01
   1.7500000e+03   6.0380299e+01
   1.7600000e+03   4.4365841e+01
   1.7700000e+03   6.0007013e+01
   1.7800000e+03   4.0433930e+01
   1.7900000e+03   4.7456732e+01
   1.8000000e+03   5.6801505e+01
   1.8100000e+03   4.9162655e+01
   1.8200000e+03   9.8301381e+01
   1.8300000e+03   7.6433707e+01
   1.8400000e+03   8.8958231e+01
   1.8500000e+03   2.6863656e+01
   1.8600000e+03   1.9718402e+01
   1.8700000e+03   3.5650459e+01
   1.8800000e+03   4.0438484e+01
   1.8900000e+03   1.1425528e+02
   1.9000000e+03   3.4008725e+01
   1.9100000e+03   2.0964842e+01
   1.9200000e+03   3.9009818e+01
   1.9300000e+03   3.1056302e+01
   1.9400000e+03   8.6710849e+01
   1.9500000e+03   9.9387751e+01
   1.9600000e+03   6.0713610e+01
   1.9700000e+03   6.2651031e+01
   1.9800000e+03   3.2361406e+01
   1.9900000e+03   4.7532468e+01
   2.0000000e+03   1.1495204e+02
   2.0100000e+03   6.6878623e+01
   2.0200000e+03   3.7744255e+01
   2.0300000e+03   7.5184695e+01
   2.0400000e+03   5.4963972e+01
   2.0500000e+03   4.3666714e+01
   2.0600000e+03   3.7731244e+01
   2.0700000e+03   2.3098951e+01
   2.0800000e+03   4.0074533e+01
   2.0900000e+03   1.7353808e+01
   2.1000000e+03   1.6649927e+01
   2.1100000e+03   3.4571998e+01
   2.1200000e+03   5.5531405e+01
   2.1300000e+03   3.9560625e+01
   2.1400000e+03   5.4726896e+01
   2.1500000e+03   8.3190422e+01
   2.1600000e+03   6.1473390e+01
   2.1700000e+03   7.6430169e+01
   2.1800000e+03   3.1207743e+01
   2.1900000e+03   9.5746302e+01
   2.2000000e+03   2.9620017e+01
   2.2100000e+03   6.9213133e+01
   2.2200000e+03   9.6638357e+01
   2.2300000e+03   2.4731069e+01
   2.2400000e+03   2.9511891e+01
   2.2500000e+03   2.8296400e+01
   2.2600000e+03   3.0129228e+01
   2.2700000e+03   2.5153220e+01
   2.2800000e+03   1.6686787e+01
   2.2900000e+03   1.9826744e+01
   2.3000000e+03   5.1695668e+01
   2.3100000e+03   4.2741919e+01
   2.3200000e+03   3.1429677e+01
   2.3300000e+03   3.8960612e+01
   2.3400000e+03   3.6086116e+01
   2.3500000e+03   5.0757370e+01
   2.3600000e+03   8.4209090e+01
   2.3700000e+03   7.3834113e+01
   2.3800000e+03   4.4227544e+01
   2.3900000e+03   3.6648279e+01
   2.4000000e+03   2.7734860e+01
   2.4100000e+03   4.3211223e+01
   2.4200000e+03   6.7632590e+01
   2.4300000e+03   2.9949977e+01
   2.4400000e+03   4.3228899e+01
   2.4500000e+03   3.1511052e+01
   2.4600000e+03   5.3544305e+01
   2.4700000e+03   4.9043961e+01
   2.4800000e+03   3.1422900e+01
   2.4900000e+03   5.7285021e+01
   2.5000000e+03   2.5924888e+01
   2.5100000e+03   5.1041263e+01
   2.5200000e+03   4.5855026e+01
   2.5300000e+03   4.1379046e+01
   2.5400000e+03   1.5945035e+01
   2.5500000e+03   1.7625124e+01
   2.5600000e+03   2.2625800e+01
   2.5700000e+03   3.6979993e+01
   2.5800000e+03   5.1923121e+01
   2.5900000e+03   2.3565330e+01
   2.6000000e+03   1.9510691e+01
   2.6100000e+03   1.6163317e+01
   2.6200000e+03   3.5547693e+01
   2.6300000e+03   2.4321409e+01
   2.6400000e+03   4.8535070e+01
   2.6500000e+03   3.0313721e+01
   2.6600000e+03   2.1599700e+01
   2.6700000e+03   1.8699645e+01
   2.6800000e+03   2.3063457e+01
   2.6900000e+03   2.2012177e+01
   2.7000000e+03   2.2195109e+01
   2.7100000e+03   2.2834325e+01
   2.7200000e+03   2.7732748e+01
   2.7300000e+03   2.4151482e+01
   2.7400000e+03   3.8889801e+01
   2.7500000e+03   3.3795635e+01
   2.7600000e+03   2.1729686e+01
   2.7700000e+03   2.3417335e+01
   2.7800000e+03   6.4708315e+01
   2.7900000e+03   3.3843648e+01
   2.8000000e+03   1.8180998e+01
   2.8100000e+03   1.7176577e+01
   2.8200000e+03   3.0296435e+01
   2.8300000e+03   3.1394175e+01
   2.8400000e+03   2.1132439e+01
   2.8500000e+03   3.4552369e+01
   2.8600000e+03   2.4217121e+01
   2.8700000e+03   3.0089686e+01
   2.8800000e+03   4.1954148e+01
   2.8900000e+03   3.2831364e+01
   2.9000000e+03   3.2788473e+01
   2.9100000e+03   4.0013202e+01
   2.9200000e+03   3.0060478e+01
   2.9300000e+03   5.7006755e+01
   2.9400000e+03   2.4520800e+01
   2.9500000e+03   4.1292459e+01
   2.9600000e+03   1.7638744e+01
   2.9700000e+03   2.6348645e+01
   2.9800000e+03   2.7799200e+01
   2.9900000e+03   5.0168551e+01
   3.0000000e+03   4.2151868e+01
   3.0100000e+03   4.5048300e+01
   3.0200000e+03   2.9692830e+01
   3.0300000e+03   2.1646950e+01
   3.0400000e+03   1.8059695e+01
   3.0500000e+03   2.1254729e+01
   3.0600000e+03   2.8445726e+01
   3.0700000e+03   3.7282377e+01
   3.0800000e+03   3.0682705e+01
   3.0900000e+03   5.5793124e+01
   3.1000000e+03   4.8814444e+01
   3.1100000e+03   5.4525364e+01
   3.1200000e+03   5.1760618e+01
   3.1300000e+03   3.8595947e+01
   3.1400000e+03   4.0698247e+01
   3.1500000e+03   4.0967798e+01
   3.1600000e+03   3.4636001e+01
   3.1700000e+03   4.8802887e+01
   3.1800000e+03   3.0435420e+01
   3.1900000e+03   6.5058554e+01
   3.2000000e+03   3.9031935e+01
   3.2100000e+03   6.6015640e+01
   3.2200000e+03   7.0341497e+01
   3.2300000e+03   4.7391780e+01
   3.2400000e+03   4.0002070e+01
   3.2500000e+03   6.4977992e+01
   3.2600000e+03   6.8184801e+01
   3.2700000e+03   4.1166729e+01
   3.2800000e+03   9.9681629e+01
   3.2900000e+03   4.9695063e+01
   3.3000000e+03   5.1520732e+01
   3.3100000e+03   5.9677933e+01
   3.3200000e+03   3.6968788e+01
   3.3300000e+03   7.4316336e+01
   3.3400000e+03   8.1274374e+01
   3.3500000e+03   2.6639452e+01
   3.3600000e+03   3.6944508e+01
   3.3700000e+03   3.5084761e+01
   3.3800000e+03   5.0539878e+01
   3.3900000e+03   6.3590437e+01
   3.4000000e+03   5.2378218e+01
   3.4100000e+03   4.6572585e+01
   3.4200000e+03   2.9796074e+01
   3.4300000e+03   2.8581941e+01
   3.4400000e+03   2.3741255e+01
   3.4500000e+03   1.9096789e+01
   3.4600000e+03   4.8466514e+01
   3.4700000e+03   3.0763741e+01
   3.4800000e+03   3.3496510e+01
   3.4900000e+03   4.3416675e+01
