   0.0000000e+00   1.8498935e+01
   1.0000000e+01   1.8496261e+01
   2.0000000e+01   1.8498140e+01
   3.0000000e+01   1.8505690e+01
   4.0000000e+01   1.8408500e+01
   5.0000000e+01   1.6611243e+01
   6.0000000e+01   1.2489966e+01
   7.0000000e+01   9.2115209e+00
   8.0000000e+01   5.7338108e+00
   9.0000000e+01   2.5838909e+00
   1.0000000e+02   1.6757586e-01
   1.1000000e+02  -1.6026113e+00
   1.2000000e+02  -3.1030387e+00
   1.3000000e+02  -4.2035434e+00
   1.4000000e+02  -5.3080422e+00
   1.5000000e+02  -6.0519638e+00
   1.6000000e+02  -6.7478397e+00
   1.7000000e+02  -7.2865790e+00
   1.8000000e+02  -8.0501833e+00
   1.9000000e+02  -8.4141368e+00
   2.0000000e+02  -8.8396555e+00
   2.1000000e+02  -9.2488194e+00
   2.2000000e+02  -9.5774597e+00
   2.3000000e+02  -9.8411064e+00
   2.4000000e+02  -1.0027083e+01
   2.5000000e+02  -1.0367569e+01
   2.6000000e+02  -1.0524624e+01
   2.7000000e+02  -1.0636015e+01
   2.8000000e+02  -1.0859145e+01
   2.9000000e+02  -1.0972909e+01
   3.0000000e+02  -1.1157981e+01
   3.1000000e+02  -1.1216385e+01
   3.2000000e+02  -1.1378450e+01
   3.3000000e+02  -1.1487483e+01
   3.4000000e+02  -1.1472450e+01
   3.5000000e+02  -1.1485263e+01
   3.6000000e+02  -1.1753291e+01
   3.7000000e+02  -1.1820529e+01
   3.8000000e+02  -1.1784017e+01
   3.9000000e+02  -1.1803069e+01
   4.0000000e+02  -1.1917024e+01
   4.1000000e+02  -1.2003230e+01
   4.2000000e+02  -1.1953853e+01
   4.3000000e+02  -1.2213339e+01
   4.4000000e+02  -1.2294579e+01
   4.5000000e+02  -1.2387636e+01
   4.6000000e+02  -1.2573023e+01
   4.7000000e+02  -1.2512523e+01
   4.8000000e+02  -1.2505544e+01
   4.9000000e+02  -1.2523174e+01
   5.0000000e+02  -1.2508751e+01
   5.1000000e+02  -1.2451765e+01
   5.2000000e+02  -1.2552136e+01
   5.3000000e+02  -1.2466348e+01
   5.4000000e+02  -1.2421044e+01
   5.5000000e+02  -1.2472164e+01
   5.6000000e+02  -1.2288028e+01
   5.7000000e+02  -1.2371979e+01
   5.8000000e+02  -1.2383489e+01
   5.9000000e+02  -1.2186588e+01
   6.0000000e+02  -1.2170394e+01
   6.1000000e+02  -1.2622016e+01
   6.2000000e+02  -1.2452505e+01
   6.3000000e+02  -1.2386784e+01
   6.4000000e+02  -1.2547659e+01
   6.5000000e+02  -1.2603818e+01
   6.6000000e+02  -1.2565227e+01
   6.7000000e+02  -1.2588726e+01
   6.8000000e+02  -1.2708354e+01
   6.9000000e+02  -1.2695062e+01
   7.0000000e+02  -1.2571984e+01
   7.1000000e+02  -1.2615724e+01
   7.2000000e+02  -1.2666373e+01
   7.3000000e+02  -1.2589768e+01
   7.4000000e+02  -1.2557774e+01
   7.5000000e+02  -1.2426074e+01
   7.6000000e+02  -1.2499500e+01
   7.7000000e+02  -1.2558998e+01
   7.8000000e+02  -1.2461568e+01
   7.9000000e+02  -1.2477039e+01
   8.0000000e+02  -1.2632751e+01
   8.1000000e+02  -1.2666418e+01
   8.2000000e+02  -1.2554733e+01
   8.3000000e+02  -1.2527368e+01
   8.4000000e+02  -1.2509763e+01
   8.5000000e+02  -1.2550208e+01
   8.6000000e+02  -1.2805323e+01
   8.7000000e+02  -1.2857073e+01
   8.8000000e+02  -1.2958558e+01
   8.9000000e+02  -1.2980132e+01
   9.0000000e+02  -1.3020579e+01
   9.1000000e+02  -1.2920553e+01
   9.2000000e+02  -1.2949156e+01
   9.3000000e+02  -1.2998959e+01
   9.4000000e+02  -1.3116338e+01
   9.5000000e+02  -1.3112497e+01
   9.6000000e+02  -1.3086116e+01
   9.7000000e+02  -1.2910740e+01
   9.8000000e+02  -1.3095346e+01
   9.9000000e+02  -1.2997102e+01
   1.0000000e+03  -1.2937153e+01
   1.0100000e+03  -1.3033812e+01
   1.0200000e+03  -1.3097885e+01
   1.0300000e+03  -1.2936836e+01
   1.0400000e+03  -1.3041935e+01
   1.0500000e+03  -1.2883214e+01
   1.0600000e+03  -1.2958396e+01
   1.0700000e+03  -1.3057004e+01
   1.0800000e+03  -1.2967895e+01
   1.0900000e+03  -1.2913812e+01
   1.1000000e+03  -1.2986152e+01
   1.1100000e+03  -1.3079727e+01
   1.1200000e+03  -1.2904369e+01
   1.1300000e+03  -1.3024637e+01
   1.1400000e+03  -1.3143387e+01
   1.1500000e+03  -1.3083414e+01
   1.1600000e+03  -1.3173429e+01
   1.1700000e+03  -1.3209091e+01
   1.1800000e+03  -1.2995491e+01
   1.1900000e+03  -1.2824978e+01
   1.2000000e+03  -1.2955180e+01
   1.2100000e+03  -1.3025799e+01
   1.2200000e+03  -1.3021843e+01
   1.2300000e+03  -1.2972021e+01
   1.2400000e+03  -1.2890904e+01
   1.2500000e+03  -1.3037193e+01
   1.2600000e+03  -1.2965743e+01
   1.2700000e+03  -1.3014936e+01
   1.2800000e+03  -1.2892107e+01
   1.2900000e+03  -1.2966481e+01
   1.3000000e+03  -1.2936569e+01
   1.3100000e+03  -1.2911175e+01
   1.3200000e+03  -1.2803518e+01
   1.3300000e+03  -1.2804821e+01
   1.3400000e+03  -1.2692117e+01
   1.3500000e+03  -1.2697768e+01
   1.3600000e+03  -1.2529558e+01
   1.3700000e+03  -1.2491153e+01
   1.3800000e+03  -1.2412343e+01
   1.3900000e+03  -1.2243189e+01
   1.4000000e+03  -1.2422584e+01
   1.4100000e+03  -1.2676201e+01
   1.4200000e+03  -1.2520403e+01
   1.4300000e+03  -1.2630349e+01
   1.4400000e+03  -1.2525343e+01
   1.4500000e+03  -1.2538083e+01
   1.4600000e+03  -1.2499783e+01
   1.4700000e+03  -1.2618220e+01
   1.4800000e+03  -1.2665804e+01
   1.4900000e+03  -1.2670570e+01
   1.5000000e+03  -1.2670072e+01
   1.5100000e+03  -1.2766802e+01
   1.5200000e+03  -1.2740884e+01
   1.5300000e+03  -1.2803935e+01
   1.5400000e+03  -1.2715898e+01
   1.5500000e+03  -1.2838367e+01
   1.5600000e+03  -1.2869800e+01
   1.5700000e+03  -1.2730741e+01
   1.5800000e+03  -1.2701583e+01
   1.5900000e+03  -1.2782119e+01
   1.6000000e+03  -1.2894244e+01
   1.6100000e+03  -1.2946830e+01
   1.6200000e+03  -1.2934151e+01
   1.6300000e+03  -1.2810852e+01
   1.6400000e+03  -1.2846894e+01
   1.6500000e+03  -1.2903118e+01
   1.6600000e+03  -1.2986719e+01
   1.6700000e+03  -1.2895250e+01
   1.6800000e+03  -1.2941301e+01
   1.6900000e+03  -1.2888798e+01
   1.7000000e+03  -1.2917106e+01
   1.7100000e+03  -1.2911859e+01
   1.7200000e+03  -1.3075759e+01
   1.7300000e+03  -1.3056113e+01
   1.7400000e+03  -1.3076136e+01
   1.7500000e+03  -1.3015925e+01
   1.7600000e+03  -1.3088447e+01
   1.7700000e+03  -1.3142544e+01
   1.7800000e+03  -1.3102694e+01
   1.7900000e+03  -1.3128798e+01
   1.8000000e+03  -1.3112698e+01
   1.8100000e+03  -1.3184078e+01
   1.8200000e+03  -1.3149777e+01
   1.8300000e+03  -1.3050010e+01
   1.8400000e+03  -1.3122714e+01
   1.8500000e+03  -1.3169917e+01
   1.8600000e+03  -1.3065551e+01
   1.8700000e+03  -1.3027438e+01
   1.8800000e+03  -1.2982877e+01
   1.8900000e+03  -1.2931362e+01
   1.9000000e+03  -1.2947858e+01
   1.9100000e+03  -1.3017665e+01
   1.9200000e+03  -1.3055268e+01
   1.9300000e+03  -1.2964565e+01
   1.9400000e+03  -1.2888309e+01
   1.9500000e+03  -1.2866473e+01
   1.9600000e+03  -1.2932207e+01
   1.9700000e+03  -1.2885116e+01
   1.9800000e+03  -1.2755108e+01
   1.9900000e+03  -1.2828223e+01
   2.0000000e+03  -1.2765865e+01
   2.0100000e+03  -1.2811587e+01
   2.0200000e+03  -1.2885767e+01
   2.0300000e+03  -1.2761315e+01
   2.0400000e+03  -1.2703386e+01
   2.0500000e+03  -1.2665469e+01
   2.0600000e+03  -1.2821683e+01
   2.0700000e+03  -1.2794306e+01
   2.0800000e+03  -1.2754499e+01
   2.0900000e+03  -1.2799267e+01
   2.1000000e+03  -1.2737556e+01
   2.1100000e+03  -1.2730598e+01
   2.1200000e+03  -1.2734882e+01
   2.1300000e+03  -1.2825088e+01
   2.1400000e+03  -1.2747381e+01
   2.1500000e+03  -1.2803491e+01
   2.1600000e+03  -1.2715198e+01
   2.1700000e+03  -1.2812072e+01
   2.1800000e+03  -1.2663969e+01
   2.1900000e+03  -1.2862756e+01
   2.2000000e+03  -1.2727986e+01
   2.2100000e+03  -1.2686932e+01
   2.2200000e+03  -1.2734881e+01
   2.2300000e+03  -1.2759594e+01
   2.2400000e+03  -1.2693962e+01
   2.2500000e+03  -1.2728675e+01
   2.2600000e+03  -1.2733814e+01
   2.2700000e+03  -1.2566575e+01
   2.2800000e+03  -1.2733778e+01
   2.2900000e+03  -1.2759322e+01
   2.3000000e+03  -1.2762620e+01
   2.3100000e+03  -1.2705156e+01
   2.3200000e+03  -1.2717715e+01
   2.3300000e+03  -1.2733788e+01
   2.3400000e+03  -1.2616756e+01
   2.3500000e+03  -1.2735344e+01
   2.3600000e+03  -1.2671727e+01
   2.3700000e+03  -1.2774109e+01
   2.3800000e+03  -1.2778772e+01
   2.3900000e+03  -1.2796888e+01
   2.4000000e+03  -1.2775524e+01
   2.4100000e+03  -1.2726500e+01
   2.4200000e+03  -1.2930446e+01
   2.4300000e+03  -1.2759075e+01
   2.4400000e+03  -1.2712784e+01
   2.4500000e+03  -1.2809775e+01
   2.4600000e+03  -1.2856649e+01
   2.4700000e+03  -1.2873975e+01
   2.4800000e+03  -1.2890152e+01
   2.4900000e+03  -1.2888936e+01
   2.5000000e+03  -1.2887708e+01
   2.5100000e+03  -1.2871346e+01
   2.5200000e+03  -1.2779998e+01
   2.5300000e+03  -1.3013193e+01
   2.5400000e+03  -1.2870011e+01
   2.5500000e+03  -1.2904651e+01
   2.5600000e+03  -1.2965271e+01
   2.5700000e+03  -1.2930846e+01
   2.5800000e+03  -1.2859254e+01
   2.5900000e+03  -1.2853608e+01
   2.6000000e+03  -1.2962443e+01
   2.6100000e+03  -1.2848982e+01
   2.6200000e+03  -1.2842571e+01
   2.6300000e+03  -1.2922100e+01
   2.6400000e+03  -1.2933969e+01
   2.6500000e+03  -1.2873390e+01
   2.6600000e+03  -1.2940464e+01
   2.6700000e+03  -1.2916447e+01
   2.6800000e+03  -1.3062957e+01
   2.6900000e+03  -1.3014908e+01
   2.7000000e+03  -1.3081918e+01
   2.7100000e+03  -1.3041876e+01
   2.7200000e+03  -1.2884736e+01
   2.7300000e+03  -1.2790081e+01
   2.7400000e+03  -1.3040838e+01
   2.7500000e+03  -1.2984646e+01
   2.7600000e+03  -1.2943148e+01
   2.7700000e+03  -1.2921755e+01
   2.7800000e+03  -1.3010206e+01
   2.7900000e+03  -1.2879342e+01
   2.8000000e+03  -1.2981477e+01
   2.8100000e+03  -1.2976725e+01
   2.8200000e+03  -1.2987472e+01
   2.8300000e+03  -1.3067388e+01
   2.8400000e+03  -1.2947749e+01
   2.8500000e+03  -1.2953487e+01
   2.8600000e+03  -1.2872170e+01
   2.8700000e+03  -1.2980661e+01
   2.8800000e+03  -1.3003084e+01
   2.8900000e+03  -1.2976076e+01
   2.9000000e+03  -1.3018098e+01
   2.9100000e+03  -1.2974930e+01
   2.9200000e+03  -1.3108724e+01
   2.9300000e+03  -1.3115557e+01
   2.9400000e+03  -1.3072997e+01
   2.9500000e+03  -1.3062395e+01
   2.9600000e+03  -1.3106730e+01
   2.9700000e+03  -1.3032297e+01
   2.9800000e+03  -1.3050366e+01
   2.9900000e+03  -1.3036308e+01
   3.0000000e+03  -1.3062924e+01
   3.0100000e+03  -1.3068175e+01
   3.0200000e+03  -1.3060087e+01
   3.0300000e+03  -1.3011758e+01
   3.0400000e+03  -1.3184897e+01
   3.0500000e+03  -1.3189214e+01
   3.0600000e+03  -1.3144582e+01
   3.0700000e+03  -1.2860959e+01
   3.0800000e+03  -1.3028370e+01
   3.0900000e+03  -1.2997425e+01
   3.1000000e+03  -1.2860044e+01
   3.1100000e+03  -1.2934758e+01
   3.1200000e+03  -1.2831273e+01
   3.1300000e+03  -1.2984054e+01
   3.1400000e+03  -1.2811623e+01
   3.1500000e+03  -1.2902268e+01
   3.1600000e+03  -1.2867473e+01
   3.1700000e+03  -1.2900333e+01
   3.1800000e+03  -1.3011188e+01
   3.1900000e+03  -1.2966801e+01
   3.2000000e+03  -1.2772033e+01
   3.2100000e+03  -1.2912067e+01
   3.2200000e+03  -1.3009152e+01
   3.2300000e+03  -1.2938906e+01
   3.2400000e+03  -1.2973951e+01
   3.2500000e+03  -1.2982843e+01
   3.2600000e+03  -1.2875442e+01
   3.2700000e+03  -1.2948457e+01
   3.2800000e+03  -1.2766426e+01
   3.2900000e+03  -1.2762478e+01
   3.3000000e+03  -1.2738506e+01
   3.3100000e+03  -1.2774733e+01
   3.3200000e+03  -1.2608701e+01
   3.3300000e+03  -1.2771421e+01
   3.3400000e+03  -1.2745736e+01
   3.3500000e+03  -1.2754037e+01
   3.3600000e+03  -1.2711929e+01
   3.3700000e+03  -1.2715964e+01
   3.3800000e+03  -1.2753678e+01
   3.3900000e+03  -1.2639530e+01
   3.4000000e+03  -1.2700145e+01
   3.4100000e+03  -1.2795248e+01
   3.4200000e+03  -1.2725413e+01
   3.4300000e+03  -1.2705073e+01
   3.4400000e+03  -1.2779678e+01
   3.4500000e+03  -1.2731692e+01
   3.4600000e+03  -1.2830441e+01
   3.4700000e+03  -1.2841760e+01
   3.4800000e+03  -1.2771706e+01
   3.4900000e+03  -1.2766315e+01
