   0.0000000e+00   1.7758305e+01
   1.0000000e+01   1.7762103e+01
   2.0000000e+01   1.7762358e+01
   3.0000000e+01   1.7750883e+01
   4.0000000e+01   1.7755856e+01
   5.0000000e+01   1.7752786e+01
   6.0000000e+01   1.7727976e+01
   7.0000000e+01   1.7320292e+01
   8.0000000e+01   1.1669305e+01
   9.0000000e+01   7.2745039e+00
   1.0000000e+02   3.6733603e+00
   1.1000000e+02   1.1791157e+00
   1.2000000e+02  -5.5348156e-01
   1.3000000e+02  -2.0540878e+00
   1.4000000e+02  -3.4107649e+00
   1.5000000e+02  -4.4836286e+00
   1.6000000e+02  -5.4973039e+00
   1.7000000e+02  -6.1455754e+00
   1.8000000e+02  -6.9000302e+00
   1.9000000e+02  -7.6107302e+00
   2.0000000e+02  -8.1966613e+00
   2.1000000e+02  -8.7904539e+00
   2.2000000e+02  -8.9556942e+00
   2.3000000e+02  -9.2145496e+00
   2.4000000e+02  -9.6019632e+00
   2.5000000e+02  -1.0167118e+01
   2.6000000e+02  -1.0410314e+01
   2.7000000e+02  -1.0643145e+01
   2.8000000e+02  -1.0809415e+01
   2.9000000e+02  -1.1104398e+01
   3.0000000e+02  -1.1046123e+01
   3.1000000e+02  -1.1229269e+01
   3.2000000e+02  -1.1420451e+01
   3.3000000e+02  -1.1638509e+01
   3.4000000e+02  -1.1608227e+01
   3.5000000e+02  -1.1855816e+01
   3.6000000e+02  -1.2021266e+01
   3.7000000e+02  -1.2092266e+01
   3.8000000e+02  -1.2160844e+01
   3.9000000e+02  -1.2266458e+01
   4.0000000e+02  -1.2316194e+01
   4.1000000e+02  -1.2419388e+01
   4.2000000e+02  -1.2477845e+01
   4.3000000e+02  -1.2522313e+01
   4.4000000e+02  -1.2692382e+01
   4.5000000e+02  -1.2745944e+01
   4.6000000e+02  -1.2815812e+01
   4.7000000e+02  -1.2629460e+01
   4.8000000e+02  -1.2672726e+01
   4.9000000e+02  -1.2786003e+01
   5.0000000e+02  -1.2941908e+01
   5.1000000e+02  -1.2961361e+01
   5.2000000e+02  -1.2845008e+01
   5.3000000e+02  -1.2992355e+01
   5.4000000e+02  -1.3009829e+01
   5.5000000e+02  -1.2982063e+01
   5.6000000e+02  -1.3063486e+01
   5.7000000e+02  -1.3128383e+01
   5.8000000e+02  -1.3208235e+01
   5.9000000e+02  -1.3247468e+01
   6.0000000e+02  -1.3343695e+01
   6.1000000e+02  -1.3585857e+01
   6.2000000e+02  -1.3589137e+01
   6.3000000e+02  -1.3700322e+01
   6.4000000e+02  -1.3589059e+01
   6.5000000e+02  -1.3509174e+01
   6.6000000e+02  -1.3765085e+01
   6.7000000e+02  -1.3803652e+01
   6.8000000e+02  -1.3753246e+01
   6.9000000e+02  -1.3835737e+01
   7.0000000e+02  -1.3943286e+01
   7.1000000e+02  -1.3932275e+01
   7.2000000e+02  -1.3800164e+01
   7.3000000e+02  -1.3867271e+01
   7.4000000e+02  -1.3858838e+01
   7.5000000e+02  -1.3972374e+01
   7.6000000e+02  -1.3879127e+01
   7.7000000e+02  -1.3752094e+01
   7.8000000e+02  -1.3971693e+01
   7.9000000e+02  -1.4080174e+01
   8.0000000e+02  -1.3943094e+01
   8.1000000e+02  -1.3972620e+01
   8.2000000e+02  -1.3890140e+01
   8.3000000e+02  -1.3963734e+01
   8.4000000e+02  -1.3937955e+01
   8.5000000e+02  -1.3931299e+01
   8.6000000e+02  -1.3957898e+01
   8.7000000e+02  -1.3901172e+01
   8.8000000e+02  -1.4001550e+01
   8.9000000e+02  -1.3977067e+01
   9.0000000e+02  -1.3853752e+01
   9.1000000e+02  -1.3861577e+01
   9.2000000e+02  -1.3977772e+01
   9.3000000e+02  -1.3852664e+01
   9.4000000e+02  -1.3692642e+01
   9.5000000e+02  -1.3596640e+01
   9.6000000e+02  -1.3936957e+01
   9.7000000e+02  -1.3844489e+01
   9.8000000e+02  -1.3769750e+01
   9.9000000e+02  -1.3863773e+01
   1.0000000e+03  -1.3903828e+01
   1.0100000e+03  -1.3873553e+01
   1.0200000e+03  -1.3874189e+01
   1.0300000e+03  -1.3688200e+01
   1.0400000e+03  -1.3700621e+01
   1.0500000e+03  -1.3641339e+01
   1.0600000e+03  -1.3927352e+01
   1.0700000e+03  -1.3869960e+01
   1.0800000e+03  -1.4008638e+01
   1.0900000e+03  -1.4157793e+01
   1.1000000e+03  -1.3899138e+01
   1.1100000e+03  -1.4159487e+01
   1.1200000e+03  -1.4052371e+01
   1.1300000e+03  -1.4361261e+01
   1.1400000e+03  -1.4394009e+01
   1.1500000e+03  -1.4151843e+01
   1.1600000e+03  -1.4114938e+01
   1.1700000e+03  -1.4098164e+01
   1.1800000e+03  -1.4049725e+01
   1.1900000e+03  -1.4074935e+01
   1.2000000e+03  -1.4212313e+01
   1.2100000e+03  -1.4151921e+01
   1.2200000e+03  -1.3971119e+01
   1.2300000e+03  -1.4184449e+01
   1.2400000e+03  -1.4105382e+01
   1.2500000e+03  -1.4244560e+01
   1.2600000e+03  -1.4168766e+01
   1.2700000e+03  -1.4116272e+01
   1.2800000e+03  -1.4254771e+01
   1.2900000e+03  -1.4127248e+01
   1.3000000e+03  -1.4106119e+01
   1.3100000e+03  -1.4060148e+01
   1.3200000e+03  -1.4070100e+01
   1.3300000e+03  -1.3782574e+01
   1.3400000e+03  -1.4012916e+01
   1.3500000e+03  -1.4055096e+01
   1.3600000e+03  -1.3949181e+01
   1.3700000e+03  -1.3654472e+01
   1.3800000e+03  -1.3521591e+01
   1.3900000e+03  -1.3834079e+01
   1.4000000e+03  -1.3956330e+01
   1.4100000e+03  -1.3890483e+01
   1.4200000e+03  -1.3969455e+01
   1.4300000e+03  -1.3970999e+01
   1.4400000e+03  -1.4028240e+01
   1.4500000e+03  -1.3930987e+01
   1.4600000e+03  -1.3830111e+01
   1.4700000e+03  -1.3479975e+01
   1.4800000e+03  -1.3090223e+01
   1.4900000e+03  -1.3126948e+01
   1.5000000e+03  -1.3208849e+01
   1.5100000e+03  -1.3091704e+01
   1.5200000e+03  -1.3166063e+01
   1.5300000e+03  -1.2914788e+01
   1.5400000e+03  -1.3048186e+01
   1.5500000e+03  -1.3041769e+01
   1.5600000e+03  -1.3076128e+01
   1.5700000e+03  -1.2869496e+01
   1.5800000e+03  -1.2889553e+01
   1.5900000e+03  -1.3005189e+01
   1.6000000e+03  -1.2985618e+01
   1.6100000e+03  -1.2949618e+01
   1.6200000e+03  -1.2887009e+01
   1.6300000e+03  -1.2920654e+01
   1.6400000e+03  -1.2792353e+01
   1.6500000e+03  -1.2824766e+01
   1.6600000e+03  -1.2828946e+01
   1.6700000e+03  -1.2710674e+01
   1.6800000e+03  -1.3057466e+01
   1.6900000e+03  -1.2989974e+01
   1.7000000e+03  -1.3123008e+01
   1.7100000e+03  -1.3082524e+01
   1.7200000e+03  -1.3121947e+01
   1.7300000e+03  -1.3178277e+01
   1.7400000e+03  -1.3049388e+01
   1.7500000e+03  -1.2956555e+01
   1.7600000e+03  -1.3022375e+01
   1.7700000e+03  -1.3176749e+01
   1.7800000e+03  -1.3193056e+01
   1.7900000e+03  -1.3269574e+01
   1.8000000e+03  -1.3195168e+01
   1.8100000e+03  -1.3248050e+01
   1.8200000e+03  -1.3384094e+01
   1.8300000e+03  -1.3250301e+01
   1.8400000e+03  -1.3251520e+01
   1.8500000e+03  -1.3125503e+01
   1.8600000e+03  -1.3000513e+01
   1.8700000e+03  -1.3070818e+01
   1.8800000e+03  -1.2963506e+01
   1.8900000e+03  -1.3128651e+01
   1.9000000e+03  -1.3092472e+01
   1.9100000e+03  -1.3073174e+01
   1.9200000e+03  -1.3064097e+01
   1.9300000e+03  -1.2986705e+01
   1.9400000e+03  -1.2959133e+01
   1.9500000e+03  -1.3035035e+01
   1.9600000e+03  -1.3098702e+01
   1.9700000e+03  -1.3155977e+01
   1.9800000e+03  -1.3134911e+01
   1.9900000e+03  -1.3071442e+01
   2.0000000e+03  -1.3076290e+01
   2.0100000e+03  -1.3156730e+01
   2.0200000e+03  -1.2930761e+01
   2.0300000e+03  -1.3087452e+01
   2.0400000e+03  -1.2926687e+01
   2.0500000e+03  -1.3088921e+01
   2.0600000e+03  -1.3144261e+01
   2.0700000e+03  -1.2912641e+01
   2.0800000e+03  -1.3024321e+01
   2.0900000e+03  -1.2964834e+01
   2.1000000e+03  -1.2889244e+01
   2.1100000e+03  -1.2908336e+01
   2.1200000e+03  -1.2884175e+01
   2.1300000e+03  -1.2854051e+01
   2.1400000e+03  -1.2987117e+01
   2.1500000e+03  -1.2926213e+01
   2.1600000e+03  -1.2960888e+01
   2.1700000e+03  -1.3085791e+01
   2.1800000e+03  -1.3076700e+01
   2.1900000e+03  -1.2934836e+01
   2.2000000e+03  -1.2908699e+01
   2.2100000e+03  -1.3089083e+01
   2.2200000e+03  -1.2979559e+01
   2.2300000e+03  -1.3045776e+01
   2.2400000e+03  -1.3132838e+01
   2.2500000e+03  -1.3061585e+01
   2.2600000e+03  -1.3051615e+01
   2.2700000e+03  -1.3111701e+01
   2.2800000e+03  -1.3213251e+01
   2.2900000e+03  -1.3355863e+01
   2.3000000e+03  -1.3253844e+01
   2.3100000e+03  -1.3385680e+01
   2.3200000e+03  -1.3412074e+01
   2.3300000e+03  -1.3460824e+01
   2.3400000e+03  -1.3326050e+01
   2.3500000e+03  -1.3454786e+01
   2.3600000e+03  -1.3290609e+01
   2.3700000e+03  -1.3496134e+01
   2.3800000e+03  -1.3618703e+01
   2.3900000e+03  -1.3512233e+01
   2.4000000e+03  -1.3532248e+01
   2.4100000e+03  -1.3599135e+01
   2.4200000e+03  -1.3651914e+01
   2.4300000e+03  -1.3499079e+01
   2.4400000e+03  -1.3637097e+01
   2.4500000e+03  -1.3547814e+01
   2.4600000e+03  -1.3549546e+01
   2.4700000e+03  -1.3597474e+01
   2.4800000e+03  -1.3695408e+01
   2.4900000e+03  -1.3751806e+01
   2.5000000e+03  -1.3689251e+01
   2.5100000e+03  -1.3646919e+01
   2.5200000e+03  -1.3417693e+01
   2.5300000e+03  -1.3335622e+01
   2.5400000e+03  -1.3162514e+01
   2.5500000e+03  -1.3219819e+01
   2.5600000e+03  -1.3046836e+01
   2.5700000e+03  -1.3128967e+01
   2.5800000e+03  -1.3084220e+01
   2.5900000e+03  -1.3134948e+01
   2.6000000e+03  -1.2994333e+01
   2.6100000e+03  -1.3046027e+01
   2.6200000e+03  -1.3058947e+01
   2.6300000e+03  -1.2958596e+01
   2.6400000e+03  -1.3027704e+01
   2.6500000e+03  -1.3180511e+01
   2.6600000e+03  -1.3206621e+01
   2.6700000e+03  -1.3445200e+01
   2.6800000e+03  -1.3699940e+01
   2.6900000e+03  -1.3801246e+01
   2.7000000e+03  -1.3691892e+01
   2.7100000e+03  -1.3780265e+01
   2.7200000e+03  -1.3651382e+01
   2.7300000e+03  -1.3646105e+01
   2.7400000e+03  -1.3511394e+01
   2.7500000e+03  -1.3366782e+01
   2.7600000e+03  -1.3536634e+01
   2.7700000e+03  -1.3438986e+01
   2.7800000e+03  -1.3366629e+01
   2.7900000e+03  -1.3305703e+01
   2.8000000e+03  -1.3360858e+01
   2.8100000e+03  -1.3268760e+01
   2.8200000e+03  -1.3234695e+01
   2.8300000e+03  -1.3285754e+01
   2.8400000e+03  -1.3243325e+01
   2.8500000e+03  -1.3292188e+01
   2.8600000e+03  -1.3469917e+01
   2.8700000e+03  -1.3518494e+01
   2.8800000e+03  -1.3465895e+01
   2.8900000e+03  -2.4590111e+02
   2.9000000e+03  -2.4590111e+02
   2.9100000e+03  -2.4590111e+02
   2.9200000e+03  -2.4590111e+02
   2.9300000e+03  -2.4590111e+02
   2.9400000e+03  -2.4590111e+02
   2.9500000e+03  -2.4590111e+02
   2.9600000e+03  -2.4590111e+02
   2.9700000e+03  -2.4590111e+02
   2.9800000e+03  -2.4590111e+02
   2.9900000e+03  -2.4590111e+02
   3.0000000e+03  -2.4590111e+02
   3.0100000e+03  -2.4590111e+02
   3.0200000e+03  -2.4590111e+02
   3.0300000e+03  -2.4590111e+02
   3.0400000e+03  -2.4590111e+02
   3.0500000e+03  -2.4590111e+02
   3.0600000e+03  -2.4590111e+02
   3.0700000e+03  -2.4590111e+02
   3.0800000e+03  -2.4590111e+02
   3.0900000e+03  -2.4590111e+02
   3.1000000e+03  -2.4590111e+02
   3.1100000e+03  -2.4590111e+02
   3.1200000e+03  -2.4590111e+02
   3.1300000e+03  -2.4590111e+02
   3.1400000e+03  -2.4590111e+02
   3.1500000e+03  -2.4590111e+02
   3.1600000e+03  -2.4590111e+02
   3.1700000e+03  -2.4590111e+02
   3.1800000e+03  -2.4590111e+02
   3.1900000e+03  -2.4590111e+02
   3.2000000e+03  -2.4590111e+02
   3.2100000e+03  -2.4590111e+02
   3.2200000e+03  -2.4590111e+02
   3.2300000e+03  -2.4590111e+02
   3.2400000e+03  -2.4590111e+02
   3.2500000e+03  -2.4590111e+02
   3.2600000e+03  -2.4590111e+02
   3.2700000e+03  -2.4590111e+02
   3.2800000e+03  -2.4590111e+02
   3.2900000e+03  -2.4590111e+02
   3.3000000e+03  -2.4590111e+02
   3.3100000e+03  -2.4590111e+02
   3.3200000e+03  -2.4590111e+02
   3.3300000e+03  -2.4590111e+02
   3.3400000e+03  -2.4590111e+02
   3.3500000e+03  -2.4590111e+02
   3.3600000e+03  -2.4590111e+02
   3.3700000e+03  -2.4590111e+02
   3.3800000e+03  -2.4590111e+02
   3.3900000e+03  -2.4590111e+02
   3.4000000e+03  -2.4590111e+02
   3.4100000e+03  -2.4590111e+02
   3.4200000e+03  -2.4590111e+02
   3.4300000e+03  -2.4590111e+02
   3.4400000e+03  -2.4590111e+02
   3.4500000e+03  -2.4590111e+02
   3.4600000e+03  -2.4590111e+02
   3.4700000e+03  -2.4590111e+02
   3.4800000e+03  -2.4590111e+02
   3.4900000e+03  -2.4590111e+02
