   0.0000000e+00   7.3955204e-03
   1.0000000e+01   1.3977874e-02
   2.0000000e+01   4.2536948e-03
   3.0000000e+01   2.8518221e-02
   4.0000000e+01   9.3563044e-03
   5.0000000e+01   2.1096306e-03
   6.0000000e+01  -3.7084865e-02
   7.0000000e+01  -5.9746880e-01
   8.0000000e+01  -5.6058928e+00
   9.0000000e+01  -9.5973198e+00
   1.0000000e+02  -1.3154557e+01
   1.1000000e+02  -1.5665829e+01
   1.2000000e+02  -1.7512069e+01
   1.3000000e+02  -1.9117765e+01
   1.4000000e+02  -2.0433422e+01
   1.5000000e+02  -2.1407332e+01
   1.6000000e+02  -2.2423847e+01
   1.7000000e+02  -2.3246982e+01
   1.8000000e+02  -2.3643551e+01
   1.9000000e+02  -2.4283940e+01
   2.0000000e+02  -2.4708598e+01
   2.1000000e+02  -2.5117444e+01
   2.2000000e+02  -2.5390203e+01
   2.3000000e+02  -2.5661295e+01
   2.4000000e+02  -2.5778448e+01
   2.5000000e+02  -2.6088555e+01
   2.6000000e+02  -2.6260111e+01
   2.7000000e+02  -2.6385635e+01
   2.8000000e+02  -2.6672469e+01
   2.9000000e+02  -2.6847178e+01
   3.0000000e+02  -2.6958939e+01
   3.1000000e+02  -2.7152042e+01
   3.2000000e+02  -2.7238346e+01
   3.3000000e+02  -2.7312316e+01
   3.4000000e+02  -2.7404161e+01
   3.5000000e+02  -2.7425514e+01
   3.6000000e+02  -2.7604985e+01
   3.7000000e+02  -2.7696354e+01
   3.8000000e+02  -2.7764925e+01
   3.9000000e+02  -2.7849766e+01
   4.0000000e+02  -2.7736666e+01
   4.1000000e+02  -2.7973108e+01
   4.2000000e+02  -2.7883297e+01
   4.3000000e+02  -2.7904798e+01
   4.4000000e+02  -2.8112605e+01
   4.5000000e+02  -2.8089634e+01
   4.6000000e+02  -2.8222118e+01
   4.7000000e+02  -2.8306288e+01
   4.8000000e+02  -2.8278338e+01
   4.9000000e+02  -2.8511045e+01
   5.0000000e+02  -2.8320839e+01
   5.1000000e+02  -2.8377193e+01
   5.2000000e+02  -2.8450729e+01
   5.3000000e+02  -2.8537270e+01
   5.4000000e+02  -2.8585665e+01
   5.5000000e+02  -2.8539504e+01
   5.6000000e+02  -2.8555781e+01
   5.7000000e+02  -2.8487618e+01
   5.8000000e+02  -2.8512639e+01
   5.9000000e+02  -2.8546673e+01
   6.0000000e+02  -2.8405709e+01
   6.1000000e+02  -2.8590373e+01
   6.2000000e+02  -2.8691166e+01
   6.3000000e+02  -2.8628183e+01
   6.4000000e+02  -2.8561376e+01
   6.5000000e+02  -2.8440542e+01
   6.6000000e+02  -2.8331204e+01
   6.7000000e+02  -2.8605890e+01
   6.8000000e+02  -2.8641712e+01
   6.9000000e+02  -2.8695237e+01
   7.0000000e+02  -2.8764808e+01
   7.1000000e+02  -2.8816318e+01
   7.2000000e+02  -2.8853715e+01
   7.3000000e+02  -2.8980854e+01
   7.4000000e+02  -2.8828032e+01
   7.5000000e+02  -2.8858156e+01
   7.6000000e+02  -2.8708396e+01
   7.7000000e+02  -2.8541845e+01
   7.8000000e+02  -2.8601375e+01
   7.9000000e+02  -2.8861888e+01
   8.0000000e+02  -2.8975839e+01
   8.1000000e+02  -2.8859602e+01
   8.2000000e+02  -2.8806331e+01
   8.3000000e+02  -2.8962021e+01
   8.4000000e+02  -2.9049798e+01
   8.5000000e+02  -2.8947753e+01
   8.6000000e+02  -2.8883876e+01
   8.7000000e+02  -2.8762052e+01
   8.8000000e+02  -2.8881431e+01
   8.9000000e+02  -2.8877726e+01
   9.0000000e+02  -2.8931103e+01
   9.1000000e+02  -2.8974224e+01
   9.2000000e+02  -2.8956291e+01
   9.3000000e+02  -2.9084565e+01
   9.4000000e+02  -2.9004020e+01
   9.5000000e+02  -2.9029044e+01
   9.6000000e+02  -2.9018278e+01
   9.7000000e+02  -2.9060558e+01
   9.8000000e+02  -2.9194773e+01
   9.9000000e+02  -2.9106205e+01
   1.0000000e+03  -2.9075185e+01
   1.0100000e+03  -2.9095753e+01
   1.0200000e+03  -2.9141099e+01
   1.0300000e+03  -2.9104875e+01
   1.0400000e+03  -2.9128548e+01
   1.0500000e+03  -2.9128142e+01
   1.0600000e+03  -2.9160393e+01
   1.0700000e+03  -2.8862892e+01
   1.0800000e+03  -2.8665042e+01
   1.0900000e+03  -2.8976392e+01
   1.1000000e+03  -2.8575535e+01
   1.1100000e+03  -2.8799532e+01
   1.1200000e+03  -2.8885159e+01
   1.1300000e+03  -2.8970990e+01
   1.1400000e+03  -2.9001893e+01
   1.1500000e+03  -2.9017578e+01
   1.1600000e+03  -2.9027710e+01
   1.1700000e+03  -2.9070621e+01
   1.1800000e+03  -2.9088497e+01
   1.1900000e+03  -2.8990050e+01
   1.2000000e+03  -2.9072241e+01
   1.2100000e+03  -2.9026789e+01
   1.2200000e+03  -2.8722356e+01
   1.2300000e+03  -2.8918808e+01
   1.2400000e+03  -2.8917977e+01
   1.2500000e+03  -2.8968056e+01
   1.2600000e+03  -2.9020723e+01
   1.2700000e+03  -2.9111485e+01
   1.2800000e+03  -2.9038065e+01
   1.2900000e+03  -2.9134433e+01
   1.3000000e+03  -2.8858154e+01
   1.3100000e+03  -2.8904675e+01
   1.3200000e+03  -2.8939334e+01
   1.3300000e+03  -2.8713667e+01
   1.3400000e+03  -2.8898032e+01
   1.3500000e+03  -2.9071731e+01
   1.3600000e+03  -2.8926624e+01
   1.3700000e+03  -2.8503282e+01
   1.3800000e+03  -2.8400794e+01
   1.3900000e+03  -2.8551144e+01
   1.4000000e+03  -2.8838821e+01
   1.4100000e+03  -2.8731231e+01
   1.4200000e+03  -2.8652715e+01
   1.4300000e+03  -2.8688123e+01
   1.4400000e+03  -2.8724907e+01
   1.4500000e+03  -2.8760735e+01
   1.4600000e+03  -2.8813368e+01
   1.4700000e+03  -2.8967131e+01
   1.4800000e+03  -2.8593469e+01
   1.4900000e+03  -2.8413185e+01
   1.5000000e+03  -2.8380933e+01
   1.5100000e+03  -2.8516164e+01
   1.5200000e+03  -2.8465591e+01
   1.5300000e+03  -2.8340161e+01
   1.5400000e+03  -2.8521084e+01
   1.5500000e+03  -2.8440243e+01
   1.5600000e+03  -2.8480234e+01
   1.5700000e+03  -2.8647344e+01
   1.5800000e+03  -2.8606561e+01
   1.5900000e+03  -2.8761931e+01
   1.6000000e+03  -2.8909660e+01
   1.6100000e+03  -2.8856228e+01
   1.6200000e+03  -2.8828652e+01
   1.6300000e+03  -2.8997495e+01
   1.6400000e+03  -2.8990196e+01
   1.6500000e+03  -2.8823541e+01
   1.6600000e+03  -2.8926472e+01
   1.6700000e+03  -2.8824868e+01
   1.6800000e+03  -2.8742436e+01
   1.6900000e+03  -2.8682141e+01
   1.7000000e+03  -2.8607878e+01
   1.7100000e+03  -2.8798644e+01
   1.7200000e+03  -2.8854996e+01
   1.7300000e+03  -2.8870767e+01
   1.7400000e+03  -2.8874466e+01
   1.7500000e+03  -2.8818691e+01
   1.7600000e+03  -2.8739898e+01
   1.7700000e+03  -2.8705382e+01
   1.7800000e+03  -2.8786739e+01
   1.7900000e+03  -2.8622014e+01
   1.8000000e+03  -2.8653346e+01
   1.8100000e+03  -2.8678404e+01
   1.8200000e+03  -2.8836760e+01
   1.8300000e+03  -2.8723167e+01
   1.8400000e+03  -2.8567041e+01
   1.8500000e+03  -2.8513569e+01
   1.8600000e+03  -2.8719550e+01
   1.8700000e+03  -2.8692559e+01
   1.8800000e+03  -2.8918616e+01
   1.8900000e+03  -2.8879219e+01
   1.9000000e+03  -2.8810721e+01
   1.9100000e+03  -2.8785481e+01
   1.9200000e+03  -2.8802624e+01
   1.9300000e+03  -2.8822795e+01
   1.9400000e+03  -2.8730681e+01
   1.9500000e+03  -2.8865445e+01
   1.9600000e+03  -2.8785214e+01
   1.9700000e+03  -2.8860797e+01
   1.9800000e+03  -2.8949142e+01
   1.9900000e+03  -2.8800333e+01
   2.0000000e+03  -2.8866439e+01
   2.0100000e+03  -2.8928593e+01
   2.0200000e+03  -2.8845359e+01
   2.0300000e+03  -2.8759106e+01
   2.0400000e+03  -2.8637084e+01
   2.0500000e+03  -2.8785317e+01
   2.0600000e+03  -2.8657637e+01
   2.0700000e+03  -2.8776356e+01
   2.0800000e+03  -2.8634694e+01
   2.0900000e+03  -2.8790903e+01
   2.1000000e+03  -2.8604812e+01
   2.1100000e+03  -2.8575080e+01
   2.1200000e+03  -2.8655969e+01
   2.1300000e+03  -2.8651166e+01
   2.1400000e+03  -2.8867419e+01
   2.1500000e+03  -2.8803341e+01
   2.1600000e+03  -2.8623848e+01
   2.1700000e+03  -2.8767302e+01
   2.1800000e+03  -2.8812301e+01
   2.1900000e+03  -2.8888590e+01
   2.2000000e+03  -2.9084121e+01
   2.2100000e+03  -2.9025069e+01
   2.2200000e+03  -2.8948800e+01
   2.2300000e+03  -2.9219151e+01
   2.2400000e+03  -2.9289149e+01
   2.2500000e+03  -2.9259682e+01
   2.2600000e+03  -2.9032660e+01
   2.2700000e+03  -2.9217097e+01
   2.2800000e+03  -2.9393877e+01
   2.2900000e+03  -2.9198959e+01
   2.3000000e+03  -2.9228283e+01
   2.3100000e+03  -2.9198870e+01
   2.3200000e+03  -2.9301159e+01
   2.3300000e+03  -2.9286518e+01
   2.3400000e+03  -2.9210111e+01
   2.3500000e+03  -2.9290117e+01
   2.3600000e+03  -2.9196176e+01
   2.3700000e+03  -2.9316426e+01
   2.3800000e+03  -2.9473480e+01
   2.3900000e+03  -2.9306504e+01
   2.4000000e+03  -2.9410863e+01
   2.4100000e+03  -2.9440024e+01
   2.4200000e+03  -2.9324291e+01
   2.4300000e+03  -2.9212605e+01
   2.4400000e+03  -2.9269609e+01
   2.4500000e+03  -2.9289790e+01
   2.4600000e+03  -2.9294642e+01
   2.4700000e+03  -2.9358765e+01
   2.4800000e+03  -2.9498231e+01
   2.4900000e+03  -2.9476275e+01
   2.5000000e+03  -2.9479346e+01
   2.5100000e+03  -2.9298152e+01
   2.5200000e+03  -2.9216596e+01
   2.5300000e+03  -2.9379315e+01
   2.5400000e+03  -2.9136261e+01
   2.5500000e+03  -2.9038346e+01
   2.5600000e+03  -2.9137746e+01
   2.5700000e+03  -2.9146324e+01
   2.5800000e+03  -2.9095456e+01
   2.5900000e+03  -2.9088343e+01
   2.6000000e+03  -2.8988285e+01
   2.6100000e+03  -2.8975414e+01
   2.6200000e+03  -2.9050786e+01
   2.6300000e+03  -2.9072587e+01
   2.6400000e+03  -2.9079245e+01
   2.6500000e+03  -2.8830702e+01
   2.6600000e+03  -2.8977601e+01
   2.6700000e+03  -2.9226223e+01
   2.6800000e+03  -2.9446226e+01
   2.6900000e+03  -2.9466864e+01
   2.7000000e+03  -2.9468509e+01
   2.7100000e+03  -2.9461827e+01
   2.7200000e+03  -2.9390854e+01
   2.7300000e+03  -2.9414212e+01
   2.7400000e+03  -2.9469199e+01
   2.7500000e+03  -2.9308184e+01
   2.7600000e+03  -2.9414274e+01
   2.7700000e+03  -2.9461942e+01
   2.7800000e+03  -2.9405424e+01
   2.7900000e+03  -2.9387959e+01
   2.8000000e+03  -2.9472543e+01
   2.8100000e+03  -2.9387431e+01
   2.8200000e+03  -2.9434024e+01
   2.8300000e+03  -2.9393556e+01
   2.8400000e+03  -2.9063459e+01
   2.8500000e+03  -2.9053755e+01
   2.8600000e+03  -2.9163826e+01
   2.8700000e+03  -2.9279082e+01
   2.8800000e+03  -2.9366598e+01
   2.8900000e+03  -2.6385602e+02
   2.9000000e+03  -2.6385602e+02
   2.9100000e+03  -2.6385602e+02
   2.9200000e+03  -2.6385602e+02
   2.9300000e+03  -2.6385602e+02
   2.9400000e+03  -2.6385602e+02
   2.9500000e+03  -2.6385602e+02
   2.9600000e+03  -2.6385602e+02
   2.9700000e+03  -2.6385602e+02
   2.9800000e+03  -2.6385602e+02
   2.9900000e+03  -2.6385602e+02
   3.0000000e+03  -2.6385602e+02
   3.0100000e+03  -2.6385602e+02
   3.0200000e+03  -2.6385602e+02
   3.0300000e+03  -2.6385602e+02
   3.0400000e+03  -2.6385602e+02
   3.0500000e+03  -2.6385602e+02
   3.0600000e+03  -2.6385602e+02
   3.0700000e+03  -2.6385602e+02
   3.0800000e+03  -2.6385602e+02
   3.0900000e+03  -2.6385602e+02
   3.1000000e+03  -2.6385602e+02
   3.1100000e+03  -2.6385602e+02
   3.1200000e+03  -2.6385602e+02
   3.1300000e+03  -2.6385602e+02
   3.1400000e+03  -2.6385602e+02
   3.1500000e+03  -2.6385602e+02
   3.1600000e+03  -2.6385602e+02
   3.1700000e+03  -2.6385602e+02
   3.1800000e+03  -2.6385602e+02
   3.1900000e+03  -2.6385602e+02
   3.2000000e+03  -2.6385602e+02
   3.2100000e+03  -2.6385602e+02
   3.2200000e+03  -2.6385602e+02
   3.2300000e+03  -2.6385602e+02
   3.2400000e+03  -2.6385602e+02
   3.2500000e+03  -2.6385602e+02
   3.2600000e+03  -2.6385602e+02
   3.2700000e+03  -2.6385602e+02
   3.2800000e+03  -2.6385602e+02
   3.2900000e+03  -2.6385602e+02
   3.3000000e+03  -2.6385602e+02
   3.3100000e+03  -2.6385602e+02
   3.3200000e+03  -2.6385602e+02
   3.3300000e+03  -2.6385602e+02
   3.3400000e+03  -2.6385602e+02
   3.3500000e+03  -2.6385602e+02
   3.3600000e+03  -2.6385602e+02
   3.3700000e+03  -2.6385602e+02
   3.3800000e+03  -2.6385602e+02
   3.3900000e+03  -2.6385602e+02
   3.4000000e+03  -2.6385602e+02
   3.4100000e+03  -2.6385602e+02
   3.4200000e+03  -2.6385602e+02
   3.4300000e+03  -2.6385602e+02
   3.4400000e+03  -2.6385602e+02
   3.4500000e+03  -2.6385602e+02
   3.4600000e+03  -2.6385602e+02
   3.4700000e+03  -2.6385602e+02
   3.4800000e+03  -2.6385602e+02
   3.4900000e+03  -2.6385602e+02
