   0.0000000e+00  -4.8788096e-03
   1.0000000e+01   1.2636187e-02
   2.0000000e+01   4.3050030e-03
   3.0000000e+01   1.3714921e-02
   4.0000000e+01   9.7757847e-03
   5.0000000e+01  -3.6874121e-02
   6.0000000e+01  -1.2675458e-01
   7.0000000e+01  -6.0601318e-02
   8.0000000e+01  -6.3428154e-02
   9.0000000e+01  -6.7014854e-02
   1.0000000e+02  -5.7964422e-02
   1.1000000e+02  -4.4997206e-02
   1.2000000e+02  -2.6590624e-02
   1.3000000e+02   1.7575151e-02
   1.4000000e+02   8.9624061e-02
   1.5000000e+02   2.0608616e-01
   1.6000000e+02   3.1927969e-01
   1.7000000e+02   4.6206205e-01
   1.8000000e+02   6.2428986e-01
   1.9000000e+02   8.0214963e-01
   2.0000000e+02   9.7786835e-01
   2.1000000e+02   1.1355917e+00
   2.2000000e+02   1.3076485e+00
   2.3000000e+02   1.4747280e+00
   2.4000000e+02   1.6464450e+00
   2.5000000e+02   1.8071575e+00
   2.6000000e+02   1.9635508e+00
   2.7000000e+02   2.0863919e+00
   2.8000000e+02   2.2038924e+00
   2.9000000e+02   2.2927444e+00
   3.0000000e+02   2.3904896e+00
   3.1000000e+02   2.4970400e+00
   3.2000000e+02   2.5790115e+00
   3.3000000e+02   2.6833593e+00
   3.4000000e+02   2.7184411e+00
   3.5000000e+02   2.7994172e+00
   3.6000000e+02   2.8331729e+00
   3.7000000e+02   2.8960450e+00
   3.8000000e+02   2.9383509e+00
   3.9000000e+02   2.9614602e+00
   4.0000000e+02   2.9990674e+00
   4.1000000e+02   3.0288886e+00
   4.2000000e+02   3.0511463e+00
   4.3000000e+02   3.0819459e+00
   4.4000000e+02   3.1445827e+00
   4.5000000e+02   3.1977205e+00
   4.6000000e+02   3.2808858e+00
   4.7000000e+02   3.3313731e+00
   4.8000000e+02   3.3785773e+00
   4.9000000e+02   3.3958895e+00
   5.0000000e+02   3.4215478e+00
   5.1000000e+02   3.4318663e+00
   5.2000000e+02   3.4458208e+00
   5.3000000e+02   3.4426162e+00
   5.4000000e+02   3.4213491e+00
   5.5000000e+02   3.4124987e+00
   5.6000000e+02   3.3857912e+00
   5.7000000e+02   3.3282559e+00
   5.8000000e+02   3.2880344e+00
   5.9000000e+02   3.2120543e+00
   6.0000000e+02   3.1459178e+00
   6.1000000e+02   3.0905426e+00
   6.2000000e+02   3.0731123e+00
   6.3000000e+02   3.0684544e+00
   6.4000000e+02   3.0724089e+00
   6.5000000e+02   3.0640472e+00
   6.6000000e+02   3.0701105e+00
   6.7000000e+02   3.0618817e+00
   6.8000000e+02   3.0536566e+00
   6.9000000e+02   3.0527688e+00
   7.0000000e+02   3.0578300e+00
   7.1000000e+02   3.0336257e+00
   7.2000000e+02   3.0210715e+00
   7.3000000e+02   3.0303251e+00
   7.4000000e+02   2.9953259e+00
   7.5000000e+02   2.9475832e+00
   7.6000000e+02   2.9017796e+00
   7.7000000e+02   2.8473727e+00
   7.8000000e+02   2.8257205e+00
   7.9000000e+02   2.7633840e+00
   8.0000000e+02   2.7153622e+00
   8.1000000e+02   2.6911097e+00
   8.2000000e+02   2.6625332e+00
   8.3000000e+02   2.6462320e+00
   8.4000000e+02   2.6045692e+00
   8.5000000e+02   2.5893077e+00
   8.6000000e+02   2.5620167e+00
   8.7000000e+02   2.5824561e+00
   8.8000000e+02   2.6167133e+00
   8.9000000e+02   2.6478575e+00
   9.0000000e+02   2.6861127e+00
   9.1000000e+02   2.7159771e+00
   9.2000000e+02   2.7584262e+00
   9.3000000e+02   2.7856052e+00
   9.4000000e+02   2.8090125e+00
   9.5000000e+02   2.8647947e+00
   9.6000000e+02   2.8625781e+00
   9.7000000e+02   2.8738180e+00
   9.8000000e+02   2.8824223e+00
   9.9000000e+02   2.8894918e+00
   1.0000000e+03   2.9010011e+00
   1.0100000e+03   2.8901199e+00
   1.0200000e+03   2.9089233e+00
   1.0300000e+03   2.9107978e+00
   1.0400000e+03   2.9026920e+00
   1.0500000e+03   2.8981760e+00
   1.0600000e+03   2.8930983e+00
   1.0700000e+03   2.8826644e+00
   1.0800000e+03   2.8770289e+00
   1.0900000e+03   2.8562809e+00
   1.1000000e+03   2.8358784e+00
   1.1100000e+03   2.8367635e+00
   1.1200000e+03   2.8204364e+00
   1.1300000e+03   2.8155840e+00
   1.1400000e+03   2.8203132e+00
   1.1500000e+03   2.8130791e+00
   1.1600000e+03   2.8167015e+00
   1.1700000e+03   2.8074627e+00
   1.1800000e+03   2.7965777e+00
   1.1900000e+03   2.7691333e+00
   1.2000000e+03   2.7401367e+00
   1.2100000e+03   2.7538047e+00
   1.2200000e+03   2.7228733e+00
   1.2300000e+03   2.7290528e+00
   1.2400000e+03   2.7474719e+00
   1.2500000e+03   2.7206321e+00
   1.2600000e+03   2.7524496e+00
   1.2700000e+03   2.7836890e+00
   1.2800000e+03   2.8007278e+00
   1.2900000e+03   2.8235166e+00
   1.3000000e+03   2.8045535e+00
   1.3100000e+03   2.8456172e+00
   1.3200000e+03   2.8402257e+00
   1.3300000e+03   2.8519387e+00
   1.3400000e+03   2.8497915e+00
   1.3500000e+03   2.8251452e+00
   1.3600000e+03   2.8041267e+00
   1.3700000e+03   2.7678771e+00
   1.3800000e+03   2.7375929e+00
   1.3900000e+03   2.7231071e+00
   1.4000000e+03   2.7008880e+00
   1.4100000e+03   2.6981475e+00
   1.4200000e+03   2.7129004e+00
   1.4300000e+03   2.7060936e+00
   1.4400000e+03   2.6940274e+00
   1.4500000e+03   2.6891901e+00
   1.4600000e+03   2.6790017e+00
   1.4700000e+03   2.6744496e+00
   1.4800000e+03   2.6555760e+00
   1.4900000e+03   2.6628052e+00
   1.5000000e+03   2.6778722e+00
   1.5100000e+03   2.6958290e+00
   1.5200000e+03   2.6927172e+00
   1.5300000e+03   2.7138676e+00
   1.5400000e+03   2.7202015e+00
   1.5500000e+03   2.7257049e+00
   1.5600000e+03   2.7297741e+00
   1.5700000e+03   2.7334915e+00
   1.5800000e+03   2.7068663e+00
   1.5900000e+03   2.7237157e+00
   1.6000000e+03   2.7315277e+00
   1.6100000e+03   2.7338022e+00
   1.6200000e+03   2.7580225e+00
   1.6300000e+03   2.7681185e+00
   1.6400000e+03   2.7737770e+00
   1.6500000e+03   2.8040418e+00
   1.6600000e+03   2.8142644e+00
   1.6700000e+03   2.8449404e+00
   1.6800000e+03   2.8456193e+00
   1.6900000e+03   2.8446551e+00
   1.7000000e+03   2.8436245e+00
   1.7100000e+03   2.8303738e+00
   1.7200000e+03   2.8359432e+00
   1.7300000e+03   2.8670816e+00
   1.7400000e+03   2.8978607e+00
   1.7500000e+03   2.9068360e+00
   1.7600000e+03   2.9619727e+00
   1.7700000e+03   3.0014699e+00
   1.7800000e+03   3.0508433e+00
   1.7900000e+03   3.1132787e+00
   1.8000000e+03   3.1646134e+00
   1.8100000e+03   3.2111234e+00
   1.8200000e+03   3.2637224e+00
   1.8300000e+03   3.3194573e+00
   1.8400000e+03   3.3676925e+00
   1.8500000e+03   3.4093981e+00
   1.8600000e+03   3.4672243e+00
   1.8700000e+03   3.5114434e+00
   1.8800000e+03   3.5329303e+00
   1.8900000e+03   3.5853905e+00
   1.9000000e+03   3.6031048e+00
   1.9100000e+03   3.6362824e+00
   1.9200000e+03   3.6702957e+00
   1.9300000e+03   3.7029803e+00
   1.9400000e+03   3.7470254e+00
   1.9500000e+03   3.7753886e+00
   1.9600000e+03   3.7890980e+00
   1.9700000e+03   3.8171781e+00
   1.9800000e+03   3.8376463e+00
   1.9900000e+03   3.8599900e+00
   2.0000000e+03   3.8763601e+00
   2.0100000e+03   3.8787338e+00
   2.0200000e+03   3.8813233e+00
   2.0300000e+03   3.9031655e+00
   2.0400000e+03   3.9081188e+00
   2.0500000e+03   3.9008028e+00
   2.0600000e+03   3.9153062e+00
   2.0700000e+03   3.9362635e+00
   2.0800000e+03   3.9573571e+00
   2.0900000e+03   3.9798439e+00
   2.1000000e+03   3.9918937e+00
   2.1100000e+03   4.0089811e+00
   2.1200000e+03   4.0007054e+00
   2.1300000e+03   4.0108032e+00
   2.1400000e+03   3.9993471e+00
   2.1500000e+03   4.0084027e+00
   2.1600000e+03   4.0124304e+00
   2.1700000e+03   4.0114995e+00
   2.1800000e+03   4.0144245e+00
   2.1900000e+03   4.0100398e+00
   2.2000000e+03   4.0114881e+00
   2.2100000e+03   4.0048695e+00
   2.2200000e+03   3.9810462e+00
   2.2300000e+03   3.9765218e+00
   2.2400000e+03   3.9671274e+00
   2.2500000e+03   3.9675745e+00
   2.2600000e+03   3.9339594e+00
   2.2700000e+03   3.9064689e+00
   2.2800000e+03   3.8782485e+00
   2.2900000e+03   3.8641352e+00
   2.3000000e+03   3.8295100e+00
   2.3100000e+03   3.8090331e+00
   2.3200000e+03   3.7773120e+00
   2.3300000e+03   3.7387455e+00
   2.3400000e+03   3.7352160e+00
   2.3500000e+03   3.7141167e+00
   2.3600000e+03   3.7074146e+00
   2.3700000e+03   3.6917051e+00
   2.3800000e+03   3.6587704e+00
   2.3900000e+03   3.6381381e+00
   2.4000000e+03   3.6311180e+00
   2.4100000e+03   3.6277519e+00
   2.4200000e+03   3.6242151e+00
   2.4300000e+03   3.6124378e+00
   2.4400000e+03   3.6115377e+00
   2.4500000e+03   3.5959186e+00
   2.4600000e+03   3.5934878e+00
   2.4700000e+03   3.5851836e+00
   2.4800000e+03   3.5504484e+00
   2.4900000e+03   3.5224605e+00
   2.5000000e+03   3.4653285e+00
   2.5100000e+03   3.4051374e+00
   2.5200000e+03   3.3715947e+00
   2.5300000e+03   3.3436942e+00
   2.5400000e+03   3.3853599e+00
   2.5500000e+03   3.4205982e+00
   2.5600000e+03   3.4540350e+00
   2.5700000e+03   3.4852331e+00
   2.5800000e+03   3.4982011e+00
   2.5900000e+03   3.5242157e+00
   2.6000000e+03   3.5333414e+00
   2.6100000e+03   3.5587373e+00
   2.6200000e+03   3.5898817e+00
   2.6300000e+03   3.6097841e+00
   2.6400000e+03   3.6321705e+00
   2.6500000e+03   3.6415057e+00
   2.6600000e+03   3.6418993e+00
   2.6700000e+03   3.6880896e+00
   2.6800000e+03   3.6832763e+00
   2.6900000e+03   3.6967683e+00
   2.7000000e+03   3.6974695e+00
   2.7100000e+03   3.7023505e+00
   2.7200000e+03   3.7102010e+00
   2.7300000e+03   3.6752128e+00
   2.7400000e+03   3.6968686e+00
   2.7500000e+03   3.7079990e+00
   2.7600000e+03   3.7369557e+00
   2.7700000e+03   3.7456904e+00
   2.7800000e+03   3.7790134e+00
   2.7900000e+03   3.7981988e+00
   2.8000000e+03   3.8253224e+00
   2.8100000e+03   3.8271068e+00
   2.8200000e+03   3.8475595e+00
   2.8300000e+03   3.8488276e+00
   2.8400000e+03   3.8327082e+00
   2.8500000e+03   3.8077699e+00
   2.8600000e+03   3.7747779e+00
   2.8700000e+03   3.7722050e+00
   2.8800000e+03   3.7775203e+00
   2.8900000e+03   3.7738288e+00
   2.9000000e+03   3.7853195e+00
   2.9100000e+03   3.7920481e+00
   2.9200000e+03   3.7943586e+00
   2.9300000e+03   3.8072343e+00
   2.9400000e+03   3.8018066e+00
   2.9500000e+03   3.8219269e+00
   2.9600000e+03   3.8238001e+00
   2.9700000e+03   3.8334596e+00
   2.9800000e+03   3.8304623e+00
   2.9900000e+03   3.8395574e+00
   3.0000000e+03   3.8329859e+00
   3.0100000e+03   3.8395138e+00
   3.0200000e+03   3.8412601e+00
   3.0300000e+03   3.8360511e+00
   3.0400000e+03   3.8256033e+00
   3.0500000e+03   3.8450574e+00
   3.0600000e+03   3.8825567e+00
   3.0700000e+03   3.8921803e+00
   3.0800000e+03   3.9290603e+00
   3.0900000e+03   3.9532021e+00
   3.1000000e+03   3.9848873e+00
   3.1100000e+03   4.0066289e+00
   3.1200000e+03   4.0205952e+00
   3.1300000e+03   4.0284816e+00
   3.1400000e+03   4.0211820e+00
   3.1500000e+03   4.0343372e+00
   3.1600000e+03   4.0485317e+00
   3.1700000e+03   4.0264807e+00
   3.1800000e+03   4.0315889e+00
   3.1900000e+03   4.0337031e+00
   3.2000000e+03   4.0263373e+00
   3.2100000e+03   4.0332605e+00
   3.2200000e+03   4.0233660e+00
   3.2300000e+03   4.0313286e+00
   3.2400000e+03   4.0518213e+00
   3.2500000e+03   4.0368132e+00
   3.2600000e+03   4.0353339e+00
   3.2700000e+03   4.0522303e+00
   3.2800000e+03   4.0509161e+00
   3.2900000e+03   4.0040537e+00
   3.3000000e+03   4.0150359e+00
   3.3100000e+03   3.9705485e+00
   3.3200000e+03   3.9400394e+00
   3.3300000e+03   3.9105816e+00
   3.3400000e+03   3.8975338e+00
   3.3500000e+03   3.8904901e+00
   3.3600000e+03   3.8696153e+00
   3.3700000e+03   3.8641217e+00
   3.3800000e+03   3.8230576e+00
   3.3900000e+03   3.7940849e+00
   3.4000000e+03   3.7536969e+00
   3.4100000e+03   3.7313299e+00
   3.4200000e+03   3.7102337e+00
   3.4300000e+03   3.6666036e+00
   3.4400000e+03   3.6405486e+00
   3.4500000e+03   3.5885229e+00
   3.4600000e+03   3.5564093e+00
   3.4700000e+03   3.5478554e+00
   3.4800000e+03   3.5188632e+00
   3.4900000e+03   3.4858602e+00
