   0.0000000e+00   1.8699566e+01
   1.0000000e+01   1.8712896e+01
   2.0000000e+01   1.8697844e+01
   3.0000000e+01   1.8721395e+01
   4.0000000e+01   1.8687309e+01
   5.0000000e+01   1.8456979e+01
   6.0000000e+01   1.7355733e+01
   7.0000000e+01   1.6027514e+01
   8.0000000e+01   1.4362242e+01
   9.0000000e+01   1.2840383e+01
   1.0000000e+02   1.2016170e+01
   1.1000000e+02   1.1076372e+01
   1.2000000e+02   1.0561376e+01
   1.3000000e+02   1.0748933e+01
   1.4000000e+02   1.0344674e+01
   1.5000000e+02   9.9686597e+00
   1.6000000e+02   9.8207313e+00
   1.7000000e+02   1.0207351e+01
   1.8000000e+02   9.5948567e+00
   1.9000000e+02   9.7924235e+00
   2.0000000e+02   9.9619516e+00
   2.1000000e+02   9.3234561e+00
   2.2000000e+02   9.3841541e+00
   2.3000000e+02   9.0385136e+00
   2.4000000e+02   9.1556307e+00
   2.5000000e+02   8.7160696e+00
   2.6000000e+02   8.1677528e+00
   2.7000000e+02   8.3965669e+00
   2.8000000e+02   8.5158922e+00
   2.9000000e+02   8.4614069e+00
   3.0000000e+02   8.3958154e+00
   3.1000000e+02   9.0957705e+00
   3.2000000e+02   8.3115509e+00
   3.3000000e+02   8.8242602e+00
   3.4000000e+02   8.8101419e+00
   3.5000000e+02   8.6884807e+00
   3.6000000e+02   8.2290646e+00
   3.7000000e+02   8.9574229e+00
   3.8000000e+02   8.8157011e+00
   3.9000000e+02   8.1961781e+00
   4.0000000e+02   8.4770996e+00
   4.1000000e+02   7.8385850e+00
   4.2000000e+02   8.6670879e+00
   4.3000000e+02   8.3540925e+00
   4.4000000e+02   8.4935862e+00
   4.5000000e+02   8.0051363e+00
   4.6000000e+02   8.0467684e+00
   4.7000000e+02   8.4448152e+00
   4.8000000e+02   7.7554303e+00
   4.9000000e+02   8.0780360e+00
   5.0000000e+02   7.5884146e+00
   5.1000000e+02   8.1738589e+00
   5.2000000e+02   7.5788164e+00
   5.3000000e+02   8.1508539e+00
   5.4000000e+02   7.5401141e+00
   5.5000000e+02   7.8487231e+00
   5.6000000e+02   7.8306500e+00
   5.7000000e+02   7.9073178e+00
   5.8000000e+02   7.8921906e+00
   5.9000000e+02   7.9406845e+00
   6.0000000e+02   7.8618335e+00
   6.1000000e+02   7.9318196e+00
   6.2000000e+02   7.8589075e+00
   6.3000000e+02   8.4996813e+00
   6.4000000e+02   7.8133713e+00
   6.5000000e+02   7.9118672e+00
   6.6000000e+02   8.3297856e+00
   6.7000000e+02   7.9741192e+00
   6.8000000e+02   8.1276082e+00
   6.9000000e+02   8.2555732e+00
   7.0000000e+02   7.8638058e+00
   7.1000000e+02   7.9148043e+00
   7.2000000e+02   7.9644780e+00
   7.3000000e+02   7.8932651e+00
   7.4000000e+02   8.2328958e+00
   7.5000000e+02   8.2631885e+00
   7.6000000e+02   7.9858871e+00
   7.7000000e+02   8.6787073e+00
   7.8000000e+02   8.1300406e+00
   7.9000000e+02   8.2992308e+00
   8.0000000e+02   8.1835863e+00
   8.1000000e+02   7.8974307e+00
   8.2000000e+02   8.3880401e+00
   8.3000000e+02   8.0001998e+00
   8.4000000e+02   7.6805956e+00
   8.5000000e+02   8.0338599e+00
   8.6000000e+02   7.5139403e+00
   8.7000000e+02   7.4159303e+00
   8.8000000e+02   6.8194837e+00
   8.9000000e+02   6.6565779e+00
   9.0000000e+02   6.6802156e+00
   9.1000000e+02   7.0106791e+00
   9.2000000e+02   7.2912205e+00
   9.3000000e+02   7.3622981e+00
   9.4000000e+02   7.1472504e+00
   9.5000000e+02   6.8420017e+00
   9.6000000e+02   7.5225883e+00
   9.7000000e+02   7.1453604e+00
   9.8000000e+02   7.1255490e+00
   9.9000000e+02   6.8881678e+00
   1.0000000e+03   7.2463387e+00
   1.0100000e+03   7.7513985e+00
   1.0200000e+03   7.4500118e+00
   1.0300000e+03   8.1819760e+00
   1.0400000e+03   7.8324857e+00
   1.0500000e+03   7.6796719e+00
   1.0600000e+03   7.2318289e+00
   1.0700000e+03   7.3217171e+00
   1.0800000e+03   7.8684757e+00
   1.0900000e+03   7.8064616e+00
   1.1000000e+03   7.0545478e+00
   1.1100000e+03   7.5201368e+00
   1.1200000e+03   7.3084589e+00
   1.1300000e+03   7.0504249e+00
   1.1400000e+03   6.6633043e+00
   1.1500000e+03   7.1683993e+00
   1.1600000e+03   7.9250763e+00
   1.1700000e+03   7.3981191e+00
   1.1800000e+03   8.2068743e+00
   1.1900000e+03   7.8743094e+00
   1.2000000e+03   7.5826367e+00
   1.2100000e+03   7.5282391e+00
   1.2200000e+03   7.6889776e+00
   1.2300000e+03   7.5070145e+00
   1.2400000e+03   7.8954260e+00
   1.2500000e+03   7.5972916e+00
   1.2600000e+03   7.4491170e+00
   1.2700000e+03   6.8659857e+00
   1.2800000e+03   6.7201544e+00
   1.2900000e+03   7.6270268e+00
   1.3000000e+03   7.1362142e+00
   1.3100000e+03   7.4214217e+00
   1.3200000e+03   7.8969678e+00
   1.3300000e+03   8.1317310e+00
   1.3400000e+03   7.7009220e+00
   1.3500000e+03   7.9207500e+00
   1.3600000e+03   8.0265592e+00
   1.3700000e+03   7.8079039e+00
   1.3800000e+03   7.6398452e+00
   1.3900000e+03   8.4680096e+00
   1.4000000e+03   7.8075976e+00
   1.4100000e+03   7.9495854e+00
   1.4200000e+03   7.4330508e+00
   1.4300000e+03   7.8768178e+00
   1.4400000e+03   7.9127462e+00
   1.4500000e+03   7.4110087e+00
   1.4600000e+03   8.1628031e+00
   1.4700000e+03   7.5502552e+00
   1.4800000e+03   7.5655476e+00
   1.4900000e+03   7.9452363e+00
   1.5000000e+03   7.4257481e+00
   1.5100000e+03   7.3310715e+00
   1.5200000e+03   7.2952414e+00
   1.5300000e+03   7.2021472e+00
   1.5400000e+03   7.1975595e+00
   1.5500000e+03   7.0218916e+00
   1.5600000e+03   7.2249613e+00
   1.5700000e+03   7.5911126e+00
   1.5800000e+03   7.4722655e+00
   1.5900000e+03   7.4171044e+00
   1.6000000e+03   7.3399853e+00
   1.6100000e+03   6.8651788e+00
   1.6200000e+03   7.1009595e+00
   1.6300000e+03   7.0758791e+00
   1.6400000e+03   6.9101702e+00
   1.6500000e+03   7.3262505e+00
   1.6600000e+03   6.9570805e+00
   1.6700000e+03   6.6178459e+00
   1.6800000e+03   6.8492830e+00
   1.6900000e+03   6.3916962e+00
   1.7000000e+03   7.0429778e+00
   1.7100000e+03   6.5870353e+00
   1.7200000e+03   6.9469527e+00
   1.7300000e+03   6.5521286e+00
   1.7400000e+03   6.4215497e+00
   1.7500000e+03   6.7914595e+00
   1.7600000e+03   6.5992802e+00
   1.7700000e+03   6.6914470e+00
   1.7800000e+03   6.2766921e+00
   1.7900000e+03   7.1059899e+00
   1.8000000e+03   6.3992062e+00
   1.8100000e+03   7.0428723e+00
   1.8200000e+03   6.3256773e+00
   1.8300000e+03   6.3410522e+00
   1.8400000e+03   6.6317139e+00
   1.8500000e+03   6.9788205e+00
   1.8600000e+03   6.8832764e+00
   1.8700000e+03   6.5633281e+00
   1.8800000e+03   7.4437261e+00
   1.8900000e+03   6.4146804e+00
   1.9000000e+03   6.3405338e+00
   1.9100000e+03   6.9745074e+00
   1.9200000e+03   7.0753974e+00
   1.9300000e+03   6.4913495e+00
   1.9400000e+03   6.8207587e+00
   1.9500000e+03   6.2542650e+00
   1.9600000e+03   6.6707855e+00
   1.9700000e+03   6.9142353e+00
   1.9800000e+03   6.3680489e+00
   1.9900000e+03   6.5903133e+00
   2.0000000e+03   6.6484161e+00
   2.0100000e+03   6.3301205e+00
   2.0200000e+03   6.3864584e+00
   2.0300000e+03   7.3994363e+00
   2.0400000e+03   7.0532223e+00
   2.0500000e+03   7.2200473e+00
   2.0600000e+03   7.2508020e+00
   2.0700000e+03   7.0417035e+00
   2.0800000e+03   7.2706039e+00
   2.0900000e+03   7.1545950e+00
   2.1000000e+03   6.8589609e+00
   2.1100000e+03   6.5139673e+00
   2.1200000e+03   6.8599179e+00
   2.1300000e+03   6.5144059e+00
   2.1400000e+03   7.0332346e+00
   2.1500000e+03   6.1384863e+00
   2.1600000e+03   7.2935137e+00
   2.1700000e+03   6.6463726e+00
   2.1800000e+03   6.6198975e+00
   2.1900000e+03   6.2898691e+00
   2.2000000e+03   6.9607196e+00
   2.2100000e+03   6.5133187e+00
   2.2200000e+03   6.9262453e+00
   2.2300000e+03   6.8406368e+00
   2.2400000e+03   6.8236775e+00
   2.2500000e+03   6.9640218e+00
   2.2600000e+03   7.2911170e+00
   2.2700000e+03   6.2896881e+00
   2.2800000e+03   7.1318909e+00
   2.2900000e+03   6.5951994e+00
   2.3000000e+03   6.2885913e+00
   2.3100000e+03   6.7088961e+00
   2.3200000e+03   6.8901028e+00
   2.3300000e+03   6.9212323e+00
   2.3400000e+03   6.6149851e+00
   2.3500000e+03   6.3407253e+00
   2.3600000e+03   6.6261561e+00
   2.3700000e+03   6.5944143e+00
   2.3800000e+03   6.4915621e+00
   2.3900000e+03   6.2194014e+00
   2.4000000e+03   6.7364483e+00
   2.4100000e+03   6.6492031e+00
   2.4200000e+03   6.1773142e+00
   2.4300000e+03   6.4786558e+00
   2.4400000e+03   6.1336811e+00
   2.4500000e+03   6.7074560e+00
   2.4600000e+03   6.7533482e+00
   2.4700000e+03   6.3742964e+00
   2.4800000e+03   6.8750247e+00
   2.4900000e+03   6.8182826e+00
   2.5000000e+03   5.9736946e+00
   2.5100000e+03   6.3523187e+00
   2.5200000e+03   6.2261967e+00
   2.5300000e+03   6.1648655e+00
   2.5400000e+03   6.3286189e+00
   2.5500000e+03   5.2851513e+00
   2.5600000e+03   5.5329135e+00
   2.5700000e+03   5.6837906e+00
   2.5800000e+03   5.7412698e+00
   2.5900000e+03   5.7955674e+00
   2.6000000e+03   6.1764382e+00
   2.6100000e+03   5.7804283e+00
   2.6200000e+03   5.4787340e+00
   2.6300000e+03   5.9838107e+00
   2.6400000e+03   6.8587235e+00
   2.6500000e+03   6.8581041e+00
   2.6600000e+03   5.9982484e+00
   2.6700000e+03   6.5970705e+00
   2.6800000e+03   6.4090925e+00
   2.6900000e+03   6.9666689e+00
   2.7000000e+03   7.1621425e+00
   2.7100000e+03   6.7651487e+00
   2.7200000e+03   7.1897055e+00
   2.7300000e+03   6.5198401e+00
   2.7400000e+03   6.0726709e+00
   2.7500000e+03   6.9581549e+00
   2.7600000e+03   7.0747275e+00
   2.7700000e+03   6.5013027e+00
   2.7800000e+03   6.1404302e+00
   2.7900000e+03   6.2945821e+00
   2.8000000e+03   6.5354566e+00
   2.8100000e+03   6.1413405e+00
   2.8200000e+03   6.9635907e+00
   2.8300000e+03   6.4276894e+00
   2.8400000e+03   7.3453582e+00
   2.8500000e+03   6.5350184e+00
   2.8600000e+03   5.6472178e+00
   2.8700000e+03   6.7202942e+00
   2.8800000e+03   6.1800344e+00
   2.8900000e+03   6.6640112e+00
   2.9000000e+03   6.1054519e+00
   2.9100000e+03   6.8928352e+00
   2.9200000e+03   7.1413142e+00
   2.9300000e+03   6.7563602e+00
   2.9400000e+03   6.8188439e+00
   2.9500000e+03   6.3629211e+00
   2.9600000e+03   6.1683683e+00
   2.9700000e+03   6.6072023e+00
   2.9800000e+03   6.4843561e+00
   2.9900000e+03   6.7917967e+00
   3.0000000e+03   6.9909146e+00
   3.0100000e+03   6.6787121e+00
   3.0200000e+03   6.5048350e+00
   3.0300000e+03   7.3356560e+00
   3.0400000e+03   6.6410778e+00
   3.0500000e+03   6.3505393e+00
   3.0600000e+03   6.4351197e+00
   3.0700000e+03   5.4891769e+00
   3.0800000e+03   6.8618446e+00
   3.0900000e+03   6.5223389e+00
   3.1000000e+03   6.4746878e+00
   3.1100000e+03   6.0605432e+00
   3.1200000e+03   6.6158521e+00
   3.1300000e+03   6.7695559e+00
   3.1400000e+03   6.0007238e+00
   3.1500000e+03   6.8406293e+00
   3.1600000e+03   6.8955995e+00
   3.1700000e+03   6.6182920e+00
   3.1800000e+03   6.2060517e+00
   3.1900000e+03   6.2747588e+00
   3.2000000e+03   5.5249240e+00
   3.2100000e+03   6.1677962e+00
   3.2200000e+03   6.8599119e+00
   3.2300000e+03   6.9176972e+00
   3.2400000e+03   6.6905939e+00
   3.2500000e+03   6.9996027e+00
   3.2600000e+03   6.8570498e+00
   3.2700000e+03   7.1938199e+00
   3.2800000e+03   6.9813813e+00
   3.2900000e+03   6.6211029e+00
   3.3000000e+03   6.3096304e+00
   3.3100000e+03   6.6188003e+00
   3.3200000e+03   6.6410116e+00
   3.3300000e+03   6.7985793e+00
   3.3400000e+03   6.4418345e+00
   3.3500000e+03   6.9450454e+00
   3.3600000e+03   6.7266212e+00
   3.3700000e+03   6.6988866e+00
   3.3800000e+03   7.0287664e+00
   3.3900000e+03   6.7391142e+00
   3.4000000e+03   6.7994678e+00
   3.4100000e+03   7.0038926e+00
   3.4200000e+03   6.5820559e+00
   3.4300000e+03   6.9184704e+00
   3.4400000e+03   6.1629707e+00
   3.4500000e+03   6.8071917e+00
   3.4600000e+03   6.6234316e+00
   3.4700000e+03   6.6998130e+00
   3.4800000e+03   6.6303763e+00
   3.4900000e+03   6.7428047e+00
