   0.0000000e+00  -2.3144525e-03
   1.0000000e+01   1.2846977e-02
   2.0000000e+01   1.8668115e-02
   3.0000000e+01   8.3605531e-03
   4.0000000e+01   1.8201460e-02
   5.0000000e+01   1.6757052e-02
   6.0000000e+01   2.6987528e-02
   7.0000000e+01   4.5035744e-02
   8.0000000e+01  -4.9049555e-01
   9.0000000e+01  -1.0251832e+00
   1.0000000e+02  -1.2948908e+00
   1.1000000e+02  -1.5936686e+00
   1.2000000e+02  -1.7844027e+00
   1.3000000e+02  -2.0068081e+00
   1.4000000e+02  -2.1636510e+00
   1.5000000e+02  -2.3116234e+00
   1.6000000e+02  -2.3683561e+00
   1.7000000e+02  -2.5321047e+00
   1.8000000e+02  -2.6434402e+00
   1.9000000e+02  -2.7184033e+00
   2.0000000e+02  -2.8095924e+00
   2.1000000e+02  -2.9092400e+00
   2.2000000e+02  -2.9905781e+00
   2.3000000e+02  -3.0390155e+00
   2.4000000e+02  -3.1124933e+00
   2.5000000e+02  -3.1912360e+00
   2.6000000e+02  -3.1807820e+00
   2.7000000e+02  -3.2946031e+00
   2.8000000e+02  -3.2757989e+00
   2.9000000e+02  -3.3766018e+00
   3.0000000e+02  -3.3592878e+00
   3.1000000e+02  -3.4260069e+00
   3.2000000e+02  -3.4104502e+00
   3.3000000e+02  -3.4445422e+00
   3.4000000e+02  -3.4378256e+00
   3.5000000e+02  -3.4522592e+00
   3.6000000e+02  -3.4423645e+00
   3.7000000e+02  -3.4846805e+00
   3.8000000e+02  -3.4467420e+00
   3.9000000e+02  -3.5185227e+00
   4.0000000e+02  -3.5646987e+00
   4.1000000e+02  -3.5787709e+00
   4.2000000e+02  -3.5545144e+00
   4.3000000e+02  -3.6246633e+00
   4.4000000e+02  -3.5881348e+00
   4.5000000e+02  -3.6482095e+00
   4.6000000e+02  -3.6770377e+00
   4.7000000e+02  -3.6641517e+00
   4.8000000e+02  -3.7363927e+00
   4.9000000e+02  -3.7078102e+00
   5.0000000e+02  -3.6545238e+00
   5.1000000e+02  -3.7377248e+00
   5.2000000e+02  -3.7347564e+00
   5.3000000e+02  -3.7132048e+00
   5.4000000e+02  -3.7707723e+00
   5.5000000e+02  -3.7407222e+00
   5.6000000e+02  -3.8423207e+00
   5.7000000e+02  -3.8770246e+00
   5.8000000e+02  -3.8445004e+00
   5.9000000e+02  -3.7751125e+00
   6.0000000e+02  -3.7695356e+00
   6.1000000e+02  -3.8172021e+00
   6.2000000e+02  -3.7580253e+00
   6.3000000e+02  -3.7970598e+00
   6.4000000e+02  -3.8077286e+00
   6.5000000e+02  -3.9200542e+00
   6.6000000e+02  -3.8767041e+00
   6.7000000e+02  -3.8333924e+00
   6.8000000e+02  -3.9041408e+00
   6.9000000e+02  -3.9052600e+00
   7.0000000e+02  -3.8363062e+00
   7.1000000e+02  -3.9336336e+00
   7.2000000e+02  -3.9205215e+00
   7.3000000e+02  -3.9119256e+00
   7.4000000e+02  -3.9642833e+00
   7.5000000e+02  -3.9773971e+00
   7.6000000e+02  -3.8924132e+00
   7.7000000e+02  -4.0086472e+00
   7.8000000e+02  -3.9241640e+00
   7.9000000e+02  -3.9705412e+00
   8.0000000e+02  -3.9384768e+00
   8.1000000e+02  -4.0576643e+00
   8.2000000e+02  -3.9665367e+00
   8.3000000e+02  -4.0588716e+00
   8.4000000e+02  -3.9700488e+00
   8.5000000e+02  -4.0390102e+00
   8.6000000e+02  -4.0385900e+00
   8.7000000e+02  -4.0983813e+00
   8.8000000e+02  -4.0646074e+00
   8.9000000e+02  -4.1136012e+00
   9.0000000e+02  -4.0491820e+00
   9.1000000e+02  -4.0890643e+00
   9.2000000e+02  -3.9767833e+00
   9.3000000e+02  -4.0423172e+00
   9.4000000e+02  -4.0785886e+00
   9.5000000e+02  -4.0839667e+00
   9.6000000e+02  -4.1016971e+00
   9.7000000e+02  -4.1284306e+00
   9.8000000e+02  -4.0924411e+00
   9.9000000e+02  -4.1116546e+00
   1.0000000e+03  -4.0541777e+00
   1.0100000e+03  -4.0868813e+00
   1.0200000e+03  -4.2191851e+00
   1.0300000e+03  -4.1543420e+00
   1.0400000e+03  -4.1609671e+00
   1.0500000e+03  -4.1647629e+00
   1.0600000e+03  -4.1533979e+00
   1.0700000e+03  -4.1783453e+00
   1.0800000e+03  -4.1959152e+00
   1.0900000e+03  -4.2291369e+00
   1.1000000e+03  -4.2490536e+00
   1.1100000e+03  -4.1981944e+00
   1.1200000e+03  -4.1791970e+00
   1.1300000e+03  -4.2804489e+00
   1.1400000e+03  -4.1779717e+00
   1.1500000e+03  -4.1373149e+00
   1.1600000e+03  -4.2141325e+00
   1.1700000e+03  -4.2277505e+00
   1.1800000e+03  -4.2378411e+00
   1.1900000e+03  -4.2263048e+00
   1.2000000e+03  -4.1620757e+00
   1.2100000e+03  -4.2455837e+00
   1.2200000e+03  -4.2255996e+00
   1.2300000e+03  -4.2562196e+00
   1.2400000e+03  -4.1970121e+00
   1.2500000e+03  -4.2340969e+00
   1.2600000e+03  -4.2590242e+00
   1.2700000e+03  -4.1816803e+00
   1.2800000e+03  -4.2192709e+00
   1.2900000e+03  -4.2166883e+00
   1.3000000e+03  -4.2663634e+00
   1.3100000e+03  -4.2569617e+00
   1.3200000e+03  -4.2344428e+00
   1.3300000e+03  -4.3305026e+00
   1.3400000e+03  -4.3526817e+00
   1.3500000e+03  -4.2946747e+00
   1.3600000e+03  -4.3024137e+00
   1.3700000e+03  -4.3198301e+00
   1.3800000e+03  -4.2472823e+00
   1.3900000e+03  -4.2445042e+00
   1.4000000e+03  -4.2862686e+00
   1.4100000e+03  -4.3684582e+00
   1.4200000e+03  -4.3084610e+00
   1.4300000e+03  -4.2899379e+00
   1.4400000e+03  -4.2822855e+00
   1.4500000e+03  -4.3528221e+00
   1.4600000e+03  -4.3104853e+00
   1.4700000e+03  -4.4012064e+00
   1.4800000e+03  -4.4076740e+00
   1.4900000e+03  -4.5013020e+00
   1.5000000e+03  -4.4053500e+00
   1.5100000e+03  -4.3530215e+00
   1.5200000e+03  -4.3719677e+00
   1.5300000e+03  -4.3765398e+00
   1.5400000e+03  -4.3519708e+00
   1.5500000e+03  -4.3266952e+00
   1.5600000e+03  -4.3770806e+00
   1.5700000e+03  -4.2988370e+00
   1.5800000e+03  -4.3926660e+00
   1.5900000e+03  -4.4126218e+00
   1.6000000e+03  -4.2727252e+00
   1.6100000e+03  -4.3619980e+00
   1.6200000e+03  -4.4448969e+00
   1.6300000e+03  -4.4422426e+00
   1.6400000e+03  -4.4593778e+00
   1.6500000e+03  -4.4555387e+00
   1.6600000e+03  -4.4628326e+00
   1.6700000e+03  -4.3909671e+00
   1.6800000e+03  -4.4123564e+00
   1.6900000e+03  -4.3911850e+00
   1.7000000e+03  -4.4842344e+00
   1.7100000e+03  -4.4409664e+00
   1.7200000e+03  -4.3724395e+00
   1.7300000e+03  -4.2857905e+00
   1.7400000e+03  -4.3922257e+00
   1.7500000e+03  -4.3926638e+00
   1.7600000e+03  -4.4073381e+00
   1.7700000e+03  -4.4260309e+00
   1.7800000e+03  -4.3519445e+00
   1.7900000e+03  -4.4099639e+00
   1.8000000e+03  -4.4626579e+00
   1.8100000e+03  -4.4150238e+00
   1.8200000e+03  -4.4304088e+00
   1.8300000e+03  -4.3906665e+00
   1.8400000e+03  -4.3871896e+00
   1.8500000e+03  -4.4398665e+00
   1.8600000e+03  -4.4704742e+00
   1.8700000e+03  -4.3286732e+00
   1.8800000e+03  -4.4796608e+00
   1.8900000e+03  -4.3949668e+00
   1.9000000e+03  -4.4270656e+00
   1.9100000e+03  -4.3993618e+00
   1.9200000e+03  -4.4620421e+00
   1.9300000e+03  -4.4846044e+00
   1.9400000e+03  -4.5087177e+00
   1.9500000e+03  -4.5538393e+00
   1.9600000e+03  -4.5333812e+00
   1.9700000e+03  -4.4662547e+00
   1.9800000e+03  -4.4829243e+00
   1.9900000e+03  -4.4102561e+00
   2.0000000e+03  -4.3895710e+00
   2.0100000e+03  -4.4455719e+00
   2.0200000e+03  -4.5723204e+00
   2.0300000e+03  -4.5208919e+00
   2.0400000e+03  -4.4799499e+00
   2.0500000e+03  -4.5348776e+00
   2.0600000e+03  -4.4870617e+00
   2.0700000e+03  -4.5106050e+00
   2.0800000e+03  -4.5055607e+00
   2.0900000e+03  -4.6140646e+00
   2.1000000e+03  -4.4917362e+00
   2.1100000e+03  -4.4829435e+00
   2.1200000e+03  -4.3902661e+00
   2.1300000e+03  -4.3974809e+00
   2.1400000e+03  -4.4654540e+00
   2.1500000e+03  -4.3659297e+00
   2.1600000e+03  -4.5041285e+00
   2.1700000e+03  -4.4983440e+00
   2.1800000e+03  -4.4625721e+00
   2.1900000e+03  -4.4757172e+00
   2.2000000e+03  -4.5121511e+00
   2.2100000e+03  -4.5254920e+00
   2.2200000e+03  -4.5186643e+00
   2.2300000e+03  -4.5139398e+00
   2.2400000e+03  -4.4187878e+00
   2.2500000e+03  -4.5578267e+00
   2.2600000e+03  -4.5184130e+00
   2.2700000e+03  -4.5072967e+00
   2.2800000e+03  -4.4926772e+00
   2.2900000e+03  -4.5702635e+00
   2.3000000e+03  -4.4536606e+00
   2.3100000e+03  -4.5871667e+00
   2.3200000e+03  -4.5232660e+00
   2.3300000e+03  -4.6068428e+00
   2.3400000e+03  -4.6089872e+00
   2.3500000e+03  -4.5716917e+00
   2.3600000e+03  -4.6636913e+00
   2.3700000e+03  -4.6779186e+00
   2.3800000e+03  -4.6111339e+00
   2.3900000e+03  -4.5282060e+00
   2.4000000e+03  -4.5195873e+00
   2.4100000e+03  -4.5487367e+00
   2.4200000e+03  -4.5766069e+00
   2.4300000e+03  -4.5990663e+00
   2.4400000e+03  -4.6535490e+00
   2.4500000e+03  -4.6300254e+00
   2.4600000e+03  -4.6258780e+00
   2.4700000e+03  -4.5422472e+00
   2.4800000e+03  -4.6001730e+00
   2.4900000e+03  -4.6103473e+00
   2.5000000e+03  -4.5267423e+00
   2.5100000e+03  -4.6004150e+00
   2.5200000e+03  -4.5878019e+00
   2.5300000e+03  -4.6482484e+00
   2.5400000e+03  -4.7206634e+00
   2.5500000e+03  -4.6502939e+00
   2.5600000e+03  -4.6546039e+00
   2.5700000e+03  -4.6082133e+00
   2.5800000e+03  -4.6222695e+00
   2.5900000e+03  -4.6484325e+00
   2.6000000e+03  -4.6055417e+00
   2.6100000e+03  -4.6473068e+00
   2.6200000e+03  -4.6011288e+00
   2.6300000e+03  -4.6322459e+00
   2.6400000e+03  -4.6489333e+00
   2.6500000e+03  -4.8264878e+00
   2.6600000e+03  -4.7246036e+00
   2.6700000e+03  -4.7444509e+00
   2.6800000e+03  -4.6946167e+00
   2.6900000e+03  -4.7453123e+00
   2.7000000e+03  -4.7008189e+00
   2.7100000e+03  -4.7844300e+00
   2.7200000e+03  -4.7299393e+00
   2.7300000e+03  -4.7143745e+00
   2.7400000e+03  -4.8045996e+00
   2.7500000e+03  -4.8065704e+00
   2.7600000e+03  -4.7402703e+00
   2.7700000e+03  -4.8315611e+00
   2.7800000e+03  -4.7389205e+00
   2.7900000e+03  -4.7569308e+00
   2.8000000e+03  -4.7545328e+00
   2.8100000e+03  -4.7277908e+00
   2.8200000e+03  -4.7451858e+00
   2.8300000e+03  -4.8009874e+00
   2.8400000e+03  -4.9520745e+00
   2.8500000e+03  -4.8649260e+00
   2.8600000e+03  -4.8483743e+00
   2.8700000e+03  -4.7946916e+00
   2.8800000e+03  -4.8312245e+00
   2.8900000e+03  -2.6445689e+02
   2.9000000e+03  -2.6445689e+02
   2.9100000e+03  -2.6445689e+02
   2.9200000e+03  -2.6445689e+02
   2.9300000e+03  -2.6445689e+02
   2.9400000e+03  -2.6445689e+02
   2.9500000e+03  -2.6445689e+02
   2.9600000e+03  -2.6445689e+02
   2.9700000e+03  -2.6445689e+02
   2.9800000e+03  -2.6445689e+02
   2.9900000e+03  -2.6445689e+02
   3.0000000e+03  -2.6445689e+02
   3.0100000e+03  -2.6445689e+02
   3.0200000e+03  -2.6445689e+02
   3.0300000e+03  -2.6445689e+02
   3.0400000e+03  -2.6445689e+02
   3.0500000e+03  -2.6445689e+02
   3.0600000e+03  -2.6445689e+02
   3.0700000e+03  -2.6445689e+02
   3.0800000e+03  -2.6445689e+02
   3.0900000e+03  -2.6445689e+02
   3.1000000e+03  -2.6445689e+02
   3.1100000e+03  -2.6445689e+02
   3.1200000e+03  -2.6445689e+02
   3.1300000e+03  -2.6445689e+02
   3.1400000e+03  -2.6445689e+02
   3.1500000e+03  -2.6445689e+02
   3.1600000e+03  -2.6445689e+02
   3.1700000e+03  -2.6445689e+02
   3.1800000e+03  -2.6445689e+02
   3.1900000e+03  -2.6445689e+02
   3.2000000e+03  -2.6445689e+02
   3.2100000e+03  -2.6445689e+02
   3.2200000e+03  -2.6445689e+02
   3.2300000e+03  -2.6445689e+02
   3.2400000e+03  -2.6445689e+02
   3.2500000e+03  -2.6445689e+02
   3.2600000e+03  -2.6445689e+02
   3.2700000e+03  -2.6445689e+02
   3.2800000e+03  -2.6445689e+02
   3.2900000e+03  -2.6445689e+02
   3.3000000e+03  -2.6445689e+02
   3.3100000e+03  -2.6445689e+02
   3.3200000e+03  -2.6445689e+02
   3.3300000e+03  -2.6445689e+02
   3.3400000e+03  -2.6445689e+02
   3.3500000e+03  -2.6445689e+02
   3.3600000e+03  -2.6445689e+02
   3.3700000e+03  -2.6445689e+02
   3.3800000e+03  -2.6445689e+02
   3.3900000e+03  -2.6445689e+02
   3.4000000e+03  -2.6445689e+02
   3.4100000e+03  -2.6445689e+02
   3.4200000e+03  -2.6445689e+02
   3.4300000e+03  -2.6445689e+02
   3.4400000e+03  -2.6445689e+02
   3.4500000e+03  -2.6445689e+02
   3.4600000e+03  -2.6445689e+02
   3.4700000e+03  -2.6445689e+02
   3.4800000e+03  -2.6445689e+02
   3.4900000e+03  -2.6445689e+02
