   0.0000000e+00   1.8347222e+01
   1.0000000e+01   1.8349651e+01
   2.0000000e+01   1.8354778e+01
   3.0000000e+01   1.8349106e+01
   4.0000000e+01   1.8243784e+01
   5.0000000e+01   1.6425619e+01
   6.0000000e+01   1.1157671e+01
   7.0000000e+01   8.0832618e+00
   8.0000000e+01   5.7064779e+00
   9.0000000e+01   3.6441319e+00
   1.0000000e+02   2.1134786e+00
   1.1000000e+02   5.8667708e-01
   1.2000000e+02  -3.5083556e-01
   1.3000000e+02  -1.4382143e+00
   1.4000000e+02  -2.1366658e+00
   1.5000000e+02  -2.6467674e+00
   1.6000000e+02  -3.2224656e+00
   1.7000000e+02  -3.5402544e+00
   1.8000000e+02  -4.0552094e+00
   1.9000000e+02  -4.4673517e+00
   2.0000000e+02  -4.5396233e+00
   2.1000000e+02  -4.9219375e+00
   2.2000000e+02  -5.3702673e+00
   2.3000000e+02  -5.5676418e+00
   2.4000000e+02  -5.7498285e+00
   2.5000000e+02  -5.9764901e+00
   2.6000000e+02  -5.9960415e+00
   2.7000000e+02  -5.6584686e+00
   2.8000000e+02  -5.9182709e+00
   2.9000000e+02  -6.1028041e+00
   3.0000000e+02  -6.3464334e+00
   3.1000000e+02  -6.3418900e+00
   3.2000000e+02  -6.5527235e+00
   3.3000000e+02  -6.5406498e+00
   3.4000000e+02  -6.5181075e+00
   3.5000000e+02  -6.5293835e+00
   3.6000000e+02  -6.8112074e+00
   3.7000000e+02  -6.6519155e+00
   3.8000000e+02  -6.4714025e+00
   3.9000000e+02  -6.6086000e+00
   4.0000000e+02  -6.5982342e+00
   4.1000000e+02  -6.7643387e+00
   4.2000000e+02  -6.6294924e+00
   4.3000000e+02  -6.8315881e+00
   4.4000000e+02  -6.9462532e+00
   4.5000000e+02  -7.0523536e+00
   4.6000000e+02  -7.2774730e+00
   4.7000000e+02  -7.2373099e+00
   4.8000000e+02  -7.2435261e+00
   4.9000000e+02  -7.3816411e+00
   5.0000000e+02  -7.4612312e+00
   5.1000000e+02  -7.1959320e+00
   5.2000000e+02  -7.2648840e+00
   5.3000000e+02  -7.2703415e+00
   5.4000000e+02  -7.5085094e+00
   5.5000000e+02  -7.3542220e+00
   5.6000000e+02  -7.2821790e+00
   5.7000000e+02  -7.3451503e+00
   5.8000000e+02  -7.1705012e+00
   5.9000000e+02  -6.9661846e+00
   6.0000000e+02  -6.7453493e+00
   6.1000000e+02  -7.0943870e+00
   6.2000000e+02  -7.0166222e+00
   6.3000000e+02  -7.0028044e+00
   6.4000000e+02  -6.9989646e+00
   6.5000000e+02  -6.9374032e+00
   6.6000000e+02  -7.0201957e+00
   6.7000000e+02  -6.9811736e+00
   6.8000000e+02  -6.9552798e+00
   6.9000000e+02  -7.0242344e+00
   7.0000000e+02  -7.0581701e+00
   7.1000000e+02  -7.0654671e+00
   7.2000000e+02  -7.1092186e+00
   7.3000000e+02  -7.0516804e+00
   7.4000000e+02  -6.9022825e+00
   7.5000000e+02  -6.9085440e+00
   7.6000000e+02  -6.8774781e+00
   7.7000000e+02  -7.0885155e+00
   7.8000000e+02  -6.8205598e+00
   7.9000000e+02  -6.7583292e+00
   8.0000000e+02  -7.0799550e+00
   8.1000000e+02  -7.1567829e+00
   8.2000000e+02  -7.1726422e+00
   8.3000000e+02  -7.0385402e+00
   8.4000000e+02  -7.1302097e+00
   8.5000000e+02  -7.2199809e+00
   8.6000000e+02  -7.6251561e+00
   8.7000000e+02  -7.5361894e+00
   8.8000000e+02  -7.8684729e+00
   8.9000000e+02  -7.9240705e+00
   9.0000000e+02  -8.1847368e+00
   9.1000000e+02  -8.2909763e+00
   9.2000000e+02  -8.2358643e+00
   9.3000000e+02  -8.3446475e+00
   9.4000000e+02  -8.2924575e+00
   9.5000000e+02  -8.4559293e+00
   9.6000000e+02  -8.2811254e+00
   9.7000000e+02  -8.0910352e+00
   9.8000000e+02  -8.1775941e+00
   9.9000000e+02  -8.1176591e+00
   1.0000000e+03  -7.9677595e+00
   1.0100000e+03  -8.0043510e+00
   1.0200000e+03  -7.9980802e+00
   1.0300000e+03  -7.9229640e+00
   1.0400000e+03  -8.0145627e+00
   1.0500000e+03  -7.9505893e+00
   1.0600000e+03  -8.1395291e+00
   1.0700000e+03  -8.2960188e+00
   1.0800000e+03  -8.3437209e+00
   1.0900000e+03  -8.1089154e+00
   1.1000000e+03  -8.1627697e+00
   1.1100000e+03  -8.1415207e+00
   1.1200000e+03  -7.8634935e+00
   1.1300000e+03  -8.0878117e+00
   1.1400000e+03  -8.4133555e+00
   1.1500000e+03  -8.2683944e+00
   1.1600000e+03  -8.2412023e+00
   1.1700000e+03  -8.2052903e+00
   1.1800000e+03  -7.8687651e+00
   1.1900000e+03  -7.7295073e+00
   1.2000000e+03  -8.1652833e+00
   1.2100000e+03  -7.8777879e+00
   1.2200000e+03  -7.9759738e+00
   1.2300000e+03  -7.9595469e+00
   1.2400000e+03  -7.6808748e+00
   1.2500000e+03  -8.0165550e+00
   1.2600000e+03  -8.0528116e+00
   1.2700000e+03  -8.0107351e+00
   1.2800000e+03  -8.0249443e+00
   1.2900000e+03  -7.9803572e+00
   1.3000000e+03  -7.9485268e+00
   1.3100000e+03  -8.0316694e+00
   1.3200000e+03  -7.9934706e+00
   1.3300000e+03  -7.8230702e+00
   1.3400000e+03  -7.5150298e+00
   1.3500000e+03  -7.4702146e+00
   1.3600000e+03  -7.4395784e+00
   1.3700000e+03  -7.1635791e+00
   1.3800000e+03  -7.0276640e+00
   1.3900000e+03  -7.0399744e+00
   1.4000000e+03  -7.2876099e+00
   1.4100000e+03  -7.3224458e+00
   1.4200000e+03  -7.3982440e+00
   1.4300000e+03  -7.2256327e+00
   1.4400000e+03  -7.3264573e+00
   1.4500000e+03  -7.1883755e+00
   1.4600000e+03  -7.3211757e+00
   1.4700000e+03  -7.6257474e+00
   1.4800000e+03  -7.4743572e+00
   1.4900000e+03  -7.8247064e+00
   1.5000000e+03  -7.8646202e+00
   1.5100000e+03  -7.8252764e+00
   1.5200000e+03  -7.7163653e+00
   1.5300000e+03  -8.0058435e+00
   1.5400000e+03  -7.9823207e+00
   1.5500000e+03  -8.0373854e+00
   1.5600000e+03  -8.0989603e+00
   1.5700000e+03  -7.8982873e+00
   1.5800000e+03  -7.9673953e+00
   1.5900000e+03  -7.8584075e+00
   1.6000000e+03  -8.0351975e+00
   1.6100000e+03  -8.1943170e+00
   1.6200000e+03  -8.2413061e+00
   1.6300000e+03  -8.0229923e+00
   1.6400000e+03  -8.2776655e+00
   1.6500000e+03  -8.2980733e+00
   1.6600000e+03  -8.3085658e+00
   1.6700000e+03  -8.2974402e+00
   1.6800000e+03  -8.2694602e+00
   1.6900000e+03  -8.3702440e+00
   1.7000000e+03  -7.9024330e+00
   1.7100000e+03  -8.1591274e+00
   1.7200000e+03  -8.3301903e+00
   1.7300000e+03  -8.2654642e+00
   1.7400000e+03  -8.2204952e+00
   1.7500000e+03  -8.3124327e+00
   1.7600000e+03  -8.4729821e+00
   1.7700000e+03  -8.3737479e+00
   1.7800000e+03  -8.3667390e+00
   1.7900000e+03  -8.2418945e+00
   1.8000000e+03  -8.4140045e+00
   1.8100000e+03  -8.3288201e+00
   1.8200000e+03  -8.4302301e+00
   1.8300000e+03  -8.2524676e+00
   1.8400000e+03  -8.2138444e+00
   1.8500000e+03  -8.1659429e+00
   1.8600000e+03  -7.9901583e+00
   1.8700000e+03  -7.9341738e+00
   1.8800000e+03  -8.1219618e+00
   1.8900000e+03  -7.8438855e+00
   1.9000000e+03  -7.9872299e+00
   1.9100000e+03  -7.9809169e+00
   1.9200000e+03  -8.1531335e+00
   1.9300000e+03  -8.1018751e+00
   1.9400000e+03  -8.3537242e+00
   1.9500000e+03  -8.2207768e+00
   1.9600000e+03  -8.1896116e+00
   1.9700000e+03  -8.1335392e+00
   1.9800000e+03  -8.3253112e+00
   1.9900000e+03  -8.4534487e+00
   2.0000000e+03  -8.4199958e+00
   2.0100000e+03  -8.3794863e+00
   2.0200000e+03  -8.3294235e+00
   2.0300000e+03  -8.0761951e+00
   2.0400000e+03  -8.3383160e+00
   2.0500000e+03  -8.1870056e+00
   2.0600000e+03  -8.2887645e+00
   2.0700000e+03  -8.2082258e+00
   2.0800000e+03  -8.3005379e+00
   2.0900000e+03  -8.2191324e+00
   2.1000000e+03  -8.3339637e+00
   2.1100000e+03  -8.2890055e+00
   2.1200000e+03  -8.2939780e+00
   2.1300000e+03  -8.2868812e+00
   2.1400000e+03  -8.2671480e+00
   2.1500000e+03  -8.1470072e+00
   2.1600000e+03  -8.1313586e+00
   2.1700000e+03  -8.1062469e+00
   2.1800000e+03  -8.3094565e+00
   2.1900000e+03  -8.1388549e+00
   2.2000000e+03  -8.4209051e+00
   2.2100000e+03  -8.1980308e+00
   2.2200000e+03  -8.2528212e+00
   2.2300000e+03  -8.4286063e+00
   2.2400000e+03  -8.2772696e+00
   2.2500000e+03  -8.0275304e+00
   2.2600000e+03  -8.1412297e+00
   2.2700000e+03  -8.0993305e+00
   2.2800000e+03  -8.0723007e+00
   2.2900000e+03  -7.9407608e+00
   2.3000000e+03  -8.0954303e+00
   2.3100000e+03  -7.9525270e+00
   2.3200000e+03  -8.0613781e+00
   2.3300000e+03  -8.2426438e+00
   2.3400000e+03  -8.0790700e+00
   2.3500000e+03  -8.2451460e+00
   2.3600000e+03  -8.3080694e+00
   2.3700000e+03  -8.3381978e+00
   2.3800000e+03  -8.2731950e+00
   2.3900000e+03  -8.4986813e+00
   2.4000000e+03  -8.4025439e+00
   2.4100000e+03  -8.4414482e+00
   2.4200000e+03  -8.3704349e+00
   2.4300000e+03  -8.2548321e+00
   2.4400000e+03  -8.2794513e+00
   2.4500000e+03  -8.1503747e+00
   2.4600000e+03  -8.3033829e+00
   2.4700000e+03  -8.2057340e+00
   2.4800000e+03  -8.1964324e+00
   2.4900000e+03  -7.9895102e+00
   2.5000000e+03  -7.7068674e+00
   2.5100000e+03  -7.7221927e+00
   2.5200000e+03  -7.6514252e+00
   2.5300000e+03  -7.9327164e+00
   2.5400000e+03  -8.0549188e+00
   2.5500000e+03  -8.2376224e+00
   2.5600000e+03  -8.1030532e+00
   2.5700000e+03  -8.0657801e+00
   2.5800000e+03  -8.1454268e+00
   2.5900000e+03  -8.1656593e+00
   2.6000000e+03  -8.1224936e+00
   2.6100000e+03  -8.2711247e+00
   2.6200000e+03  -8.3592804e+00
   2.6300000e+03  -8.4416058e+00
   2.6400000e+03  -8.3966685e+00
   2.6500000e+03  -8.3597298e+00
   2.6600000e+03  -8.3801433e+00
   2.6700000e+03  -8.3208789e+00
   2.6800000e+03  -8.2679496e+00
   2.6900000e+03  -8.1484869e+00
   2.7000000e+03  -8.0573410e+00
   2.7100000e+03  -7.9458659e+00
   2.7200000e+03  -7.8246489e+00
   2.7300000e+03  -7.9889847e+00
   2.7400000e+03  -8.0464812e+00
   2.7500000e+03  -8.2115164e+00
   2.7600000e+03  -8.2397096e+00
   2.7700000e+03  -8.1321085e+00
   2.7800000e+03  -8.1907104e+00
   2.7900000e+03  -8.1938366e+00
   2.8000000e+03  -7.9964321e+00
   2.8100000e+03  -7.8788436e+00
   2.8200000e+03  -7.9399612e+00
   2.8300000e+03  -7.9532380e+00
   2.8400000e+03  -7.7788508e+00
   2.8500000e+03  -7.8586602e+00
   2.8600000e+03  -7.9195439e+00
   2.8700000e+03  -7.9437260e+00
   2.8800000e+03  -8.0707305e+00
   2.8900000e+03  -7.9733759e+00
   2.9000000e+03  -8.1377776e+00
   2.9100000e+03  -8.0966122e+00
   2.9200000e+03  -7.8634362e+00
   2.9300000e+03  -7.8929290e+00
   2.9400000e+03  -7.8425872e+00
   2.9500000e+03  -7.6331796e+00
   2.9600000e+03  -7.9226738e+00
   2.9700000e+03  -8.0554667e+00
   2.9800000e+03  -7.9667241e+00
   2.9900000e+03  -8.0491616e+00
   3.0000000e+03  -7.9995106e+00
   3.0100000e+03  -7.9169517e+00
   3.0200000e+03  -7.8364779e+00
   3.0300000e+03  -7.9279444e+00
   3.0400000e+03  -8.0260380e+00
   3.0500000e+03  -7.9714848e+00
   3.0600000e+03  -7.9135862e+00
   3.0700000e+03  -8.2741628e+00
   3.0800000e+03  -8.2881753e+00
   3.0900000e+03  -8.7316479e+00
   3.1000000e+03  -8.8540295e+00
   3.1100000e+03  -8.6523934e+00
   3.1200000e+03  -8.7964571e+00
   3.1300000e+03  -8.6400670e+00
   3.1400000e+03  -8.6337367e+00
   3.1500000e+03  -8.5643367e+00
   3.1600000e+03  -8.3481114e+00
   3.1700000e+03  -8.3122978e+00
   3.1800000e+03  -8.3216097e+00
   3.1900000e+03  -8.1823208e+00
   3.2000000e+03  -8.4167880e+00
   3.2100000e+03  -8.3856909e+00
   3.2200000e+03  -8.3727149e+00
   3.2300000e+03  -8.3572964e+00
   3.2400000e+03  -8.5036297e+00
   3.2500000e+03  -8.3757923e+00
   3.2600000e+03  -8.3569811e+00
   3.2700000e+03  -8.3394983e+00
   3.2800000e+03  -8.4107398e+00
   3.2900000e+03  -8.5355939e+00
   3.3000000e+03  -8.2049798e+00
   3.3100000e+03  -8.2967017e+00
   3.3200000e+03  -8.0780096e+00
   3.3300000e+03  -8.2922162e+00
   3.3400000e+03  -8.2272315e+00
   3.3500000e+03  -8.3189831e+00
   3.3600000e+03  -8.0864904e+00
   3.3700000e+03  -8.2103502e+00
   3.3800000e+03  -8.2324858e+00
   3.3900000e+03  -7.7833840e+00
   3.4000000e+03  -7.8334927e+00
   3.4100000e+03  -8.1105967e+00
   3.4200000e+03  -8.0180741e+00
   3.4300000e+03  -8.1540804e+00
   3.4400000e+03  -8.1602085e+00
   3.4500000e+03  -8.0042161e+00
   3.4600000e+03  -8.1806992e+00
   3.4700000e+03  -8.0677810e+00
   3.4800000e+03  -7.9284188e+00
   3.4900000e+03  -7.8314876e+00
