   0.0000000e+00   1.7533149e+01
   1.0000000e+01   1.7538341e+01
   2.0000000e+01   1.7531167e+01
   3.0000000e+01   1.7529904e+01
   4.0000000e+01   1.7533021e+01
   5.0000000e+01   1.7526933e+01
   6.0000000e+01   1.7529743e+01
   7.0000000e+01   1.7566377e+01
   8.0000000e+01   1.8548299e+01
   9.0000000e+01   1.8819708e+01
   1.0000000e+02   1.9129559e+01
   1.1000000e+02   1.9225390e+01
   1.2000000e+02   1.9202158e+01
   1.3000000e+02   1.9179107e+01
   1.4000000e+02   1.9153120e+01
   1.5000000e+02   1.9109107e+01
   1.6000000e+02   1.9033024e+01
   1.7000000e+02   1.8965637e+01
   1.8000000e+02   1.8868468e+01
   1.9000000e+02   1.8757498e+01
   2.0000000e+02   1.8640768e+01
   2.1000000e+02   1.8524872e+01
   2.2000000e+02   1.8425154e+01
   2.3000000e+02   1.8324624e+01
   2.4000000e+02   1.8222300e+01
   2.5000000e+02   1.8125856e+01
   2.6000000e+02   1.8018180e+01
   2.7000000e+02   1.7912242e+01
   2.8000000e+02   1.7814274e+01
   2.9000000e+02   1.7734318e+01
   3.0000000e+02   1.7656899e+01
   3.1000000e+02   1.7579623e+01
   3.2000000e+02   1.7486511e+01
   3.3000000e+02   1.7419744e+01
   3.4000000e+02   1.7352156e+01
   3.5000000e+02   1.7288524e+01
   3.6000000e+02   1.7230139e+01
   3.7000000e+02   1.7167919e+01
   3.8000000e+02   1.7108272e+01
   3.9000000e+02   1.7044260e+01
   4.0000000e+02   1.6989327e+01
   4.1000000e+02   1.6962734e+01
   4.2000000e+02   1.6909386e+01
   4.3000000e+02   1.6849089e+01
   4.4000000e+02   1.6815656e+01
   4.5000000e+02   1.6773779e+01
   4.6000000e+02   1.6747080e+01
   4.7000000e+02   1.6695839e+01
   4.8000000e+02   1.6681998e+01
   4.9000000e+02   1.6647127e+01
   5.0000000e+02   1.6614162e+01
   5.1000000e+02   1.6585657e+01
   5.2000000e+02   1.6595823e+01
   5.3000000e+02   1.6557644e+01
   5.4000000e+02   1.6515713e+01
   5.5000000e+02   1.6489272e+01
   5.6000000e+02   1.6465860e+01
   5.7000000e+02   1.6431665e+01
   5.8000000e+02   1.6408853e+01
   5.9000000e+02   1.6409386e+01
   6.0000000e+02   1.6389631e+01
   6.1000000e+02   1.6357122e+01
   6.2000000e+02   1.6343507e+01
   6.3000000e+02   1.6339136e+01
   6.4000000e+02   1.6343350e+01
   6.5000000e+02   1.6345937e+01
   6.6000000e+02   1.6339512e+01
   6.7000000e+02   1.6320271e+01
   6.8000000e+02   1.6346031e+01
   6.9000000e+02   1.6338175e+01
   7.0000000e+02   1.6336646e+01
   7.1000000e+02   1.6343992e+01
   7.2000000e+02   1.6360108e+01
   7.3000000e+02   1.6380311e+01
   7.4000000e+02   1.6363567e+01
   7.5000000e+02   1.6375563e+01
   7.6000000e+02   1.6388879e+01
   7.7000000e+02   1.6388731e+01
   7.8000000e+02   1.6379008e+01
   7.9000000e+02   1.6353600e+01
   8.0000000e+02   1.6356581e+01
   8.1000000e+02   1.6395541e+01
   8.2000000e+02   1.6367822e+01
   8.3000000e+02   1.6371566e+01
   8.4000000e+02   1.6389408e+01
   8.5000000e+02   1.6369096e+01
   8.6000000e+02   1.6379042e+01
   8.7000000e+02   1.6392751e+01
   8.8000000e+02   1.6403710e+01
   8.9000000e+02   1.6410080e+01
   9.0000000e+02   1.6399133e+01
   9.1000000e+02   1.6395318e+01
   9.2000000e+02   1.6426594e+01
   9.3000000e+02   1.6412959e+01
   9.4000000e+02   1.6409496e+01
   9.5000000e+02   1.6445481e+01
   9.6000000e+02   1.6400825e+01
   9.7000000e+02   1.6410373e+01
   9.8000000e+02   1.6399613e+01
   9.9000000e+02   1.6404124e+01
   1.0000000e+03   1.6389730e+01
   1.0100000e+03   1.6400750e+01
   1.0200000e+03   1.6405947e+01
   1.0300000e+03   1.6407035e+01
   1.0400000e+03   1.6424815e+01
   1.0500000e+03   1.6418701e+01
   1.0600000e+03   1.6389391e+01
   1.0700000e+03   1.6420705e+01
   1.0800000e+03   1.6395726e+01
   1.0900000e+03   1.6402980e+01
   1.1000000e+03   1.6412832e+01
   1.1100000e+03   1.6401349e+01
   1.1200000e+03   1.6401500e+01
   1.1300000e+03   1.6384271e+01
   1.1400000e+03   1.6401562e+01
   1.1500000e+03   1.6428453e+01
   1.1600000e+03   1.6431437e+01
   1.1700000e+03   1.6450831e+01
   1.1800000e+03   1.6483969e+01
   1.1900000e+03   1.6466679e+01
   1.2000000e+03   1.6469710e+01
   1.2100000e+03   1.6488551e+01
   1.2200000e+03   1.6515242e+01
   1.2300000e+03   1.6522306e+01
   1.2400000e+03   1.6533563e+01
   1.2500000e+03   1.6524646e+01
   1.2600000e+03   1.6533444e+01
   1.2700000e+03   1.6553518e+01
   1.2800000e+03   1.6561751e+01
   1.2900000e+03   1.6563168e+01
   1.3000000e+03   1.6576064e+01
   1.3100000e+03   1.6570815e+01
   1.3200000e+03   1.6590743e+01
   1.3300000e+03   1.6633992e+01
   1.3400000e+03   1.6619517e+01
   1.3500000e+03   1.6624461e+01
   1.3600000e+03   1.6656225e+01
   1.3700000e+03   1.6679026e+01
   1.3800000e+03   1.6679207e+01
   1.3900000e+03   1.6671295e+01
   1.4000000e+03   1.6659334e+01
   1.4100000e+03   1.6701099e+01
   1.4200000e+03   1.6731954e+01
   1.4300000e+03   1.6739063e+01
   1.4400000e+03   1.6761103e+01
   1.4500000e+03   1.6762234e+01
   1.4600000e+03   1.6797062e+01
   1.4700000e+03   1.6862360e+01
   1.4800000e+03   1.6875879e+01
   1.4900000e+03   1.6882539e+01
   1.5000000e+03   1.6858921e+01
   1.5100000e+03   1.6833807e+01
   1.5200000e+03   1.6829994e+01
   1.5300000e+03   1.6806849e+01
   1.5400000e+03   1.6791654e+01
   1.5500000e+03   1.6778326e+01
   1.5600000e+03   1.6756138e+01
   1.5700000e+03   1.6736219e+01
   1.5800000e+03   1.6734309e+01
   1.5900000e+03   1.6716248e+01
   1.6000000e+03   1.6715596e+01
   1.6100000e+03   1.6699186e+01
   1.6200000e+03   1.6717481e+01
   1.6300000e+03   1.6699922e+01
   1.6400000e+03   1.6700937e+01
   1.6500000e+03   1.6694780e+01
   1.6600000e+03   1.6670310e+01
   1.6700000e+03   1.6611032e+01
   1.6800000e+03   1.6602456e+01
   1.6900000e+03   1.6613370e+01
   1.7000000e+03   1.6582277e+01
   1.7100000e+03   1.6579704e+01
   1.7200000e+03   1.6584925e+01
   1.7300000e+03   1.6569678e+01
   1.7400000e+03   1.6541941e+01
   1.7500000e+03   1.6554978e+01
   1.7600000e+03   1.6538005e+01
   1.7700000e+03   1.6510516e+01
   1.7800000e+03   1.6520591e+01
   1.7900000e+03   1.6509829e+01
   1.8000000e+03   1.6480223e+01
   1.8100000e+03   1.6491767e+01
   1.8200000e+03   1.6502428e+01
   1.8300000e+03   1.6506791e+01
   1.8400000e+03   1.6521414e+01
   1.8500000e+03   1.6535036e+01
   1.8600000e+03   1.6533985e+01
   1.8700000e+03   1.6508744e+01
   1.8800000e+03   1.6490198e+01
   1.8900000e+03   1.6501801e+01
   1.9000000e+03   1.6478816e+01
   1.9100000e+03   1.6463726e+01
   1.9200000e+03   1.6449473e+01
   1.9300000e+03   1.6437636e+01
   1.9400000e+03   1.6421927e+01
   1.9500000e+03   1.6410105e+01
   1.9600000e+03   1.6385687e+01
   1.9700000e+03   1.6347917e+01
   1.9800000e+03   1.6347771e+01
   1.9900000e+03   1.6346902e+01
   2.0000000e+03   1.6356170e+01
   2.0100000e+03   1.6349050e+01
   2.0200000e+03   1.6342398e+01
   2.0300000e+03   1.6314511e+01
   2.0400000e+03   1.6326576e+01
   2.0500000e+03   1.6305427e+01
   2.0600000e+03   1.6297634e+01
   2.0700000e+03   1.6288998e+01
   2.0800000e+03   1.6259180e+01
   2.0900000e+03   1.6265171e+01
   2.1000000e+03   1.6268104e+01
   2.1100000e+03   1.6268750e+01
   2.1200000e+03   1.6246269e+01
   2.1300000e+03   1.6227678e+01
   2.1400000e+03   1.6213483e+01
   2.1500000e+03   1.6214104e+01
   2.1600000e+03   1.6185090e+01
   2.1700000e+03   1.6192028e+01
   2.1800000e+03   1.6189637e+01
   2.1900000e+03   1.6175814e+01
   2.2000000e+03   1.6151518e+01
   2.2100000e+03   1.6133084e+01
   2.2200000e+03   1.6140366e+01
   2.2300000e+03   1.6127422e+01
   2.2400000e+03   1.6136688e+01
   2.2500000e+03   1.6110324e+01
   2.2600000e+03   1.6113660e+01
   2.2700000e+03   1.6109655e+01
   2.2800000e+03   1.6108684e+01
   2.2900000e+03   1.6088145e+01
   2.3000000e+03   1.6098146e+01
   2.3100000e+03   1.6082189e+01
   2.3200000e+03   1.6069075e+01
   2.3300000e+03   1.6056035e+01
   2.3400000e+03   1.6075507e+01
   2.3500000e+03   1.6055113e+01
   2.3600000e+03   1.6076892e+01
   2.3700000e+03   1.6055947e+01
   2.3800000e+03   1.6059652e+01
   2.3900000e+03   1.6043458e+01
   2.4000000e+03   1.6067868e+01
   2.4100000e+03   1.6018308e+01
   2.4200000e+03   1.6028824e+01
   2.4300000e+03   1.6068216e+01
   2.4400000e+03   1.6050997e+01
   2.4500000e+03   1.6054500e+01
   2.4600000e+03   1.6041211e+01
   2.4700000e+03   1.6051283e+01
   2.4800000e+03   1.6072688e+01
   2.4900000e+03   1.6079726e+01
   2.5000000e+03   1.6106273e+01
   2.5100000e+03   1.6102890e+01
   2.5200000e+03   1.6125245e+01
   2.5300000e+03   1.6145993e+01
   2.5400000e+03   1.6152006e+01
   2.5500000e+03   1.6140233e+01
   2.5600000e+03   1.6129190e+01
   2.5700000e+03   1.6121363e+01
   2.5800000e+03   1.6130103e+01
   2.5900000e+03   1.6104212e+01
   2.6000000e+03   1.6092891e+01
   2.6100000e+03   1.6053047e+01
   2.6200000e+03   1.6067551e+01
   2.6300000e+03   1.6034155e+01
   2.6400000e+03   1.6013774e+01
   2.6500000e+03   1.5925497e+01
   2.6600000e+03   1.5931241e+01
   2.6700000e+03   1.5932573e+01
   2.6800000e+03   1.5938872e+01
   2.6900000e+03   1.5963554e+01
   2.7000000e+03   1.5993339e+01
   2.7100000e+03   1.6042327e+01
   2.7200000e+03   1.6061175e+01
   2.7300000e+03   1.6092054e+01
   2.7400000e+03   1.6108176e+01
   2.7500000e+03   1.6120616e+01
   2.7600000e+03   1.6104544e+01
   2.7700000e+03   1.6124018e+01
   2.7800000e+03   1.6156551e+01
   2.7900000e+03   1.6180631e+01
   2.8000000e+03   1.6195109e+01
   2.8100000e+03   1.6189507e+01
   2.8200000e+03   1.6164936e+01
   2.8300000e+03   1.6162907e+01
   2.8400000e+03   1.6153366e+01
   2.8500000e+03   1.6163910e+01
   2.8600000e+03   1.6161146e+01
   2.8700000e+03   1.6151996e+01
   2.8800000e+03   1.6180126e+01
   2.8900000e+03  -2.4590111e+02
   2.9000000e+03  -2.4590111e+02
   2.9100000e+03  -2.4590111e+02
   2.9200000e+03  -2.4590111e+02
   2.9300000e+03  -2.4590111e+02
   2.9400000e+03  -2.4590111e+02
   2.9500000e+03  -2.4590111e+02
   2.9600000e+03  -2.4590111e+02
   2.9700000e+03  -2.4590111e+02
   2.9800000e+03  -2.4590111e+02
   2.9900000e+03  -2.4590111e+02
   3.0000000e+03  -2.4590111e+02
   3.0100000e+03  -2.4590111e+02
   3.0200000e+03  -2.4590111e+02
   3.0300000e+03  -2.4590111e+02
   3.0400000e+03  -2.4590111e+02
   3.0500000e+03  -2.4590111e+02
   3.0600000e+03  -2.4590111e+02
   3.0700000e+03  -2.4590111e+02
   3.0800000e+03  -2.4590111e+02
   3.0900000e+03  -2.4590111e+02
   3.1000000e+03  -2.4590111e+02
   3.1100000e+03  -2.4590111e+02
   3.1200000e+03  -2.4590111e+02
   3.1300000e+03  -2.4590111e+02
   3.1400000e+03  -2.4590111e+02
   3.1500000e+03  -2.4590111e+02
   3.1600000e+03  -2.4590111e+02
   3.1700000e+03  -2.4590111e+02
   3.1800000e+03  -2.4590111e+02
   3.1900000e+03  -2.4590111e+02
   3.2000000e+03  -2.4590111e+02
   3.2100000e+03  -2.4590111e+02
   3.2200000e+03  -2.4590111e+02
   3.2300000e+03  -2.4590111e+02
   3.2400000e+03  -2.4590111e+02
   3.2500000e+03  -2.4590111e+02
   3.2600000e+03  -2.4590111e+02
   3.2700000e+03  -2.4590111e+02
   3.2800000e+03  -2.4590111e+02
   3.2900000e+03  -2.4590111e+02
   3.3000000e+03  -2.4590111e+02
   3.3100000e+03  -2.4590111e+02
   3.3200000e+03  -2.4590111e+02
   3.3300000e+03  -2.4590111e+02
   3.3400000e+03  -2.4590111e+02
   3.3500000e+03  -2.4590111e+02
   3.3600000e+03  -2.4590111e+02
   3.3700000e+03  -2.4590111e+02
   3.3800000e+03  -2.4590111e+02
   3.3900000e+03  -2.4590111e+02
   3.4000000e+03  -2.4590111e+02
   3.4100000e+03  -2.4590111e+02
   3.4200000e+03  -2.4590111e+02
   3.4300000e+03  -2.4590111e+02
   3.4400000e+03  -2.4590111e+02
   3.4500000e+03  -2.4590111e+02
   3.4600000e+03  -2.4590111e+02
   3.4700000e+03  -2.4590111e+02
   3.4800000e+03  -2.4590111e+02
   3.4900000e+03  -2.4590111e+02
