   0.0000000e+00   7.3549663e-03
   1.0000000e+01   5.3500614e-03
   2.0000000e+01   1.3730781e-02
   3.0000000e+01   3.9492092e-04
   4.0000000e+01   4.6732007e-03
   5.0000000e+01   5.0847863e-03
   6.0000000e+01   1.3947486e-03
   7.0000000e+01   1.0638183e-02
   8.0000000e+01   7.5555525e-02
   9.0000000e+01  -5.6973272e-01
   1.0000000e+02   2.8112363e-01
   1.1000000e+02   8.7136667e-01
   1.2000000e+02   4.3620833e-01
   1.3000000e+02   3.3421425e-01
   1.4000000e+02   4.4931720e-01
   1.5000000e+02  -2.6082150e-01
   1.6000000e+02   4.9589747e-02
   1.7000000e+02  -6.0194852e-01
   1.8000000e+02  -1.4049194e-01
   1.9000000e+02  -5.3262762e-01
   2.0000000e+02  -3.3875395e-02
   2.1000000e+02  -1.3712321e-01
   2.2000000e+02  -5.1726342e-01
   2.3000000e+02  -1.5877041e-01
   2.4000000e+02  -5.0039747e-01
   2.5000000e+02  -2.6389507e-01
   2.6000000e+02  -1.7194696e-01
   2.7000000e+02  -2.9072771e-01
   2.8000000e+02  -4.2592228e-01
   2.9000000e+02  -3.6425892e-01
   3.0000000e+02  -2.9680509e-01
   3.1000000e+02  -4.9930261e-01
   3.2000000e+02  -2.3085580e-01
   3.3000000e+02  -4.0052469e-01
   3.4000000e+02  -4.5931214e-01
   3.5000000e+02  -5.4619457e-01
   3.6000000e+02  -5.1819487e-01
   3.7000000e+02  -4.8752606e-01
   3.8000000e+02  -5.4672317e-01
   3.9000000e+02  -6.7695405e-01
   4.0000000e+02  -7.4932672e-01
   4.1000000e+02  -5.6802338e-01
   4.2000000e+02  -4.7318921e-01
   4.3000000e+02  -1.0631714e+00
   4.4000000e+02  -4.9027352e-01
   4.5000000e+02  -5.8278546e-01
   4.6000000e+02  -5.2888458e-01
   4.7000000e+02  -4.8721553e-01
   4.8000000e+02  -5.1522304e-01
   4.9000000e+02  -6.2070419e-01
   5.0000000e+02  -5.0849238e-01
   5.1000000e+02  -5.1562410e-01
   5.2000000e+02  -5.4912652e-01
   5.3000000e+02  -5.8683562e-01
   5.4000000e+02  -4.6918877e-01
   5.5000000e+02  -4.3175169e-01
   5.6000000e+02  -6.0357733e-01
   5.7000000e+02  -4.8307074e-01
   5.8000000e+02  -6.5708956e-01
   5.9000000e+02  -7.7479853e-01
   6.0000000e+02  -7.7596588e-01
   6.1000000e+02  -7.5759423e-01
   6.2000000e+02  -7.0639353e-01
   6.3000000e+02  -4.9613366e-01
   6.4000000e+02  -2.5619482e-01
   6.5000000e+02  -7.3602171e-01
   6.6000000e+02  -7.7496870e-01
   6.7000000e+02  -8.6901499e-01
   6.8000000e+02  -8.0306558e-01
   6.9000000e+02  -8.4832450e-01
   7.0000000e+02  -8.8725899e-01
   7.1000000e+02  -8.8479255e-01
   7.2000000e+02  -8.8145545e-01
   7.3000000e+02  -6.0409161e-01
   7.4000000e+02  -8.9960363e-01
   7.5000000e+02  -7.9607212e-01
   7.6000000e+02  -8.2434298e-01
   7.7000000e+02  -1.0693803e+00
   7.8000000e+02  -1.1320851e+00
   7.9000000e+02  -8.8656963e-01
   8.0000000e+02  -9.1123660e-01
   8.1000000e+02  -9.3826127e-01
   8.2000000e+02  -1.0094296e+00
   8.3000000e+02  -9.2645587e-01
   8.4000000e+02  -8.5169312e-01
   8.5000000e+02  -7.9719556e-01
   8.6000000e+02  -9.2432404e-01
   8.7000000e+02  -8.2720860e-01
   8.8000000e+02  -1.0516122e+00
   8.9000000e+02  -9.4765369e-01
   9.0000000e+02  -9.1050627e-01
   9.1000000e+02  -6.9617462e-01
   9.2000000e+02  -6.6188371e-01
   9.3000000e+02  -6.9084839e-01
   9.4000000e+02  -6.1486621e-01
   9.5000000e+02  -6.7319801e-01
   9.6000000e+02  -7.1808006e-01
   9.7000000e+02  -4.9599388e-01
   9.8000000e+02  -7.4112860e-01
   9.9000000e+02  -4.1119590e-01
   1.0000000e+03  -7.3126413e-01
   1.0100000e+03  -7.1420522e-01
   1.0200000e+03  -7.7242959e-01
   1.0300000e+03  -6.8817570e-01
   1.0400000e+03  -6.3346466e-01
   1.0500000e+03  -6.0891524e-01
   1.0600000e+03  -7.0767542e-01
   1.0700000e+03  -6.3199887e-01
   1.0800000e+03  -7.4013636e-01
   1.0900000e+03  -8.4462744e-01
   1.1000000e+03  -1.0271536e+00
   1.1100000e+03  -1.0909186e+00
   1.1200000e+03  -1.1184200e+00
   1.1300000e+03  -1.0647786e+00
   1.1400000e+03  -7.6798599e-01
   1.1500000e+03  -8.6655028e-01
   1.1600000e+03  -8.4892893e-01
   1.1700000e+03  -7.5380105e-01
   1.1800000e+03  -6.4818956e-01
   1.1900000e+03  -7.7140710e-01
   1.2000000e+03  -7.1912716e-01
   1.2100000e+03  -8.4083668e-01
   1.2200000e+03  -9.4425171e-01
   1.2300000e+03  -1.0122358e+00
   1.2400000e+03  -8.7899693e-01
   1.2500000e+03  -9.8898274e-01
   1.2600000e+03  -8.8050968e-01
   1.2700000e+03  -8.3789965e-01
   1.2800000e+03  -7.9621139e-01
   1.2900000e+03  -8.1291519e-01
   1.3000000e+03  -8.4346286e-01
   1.3100000e+03  -8.8123832e-01
   1.3200000e+03  -9.4192958e-01
   1.3300000e+03  -6.9748711e-01
   1.3400000e+03  -8.2951245e-01
   1.3500000e+03  -9.9556774e-01
   1.3600000e+03  -9.4776436e-01
   1.3700000e+03  -9.3913207e-01
   1.3800000e+03  -8.4764388e-01
   1.3900000e+03  -3.9400278e-01
   1.4000000e+03  -1.0612956e+00
   1.4100000e+03  -4.8404622e-01
   1.4200000e+03  -1.0648676e+00
   1.4300000e+03  -1.1804492e+00
   1.4400000e+03  -1.1895385e+00
   1.4500000e+03  -1.0545598e+00
   1.4600000e+03  -9.0029460e-01
   1.4700000e+03  -2.1552131e+00
   1.4800000e+03  -8.3678843e-01
   1.4900000e+03  -8.3361193e-01
   1.5000000e+03  -8.5677147e-01
   1.5100000e+03  -9.6507037e-01
   1.5200000e+03  -3.3960591e-01
   1.5300000e+03  -9.7647077e-01
   1.5400000e+03  -9.5077757e-01
   1.5500000e+03  -7.8962916e-01
   1.5600000e+03  -6.5478250e-01
   1.5700000e+03  -9.0446305e-01
   1.5800000e+03  -8.6315906e-01
   1.5900000e+03  -9.6277466e-01
   1.6000000e+03  -3.1580394e-01
   1.6100000e+03  -7.9815750e-01
   1.6200000e+03  -4.2725327e-01
   1.6300000e+03  -4.8127492e-01
   1.6400000e+03  -5.6921956e-01
   1.6500000e+03  -5.8002118e-01
   1.6600000e+03  -5.5455028e-01
   1.6700000e+03  -6.1986340e-01
   1.6800000e+03  -7.5295024e-01
   1.6900000e+03  -6.9882829e-01
   1.7000000e+03  -8.6373552e-01
   1.7100000e+03  -9.3810018e-01
   1.7200000e+03  -6.3458611e-01
   1.7300000e+03  -6.3519735e-01
   1.7400000e+03  -1.1399158e+00
   1.7500000e+03   3.5940501e-04
   1.7600000e+03  -1.0267398e+00
   1.7700000e+03  -9.0994525e-01
   1.7800000e+03  -7.8765606e-01
   1.7900000e+03  -1.1467071e+00
   1.8000000e+03  -1.0494451e+00
   1.8100000e+03  -2.6088528e-01
   1.8200000e+03  -9.5939035e-01
   1.8300000e+03  -9.7663490e-01
   1.8400000e+03  -6.3583715e-01
   1.8500000e+03  -1.0129797e+00
   1.8600000e+03   1.6432547e+00
   1.8700000e+03   8.0223397e-02
   1.8800000e+03  -1.1070863e+00
   1.8900000e+03  -7.3419672e-01
   1.9000000e+03  -1.0529435e+00
   1.9100000e+03  -9.2328088e-01
   1.9200000e+03  -9.2707885e-01
   1.9300000e+03  -6.0252848e-01
   1.9400000e+03  -8.1615643e-01
   1.9500000e+03  -7.1762865e-01
   1.9600000e+03  -7.2485218e-01
   1.9700000e+03  -5.7840622e-01
   1.9800000e+03  -6.0503261e-01
   1.9900000e+03  -6.4794465e-01
   2.0000000e+03  -6.7189669e-01
   2.0100000e+03  -7.7263446e-01
   2.0200000e+03  -8.2389056e-01
   2.0300000e+03  -7.8486587e-01
   2.0400000e+03  -9.6865677e-01
   2.0500000e+03  -6.1414731e-01
   2.0600000e+03  -8.3143166e-02
   2.0700000e+03  -9.1073961e-01
   2.0800000e+03  -7.8861155e-01
   2.0900000e+03  -4.8761519e-01
   2.1000000e+03  -6.5424615e-01
   2.1100000e+03   2.1482686e+00
   2.1200000e+03  -8.8957208e-01
   2.1300000e+03   7.0999654e-01
   2.1400000e+03   1.7082712e+01
   2.1500000e+03   4.5625074e+00
   2.1600000e+03  -1.1982104e+00
   2.1700000e+03  -1.2819054e+00
   2.1800000e+03  -1.0007970e+00
   2.1900000e+03  -9.5978397e-01
   2.2000000e+03  -1.0995597e+00
   2.2100000e+03   1.7966507e+00
   2.2200000e+03  -1.0707432e+00
   2.2300000e+03  -9.8679236e-01
   2.2400000e+03   5.7527160e-01
   2.2500000e+03  -7.8270603e-01
   2.2600000e+03   4.8774394e+00
   2.2700000e+03  -3.6062951e-01
   2.2800000e+03   5.8257059e+00
   2.2900000e+03  -2.1352689e-01
   2.3000000e+03  -6.2994584e-01
   2.3100000e+03   1.4302804e+00
   2.3200000e+03  -8.3625522e-01
   2.3300000e+03  -1.2461623e+00
   2.3400000e+03  -9.8502605e-01
   2.3500000e+03  -8.4486905e-01
   2.3600000e+03   5.9562169e-01
   2.3700000e+03   1.4705181e+01
   2.3800000e+03   3.6161825e+00
   2.3900000e+03  -1.0925855e+00
   2.4000000e+03  -9.9010725e-01
   2.4100000e+03  -1.1012336e+00
   2.4200000e+03  -1.1276664e+00
   2.4300000e+03  -1.5779655e+00
   2.4400000e+03  -1.5542767e+00
   2.4500000e+03  -1.0478532e+00
   2.4600000e+03  -1.6270599e+00
   2.4700000e+03  -1.4789132e+00
   2.4800000e+03  -1.3977713e+00
   2.4900000e+03  -1.2108523e+00
   2.5000000e+03   9.1800149e-02
   2.5100000e+03  -1.0533775e+00
   2.5200000e+03  -1.1063118e+00
   2.5300000e+03  -7.8700655e-01
   2.5400000e+03   3.6389628e+00
   2.5500000e+03   8.4752168e-01
   2.5600000e+03  -2.1082863e-01
   2.5700000e+03   7.7322655e-01
   2.5800000e+03   5.0251327e+00
   2.5900000e+03  -5.4769479e-01
   2.6000000e+03  -7.0674561e-01
   2.6100000e+03  -1.1670348e-01
   2.6200000e+03   9.7231166e+00
   2.6300000e+03  -4.8206823e-01
   2.6400000e+03  -4.4135295e-01
   2.6500000e+03  -1.1668417e+00
   2.6600000e+03  -1.2510328e+00
   2.6700000e+03  -1.0707690e+00
   2.6800000e+03  -1.2050578e+00
   2.6900000e+03  -1.3384093e+00
   2.7000000e+03  -1.1503659e+00
   2.7100000e+03   1.9574170e+00
   2.7200000e+03  -9.2755974e-01
   2.7300000e+03   8.8275177e-02
   2.7400000e+03   1.4506470e+00
   2.7500000e+03  -1.1441693e+00
   2.7600000e+03  -1.1604736e+00
   2.7700000e+03  -1.5618983e+00
   2.7800000e+03  -9.7532636e-01
   2.7900000e+03  -5.2151140e-02
   2.8000000e+03  -9.0052972e-01
   2.8100000e+03  -6.5685779e-01
   2.8200000e+03  -9.2790902e-01
   2.8300000e+03  -1.0152098e+00
   2.8400000e+03  -9.4667968e-01
   2.8500000e+03  -1.0230359e+00
   2.8600000e+03   7.2264872e+00
   2.8700000e+03   5.4251911e-01
   2.8800000e+03  -1.1871401e+00
   2.8900000e+03  -2.6323143e+02
   2.9000000e+03  -2.6323143e+02
   2.9100000e+03  -2.6323143e+02
   2.9200000e+03  -2.6323143e+02
   2.9300000e+03  -2.6323143e+02
   2.9400000e+03  -2.6323143e+02
   2.9500000e+03  -2.6323143e+02
   2.9600000e+03  -2.6323143e+02
   2.9700000e+03  -2.6323143e+02
   2.9800000e+03  -2.6323143e+02
   2.9900000e+03  -2.6323143e+02
   3.0000000e+03  -2.6323143e+02
   3.0100000e+03  -2.6323143e+02
   3.0200000e+03  -2.6323143e+02
   3.0300000e+03  -2.6323143e+02
   3.0400000e+03  -2.6323143e+02
   3.0500000e+03  -2.6323143e+02
   3.0600000e+03  -2.6323143e+02
   3.0700000e+03  -2.6323143e+02
   3.0800000e+03  -2.6323143e+02
   3.0900000e+03  -2.6323143e+02
   3.1000000e+03  -2.6323143e+02
   3.1100000e+03  -2.6323143e+02
   3.1200000e+03  -2.6323143e+02
   3.1300000e+03  -2.6323143e+02
   3.1400000e+03  -2.6323143e+02
   3.1500000e+03  -2.6323143e+02
   3.1600000e+03  -2.6323143e+02
   3.1700000e+03  -2.6323143e+02
   3.1800000e+03  -2.6323143e+02
   3.1900000e+03  -2.6323143e+02
   3.2000000e+03  -2.6323143e+02
   3.2100000e+03  -2.6323143e+02
   3.2200000e+03  -2.6323143e+02
   3.2300000e+03  -2.6323143e+02
   3.2400000e+03  -2.6323143e+02
   3.2500000e+03  -2.6323143e+02
   3.2600000e+03  -2.6323143e+02
   3.2700000e+03  -2.6323143e+02
   3.2800000e+03  -2.6323143e+02
   3.2900000e+03  -2.6323143e+02
   3.3000000e+03  -2.6323143e+02
   3.3100000e+03  -2.6323143e+02
   3.3200000e+03  -2.6323143e+02
   3.3300000e+03  -2.6323143e+02
   3.3400000e+03  -2.6323143e+02
   3.3500000e+03  -2.6323143e+02
   3.3600000e+03  -2.6323143e+02
   3.3700000e+03  -2.6323143e+02
   3.3800000e+03  -2.6323143e+02
   3.3900000e+03  -2.6323143e+02
   3.4000000e+03  -2.6323143e+02
   3.4100000e+03  -2.6323143e+02
   3.4200000e+03  -2.6323143e+02
   3.4300000e+03  -2.6323143e+02
   3.4400000e+03  -2.6323143e+02
   3.4500000e+03  -2.6323143e+02
   3.4600000e+03  -2.6323143e+02
   3.4700000e+03  -2.6323143e+02
   3.4800000e+03  -2.6323143e+02
   3.4900000e+03  -2.6323143e+02
