   0.0000000e+00  -3.4526836e-03
   1.0000000e+01   1.2965191e-03
   2.0000000e+01   3.4073967e-03
   3.0000000e+01   1.0725474e-02
   4.0000000e+01  -9.5280072e-02
   5.0000000e+01  -2.3470263e+00
   6.0000000e+01  -7.6287569e+00
   7.0000000e+01  -1.0583803e+01
   8.0000000e+01  -1.2742743e+01
   9.0000000e+01  -1.4580977e+01
   1.0000000e+02  -1.6276140e+01
   1.1000000e+02  -1.7132366e+01
   1.2000000e+02  -1.7963164e+01
   1.3000000e+02  -1.8743939e+01
   1.4000000e+02  -1.9457148e+01
   1.5000000e+02  -2.0041580e+01
   1.6000000e+02  -2.0602523e+01
   1.7000000e+02  -2.1084094e+01
   1.8000000e+02  -2.1470003e+01
   1.9000000e+02  -2.1760030e+01
   2.0000000e+02  -2.1961203e+01
   2.1000000e+02  -2.2437200e+01
   2.2000000e+02  -2.2593046e+01
   2.3000000e+02  -2.2667383e+01
   2.4000000e+02  -2.2757612e+01
   2.5000000e+02  -2.2997566e+01
   2.6000000e+02  -2.3027033e+01
   2.7000000e+02  -2.3494944e+01
   2.8000000e+02  -2.3586452e+01
   2.9000000e+02  -2.3748546e+01
   3.0000000e+02  -2.3718807e+01
   3.1000000e+02  -2.3854180e+01
   3.2000000e+02  -2.3990803e+01
   3.3000000e+02  -2.3987562e+01
   3.4000000e+02  -2.4082903e+01
   3.5000000e+02  -2.3935380e+01
   3.6000000e+02  -2.4302579e+01
   3.7000000e+02  -2.4351992e+01
   3.8000000e+02  -2.4166520e+01
   3.9000000e+02  -2.4187042e+01
   4.0000000e+02  -2.4216940e+01
   4.1000000e+02  -2.4344646e+01
   4.2000000e+02  -2.4501615e+01
   4.3000000e+02  -2.4498266e+01
   4.4000000e+02  -2.4632056e+01
   4.5000000e+02  -2.4625721e+01
   4.6000000e+02  -2.4630410e+01
   4.7000000e+02  -2.4694016e+01
   4.8000000e+02  -2.4620131e+01
   4.9000000e+02  -2.4647110e+01
   5.0000000e+02  -2.4593989e+01
   5.1000000e+02  -2.4842963e+01
   5.2000000e+02  -2.4696506e+01
   5.3000000e+02  -2.4577057e+01
   5.4000000e+02  -2.4737688e+01
   5.5000000e+02  -2.4540869e+01
   5.6000000e+02  -2.4560508e+01
   5.7000000e+02  -2.4677680e+01
   5.8000000e+02  -2.4741518e+01
   5.9000000e+02  -2.4613106e+01
   6.0000000e+02  -2.4637116e+01
   6.1000000e+02  -2.4725369e+01
   6.2000000e+02  -2.4783849e+01
   6.3000000e+02  -2.4567918e+01
   6.4000000e+02  -2.4885196e+01
   6.5000000e+02  -2.4865910e+01
   6.6000000e+02  -2.4901157e+01
   6.7000000e+02  -2.5072777e+01
   6.8000000e+02  -2.4899268e+01
   6.9000000e+02  -2.5029689e+01
   7.0000000e+02  -2.5042602e+01
   7.1000000e+02  -2.5136490e+01
   7.2000000e+02  -2.4811462e+01
   7.3000000e+02  -2.4977920e+01
   7.4000000e+02  -2.4913334e+01
   7.5000000e+02  -2.4746720e+01
   7.6000000e+02  -2.5005413e+01
   7.7000000e+02  -2.4760034e+01
   7.8000000e+02  -2.4870552e+01
   7.9000000e+02  -2.4667243e+01
   8.0000000e+02  -2.4938190e+01
   8.1000000e+02  -2.4831773e+01
   8.2000000e+02  -2.5025043e+01
   8.3000000e+02  -2.4913757e+01
   8.4000000e+02  -2.5021540e+01
   8.5000000e+02  -2.4876989e+01
   8.6000000e+02  -2.4950643e+01
   8.7000000e+02  -2.5150716e+01
   8.8000000e+02  -2.4869515e+01
   8.9000000e+02  -2.5212650e+01
   9.0000000e+02  -2.4919903e+01
   9.1000000e+02  -2.5097369e+01
   9.2000000e+02  -2.4993288e+01
   9.3000000e+02  -2.4926417e+01
   9.4000000e+02  -2.4814318e+01
   9.5000000e+02  -2.4806705e+01
   9.6000000e+02  -2.5090411e+01
   9.7000000e+02  -2.5348941e+01
   9.8000000e+02  -2.5009137e+01
   9.9000000e+02  -2.5152619e+01
   1.0000000e+03  -2.5228325e+01
   1.0100000e+03  -2.5010509e+01
   1.0200000e+03  -2.5107783e+01
   1.0300000e+03  -2.5194366e+01
   1.0400000e+03  -2.5163113e+01
   1.0500000e+03  -2.5103112e+01
   1.0600000e+03  -2.5223346e+01
   1.0700000e+03  -2.5180651e+01
   1.0800000e+03  -2.4975100e+01
   1.0900000e+03  -2.5066364e+01
   1.1000000e+03  -2.5097167e+01
   1.1100000e+03  -2.5165204e+01
   1.1200000e+03  -2.5167714e+01
   1.1300000e+03  -2.5099947e+01
   1.1400000e+03  -2.5060723e+01
   1.1500000e+03  -2.5199872e+01
   1.1600000e+03  -2.5280135e+01
   1.1700000e+03  -2.5032695e+01
   1.1800000e+03  -2.5159613e+01
   1.1900000e+03  -2.4872317e+01
   1.2000000e+03  -2.5079873e+01
   1.2100000e+03  -2.5186034e+01
   1.2200000e+03  -2.5159689e+01
   1.2300000e+03  -2.5163104e+01
   1.2400000e+03  -2.5254839e+01
   1.2500000e+03  -2.5150069e+01
   1.2600000e+03  -2.5182658e+01
   1.2700000e+03  -2.5252114e+01
   1.2800000e+03  -2.5146986e+01
   1.2900000e+03  -2.5322989e+01
   1.3000000e+03  -2.5494354e+01
   1.3100000e+03  -2.5282309e+01
   1.3200000e+03  -2.5231071e+01
   1.3300000e+03  -2.5254315e+01
   1.3400000e+03  -2.5334568e+01
   1.3500000e+03  -2.5312957e+01
   1.3600000e+03  -2.5311950e+01
   1.3700000e+03  -2.5275093e+01
   1.3800000e+03  -2.5329934e+01
   1.3900000e+03  -2.5276848e+01
   1.4000000e+03  -2.5470413e+01
   1.4100000e+03  -2.5494247e+01
   1.4200000e+03  -2.5505775e+01
   1.4300000e+03  -2.5551711e+01
   1.4400000e+03  -2.5579434e+01
   1.4500000e+03  -2.5677077e+01
   1.4600000e+03  -2.5404651e+01
   1.4700000e+03  -2.5516054e+01
   1.4800000e+03  -2.5596162e+01
   1.4900000e+03  -2.5510631e+01
   1.5000000e+03  -2.5520882e+01
   1.5100000e+03  -2.5601216e+01
   1.5200000e+03  -2.5521572e+01
   1.5300000e+03  -2.5583808e+01
   1.5400000e+03  -2.5610706e+01
   1.5500000e+03  -2.5580675e+01
   1.5600000e+03  -2.5623042e+01
   1.5700000e+03  -2.5617298e+01
   1.5800000e+03  -2.5673892e+01
   1.5900000e+03  -2.5926676e+01
   1.6000000e+03  -2.5777428e+01
   1.6100000e+03  -2.5713459e+01
   1.6200000e+03  -2.5822712e+01
   1.6300000e+03  -2.5860074e+01
   1.6400000e+03  -2.5781855e+01
   1.6500000e+03  -2.5804855e+01
   1.6600000e+03  -2.5817957e+01
   1.6700000e+03  -2.5675245e+01
   1.6800000e+03  -2.5863961e+01
   1.6900000e+03  -2.5851816e+01
   1.7000000e+03  -2.5961111e+01
   1.7100000e+03  -2.5934644e+01
   1.7200000e+03  -2.5812789e+01
   1.7300000e+03  -2.5922328e+01
   1.7400000e+03  -2.6084835e+01
   1.7500000e+03  -2.5925741e+01
   1.7600000e+03  -2.5782363e+01
   1.7700000e+03  -2.6075861e+01
   1.7800000e+03  -2.5991434e+01
   1.7900000e+03  -2.6010378e+01
   1.8000000e+03  -2.5898367e+01
   1.8100000e+03  -2.6182285e+01
   1.8200000e+03  -2.5983378e+01
   1.8300000e+03  -2.6017592e+01
   1.8400000e+03  -2.6154196e+01
   1.8500000e+03  -2.6226573e+01
   1.8600000e+03  -2.6379138e+01
   1.8700000e+03  -2.6257654e+01
   1.8800000e+03  -2.6279682e+01
   1.8900000e+03  -2.6297679e+01
   1.9000000e+03  -2.6376449e+01
   1.9100000e+03  -2.6319686e+01
   1.9200000e+03  -2.6046940e+01
   1.9300000e+03  -2.6146777e+01
   1.9400000e+03  -2.5984652e+01
   1.9500000e+03  -2.6055481e+01
   1.9600000e+03  -2.6188787e+01
   1.9700000e+03  -2.5972645e+01
   1.9800000e+03  -2.6131692e+01
   1.9900000e+03  -2.5877056e+01
   2.0000000e+03  -2.5845338e+01
   2.0100000e+03  -2.6035706e+01
   2.0200000e+03  -2.5924069e+01
   2.0300000e+03  -2.6123268e+01
   2.0400000e+03  -2.5916701e+01
   2.0500000e+03  -2.6032502e+01
   2.0600000e+03  -2.5881085e+01
   2.0700000e+03  -2.5944733e+01
   2.0800000e+03  -2.5905502e+01
   2.0900000e+03  -2.6032092e+01
   2.1000000e+03  -2.5909727e+01
   2.1100000e+03  -2.6083240e+01
   2.1200000e+03  -2.6009104e+01
   2.1300000e+03  -2.6045987e+01
   2.1400000e+03  -2.6111121e+01
   2.1500000e+03  -2.6001868e+01
   2.1600000e+03  -2.5931280e+01
   2.1700000e+03  -2.6209471e+01
   2.1800000e+03  -2.5890515e+01
   2.1900000e+03  -2.5957166e+01
   2.2000000e+03  -2.5870135e+01
   2.2100000e+03  -2.5933596e+01
   2.2200000e+03  -2.6023919e+01
   2.2300000e+03  -2.5945438e+01
   2.2400000e+03  -2.5981187e+01
   2.2500000e+03  -2.6035926e+01
   2.2600000e+03  -2.5914618e+01
   2.2700000e+03  -2.5915777e+01
   2.2800000e+03  -2.5902397e+01
   2.2900000e+03  -2.5961894e+01
   2.3000000e+03  -2.6088234e+01
   2.3100000e+03  -2.5885246e+01
   2.3200000e+03  -2.5678895e+01
   2.3300000e+03  -2.5867765e+01
   2.3400000e+03  -2.5943086e+01
   2.3500000e+03  -2.5889138e+01
   2.3600000e+03  -2.6043011e+01
   2.3700000e+03  -2.6021241e+01
   2.3800000e+03  -2.5926224e+01
   2.3900000e+03  -2.5898313e+01
   2.4000000e+03  -2.5791609e+01
   2.4100000e+03  -2.6046673e+01
   2.4200000e+03  -2.5917946e+01
   2.4300000e+03  -2.5946595e+01
   2.4400000e+03  -2.5941312e+01
   2.4500000e+03  -2.5881463e+01
   2.4600000e+03  -2.5932474e+01
   2.4700000e+03  -2.6044996e+01
   2.4800000e+03  -2.6131064e+01
   2.4900000e+03  -2.6005824e+01
   2.5000000e+03  -2.6003889e+01
   2.5100000e+03  -2.6008455e+01
   2.5200000e+03  -2.6031144e+01
   2.5300000e+03  -2.6181374e+01
   2.5400000e+03  -2.6133797e+01
   2.5500000e+03  -2.6132536e+01
   2.5600000e+03  -2.6178550e+01
   2.5700000e+03  -2.6178593e+01
   2.5800000e+03  -2.6201052e+01
   2.5900000e+03  -2.6053000e+01
   2.6000000e+03  -2.5949426e+01
   2.6100000e+03  -2.5793001e+01
   2.6200000e+03  -2.5823911e+01
   2.6300000e+03  -2.5750335e+01
   2.6400000e+03  -2.6016778e+01
   2.6500000e+03  -2.6042504e+01
   2.6600000e+03  -2.6009120e+01
   2.6700000e+03  -2.5994627e+01
   2.6800000e+03  -2.6205620e+01
   2.6900000e+03  -2.6146025e+01
   2.7000000e+03  -2.6337267e+01
   2.7100000e+03  -2.6239220e+01
   2.7200000e+03  -2.6063075e+01
   2.7300000e+03  -2.6049270e+01
   2.7400000e+03  -2.6106962e+01
   2.7500000e+03  -2.6335232e+01
   2.7600000e+03  -2.6122432e+01
   2.7700000e+03  -2.6268784e+01
   2.7800000e+03  -2.6194427e+01
   2.7900000e+03  -2.6198507e+01
   2.8000000e+03  -2.6252234e+01
   2.8100000e+03  -2.6472526e+01
   2.8200000e+03  -2.6403553e+01
   2.8300000e+03  -2.6236071e+01
   2.8400000e+03  -2.6128428e+01
   2.8500000e+03  -2.6229255e+01
   2.8600000e+03  -2.6145977e+01
   2.8700000e+03  -2.6218674e+01
   2.8800000e+03  -2.6108965e+01
   2.8900000e+03  -2.6228949e+01
   2.9000000e+03  -2.6214923e+01
   2.9100000e+03  -2.6124787e+01
   2.9200000e+03  -2.6337074e+01
   2.9300000e+03  -2.6509336e+01
   2.9400000e+03  -2.6426219e+01
   2.9500000e+03  -2.6536479e+01
   2.9600000e+03  -2.6404201e+01
   2.9700000e+03  -2.6290444e+01
   2.9800000e+03  -2.6344709e+01
   2.9900000e+03  -2.6292032e+01
   3.0000000e+03  -2.6217301e+01
   3.0100000e+03  -2.6558957e+01
   3.0200000e+03  -2.6474874e+01
   3.0300000e+03  -2.6454431e+01
   3.0400000e+03  -2.6479103e+01
   3.0500000e+03  -2.6499887e+01
   3.0600000e+03  -2.6365941e+01
   3.0700000e+03  -2.6170234e+01
   3.0800000e+03  -2.6377408e+01
   3.0900000e+03  -2.6118890e+01
   3.1000000e+03  -2.6053646e+01
   3.1100000e+03  -2.6089495e+01
   3.1200000e+03  -2.6032046e+01
   3.1300000e+03  -2.5986142e+01
   3.1400000e+03  -2.5969788e+01
   3.1500000e+03  -2.6085241e+01
   3.1600000e+03  -2.6029946e+01
   3.1700000e+03  -2.6200919e+01
   3.1800000e+03  -2.6150223e+01
   3.1900000e+03  -2.6227639e+01
   3.2000000e+03  -2.6022051e+01
   3.2100000e+03  -2.6281648e+01
   3.2200000e+03  -2.6175693e+01
   3.2300000e+03  -2.6146429e+01
   3.2400000e+03  -2.6078885e+01
   3.2500000e+03  -2.6095110e+01
   3.2600000e+03  -2.6148504e+01
   3.2700000e+03  -2.6060299e+01
   3.2800000e+03  -2.5883879e+01
   3.2900000e+03  -2.5979837e+01
   3.3000000e+03  -2.5905413e+01
   3.3100000e+03  -2.6104072e+01
   3.3200000e+03  -2.6019209e+01
   3.3300000e+03  -2.6085730e+01
   3.3400000e+03  -2.6299531e+01
   3.3500000e+03  -2.6020215e+01
   3.3600000e+03  -2.6253794e+01
   3.3700000e+03  -2.6221700e+01
   3.3800000e+03  -2.6159434e+01
   3.3900000e+03  -2.6212559e+01
   3.4000000e+03  -2.6169671e+01
   3.4100000e+03  -2.6223858e+01
   3.4200000e+03  -2.6149084e+01
   3.4300000e+03  -2.6245080e+01
   3.4400000e+03  -2.6220365e+01
   3.4500000e+03  -2.6167981e+01
   3.4600000e+03  -2.6362536e+01
   3.4700000e+03  -2.6150952e+01
   3.4800000e+03  -2.6268875e+01
   3.4900000e+03  -2.6218343e+01
