   0.0000000e+00   1.7996881e+01
   1.0000000e+01   1.7999054e+01
   2.0000000e+01   1.7990026e+01
   3.0000000e+01   1.7990853e+01
   4.0000000e+01   1.7988167e+01
   5.0000000e+01   1.7993452e+01
   6.0000000e+01   1.7955651e+01
   7.0000000e+01   1.7471431e+01
   8.0000000e+01   1.2097155e+01
   9.0000000e+01   8.4360194e+00
   1.0000000e+02   6.5470870e+00
   1.1000000e+02   4.8908587e+00
   1.2000000e+02   3.8077614e+00
   1.3000000e+02   2.9063345e+00
   1.4000000e+02   2.0659722e+00
   1.5000000e+02   1.6589390e+00
   1.6000000e+02   1.1226351e+00
   1.7000000e+02   7.0705395e-01
   1.8000000e+02   4.1452997e-01
   1.9000000e+02   9.8083106e-02
   2.0000000e+02  -1.0797230e-01
   2.1000000e+02  -2.7493588e-01
   2.2000000e+02  -4.4392755e-01
   2.3000000e+02  -5.4664334e-01
   2.4000000e+02  -6.8104845e-01
   2.5000000e+02  -6.4196062e-01
   2.6000000e+02  -7.6230449e-01
   2.7000000e+02  -9.0138592e-01
   2.8000000e+02  -9.6562954e-01
   2.9000000e+02  -1.0720903e+00
   3.0000000e+02  -1.1451757e+00
   3.1000000e+02  -1.1202048e+00
   3.2000000e+02  -1.2132081e+00
   3.3000000e+02  -1.3169530e+00
   3.4000000e+02  -1.3534858e+00
   3.5000000e+02  -1.5101665e+00
   3.6000000e+02  -1.3818724e+00
   3.7000000e+02  -1.4070674e+00
   3.8000000e+02  -1.4235259e+00
   3.9000000e+02  -1.4427621e+00
   4.0000000e+02  -1.4730482e+00
   4.1000000e+02  -1.6614804e+00
   4.2000000e+02  -1.7097440e+00
   4.3000000e+02  -1.7094168e+00
   4.4000000e+02  -1.7520839e+00
   4.5000000e+02  -1.7920086e+00
   4.6000000e+02  -1.7533186e+00
   4.7000000e+02  -1.8501598e+00
   4.8000000e+02  -1.8172748e+00
   4.9000000e+02  -1.9350198e+00
   5.0000000e+02  -1.9437273e+00
   5.1000000e+02  -1.8962344e+00
   5.2000000e+02  -1.8493458e+00
   5.3000000e+02  -1.8902382e+00
   5.4000000e+02  -1.8922415e+00
   5.5000000e+02  -1.9471702e+00
   5.6000000e+02  -1.9129046e+00
   5.7000000e+02  -1.8504322e+00
   5.8000000e+02  -1.8896355e+00
   5.9000000e+02  -1.8591341e+00
   6.0000000e+02  -1.8622066e+00
   6.1000000e+02  -1.9579748e+00
   6.2000000e+02  -1.9902084e+00
   6.3000000e+02  -1.9137132e+00
   6.4000000e+02  -1.9228827e+00
   6.5000000e+02  -1.8593892e+00
   6.6000000e+02  -1.8621376e+00
   6.7000000e+02  -1.8524215e+00
   6.8000000e+02  -1.8491501e+00
   6.9000000e+02  -1.8908602e+00
   7.0000000e+02  -1.9780622e+00
   7.1000000e+02  -2.0366801e+00
   7.2000000e+02  -2.0436750e+00
   7.3000000e+02  -2.0840488e+00
   7.4000000e+02  -1.9592159e+00
   7.5000000e+02  -2.0869836e+00
   7.6000000e+02  -1.9759837e+00
   7.7000000e+02  -1.8751512e+00
   7.8000000e+02  -2.0192847e+00
   7.9000000e+02  -2.1916958e+00
   8.0000000e+02  -2.0800674e+00
   8.1000000e+02  -2.1238135e+00
   8.2000000e+02  -1.9999661e+00
   8.3000000e+02  -2.1019036e+00
   8.4000000e+02  -2.1321702e+00
   8.5000000e+02  -2.2208123e+00
   8.6000000e+02  -2.1070556e+00
   8.7000000e+02  -2.0858091e+00
   8.8000000e+02  -2.0291223e+00
   8.9000000e+02  -2.1364261e+00
   9.0000000e+02  -2.1794238e+00
   9.1000000e+02  -2.1575654e+00
   9.2000000e+02  -2.1706416e+00
   9.3000000e+02  -2.3609239e+00
   9.4000000e+02  -2.3070428e+00
   9.5000000e+02  -2.2730588e+00
   9.6000000e+02  -2.3073554e+00
   9.7000000e+02  -2.3659151e+00
   9.8000000e+02  -2.2710334e+00
   9.9000000e+02  -2.4483481e+00
   1.0000000e+03  -2.2376246e+00
   1.0100000e+03  -2.2051706e+00
   1.0200000e+03  -2.4110524e+00
   1.0300000e+03  -2.4345181e+00
   1.0400000e+03  -2.4079309e+00
   1.0500000e+03  -2.2424195e+00
   1.0600000e+03  -2.4578975e+00
   1.0700000e+03  -2.4062037e+00
   1.0800000e+03  -2.1259867e+00
   1.0900000e+03  -2.1431688e+00
   1.1000000e+03  -1.9769057e+00
   1.1100000e+03  -2.1172037e+00
   1.1200000e+03  -2.1791434e+00
   1.1300000e+03  -2.1860270e+00
   1.1400000e+03  -2.2836952e+00
   1.1500000e+03  -2.3175327e+00
   1.1600000e+03  -2.3548918e+00
   1.1700000e+03  -2.3030487e+00
   1.1800000e+03  -2.3676234e+00
   1.1900000e+03  -2.2614298e+00
   1.2000000e+03  -2.2481937e+00
   1.2100000e+03  -2.2396685e+00
   1.2200000e+03  -2.1008634e+00
   1.2300000e+03  -2.1949694e+00
   1.2400000e+03  -2.2432703e+00
   1.2500000e+03  -2.3012240e+00
   1.2600000e+03  -2.2875555e+00
   1.2700000e+03  -2.2735250e+00
   1.2800000e+03  -2.2757822e+00
   1.2900000e+03  -2.3218169e+00
   1.3000000e+03  -2.1500125e+00
   1.3100000e+03  -2.2247672e+00
   1.3200000e+03  -2.2753582e+00
   1.3300000e+03  -2.2169851e+00
   1.3400000e+03  -2.1181300e+00
   1.3500000e+03  -2.2413155e+00
   1.3600000e+03  -2.2701890e+00
   1.3700000e+03  -2.2215038e+00
   1.3800000e+03  -2.1828305e+00
   1.3900000e+03  -2.1582894e+00
   1.4000000e+03  -2.2035028e+00
   1.4100000e+03  -2.1575086e+00
   1.4200000e+03  -2.0912102e+00
   1.4300000e+03  -2.1293108e+00
   1.4400000e+03  -2.2733769e+00
   1.4500000e+03  -2.2285364e+00
   1.4600000e+03  -2.1352844e+00
   1.4700000e+03  -2.6285428e+00
   1.4800000e+03  -2.3879054e+00
   1.4900000e+03  -2.0970364e+00
   1.5000000e+03  -2.1068768e+00
   1.5100000e+03  -2.1978046e+00
   1.5200000e+03  -2.3842577e+00
   1.5300000e+03  -2.1848335e+00
   1.5400000e+03  -2.3762408e+00
   1.5500000e+03  -2.1772302e+00
   1.5600000e+03  -2.3119650e+00
   1.5700000e+03  -2.3976597e+00
   1.5800000e+03  -2.3157384e+00
   1.5900000e+03  -2.4782281e+00
   1.6000000e+03  -2.4184000e+00
   1.6100000e+03  -2.5565645e+00
   1.6200000e+03  -2.4946976e+00
   1.6300000e+03  -2.5969452e+00
   1.6400000e+03  -2.6219166e+00
   1.6500000e+03  -2.4282321e+00
   1.6600000e+03  -2.4784083e+00
   1.6700000e+03  -2.3820478e+00
   1.6800000e+03  -2.2771476e+00
   1.6900000e+03  -2.2887258e+00
   1.7000000e+03  -2.2043799e+00
   1.7100000e+03  -2.2435978e+00
   1.7200000e+03  -2.3672544e+00
   1.7300000e+03  -2.3614975e+00
   1.7400000e+03  -2.5428314e+00
   1.7500000e+03  -2.5326404e+00
   1.7600000e+03  -2.3070105e+00
   1.7700000e+03  -2.3465354e+00
   1.7800000e+03  -2.3974771e+00
   1.7900000e+03  -2.2456705e+00
   1.8000000e+03  -2.3478088e+00
   1.8100000e+03  -2.3008757e+00
   1.8200000e+03  -2.4093333e+00
   1.8300000e+03  -2.3401649e+00
   1.8400000e+03  -2.3186830e+00
   1.8500000e+03  -2.3416819e+00
   1.8600000e+03  -2.3871636e+00
   1.8700000e+03  -2.4248829e+00
   1.8800000e+03  -2.6127338e+00
   1.8900000e+03  -2.5869806e+00
   1.9000000e+03  -2.3456959e+00
   1.9100000e+03  -2.4645266e+00
   1.9200000e+03  -2.6338432e+00
   1.9300000e+03  -2.6113728e+00
   1.9400000e+03  -2.4297704e+00
   1.9500000e+03  -2.4741663e+00
   1.9600000e+03  -2.3180206e+00
   1.9700000e+03  -2.3646891e+00
   1.9800000e+03  -2.5706621e+00
   1.9900000e+03  -2.2903680e+00
   2.0000000e+03  -2.4167786e+00
   2.0100000e+03  -2.5625059e+00
   2.0200000e+03  -2.4440164e+00
   2.0300000e+03  -2.3660533e+00
   2.0400000e+03  -2.1568236e+00
   2.0500000e+03  -2.3089100e+00
   2.0600000e+03  -2.2882521e+00
   2.0700000e+03  -2.4203451e+00
   2.0800000e+03  -2.1931965e+00
   2.0900000e+03  -2.3779461e+00
   2.1000000e+03  -2.3631522e+00
   2.1100000e+03  -2.2746252e+00
   2.1200000e+03  -2.3553495e+00
   2.1300000e+03  -2.4087432e+00
   2.1400000e+03  -2.3579703e+00
   2.1500000e+03  -2.3519050e+00
   2.1600000e+03  -2.2089809e+00
   2.1700000e+03  -2.1667492e+00
   2.1800000e+03  -2.3737078e+00
   2.1900000e+03  -2.4872385e+00
   2.2000000e+03  -2.4840612e+00
   2.2100000e+03  -2.3832440e+00
   2.2200000e+03  -2.5835621e+00
   2.2300000e+03  -2.7102146e+00
   2.2400000e+03  -2.7239600e+00
   2.2500000e+03  -2.7493696e+00
   2.2600000e+03  -2.7067199e+00
   2.2700000e+03  -2.7356250e+00
   2.2800000e+03  -2.6640206e+00
   2.2900000e+03  -2.6116249e+00
   2.3000000e+03  -2.6120898e+00
   2.3100000e+03  -2.5959350e+00
   2.3200000e+03  -2.5322167e+00
   2.3300000e+03  -2.4112517e+00
   2.3400000e+03  -2.4774642e+00
   2.3500000e+03  -2.7244384e+00
   2.3600000e+03  -2.4772373e+00
   2.3700000e+03  -2.4975910e+00
   2.3800000e+03  -2.5763100e+00
   2.3900000e+03  -2.6168936e+00
   2.4000000e+03  -2.6965630e+00
   2.4100000e+03  -2.6843267e+00
   2.4200000e+03  -2.6076667e+00
   2.4300000e+03  -2.3790228e+00
   2.4400000e+03  -2.4742654e+00
   2.4500000e+03  -2.4139941e+00
   2.4600000e+03  -2.4286860e+00
   2.4700000e+03  -2.5039881e+00
   2.4800000e+03  -2.5812515e+00
   2.4900000e+03  -2.5809479e+00
   2.5000000e+03  -2.6470863e+00
   2.5100000e+03  -2.5933166e+00
   2.5200000e+03  -2.7639841e+00
   2.5300000e+03  -2.8060162e+00
   2.5400000e+03  -2.7644198e+00
   2.5500000e+03  -2.7697794e+00
   2.5600000e+03  -2.7795988e+00
   2.5700000e+03  -2.6523023e+00
   2.5800000e+03  -2.6046401e+00
   2.5900000e+03  -2.7004909e+00
   2.6000000e+03  -2.5810311e+00
   2.6100000e+03  -2.6303078e+00
   2.6200000e+03  -2.6351759e+00
   2.6300000e+03  -2.6100452e+00
   2.6400000e+03  -2.4530377e+00
   2.6500000e+03  -2.1941078e+00
   2.6600000e+03  -2.2617139e+00
   2.6700000e+03  -2.2128937e+00
   2.6800000e+03  -2.4505039e+00
   2.6900000e+03  -2.4745610e+00
   2.7000000e+03  -2.5636244e+00
   2.7100000e+03  -2.5045877e+00
   2.7200000e+03  -2.6745256e+00
   2.7300000e+03  -2.7275230e+00
   2.7400000e+03  -2.6825070e+00
   2.7500000e+03  -2.7050806e+00
   2.7600000e+03  -2.7696790e+00
   2.7700000e+03  -2.9185166e+00
   2.7800000e+03  -2.8894166e+00
   2.7900000e+03  -2.8772038e+00
   2.8000000e+03  -2.8589167e+00
   2.8100000e+03  -2.9299173e+00
   2.8200000e+03  -2.9759952e+00
   2.8300000e+03  -2.9397290e+00
   2.8400000e+03  -2.4791090e+00
   2.8500000e+03  -2.4062431e+00
   2.8600000e+03  -2.5354797e+00
   2.8700000e+03  -2.5835514e+00
   2.8800000e+03  -2.6442948e+00
   2.8900000e+03  -2.4590111e+02
   2.9000000e+03  -2.4590111e+02
   2.9100000e+03  -2.4590111e+02
   2.9200000e+03  -2.4590111e+02
   2.9300000e+03  -2.4590111e+02
   2.9400000e+03  -2.4590111e+02
   2.9500000e+03  -2.4590111e+02
   2.9600000e+03  -2.4590111e+02
   2.9700000e+03  -2.4590111e+02
   2.9800000e+03  -2.4590111e+02
   2.9900000e+03  -2.4590111e+02
   3.0000000e+03  -2.4590111e+02
   3.0100000e+03  -2.4590111e+02
   3.0200000e+03  -2.4590111e+02
   3.0300000e+03  -2.4590111e+02
   3.0400000e+03  -2.4590111e+02
   3.0500000e+03  -2.4590111e+02
   3.0600000e+03  -2.4590111e+02
   3.0700000e+03  -2.4590111e+02
   3.0800000e+03  -2.4590111e+02
   3.0900000e+03  -2.4590111e+02
   3.1000000e+03  -2.4590111e+02
   3.1100000e+03  -2.4590111e+02
   3.1200000e+03  -2.4590111e+02
   3.1300000e+03  -2.4590111e+02
   3.1400000e+03  -2.4590111e+02
   3.1500000e+03  -2.4590111e+02
   3.1600000e+03  -2.4590111e+02
   3.1700000e+03  -2.4590111e+02
   3.1800000e+03  -2.4590111e+02
   3.1900000e+03  -2.4590111e+02
   3.2000000e+03  -2.4590111e+02
   3.2100000e+03  -2.4590111e+02
   3.2200000e+03  -2.4590111e+02
   3.2300000e+03  -2.4590111e+02
   3.2400000e+03  -2.4590111e+02
   3.2500000e+03  -2.4590111e+02
   3.2600000e+03  -2.4590111e+02
   3.2700000e+03  -2.4590111e+02
   3.2800000e+03  -2.4590111e+02
   3.2900000e+03  -2.4590111e+02
   3.3000000e+03  -2.4590111e+02
   3.3100000e+03  -2.4590111e+02
   3.3200000e+03  -2.4590111e+02
   3.3300000e+03  -2.4590111e+02
   3.3400000e+03  -2.4590111e+02
   3.3500000e+03  -2.4590111e+02
   3.3600000e+03  -2.4590111e+02
   3.3700000e+03  -2.4590111e+02
   3.3800000e+03  -2.4590111e+02
   3.3900000e+03  -2.4590111e+02
   3.4000000e+03  -2.4590111e+02
   3.4100000e+03  -2.4590111e+02
   3.4200000e+03  -2.4590111e+02
   3.4300000e+03  -2.4590111e+02
   3.4400000e+03  -2.4590111e+02
   3.4500000e+03  -2.4590111e+02
   3.4600000e+03  -2.4590111e+02
   3.4700000e+03  -2.4590111e+02
   3.4800000e+03  -2.4590111e+02
   3.4900000e+03  -2.4590111e+02
