   0.0000000e+00   3.7768752e-03
   1.0000000e+01   7.5751043e-03
   2.0000000e+01   7.8296215e-03
   3.0000000e+01  -3.6450962e-03
   4.0000000e+01   1.3280860e-03
   5.0000000e+01  -1.7419628e-03
   6.0000000e+01  -2.6552167e-02
   7.0000000e+01  -4.3423650e-01
   8.0000000e+01  -6.0852230e+00
   9.0000000e+01  -1.0480024e+01
   1.0000000e+02  -1.4081168e+01
   1.1000000e+02  -1.6575413e+01
   1.2000000e+02  -1.8308010e+01
   1.3000000e+02  -1.9808616e+01
   1.4000000e+02  -2.1165293e+01
   1.5000000e+02  -2.2238157e+01
   1.6000000e+02  -2.3251832e+01
   1.7000000e+02  -2.3900104e+01
   1.8000000e+02  -2.4654559e+01
   1.9000000e+02  -2.5365259e+01
   2.0000000e+02  -2.5951190e+01
   2.1000000e+02  -2.6544982e+01
   2.2000000e+02  -2.6710223e+01
   2.3000000e+02  -2.6969078e+01
   2.4000000e+02  -2.7356492e+01
   2.5000000e+02  -2.7921646e+01
   2.6000000e+02  -2.8164842e+01
   2.7000000e+02  -2.8397674e+01
   2.8000000e+02  -2.8563944e+01
   2.9000000e+02  -2.8858927e+01
   3.0000000e+02  -2.8800651e+01
   3.1000000e+02  -2.8983798e+01
   3.2000000e+02  -2.9174979e+01
   3.3000000e+02  -2.9393037e+01
   3.4000000e+02  -2.9362755e+01
   3.5000000e+02  -2.9610344e+01
   3.6000000e+02  -2.9775794e+01
   3.7000000e+02  -2.9846794e+01
   3.8000000e+02  -2.9915372e+01
   3.9000000e+02  -3.0020986e+01
   4.0000000e+02  -3.0070722e+01
   4.1000000e+02  -3.0173917e+01
   4.2000000e+02  -3.0232373e+01
   4.3000000e+02  -3.0276841e+01
   4.4000000e+02  -3.0446911e+01
   4.5000000e+02  -3.0500472e+01
   4.6000000e+02  -3.0570341e+01
   4.7000000e+02  -3.0383988e+01
   4.8000000e+02  -3.0427254e+01
   4.9000000e+02  -3.0540531e+01
   5.0000000e+02  -3.0696437e+01
   5.1000000e+02  -3.0715889e+01
   5.2000000e+02  -3.0599536e+01
   5.3000000e+02  -3.0746883e+01
   5.4000000e+02  -3.0764358e+01
   5.5000000e+02  -3.0736591e+01
   5.6000000e+02  -3.0818014e+01
   5.7000000e+02  -3.0882911e+01
   5.8000000e+02  -3.0962763e+01
   5.9000000e+02  -3.1001996e+01
   6.0000000e+02  -3.1098224e+01
   6.1000000e+02  -3.1340385e+01
   6.2000000e+02  -3.1343666e+01
   6.3000000e+02  -3.1454850e+01
   6.4000000e+02  -3.1343587e+01
   6.5000000e+02  -3.1263702e+01
   6.6000000e+02  -3.1519613e+01
   6.7000000e+02  -3.1558181e+01
   6.8000000e+02  -3.1507775e+01
   6.9000000e+02  -3.1590265e+01
   7.0000000e+02  -3.1697815e+01
   7.1000000e+02  -3.1686804e+01
   7.2000000e+02  -3.1554692e+01
   7.3000000e+02  -3.1621799e+01
   7.4000000e+02  -3.1613367e+01
   7.5000000e+02  -3.1726903e+01
   7.6000000e+02  -3.1633655e+01
   7.7000000e+02  -3.1506622e+01
   7.8000000e+02  -3.1726221e+01
   7.9000000e+02  -3.1834702e+01
   8.0000000e+02  -3.1697622e+01
   8.1000000e+02  -3.1727148e+01
   8.2000000e+02  -3.1644668e+01
   8.3000000e+02  -3.1718262e+01
   8.4000000e+02  -3.1692484e+01
   8.5000000e+02  -3.1685827e+01
   8.6000000e+02  -3.1712426e+01
   8.7000000e+02  -3.1655700e+01
   8.8000000e+02  -3.1756078e+01
   8.9000000e+02  -3.1731596e+01
   9.0000000e+02  -3.1608280e+01
   9.1000000e+02  -3.1616106e+01
   9.2000000e+02  -3.1732301e+01
   9.3000000e+02  -3.1607193e+01
   9.4000000e+02  -3.1447170e+01
   9.5000000e+02  -3.1351169e+01
   9.6000000e+02  -3.1691485e+01
   9.7000000e+02  -3.1599018e+01
   9.8000000e+02  -3.1524279e+01
   9.9000000e+02  -3.1618301e+01
   1.0000000e+03  -3.1658357e+01
   1.0100000e+03  -3.1628081e+01
   1.0200000e+03  -3.1628717e+01
   1.0300000e+03  -3.1442729e+01
   1.0400000e+03  -3.1455149e+01
   1.0500000e+03  -3.1395868e+01
   1.0600000e+03  -3.1681881e+01
   1.0700000e+03  -3.1624488e+01
   1.0800000e+03  -3.1763167e+01
   1.0900000e+03  -3.1912321e+01
   1.1000000e+03  -3.1653666e+01
   1.1100000e+03  -3.1914015e+01
   1.1200000e+03  -3.1806899e+01
   1.1300000e+03  -3.2115789e+01
   1.1400000e+03  -3.2148537e+01
   1.1500000e+03  -3.1906372e+01
   1.1600000e+03  -3.1869466e+01
   1.1700000e+03  -3.1852692e+01
   1.1800000e+03  -3.1804253e+01
   1.1900000e+03  -3.1829463e+01
   1.2000000e+03  -3.1966841e+01
   1.2100000e+03  -3.1906449e+01
   1.2200000e+03  -3.1725647e+01
   1.2300000e+03  -3.1938977e+01
   1.2400000e+03  -3.1859910e+01
   1.2500000e+03  -3.1999088e+01
   1.2600000e+03  -3.1923295e+01
   1.2700000e+03  -3.1870801e+01
   1.2800000e+03  -3.2009299e+01
   1.2900000e+03  -3.1881776e+01
   1.3000000e+03  -3.1860647e+01
   1.3100000e+03  -3.1814676e+01
   1.3200000e+03  -3.1824628e+01
   1.3300000e+03  -3.1537102e+01
   1.3400000e+03  -3.1767444e+01
   1.3500000e+03  -3.1809624e+01
   1.3600000e+03  -3.1703709e+01
   1.3700000e+03  -3.1409001e+01
   1.3800000e+03  -3.1276120e+01
   1.3900000e+03  -3.1588607e+01
   1.4000000e+03  -3.1710858e+01
   1.4100000e+03  -3.1645011e+01
   1.4200000e+03  -3.1723983e+01
   1.4300000e+03  -3.1725527e+01
   1.4400000e+03  -3.1782768e+01
   1.4500000e+03  -3.1685515e+01
   1.4600000e+03  -3.1584640e+01
   1.4700000e+03  -3.1234503e+01
   1.4800000e+03  -3.0844751e+01
   1.4900000e+03  -3.0881476e+01
   1.5000000e+03  -3.0963378e+01
   1.5100000e+03  -3.0846232e+01
   1.5200000e+03  -3.0920591e+01
   1.5300000e+03  -3.0669316e+01
   1.5400000e+03  -3.0802714e+01
   1.5500000e+03  -3.0796297e+01
   1.5600000e+03  -3.0830656e+01
   1.5700000e+03  -3.0624025e+01
   1.5800000e+03  -3.0644081e+01
   1.5900000e+03  -3.0759718e+01
   1.6000000e+03  -3.0740146e+01
   1.6100000e+03  -3.0704147e+01
   1.6200000e+03  -3.0641538e+01
   1.6300000e+03  -3.0675182e+01
   1.6400000e+03  -3.0546882e+01
   1.6500000e+03  -3.0579295e+01
   1.6600000e+03  -3.0583474e+01
   1.6700000e+03  -3.0465202e+01
   1.6800000e+03  -3.0811994e+01
   1.6900000e+03  -3.0744503e+01
   1.7000000e+03  -3.0877537e+01
   1.7100000e+03  -3.0837052e+01
   1.7200000e+03  -3.0876476e+01
   1.7300000e+03  -3.0932805e+01
   1.7400000e+03  -3.0803917e+01
   1.7500000e+03  -3.0711084e+01
   1.7600000e+03  -3.0776904e+01
   1.7700000e+03  -3.0931278e+01
   1.7800000e+03  -3.0947585e+01
   1.7900000e+03  -3.1024102e+01
   1.8000000e+03  -3.0949697e+01
   1.8100000e+03  -3.1002579e+01
   1.8200000e+03  -3.1138622e+01
   1.8300000e+03  -3.1004829e+01
   1.8400000e+03  -3.1006049e+01
   1.8500000e+03  -3.0880032e+01
   1.8600000e+03  -3.0755041e+01
   1.8700000e+03  -3.0825346e+01
   1.8800000e+03  -3.0718035e+01
   1.8900000e+03  -3.0883180e+01
   1.9000000e+03  -3.0847001e+01
   1.9100000e+03  -3.0827702e+01
   1.9200000e+03  -3.0818625e+01
   1.9300000e+03  -3.0741233e+01
   1.9400000e+03  -3.0713661e+01
   1.9500000e+03  -3.0789563e+01
   1.9600000e+03  -3.0853230e+01
   1.9700000e+03  -3.0910505e+01
   1.9800000e+03  -3.0889440e+01
   1.9900000e+03  -3.0825970e+01
   2.0000000e+03  -3.0830819e+01
   2.0100000e+03  -3.0911258e+01
   2.0200000e+03  -3.0685290e+01
   2.0300000e+03  -3.0841980e+01
   2.0400000e+03  -3.0681215e+01
   2.0500000e+03  -3.0843449e+01
   2.0600000e+03  -3.0898789e+01
   2.0700000e+03  -3.0667169e+01
   2.0800000e+03  -3.0778849e+01
   2.0900000e+03  -3.0719363e+01
   2.1000000e+03  -3.0643772e+01
   2.1100000e+03  -3.0662865e+01
   2.1200000e+03  -3.0638704e+01
   2.1300000e+03  -3.0608579e+01
   2.1400000e+03  -3.0741645e+01
   2.1500000e+03  -3.0680742e+01
   2.1600000e+03  -3.0715416e+01
   2.1700000e+03  -3.0840320e+01
   2.1800000e+03  -3.0831228e+01
   2.1900000e+03  -3.0689365e+01
   2.2000000e+03  -3.0663227e+01
   2.2100000e+03  -3.0843611e+01
   2.2200000e+03  -3.0734087e+01
   2.2300000e+03  -3.0800305e+01
   2.2400000e+03  -3.0887366e+01
   2.2500000e+03  -3.0816113e+01
   2.2600000e+03  -3.0806144e+01
   2.2700000e+03  -3.0866229e+01
   2.2800000e+03  -3.0967779e+01
   2.2900000e+03  -3.1110391e+01
   2.3000000e+03  -3.1008373e+01
   2.3100000e+03  -3.1140208e+01
   2.3200000e+03  -3.1166602e+01
   2.3300000e+03  -3.1215353e+01
   2.3400000e+03  -3.1080579e+01
   2.3500000e+03  -3.1209314e+01
   2.3600000e+03  -3.1045138e+01
   2.3700000e+03  -3.1250663e+01
   2.3800000e+03  -3.1373231e+01
   2.3900000e+03  -3.1266761e+01
   2.4000000e+03  -3.1286776e+01
   2.4100000e+03  -3.1353663e+01
   2.4200000e+03  -3.1406442e+01
   2.4300000e+03  -3.1253607e+01
   2.4400000e+03  -3.1391626e+01
   2.4500000e+03  -3.1302342e+01
   2.4600000e+03  -3.1304074e+01
   2.4700000e+03  -3.1352002e+01
   2.4800000e+03  -3.1449937e+01
   2.4900000e+03  -3.1506334e+01
   2.5000000e+03  -3.1443780e+01
   2.5100000e+03  -3.1401447e+01
   2.5200000e+03  -3.1172222e+01
   2.5300000e+03  -3.1090150e+01
   2.5400000e+03  -3.0917043e+01
   2.5500000e+03  -3.0974348e+01
   2.5600000e+03  -3.0801364e+01
   2.5700000e+03  -3.0883496e+01
   2.5800000e+03  -3.0838748e+01
   2.5900000e+03  -3.0889476e+01
   2.6000000e+03  -3.0748862e+01
   2.6100000e+03  -3.0800556e+01
   2.6200000e+03  -3.0813475e+01
   2.6300000e+03  -3.0713124e+01
   2.6400000e+03  -3.0782232e+01
   2.6500000e+03  -3.0935040e+01
   2.6600000e+03  -3.0961150e+01
   2.6700000e+03  -3.1199729e+01
   2.6800000e+03  -3.1454468e+01
   2.6900000e+03  -3.1555775e+01
   2.7000000e+03  -3.1446420e+01
   2.7100000e+03  -3.1534793e+01
   2.7200000e+03  -3.1405911e+01
   2.7300000e+03  -3.1400633e+01
   2.7400000e+03  -3.1265922e+01
   2.7500000e+03  -3.1121311e+01
   2.7600000e+03  -3.1291163e+01
   2.7700000e+03  -3.1193515e+01
   2.7800000e+03  -3.1121157e+01
   2.7900000e+03  -3.1060232e+01
   2.8000000e+03  -3.1115387e+01
   2.8100000e+03  -3.1023289e+01
   2.8200000e+03  -3.0989224e+01
   2.8300000e+03  -3.1040282e+01
   2.8400000e+03  -3.0997854e+01
   2.8500000e+03  -3.1046717e+01
   2.8600000e+03  -3.1224445e+01
   2.8700000e+03  -3.1273023e+01
   2.8800000e+03  -3.1220423e+01
   2.8900000e+03  -2.6365564e+02
   2.9000000e+03  -2.6365564e+02
   2.9100000e+03  -2.6365564e+02
   2.9200000e+03  -2.6365564e+02
   2.9300000e+03  -2.6365564e+02
   2.9400000e+03  -2.6365564e+02
   2.9500000e+03  -2.6365564e+02
   2.9600000e+03  -2.6365564e+02
   2.9700000e+03  -2.6365564e+02
   2.9800000e+03  -2.6365564e+02
   2.9900000e+03  -2.6365564e+02
   3.0000000e+03  -2.6365564e+02
   3.0100000e+03  -2.6365564e+02
   3.0200000e+03  -2.6365564e+02
   3.0300000e+03  -2.6365564e+02
   3.0400000e+03  -2.6365564e+02
   3.0500000e+03  -2.6365564e+02
   3.0600000e+03  -2.6365564e+02
   3.0700000e+03  -2.6365564e+02
   3.0800000e+03  -2.6365564e+02
   3.0900000e+03  -2.6365564e+02
   3.1000000e+03  -2.6365564e+02
   3.1100000e+03  -2.6365564e+02
   3.1200000e+03  -2.6365564e+02
   3.1300000e+03  -2.6365564e+02
   3.1400000e+03  -2.6365564e+02
   3.1500000e+03  -2.6365564e+02
   3.1600000e+03  -2.6365564e+02
   3.1700000e+03  -2.6365564e+02
   3.1800000e+03  -2.6365564e+02
   3.1900000e+03  -2.6365564e+02
   3.2000000e+03  -2.6365564e+02
   3.2100000e+03  -2.6365564e+02
   3.2200000e+03  -2.6365564e+02
   3.2300000e+03  -2.6365564e+02
   3.2400000e+03  -2.6365564e+02
   3.2500000e+03  -2.6365564e+02
   3.2600000e+03  -2.6365564e+02
   3.2700000e+03  -2.6365564e+02
   3.2800000e+03  -2.6365564e+02
   3.2900000e+03  -2.6365564e+02
   3.3000000e+03  -2.6365564e+02
   3.3100000e+03  -2.6365564e+02
   3.3200000e+03  -2.6365564e+02
   3.3300000e+03  -2.6365564e+02
   3.3400000e+03  -2.6365564e+02
   3.3500000e+03  -2.6365564e+02
   3.3600000e+03  -2.6365564e+02
   3.3700000e+03  -2.6365564e+02
   3.3800000e+03  -2.6365564e+02
   3.3900000e+03  -2.6365564e+02
   3.4000000e+03  -2.6365564e+02
   3.4100000e+03  -2.6365564e+02
   3.4200000e+03  -2.6365564e+02
   3.4300000e+03  -2.6365564e+02
   3.4400000e+03  -2.6365564e+02
   3.4500000e+03  -2.6365564e+02
   3.4600000e+03  -2.6365564e+02
   3.4700000e+03  -2.6365564e+02
   3.4800000e+03  -2.6365564e+02
   3.4900000e+03  -2.6365564e+02
