   0.0000000e+00   1.7337672e+01
   1.0000000e+01   1.7335667e+01
   2.0000000e+01   1.7344048e+01
   3.0000000e+01   1.7330712e+01
   4.0000000e+01   1.7334991e+01
   5.0000000e+01   1.7335402e+01
   6.0000000e+01   1.7331712e+01
   7.0000000e+01   1.7340956e+01
   8.0000000e+01   1.7405873e+01
   9.0000000e+01   1.6760585e+01
   1.0000000e+02   1.7611441e+01
   1.1000000e+02   1.8201684e+01
   1.2000000e+02   1.7766526e+01
   1.3000000e+02   1.7664532e+01
   1.4000000e+02   1.7779635e+01
   1.5000000e+02   1.7069496e+01
   1.6000000e+02   1.7379907e+01
   1.7000000e+02   1.6728369e+01
   1.8000000e+02   1.7189825e+01
   1.9000000e+02   1.6797690e+01
   2.0000000e+02   1.7296442e+01
   2.1000000e+02   1.7193194e+01
   2.2000000e+02   1.6813054e+01
   2.3000000e+02   1.7171547e+01
   2.4000000e+02   1.6829920e+01
   2.5000000e+02   1.7066422e+01
   2.6000000e+02   1.7158370e+01
   2.7000000e+02   1.7039590e+01
   2.8000000e+02   1.6904395e+01
   2.9000000e+02   1.6966058e+01
   3.0000000e+02   1.7033512e+01
   3.1000000e+02   1.6831015e+01
   3.2000000e+02   1.7099462e+01
   3.3000000e+02   1.6929793e+01
   3.4000000e+02   1.6871005e+01
   3.5000000e+02   1.6784123e+01
   3.6000000e+02   1.6812123e+01
   3.7000000e+02   1.6842791e+01
   3.8000000e+02   1.6783594e+01
   3.9000000e+02   1.6653363e+01
   4.0000000e+02   1.6580991e+01
   4.1000000e+02   1.6762294e+01
   4.2000000e+02   1.6857128e+01
   4.3000000e+02   1.6267146e+01
   4.4000000e+02   1.6840044e+01
   4.5000000e+02   1.6747532e+01
   4.6000000e+02   1.6801433e+01
   4.7000000e+02   1.6843102e+01
   4.8000000e+02   1.6815094e+01
   4.9000000e+02   1.6709613e+01
   5.0000000e+02   1.6821825e+01
   5.1000000e+02   1.6814693e+01
   5.2000000e+02   1.6781191e+01
   5.3000000e+02   1.6743482e+01
   5.4000000e+02   1.6861129e+01
   5.5000000e+02   1.6898566e+01
   5.6000000e+02   1.6726740e+01
   5.7000000e+02   1.6847247e+01
   5.8000000e+02   1.6673228e+01
   5.9000000e+02   1.6555519e+01
   6.0000000e+02   1.6554352e+01
   6.1000000e+02   1.6572723e+01
   6.2000000e+02   1.6623924e+01
   6.3000000e+02   1.6834184e+01
   6.4000000e+02   1.7074123e+01
   6.5000000e+02   1.6594296e+01
   6.6000000e+02   1.6555349e+01
   6.7000000e+02   1.6461302e+01
   6.8000000e+02   1.6527252e+01
   6.9000000e+02   1.6481993e+01
   7.0000000e+02   1.6443058e+01
   7.1000000e+02   1.6445525e+01
   7.2000000e+02   1.6448862e+01
   7.3000000e+02   1.6726226e+01
   7.4000000e+02   1.6430714e+01
   7.5000000e+02   1.6534245e+01
   7.6000000e+02   1.6505974e+01
   7.7000000e+02   1.6260937e+01
   7.8000000e+02   1.6198232e+01
   7.9000000e+02   1.6443748e+01
   8.0000000e+02   1.6419081e+01
   8.1000000e+02   1.6392056e+01
   8.2000000e+02   1.6320888e+01
   8.3000000e+02   1.6403862e+01
   8.4000000e+02   1.6478624e+01
   8.5000000e+02   1.6533122e+01
   8.6000000e+02   1.6405993e+01
   8.7000000e+02   1.6503109e+01
   8.8000000e+02   1.6278705e+01
   8.9000000e+02   1.6382664e+01
   9.0000000e+02   1.6419811e+01
   9.1000000e+02   1.6634143e+01
   9.2000000e+02   1.6668434e+01
   9.3000000e+02   1.6639469e+01
   9.4000000e+02   1.6715451e+01
   9.5000000e+02   1.6657119e+01
   9.6000000e+02   1.6612237e+01
   9.7000000e+02   1.6834324e+01
   9.8000000e+02   1.6589189e+01
   9.9000000e+02   1.6919121e+01
   1.0000000e+03   1.6599053e+01
   1.0100000e+03   1.6616112e+01
   1.0200000e+03   1.6557888e+01
   1.0300000e+03   1.6642142e+01
   1.0400000e+03   1.6696853e+01
   1.0500000e+03   1.6721402e+01
   1.0600000e+03   1.6622642e+01
   1.0700000e+03   1.6698319e+01
   1.0800000e+03   1.6590181e+01
   1.0900000e+03   1.6485690e+01
   1.1000000e+03   1.6303164e+01
   1.1100000e+03   1.6239399e+01
   1.1200000e+03   1.6211897e+01
   1.1300000e+03   1.6265539e+01
   1.1400000e+03   1.6562331e+01
   1.1500000e+03   1.6463767e+01
   1.1600000e+03   1.6481388e+01
   1.1700000e+03   1.6576516e+01
   1.1800000e+03   1.6682128e+01
   1.1900000e+03   1.6558910e+01
   1.2000000e+03   1.6611190e+01
   1.2100000e+03   1.6489481e+01
   1.2200000e+03   1.6386066e+01
   1.2300000e+03   1.6318082e+01
   1.2400000e+03   1.6451320e+01
   1.2500000e+03   1.6341335e+01
   1.2600000e+03   1.6449808e+01
   1.2700000e+03   1.6492418e+01
   1.2800000e+03   1.6534106e+01
   1.2900000e+03   1.6517402e+01
   1.3000000e+03   1.6486855e+01
   1.3100000e+03   1.6449079e+01
   1.3200000e+03   1.6388388e+01
   1.3300000e+03   1.6632830e+01
   1.3400000e+03   1.6500805e+01
   1.3500000e+03   1.6334750e+01
   1.3600000e+03   1.6382553e+01
   1.3700000e+03   1.6391185e+01
   1.3800000e+03   1.6482674e+01
   1.3900000e+03   1.6936315e+01
   1.4000000e+03   1.6269022e+01
   1.4100000e+03   1.6846271e+01
   1.4200000e+03   1.6265450e+01
   1.4300000e+03   1.6149868e+01
   1.4400000e+03   1.6140779e+01
   1.4500000e+03   1.6275758e+01
   1.4600000e+03   1.6430023e+01
   1.4700000e+03   1.5175104e+01
   1.4800000e+03   1.6493529e+01
   1.4900000e+03   1.6496705e+01
   1.5000000e+03   1.6473546e+01
   1.5100000e+03   1.6365247e+01
   1.5200000e+03   1.6990711e+01
   1.5300000e+03   1.6353847e+01
   1.5400000e+03   1.6379540e+01
   1.5500000e+03   1.6540688e+01
   1.5600000e+03   1.6675535e+01
   1.5700000e+03   1.6425854e+01
   1.5800000e+03   1.6467158e+01
   1.5900000e+03   1.6367543e+01
   1.6000000e+03   1.7014513e+01
   1.6100000e+03   1.6532160e+01
   1.6200000e+03   1.6903064e+01
   1.6300000e+03   1.6849042e+01
   1.6400000e+03   1.6761098e+01
   1.6500000e+03   1.6750296e+01
   1.6600000e+03   1.6775767e+01
   1.6700000e+03   1.6710454e+01
   1.6800000e+03   1.6577367e+01
   1.6900000e+03   1.6631489e+01
   1.7000000e+03   1.6466582e+01
   1.7100000e+03   1.6392217e+01
   1.7200000e+03   1.6695731e+01
   1.7300000e+03   1.6695120e+01
   1.7400000e+03   1.6190402e+01
   1.7500000e+03   1.7330677e+01
   1.7600000e+03   1.6303578e+01
   1.7700000e+03   1.6420372e+01
   1.7800000e+03   1.6542661e+01
   1.7900000e+03   1.6183610e+01
   1.8000000e+03   1.6280872e+01
   1.8100000e+03   1.7069432e+01
   1.8200000e+03   1.6370927e+01
   1.8300000e+03   1.6353682e+01
   1.8400000e+03   1.6694480e+01
   1.8500000e+03   1.6317338e+01
   1.8600000e+03   1.8973572e+01
   1.8700000e+03   1.7410541e+01
   1.8800000e+03   1.6223231e+01
   1.8900000e+03   1.6596121e+01
   1.9000000e+03   1.6277374e+01
   1.9100000e+03   1.6407037e+01
   1.9200000e+03   1.6403239e+01
   1.9300000e+03   1.6727789e+01
   1.9400000e+03   1.6514161e+01
   1.9500000e+03   1.6612689e+01
   1.9600000e+03   1.6605465e+01
   1.9700000e+03   1.6751911e+01
   1.9800000e+03   1.6725285e+01
   1.9900000e+03   1.6682373e+01
   2.0000000e+03   1.6658421e+01
   2.0100000e+03   1.6557683e+01
   2.0200000e+03   1.6506427e+01
   2.0300000e+03   1.6545452e+01
   2.0400000e+03   1.6361661e+01
   2.0500000e+03   1.6716170e+01
   2.0600000e+03   1.7247174e+01
   2.0700000e+03   1.6419578e+01
   2.0800000e+03   1.6541706e+01
   2.0900000e+03   1.6842702e+01
   2.1000000e+03   1.6676071e+01
   2.1100000e+03   1.9478586e+01
   2.1200000e+03   1.6440745e+01
   2.1300000e+03   1.8040314e+01
   2.1400000e+03   3.4413029e+01
   2.1500000e+03   2.1892825e+01
   2.1600000e+03   1.6132107e+01
   2.1700000e+03   1.6048412e+01
   2.1800000e+03   1.6329520e+01
   2.1900000e+03   1.6370533e+01
   2.2000000e+03   1.6230758e+01
   2.2100000e+03   1.9126968e+01
   2.2200000e+03   1.6259574e+01
   2.2300000e+03   1.6343525e+01
   2.2400000e+03   1.7905589e+01
   2.2500000e+03   1.6547611e+01
   2.2600000e+03   2.2207757e+01
   2.2700000e+03   1.6969688e+01
   2.2800000e+03   2.3156023e+01
   2.2900000e+03   1.7116791e+01
   2.3000000e+03   1.6700372e+01
   2.3100000e+03   1.8760598e+01
   2.3200000e+03   1.6494062e+01
   2.3300000e+03   1.6084155e+01
   2.3400000e+03   1.6345291e+01
   2.3500000e+03   1.6485448e+01
   2.3600000e+03   1.7925939e+01
   2.3700000e+03   3.2035498e+01
   2.3800000e+03   2.0946500e+01
   2.3900000e+03   1.6237732e+01
   2.4000000e+03   1.6340210e+01
   2.4100000e+03   1.6229084e+01
   2.4200000e+03   1.6202651e+01
   2.4300000e+03   1.5752352e+01
   2.4400000e+03   1.5776041e+01
   2.4500000e+03   1.6282464e+01
   2.4600000e+03   1.5703258e+01
   2.4700000e+03   1.5851404e+01
   2.4800000e+03   1.5932546e+01
   2.4900000e+03   1.6119465e+01
   2.5000000e+03   1.7422118e+01
   2.5100000e+03   1.6276940e+01
   2.5200000e+03   1.6224006e+01
   2.5300000e+03   1.6543311e+01
   2.5400000e+03   2.0969280e+01
   2.5500000e+03   1.8177839e+01
   2.5600000e+03   1.7119489e+01
   2.5700000e+03   1.8103544e+01
   2.5800000e+03   2.2355450e+01
   2.5900000e+03   1.6782623e+01
   2.6000000e+03   1.6623572e+01
   2.6100000e+03   1.7213614e+01
   2.6200000e+03   2.7053434e+01
   2.6300000e+03   1.6848249e+01
   2.6400000e+03   1.6888964e+01
   2.6500000e+03   1.6163476e+01
   2.6600000e+03   1.6079285e+01
   2.6700000e+03   1.6259548e+01
   2.6800000e+03   1.6125260e+01
   2.6900000e+03   1.5991908e+01
   2.7000000e+03   1.6179952e+01
   2.7100000e+03   1.9287734e+01
   2.7200000e+03   1.6402758e+01
   2.7300000e+03   1.7418593e+01
   2.7400000e+03   1.8780964e+01
   2.7500000e+03   1.6186148e+01
   2.7600000e+03   1.6169844e+01
   2.7700000e+03   1.5768419e+01
   2.7800000e+03   1.6354991e+01
   2.7900000e+03   1.7278166e+01
   2.8000000e+03   1.6429788e+01
   2.8100000e+03   1.6673460e+01
   2.8200000e+03   1.6402408e+01
   2.8300000e+03   1.6315108e+01
   2.8400000e+03   1.6383638e+01
   2.8500000e+03   1.6307281e+01
   2.8600000e+03   2.4556805e+01
   2.8700000e+03   1.7872837e+01
   2.8800000e+03   1.6143177e+01
   2.8900000e+03  -2.4590111e+02
   2.9000000e+03  -2.4590111e+02
   2.9100000e+03  -2.4590111e+02
   2.9200000e+03  -2.4590111e+02
   2.9300000e+03  -2.4590111e+02
   2.9400000e+03  -2.4590111e+02
   2.9500000e+03  -2.4590111e+02
   2.9600000e+03  -2.4590111e+02
   2.9700000e+03  -2.4590111e+02
   2.9800000e+03  -2.4590111e+02
   2.9900000e+03  -2.4590111e+02
   3.0000000e+03  -2.4590111e+02
   3.0100000e+03  -2.4590111e+02
   3.0200000e+03  -2.4590111e+02
   3.0300000e+03  -2.4590111e+02
   3.0400000e+03  -2.4590111e+02
   3.0500000e+03  -2.4590111e+02
   3.0600000e+03  -2.4590111e+02
   3.0700000e+03  -2.4590111e+02
   3.0800000e+03  -2.4590111e+02
   3.0900000e+03  -2.4590111e+02
   3.1000000e+03  -2.4590111e+02
   3.1100000e+03  -2.4590111e+02
   3.1200000e+03  -2.4590111e+02
   3.1300000e+03  -2.4590111e+02
   3.1400000e+03  -2.4590111e+02
   3.1500000e+03  -2.4590111e+02
   3.1600000e+03  -2.4590111e+02
   3.1700000e+03  -2.4590111e+02
   3.1800000e+03  -2.4590111e+02
   3.1900000e+03  -2.4590111e+02
   3.2000000e+03  -2.4590111e+02
   3.2100000e+03  -2.4590111e+02
   3.2200000e+03  -2.4590111e+02
   3.2300000e+03  -2.4590111e+02
   3.2400000e+03  -2.4590111e+02
   3.2500000e+03  -2.4590111e+02
   3.2600000e+03  -2.4590111e+02
   3.2700000e+03  -2.4590111e+02
   3.2800000e+03  -2.4590111e+02
   3.2900000e+03  -2.4590111e+02
   3.3000000e+03  -2.4590111e+02
   3.3100000e+03  -2.4590111e+02
   3.3200000e+03  -2.4590111e+02
   3.3300000e+03  -2.4590111e+02
   3.3400000e+03  -2.4590111e+02
   3.3500000e+03  -2.4590111e+02
   3.3600000e+03  -2.4590111e+02
   3.3700000e+03  -2.4590111e+02
   3.3800000e+03  -2.4590111e+02
   3.3900000e+03  -2.4590111e+02
   3.4000000e+03  -2.4590111e+02
   3.4100000e+03  -2.4590111e+02
   3.4200000e+03  -2.4590111e+02
   3.4300000e+03  -2.4590111e+02
   3.4400000e+03  -2.4590111e+02
   3.4500000e+03  -2.4590111e+02
   3.4600000e+03  -2.4590111e+02
   3.4700000e+03  -2.4590111e+02
   3.4800000e+03  -2.4590111e+02
   3.4900000e+03  -2.4590111e+02
