   0.0000000e+00   8.7975823e-04
   1.0000000e+01   9.3213992e-03
   2.0000000e+01   1.0968784e-02
   3.0000000e+01   4.5992076e-03
   4.0000000e+01   1.6305171e-02
   5.0000000e+01   1.9734455e-02
   6.0000000e+01   2.0223499e-02
   7.0000000e+01   6.7302593e-02
   8.0000000e+01   2.8572673e+00
   9.0000000e+01   8.7198832e+00
   1.0000000e+02   4.4959578e+00
   1.1000000e+02   6.0638950e+00
   1.2000000e+02   5.1415179e+00
   1.3000000e+02   1.5705553e+00
   1.4000000e+02   1.0717267e+00
   1.5000000e+02   2.8994882e+00
   1.6000000e+02   1.4587810e+00
   1.7000000e+02   3.2799836e+00
   1.8000000e+02   1.7667423e+00
   1.9000000e+02   9.5548742e+00
   2.0000000e+02   2.0393616e+00
   2.1000000e+02   1.2440144e+00
   2.2000000e+02   1.3170918e+00
   2.3000000e+02   9.3038004e-01
   2.4000000e+02   1.4528861e+00
   2.5000000e+02   1.3163842e+00
   2.6000000e+02   1.3762028e+00
   2.7000000e+02   1.7913213e+00
   2.8000000e+02   1.8040399e+00
   2.9000000e+02   1.4165200e+00
   3.0000000e+02   1.2399221e+00
   3.1000000e+02   1.4676594e+00
   3.2000000e+02   1.4119856e+00
   3.3000000e+02   1.2036024e+00
   3.4000000e+02   1.3492106e+00
   3.5000000e+02   1.2267515e+00
   3.6000000e+02   4.6734663e+00
   3.7000000e+02   1.1587038e+00
   3.8000000e+02   1.2292386e+00
   3.9000000e+02   1.3016740e+00
   4.0000000e+02   1.4367374e+00
   4.1000000e+02   1.0477065e+00
   4.2000000e+02   1.5310575e+00
   4.3000000e+02   1.3217637e+00
   4.4000000e+02   1.3315163e+00
   4.5000000e+02   1.2168878e+00
   4.6000000e+02   1.2985323e+00
   4.7000000e+02   1.2742757e+00
   4.8000000e+02   1.0670324e+00
   4.9000000e+02   1.6518270e+00
   5.0000000e+02   1.5530845e+00
   5.1000000e+02   1.3400627e+00
   5.2000000e+02   1.5041759e+00
   5.3000000e+02   1.4869380e+00
   5.4000000e+02   1.8392068e+00
   5.5000000e+02   1.8554762e+00
   5.6000000e+02   1.5003687e+00
   5.7000000e+02   1.2577746e+00
   5.8000000e+02   1.4066072e+00
   5.9000000e+02   1.2339134e+00
   6.0000000e+02   1.4634790e+00
   6.1000000e+02   1.3055853e+00
   6.2000000e+02   1.5600448e+00
   6.3000000e+02   1.5104716e+00
   6.4000000e+02   1.7768807e+00
   6.5000000e+02   1.0035846e+00
   6.6000000e+02   1.1388879e+00
   6.7000000e+02   1.2210321e+00
   6.8000000e+02   1.3186337e+00
   6.9000000e+02   1.1064744e+00
   7.0000000e+02   1.5179566e+00
   7.1000000e+02   1.5218091e+00
   7.2000000e+02   1.7847915e+00
   7.3000000e+02   1.6222722e+00
   7.4000000e+02   2.0123790e+00
   7.5000000e+02   1.8692866e+00
   7.6000000e+02   1.9157159e+00
   7.7000000e+02   1.6874730e+00
   7.8000000e+02   1.7607626e+00
   7.9000000e+02   1.8979054e+00
   8.0000000e+02   1.9085281e+00
   8.1000000e+02   1.7306637e+00
   8.2000000e+02   1.8228540e+00
   8.3000000e+02   1.8277477e+00
   8.4000000e+02   1.8817073e+00
   8.5000000e+02   1.7990898e+00
   8.6000000e+02   1.7496695e+00
   8.7000000e+02   1.8593139e+00
   8.8000000e+02   1.4177059e+00
   8.9000000e+02   1.6695956e+00
   9.0000000e+02   1.8040224e+00
   9.1000000e+02   1.6249589e+00
   9.2000000e+02   1.8003588e+00
   9.3000000e+02   1.4610218e+00
   9.4000000e+02   1.7035555e+00
   9.5000000e+02   1.5570077e+00
   9.6000000e+02   2.0914900e+00
   9.7000000e+02   1.7345670e+00
   9.8000000e+02   1.6846524e+00
   9.9000000e+02   1.7679723e+00
   1.0000000e+03   1.7060876e+00
   1.0100000e+03   2.0545673e+00
   1.0200000e+03   1.9125773e+00
   1.0300000e+03   1.8939617e+00
   1.0400000e+03   2.1490218e+00
   1.0500000e+03   1.7458901e+00
   1.0600000e+03   1.8633789e+00
   1.0700000e+03   1.6419454e+00
   1.0800000e+03   2.0641560e+00
   1.0900000e+03   1.4531497e+00
   1.1000000e+03   1.6735005e+00
   1.1100000e+03   1.6029251e+00
   1.1200000e+03   1.3067452e+00
   1.1300000e+03   1.8388004e+00
   1.1400000e+03   1.8307847e+00
   1.1500000e+03   1.7699917e+00
   1.1600000e+03   1.6969338e+00
   1.1700000e+03   1.5284956e+00
   1.1800000e+03   1.5376848e+00
   1.1900000e+03   1.9620391e+00
   1.2000000e+03   1.4520407e+00
   1.2100000e+03   1.4330502e+00
   1.2200000e+03   1.8871810e+00
   1.2300000e+03   1.9234332e+00
   1.2400000e+03   1.7042547e+00
   1.2500000e+03   1.4361496e+00
   1.2600000e+03   2.0017603e+00
   1.2700000e+03   1.8120229e+00
   1.2800000e+03   2.0193391e+00
   1.2900000e+03   1.7560512e+00
   1.3000000e+03   1.6268113e+00
   1.3100000e+03   1.6004754e+00
   1.3200000e+03   1.8700273e+00
   1.3300000e+03   1.8044693e+00
   1.3400000e+03   1.8041651e+00
   1.3500000e+03   2.0329994e+00
   1.3600000e+03   1.9752298e+00
   1.3700000e+03   1.9326187e+00
   1.3800000e+03   1.5382470e+00
   1.3900000e+03   1.2219427e+00
   1.4000000e+03   1.4648517e+00
   1.4100000e+03   1.5605620e+00
   1.4200000e+03   1.4225646e+00
   1.4300000e+03   1.6151467e+00
   1.4400000e+03   1.3672585e+00
   1.4500000e+03   1.8024026e+00
   1.4600000e+03   1.8098064e+00
   1.4700000e+03   2.0249322e+00
   1.4800000e+03   2.0261390e+00
   1.4900000e+03   1.8123604e+00
   1.5000000e+03   1.6531747e+00
   1.5100000e+03   1.7971043e+00
   1.5200000e+03   1.8621428e+00
   1.5300000e+03   1.1835783e+00
   1.5400000e+03   1.0577735e+00
   1.5500000e+03   1.3132622e+00
   1.5600000e+03   1.5763153e+00
   1.5700000e+03   1.7233544e+00
   1.5800000e+03   1.4701305e+00
   1.5900000e+03   1.7377330e+00
   1.6000000e+03   1.6473657e+00
   1.6100000e+03   2.0588825e+00
   1.6200000e+03   1.4677085e+00
   1.6300000e+03   1.8737355e+00
   1.6400000e+03   1.8504098e+00
   1.6500000e+03   1.9722112e+00
   1.6600000e+03   2.8645833e+00
   1.6700000e+03   2.0397650e+00
   1.6800000e+03   2.1113961e+00
   1.6900000e+03   1.7811095e+00
   1.7000000e+03   1.7468372e+00
   1.7100000e+03   2.0194033e+00
   1.7200000e+03   1.9961052e+00
   1.7300000e+03   1.7880460e+00
   1.7400000e+03   1.7383465e+00
   1.7500000e+03   1.9901002e+00
   1.7600000e+03   1.9305206e+00
   1.7700000e+03   1.9088893e+00
   1.7800000e+03   1.9634427e+00
   1.7900000e+03   2.0732227e+00
   1.8000000e+03   1.8452884e+00
   1.8100000e+03   2.1365488e+00
   1.8200000e+03   1.8894627e+00
   1.8300000e+03   2.2108583e+00
   1.8400000e+03   2.1276523e+00
   1.8500000e+03   1.5536394e+00
   1.8600000e+03   1.4797869e+00
   1.8700000e+03   1.5689019e+00
   1.8800000e+03   1.8462011e+00
   1.8900000e+03   1.8352931e+00
   1.9000000e+03   1.7082763e+00
   1.9100000e+03   1.7201104e+00
   1.9200000e+03   1.9010679e+00
   1.9300000e+03   1.3608996e+00
   1.9400000e+03   1.4087571e+00
   1.9500000e+03   1.3334217e+00
   1.9600000e+03   1.5216824e+00
   1.9700000e+03   1.8375335e+00
   1.9800000e+03   1.7564874e+00
   1.9900000e+03   2.0418765e+00
   2.0000000e+03   1.5599294e+00
   2.0100000e+03   1.9466763e+00
   2.0200000e+03   1.8892802e+00
   2.0300000e+03   1.7532085e+00
   2.0400000e+03   1.4135372e+00
   2.0500000e+03   1.9717670e+00
   2.0600000e+03   1.8309485e+00
   2.0700000e+03   1.9806430e+00
   2.0800000e+03   1.8899422e+00
   2.0900000e+03   1.6856698e+00
   2.1000000e+03   1.3148353e+00
   2.1100000e+03   1.1345879e+00
   2.1200000e+03   1.0752696e+00
   2.1300000e+03   9.0872344e-01
   2.1400000e+03   7.0431778e-01
   2.1500000e+03   9.2184950e-01
   2.1600000e+03   8.7780690e-01
   2.1700000e+03   1.0025717e+00
   2.1800000e+03   8.4430139e-01
   2.1900000e+03   1.0562048e+00
   2.2000000e+03   1.4744344e+00
   2.2100000e+03   1.1021570e+00
   2.2200000e+03   1.0147921e+00
   2.2300000e+03   1.0350417e+00
   2.2400000e+03   1.0730512e+00
   2.2500000e+03   1.1569075e+00
   2.2600000e+03   1.0811474e+00
   2.2700000e+03   1.3883762e+00
   2.2800000e+03   1.5012560e+00
   2.2900000e+03   1.4160723e+00
   2.3000000e+03   7.6842145e+00
   2.3100000e+03   5.5017314e+00
   2.3200000e+03   1.1567919e+00
   2.3300000e+03   1.6140402e+00
   2.3400000e+03   1.6462159e+00
   2.3500000e+03   5.2499558e+00
   2.3600000e+03   1.6085069e+01
   2.3700000e+03   2.2541250e+00
   2.3800000e+03   4.3421154e+00
   2.3900000e+03   1.4602936e+00
   2.4000000e+03   1.6821801e+00
   2.4100000e+03   1.8747550e+00
   2.4200000e+03   2.0094750e+00
   2.4300000e+03   1.5311343e+00
   2.4400000e+03   1.5957995e+00
   2.4500000e+03   1.3338046e+00
   2.4600000e+03   1.1735142e+00
   2.4700000e+03   2.8212179e+00
   2.4800000e+03   1.4059826e+00
   2.4900000e+03   1.1423734e+00
   2.5000000e+03   1.2945630e+00
   2.5100000e+03   1.3113630e+00
   2.5200000e+03   1.3749463e+00
   2.5300000e+03   1.0751480e+00
   2.5400000e+03   1.2525413e+00
   2.5500000e+03   1.6312677e+00
   2.5600000e+03   1.5792150e+00
   2.5700000e+03   1.7044802e+00
   2.5800000e+03   2.8251938e+00
   2.5900000e+03   1.4926208e+00
   2.6000000e+03   2.2263119e+00
   2.6100000e+03   1.6082772e+00
   2.6200000e+03   1.6489435e+00
   2.6300000e+03   2.3359725e+00
   2.6400000e+03   6.7475378e+00
   2.6500000e+03   1.6440235e+00
   2.6600000e+03   1.6676038e+00
   2.6700000e+03   2.7270016e+00
   2.6800000e+03   2.6383100e+00
   2.6900000e+03   1.5860038e+00
   2.7000000e+03   1.8018694e+00
   2.7100000e+03   2.3380951e+00
   2.7200000e+03   2.8778601e+00
   2.7300000e+03   1.9281405e+00
   2.7400000e+03   1.9794492e+00
   2.7500000e+03   2.3318118e+00
   2.7600000e+03   2.3102257e+00
   2.7700000e+03   7.6427807e+00
   2.7800000e+03   1.5705769e+00
   2.7900000e+03   1.7476088e+00
   2.8000000e+03   1.7708601e+00
   2.8100000e+03   1.6609519e+00
   2.8200000e+03   1.9829842e+00
   2.8300000e+03   1.6497154e+00
   2.8400000e+03   8.8591184e+00
   2.8500000e+03   5.4658366e+00
   2.8600000e+03   2.6916857e+00
   2.8700000e+03   1.4452323e+00
   2.8800000e+03   5.6534012e+00
   2.8900000e+03  -2.6343872e+02
   2.9000000e+03  -2.6343872e+02
   2.9100000e+03  -2.6343872e+02
   2.9200000e+03  -2.6343872e+02
   2.9300000e+03  -2.6343872e+02
   2.9400000e+03  -2.6343872e+02
   2.9500000e+03  -2.6343872e+02
   2.9600000e+03  -2.6343872e+02
   2.9700000e+03  -2.6343872e+02
   2.9800000e+03  -2.6343872e+02
   2.9900000e+03  -2.6343872e+02
   3.0000000e+03  -2.6343872e+02
   3.0100000e+03  -2.6343872e+02
   3.0200000e+03  -2.6343872e+02
   3.0300000e+03  -2.6343872e+02
   3.0400000e+03  -2.6343872e+02
   3.0500000e+03  -2.6343872e+02
   3.0600000e+03  -2.6343872e+02
   3.0700000e+03  -2.6343872e+02
   3.0800000e+03  -2.6343872e+02
   3.0900000e+03  -2.6343872e+02
   3.1000000e+03  -2.6343872e+02
   3.1100000e+03  -2.6343872e+02
   3.1200000e+03  -2.6343872e+02
   3.1300000e+03  -2.6343872e+02
   3.1400000e+03  -2.6343872e+02
   3.1500000e+03  -2.6343872e+02
   3.1600000e+03  -2.6343872e+02
   3.1700000e+03  -2.6343872e+02
   3.1800000e+03  -2.6343872e+02
   3.1900000e+03  -2.6343872e+02
   3.2000000e+03  -2.6343872e+02
   3.2100000e+03  -2.6343872e+02
   3.2200000e+03  -2.6343872e+02
   3.2300000e+03  -2.6343872e+02
   3.2400000e+03  -2.6343872e+02
   3.2500000e+03  -2.6343872e+02
   3.2600000e+03  -2.6343872e+02
   3.2700000e+03  -2.6343872e+02
   3.2800000e+03  -2.6343872e+02
   3.2900000e+03  -2.6343872e+02
   3.3000000e+03  -2.6343872e+02
   3.3100000e+03  -2.6343872e+02
   3.3200000e+03  -2.6343872e+02
   3.3300000e+03  -2.6343872e+02
   3.3400000e+03  -2.6343872e+02
   3.3500000e+03  -2.6343872e+02
   3.3600000e+03  -2.6343872e+02
   3.3700000e+03  -2.6343872e+02
   3.3800000e+03  -2.6343872e+02
   3.3900000e+03  -2.6343872e+02
   3.4000000e+03  -2.6343872e+02
   3.4100000e+03  -2.6343872e+02
   3.4200000e+03  -2.6343872e+02
   3.4300000e+03  -2.6343872e+02
   3.4400000e+03  -2.6343872e+02
   3.4500000e+03  -2.6343872e+02
   3.4600000e+03  -2.6343872e+02
   3.4700000e+03  -2.6343872e+02
   3.4800000e+03  -2.6343872e+02
   3.4900000e+03  -2.6343872e+02
