   0.0000000e+00   1.9232879e+01
   1.0000000e+01   1.9241798e+01
   2.0000000e+01   1.9236953e+01
   3.0000000e+01   1.9244267e+01
   4.0000000e+01   1.9233841e+01
   5.0000000e+01   1.9134844e+01
   6.0000000e+01   1.8496581e+01
   7.0000000e+01   1.8096853e+01
   8.0000000e+01   1.7846418e+01
   9.0000000e+01   1.7596103e+01
   1.0000000e+02   1.7369757e+01
   1.1000000e+02   1.7180031e+01
   1.2000000e+02   1.6952525e+01
   1.3000000e+02   1.6804418e+01
   1.4000000e+02   1.6677239e+01
   1.5000000e+02   1.6574307e+01
   1.6000000e+02   1.6452074e+01
   1.7000000e+02   1.6359244e+01
   1.8000000e+02   1.6241986e+01
   1.9000000e+02   1.6185019e+01
   2.0000000e+02   1.6093396e+01
   2.1000000e+02   1.6040693e+01
   2.2000000e+02   1.5995405e+01
   2.3000000e+02   1.5938642e+01
   2.4000000e+02   1.5870049e+01
   2.5000000e+02   1.5809730e+01
   2.6000000e+02   1.5790889e+01
   2.7000000e+02   1.5761417e+01
   2.8000000e+02   1.5717531e+01
   2.9000000e+02   1.5703950e+01
   3.0000000e+02   1.5682098e+01
   3.1000000e+02   1.5614928e+01
   3.2000000e+02   1.5580279e+01
   3.3000000e+02   1.5642958e+01
   3.4000000e+02   1.5596349e+01
   3.5000000e+02   1.5536073e+01
   3.6000000e+02   1.5491386e+01
   3.7000000e+02   1.5519881e+01
   3.8000000e+02   1.5480297e+01
   3.9000000e+02   1.5459098e+01
   4.0000000e+02   1.5409680e+01
   4.1000000e+02   1.5453117e+01
   4.2000000e+02   1.5398746e+01
   4.3000000e+02   1.5337142e+01
   4.4000000e+02   1.5296824e+01
   4.5000000e+02   1.5288354e+01
   4.6000000e+02   1.5312846e+01
   4.7000000e+02   1.5296605e+01
   4.8000000e+02   1.5216375e+01
   4.9000000e+02   1.5224237e+01
   5.0000000e+02   1.5213744e+01
   5.1000000e+02   1.5196208e+01
   5.2000000e+02   1.5196046e+01
   5.3000000e+02   1.5207941e+01
   5.4000000e+02   1.5204243e+01
   5.5000000e+02   1.5218371e+01
   5.6000000e+02   1.5211764e+01
   5.7000000e+02   1.5170926e+01
   5.8000000e+02   1.5210274e+01
   5.9000000e+02   1.5140908e+01
   6.0000000e+02   1.5182595e+01
   6.1000000e+02   1.5191145e+01
   6.2000000e+02   1.5148519e+01
   6.3000000e+02   1.5143840e+01
   6.4000000e+02   1.5139208e+01
   6.5000000e+02   1.5099413e+01
   6.6000000e+02   1.5130155e+01
   6.7000000e+02   1.5067004e+01
   6.8000000e+02   1.5062927e+01
   6.9000000e+02   1.5055756e+01
   7.0000000e+02   1.5030374e+01
   7.1000000e+02   1.5056756e+01
   7.2000000e+02   1.4993211e+01
   7.3000000e+02   1.4990414e+01
   7.4000000e+02   1.4983160e+01
   7.5000000e+02   1.4956824e+01
   7.6000000e+02   1.5035237e+01
   7.7000000e+02   1.4994072e+01
   7.8000000e+02   1.4946738e+01
   7.9000000e+02   1.4993897e+01
   8.0000000e+02   1.4917053e+01
   8.1000000e+02   1.4914090e+01
   8.2000000e+02   1.4925159e+01
   8.3000000e+02   1.4980189e+01
   8.4000000e+02   1.4932762e+01
   8.5000000e+02   1.4926039e+01
   8.6000000e+02   1.4897234e+01
   8.7000000e+02   1.4934276e+01
   8.8000000e+02   1.4913560e+01
   8.9000000e+02   1.4895998e+01
   9.0000000e+02   1.4889999e+01
   9.1000000e+02   1.4791138e+01
   9.2000000e+02   1.4883324e+01
   9.3000000e+02   1.4839220e+01
   9.4000000e+02   1.4828776e+01
   9.5000000e+02   1.4855974e+01
   9.6000000e+02   1.4838396e+01
   9.7000000e+02   1.4846431e+01
   9.8000000e+02   1.4845307e+01
   9.9000000e+02   1.4819380e+01
   1.0000000e+03   1.4852110e+01
   1.0100000e+03   1.4768372e+01
   1.0200000e+03   1.4807269e+01
   1.0300000e+03   1.4808920e+01
   1.0400000e+03   1.4797054e+01
   1.0500000e+03   1.4817638e+01
   1.0600000e+03   1.4819514e+01
   1.0700000e+03   1.4837176e+01
   1.0800000e+03   1.4800113e+01
   1.0900000e+03   1.4812530e+01
   1.1000000e+03   1.4807850e+01
   1.1100000e+03   1.4797109e+01
   1.1200000e+03   1.4783962e+01
   1.1300000e+03   1.4793509e+01
   1.1400000e+03   1.4753599e+01
   1.1500000e+03   1.4709577e+01
   1.1600000e+03   1.4691583e+01
   1.1700000e+03   1.4734175e+01
   1.1800000e+03   1.4724635e+01
   1.1900000e+03   1.4682872e+01
   1.2000000e+03   1.4733064e+01
   1.2100000e+03   1.4732140e+01
   1.2200000e+03   1.4687806e+01
   1.2300000e+03   1.4691222e+01
   1.2400000e+03   1.4647151e+01
   1.2500000e+03   1.4627397e+01
   1.2600000e+03   1.4691931e+01
   1.2700000e+03   1.4604676e+01
   1.2800000e+03   1.4666694e+01
   1.2900000e+03   1.4712387e+01
   1.3000000e+03   1.4714969e+01
   1.3100000e+03   1.4651778e+01
   1.3200000e+03   1.4682651e+01
   1.3300000e+03   1.4674414e+01
   1.3400000e+03   1.4569897e+01
   1.3500000e+03   1.4627254e+01
   1.3600000e+03   1.4614975e+01
   1.3700000e+03   1.4633688e+01
   1.3800000e+03   1.4618382e+01
   1.3900000e+03   1.4630116e+01
   1.4000000e+03   1.4614307e+01
   1.4100000e+03   1.4597595e+01
   1.4200000e+03   1.4585431e+01
   1.4300000e+03   1.4610464e+01
   1.4400000e+03   1.4631143e+01
   1.4500000e+03   1.4630936e+01
   1.4600000e+03   1.4603485e+01
   1.4700000e+03   1.4550987e+01
   1.4800000e+03   1.4493870e+01
   1.4900000e+03   1.4589539e+01
   1.5000000e+03   1.4555124e+01
   1.5100000e+03   1.4538501e+01
   1.5200000e+03   1.4525138e+01
   1.5300000e+03   1.4513585e+01
   1.5400000e+03   1.4496218e+01
   1.5500000e+03   1.4519662e+01
   1.5600000e+03   1.4562835e+01
   1.5700000e+03   1.4545865e+01
   1.5800000e+03   1.4460484e+01
   1.5900000e+03   1.4507427e+01
   1.6000000e+03   1.4457112e+01
   1.6100000e+03   1.4492435e+01
   1.6200000e+03   1.4450231e+01
   1.6300000e+03   1.4442461e+01
   1.6400000e+03   1.4464434e+01
   1.6500000e+03   1.4486469e+01
   1.6600000e+03   1.4406701e+01
   1.6700000e+03   1.4467076e+01
   1.6800000e+03   1.4378182e+01
   1.6900000e+03   1.4474700e+01
   1.7000000e+03   1.4382692e+01
   1.7100000e+03   1.4403811e+01
   1.7200000e+03   1.4445006e+01
   1.7300000e+03   1.4433022e+01
   1.7400000e+03   1.4367397e+01
   1.7500000e+03   1.4347333e+01
   1.7600000e+03   1.4415777e+01
   1.7700000e+03   1.4406846e+01
   1.7800000e+03   1.4324080e+01
   1.7900000e+03   1.4361478e+01
   1.8000000e+03   1.4363055e+01
   1.8100000e+03   1.4350944e+01
   1.8200000e+03   1.4304236e+01
   1.8300000e+03   1.4315596e+01
   1.8400000e+03   1.4306853e+01
   1.8500000e+03   1.4265486e+01
   1.8600000e+03   1.4274302e+01
   1.8700000e+03   1.4391829e+01
   1.8800000e+03   1.4311988e+01
   1.8900000e+03   1.4276788e+01
   1.9000000e+03   1.4314614e+01
   1.9100000e+03   1.4257698e+01
   1.9200000e+03   1.4320526e+01
   1.9300000e+03   1.4272890e+01
   1.9400000e+03   1.4230396e+01
   1.9500000e+03   1.4296388e+01
   1.9600000e+03   1.4291795e+01
   1.9700000e+03   1.4218819e+01
   1.9800000e+03   1.4204271e+01
   1.9900000e+03   1.4249319e+01
   2.0000000e+03   1.4192952e+01
   2.0100000e+03   1.4231176e+01
   2.0200000e+03   1.4181191e+01
   2.0300000e+03   1.4188038e+01
   2.0400000e+03   1.4264227e+01
   2.0500000e+03   1.4285953e+01
   2.0600000e+03   1.4241207e+01
   2.0700000e+03   1.4170839e+01
   2.0800000e+03   1.4274668e+01
   2.0900000e+03   1.4288680e+01
   2.1000000e+03   1.4236580e+01
   2.1100000e+03   1.4253305e+01
   2.1200000e+03   1.4271506e+01
   2.1300000e+03   1.4205341e+01
   2.1400000e+03   1.4250594e+01
   2.1500000e+03   1.4245277e+01
   2.1600000e+03   1.4221639e+01
   2.1700000e+03   1.4259097e+01
   2.1800000e+03   1.4267624e+01
   2.1900000e+03   1.4234591e+01
   2.2000000e+03   1.4253733e+01
   2.2100000e+03   1.4237999e+01
   2.2200000e+03   1.4226132e+01
   2.2300000e+03   1.4243454e+01
   2.2400000e+03   1.4237493e+01
   2.2500000e+03   1.4251206e+01
   2.2600000e+03   1.4221810e+01
   2.2700000e+03   1.4229757e+01
   2.2800000e+03   1.4227197e+01
   2.2900000e+03   1.4268149e+01
   2.3000000e+03   1.4208885e+01
   2.3100000e+03   1.4211324e+01
   2.3200000e+03   1.4137994e+01
   2.3300000e+03   1.4196238e+01
   2.3400000e+03   1.4171745e+01
   2.3500000e+03   1.4172629e+01
   2.3600000e+03   1.4190787e+01
   2.3700000e+03   1.4196394e+01
   2.3800000e+03   1.4150934e+01
   2.3900000e+03   1.4158805e+01
   2.4000000e+03   1.4078673e+01
   2.4100000e+03   1.4134396e+01
   2.4200000e+03   1.4155506e+01
   2.4300000e+03   1.4100376e+01
   2.4400000e+03   1.4167888e+01
   2.4500000e+03   1.4154041e+01
   2.4600000e+03   1.4178590e+01
   2.4700000e+03   1.4140451e+01
   2.4800000e+03   1.4145775e+01
   2.4900000e+03   1.4179760e+01
   2.5000000e+03   1.4159305e+01
   2.5100000e+03   1.4171613e+01
   2.5200000e+03   1.4237014e+01
   2.5300000e+03   1.4078410e+01
   2.5400000e+03   1.4071671e+01
   2.5500000e+03   1.4165286e+01
   2.5600000e+03   1.4095354e+01
   2.5700000e+03   1.4067387e+01
   2.5800000e+03   1.4087178e+01
   2.5900000e+03   1.4083787e+01
   2.6000000e+03   1.4033388e+01
   2.6100000e+03   1.4017739e+01
   2.6200000e+03   1.4058141e+01
   2.6300000e+03   1.4051163e+01
   2.6400000e+03   1.4032488e+01
   2.6500000e+03   1.4073529e+01
   2.6600000e+03   1.4059030e+01
   2.6700000e+03   1.4068257e+01
   2.6800000e+03   1.4070862e+01
   2.6900000e+03   1.4116782e+01
   2.7000000e+03   1.4084441e+01
   2.7100000e+03   1.4069337e+01
   2.7200000e+03   1.4093524e+01
   2.7300000e+03   1.4124422e+01
   2.7400000e+03   1.4154814e+01
   2.7500000e+03   1.4060590e+01
   2.7600000e+03   1.4046665e+01
   2.7700000e+03   1.4098040e+01
   2.7800000e+03   1.3985643e+01
   2.7900000e+03   1.4064523e+01
   2.8000000e+03   1.4025716e+01
   2.8100000e+03   1.4005634e+01
   2.8200000e+03   1.4054138e+01
   2.8300000e+03   1.4047036e+01
   2.8400000e+03   1.4017088e+01
   2.8500000e+03   1.4046224e+01
   2.8600000e+03   1.4078895e+01
   2.8700000e+03   1.4052336e+01
   2.8800000e+03   1.4033247e+01
   2.8900000e+03   1.4043265e+01
   2.9000000e+03   1.4040861e+01
   2.9100000e+03   1.4079745e+01
   2.9200000e+03   1.4031569e+01
   2.9300000e+03   1.4056391e+01
   2.9400000e+03   1.4005782e+01
   2.9500000e+03   1.4002750e+01
   2.9600000e+03   1.4005333e+01
   2.9700000e+03   1.3972694e+01
   2.9800000e+03   1.3989694e+01
   2.9900000e+03   1.3972080e+01
   3.0000000e+03   1.4015040e+01
   3.0100000e+03   1.3923160e+01
   3.0200000e+03   1.4011263e+01
   3.0300000e+03   1.4000902e+01
   3.0400000e+03   1.4050900e+01
   3.0500000e+03   1.4039287e+01
   3.0600000e+03   1.4030003e+01
   3.0700000e+03   1.4031307e+01
   3.0800000e+03   1.3875707e+01
   3.0900000e+03   1.3936773e+01
   3.1000000e+03   1.3941426e+01
   3.1100000e+03   1.3867878e+01
   3.1200000e+03   1.3953617e+01
   3.1300000e+03   1.4015082e+01
   3.1400000e+03   1.3977016e+01
   3.1500000e+03   1.3957205e+01
   3.1600000e+03   1.3929596e+01
   3.1700000e+03   1.3931611e+01
   3.1800000e+03   1.3957000e+01
   3.1900000e+03   1.3953774e+01
   3.2000000e+03   1.3956835e+01
   3.2100000e+03   1.3898402e+01
   3.2200000e+03   1.3960129e+01
   3.2300000e+03   1.3924620e+01
   3.2400000e+03   1.3942216e+01
   3.2500000e+03   1.3964817e+01
   3.2600000e+03   1.3946338e+01
   3.2700000e+03   1.3951239e+01
   3.2800000e+03   1.3980870e+01
   3.2900000e+03   1.3912069e+01
   3.3000000e+03   1.3929171e+01
   3.3100000e+03   1.3984949e+01
   3.3200000e+03   1.3993583e+01
   3.3300000e+03   1.3972787e+01
   3.3400000e+03   1.3972693e+01
   3.3500000e+03   1.3951409e+01
   3.3600000e+03   1.3896425e+01
   3.3700000e+03   1.3879260e+01
   3.3800000e+03   1.3914749e+01
   3.3900000e+03   1.3973343e+01
   3.4000000e+03   1.3930384e+01
   3.4100000e+03   1.3956990e+01
   3.4200000e+03   1.3964626e+01
   3.4300000e+03   1.3953552e+01
   3.4400000e+03   1.3892430e+01
   3.4500000e+03   1.3948554e+01
   3.4600000e+03   1.3968618e+01
   3.4700000e+03   1.3956988e+01
   3.4800000e+03   1.3916189e+01
   3.4900000e+03   1.3938154e+01
