   0.0000000e+00  -1.7683524e-03
   1.0000000e+01   6.2329660e-03
   2.0000000e+01   1.4147481e-02
   3.0000000e+01   5.6871651e-03
   4.0000000e+01   9.9225209e-02
   5.0000000e+01   7.2031885e+01
   6.0000000e+01   2.2948552e+01
   7.0000000e+01   7.3411689e+00
   8.0000000e+01   1.3003566e+01
   9.0000000e+01   1.5804713e+01
   1.0000000e+02   3.9750985e+01
   1.1000000e+02   1.3049083e+01
   1.2000000e+02   8.4238012e+00
   1.3000000e+02   2.3741851e+01
   1.4000000e+02   1.8884072e+01
   1.5000000e+02   6.8607125e+00
   1.6000000e+02   1.1020766e+00
   1.7000000e+02   1.9286958e+01
   1.8000000e+02   1.5877823e+01
   1.9000000e+02   6.2893853e+00
   2.0000000e+02   2.8106938e+01
   2.1000000e+02   4.0917755e+00
   2.2000000e+02   2.5072320e+01
   2.3000000e+02   5.2463194e+00
   2.4000000e+02   3.0572518e+01
   2.5000000e+02   2.1281055e+01
   2.6000000e+02   1.6067930e+01
   2.7000000e+02   7.7177560e+00
   2.8000000e+02   1.5781826e+01
   2.9000000e+02   3.5134057e+00
   3.0000000e+02   2.2748477e+01
   3.1000000e+02   1.7622963e+01
   3.2000000e+02   3.5709572e+01
   3.3000000e+02   1.3812312e+01
   3.4000000e+02   1.3396979e+01
   3.5000000e+02   2.6171811e+00
   3.6000000e+02   3.3255948e+01
   3.7000000e+02   2.3823008e+01
   3.8000000e+02   1.9512790e+01
   3.9000000e+02   9.6962704e+00
   4.0000000e+02   6.1524197e-01
   4.1000000e+02   9.5978349e+00
   4.2000000e+02   7.7325077e+00
   4.3000000e+02   4.8283618e+00
   4.4000000e+02   4.4289892e+00
   4.5000000e+02   4.9855800e+00
   4.6000000e+02   2.1416434e+01
   4.7000000e+02   3.2425118e+01
   4.8000000e+02   1.5846912e+01
   4.9000000e+02   2.7108977e+01
   5.0000000e+02   2.5643091e+00
   5.1000000e+02   1.5991791e+01
   5.2000000e+02   1.4131090e+01
   5.3000000e+02   6.2957973e+00
   5.4000000e+02   2.9772895e+01
   5.5000000e+02   1.8626472e+01
   5.6000000e+02   3.3330692e+01
   5.7000000e+02   4.4261189e+00
   5.8000000e+02   1.9195958e+01
   5.9000000e+02   1.9269333e+01
   6.0000000e+02   7.1740729e+00
   6.1000000e+02   8.2009254e+00
   6.2000000e+02   4.4370403e+01
   6.3000000e+02   2.7056479e+01
   6.4000000e+02   1.7489562e+01
   6.5000000e+02   1.8596226e+01
   6.6000000e+02   5.6052161e+00
   6.7000000e+02   1.4024336e+00
   6.8000000e+02   3.1268722e+00
   6.9000000e+02   8.4488296e-01
   7.0000000e+02   2.4098710e+01
   7.1000000e+02   1.3580966e+01
   7.2000000e+02   1.9176030e+01
   7.3000000e+02  -1.1973845e+00
   7.4000000e+02   4.0682548e+01
   7.5000000e+02   1.2636663e+01
   7.6000000e+02   1.7139744e+01
   7.7000000e+02   5.4201323e+01
   7.8000000e+02   3.7563170e+01
   7.9000000e+02   3.2704310e+01
   8.0000000e+02   8.3337572e+00
   8.1000000e+02   3.3673903e+00
   8.2000000e+02   8.4627505e+00
   8.3000000e+02   2.9064062e+01
   8.4000000e+02   9.7829323e+00
   8.5000000e+02   4.4652037e+00
   8.6000000e+02   4.6839827e-02
   8.7000000e+02   2.1202014e+01
   8.8000000e+02  -1.0225668e+00
   8.9000000e+02  -1.2396531e+00
   9.0000000e+02   4.8166332e+00
   9.1000000e+02  -1.6278568e-01
   9.2000000e+02   1.4997967e+01
   9.3000000e+02   3.9928890e+01
   9.4000000e+02   1.2532119e+01
   9.5000000e+02   7.9873092e-01
   9.6000000e+02  -1.2073205e-01
   9.7000000e+02   3.9311809e+01
   9.8000000e+02  -1.7441973e-01
   9.9000000e+02   4.1607306e+00
   1.0000000e+03   1.0730609e+01
   1.0100000e+03   2.6840023e+01
   1.0200000e+03   2.0809200e+01
   1.0300000e+03   1.9504121e+01
   1.0400000e+03   2.9070540e+01
   1.0500000e+03   1.0655611e+01
   1.0600000e+03   3.8806335e+01
   1.0700000e+03   2.9151403e+01
   1.0800000e+03   3.7501478e+00
   1.0900000e+03   5.4817707e+01
   1.1000000e+03   3.2855267e+01
   1.1100000e+03   1.9973191e+00
   1.1200000e+03   3.3540919e+00
   1.1300000e+03   2.5901139e+01
   1.1400000e+03   1.9312835e+01
   1.1500000e+03   4.3178325e+01
   1.1600000e+03   2.8515228e+01
   1.1700000e+03   5.9467134e+01
   1.1800000e+03   4.0880986e+01
   1.1900000e+03   9.3163304e+00
   1.2000000e+03   4.5186566e+01
   1.2100000e+03   3.7464499e+01
   1.2200000e+03   3.8359311e+01
   1.2300000e+03   2.2905340e+01
   1.2400000e+03   3.0446416e+01
   1.2500000e+03   3.2306794e+01
   1.2600000e+03   1.4630670e+01
   1.2700000e+03   5.8804664e+01
   1.2800000e+03   1.5181062e+01
   1.2900000e+03   3.0362901e+01
   1.3000000e+03   1.3102468e+01
   1.3100000e+03   2.1400645e+01
   1.3200000e+03   1.4853312e+01
   1.3300000e+03   1.2428468e+01
   1.3400000e+03   3.1286546e+01
   1.3500000e+03   2.6101421e+01
   1.3600000e+03   2.7830882e+01
   1.3700000e+03   2.9862856e+01
   1.3800000e+03   2.9646310e+01
   1.3900000e+03   1.5753422e+01
   1.4000000e+03   3.5246353e+01
   1.4100000e+03   1.9262064e+01
   1.4200000e+03   7.0127469e+01
   1.4300000e+03   1.8666255e+01
   1.4400000e+03   4.1420176e+01
   1.4500000e+03   1.0822608e+01
   1.4600000e+03   8.7083482e+00
   1.4700000e+03   5.8060741e+01
   1.4800000e+03   6.9032676e+01
   1.4900000e+03   2.6983049e+01
   1.5000000e+03   4.1206688e+01
   1.5100000e+03   3.2274494e+01
   1.5200000e+03   2.2293669e+01
   1.5300000e+03   4.1580641e+01
   1.5400000e+03   1.1126911e+01
   1.5500000e+03   2.3218686e+01
   1.5600000e+03   4.5137744e+01
   1.5700000e+03   3.9039371e+01
   1.5800000e+03   1.5279872e+01
   1.5900000e+03   3.3799912e+01
   1.6000000e+03   2.5462266e+01
   1.6100000e+03   4.8092907e+01
   1.6200000e+03   6.4868556e+01
   1.6300000e+03   3.9718230e+01
   1.6400000e+03   4.0396167e+01
   1.6500000e+03   3.6952162e+01
   1.6600000e+03   3.1144384e+01
   1.6700000e+03   8.4827462e+00
   1.6800000e+03   5.3562951e+01
   1.6900000e+03   1.4637138e+01
   1.7000000e+03   1.6413230e+01
   1.7100000e+03   2.9985815e+01
   1.7200000e+03   9.2594923e+01
   1.7300000e+03   1.9602205e+01
   1.7400000e+03   2.4473593e+01
   1.7500000e+03   4.2620473e+01
   1.7600000e+03   2.6606014e+01
   1.7700000e+03   4.2247186e+01
   1.7800000e+03   2.2674103e+01
   1.7900000e+03   2.9696905e+01
   1.8000000e+03   3.9041679e+01
   1.8100000e+03   3.1402829e+01
   1.8200000e+03   8.0541555e+01
   1.8300000e+03   5.8673881e+01
   1.8400000e+03   7.1198405e+01
   1.8500000e+03   9.1038293e+00
   1.8600000e+03   1.9585750e+00
   1.8700000e+03   1.7890633e+01
   1.8800000e+03   2.2678657e+01
   1.8900000e+03   9.6495449e+01
   1.9000000e+03   1.6248898e+01
   1.9100000e+03   3.2050155e+00
   1.9200000e+03   2.1249991e+01
   1.9300000e+03   1.3296476e+01
   1.9400000e+03   6.8951022e+01
   1.9500000e+03   8.1627925e+01
   1.9600000e+03   4.2953783e+01
   1.9700000e+03   4.4891204e+01
   1.9800000e+03   1.4601579e+01
   1.9900000e+03   2.9772642e+01
   2.0000000e+03   9.7192213e+01
   2.0100000e+03   4.9118796e+01
   2.0200000e+03   1.9984429e+01
   2.0300000e+03   5.7424868e+01
   2.0400000e+03   3.7204145e+01
   2.0500000e+03   2.5906887e+01
   2.0600000e+03   1.9971417e+01
   2.0700000e+03   5.3391242e+00
   2.0800000e+03   2.2314707e+01
   2.0900000e+03  -4.0601879e-01
   2.1000000e+03  -1.1098999e+00
   2.1100000e+03   1.6812172e+01
   2.1200000e+03   3.7771578e+01
   2.1300000e+03   2.1800798e+01
   2.1400000e+03   3.6967069e+01
   2.1500000e+03   6.5430595e+01
   2.1600000e+03   4.3713563e+01
   2.1700000e+03   5.8670343e+01
   2.1800000e+03   1.3447917e+01
   2.1900000e+03   7.7986475e+01
   2.2000000e+03   1.1860190e+01
   2.2100000e+03   5.1453306e+01
   2.2200000e+03   7.8878530e+01
   2.2300000e+03   6.9712426e+00
   2.2400000e+03   1.1752064e+01
   2.2500000e+03   1.0536573e+01
   2.2600000e+03   1.2369401e+01
   2.2700000e+03   7.3933932e+00
   2.2800000e+03  -1.0730396e+00
   2.2900000e+03   2.0669169e+00
   2.3000000e+03   3.3935841e+01
   2.3100000e+03   2.4982092e+01
   2.3200000e+03   1.3669851e+01
   2.3300000e+03   2.1200785e+01
   2.3400000e+03   1.8326289e+01
   2.3500000e+03   3.2997543e+01
   2.3600000e+03   6.6449263e+01
   2.3700000e+03   5.6074286e+01
   2.3800000e+03   2.6467717e+01
   2.3900000e+03   1.8888452e+01
   2.4000000e+03   9.9750338e+00
   2.4100000e+03   2.5451396e+01
   2.4200000e+03   4.9872763e+01
   2.4300000e+03   1.2190150e+01
   2.4400000e+03   2.5469072e+01
   2.4500000e+03   1.3751226e+01
   2.4600000e+03   3.5784478e+01
   2.4700000e+03   3.1284134e+01
   2.4800000e+03   1.3663073e+01
   2.4900000e+03   3.9525194e+01
   2.5000000e+03   8.1650618e+00
   2.5100000e+03   3.3281436e+01
   2.5200000e+03   2.8095200e+01
   2.5300000e+03   2.3619219e+01
   2.5400000e+03  -1.8147918e+00
   2.5500000e+03  -1.3470273e-01
   2.5600000e+03   4.8659732e+00
   2.5700000e+03   1.9220166e+01
   2.5800000e+03   3.4163294e+01
   2.5900000e+03   5.8055037e+00
   2.6000000e+03   1.7508642e+00
   2.6100000e+03  -1.5965093e+00
   2.6200000e+03   1.7787866e+01
   2.6300000e+03   6.5615822e+00
   2.6400000e+03   3.0775243e+01
   2.6500000e+03   1.2553895e+01
   2.6600000e+03   3.8398738e+00
   2.6700000e+03   9.3981802e-01
   2.6800000e+03   5.3036306e+00
   2.6900000e+03   4.2523503e+00
   2.7000000e+03   4.4352820e+00
   2.7100000e+03   5.0744985e+00
   2.7200000e+03   9.9729215e+00
   2.7300000e+03   6.3916549e+00
   2.7400000e+03   2.1129974e+01
   2.7500000e+03   1.6035808e+01
   2.7600000e+03   3.9698598e+00
   2.7700000e+03   5.6575080e+00
   2.7800000e+03   4.6948488e+01
   2.7900000e+03   1.6083822e+01
   2.8000000e+03   4.2117182e-01
   2.8100000e+03  -5.8324961e-01
   2.8200000e+03   1.2536608e+01
   2.8300000e+03   1.3634348e+01
   2.8400000e+03   3.3726125e+00
   2.8500000e+03   1.6792542e+01
   2.8600000e+03   6.4572946e+00
   2.8700000e+03   1.2329859e+01
   2.8800000e+03   2.4194321e+01
   2.8900000e+03   1.5071538e+01
   2.9000000e+03   1.5028646e+01
   2.9100000e+03   2.2253376e+01
   2.9200000e+03   1.2300651e+01
   2.9300000e+03   3.9246928e+01
   2.9400000e+03   6.7609729e+00
   2.9500000e+03   2.3532632e+01
   2.9600000e+03  -1.2108219e-01
   2.9700000e+03   8.5888184e+00
   2.9800000e+03   1.0039374e+01
   2.9900000e+03   3.2408724e+01
   3.0000000e+03   2.4392041e+01
   3.0100000e+03   2.7288473e+01
   3.0200000e+03   1.1933003e+01
   3.0300000e+03   3.8871231e+00
   3.0400000e+03   2.9986825e-01
   3.0500000e+03   3.4949024e+00
   3.0600000e+03   1.0685899e+01
   3.0700000e+03   1.9522550e+01
   3.0800000e+03   1.2922878e+01
   3.0900000e+03   3.8033297e+01
   3.1000000e+03   3.1054618e+01
   3.1100000e+03   3.6765537e+01
   3.1200000e+03   3.4000791e+01
   3.1300000e+03   2.0836120e+01
   3.1400000e+03   2.2938420e+01
   3.1500000e+03   2.3207971e+01
   3.1600000e+03   1.6876174e+01
   3.1700000e+03   3.1043060e+01
   3.1800000e+03   1.2675593e+01
   3.1900000e+03   4.7298728e+01
   3.2000000e+03   2.1272109e+01
   3.2100000e+03   4.8255813e+01
   3.2200000e+03   5.2581670e+01
   3.2300000e+03   2.9631953e+01
   3.2400000e+03   2.2242243e+01
   3.2500000e+03   4.7218165e+01
   3.2600000e+03   5.0424974e+01
   3.2700000e+03   2.3406902e+01
   3.2800000e+03   8.1921803e+01
   3.2900000e+03   3.1935236e+01
   3.3000000e+03   3.3760905e+01
   3.3100000e+03   4.1918106e+01
   3.3200000e+03   1.9208961e+01
   3.3300000e+03   5.6556509e+01
   3.3400000e+03   6.3514548e+01
   3.3500000e+03   8.8796249e+00
   3.3600000e+03   1.9184681e+01
   3.3700000e+03   1.7324935e+01
   3.3800000e+03   3.2780051e+01
   3.3900000e+03   4.5830611e+01
   3.4000000e+03   3.4618392e+01
   3.4100000e+03   2.8812758e+01
   3.4200000e+03   1.2036248e+01
   3.4300000e+03   1.0822114e+01
   3.4400000e+03   5.9814282e+00
   3.4500000e+03   1.3369626e+00
   3.4600000e+03   3.0706688e+01
   3.4700000e+03   1.3003915e+01
   3.4800000e+03   1.5736683e+01
   3.4900000e+03   2.5656849e+01
