   0.0000000e+00   4.8651643e-03
   1.0000000e+01   1.0776566e-02
   2.0000000e+01   4.0700828e-03
   3.0000000e+01   1.2551435e-02
   4.0000000e+01   4.0636047e-02
   5.0000000e+01   4.6985570e-01
   6.0000000e+01   1.5229624e+00
   7.0000000e+01   1.9998672e+00
   8.0000000e+01   2.2245353e+00
   9.0000000e+01   2.2980885e+00
   1.0000000e+02   2.4115779e+00
   1.1000000e+02   2.6109405e+00
   1.2000000e+02   2.6040662e+00
   1.3000000e+02   2.5476359e+00
   1.4000000e+02   2.7133105e+00
   1.5000000e+02   2.5831545e+00
   1.6000000e+02   2.6958904e+00
   1.7000000e+02   2.6070783e+00
   1.8000000e+02   2.7458583e+00
   1.9000000e+02   2.5767904e+00
   2.0000000e+02   2.3527787e+00
   2.1000000e+02   2.5469049e+00
   2.2000000e+02   2.5270208e+00
   2.3000000e+02   2.5464194e+00
   2.4000000e+02   2.5931681e+00
   2.5000000e+02   2.4895365e+00
   2.6000000e+02   2.4533959e+00
   2.7000000e+02   2.4573807e+00
   2.8000000e+02   2.4622919e+00
   2.9000000e+02   2.3392120e+00
   3.0000000e+02   2.1905056e+00
   3.1000000e+02   2.1221813e+00
   3.2000000e+02   2.1717453e+00
   3.3000000e+02   2.1107314e+00
   3.4000000e+02   2.1171036e+00
   3.5000000e+02   2.1719419e+00
   3.6000000e+02   2.0138996e+00
   3.7000000e+02   2.0124079e+00
   3.8000000e+02   2.1033939e+00
   3.9000000e+02   2.2611037e+00
   4.0000000e+02   2.0117159e+00
   4.1000000e+02   2.1671215e+00
   4.2000000e+02   1.9739455e+00
   4.3000000e+02   2.0031504e+00
   4.4000000e+02   1.9377226e+00
   4.5000000e+02   1.9830357e+00
   4.6000000e+02   1.8130431e+00
   4.7000000e+02   2.1221498e+00
   4.8000000e+02   1.9333277e+00
   4.9000000e+02   1.8885656e+00
   5.0000000e+02   2.0115652e+00
   5.1000000e+02   1.9702306e+00
   5.2000000e+02   1.9909208e+00
   5.3000000e+02   2.0372917e+00
   5.4000000e+02   1.8343501e+00
   5.5000000e+02   1.7599108e+00
   5.6000000e+02   1.7357159e+00
   5.7000000e+02   1.6869082e+00
   5.8000000e+02   1.7207899e+00
   5.9000000e+02   1.6175965e+00
   6.0000000e+02   1.6507977e+00
   6.1000000e+02   1.7218887e+00
   6.2000000e+02   1.4849622e+00
   6.3000000e+02   1.5966471e+00
   6.4000000e+02   1.6149754e+00
   6.5000000e+02   1.8267533e+00
   6.6000000e+02   1.5663220e+00
   6.7000000e+02   1.3837817e+00
   6.8000000e+02   1.5102148e+00
   6.9000000e+02   1.4342279e+00
   7.0000000e+02   1.3454174e+00
   7.1000000e+02   1.2256685e+00
   7.2000000e+02   1.5054020e+00
   7.3000000e+02   1.7102696e+00
   7.4000000e+02   1.3764770e+00
   7.5000000e+02   1.4343722e+00
   7.6000000e+02   1.0516605e+00
   7.7000000e+02   1.4056649e+00
   7.8000000e+02   1.2314531e+00
   7.9000000e+02   1.2698823e+00
   8.0000000e+02   1.0488438e+00
   8.1000000e+02   1.2985965e+00
   8.2000000e+02   1.1693728e+00
   8.3000000e+02   1.3037414e+00
   8.4000000e+02   1.1982801e+00
   8.5000000e+02   1.3297464e+00
   8.6000000e+02   1.1046725e+00
   8.7000000e+02   1.1151665e+00
   8.8000000e+02   1.2009328e+00
   8.9000000e+02   1.1403049e+00
   9.0000000e+02   1.2718029e+00
   9.1000000e+02   9.9334714e-01
   9.2000000e+02   1.3845334e+00
   9.3000000e+02   1.5484941e+00
   9.4000000e+02   1.5642767e+00
   9.5000000e+02   1.4778093e+00
   9.6000000e+02   1.6287889e+00
   9.7000000e+02   1.3517072e+00
   9.8000000e+02   1.7167855e+00
   9.9000000e+02   1.5982547e+00
   1.0000000e+03   1.5193875e+00
   1.0100000e+03   1.5726944e+00
   1.0200000e+03   1.6031060e+00
   1.0300000e+03   1.3840969e+00
   1.0400000e+03   1.4339300e+00
   1.0500000e+03   1.5914202e+00
   1.0600000e+03   1.6187833e+00
   1.0700000e+03   1.5548014e+00
   1.0800000e+03   1.5834611e+00
   1.0900000e+03   1.4468026e+00
   1.1000000e+03   1.6949941e+00
   1.1100000e+03   1.5355049e+00
   1.1200000e+03   1.4644604e+00
   1.1300000e+03   1.5448969e+00
   1.1400000e+03   1.4738403e+00
   1.1500000e+03   1.6663800e+00
   1.1600000e+03   1.4590990e+00
   1.1700000e+03   1.5117357e+00
   1.1800000e+03   1.5161365e+00
   1.1900000e+03   1.5422036e+00
   1.2000000e+03   1.5530429e+00
   1.2100000e+03   1.3796749e+00
   1.2200000e+03   1.5299686e+00
   1.2300000e+03   1.6221381e+00
   1.2400000e+03   1.5800852e+00
   1.2500000e+03   1.6540348e+00
   1.2600000e+03   1.2086278e+00
   1.2700000e+03   1.4735665e+00
   1.2800000e+03   1.5835636e+00
   1.2900000e+03   1.5083374e+00
   1.3000000e+03   1.4464740e+00
   1.3100000e+03   1.3505930e+00
   1.3200000e+03   1.6328342e+00
   1.3300000e+03   1.4593759e+00
   1.3400000e+03   1.4871263e+00
   1.3500000e+03   1.3474817e+00
   1.3600000e+03   1.3067338e+00
   1.3700000e+03   1.3606154e+00
   1.3800000e+03   1.2837018e+00
   1.3900000e+03   1.2059096e+00
   1.4000000e+03   1.0619418e+00
   1.4100000e+03   1.2354002e+00
   1.4200000e+03   1.1827074e+00
   1.4300000e+03   7.6175576e-01
   1.4400000e+03   9.0551130e-01
   1.4500000e+03   4.1893305e-01
   1.4600000e+03   9.1550803e-01
   1.4700000e+03   8.3604663e-01
   1.4800000e+03   7.6403677e-01
   1.4900000e+03   7.0007666e-01
   1.5000000e+03   6.2378500e-01
   1.5100000e+03   9.8175028e-01
   1.5200000e+03   7.5160510e-01
   1.5300000e+03   7.6235263e-01
   1.5400000e+03   6.6989596e-01
   1.5500000e+03   5.8402302e-01
   1.5600000e+03   7.2007228e-01
   1.5700000e+03   7.5580111e-01
   1.5800000e+03   8.3952411e-01
   1.5900000e+03   2.3846212e-01
   1.6000000e+03   7.8050465e-01
   1.6100000e+03   8.7113894e-01
   1.6200000e+03   8.4924839e-01
   1.6300000e+03   8.6098337e-01
   1.6400000e+03   8.5830234e-01
   1.6500000e+03   8.4895978e-01
   1.6600000e+03   8.9212805e-01
   1.6700000e+03   9.7919963e-01
   1.6800000e+03   7.7789797e-01
   1.6900000e+03   8.4627292e-01
   1.7000000e+03   4.2171393e-01
   1.7100000e+03   5.7406288e-01
   1.7200000e+03   4.3327188e-01
   1.7300000e+03   4.6354341e-01
   1.7400000e+03   4.9995009e-01
   1.7500000e+03   5.4304145e-01
   1.7600000e+03   7.9704902e-01
   1.7700000e+03   6.2649309e-01
   1.7800000e+03   6.5995905e-01
   1.7900000e+03   1.1763119e+00
   1.8000000e+03   1.0049192e+00
   1.8100000e+03   7.9713116e-01
   1.8200000e+03   8.1783184e-01
   1.8300000e+03   8.9872393e-01
   1.8400000e+03   1.2285296e+00
   1.8500000e+03   9.0814936e-01
   1.8600000e+03   8.8539841e-01
   1.8700000e+03   8.8356579e-01
   1.8800000e+03   1.2712013e+00
   1.8900000e+03   8.8509308e-01
   1.9000000e+03   9.0470224e-01
   1.9100000e+03   9.1940326e-01
   1.9200000e+03   1.2444709e+00
   1.9300000e+03   1.1469314e+00
   1.9400000e+03   1.2485646e+00
   1.9500000e+03   1.0029439e+00
   1.9600000e+03   1.0106564e+00
   1.9700000e+03   1.5497273e+00
   1.9800000e+03   1.0553756e+00
   1.9900000e+03   1.3508702e+00
   2.0000000e+03   1.4532707e+00
   2.0100000e+03   1.4802184e+00
   2.0200000e+03   1.4962563e+00
   2.0300000e+03   1.2534265e+00
   2.0400000e+03   1.5446601e+00
   2.0500000e+03   1.4986232e+00
   2.0600000e+03   1.5910300e+00
   2.0700000e+03   1.4592908e+00
   2.0800000e+03   1.4577134e+00
   2.0900000e+03   1.5069020e+00
   2.1000000e+03   1.6128419e+00
   2.1100000e+03   1.4271623e+00
   2.1200000e+03   1.6216712e+00
   2.1300000e+03   1.6065278e+00
   2.1400000e+03   1.4029043e+00
   2.1500000e+03   1.5709806e+00
   2.1600000e+03   1.7594864e+00
   2.1700000e+03   1.2291699e+00
   2.1800000e+03   1.6240617e+00
   2.1900000e+03   1.6379768e+00
   2.2000000e+03   1.6475393e+00
   2.2100000e+03   1.4534063e+00
   2.2200000e+03   1.5572425e+00
   2.2300000e+03   1.6064778e+00
   2.2400000e+03   1.3029261e+00
   2.2500000e+03   1.2665149e+00
   2.2600000e+03   1.3060796e+00
   2.2700000e+03   1.5888966e+00
   2.2800000e+03   1.4683748e+00
   2.2900000e+03   1.3819133e+00
   2.3000000e+03   1.1012436e+00
   2.3100000e+03   1.6041431e+00
   2.3200000e+03   1.5209108e+00
   2.3300000e+03   1.3900190e+00
   2.3400000e+03   1.5478046e+00
   2.3500000e+03   1.4365037e+00
   2.3600000e+03   1.4035961e+00
   2.3700000e+03   1.4432552e+00
   2.3800000e+03   1.3233324e+00
   2.3900000e+03   1.0033488e+00
   2.4000000e+03   1.1766982e+00
   2.4100000e+03   1.0254020e+00
   2.4200000e+03   1.4414687e+00
   2.4300000e+03   1.0306911e+00
   2.4400000e+03   1.0195868e+00
   2.4500000e+03   1.0229475e+00
   2.4600000e+03   1.0084542e+00
   2.4700000e+03   9.9850912e-01
   2.4800000e+03   9.7367010e-01
   2.4900000e+03   9.6046285e-01
   2.5000000e+03   8.7607792e-01
   2.5100000e+03   8.1529400e-01
   2.5200000e+03   7.9443481e-01
   2.5300000e+03   7.8270904e-01
   2.5400000e+03   7.8782105e-01
   2.5500000e+03   8.1571398e-01
   2.5600000e+03   8.2904722e-01
   2.5700000e+03   8.4663092e-01
   2.5800000e+03   8.8281706e-01
   2.5900000e+03   8.9311940e-01
   2.6000000e+03   9.3171495e-01
   2.6100000e+03   9.5554247e-01
   2.6200000e+03   1.0602567e+00
   2.6300000e+03   1.0356833e+00
   2.6400000e+03   1.0469882e+00
   2.6500000e+03   1.0445184e+00
   2.6600000e+03   1.1527253e+00
   2.6700000e+03   1.0731181e+00
   2.6800000e+03   1.0441806e+00
   2.6900000e+03   1.0614120e+00
   2.7000000e+03   1.1281935e+00
   2.7100000e+03   1.0500805e+00
   2.7200000e+03   1.2065631e+00
   2.7300000e+03   1.4519971e+00
   2.7400000e+03   9.7502505e-01
   2.7500000e+03   9.5789141e-01
   2.7600000e+03   1.1550129e+00
   2.7700000e+03   9.7201777e-01
   2.7800000e+03   9.8431722e-01
   2.7900000e+03   1.0265025e+00
   2.8000000e+03   9.9572165e-01
   2.8100000e+03   9.5739538e-01
   2.8200000e+03   1.2016385e+00
   2.8300000e+03   1.0086163e+00
   2.8400000e+03   9.4144517e-01
   2.8500000e+03   9.1343218e-01
   2.8600000e+03   8.9682510e-01
   2.8700000e+03   8.7453494e-01
   2.8800000e+03   1.0778863e+00
   2.8900000e+03   8.6271254e-01
   2.9000000e+03   8.9881193e-01
   2.9100000e+03   9.5680361e-01
   2.9200000e+03   9.3152549e-01
   2.9300000e+03   8.7556045e-01
   2.9400000e+03   8.5620549e-01
   2.9500000e+03   8.2048675e-01
   2.9600000e+03   8.1494365e-01
   2.9700000e+03   1.1870437e+00
   2.9800000e+03   1.1687384e+00
   2.9900000e+03   9.6361507e-01
   3.0000000e+03   1.0154605e+00
   3.0100000e+03   7.8245950e-01
   3.0200000e+03   8.6097139e-01
   3.0300000e+03   7.6623260e-01
   3.0400000e+03   8.4365242e-01
   3.0500000e+03   7.7479803e-01
   3.0600000e+03   1.2218760e+00
   3.0700000e+03   8.7375573e-01
   3.0800000e+03   1.0020901e+00
   3.0900000e+03   1.3726533e+00
   3.1000000e+03   1.2859533e+00
   3.1100000e+03   1.3473838e+00
   3.1200000e+03   1.2911424e+00
   3.1300000e+03   1.0697587e+00
   3.1400000e+03   1.4734623e+00
   3.1500000e+03   1.4458515e+00
   3.1600000e+03   1.5785136e+00
   3.1700000e+03   1.4203618e+00
   3.1800000e+03   1.4862093e+00
   3.1900000e+03   1.6118607e+00
   3.2000000e+03   1.1093433e+00
   3.2100000e+03   1.4665604e+00
   3.2200000e+03   1.5419390e+00
   3.2300000e+03   1.5622019e+00
   3.2400000e+03   1.6256123e+00
   3.2500000e+03   1.2130452e+00
   3.2600000e+03   1.5187026e+00
   3.2700000e+03   1.6195331e+00
   3.2800000e+03   1.6450995e+00
   3.2900000e+03   1.5745027e+00
   3.3000000e+03   1.8082097e+00
   3.3100000e+03   1.4004682e+00
   3.3200000e+03   1.6572950e+00
   3.3300000e+03   1.5774892e+00
   3.3400000e+03   1.0882754e+00
   3.3500000e+03   1.5047461e+00
   3.3600000e+03   1.5274037e+00
   3.3700000e+03   1.2926532e+00
   3.3800000e+03   1.3419094e+00
   3.3900000e+03   1.2275661e+00
   3.4000000e+03   1.1945104e+00
   3.4100000e+03   1.0930354e+00
   3.4200000e+03   1.3892675e+00
   3.4300000e+03   1.2210659e+00
   3.4400000e+03   1.0839031e+00
   3.4500000e+03   1.0139129e+00
   3.4600000e+03   8.0178100e-01
   3.4700000e+03   9.8243360e-01
   3.4800000e+03   1.1395669e+00
   3.4900000e+03   7.2017041e-01
