   0.0000000e+00  -2.1858089e-03
   1.0000000e+01   1.5772231e-02
   2.0000000e+01   1.4031145e-03
   3.0000000e+01  -6.5909348e-03
   4.0000000e+01  -2.2450584e-04
   5.0000000e+01   1.8698671e-04
   6.0000000e+01   3.9257224e-03
   7.0000000e+01   2.9415361e-02
   8.0000000e+01  -2.5040693e-01
   9.0000000e+01  -2.4849726e-01
   1.0000000e+02  -2.6932462e-01
   1.1000000e+02  -4.1783943e-01
   1.2000000e+02  -6.3338667e-01
   1.3000000e+02  -8.8525413e-01
   1.4000000e+02  -1.1784462e+00
   1.5000000e+02  -1.5343881e+00
   1.6000000e+02  -1.8916563e+00
   1.7000000e+02  -2.2349449e+00
   1.8000000e+02  -2.5867856e+00
   1.9000000e+02  -2.9723224e+00
   2.0000000e+02  -3.3120718e+00
   2.1000000e+02  -3.6354581e+00
   2.2000000e+02  -3.9652479e+00
   2.3000000e+02  -4.2602919e+00
   2.4000000e+02  -4.5434434e+00
   2.5000000e+02  -4.8046643e+00
   2.6000000e+02  -5.0799903e+00
   2.7000000e+02  -5.3247170e+00
   2.8000000e+02  -5.5836054e+00
   2.9000000e+02  -5.8081256e+00
   3.0000000e+02  -6.0201008e+00
   3.1000000e+02  -6.2109731e+00
   3.2000000e+02  -6.3993474e+00
   3.3000000e+02  -6.5780641e+00
   3.4000000e+02  -6.7464265e+00
   3.5000000e+02  -6.8975358e+00
   3.6000000e+02  -7.0417513e+00
   3.7000000e+02  -7.1986888e+00
   3.8000000e+02  -7.3514187e+00
   3.9000000e+02  -7.4730883e+00
   4.0000000e+02  -7.5987055e+00
   4.1000000e+02  -7.7191890e+00
   4.2000000e+02  -7.8252622e+00
   4.3000000e+02  -7.9364515e+00
   4.4000000e+02  -8.0201936e+00
   4.5000000e+02  -8.1159191e+00
   4.6000000e+02  -8.2197339e+00
   4.7000000e+02  -8.2912726e+00
   4.8000000e+02  -8.4122790e+00
   4.9000000e+02  -8.4676102e+00
   5.0000000e+02  -8.5233596e+00
   5.1000000e+02  -8.6056674e+00
   5.2000000e+02  -8.6696660e+00
   5.3000000e+02  -8.7390591e+00
   5.4000000e+02  -8.8150229e+00
   5.5000000e+02  -8.8915307e+00
   5.6000000e+02  -8.9586957e+00
   5.7000000e+02  -8.9867470e+00
   5.8000000e+02  -9.0831871e+00
   5.9000000e+02  -9.0530083e+00
   6.0000000e+02  -9.1024972e+00
   6.1000000e+02  -9.1589646e+00
   6.2000000e+02  -9.1728758e+00
   6.3000000e+02  -9.2129802e+00
   6.4000000e+02  -9.2556653e+00
   6.5000000e+02  -9.2719737e+00
   6.6000000e+02  -9.2915003e+00
   6.7000000e+02  -9.3140990e+00
   6.8000000e+02  -9.3300031e+00
   6.9000000e+02  -9.3773464e+00
   7.0000000e+02  -9.3868201e+00
   7.1000000e+02  -9.4135218e+00
   7.2000000e+02  -9.4535891e+00
   7.3000000e+02  -9.4552347e+00
   7.4000000e+02  -9.4704234e+00
   7.5000000e+02  -9.4861506e+00
   7.6000000e+02  -9.5003184e+00
   7.7000000e+02  -9.5240454e+00
   7.8000000e+02  -9.5109371e+00
   7.9000000e+02  -9.5383336e+00
   8.0000000e+02  -9.5533142e+00
   8.1000000e+02  -9.5580569e+00
   8.2000000e+02  -9.5553258e+00
   8.3000000e+02  -9.5777113e+00
   8.4000000e+02  -9.5632858e+00
   8.5000000e+02  -9.5897647e+00
   8.6000000e+02  -9.5951795e+00
   8.7000000e+02  -9.5958786e+00
   8.8000000e+02  -9.5890697e+00
   8.9000000e+02  -9.5896725e+00
   9.0000000e+02  -9.6076758e+00
   9.1000000e+02  -9.6297193e+00
   9.2000000e+02  -9.6291084e+00
   9.3000000e+02  -9.6582182e+00
   9.4000000e+02  -9.6894795e+00
   9.5000000e+02  -9.7070164e+00
   9.6000000e+02  -9.7224737e+00
   9.7000000e+02  -9.7163807e+00
   9.8000000e+02  -9.7185553e+00
   9.9000000e+02  -9.7165899e+00
   1.0000000e+03  -9.7130775e+00
   1.0100000e+03  -9.7218480e+00
   1.0200000e+03  -9.7381054e+00
   1.0300000e+03  -9.7659617e+00
   1.0400000e+03  -9.7712088e+00
   1.0500000e+03  -9.8025674e+00
   1.0600000e+03  -9.7848593e+00
   1.0700000e+03  -9.7737045e+00
   1.0800000e+03  -9.7651858e+00
   1.0900000e+03  -9.7221760e+00
   1.1000000e+03  -9.7223151e+00
   1.1100000e+03  -9.6941639e+00
   1.1200000e+03  -9.6998492e+00
   1.1300000e+03  -9.7003519e+00
   1.1400000e+03  -9.7119273e+00
   1.1500000e+03  -9.7241282e+00
   1.1600000e+03  -9.7547483e+00
   1.1700000e+03  -9.7574395e+00
   1.1800000e+03  -9.7783040e+00
   1.1900000e+03  -9.7891418e+00
   1.2000000e+03  -9.7704534e+00
   1.2100000e+03  -9.7592236e+00
   1.2200000e+03  -9.7489776e+00
   1.2300000e+03  -9.6989212e+00
   1.2400000e+03  -9.7074524e+00
   1.2500000e+03  -9.7136116e+00
   1.2600000e+03  -9.7031359e+00
   1.2700000e+03  -9.7161155e+00
   1.2800000e+03  -9.7302536e+00
   1.2900000e+03  -9.7274288e+00
   1.3000000e+03  -9.7100328e+00
   1.3100000e+03  -9.6772532e+00
   1.3200000e+03  -9.6696005e+00
   1.3300000e+03  -9.6723610e+00
   1.3400000e+03  -9.6619281e+00
   1.3500000e+03  -9.6020965e+00
   1.3600000e+03  -9.6509499e+00
   1.3700000e+03  -9.6495133e+00
   1.3800000e+03  -9.5540809e+00
   1.3900000e+03  -9.4952655e+00
   1.4000000e+03  -9.5369335e+00
   1.4100000e+03  -9.5362810e+00
   1.4200000e+03  -9.4933653e+00
   1.4300000e+03  -9.4687125e+00
   1.4400000e+03  -9.4297539e+00
   1.4500000e+03  -9.4757726e+00
   1.4600000e+03  -9.4601458e+00
   1.4700000e+03  -9.5019005e+00
   1.4800000e+03  -9.5027859e+00
   1.4900000e+03  -9.4671449e+00
   1.5000000e+03  -9.4243514e+00
   1.5100000e+03  -9.5317668e+00
   1.5200000e+03  -9.5512410e+00
   1.5300000e+03  -9.3826113e+00
   1.5400000e+03  -9.5356152e+00
   1.5500000e+03  -9.5819278e+00
   1.5600000e+03  -9.4508516e+00
   1.5700000e+03  -9.5376369e+00
   1.5800000e+03  -9.5771419e+00
   1.5900000e+03  -9.6461881e+00
   1.6000000e+03  -9.6645868e+00
   1.6100000e+03  -9.6423257e+00
   1.6200000e+03  -9.5875180e+00
   1.6300000e+03  -9.6927138e+00
   1.6400000e+03  -9.6828224e+00
   1.6500000e+03  -9.5760154e+00
   1.6600000e+03  -9.5863674e+00
   1.6700000e+03  -9.5385519e+00
   1.6800000e+03  -9.4946435e+00
   1.6900000e+03  -9.5119237e+00
   1.7000000e+03  -9.5665153e+00
   1.7100000e+03  -9.4642819e+00
   1.7200000e+03  -9.4485302e+00
   1.7300000e+03  -9.6204976e+00
   1.7400000e+03  -9.4394322e+00
   1.7500000e+03  -9.4169944e+00
   1.7600000e+03  -9.4216770e+00
   1.7700000e+03  -9.2921963e+00
   1.7800000e+03  -9.4697564e+00
   1.7900000e+03  -9.3946641e+00
   1.8000000e+03  -9.5775543e+00
   1.8100000e+03  -9.3178038e+00
   1.8200000e+03  -9.5111190e+00
   1.8300000e+03  -9.2597572e+00
   1.8400000e+03  -9.2604711e+00
   1.8500000e+03  -9.4318971e+00
   1.8600000e+03  -9.5919321e+00
   1.8700000e+03  -9.5442250e+00
   1.8800000e+03  -9.5243416e+00
   1.8900000e+03  -9.5066131e+00
   1.9000000e+03  -9.6592778e+00
   1.9100000e+03  -9.5922636e+00
   1.9200000e+03  -9.5732012e+00
   1.9300000e+03  -9.5061892e+00
   1.9400000e+03  -9.6225925e+00
   1.9500000e+03  -9.6585177e+00
   1.9600000e+03  -9.4603380e+00
   1.9700000e+03  -9.2118617e+00
   1.9800000e+03  -9.4855945e+00
   1.9900000e+03  -9.2072789e+00
   2.0000000e+03  -9.4738868e+00
   2.0100000e+03  -9.4696022e+00
   2.0200000e+03  -9.5134039e+00
   2.0300000e+03  -9.5614997e+00
   2.0400000e+03  -9.4987187e+00
   2.0500000e+03  -9.3964752e+00
   2.0600000e+03  -9.7806358e+00
   2.0700000e+03  -9.8126600e+00
   2.0800000e+03  -9.8426208e+00
   2.0900000e+03  -9.7927081e+00
   2.1000000e+03  -9.8469627e+00
   2.1100000e+03  -9.8745640e+00
   2.1200000e+03  -9.8864138e+00
   2.1300000e+03  -9.8721724e+00
   2.1400000e+03  -9.9431721e+00
   2.1500000e+03  -9.9558562e+00
   2.1600000e+03  -9.8995538e+00
   2.1700000e+03  -9.8687680e+00
   2.1800000e+03  -9.9479857e+00
   2.1900000e+03  -9.9254510e+00
   2.2000000e+03  -9.9582686e+00
   2.2100000e+03  -9.9459696e+00
   2.2200000e+03  -9.9276790e+00
   2.2300000e+03  -9.9497898e+00
   2.2400000e+03  -9.9288058e+00
   2.2500000e+03  -9.9604310e+00
   2.2600000e+03  -9.8814309e+00
   2.2700000e+03  -9.9258471e+00
   2.2800000e+03  -9.9331273e+00
   2.2900000e+03  -9.9234092e+00
   2.3000000e+03  -9.9182648e+00
   2.3100000e+03  -9.7757647e+00
   2.3200000e+03  -9.8760265e+00
   2.3300000e+03  -9.8671800e+00
   2.3400000e+03  -9.9634249e+00
   2.3500000e+03  -9.9255425e+00
   2.3600000e+03  -9.8329181e+00
   2.3700000e+03  -9.9660323e+00
   2.3800000e+03  -9.9405955e+00
   2.3900000e+03  -9.8954583e+00
   2.4000000e+03  -9.9491516e+00
   2.4100000e+03  -9.9522455e+00
   2.4200000e+03  -9.9977178e+00
   2.4300000e+03  -9.7713588e+00
   2.4400000e+03  -9.9159022e+00
   2.4500000e+03  -9.8315996e+00
   2.4600000e+03  -9.9070555e+00
   2.4700000e+03  -9.8684523e+00
   2.4800000e+03  -9.6384597e+00
   2.4900000e+03  -9.7350474e+00
   2.5000000e+03  -9.9229416e+00
   2.5100000e+03  -9.9265734e+00
   2.5200000e+03  -9.9036467e+00
   2.5300000e+03  -9.9304309e+00
   2.5400000e+03  -9.9045438e+00
   2.5500000e+03  -9.7302925e+00
   2.5600000e+03  -9.9905086e+00
   2.5700000e+03  -9.9393000e+00
   2.5800000e+03  -9.9468635e+00
   2.5900000e+03  -9.9406555e+00
   2.6000000e+03  -1.0060136e+01
   2.6100000e+03  -1.0141965e+01
   2.6200000e+03  -1.0067850e+01
   2.6300000e+03  -1.0110276e+01
   2.6400000e+03  -9.9465280e+00
   2.6500000e+03  -9.6978358e+00
   2.6600000e+03  -9.8695049e+00
   2.6700000e+03  -9.9657630e+00
   2.6800000e+03  -9.9367864e+00
   2.6900000e+03  -1.0032471e+01
   2.7000000e+03  -9.8283691e+00
   2.7100000e+03  -9.9346531e+00
   2.7200000e+03  -9.9892645e+00
   2.7300000e+03  -1.0012410e+01
   2.7400000e+03  -9.8864742e+00
   2.7500000e+03  -1.0016168e+01
   2.7600000e+03  -1.0020175e+01
   2.7700000e+03  -9.9693209e+00
   2.7800000e+03  -1.0081631e+01
   2.7900000e+03  -1.0061171e+01
   2.8000000e+03  -1.0057365e+01
   2.8100000e+03  -1.0084242e+01
   2.8200000e+03  -9.9639318e+00
   2.8300000e+03  -1.0070342e+01
   2.8400000e+03  -9.8616172e+00
   2.8500000e+03  -9.9007547e+00
   2.8600000e+03  -9.8920912e+00
   2.8700000e+03  -9.8076602e+00
   2.8800000e+03  -9.7228982e+00
   2.8900000e+03  -2.6352814e+02
   2.9000000e+03  -2.6352814e+02
   2.9100000e+03  -2.6352814e+02
   2.9200000e+03  -2.6352814e+02
   2.9300000e+03  -2.6352814e+02
   2.9400000e+03  -2.6352814e+02
   2.9500000e+03  -2.6352814e+02
   2.9600000e+03  -2.6352814e+02
   2.9700000e+03  -2.6352814e+02
   2.9800000e+03  -2.6352814e+02
   2.9900000e+03  -2.6352814e+02
   3.0000000e+03  -2.6352814e+02
   3.0100000e+03  -2.6352814e+02
   3.0200000e+03  -2.6352814e+02
   3.0300000e+03  -2.6352814e+02
   3.0400000e+03  -2.6352814e+02
   3.0500000e+03  -2.6352814e+02
   3.0600000e+03  -2.6352814e+02
   3.0700000e+03  -2.6352814e+02
   3.0800000e+03  -2.6352814e+02
   3.0900000e+03  -2.6352814e+02
   3.1000000e+03  -2.6352814e+02
   3.1100000e+03  -2.6352814e+02
   3.1200000e+03  -2.6352814e+02
   3.1300000e+03  -2.6352814e+02
   3.1400000e+03  -2.6352814e+02
   3.1500000e+03  -2.6352814e+02
   3.1600000e+03  -2.6352814e+02
   3.1700000e+03  -2.6352814e+02
   3.1800000e+03  -2.6352814e+02
   3.1900000e+03  -2.6352814e+02
   3.2000000e+03  -2.6352814e+02
   3.2100000e+03  -2.6352814e+02
   3.2200000e+03  -2.6352814e+02
   3.2300000e+03  -2.6352814e+02
   3.2400000e+03  -2.6352814e+02
   3.2500000e+03  -2.6352814e+02
   3.2600000e+03  -2.6352814e+02
   3.2700000e+03  -2.6352814e+02
   3.2800000e+03  -2.6352814e+02
   3.2900000e+03  -2.6352814e+02
   3.3000000e+03  -2.6352814e+02
   3.3100000e+03  -2.6352814e+02
   3.3200000e+03  -2.6352814e+02
   3.3300000e+03  -2.6352814e+02
   3.3400000e+03  -2.6352814e+02
   3.3500000e+03  -2.6352814e+02
   3.3600000e+03  -2.6352814e+02
   3.3700000e+03  -2.6352814e+02
   3.3800000e+03  -2.6352814e+02
   3.3900000e+03  -2.6352814e+02
   3.4000000e+03  -2.6352814e+02
   3.4100000e+03  -2.6352814e+02
   3.4200000e+03  -2.6352814e+02
   3.4300000e+03  -2.6352814e+02
   3.4400000e+03  -2.6352814e+02
   3.4500000e+03  -2.6352814e+02
   3.4600000e+03  -2.6352814e+02
   3.4700000e+03  -2.6352814e+02
   3.4800000e+03  -2.6352814e+02
   3.4900000e+03  -2.6352814e+02
