   0.0000000e+00   1.8025424e+01
   1.0000000e+01   1.8033630e+01
   2.0000000e+01   1.8024834e+01
   3.0000000e+01   1.8028909e+01
   4.0000000e+01   1.8033650e+01
   5.0000000e+01   1.8027331e+01
   6.0000000e+01   1.8019699e+01
   7.0000000e+01   1.8016406e+01
   8.0000000e+01   1.7486895e+01
   9.0000000e+01   1.7946519e+01
   1.0000000e+02   1.8269580e+01
   1.1000000e+02   1.8538297e+01
   1.2000000e+02   1.8565154e+01
   1.3000000e+02   1.8639741e+01
   1.4000000e+02   1.8735505e+01
   1.5000000e+02   1.8808827e+01
   1.6000000e+02   1.8848680e+01
   1.7000000e+02   1.8814909e+01
   1.8000000e+02   1.8817683e+01
   1.9000000e+02   1.8880870e+01
   2.0000000e+02   1.8917901e+01
   2.1000000e+02   1.8874615e+01
   2.2000000e+02   1.8944673e+01
   2.3000000e+02   1.8939028e+01
   2.4000000e+02   1.8977278e+01
   2.5000000e+02   1.8905009e+01
   2.6000000e+02   1.8940942e+01
   2.7000000e+02   1.8916245e+01
   2.8000000e+02   1.8922011e+01
   2.9000000e+02   1.8918187e+01
   3.0000000e+02   1.8980436e+01
   3.1000000e+02   1.8973502e+01
   3.2000000e+02   1.8980202e+01
   3.3000000e+02   1.8911659e+01
   3.4000000e+02   1.8969369e+01
   3.5000000e+02   1.8936891e+01
   3.6000000e+02   1.8960438e+01
   3.7000000e+02   1.8934709e+01
   3.8000000e+02   1.8922915e+01
   3.9000000e+02   1.8966357e+01
   4.0000000e+02   1.8925883e+01
   4.1000000e+02   1.8987214e+01
   4.2000000e+02   1.8946008e+01
   4.3000000e+02   1.8892301e+01
   4.4000000e+02   1.8913879e+01
   4.5000000e+02   1.8870217e+01
   4.6000000e+02   1.8867215e+01
   4.7000000e+02   1.8938034e+01
   4.8000000e+02   1.9016967e+01
   4.9000000e+02   1.8915610e+01
   5.0000000e+02   1.8950647e+01
   5.1000000e+02   1.8915469e+01
   5.2000000e+02   1.8904051e+01
   5.3000000e+02   1.8948261e+01
   5.4000000e+02   1.9015390e+01
   5.5000000e+02   1.9000130e+01
   5.6000000e+02   1.8869170e+01
   5.7000000e+02   1.8850576e+01
   5.8000000e+02   1.8705821e+01
   5.9000000e+02   1.8840630e+01
   6.0000000e+02   1.8831580e+01
   6.1000000e+02   1.8841107e+01
   6.2000000e+02   1.8834011e+01
   6.3000000e+02   1.8875564e+01
   6.4000000e+02   1.8844522e+01
   6.5000000e+02   1.8849655e+01
   6.6000000e+02   1.8896810e+01
   6.7000000e+02   1.8877143e+01
   6.8000000e+02   1.8907722e+01
   6.9000000e+02   1.8898027e+01
   7.0000000e+02   1.8917834e+01
   7.1000000e+02   1.8910556e+01
   7.2000000e+02   1.8905075e+01
   7.3000000e+02   1.8966048e+01
   7.4000000e+02   1.8890672e+01
   7.5000000e+02   1.8892905e+01
   7.6000000e+02   1.8863527e+01
   7.7000000e+02   1.8870104e+01
   7.8000000e+02   1.8941560e+01
   7.9000000e+02   1.8901362e+01
   8.0000000e+02   1.8876742e+01
   8.1000000e+02   1.8871799e+01
   8.2000000e+02   1.8933180e+01
   8.3000000e+02   1.8863407e+01
   8.4000000e+02   1.8959360e+01
   8.5000000e+02   1.8923784e+01
   8.6000000e+02   1.8906116e+01
   8.7000000e+02   1.8891044e+01
   8.8000000e+02   1.8919605e+01
   8.9000000e+02   1.8773142e+01
   9.0000000e+02   1.8923153e+01
   9.1000000e+02   1.8941374e+01
   9.2000000e+02   1.8964705e+01
   9.3000000e+02   1.8972197e+01
   9.4000000e+02   1.8988915e+01
   9.5000000e+02   1.9012770e+01
   9.6000000e+02   1.8951971e+01
   9.7000000e+02   1.8900748e+01
   9.8000000e+02   1.8982297e+01
   9.9000000e+02   1.8990509e+01
   1.0000000e+03   1.8916551e+01
   1.0100000e+03   1.8907376e+01
   1.0200000e+03   1.9002994e+01
   1.0300000e+03   1.9024021e+01
   1.0400000e+03   1.9020665e+01
   1.0500000e+03   1.8967958e+01
   1.0600000e+03   1.8918532e+01
   1.0700000e+03   1.8862827e+01
   1.0800000e+03   1.8915811e+01
   1.0900000e+03   1.8855106e+01
   1.1000000e+03   1.8843142e+01
   1.1100000e+03   1.8831217e+01
   1.1200000e+03   1.8909979e+01
   1.1300000e+03   1.8878407e+01
   1.1400000e+03   1.8831893e+01
   1.1500000e+03   1.8920647e+01
   1.1600000e+03   1.8989479e+01
   1.1700000e+03   1.9050106e+01
   1.1800000e+03   1.8941506e+01
   1.1900000e+03   1.8952771e+01
   1.2000000e+03   1.8811560e+01
   1.2100000e+03   1.8919182e+01
   1.2200000e+03   1.8887850e+01
   1.2300000e+03   1.8865219e+01
   1.2400000e+03   1.8891065e+01
   1.2500000e+03   1.8942687e+01
   1.2600000e+03   1.8873323e+01
   1.2700000e+03   1.8859503e+01
   1.2800000e+03   1.8831082e+01
   1.2900000e+03   1.8933601e+01
   1.3000000e+03   1.8828673e+01
   1.3100000e+03   1.8841289e+01
   1.3200000e+03   1.8835441e+01
   1.3300000e+03   1.8876759e+01
   1.3400000e+03   1.8841902e+01
   1.3500000e+03   1.8828518e+01
   1.3600000e+03   1.8810833e+01
   1.3700000e+03   1.8884148e+01
   1.3800000e+03   1.8844675e+01
   1.3900000e+03   1.8846748e+01
   1.4000000e+03   1.8822053e+01
   1.4100000e+03   1.8805541e+01
   1.4200000e+03   1.8836345e+01
   1.4300000e+03   1.8842514e+01
   1.4400000e+03   1.8849445e+01
   1.4500000e+03   1.8870517e+01
   1.4600000e+03   1.8841748e+01
   1.4700000e+03   1.8972564e+01
   1.4800000e+03   1.8940381e+01
   1.4900000e+03   1.8802561e+01
   1.5000000e+03   1.8809823e+01
   1.5100000e+03   1.8784051e+01
   1.5200000e+03   1.8832422e+01
   1.5300000e+03   1.8762004e+01
   1.5400000e+03   1.8837741e+01
   1.5500000e+03   1.8798925e+01
   1.5600000e+03   1.8525355e+01
   1.5700000e+03   1.8974169e+01
   1.5800000e+03   1.8871857e+01
   1.5900000e+03   1.8986928e+01
   1.6000000e+03   1.8898162e+01
   1.6100000e+03   1.8947635e+01
   1.6200000e+03   1.8972391e+01
   1.6300000e+03   1.8921472e+01
   1.6400000e+03   1.8811176e+01
   1.6500000e+03   1.8845381e+01
   1.6600000e+03   1.8836489e+01
   1.6700000e+03   1.8662046e+01
   1.6800000e+03   1.8775939e+01
   1.6900000e+03   1.8739756e+01
   1.7000000e+03   1.8743038e+01
   1.7100000e+03   1.8744412e+01
   1.7200000e+03   1.8841228e+01
   1.7300000e+03   1.8827400e+01
   1.7400000e+03   1.8850034e+01
   1.7500000e+03   1.8752893e+01
   1.7600000e+03   1.8852135e+01
   1.7700000e+03   1.8819825e+01
   1.7800000e+03   1.8757991e+01
   1.7900000e+03   1.8677438e+01
   1.8000000e+03   1.8829011e+01
   1.8100000e+03   1.8752177e+01
   1.8200000e+03   1.8868567e+01
   1.8300000e+03   1.8759289e+01
   1.8400000e+03   1.8793367e+01
   1.8500000e+03   1.8790036e+01
   1.8600000e+03   1.8854151e+01
   1.8700000e+03   1.8781879e+01
   1.8800000e+03   1.8864476e+01
   1.8900000e+03   1.8848694e+01
   1.9000000e+03   1.8831085e+01
   1.9100000e+03   1.8890693e+01
   1.9200000e+03   1.8916120e+01
   1.9300000e+03   1.8853057e+01
   1.9400000e+03   1.8850364e+01
   1.9500000e+03   1.8921118e+01
   1.9600000e+03   1.8842717e+01
   1.9700000e+03   1.8782988e+01
   1.9800000e+03   1.8861456e+01
   1.9900000e+03   1.8833226e+01
   2.0000000e+03   1.8859868e+01
   2.0100000e+03   1.8905169e+01
   2.0200000e+03   1.8843340e+01
   2.0300000e+03   1.8748949e+01
   2.0400000e+03   1.8792299e+01
   2.0500000e+03   1.8800411e+01
   2.0600000e+03   1.8912060e+01
   2.0700000e+03   1.8961180e+01
   2.0800000e+03   1.8869742e+01
   2.0900000e+03   1.8898446e+01
   2.1000000e+03   1.8807455e+01
   2.1100000e+03   1.8840567e+01
   2.1200000e+03   1.8869379e+01
   2.1300000e+03   1.8874016e+01
   2.1400000e+03   1.8837587e+01
   2.1500000e+03   1.8830091e+01
   2.1600000e+03   1.8790932e+01
   2.1700000e+03   1.8802958e+01
   2.1800000e+03   1.8838604e+01
   2.1900000e+03   1.8819707e+01
   2.2000000e+03   1.8941322e+01
   2.2100000e+03   1.8912261e+01
   2.2200000e+03   1.8883817e+01
   2.2300000e+03   1.9024636e+01
   2.2400000e+03   1.8964321e+01
   2.2500000e+03   1.8906942e+01
   2.2600000e+03   1.8877575e+01
   2.2700000e+03   1.8969578e+01
   2.2800000e+03   1.8893711e+01
   2.2900000e+03   1.8897333e+01
   2.3000000e+03   1.8978499e+01
   2.3100000e+03   1.8860549e+01
   2.3200000e+03   1.8829838e+01
   2.3300000e+03   1.8662369e+01
   2.3400000e+03   1.8906520e+01
   2.3500000e+03   1.8840024e+01
   2.3600000e+03   1.8760877e+01
   2.3700000e+03   1.8866364e+01
   2.3800000e+03   1.8897656e+01
   2.3900000e+03   1.8794072e+01
   2.4000000e+03   1.8865737e+01
   2.4100000e+03   1.8797269e+01
   2.4200000e+03   1.8856229e+01
   2.4300000e+03   1.8742710e+01
   2.4400000e+03   1.8793710e+01
   2.4500000e+03   1.8741546e+01
   2.4600000e+03   1.8773972e+01
   2.4700000e+03   1.8753410e+01
   2.4800000e+03   1.8886316e+01
   2.4900000e+03   1.8869222e+01
   2.5000000e+03   1.8881102e+01
   2.5100000e+03   1.8822767e+01
   2.5200000e+03   1.8812376e+01
   2.5300000e+03   1.8938128e+01
   2.5400000e+03   1.8944823e+01
   2.5500000e+03   1.8937945e+01
   2.5600000e+03   1.9008083e+01
   2.5700000e+03   1.8922595e+01
   2.5800000e+03   1.8969343e+01
   2.5900000e+03   1.8967393e+01
   2.6000000e+03   1.8838530e+01
   2.6100000e+03   1.8867181e+01
   2.6200000e+03   1.8982985e+01
   2.6300000e+03   1.8777599e+01
   2.6400000e+03   1.8960865e+01
   2.6500000e+03   1.8693060e+01
   2.6600000e+03   1.8746335e+01
   2.6700000e+03   1.8656286e+01
   2.6800000e+03   1.8650280e+01
   2.6900000e+03   1.8757010e+01
   2.7000000e+03   1.8797167e+01
   2.7100000e+03   1.8730094e+01
   2.7200000e+03   1.8797605e+01
   2.7300000e+03   1.8872479e+01
   2.7400000e+03   1.8749424e+01
   2.7500000e+03   1.8756737e+01
   2.7600000e+03   1.8785225e+01
   2.7700000e+03   1.8908316e+01
   2.7800000e+03   1.8851503e+01
   2.7900000e+03   1.8945794e+01
   2.8000000e+03   1.8889284e+01
   2.8100000e+03   1.8914302e+01
   2.8200000e+03   1.8949610e+01
   2.8300000e+03   1.8887527e+01
   2.8400000e+03   1.8804958e+01
   2.8500000e+03   1.8758431e+01
   2.8600000e+03   1.8797417e+01
   2.8700000e+03   1.8750019e+01
   2.8800000e+03   1.8747712e+01
   2.8900000e+03  -2.4590111e+02
   2.9000000e+03  -2.4590111e+02
   2.9100000e+03  -2.4590111e+02
   2.9200000e+03  -2.4590111e+02
   2.9300000e+03  -2.4590111e+02
   2.9400000e+03  -2.4590111e+02
   2.9500000e+03  -2.4590111e+02
   2.9600000e+03  -2.4590111e+02
   2.9700000e+03  -2.4590111e+02
   2.9800000e+03  -2.4590111e+02
   2.9900000e+03  -2.4590111e+02
   3.0000000e+03  -2.4590111e+02
   3.0100000e+03  -2.4590111e+02
   3.0200000e+03  -2.4590111e+02
   3.0300000e+03  -2.4590111e+02
   3.0400000e+03  -2.4590111e+02
   3.0500000e+03  -2.4590111e+02
   3.0600000e+03  -2.4590111e+02
   3.0700000e+03  -2.4590111e+02
   3.0800000e+03  -2.4590111e+02
   3.0900000e+03  -2.4590111e+02
   3.1000000e+03  -2.4590111e+02
   3.1100000e+03  -2.4590111e+02
   3.1200000e+03  -2.4590111e+02
   3.1300000e+03  -2.4590111e+02
   3.1400000e+03  -2.4590111e+02
   3.1500000e+03  -2.4590111e+02
   3.1600000e+03  -2.4590111e+02
   3.1700000e+03  -2.4590111e+02
   3.1800000e+03  -2.4590111e+02
   3.1900000e+03  -2.4590111e+02
   3.2000000e+03  -2.4590111e+02
   3.2100000e+03  -2.4590111e+02
   3.2200000e+03  -2.4590111e+02
   3.2300000e+03  -2.4590111e+02
   3.2400000e+03  -2.4590111e+02
   3.2500000e+03  -2.4590111e+02
   3.2600000e+03  -2.4590111e+02
   3.2700000e+03  -2.4590111e+02
   3.2800000e+03  -2.4590111e+02
   3.2900000e+03  -2.4590111e+02
   3.3000000e+03  -2.4590111e+02
   3.3100000e+03  -2.4590111e+02
   3.3200000e+03  -2.4590111e+02
   3.3300000e+03  -2.4590111e+02
   3.3400000e+03  -2.4590111e+02
   3.3500000e+03  -2.4590111e+02
   3.3600000e+03  -2.4590111e+02
   3.3700000e+03  -2.4590111e+02
   3.3800000e+03  -2.4590111e+02
   3.3900000e+03  -2.4590111e+02
   3.4000000e+03  -2.4590111e+02
   3.4100000e+03  -2.4590111e+02
   3.4200000e+03  -2.4590111e+02
   3.4300000e+03  -2.4590111e+02
   3.4400000e+03  -2.4590111e+02
   3.4500000e+03  -2.4590111e+02
   3.4600000e+03  -2.4590111e+02
   3.4700000e+03  -2.4590111e+02
   3.4800000e+03  -2.4590111e+02
   3.4900000e+03  -2.4590111e+02
