   0.0000000e+00   1.7980390e+01
   1.0000000e+01   1.7986301e+01
   2.0000000e+01   1.7979595e+01
   3.0000000e+01   1.7988076e+01
   4.0000000e+01   1.8016161e+01
   5.0000000e+01   1.8445381e+01
   6.0000000e+01   1.9498487e+01
   7.0000000e+01   1.9975392e+01
   8.0000000e+01   2.0200060e+01
   9.0000000e+01   2.0273613e+01
   1.0000000e+02   2.0387103e+01
   1.1000000e+02   2.0586465e+01
   1.2000000e+02   2.0579591e+01
   1.3000000e+02   2.0523161e+01
   1.4000000e+02   2.0688835e+01
   1.5000000e+02   2.0558679e+01
   1.6000000e+02   2.0671415e+01
   1.7000000e+02   2.0582603e+01
   1.8000000e+02   2.0721383e+01
   1.9000000e+02   2.0552315e+01
   2.0000000e+02   2.0328304e+01
   2.1000000e+02   2.0522430e+01
   2.2000000e+02   2.0502546e+01
   2.3000000e+02   2.0521944e+01
   2.4000000e+02   2.0568693e+01
   2.5000000e+02   2.0465061e+01
   2.6000000e+02   2.0428921e+01
   2.7000000e+02   2.0432906e+01
   2.8000000e+02   2.0437817e+01
   2.9000000e+02   2.0314737e+01
   3.0000000e+02   2.0166031e+01
   3.1000000e+02   2.0097706e+01
   3.2000000e+02   2.0147270e+01
   3.3000000e+02   2.0086256e+01
   3.4000000e+02   2.0092628e+01
   3.5000000e+02   2.0147467e+01
   3.6000000e+02   1.9989425e+01
   3.7000000e+02   1.9987933e+01
   3.8000000e+02   2.0078919e+01
   3.9000000e+02   2.0236629e+01
   4.0000000e+02   1.9987241e+01
   4.1000000e+02   2.0142646e+01
   4.2000000e+02   1.9949470e+01
   4.3000000e+02   1.9978675e+01
   4.4000000e+02   1.9913248e+01
   4.5000000e+02   1.9958561e+01
   4.6000000e+02   1.9788568e+01
   4.7000000e+02   2.0097675e+01
   4.8000000e+02   1.9908853e+01
   4.9000000e+02   1.9864091e+01
   5.0000000e+02   1.9987090e+01
   5.1000000e+02   1.9945756e+01
   5.2000000e+02   1.9966446e+01
   5.3000000e+02   2.0012817e+01
   5.4000000e+02   1.9809875e+01
   5.5000000e+02   1.9735436e+01
   5.6000000e+02   1.9711241e+01
   5.7000000e+02   1.9662433e+01
   5.8000000e+02   1.9696315e+01
   5.9000000e+02   1.9593121e+01
   6.0000000e+02   1.9626323e+01
   6.1000000e+02   1.9697414e+01
   6.2000000e+02   1.9460487e+01
   6.3000000e+02   1.9572172e+01
   6.4000000e+02   1.9590500e+01
   6.5000000e+02   1.9802278e+01
   6.6000000e+02   1.9541847e+01
   6.7000000e+02   1.9359307e+01
   6.8000000e+02   1.9485740e+01
   6.9000000e+02   1.9409753e+01
   7.0000000e+02   1.9320942e+01
   7.1000000e+02   1.9201193e+01
   7.2000000e+02   1.9480927e+01
   7.3000000e+02   1.9685795e+01
   7.4000000e+02   1.9352002e+01
   7.5000000e+02   1.9409897e+01
   7.6000000e+02   1.9027185e+01
   7.7000000e+02   1.9381190e+01
   7.8000000e+02   1.9206978e+01
   7.9000000e+02   1.9245407e+01
   8.0000000e+02   1.9024369e+01
   8.1000000e+02   1.9274121e+01
   8.2000000e+02   1.9144898e+01
   8.3000000e+02   1.9279266e+01
   8.4000000e+02   1.9173805e+01
   8.5000000e+02   1.9305271e+01
   8.6000000e+02   1.9080197e+01
   8.7000000e+02   1.9090691e+01
   8.8000000e+02   1.9176458e+01
   8.9000000e+02   1.9115830e+01
   9.0000000e+02   1.9247328e+01
   9.1000000e+02   1.8968872e+01
   9.2000000e+02   1.9360058e+01
   9.3000000e+02   1.9524019e+01
   9.4000000e+02   1.9539802e+01
   9.5000000e+02   1.9453334e+01
   9.6000000e+02   1.9604314e+01
   9.7000000e+02   1.9327232e+01
   9.8000000e+02   1.9692310e+01
   9.9000000e+02   1.9573780e+01
   1.0000000e+03   1.9494912e+01
   1.0100000e+03   1.9548219e+01
   1.0200000e+03   1.9578631e+01
   1.0300000e+03   1.9359622e+01
   1.0400000e+03   1.9409455e+01
   1.0500000e+03   1.9566945e+01
   1.0600000e+03   1.9594308e+01
   1.0700000e+03   1.9530326e+01
   1.0800000e+03   1.9558986e+01
   1.0900000e+03   1.9422328e+01
   1.1000000e+03   1.9670519e+01
   1.1100000e+03   1.9511030e+01
   1.1200000e+03   1.9439985e+01
   1.1300000e+03   1.9520422e+01
   1.1400000e+03   1.9449365e+01
   1.1500000e+03   1.9641905e+01
   1.1600000e+03   1.9434624e+01
   1.1700000e+03   1.9487261e+01
   1.1800000e+03   1.9491661e+01
   1.1900000e+03   1.9517729e+01
   1.2000000e+03   1.9528568e+01
   1.2100000e+03   1.9355200e+01
   1.2200000e+03   1.9505494e+01
   1.2300000e+03   1.9597663e+01
   1.2400000e+03   1.9555610e+01
   1.2500000e+03   1.9629560e+01
   1.2600000e+03   1.9184153e+01
   1.2700000e+03   1.9449091e+01
   1.2800000e+03   1.9559089e+01
   1.2900000e+03   1.9483862e+01
   1.3000000e+03   1.9421999e+01
   1.3100000e+03   1.9326118e+01
   1.3200000e+03   1.9608359e+01
   1.3300000e+03   1.9434901e+01
   1.3400000e+03   1.9462651e+01
   1.3500000e+03   1.9323007e+01
   1.3600000e+03   1.9282259e+01
   1.3700000e+03   1.9336140e+01
   1.3800000e+03   1.9259227e+01
   1.3900000e+03   1.9181435e+01
   1.4000000e+03   1.9037467e+01
   1.4100000e+03   1.9210925e+01
   1.4200000e+03   1.9158232e+01
   1.4300000e+03   1.8737281e+01
   1.4400000e+03   1.8881036e+01
   1.4500000e+03   1.8394458e+01
   1.4600000e+03   1.8891033e+01
   1.4700000e+03   1.8811572e+01
   1.4800000e+03   1.8739562e+01
   1.4900000e+03   1.8675602e+01
   1.5000000e+03   1.8599310e+01
   1.5100000e+03   1.8957275e+01
   1.5200000e+03   1.8727130e+01
   1.5300000e+03   1.8737878e+01
   1.5400000e+03   1.8645421e+01
   1.5500000e+03   1.8559548e+01
   1.5600000e+03   1.8695597e+01
   1.5700000e+03   1.8731326e+01
   1.5800000e+03   1.8815049e+01
   1.5900000e+03   1.8213987e+01
   1.6000000e+03   1.8756030e+01
   1.6100000e+03   1.8846664e+01
   1.6200000e+03   1.8824773e+01
   1.6300000e+03   1.8836508e+01
   1.6400000e+03   1.8833827e+01
   1.6500000e+03   1.8824485e+01
   1.6600000e+03   1.8867653e+01
   1.6700000e+03   1.8954725e+01
   1.6800000e+03   1.8753423e+01
   1.6900000e+03   1.8821798e+01
   1.7000000e+03   1.8397239e+01
   1.7100000e+03   1.8549588e+01
   1.7200000e+03   1.8408797e+01
   1.7300000e+03   1.8439068e+01
   1.7400000e+03   1.8475475e+01
   1.7500000e+03   1.8518566e+01
   1.7600000e+03   1.8772574e+01
   1.7700000e+03   1.8602018e+01
   1.7800000e+03   1.8635484e+01
   1.7900000e+03   1.9151837e+01
   1.8000000e+03   1.8980444e+01
   1.8100000e+03   1.8772656e+01
   1.8200000e+03   1.8793357e+01
   1.8300000e+03   1.8874249e+01
   1.8400000e+03   1.9204055e+01
   1.8500000e+03   1.8883674e+01
   1.8600000e+03   1.8860923e+01
   1.8700000e+03   1.8859091e+01
   1.8800000e+03   1.9246726e+01
   1.8900000e+03   1.8860618e+01
   1.9000000e+03   1.8880227e+01
   1.9100000e+03   1.8894928e+01
   1.9200000e+03   1.9219996e+01
   1.9300000e+03   1.9122456e+01
   1.9400000e+03   1.9224090e+01
   1.9500000e+03   1.8978469e+01
   1.9600000e+03   1.8986181e+01
   1.9700000e+03   1.9525252e+01
   1.9800000e+03   1.9030900e+01
   1.9900000e+03   1.9326395e+01
   2.0000000e+03   1.9428796e+01
   2.0100000e+03   1.9455743e+01
   2.0200000e+03   1.9471781e+01
   2.0300000e+03   1.9228951e+01
   2.0400000e+03   1.9520185e+01
   2.0500000e+03   1.9474148e+01
   2.0600000e+03   1.9566555e+01
   2.0700000e+03   1.9434816e+01
   2.0800000e+03   1.9433238e+01
   2.0900000e+03   1.9482427e+01
   2.1000000e+03   1.9588367e+01
   2.1100000e+03   1.9402687e+01
   2.1200000e+03   1.9597196e+01
   2.1300000e+03   1.9582053e+01
   2.1400000e+03   1.9378429e+01
   2.1500000e+03   1.9546506e+01
   2.1600000e+03   1.9735011e+01
   2.1700000e+03   1.9204695e+01
   2.1800000e+03   1.9599587e+01
   2.1900000e+03   1.9613502e+01
   2.2000000e+03   1.9623064e+01
   2.2100000e+03   1.9428931e+01
   2.2200000e+03   1.9532767e+01
   2.2300000e+03   1.9582003e+01
   2.2400000e+03   1.9278451e+01
   2.2500000e+03   1.9242040e+01
   2.2600000e+03   1.9281605e+01
   2.2700000e+03   1.9564421e+01
   2.2800000e+03   1.9443900e+01
   2.2900000e+03   1.9357438e+01
   2.3000000e+03   1.9076769e+01
   2.3100000e+03   1.9579668e+01
   2.3200000e+03   1.9496436e+01
   2.3300000e+03   1.9365544e+01
   2.3400000e+03   1.9523330e+01
   2.3500000e+03   1.9412029e+01
   2.3600000e+03   1.9379121e+01
   2.3700000e+03   1.9418780e+01
   2.3800000e+03   1.9298857e+01
   2.3900000e+03   1.8978874e+01
   2.4000000e+03   1.9152223e+01
   2.4100000e+03   1.9000927e+01
   2.4200000e+03   1.9416994e+01
   2.4300000e+03   1.9006216e+01
   2.4400000e+03   1.8995112e+01
   2.4500000e+03   1.8998472e+01
   2.4600000e+03   1.8983979e+01
   2.4700000e+03   1.8974034e+01
   2.4800000e+03   1.8949195e+01
   2.4900000e+03   1.8935988e+01
   2.5000000e+03   1.8851603e+01
   2.5100000e+03   1.8790819e+01
   2.5200000e+03   1.8769960e+01
   2.5300000e+03   1.8758234e+01
   2.5400000e+03   1.8763346e+01
   2.5500000e+03   1.8791239e+01
   2.5600000e+03   1.8804572e+01
   2.5700000e+03   1.8822156e+01
   2.5800000e+03   1.8858342e+01
   2.5900000e+03   1.8868644e+01
   2.6000000e+03   1.8907240e+01
   2.6100000e+03   1.8931067e+01
   2.6200000e+03   1.9035782e+01
   2.6300000e+03   1.9011208e+01
   2.6400000e+03   1.9022513e+01
   2.6500000e+03   1.9020043e+01
   2.6600000e+03   1.9128250e+01
   2.6700000e+03   1.9048643e+01
   2.6800000e+03   1.9019705e+01
   2.6900000e+03   1.9036937e+01
   2.7000000e+03   1.9103718e+01
   2.7100000e+03   1.9025605e+01
   2.7200000e+03   1.9182088e+01
   2.7300000e+03   1.9427522e+01
   2.7400000e+03   1.8950550e+01
   2.7500000e+03   1.8933416e+01
   2.7600000e+03   1.9130538e+01
   2.7700000e+03   1.8947543e+01
   2.7800000e+03   1.8959842e+01
   2.7900000e+03   1.9002027e+01
   2.8000000e+03   1.8971247e+01
   2.8100000e+03   1.8932920e+01
   2.8200000e+03   1.9177163e+01
   2.8300000e+03   1.8984141e+01
   2.8400000e+03   1.8916970e+01
   2.8500000e+03   1.8888957e+01
   2.8600000e+03   1.8872350e+01
   2.8700000e+03   1.8850060e+01
   2.8800000e+03   1.9053411e+01
   2.8900000e+03   1.8838237e+01
   2.9000000e+03   1.8874337e+01
   2.9100000e+03   1.8932329e+01
   2.9200000e+03   1.8907050e+01
   2.9300000e+03   1.8851085e+01
   2.9400000e+03   1.8831730e+01
   2.9500000e+03   1.8796012e+01
   2.9600000e+03   1.8790469e+01
   2.9700000e+03   1.9162569e+01
   2.9800000e+03   1.9144263e+01
   2.9900000e+03   1.8939140e+01
   3.0000000e+03   1.8990985e+01
   3.0100000e+03   1.8757984e+01
   3.0200000e+03   1.8836496e+01
   3.0300000e+03   1.8741758e+01
   3.0400000e+03   1.8819177e+01
   3.0500000e+03   1.8750323e+01
   3.0600000e+03   1.9197401e+01
   3.0700000e+03   1.8849281e+01
   3.0800000e+03   1.8977615e+01
   3.0900000e+03   1.9348178e+01
   3.1000000e+03   1.9261478e+01
   3.1100000e+03   1.9322909e+01
   3.1200000e+03   1.9266667e+01
   3.1300000e+03   1.9045284e+01
   3.1400000e+03   1.9448987e+01
   3.1500000e+03   1.9421376e+01
   3.1600000e+03   1.9554039e+01
   3.1700000e+03   1.9395887e+01
   3.1800000e+03   1.9461734e+01
   3.1900000e+03   1.9587386e+01
   3.2000000e+03   1.9084868e+01
   3.2100000e+03   1.9442085e+01
   3.2200000e+03   1.9517464e+01
   3.2300000e+03   1.9537727e+01
   3.2400000e+03   1.9601137e+01
   3.2500000e+03   1.9188570e+01
   3.2600000e+03   1.9494228e+01
   3.2700000e+03   1.9595058e+01
   3.2800000e+03   1.9620624e+01
   3.2900000e+03   1.9550028e+01
   3.3000000e+03   1.9783735e+01
   3.3100000e+03   1.9375993e+01
   3.3200000e+03   1.9632820e+01
   3.3300000e+03   1.9553014e+01
   3.3400000e+03   1.9063800e+01
   3.3500000e+03   1.9480271e+01
   3.3600000e+03   1.9502929e+01
   3.3700000e+03   1.9268178e+01
   3.3800000e+03   1.9317434e+01
   3.3900000e+03   1.9203091e+01
   3.4000000e+03   1.9170035e+01
   3.4100000e+03   1.9068560e+01
   3.4200000e+03   1.9364792e+01
   3.4300000e+03   1.9196591e+01
   3.4400000e+03   1.9059428e+01
   3.4500000e+03   1.8989438e+01
   3.4600000e+03   1.8777306e+01
   3.4700000e+03   1.8957959e+01
   3.4800000e+03   1.9115092e+01
   3.4900000e+03   1.8695695e+01
