   0.0000000e+00   1.1712568e-02
   1.0000000e+01   1.3885698e-02
   2.0000000e+01   4.8579214e-03
   3.0000000e+01   5.6843311e-03
   4.0000000e+01   2.9987055e-03
   5.0000000e+01   8.2832746e-03
   6.0000000e+01  -2.9517714e-02
   7.0000000e+01  -5.1373726e-01
   8.0000000e+01  -5.8880130e+00
   9.0000000e+01  -9.5491490e+00
   1.0000000e+02  -1.1438081e+01
   1.1000000e+02  -1.3094310e+01
   1.2000000e+02  -1.4177407e+01
   1.3000000e+02  -1.5078834e+01
   1.4000000e+02  -1.5919196e+01
   1.5000000e+02  -1.6326229e+01
   1.6000000e+02  -1.6862533e+01
   1.7000000e+02  -1.7278114e+01
   1.8000000e+02  -1.7570638e+01
   1.9000000e+02  -1.7887085e+01
   2.0000000e+02  -1.8093141e+01
   2.1000000e+02  -1.8260104e+01
   2.2000000e+02  -1.8429096e+01
   2.3000000e+02  -1.8531812e+01
   2.4000000e+02  -1.8666217e+01
   2.5000000e+02  -1.8627129e+01
   2.6000000e+02  -1.8747473e+01
   2.7000000e+02  -1.8886554e+01
   2.8000000e+02  -1.8950798e+01
   2.9000000e+02  -1.9057259e+01
   3.0000000e+02  -1.9130344e+01
   3.1000000e+02  -1.9105373e+01
   3.2000000e+02  -1.9198377e+01
   3.3000000e+02  -1.9302121e+01
   3.4000000e+02  -1.9338654e+01
   3.5000000e+02  -1.9495335e+01
   3.6000000e+02  -1.9367041e+01
   3.7000000e+02  -1.9392236e+01
   3.8000000e+02  -1.9408694e+01
   3.9000000e+02  -1.9427931e+01
   4.0000000e+02  -1.9458217e+01
   4.1000000e+02  -1.9646649e+01
   4.2000000e+02  -1.9694912e+01
   4.3000000e+02  -1.9694585e+01
   4.4000000e+02  -1.9737252e+01
   4.5000000e+02  -1.9777177e+01
   4.6000000e+02  -1.9738487e+01
   4.7000000e+02  -1.9835328e+01
   4.8000000e+02  -1.9802443e+01
   4.9000000e+02  -1.9920188e+01
   5.0000000e+02  -1.9928896e+01
   5.1000000e+02  -1.9881403e+01
   5.2000000e+02  -1.9834514e+01
   5.3000000e+02  -1.9875407e+01
   5.4000000e+02  -1.9877410e+01
   5.5000000e+02  -1.9932339e+01
   5.6000000e+02  -1.9898073e+01
   5.7000000e+02  -1.9835601e+01
   5.8000000e+02  -1.9874804e+01
   5.9000000e+02  -1.9844303e+01
   6.0000000e+02  -1.9847375e+01
   6.1000000e+02  -1.9943143e+01
   6.2000000e+02  -1.9975377e+01
   6.3000000e+02  -1.9898882e+01
   6.4000000e+02  -1.9908051e+01
   6.5000000e+02  -1.9844558e+01
   6.6000000e+02  -1.9847306e+01
   6.7000000e+02  -1.9837590e+01
   6.8000000e+02  -1.9834318e+01
   6.9000000e+02  -1.9876029e+01
   7.0000000e+02  -1.9963231e+01
   7.1000000e+02  -2.0021849e+01
   7.2000000e+02  -2.0028843e+01
   7.3000000e+02  -2.0069217e+01
   7.4000000e+02  -1.9944384e+01
   7.5000000e+02  -2.0072152e+01
   7.6000000e+02  -1.9961152e+01
   7.7000000e+02  -1.9860320e+01
   7.8000000e+02  -2.0004453e+01
   7.9000000e+02  -2.0176864e+01
   8.0000000e+02  -2.0065236e+01
   8.1000000e+02  -2.0108982e+01
   8.2000000e+02  -1.9985135e+01
   8.3000000e+02  -2.0087072e+01
   8.4000000e+02  -2.0117339e+01
   8.5000000e+02  -2.0205981e+01
   8.6000000e+02  -2.0092224e+01
   8.7000000e+02  -2.0070977e+01
   8.8000000e+02  -2.0014291e+01
   8.9000000e+02  -2.0121595e+01
   9.0000000e+02  -2.0164592e+01
   9.1000000e+02  -2.0142734e+01
   9.2000000e+02  -2.0155810e+01
   9.3000000e+02  -2.0346092e+01
   9.4000000e+02  -2.0292211e+01
   9.5000000e+02  -2.0258227e+01
   9.6000000e+02  -2.0292524e+01
   9.7000000e+02  -2.0351084e+01
   9.8000000e+02  -2.0256202e+01
   9.9000000e+02  -2.0433516e+01
   1.0000000e+03  -2.0222793e+01
   1.0100000e+03  -2.0190339e+01
   1.0200000e+03  -2.0396221e+01
   1.0300000e+03  -2.0419687e+01
   1.0400000e+03  -2.0393099e+01
   1.0500000e+03  -2.0227588e+01
   1.0600000e+03  -2.0443066e+01
   1.0700000e+03  -2.0391372e+01
   1.0800000e+03  -2.0111155e+01
   1.0900000e+03  -2.0128337e+01
   1.1000000e+03  -1.9962074e+01
   1.1100000e+03  -2.0102372e+01
   1.1200000e+03  -2.0164312e+01
   1.1300000e+03  -2.0171195e+01
   1.1400000e+03  -2.0268864e+01
   1.1500000e+03  -2.0302701e+01
   1.1600000e+03  -2.0340060e+01
   1.1700000e+03  -2.0288217e+01
   1.1800000e+03  -2.0352792e+01
   1.1900000e+03  -2.0246598e+01
   1.2000000e+03  -2.0233362e+01
   1.2100000e+03  -2.0224837e+01
   1.2200000e+03  -2.0086032e+01
   1.2300000e+03  -2.0180138e+01
   1.2400000e+03  -2.0228439e+01
   1.2500000e+03  -2.0286392e+01
   1.2600000e+03  -2.0272724e+01
   1.2700000e+03  -2.0258693e+01
   1.2800000e+03  -2.0260951e+01
   1.2900000e+03  -2.0306985e+01
   1.3000000e+03  -2.0135181e+01
   1.3100000e+03  -2.0209936e+01
   1.3200000e+03  -2.0260527e+01
   1.3300000e+03  -2.0202154e+01
   1.3400000e+03  -2.0103298e+01
   1.3500000e+03  -2.0226484e+01
   1.3600000e+03  -2.0255357e+01
   1.3700000e+03  -2.0206672e+01
   1.3800000e+03  -2.0167999e+01
   1.3900000e+03  -2.0143458e+01
   1.4000000e+03  -2.0188671e+01
   1.4100000e+03  -2.0142677e+01
   1.4200000e+03  -2.0076379e+01
   1.4300000e+03  -2.0114479e+01
   1.4400000e+03  -2.0258545e+01
   1.4500000e+03  -2.0213705e+01
   1.4600000e+03  -2.0120453e+01
   1.4700000e+03  -2.0613711e+01
   1.4800000e+03  -2.0373074e+01
   1.4900000e+03  -2.0082205e+01
   1.5000000e+03  -2.0092045e+01
   1.5100000e+03  -2.0182973e+01
   1.5200000e+03  -2.0369426e+01
   1.5300000e+03  -2.0170002e+01
   1.5400000e+03  -2.0361409e+01
   1.5500000e+03  -2.0162399e+01
   1.5600000e+03  -2.0297133e+01
   1.5700000e+03  -2.0382828e+01
   1.5800000e+03  -2.0300907e+01
   1.5900000e+03  -2.0463396e+01
   1.6000000e+03  -2.0403568e+01
   1.6100000e+03  -2.0541733e+01
   1.6200000e+03  -2.0479866e+01
   1.6300000e+03  -2.0582114e+01
   1.6400000e+03  -2.0607085e+01
   1.6500000e+03  -2.0413400e+01
   1.6600000e+03  -2.0463577e+01
   1.6700000e+03  -2.0367216e+01
   1.6800000e+03  -2.0262316e+01
   1.6900000e+03  -2.0273894e+01
   1.7000000e+03  -2.0189548e+01
   1.7100000e+03  -2.0228766e+01
   1.7200000e+03  -2.0352423e+01
   1.7300000e+03  -2.0346666e+01
   1.7400000e+03  -2.0528000e+01
   1.7500000e+03  -2.0517809e+01
   1.7600000e+03  -2.0292179e+01
   1.7700000e+03  -2.0331704e+01
   1.7800000e+03  -2.0382646e+01
   1.7900000e+03  -2.0230839e+01
   1.8000000e+03  -2.0332977e+01
   1.8100000e+03  -2.0286044e+01
   1.8200000e+03  -2.0394502e+01
   1.8300000e+03  -2.0325333e+01
   1.8400000e+03  -2.0303851e+01
   1.8500000e+03  -2.0326850e+01
   1.8600000e+03  -2.0372332e+01
   1.8700000e+03  -2.0410051e+01
   1.8800000e+03  -2.0597902e+01
   1.8900000e+03  -2.0572149e+01
   1.9000000e+03  -2.0330864e+01
   1.9100000e+03  -2.0449695e+01
   1.9200000e+03  -2.0619012e+01
   1.9300000e+03  -2.0596541e+01
   1.9400000e+03  -2.0414939e+01
   1.9500000e+03  -2.0459335e+01
   1.9600000e+03  -2.0303189e+01
   1.9700000e+03  -2.0349857e+01
   1.9800000e+03  -2.0555830e+01
   1.9900000e+03  -2.0275536e+01
   2.0000000e+03  -2.0401947e+01
   2.0100000e+03  -2.0547674e+01
   2.0200000e+03  -2.0429185e+01
   2.0300000e+03  -2.0351222e+01
   2.0400000e+03  -2.0141992e+01
   2.0500000e+03  -2.0294078e+01
   2.0600000e+03  -2.0273421e+01
   2.0700000e+03  -2.0405514e+01
   2.0800000e+03  -2.0178365e+01
   2.0900000e+03  -2.0363115e+01
   2.1000000e+03  -2.0348321e+01
   2.1100000e+03  -2.0259794e+01
   2.1200000e+03  -2.0340518e+01
   2.1300000e+03  -2.0393912e+01
   2.1400000e+03  -2.0343139e+01
   2.1500000e+03  -2.0337073e+01
   2.1600000e+03  -2.0194149e+01
   2.1700000e+03  -2.0151918e+01
   2.1800000e+03  -2.0358876e+01
   2.1900000e+03  -2.0472407e+01
   2.2000000e+03  -2.0469230e+01
   2.2100000e+03  -2.0368412e+01
   2.2200000e+03  -2.0568730e+01
   2.2300000e+03  -2.0695383e+01
   2.2400000e+03  -2.0709128e+01
   2.2500000e+03  -2.0734538e+01
   2.2600000e+03  -2.0691888e+01
   2.2700000e+03  -2.0720793e+01
   2.2800000e+03  -2.0649189e+01
   2.2900000e+03  -2.0596793e+01
   2.3000000e+03  -2.0597258e+01
   2.3100000e+03  -2.0581103e+01
   2.3200000e+03  -2.0517385e+01
   2.3300000e+03  -2.0396420e+01
   2.3400000e+03  -2.0462633e+01
   2.3500000e+03  -2.0709607e+01
   2.3600000e+03  -2.0462406e+01
   2.3700000e+03  -2.0482759e+01
   2.3800000e+03  -2.0561478e+01
   2.3900000e+03  -2.0602062e+01
   2.4000000e+03  -2.0681731e+01
   2.4100000e+03  -2.0669495e+01
   2.4200000e+03  -2.0592835e+01
   2.4300000e+03  -2.0364191e+01
   2.4400000e+03  -2.0459434e+01
   2.4500000e+03  -2.0399163e+01
   2.4600000e+03  -2.0413854e+01
   2.4700000e+03  -2.0489156e+01
   2.4800000e+03  -2.0566420e+01
   2.4900000e+03  -2.0566116e+01
   2.5000000e+03  -2.0632255e+01
   2.5100000e+03  -2.0578485e+01
   2.5200000e+03  -2.0749153e+01
   2.5300000e+03  -2.0791185e+01
   2.5400000e+03  -2.0749588e+01
   2.5500000e+03  -2.0754948e+01
   2.5600000e+03  -2.0764767e+01
   2.5700000e+03  -2.0637471e+01
   2.5800000e+03  -2.0589809e+01
   2.5900000e+03  -2.0685659e+01
   2.6000000e+03  -2.0566199e+01
   2.6100000e+03  -2.0615476e+01
   2.6200000e+03  -2.0620344e+01
   2.6300000e+03  -2.0595214e+01
   2.6400000e+03  -2.0438206e+01
   2.6500000e+03  -2.0179276e+01
   2.6600000e+03  -2.0246882e+01
   2.6700000e+03  -2.0198062e+01
   2.6800000e+03  -2.0435672e+01
   2.6900000e+03  -2.0459729e+01
   2.7000000e+03  -2.0548793e+01
   2.7100000e+03  -2.0489756e+01
   2.7200000e+03  -2.0659694e+01
   2.7300000e+03  -2.0712691e+01
   2.7400000e+03  -2.0667675e+01
   2.7500000e+03  -2.0690249e+01
   2.7600000e+03  -2.0754847e+01
   2.7700000e+03  -2.0903685e+01
   2.7800000e+03  -2.0874585e+01
   2.7900000e+03  -2.0862372e+01
   2.8000000e+03  -2.0844085e+01
   2.8100000e+03  -2.0915086e+01
   2.8200000e+03  -2.0961164e+01
   2.8300000e+03  -2.0924897e+01
   2.8400000e+03  -2.0464277e+01
   2.8500000e+03  -2.0391411e+01
   2.8600000e+03  -2.0520648e+01
   2.8700000e+03  -2.0568720e+01
   2.8800000e+03  -2.0629463e+01
   2.8900000e+03  -2.6388628e+02
   2.9000000e+03  -2.6388628e+02
   2.9100000e+03  -2.6388628e+02
   2.9200000e+03  -2.6388628e+02
   2.9300000e+03  -2.6388628e+02
   2.9400000e+03  -2.6388628e+02
   2.9500000e+03  -2.6388628e+02
   2.9600000e+03  -2.6388628e+02
   2.9700000e+03  -2.6388628e+02
   2.9800000e+03  -2.6388628e+02
   2.9900000e+03  -2.6388628e+02
   3.0000000e+03  -2.6388628e+02
   3.0100000e+03  -2.6388628e+02
   3.0200000e+03  -2.6388628e+02
   3.0300000e+03  -2.6388628e+02
   3.0400000e+03  -2.6388628e+02
   3.0500000e+03  -2.6388628e+02
   3.0600000e+03  -2.6388628e+02
   3.0700000e+03  -2.6388628e+02
   3.0800000e+03  -2.6388628e+02
   3.0900000e+03  -2.6388628e+02
   3.1000000e+03  -2.6388628e+02
   3.1100000e+03  -2.6388628e+02
   3.1200000e+03  -2.6388628e+02
   3.1300000e+03  -2.6388628e+02
   3.1400000e+03  -2.6388628e+02
   3.1500000e+03  -2.6388628e+02
   3.1600000e+03  -2.6388628e+02
   3.1700000e+03  -2.6388628e+02
   3.1800000e+03  -2.6388628e+02
   3.1900000e+03  -2.6388628e+02
   3.2000000e+03  -2.6388628e+02
   3.2100000e+03  -2.6388628e+02
   3.2200000e+03  -2.6388628e+02
   3.2300000e+03  -2.6388628e+02
   3.2400000e+03  -2.6388628e+02
   3.2500000e+03  -2.6388628e+02
   3.2600000e+03  -2.6388628e+02
   3.2700000e+03  -2.6388628e+02
   3.2800000e+03  -2.6388628e+02
   3.2900000e+03  -2.6388628e+02
   3.3000000e+03  -2.6388628e+02
   3.3100000e+03  -2.6388628e+02
   3.3200000e+03  -2.6388628e+02
   3.3300000e+03  -2.6388628e+02
   3.3400000e+03  -2.6388628e+02
   3.3500000e+03  -2.6388628e+02
   3.3600000e+03  -2.6388628e+02
   3.3700000e+03  -2.6388628e+02
   3.3800000e+03  -2.6388628e+02
   3.3900000e+03  -2.6388628e+02
   3.4000000e+03  -2.6388628e+02
   3.4100000e+03  -2.6388628e+02
   3.4200000e+03  -2.6388628e+02
   3.4300000e+03  -2.6388628e+02
   3.4400000e+03  -2.6388628e+02
   3.4500000e+03  -2.6388628e+02
   3.4600000e+03  -2.6388628e+02
   3.4700000e+03  -2.6388628e+02
   3.4800000e+03  -2.6388628e+02
   3.4900000e+03  -2.6388628e+02
