   0.0000000e+00   1.7563312e+01
   1.0000000e+01   1.7565511e+01
   2.0000000e+01   1.7559035e+01
   3.0000000e+01   1.7563573e+01
   4.0000000e+01   1.7595613e+01
   5.0000000e+01   1.8397593e+01
   6.0000000e+01   1.9477396e+01
   7.0000000e+01   1.9786093e+01
   8.0000000e+01   2.0018906e+01
   9.0000000e+01   1.9902495e+01
   1.0000000e+02   1.9719904e+01
   1.1000000e+02   1.9493916e+01
   1.2000000e+02   1.9288155e+01
   1.3000000e+02   1.9065434e+01
   1.4000000e+02   1.8834594e+01
   1.5000000e+02   1.8686147e+01
   1.6000000e+02   1.8569449e+01
   1.7000000e+02   1.8381197e+01
   1.8000000e+02   1.8260873e+01
   1.9000000e+02   1.8153878e+01
   2.0000000e+02   1.8139429e+01
   2.1000000e+02   1.8125790e+01
   2.2000000e+02   1.7928347e+01
   2.3000000e+02   1.7786491e+01
   2.4000000e+02   1.7663215e+01
   2.5000000e+02   1.7562122e+01
   2.6000000e+02   1.7595769e+01
   2.7000000e+02   1.7713036e+01
   2.8000000e+02   1.7715637e+01
   2.9000000e+02   1.7677937e+01
   3.0000000e+02   1.7536571e+01
   3.1000000e+02   1.7519406e+01
   3.2000000e+02   1.7398444e+01
   3.3000000e+02   1.7410195e+01
   3.4000000e+02   1.7350878e+01
   3.5000000e+02   1.7498236e+01
   3.6000000e+02   1.7299687e+01
   3.7000000e+02   1.7350897e+01
   3.8000000e+02   1.7402145e+01
   3.9000000e+02   1.7352188e+01
   4.0000000e+02   1.7399423e+01
   4.1000000e+02   1.7429331e+01
   4.2000000e+02   1.7376433e+01
   4.3000000e+02   1.7316544e+01
   4.4000000e+02   1.7373103e+01
   4.5000000e+02   1.7329356e+01
   4.6000000e+02   1.7287640e+01
   4.7000000e+02   1.7098431e+01
   4.8000000e+02   1.7123504e+01
   4.9000000e+02   1.7023372e+01
   5.0000000e+02   1.6996405e+01
   5.1000000e+02   1.7057386e+01
   5.2000000e+02   1.6991039e+01
   5.3000000e+02   1.6940677e+01
   5.4000000e+02   1.6907953e+01
   5.5000000e+02   1.6878399e+01
   5.6000000e+02   1.6918484e+01
   5.7000000e+02   1.6955036e+01
   5.8000000e+02   1.6979237e+01
   5.9000000e+02   1.7004948e+01
   6.0000000e+02   1.7112529e+01
   6.1000000e+02   1.7055581e+01
   6.2000000e+02   1.7024625e+01
   6.3000000e+02   1.6990691e+01
   6.4000000e+02   1.7097767e+01
   6.5000000e+02   1.7033412e+01
   6.6000000e+02   1.7116361e+01
   6.7000000e+02   1.7086974e+01
   6.8000000e+02   1.7082670e+01
   6.9000000e+02   1.7082244e+01
   7.0000000e+02   1.7135390e+01
   7.1000000e+02   1.7150586e+01
   7.2000000e+02   1.7155640e+01
   7.3000000e+02   1.7193484e+01
   7.4000000e+02   1.7197851e+01
   7.5000000e+02   1.7168540e+01
   7.6000000e+02   1.7166021e+01
   7.7000000e+02   1.7140710e+01
   7.8000000e+02   1.7190281e+01
   7.9000000e+02   1.7073193e+01
   8.0000000e+02   1.7110720e+01
   8.1000000e+02   1.7047617e+01
   8.2000000e+02   1.7074692e+01
   8.3000000e+02   1.7034889e+01
   8.4000000e+02   1.7001932e+01
   8.5000000e+02   1.6914631e+01
   8.6000000e+02   1.6792961e+01
   8.7000000e+02   1.6831346e+01
   8.8000000e+02   1.6696610e+01
   8.9000000e+02   1.6652821e+01
   9.0000000e+02   1.6618954e+01
   9.1000000e+02   1.6539730e+01
   9.2000000e+02   1.6485908e+01
   9.3000000e+02   1.6469735e+01
   9.4000000e+02   1.6450242e+01
   9.5000000e+02   1.6444185e+01
   9.6000000e+02   1.6461244e+01
   9.7000000e+02   1.6649313e+01
   9.8000000e+02   1.6660502e+01
   9.9000000e+02   1.6672008e+01
   1.0000000e+03   1.6718864e+01
   1.0100000e+03   1.6701210e+01
   1.0200000e+03   1.6719844e+01
   1.0300000e+03   1.6877579e+01
   1.0400000e+03   1.6773753e+01
   1.0500000e+03   1.6754821e+01
   1.0600000e+03   1.6701876e+01
   1.0700000e+03   1.6683277e+01
   1.0800000e+03   1.6650444e+01
   1.0900000e+03   1.6663310e+01
   1.1000000e+03   1.6674199e+01
   1.1100000e+03   1.6633970e+01
   1.1200000e+03   1.6677754e+01
   1.1300000e+03   1.6590187e+01
   1.1400000e+03   1.6443924e+01
   1.1500000e+03   1.6502646e+01
   1.1600000e+03   1.6568077e+01
   1.1700000e+03   1.6527677e+01
   1.1800000e+03   1.6652655e+01
   1.1900000e+03   1.6735459e+01
   1.2000000e+03   1.6633894e+01
   1.2100000e+03   1.6661080e+01
   1.2200000e+03   1.6740386e+01
   1.2300000e+03   1.6685726e+01
   1.2400000e+03   1.6773656e+01
   1.2500000e+03   1.6621527e+01
   1.2600000e+03   1.6633238e+01
   1.2700000e+03   1.6702908e+01
   1.2800000e+03   1.6690734e+01
   1.2900000e+03   1.6767486e+01
   1.3000000e+03   1.6781213e+01
   1.3100000e+03   1.6707431e+01
   1.3200000e+03   1.6738258e+01
   1.3300000e+03   1.6966940e+01
   1.3400000e+03   1.6915086e+01
   1.3500000e+03   1.6999982e+01
   1.3600000e+03   1.7173037e+01
   1.3700000e+03   1.7177783e+01
   1.3800000e+03   1.7341524e+01
   1.3900000e+03   1.7374130e+01
   1.4000000e+03   1.7322597e+01
   1.4100000e+03   1.7301740e+01
   1.4200000e+03   1.7281241e+01
   1.4300000e+03   1.7251196e+01
   1.4400000e+03   1.7219360e+01
   1.4500000e+03   1.7283703e+01
   1.4600000e+03   1.7262109e+01
   1.4700000e+03   1.7172793e+01
   1.4800000e+03   1.7201004e+01
   1.4900000e+03   1.7090523e+01
   1.5000000e+03   1.7053616e+01
   1.5100000e+03   1.7057691e+01
   1.5200000e+03   1.6992332e+01
   1.5300000e+03   1.6953395e+01
   1.5400000e+03   1.6986455e+01
   1.5500000e+03   1.7021701e+01
   1.5600000e+03   1.6928939e+01
   1.5700000e+03   1.7022544e+01
   1.5800000e+03   1.6984228e+01
   1.5900000e+03   1.7023886e+01
   1.6000000e+03   1.6978075e+01
   1.6100000e+03   1.6982447e+01
   1.6200000e+03   1.6983051e+01
   1.6300000e+03   1.7017794e+01
   1.6400000e+03   1.6973075e+01
   1.6500000e+03   1.6885683e+01
   1.6600000e+03   1.6976992e+01
   1.6700000e+03   1.6950631e+01
   1.6800000e+03   1.6877224e+01
   1.6900000e+03   1.6941055e+01
   1.7000000e+03   1.7191984e+01
   1.7100000e+03   1.7029379e+01
   1.7200000e+03   1.7031249e+01
   1.7300000e+03   1.7070378e+01
   1.7400000e+03   1.7111468e+01
   1.7500000e+03   1.7105841e+01
   1.7600000e+03   1.6930544e+01
   1.7700000e+03   1.7042626e+01
   1.7800000e+03   1.7110965e+01
   1.7900000e+03   1.7108812e+01
   1.8000000e+03   1.6995667e+01
   1.8100000e+03   1.7000763e+01
   1.8200000e+03   1.6998269e+01
   1.8300000e+03   1.7109464e+01
   1.8400000e+03   1.7054063e+01
   1.8500000e+03   1.7187172e+01
   1.8600000e+03   1.7341552e+01
   1.8700000e+03   1.7390795e+01
   1.8800000e+03   1.7365688e+01
   1.8900000e+03   1.7438756e+01
   1.9000000e+03   1.7363433e+01
   1.9100000e+03   1.7417852e+01
   1.9200000e+03   1.7278551e+01
   1.9300000e+03   1.7335731e+01
   1.9400000e+03   1.7221817e+01
   1.9500000e+03   1.7230780e+01
   1.9600000e+03   1.7185098e+01
   1.9700000e+03   1.7221642e+01
   1.9800000e+03   1.7202714e+01
   1.9900000e+03   1.7120882e+01
   2.0000000e+03   1.7088086e+01
   2.0100000e+03   1.7042631e+01
   2.0200000e+03   1.7145549e+01
   2.0300000e+03   1.7366925e+01
   2.0400000e+03   1.7127167e+01
   2.0500000e+03   1.7158834e+01
   2.0600000e+03   1.7093048e+01
   2.0700000e+03   1.7070895e+01
   2.0800000e+03   1.7063045e+01
   2.0900000e+03   1.7046375e+01
   2.1000000e+03   1.7067066e+01
   2.1100000e+03   1.7101174e+01
   2.1200000e+03   1.7023662e+01
   2.1300000e+03   1.7102075e+01
   2.1400000e+03   1.7147233e+01
   2.1500000e+03   1.7112436e+01
   2.1600000e+03   1.7101386e+01
   2.1700000e+03   1.7087215e+01
   2.1800000e+03   1.7069949e+01
   2.1900000e+03   1.7068101e+01
   2.2000000e+03   1.7036346e+01
   2.2100000e+03   1.7032488e+01
   2.2200000e+03   1.7109353e+01
   2.2300000e+03   1.6902767e+01
   2.2400000e+03   1.7005740e+01
   2.2500000e+03   1.7068658e+01
   2.2600000e+03   1.7021440e+01
   2.2700000e+03   1.7058864e+01
   2.2800000e+03   1.7079764e+01
   2.2900000e+03   1.7108324e+01
   2.3000000e+03   1.6984388e+01
   2.3100000e+03   1.7057885e+01
   2.3200000e+03   1.7003515e+01
   2.3300000e+03   1.6974089e+01
   2.3400000e+03   1.7034643e+01
   2.3500000e+03   1.7048762e+01
   2.3600000e+03   1.6989317e+01
   2.3700000e+03   1.7016047e+01
   2.3800000e+03   1.6926785e+01
   2.3900000e+03   1.6968780e+01
   2.4000000e+03   1.6953373e+01
   2.4100000e+03   1.7053106e+01
   2.4200000e+03   1.7055594e+01
   2.4300000e+03   1.7025891e+01
   2.4400000e+03   1.7050069e+01
   2.4500000e+03   1.6967508e+01
   2.4600000e+03   1.7042635e+01
   2.4700000e+03   1.7071456e+01
   2.4800000e+03   1.7099062e+01
   2.4900000e+03   1.7198225e+01
   2.5000000e+03   1.7427873e+01
   2.5100000e+03   1.7370503e+01
   2.5200000e+03   1.7192662e+01
   2.5300000e+03   1.6981676e+01
   2.5400000e+03   1.7171643e+01
   2.5500000e+03   1.7103437e+01
   2.5600000e+03   1.7063842e+01
   2.5700000e+03   1.7157384e+01
   2.5800000e+03   1.7076351e+01
   2.5900000e+03   1.7156332e+01
   2.6000000e+03   1.7175707e+01
   2.6100000e+03   1.7031211e+01
   2.6200000e+03   1.6973293e+01
   2.6300000e+03   1.6843933e+01
   2.6400000e+03   1.6989962e+01
   2.6500000e+03   1.7107781e+01
   2.6600000e+03   1.7073808e+01
   2.6700000e+03   1.7135263e+01
   2.6800000e+03   1.7191967e+01
   2.6900000e+03   1.7248232e+01
   2.7000000e+03   1.7329272e+01
   2.7100000e+03   1.7338813e+01
   2.7200000e+03   1.7346460e+01
   2.7300000e+03   1.7230546e+01
   2.7400000e+03   1.7246243e+01
   2.7500000e+03   1.7330784e+01
   2.7600000e+03   1.7252808e+01
   2.7700000e+03   1.7301743e+01
   2.7800000e+03   1.7227453e+01
   2.7900000e+03   1.7171709e+01
   2.8000000e+03   1.7236086e+01
   2.8100000e+03   1.7395991e+01
   2.8200000e+03   1.7430912e+01
   2.8300000e+03   1.7415237e+01
   2.8400000e+03   1.7309441e+01
   2.8500000e+03   1.7257709e+01
   2.8600000e+03   1.7299127e+01
   2.8700000e+03   1.7372002e+01
   2.8800000e+03   1.7222239e+01
   2.8900000e+03   1.7229679e+01
   2.9000000e+03   1.7264431e+01
   2.9100000e+03   1.7262594e+01
   2.9200000e+03   1.7317851e+01
   2.9300000e+03   1.7430141e+01
   2.9400000e+03   1.7346686e+01
   2.9500000e+03   1.7569780e+01
   2.9600000e+03   1.7518036e+01
   2.9700000e+03   1.7406082e+01
   2.9800000e+03   1.7331797e+01
   2.9900000e+03   1.7367626e+01
   3.0000000e+03   1.7294628e+01
   3.0100000e+03   1.7413783e+01
   3.0200000e+03   1.7443162e+01
   3.0300000e+03   1.7443507e+01
   3.0400000e+03   1.7346656e+01
   3.0500000e+03   1.7312084e+01
   3.0600000e+03   1.7343918e+01
   3.0700000e+03   1.7209390e+01
   3.0800000e+03   1.7149816e+01
   3.0900000e+03   1.7070020e+01
   3.1000000e+03   1.6954365e+01
   3.1100000e+03   1.6940198e+01
   3.1200000e+03   1.6861554e+01
   3.1300000e+03   1.6899434e+01
   3.1400000e+03   1.6938786e+01
   3.1500000e+03   1.6937365e+01
   3.1600000e+03   1.7011536e+01
   3.1700000e+03   1.7123852e+01
   3.1800000e+03   1.7152202e+01
   3.1900000e+03   1.7190781e+01
   3.2000000e+03   1.7059384e+01
   3.2100000e+03   1.7128802e+01
   3.2200000e+03   1.7177384e+01
   3.2300000e+03   1.7091565e+01
   3.2400000e+03   1.7159744e+01
   3.2500000e+03   1.7062935e+01
   3.2600000e+03   1.7040550e+01
   3.2700000e+03   1.6994813e+01
   3.2800000e+03   1.6909421e+01
   3.2900000e+03   1.6820787e+01
   3.3000000e+03   1.7041999e+01
   3.3100000e+03   1.7078843e+01
   3.3200000e+03   1.7161534e+01
   3.3300000e+03   1.7062993e+01
   3.3400000e+03   1.7137904e+01
   3.3500000e+03   1.7166594e+01
   3.3600000e+03   1.7120095e+01
   3.3700000e+03   1.7154288e+01
   3.3800000e+03   1.7265159e+01
   3.3900000e+03   1.7398604e+01
   3.4000000e+03   1.7352963e+01
   3.4100000e+03   1.7293599e+01
   3.4200000e+03   1.7252227e+01
   3.4300000e+03   1.7204027e+01
   3.4400000e+03   1.7295599e+01
   3.4500000e+03   1.7348568e+01
   3.4600000e+03   1.7248314e+01
   3.4700000e+03   1.7330747e+01
   3.4800000e+03   1.7407758e+01
   3.4900000e+03   1.7435007e+01
