   0.0000000e+00   1.8049774e+01
   1.0000000e+01   1.8067519e+01
   2.0000000e+01   1.8059189e+01
   3.0000000e+01   1.8066741e+01
   4.0000000e+01   1.8059090e+01
   5.0000000e+01   1.9524510e+01
   6.0000000e+01   2.1688114e+01
   7.0000000e+01   2.3300583e+01
   8.0000000e+01   2.3679565e+01
   9.0000000e+01   2.4176314e+01
   1.0000000e+02   2.4297722e+01
   1.1000000e+02   2.4172822e+01
   1.2000000e+02   2.3813205e+01
   1.3000000e+02   2.3522531e+01
   1.4000000e+02   2.3529108e+01
   1.5000000e+02   2.3547332e+01
   1.6000000e+02   2.3162685e+01
   1.7000000e+02   2.2841830e+01
   1.8000000e+02   2.3071145e+01
   1.9000000e+02   2.3082894e+01
   2.0000000e+02   2.2710538e+01
   2.1000000e+02   2.2996001e+01
   2.2000000e+02   2.2564303e+01
   2.3000000e+02   2.2512930e+01
   2.4000000e+02   2.2485854e+01
   2.5000000e+02   2.2760575e+01
   2.6000000e+02   2.2611016e+01
   2.7000000e+02   2.2129700e+01
   2.8000000e+02   2.2004864e+01
   2.9000000e+02   2.2371513e+01
   3.0000000e+02   2.2210122e+01
   3.1000000e+02   2.2323897e+01
   3.2000000e+02   2.2313714e+01
   3.3000000e+02   2.2082849e+01
   3.4000000e+02   2.2048508e+01
   3.5000000e+02   2.2387202e+01
   3.6000000e+02   2.2330278e+01
   3.7000000e+02   2.2142880e+01
   3.8000000e+02   2.2119926e+01
   3.9000000e+02   2.2284757e+01
   4.0000000e+02   2.2196069e+01
   4.1000000e+02   2.2583055e+01
   4.2000000e+02   2.2189357e+01
   4.3000000e+02   2.2021709e+01
   4.4000000e+02   2.1957321e+01
   4.5000000e+02   2.1643323e+01
   4.6000000e+02   2.1821988e+01
   4.7000000e+02   2.1970518e+01
   4.8000000e+02   2.2190904e+01
   4.9000000e+02   2.2021811e+01
   5.0000000e+02   2.2625247e+01
   5.1000000e+02   2.2422878e+01
   5.2000000e+02   2.2292317e+01
   5.3000000e+02   2.2274548e+01
   5.4000000e+02   2.2352721e+01
   5.5000000e+02   2.2178321e+01
   5.6000000e+02   2.2230948e+01
   5.7000000e+02   2.2124203e+01
   5.8000000e+02   2.2116850e+01
   5.9000000e+02   2.2010402e+01
   6.0000000e+02   2.2634736e+01
   6.1000000e+02   2.2269177e+01
   6.2000000e+02   2.2376853e+01
   6.3000000e+02   2.2166411e+01
   6.4000000e+02   2.1969393e+01
   6.5000000e+02   2.2229762e+01
   6.6000000e+02   2.2030930e+01
   6.7000000e+02   2.1750235e+01
   6.8000000e+02   2.2034843e+01
   6.9000000e+02   2.1943294e+01
   7.0000000e+02   2.1810957e+01
   7.1000000e+02   2.2055303e+01
   7.2000000e+02   2.1840844e+01
   7.3000000e+02   2.1835518e+01
   7.4000000e+02   2.2582828e+01
   7.5000000e+02   2.2019529e+01
   7.6000000e+02   2.2572638e+01
   7.7000000e+02   2.2026271e+01
   7.8000000e+02   2.2523973e+01
   7.9000000e+02   2.2624243e+01
   8.0000000e+02   2.1726699e+01
   8.1000000e+02   2.2374773e+01
   8.2000000e+02   2.2529804e+01
   8.3000000e+02   2.1967829e+01
   8.4000000e+02   2.1971317e+01
   8.5000000e+02   2.2079113e+01
   8.6000000e+02   2.1616530e+01
   8.7000000e+02   2.1806055e+01
   8.8000000e+02   2.1548554e+01
   8.9000000e+02   2.1905153e+01
   9.0000000e+02   2.1634782e+01
   9.1000000e+02   2.1502666e+01
   9.2000000e+02   2.1587887e+01
   9.3000000e+02   2.2034880e+01
   9.4000000e+02   2.2109831e+01
   9.5000000e+02   2.1718000e+01
   9.6000000e+02   2.1881410e+01
   9.7000000e+02   2.2409478e+01
   9.8000000e+02   2.1470939e+01
   9.9000000e+02   2.1733193e+01
   1.0000000e+03   2.1623701e+01
   1.0100000e+03   2.1349745e+01
   1.0200000e+03   2.1818536e+01
   1.0300000e+03   2.2013078e+01
   1.0400000e+03   2.1882397e+01
   1.0500000e+03   2.2096677e+01
   1.0600000e+03   2.2395208e+01
   1.0700000e+03   2.1773331e+01
   1.0800000e+03   2.2419389e+01
   1.0900000e+03   2.2417166e+01
   1.1000000e+03   2.2137590e+01
   1.1100000e+03   2.2486684e+01
   1.1200000e+03   2.1944319e+01
   1.1300000e+03   2.1872626e+01
   1.1400000e+03   2.1711726e+01
   1.1500000e+03   2.1903894e+01
   1.1600000e+03   2.2456711e+01
   1.1700000e+03   2.2518458e+01
   1.1800000e+03   2.1900131e+01
   1.1900000e+03   2.2314419e+01
   1.2000000e+03   2.2163835e+01
   1.2100000e+03   2.2569373e+01
   1.2200000e+03   2.2008762e+01
   1.2300000e+03   2.1877085e+01
   1.2400000e+03   2.2819382e+01
   1.2500000e+03   2.2092786e+01
   1.2600000e+03   2.2177288e+01
   1.2700000e+03   2.1888411e+01
   1.2800000e+03   2.2564671e+01
   1.2900000e+03   2.2116456e+01
   1.3000000e+03   2.1998301e+01
   1.3100000e+03   2.2094823e+01
   1.3200000e+03   2.2013119e+01
   1.3300000e+03   2.1619556e+01
   1.3400000e+03   2.1738866e+01
   1.3500000e+03   2.1836148e+01
   1.3600000e+03   2.1985154e+01
   1.3700000e+03   2.2446337e+01
   1.3800000e+03   2.1773661e+01
   1.3900000e+03   2.1826272e+01
   1.4000000e+03   2.1471391e+01
   1.4100000e+03   2.1675956e+01
   1.4200000e+03   2.1844758e+01
   1.4300000e+03   2.1075071e+01
   1.4400000e+03   2.1345597e+01
   1.4500000e+03   2.1410184e+01
   1.4600000e+03   2.0850992e+01
   1.4700000e+03   2.1563670e+01
   1.4800000e+03   2.1010453e+01
   1.4900000e+03   2.1066751e+01
   1.5000000e+03   2.1403733e+01
   1.5100000e+03   2.1410339e+01
   1.5200000e+03   2.1735768e+01
   1.5300000e+03   2.1670378e+01
   1.5400000e+03   2.1749346e+01
   1.5500000e+03   2.1495959e+01
   1.5600000e+03   2.1441253e+01
   1.5700000e+03   2.1342226e+01
   1.5800000e+03   2.1348246e+01
   1.5900000e+03   2.1327365e+01
   1.6000000e+03   2.1121559e+01
   1.6100000e+03   2.1095826e+01
   1.6200000e+03   2.1683495e+01
   1.6300000e+03   2.1317823e+01
   1.6400000e+03   2.1475971e+01
   1.6500000e+03   2.1841434e+01
   1.6600000e+03   2.1565714e+01
   1.6700000e+03   2.1343463e+01
   1.6800000e+03   2.1697915e+01
   1.6900000e+03   2.1567394e+01
   1.7000000e+03   2.1874734e+01
   1.7100000e+03   2.1573020e+01
   1.7200000e+03   2.1253705e+01
   1.7300000e+03   2.1351478e+01
   1.7400000e+03   2.1090869e+01
   1.7500000e+03   2.0883638e+01
   1.7600000e+03   2.1033912e+01
   1.7700000e+03   2.1131038e+01
   1.7800000e+03   2.1033890e+01
   1.7900000e+03   2.1123866e+01
   1.8000000e+03   2.1391115e+01
   1.8100000e+03   2.1075427e+01
   1.8200000e+03   2.1183345e+01
   1.8300000e+03   2.1168723e+01
   1.8400000e+03   2.1431946e+01
   1.8500000e+03   2.1329022e+01
   1.8600000e+03   2.0993629e+01
   1.8700000e+03   2.1196874e+01
   1.8800000e+03   2.1558990e+01
   1.8900000e+03   2.1376363e+01
   1.9000000e+03   2.1112661e+01
   1.9100000e+03   2.1302532e+01
   1.9200000e+03   2.1893660e+01
   1.9300000e+03   2.1592531e+01
   1.9400000e+03   2.1142997e+01
   1.9500000e+03   2.1221596e+01
   1.9600000e+03   2.1221657e+01
   1.9700000e+03   2.1794637e+01
   1.9800000e+03   2.2079700e+01
   1.9900000e+03   2.1577655e+01
   2.0000000e+03   2.1479730e+01
   2.0100000e+03   2.1928125e+01
   2.0200000e+03   2.1623285e+01
   2.0300000e+03   2.1699265e+01
   2.0400000e+03   2.1726196e+01
   2.0500000e+03   2.1895606e+01
   2.0600000e+03   2.1328944e+01
   2.0700000e+03   2.1071028e+01
   2.0800000e+03   2.1135419e+01
   2.0900000e+03   2.1302103e+01
   2.1000000e+03   2.1735493e+01
   2.1100000e+03   2.1653339e+01
   2.1200000e+03   2.1869912e+01
   2.1300000e+03   2.1735899e+01
   2.1400000e+03   2.2063527e+01
   2.1500000e+03   2.1582197e+01
   2.1600000e+03   2.1483033e+01
   2.1700000e+03   2.2167948e+01
   2.1800000e+03   2.1737670e+01
   2.1900000e+03   2.1966676e+01
   2.2000000e+03   2.1817547e+01
   2.2100000e+03   2.2018632e+01
   2.2200000e+03   2.1946934e+01
   2.2300000e+03   2.1733767e+01
   2.2400000e+03   2.1813200e+01
   2.2500000e+03   2.1698215e+01
   2.2600000e+03   2.1630123e+01
   2.2700000e+03   2.1883462e+01
   2.2800000e+03   2.1425855e+01
   2.2900000e+03   2.2193593e+01
   2.3000000e+03   2.1769263e+01
   2.3100000e+03   2.1793895e+01
   2.3200000e+03   2.2537781e+01
   2.3300000e+03   2.1392755e+01
   2.3400000e+03   2.1503994e+01
   2.3500000e+03   2.1553924e+01
   2.3600000e+03   2.1419961e+01
   2.3700000e+03   2.1775815e+01
   2.3800000e+03   2.1686670e+01
   2.3900000e+03   2.1394870e+01
   2.4000000e+03   2.1145545e+01
   2.4100000e+03   2.1287983e+01
   2.4200000e+03   2.1919988e+01
   2.4300000e+03   2.1722005e+01
   2.4400000e+03   2.1891124e+01
   2.4500000e+03   2.1701787e+01
   2.4600000e+03   2.1858276e+01
   2.4700000e+03   2.1242627e+01
   2.4800000e+03   2.2050242e+01
   2.4900000e+03   2.1333327e+01
   2.5000000e+03   2.1566821e+01
   2.5100000e+03   2.1932296e+01
   2.5200000e+03   2.1681561e+01
   2.5300000e+03   2.1443354e+01
   2.5400000e+03   2.1112427e+01
   2.5500000e+03   2.1230759e+01
   2.5600000e+03   2.1310484e+01
   2.5700000e+03   2.1832403e+01
   2.5800000e+03   2.1104010e+01
   2.5900000e+03   2.1295278e+01
   2.6000000e+03   2.1411316e+01
   2.6100000e+03   2.1573920e+01
   2.6200000e+03   2.1536116e+01
   2.6300000e+03   2.1479664e+01
   2.6400000e+03   2.1381959e+01
   2.6500000e+03   2.1893790e+01
   2.6600000e+03   2.2476447e+01
   2.6700000e+03   2.1779140e+01
   2.6800000e+03   2.2304630e+01
   2.6900000e+03   2.2080170e+01
   2.7000000e+03   2.1382940e+01
   2.7100000e+03   2.1926169e+01
   2.7200000e+03   2.1313293e+01
   2.7300000e+03   2.1445139e+01
   2.7400000e+03   2.1992850e+01
   2.7500000e+03   2.1851786e+01
   2.7600000e+03   2.2017198e+01
   2.7700000e+03   2.1427469e+01
   2.7800000e+03   2.1127090e+01
   2.7900000e+03   2.1249739e+01
   2.8000000e+03   2.1626040e+01
   2.8100000e+03   2.1644482e+01
   2.8200000e+03   2.1550183e+01
   2.8300000e+03   2.2107528e+01
   2.8400000e+03   2.2536039e+01
   2.8500000e+03   2.2141872e+01
   2.8600000e+03   2.1497980e+01
   2.8700000e+03   2.2020983e+01
   2.8800000e+03   2.1889375e+01
   2.8900000e+03   2.2264262e+01
   2.9000000e+03   2.2432505e+01
   2.9100000e+03   2.2424202e+01
   2.9200000e+03   2.1856943e+01
   2.9300000e+03   2.1440666e+01
   2.9400000e+03   2.2134986e+01
   2.9500000e+03   2.2325284e+01
   2.9600000e+03   2.1875741e+01
   2.9700000e+03   2.2457959e+01
   2.9800000e+03   2.2325029e+01
   2.9900000e+03   2.2017780e+01
   3.0000000e+03   2.2096085e+01
   3.0100000e+03   2.1741561e+01
   3.0200000e+03   2.1522365e+01
   3.0300000e+03   2.1852370e+01
   3.0400000e+03   2.1831745e+01
   3.0500000e+03   2.1622642e+01
   3.0600000e+03   2.1912981e+01
   3.0700000e+03   2.1555481e+01
   3.0800000e+03   2.1239721e+01
   3.0900000e+03   2.0953028e+01
   3.1000000e+03   2.1122000e+01
   3.1100000e+03   2.1021313e+01
   3.1200000e+03   2.0959596e+01
   3.1300000e+03   2.1066098e+01
   3.1400000e+03   2.1754839e+01
   3.1500000e+03   2.2154013e+01
   3.1600000e+03   2.2287984e+01
   3.1700000e+03   2.2010407e+01
   3.1800000e+03   2.1873966e+01
   3.1900000e+03   2.1742610e+01
   3.2000000e+03   2.2185789e+01
   3.2100000e+03   2.2421614e+01
   3.2200000e+03   2.2583257e+01
   3.2300000e+03   2.1877638e+01
   3.2400000e+03   2.2092869e+01
   3.2500000e+03   2.1711252e+01
   3.2600000e+03   2.1775008e+01
   3.2700000e+03   2.2108541e+01
   3.2800000e+03   2.1699448e+01
   3.2900000e+03   2.1209224e+01
   3.3000000e+03   2.1981848e+01
   3.3100000e+03   2.1015064e+01
   3.3200000e+03   2.2244729e+01
   3.3300000e+03   2.1047643e+01
   3.3400000e+03   2.0985976e+01
   3.3500000e+03   2.1456843e+01
   3.3600000e+03   2.1175616e+01
   3.3700000e+03   2.1137253e+01
   3.3800000e+03   2.0985522e+01
   3.3900000e+03   2.1416638e+01
   3.4000000e+03   2.1194572e+01
   3.4100000e+03   2.1101834e+01
   3.4200000e+03   2.1197842e+01
   3.4300000e+03   2.1215528e+01
   3.4400000e+03   2.1911106e+01
   3.4500000e+03   2.1361908e+01
   3.4600000e+03   2.1167326e+01
   3.4700000e+03   2.1355253e+01
   3.4800000e+03   2.0829998e+01
   3.4900000e+03   2.0660141e+01
