   0.0000000e+00   1.7925159e+01
   1.0000000e+01   1.7942674e+01
   2.0000000e+01   1.7934343e+01
   3.0000000e+01   1.7943753e+01
   4.0000000e+01   1.7939813e+01
   5.0000000e+01   1.7893164e+01
   6.0000000e+01   1.7803283e+01
   7.0000000e+01   1.7869436e+01
   8.0000000e+01   1.7866610e+01
   9.0000000e+01   1.7863023e+01
   1.0000000e+02   1.7872073e+01
   1.1000000e+02   1.7885041e+01
   1.2000000e+02   1.7903447e+01
   1.3000000e+02   1.7947613e+01
   1.4000000e+02   1.8019662e+01
   1.5000000e+02   1.8136124e+01
   1.6000000e+02   1.8249317e+01
   1.7000000e+02   1.8392100e+01
   1.8000000e+02   1.8554328e+01
   1.9000000e+02   1.8732187e+01
   2.0000000e+02   1.8907906e+01
   2.1000000e+02   1.9065629e+01
   2.2000000e+02   1.9237686e+01
   2.3000000e+02   1.9404766e+01
   2.4000000e+02   1.9576483e+01
   2.5000000e+02   1.9737195e+01
   2.6000000e+02   1.9893588e+01
   2.7000000e+02   2.0016430e+01
   2.8000000e+02   2.0133930e+01
   2.9000000e+02   2.0222782e+01
   3.0000000e+02   2.0320527e+01
   3.1000000e+02   2.0427078e+01
   3.2000000e+02   2.0509049e+01
   3.3000000e+02   2.0613397e+01
   3.4000000e+02   2.0648479e+01
   3.5000000e+02   2.0729455e+01
   3.6000000e+02   2.0763211e+01
   3.7000000e+02   2.0826083e+01
   3.8000000e+02   2.0868389e+01
   3.9000000e+02   2.0891498e+01
   4.0000000e+02   2.0929105e+01
   4.1000000e+02   2.0958926e+01
   4.2000000e+02   2.0981184e+01
   4.3000000e+02   2.1011984e+01
   4.4000000e+02   2.1074620e+01
   4.5000000e+02   2.1127758e+01
   4.6000000e+02   2.1210923e+01
   4.7000000e+02   2.1261411e+01
   4.8000000e+02   2.1308615e+01
   4.9000000e+02   2.1325927e+01
   5.0000000e+02   2.1351586e+01
   5.1000000e+02   2.1361904e+01
   5.2000000e+02   2.1375859e+01
   5.3000000e+02   2.1372654e+01
   5.4000000e+02   2.1351387e+01
   5.5000000e+02   2.1342536e+01
   5.6000000e+02   2.1315829e+01
   5.7000000e+02   2.1258294e+01
   5.8000000e+02   2.1218072e+01
   5.9000000e+02   2.1142092e+01
   6.0000000e+02   2.1075955e+01
   6.1000000e+02   2.1020580e+01
   6.2000000e+02   2.1003150e+01
   6.3000000e+02   2.0998492e+01
   6.4000000e+02   2.1002447e+01
   6.5000000e+02   2.0994085e+01
   6.6000000e+02   2.1000148e+01
   6.7000000e+02   2.0991919e+01
   6.8000000e+02   2.0983694e+01
   6.9000000e+02   2.0982806e+01
   7.0000000e+02   2.0987868e+01
   7.1000000e+02   2.0963663e+01
   7.2000000e+02   2.0951109e+01
   7.3000000e+02   2.0960363e+01
   7.4000000e+02   2.0925364e+01
   7.5000000e+02   2.0877621e+01
   7.6000000e+02   2.0831817e+01
   7.7000000e+02   2.0777410e+01
   7.8000000e+02   2.0755758e+01
   7.9000000e+02   2.0693422e+01
   8.0000000e+02   2.0645400e+01
   8.1000000e+02   2.0621147e+01
   8.2000000e+02   2.0592571e+01
   8.3000000e+02   2.0576270e+01
   8.4000000e+02   2.0534607e+01
   8.5000000e+02   2.0519345e+01
   8.6000000e+02   2.0492054e+01
   8.7000000e+02   2.0512494e+01
   8.8000000e+02   2.0546751e+01
   8.9000000e+02   2.0577895e+01
   9.0000000e+02   2.0616150e+01
   9.1000000e+02   2.0646015e+01
   9.2000000e+02   2.0688464e+01
   9.3000000e+02   2.0715643e+01
   9.4000000e+02   2.0739050e+01
   9.5000000e+02   2.0794832e+01
   9.6000000e+02   2.0792616e+01
   9.7000000e+02   2.0803856e+01
   9.8000000e+02   2.0812460e+01
   9.9000000e+02   2.0819530e+01
   1.0000000e+03   2.0831039e+01
   1.0100000e+03   2.0820158e+01
   1.0200000e+03   2.0838961e+01
   1.0300000e+03   2.0840836e+01
   1.0400000e+03   2.0832730e+01
   1.0500000e+03   2.0828214e+01
   1.0600000e+03   2.0823136e+01
   1.0700000e+03   2.0812702e+01
   1.0800000e+03   2.0807067e+01
   1.0900000e+03   2.0786319e+01
   1.1000000e+03   2.0765916e+01
   1.1100000e+03   2.0766801e+01
   1.1200000e+03   2.0750474e+01
   1.1300000e+03   2.0745622e+01
   1.1400000e+03   2.0750351e+01
   1.1500000e+03   2.0743117e+01
   1.1600000e+03   2.0746739e+01
   1.1700000e+03   2.0737500e+01
   1.1800000e+03   2.0726615e+01
   1.1900000e+03   2.0699171e+01
   1.2000000e+03   2.0670174e+01
   1.2100000e+03   2.0683842e+01
   1.2200000e+03   2.0652911e+01
   1.2300000e+03   2.0659090e+01
   1.2400000e+03   2.0677510e+01
   1.2500000e+03   2.0650670e+01
   1.2600000e+03   2.0682487e+01
   1.2700000e+03   2.0713727e+01
   1.2800000e+03   2.0730766e+01
   1.2900000e+03   2.0753554e+01
   1.3000000e+03   2.0734591e+01
   1.3100000e+03   2.0775655e+01
   1.3200000e+03   2.0770263e+01
   1.3300000e+03   2.0781976e+01
   1.3400000e+03   2.0779829e+01
   1.3500000e+03   2.0755183e+01
   1.3600000e+03   2.0734164e+01
   1.3700000e+03   2.0697915e+01
   1.3800000e+03   2.0667631e+01
   1.3900000e+03   2.0653145e+01
   1.4000000e+03   2.0630926e+01
   1.4100000e+03   2.0628185e+01
   1.4200000e+03   2.0642938e+01
   1.4300000e+03   2.0636131e+01
   1.4400000e+03   2.0624065e+01
   1.4500000e+03   2.0619228e+01
   1.4600000e+03   2.0609039e+01
   1.4700000e+03   2.0604487e+01
   1.4800000e+03   2.0585614e+01
   1.4900000e+03   2.0592843e+01
   1.5000000e+03   2.0607910e+01
   1.5100000e+03   2.0625867e+01
   1.5200000e+03   2.0622755e+01
   1.5300000e+03   2.0643905e+01
   1.5400000e+03   2.0650239e+01
   1.5500000e+03   2.0655743e+01
   1.5600000e+03   2.0659812e+01
   1.5700000e+03   2.0663529e+01
   1.5800000e+03   2.0636904e+01
   1.5900000e+03   2.0653753e+01
   1.6000000e+03   2.0661565e+01
   1.6100000e+03   2.0663840e+01
   1.6200000e+03   2.0688060e+01
   1.6300000e+03   2.0698156e+01
   1.6400000e+03   2.0703815e+01
   1.6500000e+03   2.0734080e+01
   1.6600000e+03   2.0744302e+01
   1.6700000e+03   2.0774978e+01
   1.6800000e+03   2.0775657e+01
   1.6900000e+03   2.0774693e+01
   1.7000000e+03   2.0773662e+01
   1.7100000e+03   2.0760412e+01
   1.7200000e+03   2.0765981e+01
   1.7300000e+03   2.0797119e+01
   1.7400000e+03   2.0827898e+01
   1.7500000e+03   2.0836874e+01
   1.7600000e+03   2.0892010e+01
   1.7700000e+03   2.0931508e+01
   1.7800000e+03   2.0980881e+01
   1.7900000e+03   2.1043316e+01
   1.8000000e+03   2.1094651e+01
   1.8100000e+03   2.1141161e+01
   1.8200000e+03   2.1193760e+01
   1.8300000e+03   2.1249495e+01
   1.8400000e+03   2.1297730e+01
   1.8500000e+03   2.1339436e+01
   1.8600000e+03   2.1397262e+01
   1.8700000e+03   2.1441481e+01
   1.8800000e+03   2.1462968e+01
   1.8900000e+03   2.1515428e+01
   1.9000000e+03   2.1533143e+01
   1.9100000e+03   2.1566320e+01
   1.9200000e+03   2.1600333e+01
   1.9300000e+03   2.1633018e+01
   1.9400000e+03   2.1677063e+01
   1.9500000e+03   2.1705426e+01
   1.9600000e+03   2.1719136e+01
   1.9700000e+03   2.1747216e+01
   1.9800000e+03   2.1767684e+01
   1.9900000e+03   2.1790028e+01
   2.0000000e+03   2.1806398e+01
   2.0100000e+03   2.1808772e+01
   2.0200000e+03   2.1811361e+01
   2.0300000e+03   2.1833203e+01
   2.0400000e+03   2.1838156e+01
   2.0500000e+03   2.1830840e+01
   2.0600000e+03   2.1845344e+01
   2.0700000e+03   2.1866301e+01
   2.0800000e+03   2.1887395e+01
   2.0900000e+03   2.1909882e+01
   2.1000000e+03   2.1921931e+01
   2.1100000e+03   2.1939019e+01
   2.1200000e+03   2.1930743e+01
   2.1300000e+03   2.1940841e+01
   2.1400000e+03   2.1929385e+01
   2.1500000e+03   2.1938440e+01
   2.1600000e+03   2.1942468e+01
   2.1700000e+03   2.1941537e+01
   2.1800000e+03   2.1944462e+01
   2.1900000e+03   2.1940077e+01
   2.2000000e+03   2.1941526e+01
   2.2100000e+03   2.1934907e+01
   2.2200000e+03   2.1911084e+01
   2.2300000e+03   2.1906560e+01
   2.2400000e+03   2.1897165e+01
   2.2500000e+03   2.1897612e+01
   2.2600000e+03   2.1863997e+01
   2.2700000e+03   2.1836507e+01
   2.2800000e+03   2.1808286e+01
   2.2900000e+03   2.1794173e+01
   2.3000000e+03   2.1759548e+01
   2.3100000e+03   2.1739071e+01
   2.3200000e+03   2.1707350e+01
   2.3300000e+03   2.1668783e+01
   2.3400000e+03   2.1665254e+01
   2.3500000e+03   2.1644154e+01
   2.3600000e+03   2.1637452e+01
   2.3700000e+03   2.1621743e+01
   2.3800000e+03   2.1588808e+01
   2.3900000e+03   2.1568176e+01
   2.4000000e+03   2.1561156e+01
   2.4100000e+03   2.1557790e+01
   2.4200000e+03   2.1554253e+01
   2.4300000e+03   2.1542476e+01
   2.4400000e+03   2.1541575e+01
   2.4500000e+03   2.1525956e+01
   2.4600000e+03   2.1523525e+01
   2.4700000e+03   2.1515221e+01
   2.4800000e+03   2.1480486e+01
   2.4900000e+03   2.1452498e+01
   2.5000000e+03   2.1395366e+01
   2.5100000e+03   2.1335175e+01
   2.5200000e+03   2.1301632e+01
   2.5300000e+03   2.1273732e+01
   2.5400000e+03   2.1315398e+01
   2.5500000e+03   2.1350636e+01
   2.5600000e+03   2.1384073e+01
   2.5700000e+03   2.1415271e+01
   2.5800000e+03   2.1428239e+01
   2.5900000e+03   2.1454253e+01
   2.6000000e+03   2.1463379e+01
   2.6100000e+03   2.1488775e+01
   2.6200000e+03   2.1519919e+01
   2.6300000e+03   2.1539822e+01
   2.6400000e+03   2.1562208e+01
   2.6500000e+03   2.1571543e+01
   2.6600000e+03   2.1571937e+01
   2.6700000e+03   2.1618127e+01
   2.6800000e+03   2.1613314e+01
   2.6900000e+03   2.1626806e+01
   2.7000000e+03   2.1627507e+01
   2.7100000e+03   2.1632388e+01
   2.7200000e+03   2.1640239e+01
   2.7300000e+03   2.1605251e+01
   2.7400000e+03   2.1626906e+01
   2.7500000e+03   2.1638037e+01
   2.7600000e+03   2.1666993e+01
   2.7700000e+03   2.1675728e+01
   2.7800000e+03   2.1709051e+01
   2.7900000e+03   2.1728237e+01
   2.8000000e+03   2.1755360e+01
   2.8100000e+03   2.1757144e+01
   2.8200000e+03   2.1777597e+01
   2.8300000e+03   2.1778865e+01
   2.8400000e+03   2.1762746e+01
   2.8500000e+03   2.1737808e+01
   2.8600000e+03   2.1704816e+01
   2.8700000e+03   2.1702243e+01
   2.8800000e+03   2.1707558e+01
   2.8900000e+03   2.1703866e+01
   2.9000000e+03   2.1715357e+01
   2.9100000e+03   2.1722086e+01
   2.9200000e+03   2.1724396e+01
   2.9300000e+03   2.1737272e+01
   2.9400000e+03   2.1731844e+01
   2.9500000e+03   2.1751965e+01
   2.9600000e+03   2.1753838e+01
   2.9700000e+03   2.1763497e+01
   2.9800000e+03   2.1760500e+01
   2.9900000e+03   2.1769595e+01
   3.0000000e+03   2.1763024e+01
   3.0100000e+03   2.1769552e+01
   3.0200000e+03   2.1771298e+01
   3.0300000e+03   2.1766089e+01
   3.0400000e+03   2.1755641e+01
   3.0500000e+03   2.1775095e+01
   3.0600000e+03   2.1812594e+01
   3.0700000e+03   2.1822218e+01
   3.0800000e+03   2.1859098e+01
   3.0900000e+03   2.1883240e+01
   3.1000000e+03   2.1914925e+01
   3.1100000e+03   2.1936667e+01
   3.1200000e+03   2.1950633e+01
   3.1300000e+03   2.1958519e+01
   3.1400000e+03   2.1951220e+01
   3.1500000e+03   2.1964375e+01
   3.1600000e+03   2.1978569e+01
   3.1700000e+03   2.1956518e+01
   3.1800000e+03   2.1961627e+01
   3.1900000e+03   2.1963741e+01
   3.2000000e+03   2.1956375e+01
   3.2100000e+03   2.1963298e+01
   3.2200000e+03   2.1953404e+01
   3.2300000e+03   2.1961366e+01
   3.2400000e+03   2.1981859e+01
   3.2500000e+03   2.1966851e+01
   3.2600000e+03   2.1965372e+01
   3.2700000e+03   2.1982268e+01
   3.2800000e+03   2.1980954e+01
   3.2900000e+03   2.1934091e+01
   3.3000000e+03   2.1945074e+01
   3.3100000e+03   2.1900586e+01
   3.3200000e+03   2.1870077e+01
   3.3300000e+03   2.1840619e+01
   3.3400000e+03   2.1827572e+01
   3.3500000e+03   2.1820528e+01
   3.3600000e+03   2.1799653e+01
   3.3700000e+03   2.1794159e+01
   3.3800000e+03   2.1753095e+01
   3.3900000e+03   2.1724123e+01
   3.4000000e+03   2.1683735e+01
   3.4100000e+03   2.1661368e+01
   3.4200000e+03   2.1640271e+01
   3.4300000e+03   2.1596641e+01
   3.4400000e+03   2.1570586e+01
   3.4500000e+03   2.1518561e+01
   3.4600000e+03   2.1486447e+01
   3.4700000e+03   2.1477893e+01
   3.4800000e+03   2.1448901e+01
   3.4900000e+03   2.1415898e+01
