   0.0000000e+00   1.8425647e+01
   1.0000000e+01   1.8440810e+01
   2.0000000e+01   1.8447792e+01
   3.0000000e+01   1.8447226e+01
   4.0000000e+01   1.8451964e+01
   5.0000000e+01   1.8463046e+01
   6.0000000e+01   1.8457504e+01
   7.0000000e+01   1.8362117e+01
   8.0000000e+01   1.7159292e+01
   9.0000000e+01   1.5225756e+01
   1.0000000e+02   1.3045808e+01
   1.1000000e+02   1.1370933e+01
   1.2000000e+02   1.0080938e+01
   1.3000000e+02   8.9936027e+00
   1.4000000e+02   8.1820262e+00
   1.5000000e+02   7.6962248e+00
   1.6000000e+02   7.1432490e+00
   1.7000000e+02   6.6872278e+00
   1.8000000e+02   6.1969478e+00
   1.9000000e+02   5.8466627e+00
   2.0000000e+02   5.4615896e+00
   2.1000000e+02   5.3700851e+00
   2.2000000e+02   5.1047020e+00
   2.3000000e+02   4.9174708e+00
   2.4000000e+02   4.8520393e+00
   2.5000000e+02   4.5986002e+00
   2.6000000e+02   4.7521043e+00
   2.7000000e+02   4.4274312e+00
   2.8000000e+02   4.3738906e+00
   2.9000000e+02   4.2256293e+00
   3.0000000e+02   4.2126499e+00
   3.1000000e+02   4.0341453e+00
   3.2000000e+02   4.0551517e+00
   3.3000000e+02   3.9692526e+00
   3.4000000e+02   3.9668882e+00
   3.5000000e+02   3.8439581e+00
   3.6000000e+02   3.7730472e+00
   3.7000000e+02   3.8754089e+00
   3.8000000e+02   3.7943535e+00
   3.9000000e+02   3.6362321e+00
   4.0000000e+02   3.7272409e+00
   4.1000000e+02   3.6177593e+00
   4.2000000e+02   3.5330009e+00
   4.3000000e+02   3.6513355e+00
   4.4000000e+02   3.5228225e+00
   4.5000000e+02   3.5077984e+00
   4.6000000e+02   3.5423969e+00
   4.7000000e+02   3.3230597e+00
   4.8000000e+02   3.3642858e+00
   4.9000000e+02   3.3675299e+00
   5.0000000e+02   3.3215160e+00
   5.1000000e+02   3.4498788e+00
   5.2000000e+02   3.3928037e+00
   5.3000000e+02   3.3191117e+00
   5.4000000e+02   3.2467875e+00
   5.5000000e+02   3.1790620e+00
   5.6000000e+02   3.2319287e+00
   5.7000000e+02   3.2816609e+00
   5.8000000e+02   3.2659606e+00
   5.9000000e+02   3.2157868e+00
   6.0000000e+02   3.1166972e+00
   6.1000000e+02   3.0786251e+00
   6.2000000e+02   3.2981521e+00
   6.3000000e+02   3.0766599e+00
   6.4000000e+02   3.0208399e+00
   6.5000000e+02   3.0788264e+00
   6.6000000e+02   3.1504166e+00
   6.7000000e+02   3.0179593e+00
   6.8000000e+02   3.0894373e+00
   6.9000000e+02   3.1049049e+00
   7.0000000e+02   3.0180701e+00
   7.1000000e+02   3.0161108e+00
   7.2000000e+02   3.0250759e+00
   7.3000000e+02   2.7955817e+00
   7.4000000e+02   2.8710485e+00
   7.5000000e+02   2.9335909e+00
   7.6000000e+02   2.8693988e+00
   7.7000000e+02   2.8982276e+00
   7.8000000e+02   2.9328487e+00
   7.9000000e+02   3.0818594e+00
   8.0000000e+02   2.7880725e+00
   8.1000000e+02   2.8751648e+00
   8.2000000e+02   2.8440138e+00
   8.3000000e+02   2.8410020e+00
   8.4000000e+02   2.7182664e+00
   8.5000000e+02   2.7134940e+00
   8.6000000e+02   2.7092423e+00
   8.7000000e+02   2.7555140e+00
   8.8000000e+02   2.6971303e+00
   8.9000000e+02   2.7799540e+00
   9.0000000e+02   2.7081843e+00
   9.1000000e+02   2.7328568e+00
   9.2000000e+02   2.7229523e+00
   9.3000000e+02   2.7898602e+00
   9.4000000e+02   2.7024833e+00
   9.5000000e+02   2.6989509e+00
   9.6000000e+02   2.6498276e+00
   9.7000000e+02   2.6454104e+00
   9.8000000e+02   2.6420653e+00
   9.9000000e+02   2.5979959e+00
   1.0000000e+03   2.6202068e+00
   1.0100000e+03   2.6069878e+00
   1.0200000e+03   2.6014647e+00
   1.0300000e+03   2.5186655e+00
   1.0400000e+03   2.5573469e+00
   1.0500000e+03   2.4848301e+00
   1.0600000e+03   2.5291950e+00
   1.0700000e+03   2.5700386e+00
   1.0800000e+03   2.5161705e+00
   1.0900000e+03   2.5447320e+00
   1.1000000e+03   2.6315249e+00
   1.1100000e+03   2.6554966e+00
   1.1200000e+03   2.6325129e+00
   1.1300000e+03   2.7119314e+00
   1.1400000e+03   2.6970733e+00
   1.1500000e+03   2.6315796e+00
   1.1600000e+03   2.4646903e+00
   1.1700000e+03   2.5898241e+00
   1.1800000e+03   2.4591067e+00
   1.1900000e+03   2.5090178e+00
   1.2000000e+03   2.6623283e+00
   1.2100000e+03   2.5457408e+00
   1.2200000e+03   2.5625396e+00
   1.2300000e+03   2.5198692e+00
   1.2400000e+03   2.5970934e+00
   1.2500000e+03   2.5647552e+00
   1.2600000e+03   2.5441604e+00
   1.2700000e+03   2.6164647e+00
   1.2800000e+03   2.4611654e+00
   1.2900000e+03   2.3590672e+00
   1.3000000e+03   2.4360700e+00
   1.3100000e+03   2.5338462e+00
   1.3200000e+03   2.5473485e+00
   1.3300000e+03   2.6195994e+00
   1.3400000e+03   2.6197601e+00
   1.3500000e+03   2.4020287e+00
   1.3600000e+03   2.5734953e+00
   1.3700000e+03   2.6223721e+00
   1.3800000e+03   2.5870335e+00
   1.3900000e+03   2.5486944e+00
   1.4000000e+03   2.4579093e+00
   1.4100000e+03   2.5606843e+00
   1.4200000e+03   2.4662351e+00
   1.4300000e+03   2.5039999e+00
   1.4400000e+03   2.5306139e+00
   1.4500000e+03   2.5072148e+00
   1.4600000e+03   2.4672401e+00
   1.4700000e+03   2.4266107e+00
   1.4800000e+03   2.3974482e+00
   1.4900000e+03   2.5812843e+00
   1.5000000e+03   2.6858166e+00
   1.5100000e+03   2.5647356e+00
   1.5200000e+03   2.6641893e+00
   1.5300000e+03   2.6416038e+00
   1.5400000e+03   2.6985261e+00
   1.5500000e+03   2.5771527e+00
   1.5600000e+03   2.6957439e+00
   1.5700000e+03   2.5371265e+00
   1.5800000e+03   2.6452730e+00
   1.5900000e+03   2.4485647e+00
   1.6000000e+03   2.4509464e+00
   1.6100000e+03   2.4734628e+00
   1.6200000e+03   2.4147521e+00
   1.6300000e+03   2.3314206e+00
   1.6400000e+03   2.4294216e+00
   1.6500000e+03   2.3075531e+00
   1.6600000e+03   2.4011815e+00
   1.6700000e+03   2.3466898e+00
   1.6800000e+03   2.3319875e+00
   1.6900000e+03   2.3609596e+00
   1.7000000e+03   2.4923282e+00
   1.7100000e+03   2.5399831e+00
   1.7200000e+03   2.5333172e+00
   1.7300000e+03   2.4873668e+00
   1.7400000e+03   2.3554744e+00
   1.7500000e+03   2.3512955e+00
   1.7600000e+03   2.4536368e+00
   1.7700000e+03   2.4568322e+00
   1.7800000e+03   2.4679018e+00
   1.7900000e+03   2.3829969e+00
   1.8000000e+03   2.4359428e+00
   1.8100000e+03   2.5992184e+00
   1.8200000e+03   2.3327879e+00
   1.8300000e+03   2.3645182e+00
   1.8400000e+03   2.3579612e+00
   1.8500000e+03   2.4097549e+00
   1.8600000e+03   2.3965460e+00
   1.8700000e+03   2.4211658e+00
   1.8800000e+03   2.3228235e+00
   1.8900000e+03   2.3293531e+00
   1.9000000e+03   2.2457085e+00
   1.9100000e+03   2.2405788e+00
   1.9200000e+03   2.3589769e+00
   1.9300000e+03   2.4143722e+00
   1.9400000e+03   2.1861507e+00
   1.9500000e+03   2.3359712e+00
   1.9600000e+03   2.2585988e+00
   1.9700000e+03   2.2243497e+00
   1.9800000e+03   2.2249036e+00
   1.9900000e+03   2.2380515e+00
   2.0000000e+03   2.3265926e+00
   2.0100000e+03   2.2794706e+00
   2.0200000e+03   2.2608622e+00
   2.0300000e+03   2.2650637e+00
   2.0400000e+03   2.3748792e+00
   2.0500000e+03   2.3127136e+00
   2.0600000e+03   2.3109519e+00
   2.0700000e+03   2.4314960e+00
   2.0800000e+03   2.5517695e+00
   2.0900000e+03   2.4554390e+00
   2.1000000e+03   2.3903854e+00
   2.1100000e+03   2.3398580e+00
   2.1200000e+03   2.4399340e+00
   2.1300000e+03   2.3013566e+00
   2.1400000e+03   2.2606740e+00
   2.1500000e+03   2.2753203e+00
   2.1600000e+03   2.5111437e+00
   2.1700000e+03   2.2748521e+00
   2.1800000e+03   2.1873863e+00
   2.1900000e+03   2.2062015e+00
   2.2000000e+03   2.2799165e+00
   2.2100000e+03   2.3585930e+00
   2.2200000e+03   2.2740774e+00
   2.2300000e+03   2.1806734e+00
   2.2400000e+03   2.3091709e+00
   2.2500000e+03   1.9812066e+00
   2.2600000e+03   2.0539648e+00
   2.2700000e+03   2.0476007e+00
   2.2800000e+03   2.3146606e+00
   2.2900000e+03   2.0871963e+00
   2.3000000e+03   2.1804443e+00
   2.3100000e+03   2.0812073e+00
   2.3200000e+03   2.1512118e+00
   2.3300000e+03   2.1039818e+00
   2.3400000e+03   2.0137299e+00
   2.3500000e+03   1.9114351e+00
   2.3600000e+03   2.0976130e+00
   2.3700000e+03   1.9491946e+00
   2.3800000e+03   2.0569091e+00
   2.3900000e+03   2.1018514e+00
   2.4000000e+03   1.9852513e+00
   2.4100000e+03   2.1957420e+00
   2.4200000e+03   1.9228576e+00
   2.4300000e+03   2.2312029e+00
   2.4400000e+03   1.9533316e+00
   2.4500000e+03   1.9241379e+00
   2.4600000e+03   2.0061181e+00
   2.4700000e+03   2.0393801e+00
   2.4800000e+03   1.8807351e+00
   2.4900000e+03   1.9256683e+00
   2.5000000e+03   1.8481403e+00
   2.5100000e+03   1.9368093e+00
   2.5200000e+03   1.9445662e+00
   2.5300000e+03   1.9334160e+00
   2.5400000e+03   2.1065454e+00
   2.5500000e+03   2.0570834e+00
   2.5600000e+03   2.2051183e+00
   2.5700000e+03   2.1390604e+00
   2.5800000e+03   2.0859220e+00
   2.5900000e+03   2.1325627e+00
   2.6000000e+03   2.1686167e+00
   2.6100000e+03   2.1727184e+00
   2.6200000e+03   2.2003887e+00
   2.6300000e+03   2.3161338e+00
   2.6400000e+03   2.1425758e+00
   2.6500000e+03   2.0869998e+00
   2.6600000e+03   1.9988341e+00
   2.6700000e+03   1.9866195e+00
   2.6800000e+03   1.8272736e+00
   2.6900000e+03   1.9049009e+00
   2.7000000e+03   1.8392737e+00
   2.7100000e+03   1.8616564e+00
   2.7200000e+03   1.8193849e+00
   2.7300000e+03   1.7997258e+00
   2.7400000e+03   1.8680473e+00
   2.7500000e+03   2.0712417e+00
   2.7600000e+03   1.8048068e+00
   2.7700000e+03   1.6965674e+00
   2.7800000e+03   1.8456537e+00
   2.7900000e+03   1.8046718e+00
   2.8000000e+03   1.8026393e+00
   2.8100000e+03   1.9437568e+00
   2.8200000e+03   1.8646011e+00
   2.8300000e+03   1.8162916e+00
   2.8400000e+03   1.8345057e+00
   2.8500000e+03   1.9792414e+00
   2.8600000e+03   1.8000330e+00
   2.8700000e+03   1.9153831e+00
   2.8800000e+03   1.8193527e+00
   2.8900000e+03  -2.4590111e+02
   2.9000000e+03  -2.4590111e+02
   2.9100000e+03  -2.4590111e+02
   2.9200000e+03  -2.4590111e+02
   2.9300000e+03  -2.4590111e+02
   2.9400000e+03  -2.4590111e+02
   2.9500000e+03  -2.4590111e+02
   2.9600000e+03  -2.4590111e+02
   2.9700000e+03  -2.4590111e+02
   2.9800000e+03  -2.4590111e+02
   2.9900000e+03  -2.4590111e+02
   3.0000000e+03  -2.4590111e+02
   3.0100000e+03  -2.4590111e+02
   3.0200000e+03  -2.4590111e+02
   3.0300000e+03  -2.4590111e+02
   3.0400000e+03  -2.4590111e+02
   3.0500000e+03  -2.4590111e+02
   3.0600000e+03  -2.4590111e+02
   3.0700000e+03  -2.4590111e+02
   3.0800000e+03  -2.4590111e+02
   3.0900000e+03  -2.4590111e+02
   3.1000000e+03  -2.4590111e+02
   3.1100000e+03  -2.4590111e+02
   3.1200000e+03  -2.4590111e+02
   3.1300000e+03  -2.4590111e+02
   3.1400000e+03  -2.4590111e+02
   3.1500000e+03  -2.4590111e+02
   3.1600000e+03  -2.4590111e+02
   3.1700000e+03  -2.4590111e+02
   3.1800000e+03  -2.4590111e+02
   3.1900000e+03  -2.4590111e+02
   3.2000000e+03  -2.4590111e+02
   3.2100000e+03  -2.4590111e+02
   3.2200000e+03  -2.4590111e+02
   3.2300000e+03  -2.4590111e+02
   3.2400000e+03  -2.4590111e+02
   3.2500000e+03  -2.4590111e+02
   3.2600000e+03  -2.4590111e+02
   3.2700000e+03  -2.4590111e+02
   3.2800000e+03  -2.4590111e+02
   3.2900000e+03  -2.4590111e+02
   3.3000000e+03  -2.4590111e+02
   3.3100000e+03  -2.4590111e+02
   3.3200000e+03  -2.4590111e+02
   3.3300000e+03  -2.4590111e+02
   3.3400000e+03  -2.4590111e+02
   3.3500000e+03  -2.4590111e+02
   3.3600000e+03  -2.4590111e+02
   3.3700000e+03  -2.4590111e+02
   3.3800000e+03  -2.4590111e+02
   3.3900000e+03  -2.4590111e+02
   3.4000000e+03  -2.4590111e+02
   3.4100000e+03  -2.4590111e+02
   3.4200000e+03  -2.4590111e+02
   3.4300000e+03  -2.4590111e+02
   3.4400000e+03  -2.4590111e+02
   3.4500000e+03  -2.4590111e+02
   3.4600000e+03  -2.4590111e+02
   3.4700000e+03  -2.4590111e+02
   3.4800000e+03  -2.4590111e+02
   3.4900000e+03  -2.4590111e+02
