   0.0000000e+00   1.9060158e+01
   1.0000000e+01   1.9071860e+01
   2.0000000e+01   1.9068869e+01
   3.0000000e+01   1.9074097e+01
   4.0000000e+01   1.9032137e+01
   5.0000000e+01   1.8657386e+01
   6.0000000e+01   1.7235927e+01
   7.0000000e+01   1.5118750e+01
   8.0000000e+01   1.3116688e+01
   9.0000000e+01   1.1089225e+01
   1.0000000e+02   9.0636589e+00
   1.1000000e+02   7.7004293e+00
   1.2000000e+02   6.6529165e+00
   1.3000000e+02   5.7464361e+00
   1.4000000e+02   5.0031359e+00
   1.5000000e+02   4.0537439e+00
   1.6000000e+02   3.4949809e+00
   1.7000000e+02   3.3992753e+00
   1.8000000e+02   2.4459092e+00
   1.9000000e+02   2.3231879e+00
   2.0000000e+02   1.8552890e+00
   2.1000000e+02   1.3940659e+00
   2.2000000e+02   1.1616004e+00
   2.3000000e+02   9.0242016e-01
   2.4000000e+02   7.0729488e-01
   2.5000000e+02   6.3801818e-01
   2.6000000e+02   6.3076249e-01
   2.7000000e+02   3.1633950e-01
   2.8000000e+02   3.4816095e-01
   2.9000000e+02   1.6513473e-01
   3.0000000e+02   8.4303632e-02
   3.1000000e+02  -4.5269140e-02
   3.2000000e+02   2.6863184e-01
   3.3000000e+02  -9.2605917e-03
   3.4000000e+02  -3.0009038e-02
   3.5000000e+02   4.6040552e-01
   3.6000000e+02  -2.6258169e-01
   3.7000000e+02  -1.0573498e-01
   3.8000000e+02   1.0812197e-01
   3.9000000e+02  -5.1196186e-02
   4.0000000e+02  -1.6531070e-01
   4.1000000e+02  -3.5543295e-01
   4.2000000e+02  -3.7370825e-01
   4.3000000e+02  -5.7918578e-01
   4.4000000e+02  -6.0441762e-01
   4.5000000e+02  -8.9082547e-01
   4.6000000e+02  -4.5387573e-01
   4.7000000e+02  -6.6197262e-01
   4.8000000e+02  -5.4473906e-01
   4.9000000e+02  -6.3335539e-01
   5.0000000e+02  -4.2832480e-01
   5.1000000e+02  -1.4632392e-01
   5.2000000e+02  -6.5244284e-01
   5.3000000e+02  -9.0371690e-01
   5.4000000e+02  -9.5614551e-01
   5.5000000e+02  -6.0474336e-01
   5.6000000e+02  -3.2867003e-01
   5.7000000e+02  -4.1708488e-01
   5.8000000e+02  -6.8647517e-01
   5.9000000e+02  -3.6263600e-01
   6.0000000e+02  -3.9027686e-01
   6.1000000e+02  -6.1228019e-01
   6.2000000e+02  -7.9473362e-01
   6.3000000e+02  -6.2412759e-01
   6.4000000e+02  -5.4047200e-01
   6.5000000e+02  -6.1567807e-01
   6.6000000e+02  -6.7813845e-01
   6.7000000e+02  -6.0753800e-01
   6.8000000e+02  -6.5841730e-01
   6.9000000e+02  -1.6930273e-01
   7.0000000e+02   3.2585785e-03
   7.1000000e+02  -5.8993227e-01
   7.2000000e+02  -2.2371650e-01
   7.3000000e+02  -5.5945250e-01
   7.4000000e+02  -7.6112288e-01
   7.5000000e+02  -7.1017049e-01
   7.6000000e+02  -2.9019624e-01
   7.7000000e+02  -6.6736161e-01
   7.8000000e+02  -3.8561940e-01
   7.9000000e+02  -4.8828763e-01
   8.0000000e+02  -7.6916937e-01
   8.1000000e+02  -7.1151851e-01
   8.2000000e+02  -3.4213768e-01
   8.3000000e+02  -6.4238053e-01
   8.4000000e+02  -5.8174206e-01
   8.5000000e+02  -7.8853232e-01
   8.6000000e+02  -5.6829286e-01
   8.7000000e+02  -7.0569260e-01
   8.8000000e+02  -7.7904738e-01
   8.9000000e+02  -8.7509843e-01
   9.0000000e+02  -9.0044874e-01
   9.1000000e+02  -1.0208933e+00
   9.2000000e+02  -1.2284011e+00
   9.3000000e+02  -8.7723987e-01
   9.4000000e+02  -1.5012757e+00
   9.5000000e+02  -1.0193070e+00
   9.6000000e+02  -1.2284389e+00
   9.7000000e+02  -1.0619011e+00
   9.8000000e+02  -8.2617347e-01
   9.9000000e+02  -1.0351476e+00
   1.0000000e+03  -1.0780407e+00
   1.0100000e+03  -1.5323060e+00
   1.0200000e+03  -1.3675697e+00
   1.0300000e+03  -1.1843501e+00
   1.0400000e+03  -1.3882780e+00
   1.0500000e+03  -1.5127946e+00
   1.0600000e+03  -1.5964439e+00
   1.0700000e+03  -1.2263768e+00
   1.0800000e+03  -1.1730182e+00
   1.0900000e+03  -1.2852310e+00
   1.1000000e+03  -1.3387180e+00
   1.1100000e+03  -9.9273904e-01
   1.1200000e+03  -1.2948431e+00
   1.1300000e+03  -1.1137970e+00
   1.1400000e+03  -1.3623244e+00
   1.1500000e+03  -1.4396472e+00
   1.1600000e+03  -1.6086952e+00
   1.1700000e+03  -1.6987282e+00
   1.1800000e+03  -1.5978325e+00
   1.1900000e+03  -5.9003796e-01
   1.2000000e+03  -1.4992658e+00
   1.2100000e+03  -1.7892206e+00
   1.2200000e+03  -1.3719429e+00
   1.2300000e+03  -1.2655688e+00
   1.2400000e+03  -1.0964224e+00
   1.2500000e+03  -1.3810536e+00
   1.2600000e+03  -1.6896741e+00
   1.2700000e+03  -1.5567433e+00
   1.2800000e+03  -1.4032139e+00
   1.2900000e+03  -9.8479109e-01
   1.3000000e+03  -1.2575442e+00
   1.3100000e+03  -9.6727580e-01
   1.3200000e+03  -1.4756362e+00
   1.3300000e+03  -1.3873875e+00
   1.3400000e+03  -1.2605136e+00
   1.3500000e+03  -1.2431964e+00
   1.3600000e+03  -1.3128447e+00
   1.3700000e+03  -1.5004895e+00
   1.3800000e+03  -1.1043452e+00
   1.3900000e+03  -1.0790614e+00
   1.4000000e+03  -9.2095542e-01
   1.4100000e+03  -1.1769225e+00
   1.4200000e+03  -1.1077909e+00
   1.4300000e+03  -9.0720090e-01
   1.4400000e+03  -1.4130658e+00
   1.4500000e+03  -1.5669062e+00
   1.4600000e+03  -1.2696081e+00
   1.4700000e+03  -1.3997676e+00
   1.4800000e+03  -1.1441682e+00
   1.4900000e+03  -1.4424751e+00
   1.5000000e+03  -1.4547104e+00
   1.5100000e+03  -1.4564659e+00
   1.5200000e+03  -1.6198851e+00
   1.5300000e+03  -1.5707776e+00
   1.5400000e+03  -1.6291501e+00
   1.5500000e+03  -1.3902618e+00
   1.5600000e+03  -1.4850700e+00
   1.5700000e+03  -1.1610004e+00
   1.5800000e+03  -1.4289800e+00
   1.5900000e+03  -1.1106837e+00
   1.6000000e+03  -1.6591093e+00
   1.6100000e+03  -1.4724886e+00
   1.6200000e+03  -1.8868236e+00
   1.6300000e+03  -1.6602810e+00
   1.6400000e+03  -1.6639496e+00
   1.6500000e+03  -1.7661153e+00
   1.6600000e+03  -1.9486605e+00
   1.6700000e+03  -1.8933346e+00
   1.6800000e+03  -1.7567817e+00
   1.6900000e+03  -1.7504534e+00
   1.7000000e+03  -1.5810506e+00
   1.7100000e+03  -1.7418894e+00
   1.7200000e+03  -1.8260718e+00
   1.7300000e+03  -2.0026689e+00
   1.7400000e+03  -1.8504997e+00
   1.7500000e+03  -1.8180034e+00
   1.7600000e+03  -2.2215340e+00
   1.7700000e+03  -2.0485744e+00
   1.7800000e+03  -1.8425184e+00
   1.7900000e+03  -1.3379456e+00
   1.8000000e+03  -2.1524903e+00
   1.8100000e+03  -2.1527393e+00
   1.8200000e+03  -2.2834999e+00
   1.8300000e+03  -1.4913492e+00
   1.8400000e+03  -1.6376085e+00
   1.8500000e+03  -2.1155016e+00
   1.8600000e+03  -2.0702047e+00
   1.8700000e+03  -1.4626899e+00
   1.8800000e+03  -2.2078539e+00
   1.8900000e+03  -1.9631337e+00
   1.9000000e+03  -1.9766876e+00
   1.9100000e+03  -2.0754824e+00
   1.9200000e+03  -1.9848503e+00
   1.9300000e+03  -1.6581093e+00
   1.9400000e+03  -1.8565811e+00
   1.9500000e+03  -1.6319449e+00
   1.9600000e+03  -1.8408085e+00
   1.9700000e+03  -1.9225786e+00
   1.9800000e+03  -2.1641517e+00
   1.9900000e+03  -2.2912959e+00
   2.0000000e+03  -1.9037418e+00
   2.0100000e+03  -1.8845706e+00
   2.0200000e+03  -2.2477865e+00
   2.0300000e+03  -1.8620132e+00
   2.0400000e+03  -1.8347886e+00
   2.0500000e+03  -2.0510695e+00
   2.0600000e+03  -2.1731880e+00
   2.0700000e+03  -2.0517057e+00
   2.0800000e+03  -1.8650127e+00
   2.0900000e+03  -2.3602338e+00
   2.1000000e+03  -2.0952530e+00
   2.1100000e+03  -2.2378901e+00
   2.1200000e+03  -1.9510289e+00
   2.1300000e+03  -1.8963716e+00
   2.1400000e+03  -2.1771217e+00
   2.1500000e+03  -2.1473367e+00
   2.1600000e+03  -2.0334606e+00
   2.1700000e+03  -2.1677855e+00
   2.1800000e+03  -2.0798122e+00
   2.1900000e+03  -1.8837031e+00
   2.2000000e+03  -2.1585891e+00
   2.2100000e+03  -1.9989310e+00
   2.2200000e+03  -1.9481966e+00
   2.2300000e+03  -2.1326607e+00
   2.2400000e+03  -1.9968488e+00
   2.2500000e+03  -1.6600391e+00
   2.2600000e+03  -1.6591737e+00
   2.2700000e+03  -1.6228340e+00
   2.2800000e+03  -2.1604867e+00
   2.2900000e+03  -2.2731286e+00
   2.3000000e+03  -1.9538871e+00
   2.3100000e+03  -2.1690369e+00
   2.3200000e+03  -1.9778710e+00
   2.3300000e+03  -2.2041786e+00
   2.3400000e+03  -2.0437065e+00
   2.3500000e+03  -1.6495903e+00
   2.3600000e+03  -2.1138527e+00
   2.3700000e+03  -1.9903869e+00
   2.3800000e+03  -2.3859727e+00
   2.3900000e+03  -1.6874067e+00
   2.4000000e+03  -2.2623197e+00
   2.4100000e+03  -2.0022857e+00
   2.4200000e+03  -2.2828283e+00
   2.4300000e+03  -1.9022836e+00
   2.4400000e+03  -1.8022406e+00
   2.4500000e+03  -1.9580599e+00
   2.4600000e+03  -2.2079195e+00
   2.4700000e+03  -2.2851182e+00
   2.4800000e+03  -2.0252024e+00
   2.4900000e+03  -1.9062642e+00
   2.5000000e+03  -1.9569693e+00
   2.5100000e+03  -1.9756367e+00
   2.5200000e+03  -2.0676666e+00
   2.5300000e+03  -2.0786570e+00
   2.5400000e+03  -2.0139763e+00
   2.5500000e+03  -1.6256760e+00
   2.5600000e+03  -1.2121220e+00
   2.5700000e+03  -1.9836298e+00
   2.5800000e+03  -2.0607942e+00
   2.5900000e+03  -2.1638559e+00
   2.6000000e+03  -2.4287617e+00
   2.6100000e+03  -2.4335450e+00
   2.6200000e+03  -2.0302939e+00
   2.6300000e+03  -2.3419673e+00
   2.6400000e+03  -2.4559035e+00
   2.6500000e+03  -2.4853600e+00
   2.6600000e+03  -2.4081624e+00
   2.6700000e+03  -2.2872969e+00
   2.6800000e+03  -2.4819232e+00
   2.6900000e+03  -2.3589843e+00
   2.7000000e+03  -2.3601582e+00
   2.7100000e+03  -2.5182126e+00
   2.7200000e+03  -2.4355185e+00
   2.7300000e+03  -1.6717882e+00
   2.7400000e+03  -2.1878885e+00
   2.7500000e+03  -2.5644403e+00
   2.7600000e+03  -2.5407651e+00
   2.7700000e+03  -2.3978557e+00
   2.7800000e+03  -2.4046972e+00
   2.7900000e+03  -1.7685563e+00
   2.8000000e+03  -2.2865403e+00
   2.8100000e+03  -2.0469599e+00
   2.8200000e+03  -2.3528849e+00
   2.8300000e+03  -2.5864808e+00
   2.8400000e+03  -2.2041376e+00
   2.8500000e+03  -2.0655096e+00
   2.8600000e+03  -1.9766803e+00
   2.8700000e+03  -2.3492807e+00
   2.8800000e+03  -2.2831482e+00
   2.8900000e+03  -1.9523998e+00
   2.9000000e+03  -2.2055195e+00
   2.9100000e+03  -2.5577490e+00
   2.9200000e+03  -2.5374248e+00
   2.9300000e+03  -2.3846171e+00
   2.9400000e+03  -2.5666876e+00
   2.9500000e+03  -2.4624679e+00
   2.9600000e+03  -2.3131315e+00
   2.9700000e+03  -2.2279292e+00
   2.9800000e+03  -2.2019437e+00
   2.9900000e+03  -2.4555643e+00
   3.0000000e+03  -2.7022058e+00
   3.0100000e+03  -2.3244864e+00
   3.0200000e+03  -2.2577510e+00
   3.0300000e+03  -2.5579340e+00
   3.0400000e+03  -2.1924997e+00
   3.0500000e+03  -2.5298232e+00
   3.0600000e+03  -2.5269610e+00
   3.0700000e+03  -1.7753303e+00
   3.0800000e+03  -2.7560431e+00
   3.0900000e+03  -2.6124305e+00
   3.1000000e+03  -2.7871765e+00
   3.1100000e+03  -2.3409089e+00
   3.1200000e+03  -2.6882356e+00
   3.1300000e+03  -2.5269880e+00
   3.1400000e+03  -2.6273456e+00
   3.1500000e+03  -2.2658449e+00
   3.1600000e+03  -2.6523468e+00
   3.1700000e+03  -2.3395315e+00
   3.1800000e+03  -2.3938466e+00
   3.1900000e+03  -2.5067630e+00
   3.2000000e+03  -1.7687245e+00
   3.2100000e+03  -2.6053072e+00
   3.2200000e+03  -2.6244040e+00
   3.2300000e+03  -2.6493633e+00
   3.2400000e+03  -2.7478236e+00
   3.2500000e+03  -2.4941319e+00
   3.2600000e+03  -2.7294455e+00
   3.2700000e+03  -2.5577897e+00
   3.2800000e+03  -2.4015099e+00
   3.2900000e+03  -2.4269365e+00
   3.3000000e+03  -2.4154812e+00
   3.3100000e+03  -2.3472853e+00
   3.3200000e+03  -2.4044340e+00
   3.3300000e+03  -2.5413417e+00
   3.3400000e+03  -2.3609071e+00
   3.3500000e+03  -2.2799935e+00
   3.3600000e+03  -2.7579325e+00
   3.3700000e+03  -2.3177830e+00
   3.3800000e+03  -2.2154056e+00
   3.3900000e+03  -2.2570261e+00
   3.4000000e+03  -2.4797042e+00
   3.4100000e+03  -2.7422711e+00
   3.4200000e+03  -2.0182137e+00
   3.4300000e+03  -2.6329767e+00
   3.4400000e+03  -2.2064082e+00
   3.4500000e+03  -2.0550462e+00
   3.4600000e+03  -1.9473842e+00
   3.4700000e+03  -1.9589388e+00
   3.4800000e+03  -1.9509864e+00
   3.4900000e+03  -2.5065540e+00
