   0.0000000e+00   2.6654613e-04
   1.0000000e+01   2.6963695e-03
   2.0000000e+01   7.8233547e-03
   3.0000000e+01   2.1508207e-03
   4.0000000e+01  -1.0317145e-01
   5.0000000e+01  -1.9213359e+00
   6.0000000e+01  -7.1892840e+00
   7.0000000e+01  -1.0263693e+01
   8.0000000e+01  -1.2640477e+01
   9.0000000e+01  -1.4702823e+01
   1.0000000e+02  -1.6233476e+01
   1.1000000e+02  -1.7760278e+01
   1.2000000e+02  -1.8697791e+01
   1.3000000e+02  -1.9785169e+01
   1.4000000e+02  -2.0483621e+01
   1.5000000e+02  -2.0993723e+01
   1.6000000e+02  -2.1569421e+01
   1.7000000e+02  -2.1887210e+01
   1.8000000e+02  -2.2402165e+01
   1.9000000e+02  -2.2814307e+01
   2.0000000e+02  -2.2886578e+01
   2.1000000e+02  -2.3268893e+01
   2.2000000e+02  -2.3717222e+01
   2.3000000e+02  -2.3914597e+01
   2.4000000e+02  -2.4096784e+01
   2.5000000e+02  -2.4323445e+01
   2.6000000e+02  -2.4342997e+01
   2.7000000e+02  -2.4005424e+01
   2.8000000e+02  -2.4265226e+01
   2.9000000e+02  -2.4449759e+01
   3.0000000e+02  -2.4693389e+01
   3.1000000e+02  -2.4688845e+01
   3.2000000e+02  -2.4899679e+01
   3.3000000e+02  -2.4887605e+01
   3.4000000e+02  -2.4865063e+01
   3.5000000e+02  -2.4876339e+01
   3.6000000e+02  -2.5158163e+01
   3.7000000e+02  -2.4998871e+01
   3.8000000e+02  -2.4818358e+01
   3.9000000e+02  -2.4955555e+01
   4.0000000e+02  -2.4945189e+01
   4.1000000e+02  -2.5111294e+01
   4.2000000e+02  -2.4976448e+01
   4.3000000e+02  -2.5178543e+01
   4.4000000e+02  -2.5293208e+01
   4.5000000e+02  -2.5399309e+01
   4.6000000e+02  -2.5624428e+01
   4.7000000e+02  -2.5584265e+01
   4.8000000e+02  -2.5590481e+01
   4.9000000e+02  -2.5728596e+01
   5.0000000e+02  -2.5808186e+01
   5.1000000e+02  -2.5542887e+01
   5.2000000e+02  -2.5611839e+01
   5.3000000e+02  -2.5617297e+01
   5.4000000e+02  -2.5855464e+01
   5.5000000e+02  -2.5701177e+01
   5.6000000e+02  -2.5629134e+01
   5.7000000e+02  -2.5692105e+01
   5.8000000e+02  -2.5517456e+01
   5.9000000e+02  -2.5313140e+01
   6.0000000e+02  -2.5092304e+01
   6.1000000e+02  -2.5441342e+01
   6.2000000e+02  -2.5363577e+01
   6.3000000e+02  -2.5349760e+01
   6.4000000e+02  -2.5345920e+01
   6.5000000e+02  -2.5284358e+01
   6.6000000e+02  -2.5367151e+01
   6.7000000e+02  -2.5328129e+01
   6.8000000e+02  -2.5302235e+01
   6.9000000e+02  -2.5371190e+01
   7.0000000e+02  -2.5405125e+01
   7.1000000e+02  -2.5412422e+01
   7.2000000e+02  -2.5456174e+01
   7.3000000e+02  -2.5398636e+01
   7.4000000e+02  -2.5249238e+01
   7.5000000e+02  -2.5255499e+01
   7.6000000e+02  -2.5224433e+01
   7.7000000e+02  -2.5435471e+01
   7.8000000e+02  -2.5167515e+01
   7.9000000e+02  -2.5105284e+01
   8.0000000e+02  -2.5426910e+01
   8.1000000e+02  -2.5503738e+01
   8.2000000e+02  -2.5519597e+01
   8.3000000e+02  -2.5385495e+01
   8.4000000e+02  -2.5477165e+01
   8.5000000e+02  -2.5566936e+01
   8.6000000e+02  -2.5972111e+01
   8.7000000e+02  -2.5883145e+01
   8.8000000e+02  -2.6215428e+01
   8.9000000e+02  -2.6271026e+01
   9.0000000e+02  -2.6531692e+01
   9.1000000e+02  -2.6637931e+01
   9.2000000e+02  -2.6582819e+01
   9.3000000e+02  -2.6691603e+01
   9.4000000e+02  -2.6639413e+01
   9.5000000e+02  -2.6802884e+01
   9.6000000e+02  -2.6628080e+01
   9.7000000e+02  -2.6437990e+01
   9.8000000e+02  -2.6524549e+01
   9.9000000e+02  -2.6464614e+01
   1.0000000e+03  -2.6314715e+01
   1.0100000e+03  -2.6351306e+01
   1.0200000e+03  -2.6345035e+01
   1.0300000e+03  -2.6269919e+01
   1.0400000e+03  -2.6361518e+01
   1.0500000e+03  -2.6297544e+01
   1.0600000e+03  -2.6486484e+01
   1.0700000e+03  -2.6642974e+01
   1.0800000e+03  -2.6690676e+01
   1.0900000e+03  -2.6455870e+01
   1.1000000e+03  -2.6509725e+01
   1.1100000e+03  -2.6488476e+01
   1.1200000e+03  -2.6210449e+01
   1.1300000e+03  -2.6434767e+01
   1.1400000e+03  -2.6760311e+01
   1.1500000e+03  -2.6615350e+01
   1.1600000e+03  -2.6588157e+01
   1.1700000e+03  -2.6552245e+01
   1.1800000e+03  -2.6215720e+01
   1.1900000e+03  -2.6076462e+01
   1.2000000e+03  -2.6512238e+01
   1.2100000e+03  -2.6224743e+01
   1.2200000e+03  -2.6322929e+01
   1.2300000e+03  -2.6306502e+01
   1.2400000e+03  -2.6027830e+01
   1.2500000e+03  -2.6363510e+01
   1.2600000e+03  -2.6399767e+01
   1.2700000e+03  -2.6357690e+01
   1.2800000e+03  -2.6371899e+01
   1.2900000e+03  -2.6327312e+01
   1.3000000e+03  -2.6295482e+01
   1.3100000e+03  -2.6378625e+01
   1.3200000e+03  -2.6340426e+01
   1.3300000e+03  -2.6170025e+01
   1.3400000e+03  -2.5861985e+01
   1.3500000e+03  -2.5817170e+01
   1.3600000e+03  -2.5786533e+01
   1.3700000e+03  -2.5510534e+01
   1.3800000e+03  -2.5374619e+01
   1.3900000e+03  -2.5386929e+01
   1.4000000e+03  -2.5634565e+01
   1.4100000e+03  -2.5669401e+01
   1.4200000e+03  -2.5745199e+01
   1.4300000e+03  -2.5572588e+01
   1.4400000e+03  -2.5673412e+01
   1.4500000e+03  -2.5535331e+01
   1.4600000e+03  -2.5668131e+01
   1.4700000e+03  -2.5972702e+01
   1.4800000e+03  -2.5821312e+01
   1.4900000e+03  -2.6171661e+01
   1.5000000e+03  -2.6211575e+01
   1.5100000e+03  -2.6172232e+01
   1.5200000e+03  -2.6063320e+01
   1.5300000e+03  -2.6352799e+01
   1.5400000e+03  -2.6329276e+01
   1.5500000e+03  -2.6384340e+01
   1.5600000e+03  -2.6445915e+01
   1.5700000e+03  -2.6245242e+01
   1.5800000e+03  -2.6314350e+01
   1.5900000e+03  -2.6205363e+01
   1.6000000e+03  -2.6382153e+01
   1.6100000e+03  -2.6541272e+01
   1.6200000e+03  -2.6588261e+01
   1.6300000e+03  -2.6369947e+01
   1.6400000e+03  -2.6624621e+01
   1.6500000e+03  -2.6645028e+01
   1.6600000e+03  -2.6655521e+01
   1.6700000e+03  -2.6644395e+01
   1.6800000e+03  -2.6616415e+01
   1.6900000e+03  -2.6717199e+01
   1.7000000e+03  -2.6249388e+01
   1.7100000e+03  -2.6506083e+01
   1.7200000e+03  -2.6677145e+01
   1.7300000e+03  -2.6612419e+01
   1.7400000e+03  -2.6567450e+01
   1.7500000e+03  -2.6659388e+01
   1.7600000e+03  -2.6819937e+01
   1.7700000e+03  -2.6720703e+01
   1.7800000e+03  -2.6713694e+01
   1.7900000e+03  -2.6588850e+01
   1.8000000e+03  -2.6760960e+01
   1.8100000e+03  -2.6675775e+01
   1.8200000e+03  -2.6777185e+01
   1.8300000e+03  -2.6599423e+01
   1.8400000e+03  -2.6560799e+01
   1.8500000e+03  -2.6512898e+01
   1.8600000e+03  -2.6337113e+01
   1.8700000e+03  -2.6281129e+01
   1.8800000e+03  -2.6468917e+01
   1.8900000e+03  -2.6190841e+01
   1.9000000e+03  -2.6334185e+01
   1.9100000e+03  -2.6327872e+01
   1.9200000e+03  -2.6500089e+01
   1.9300000e+03  -2.6448830e+01
   1.9400000e+03  -2.6700679e+01
   1.9500000e+03  -2.6567732e+01
   1.9600000e+03  -2.6536567e+01
   1.9700000e+03  -2.6480494e+01
   1.9800000e+03  -2.6672266e+01
   1.9900000e+03  -2.6800404e+01
   2.0000000e+03  -2.6766951e+01
   2.0100000e+03  -2.6726441e+01
   2.0200000e+03  -2.6676379e+01
   2.0300000e+03  -2.6423150e+01
   2.0400000e+03  -2.6685271e+01
   2.0500000e+03  -2.6533961e+01
   2.0600000e+03  -2.6635720e+01
   2.0700000e+03  -2.6555181e+01
   2.0800000e+03  -2.6647493e+01
   2.0900000e+03  -2.6566088e+01
   2.1000000e+03  -2.6680919e+01
   2.1100000e+03  -2.6635961e+01
   2.1200000e+03  -2.6640933e+01
   2.1300000e+03  -2.6633836e+01
   2.1400000e+03  -2.6614103e+01
   2.1500000e+03  -2.6493962e+01
   2.1600000e+03  -2.6478314e+01
   2.1700000e+03  -2.6453202e+01
   2.1800000e+03  -2.6656412e+01
   2.1900000e+03  -2.6485810e+01
   2.2000000e+03  -2.6767860e+01
   2.2100000e+03  -2.6544986e+01
   2.2200000e+03  -2.6599776e+01
   2.2300000e+03  -2.6775561e+01
   2.2400000e+03  -2.6624225e+01
   2.2500000e+03  -2.6374486e+01
   2.2600000e+03  -2.6488185e+01
   2.2700000e+03  -2.6446286e+01
   2.2800000e+03  -2.6419256e+01
   2.2900000e+03  -2.6287716e+01
   2.3000000e+03  -2.6442385e+01
   2.3100000e+03  -2.6299482e+01
   2.3200000e+03  -2.6408333e+01
   2.3300000e+03  -2.6589599e+01
   2.3400000e+03  -2.6426025e+01
   2.3500000e+03  -2.6592101e+01
   2.3600000e+03  -2.6655025e+01
   2.3700000e+03  -2.6685153e+01
   2.3800000e+03  -2.6620150e+01
   2.3900000e+03  -2.6845636e+01
   2.4000000e+03  -2.6749499e+01
   2.4100000e+03  -2.6788403e+01
   2.4200000e+03  -2.6717390e+01
   2.4300000e+03  -2.6601787e+01
   2.4400000e+03  -2.6626406e+01
   2.4500000e+03  -2.6497330e+01
   2.4600000e+03  -2.6650338e+01
   2.4700000e+03  -2.6552689e+01
   2.4800000e+03  -2.6543388e+01
   2.4900000e+03  -2.6336465e+01
   2.5000000e+03  -2.6053823e+01
   2.5100000e+03  -2.6069148e+01
   2.5200000e+03  -2.5998380e+01
   2.5300000e+03  -2.6279672e+01
   2.5400000e+03  -2.6401874e+01
   2.5500000e+03  -2.6584577e+01
   2.5600000e+03  -2.6450008e+01
   2.5700000e+03  -2.6412735e+01
   2.5800000e+03  -2.6492382e+01
   2.5900000e+03  -2.6512614e+01
   2.6000000e+03  -2.6469449e+01
   2.6100000e+03  -2.6618080e+01
   2.6200000e+03  -2.6706236e+01
   2.6300000e+03  -2.6788561e+01
   2.6400000e+03  -2.6743624e+01
   2.6500000e+03  -2.6706685e+01
   2.6600000e+03  -2.6727098e+01
   2.6700000e+03  -2.6667834e+01
   2.6800000e+03  -2.6614905e+01
   2.6900000e+03  -2.6495442e+01
   2.7000000e+03  -2.6404296e+01
   2.7100000e+03  -2.6292821e+01
   2.7200000e+03  -2.6171604e+01
   2.7300000e+03  -2.6335940e+01
   2.7400000e+03  -2.6393436e+01
   2.7500000e+03  -2.6558472e+01
   2.7600000e+03  -2.6586665e+01
   2.7700000e+03  -2.6479064e+01
   2.7800000e+03  -2.6537665e+01
   2.7900000e+03  -2.6540792e+01
   2.8000000e+03  -2.6343387e+01
   2.8100000e+03  -2.6225799e+01
   2.8200000e+03  -2.6286916e+01
   2.8300000e+03  -2.6300193e+01
   2.8400000e+03  -2.6125806e+01
   2.8500000e+03  -2.6205615e+01
   2.8600000e+03  -2.6266499e+01
   2.8700000e+03  -2.6290681e+01
   2.8800000e+03  -2.6417686e+01
   2.8900000e+03  -2.6320331e+01
   2.9000000e+03  -2.6484733e+01
   2.9100000e+03  -2.6443567e+01
   2.9200000e+03  -2.6210391e+01
   2.9300000e+03  -2.6239884e+01
   2.9400000e+03  -2.6189542e+01
   2.9500000e+03  -2.5980135e+01
   2.9600000e+03  -2.6269629e+01
   2.9700000e+03  -2.6402422e+01
   2.9800000e+03  -2.6313679e+01
   2.9900000e+03  -2.6396117e+01
   3.0000000e+03  -2.6346466e+01
   3.0100000e+03  -2.6263907e+01
   3.0200000e+03  -2.6183433e+01
   3.0300000e+03  -2.6274900e+01
   3.0400000e+03  -2.6372993e+01
   3.0500000e+03  -2.6318440e+01
   3.0600000e+03  -2.6260541e+01
   3.0700000e+03  -2.6621118e+01
   3.0800000e+03  -2.6635130e+01
   3.0900000e+03  -2.7078603e+01
   3.1000000e+03  -2.7200985e+01
   3.1100000e+03  -2.6999348e+01
   3.1200000e+03  -2.7143412e+01
   3.1300000e+03  -2.6987022e+01
   3.1400000e+03  -2.6980692e+01
   3.1500000e+03  -2.6911292e+01
   3.1600000e+03  -2.6695067e+01
   3.1700000e+03  -2.6659253e+01
   3.1800000e+03  -2.6668565e+01
   3.1900000e+03  -2.6529276e+01
   3.2000000e+03  -2.6763743e+01
   3.2100000e+03  -2.6732646e+01
   3.2200000e+03  -2.6719670e+01
   3.2300000e+03  -2.6704251e+01
   3.2400000e+03  -2.6850585e+01
   3.2500000e+03  -2.6722747e+01
   3.2600000e+03  -2.6703936e+01
   3.2700000e+03  -2.6686453e+01
   3.2800000e+03  -2.6757695e+01
   3.2900000e+03  -2.6882549e+01
   3.3000000e+03  -2.6551935e+01
   3.3100000e+03  -2.6643657e+01
   3.3200000e+03  -2.6424965e+01
   3.3300000e+03  -2.6639171e+01
   3.3400000e+03  -2.6574187e+01
   3.3500000e+03  -2.6665938e+01
   3.3600000e+03  -2.6433445e+01
   3.3700000e+03  -2.6557305e+01
   3.3800000e+03  -2.6579441e+01
   3.3900000e+03  -2.6130339e+01
   3.4000000e+03  -2.6180448e+01
   3.4100000e+03  -2.6457552e+01
   3.4200000e+03  -2.6365029e+01
   3.4300000e+03  -2.6501036e+01
   3.4400000e+03  -2.6507164e+01
   3.4500000e+03  -2.6351171e+01
   3.4600000e+03  -2.6527654e+01
   3.4700000e+03  -2.6414736e+01
   3.4800000e+03  -2.6275374e+01
   3.4900000e+03  -2.6178443e+01
