   0.0000000e+00   2.9720982e+01
   1.0000000e+01   2.9724989e+01
   2.0000000e+01   2.9724534e+01
   3.0000000e+01   2.9713751e+01
   4.0000000e+01   2.9724051e+01
   5.0000000e+01   2.9730920e+01
   6.0000000e+01   2.9735552e+01
   7.0000000e+01   2.9726745e+01
   8.0000000e+01   2.9248143e+01
   9.0000000e+01   1.8645227e+01
   1.0000000e+02   1.8883789e+01
   1.1000000e+02   1.9309586e+01
   1.2000000e+02   2.0517765e+01
   1.3000000e+02   5.5270606e+01
   1.4000000e+02   1.7559623e+01
   1.5000000e+02   2.8224473e+01
   1.6000000e+02   1.7800725e+01
   1.7000000e+02   3.0872490e+01
   1.8000000e+02   3.8817481e+01
   1.9000000e+02   3.4823276e+01
   2.0000000e+02   3.0852548e+01
   2.1000000e+02   4.4327324e+01
   2.2000000e+02   5.6512485e+01
   2.3000000e+02   3.9144419e+01
   2.4000000e+02   2.9382780e+01
   2.5000000e+02   5.0117724e+01
   2.6000000e+02   2.5775674e+01
   2.7000000e+02   5.0739487e+01
   2.8000000e+02   5.3386864e+01
   2.9000000e+02   2.2173531e+01
   3.0000000e+02   2.3991339e+01
   3.1000000e+02   1.8163866e+01
   3.2000000e+02   1.5406025e+01
   3.3000000e+02   1.6175408e+01
   3.4000000e+02   1.5964545e+01
   3.5000000e+02   1.7127029e+01
   3.6000000e+02   1.7050303e+01
   3.7000000e+02   1.6527210e+01
   3.8000000e+02   1.5791596e+01
   3.9000000e+02   1.5657892e+01
   4.0000000e+02   1.8555389e+01
   4.1000000e+02   2.8973092e+01
   4.2000000e+02   1.9381891e+01
   4.3000000e+02   2.1199718e+01
   4.4000000e+02   1.9835197e+01
   4.5000000e+02   1.9928834e+01
   4.6000000e+02   2.1927636e+01
   4.7000000e+02   1.6988059e+01
   4.8000000e+02   2.0304515e+01
   4.9000000e+02   2.1178718e+01
   5.0000000e+02   1.9973019e+01
   5.1000000e+02   1.9625254e+01
   5.2000000e+02   2.0319292e+01
   5.3000000e+02   2.7718037e+01
   5.4000000e+02   2.3162122e+01
   5.5000000e+02   2.2037273e+01
   5.6000000e+02   2.4818549e+01
   5.7000000e+02   2.0446073e+01
   5.8000000e+02   2.0488773e+01
   5.9000000e+02   3.0395404e+01
   6.0000000e+02   2.8108512e+01
   6.1000000e+02   3.5529710e+01
   6.2000000e+02   2.0634289e+01
   6.3000000e+02   3.0772701e+01
   6.4000000e+02   2.9924199e+01
   6.5000000e+02   4.5040642e+01
   6.6000000e+02   5.3089879e+01
   6.7000000e+02   5.7604179e+01
   6.8000000e+02   2.0531527e+01
   6.9000000e+02   2.0022764e+01
   7.0000000e+02   1.9679073e+01
   7.1000000e+02   1.8792166e+01
   7.2000000e+02   1.8325874e+01
   7.3000000e+02   1.8347158e+01
   7.4000000e+02   2.0427172e+01
   7.5000000e+02   2.3317269e+01
   7.6000000e+02   2.1213503e+01
   7.7000000e+02   2.1009069e+01
   7.8000000e+02   2.8466488e+01
   7.9000000e+02   2.1925571e+01
   8.0000000e+02   2.2427905e+01
   8.1000000e+02   2.0840018e+01
   8.2000000e+02   2.1211001e+01
   8.3000000e+02   2.0910525e+01
   8.4000000e+02   2.0878251e+01
   8.5000000e+02   2.0053177e+01
   8.6000000e+02   2.6486842e+01
   8.7000000e+02   2.0612882e+01
   8.8000000e+02   3.6425189e+01
   8.9000000e+02   2.0530822e+01
   9.0000000e+02   2.1940836e+01
   9.1000000e+02   2.4433134e+01
   9.2000000e+02   2.4046114e+01
   9.3000000e+02   3.1104038e+01
   9.4000000e+02   3.1115741e+01
   9.5000000e+02   3.1474879e+01
   9.6000000e+02   3.7381955e+01
   9.7000000e+02   5.4693712e+01
   9.8000000e+02   5.4881375e+01
   9.9000000e+02   5.4847532e+01
   1.0000000e+03   5.5599709e+01
   1.0100000e+03   3.0365344e+01
   1.0200000e+03   2.1380157e+01
   1.0300000e+03   4.2813300e+01
   1.0400000e+03   3.7890591e+01
   1.0500000e+03   3.0885659e+01
   1.0600000e+03   4.4556143e+01
   1.0700000e+03   3.9265336e+01
   1.0800000e+03   3.1112062e+01
   1.0900000e+03   2.9258261e+01
   1.1000000e+03   3.2790691e+01
   1.1100000e+03   3.5333991e+01
   1.1200000e+03   3.8175394e+01
   1.1300000e+03   5.2834756e+01
   1.1400000e+03   3.6170531e+01
   1.1500000e+03   2.3761815e+01
   1.1600000e+03   5.0932899e+01
   1.1700000e+03   5.1842193e+01
   1.1800000e+03   8.8959303e+01
   1.1900000e+03   4.5929158e+01
   1.2000000e+03   5.9301963e+01
   1.2100000e+03   1.2380684e+02
   1.2200000e+03   2.3535421e+01
   1.2300000e+03   4.2113182e+01
   1.2400000e+03   3.5216259e+01
   1.2500000e+03   4.4463582e+01
   1.2600000e+03   5.1803272e+01
   1.2700000e+03   2.8740539e+01
   1.2800000e+03   3.3370945e+01
   1.2900000e+03   3.7728034e+01
   1.3000000e+03   3.1254826e+01
   1.3100000e+03   3.2158483e+01
   1.3200000e+03   3.5592194e+01
   1.3300000e+03   3.1940080e+01
   1.3400000e+03   3.4636901e+01
   1.3500000e+03   3.7496726e+01
   1.3600000e+03   3.5272362e+01
   1.3700000e+03   3.2779409e+01
   1.3800000e+03   3.1845889e+01
   1.3900000e+03   4.4648500e+01
   1.4000000e+03   3.7635201e+01
   1.4100000e+03   5.0965471e+01
   1.4200000e+03   3.5596894e+01
   1.4300000e+03   4.0456492e+01
   1.4400000e+03   2.9074831e+01
   1.4500000e+03   4.3707182e+01
   1.4600000e+03   6.0126942e+01
   1.4700000e+03   4.7205688e+01
   1.4800000e+03   3.1759633e+01
   1.4900000e+03   3.9527699e+01
   1.5000000e+03   5.0475207e+01
   1.5100000e+03   5.4548978e+01
   1.5200000e+03   5.7566363e+01
   1.5300000e+03   5.7457684e+01
   1.5400000e+03   4.8512694e+01
   1.5500000e+03   6.3688032e+01
   1.5600000e+03   3.1825654e+01
   1.5700000e+03   3.6461057e+01
   1.5800000e+03   3.6006648e+01
   1.5900000e+03   3.5749623e+01
   1.6000000e+03   3.9955685e+01
   1.6100000e+03   2.5464257e+01
   1.6200000e+03   4.0742433e+01
   1.6300000e+03   9.2458916e+01
   1.6400000e+03   3.7464216e+01
   1.6500000e+03   3.5811703e+01
   1.6600000e+03   1.0595799e+02
   1.6700000e+03   3.7871155e+01
   1.6800000e+03   2.4579199e+01
   1.6900000e+03   2.6979373e+01
   1.7000000e+03   2.9226293e+01
   1.7100000e+03   4.5121260e+01
   1.7200000e+03   2.8382200e+01
   1.7300000e+03   2.5043061e+01
   1.7400000e+03   2.7680856e+01
   1.7500000e+03   3.2628665e+01
   1.7600000e+03   4.6833991e+01
   1.7700000e+03   4.5451048e+01
   1.7800000e+03   2.0971406e+01
   1.7900000e+03   2.1365665e+01
   1.8000000e+03   2.0898771e+01
   1.8100000e+03   2.0730929e+01
   1.8200000e+03   2.0465594e+01
   1.8300000e+03   2.6107028e+01
   1.8400000e+03   2.1164628e+01
   1.8500000e+03   2.5629813e+01
   1.8600000e+03   2.3468057e+01
   1.8700000e+03   2.0835993e+01
   1.8800000e+03   2.0448418e+01
   1.8900000e+03   2.8412392e+01
   1.9000000e+03   2.3546631e+01
   1.9100000e+03   2.7805544e+01
   1.9200000e+03   4.2620747e+01
   1.9300000e+03   4.4719331e+01
   1.9400000e+03   4.1600868e+01
   1.9500000e+03   6.6625838e+01
   1.9600000e+03   4.6834604e+01
   1.9700000e+03   7.7660357e+01
   1.9800000e+03   5.5697938e+01
   1.9900000e+03   4.1734683e+01
   2.0000000e+03   1.2449855e+02
   2.0100000e+03   1.9691630e+02
   2.0200000e+03   1.0575538e+02
   2.0300000e+03   1.2430240e+02
   2.0400000e+03   1.8367984e+02
   2.0500000e+03   1.1201536e+02
   2.0600000e+03   2.6109871e+02
   2.0700000e+03   3.5934142e+02
   2.0800000e+03   1.0094284e+03
   2.0900000e+03   1.6175078e+03
   2.1000000e+03   7.0781307e+01
   2.1100000e+03   8.7421736e+01
   2.1200000e+03   1.7538181e+02
   2.1300000e+03   1.2986952e+02
   2.1400000e+03   8.3114499e+01
   2.1500000e+03   1.5908485e+02
   2.1600000e+03   6.7261472e+02
   2.1700000e+03   6.3924131e+02
   2.1800000e+03   2.2903827e+03
   2.1900000e+03   2.2903769e+03
   2.2000000e+03   5.4079155e+02
   2.2100000e+03   5.9290394e+02
   2.2200000e+03   2.6128338e+02
   2.2300000e+03   4.9339506e+02
   2.2400000e+03   1.7541170e+02
   2.2500000e+03   1.2634028e+02
   2.2600000e+03   1.2115043e+03
   2.2700000e+03   9.0276548e+01
   2.2800000e+03   9.2378193e+01
   2.2900000e+03   5.4359746e+01
   2.3000000e+03   1.4432163e+02
   2.3100000e+03   9.6098785e+01
   2.3200000e+03   7.7079160e+01
   2.3300000e+03   8.8596459e+01
   2.3400000e+03   8.1970474e+01
   2.3500000e+03   3.2305503e+01
   2.3600000e+03   2.6611673e+01
   2.3700000e+03   3.0913537e+01
   2.3800000e+03   3.3120710e+01
   2.3900000e+03   2.2409134e+01
   2.4000000e+03   2.1022198e+01
   2.4100000e+03   2.1386455e+01
   2.4200000e+03   2.1151577e+01
   2.4300000e+03   2.0838697e+01
   2.4400000e+03   3.0300658e+01
   2.4500000e+03   2.4174432e+01
   2.4600000e+03   2.1726120e+01
   2.4700000e+03   2.3860417e+01
   2.4800000e+03   2.0957207e+01
   2.4900000e+03   2.4982600e+01
   2.5000000e+03   2.1087470e+01
   2.5100000e+03   2.0846039e+01
   2.5200000e+03   2.2786599e+01
   2.5300000e+03   2.1042605e+01
   2.5400000e+03   3.1690008e+01
   2.5500000e+03   3.0796771e+01
   2.5600000e+03   2.1351299e+01
   2.5700000e+03   2.0591559e+01
   2.5800000e+03   2.3464115e+01
   2.5900000e+03   2.1099654e+01
   2.6000000e+03   2.1170303e+01
   2.6100000e+03   2.1008676e+01
   2.6200000e+03   2.1287644e+01
   2.6300000e+03   2.1011887e+01
   2.6400000e+03   3.5261984e+01
   2.6500000e+03   2.1842440e+01
   2.6600000e+03   2.1774321e+01
   2.6700000e+03   2.0927553e+01
   2.6800000e+03   2.1173066e+01
   2.6900000e+03   2.1031457e+01
   2.7000000e+03   2.0996512e+01
   2.7100000e+03   2.2022265e+01
   2.7200000e+03   2.1130863e+01
   2.7300000e+03   2.8339062e+01
   2.7400000e+03   3.8783984e+01
   2.7500000e+03   3.2937250e+01
   2.7600000e+03   2.3520044e+01
   2.7700000e+03   2.9619586e+01
   2.7800000e+03   4.0255948e+01
   2.7900000e+03   5.3991491e+01
   2.8000000e+03   5.3183791e+01
   2.8100000e+03   5.0007390e+01
   2.8200000e+03   3.7677640e+01
   2.8300000e+03   4.0451227e+01
   2.8400000e+03   4.8345369e+01
   2.8500000e+03   4.5479176e+01
   2.8600000e+03   3.0939843e+01
   2.8700000e+03   4.0637668e+01
   2.8800000e+03   4.6264371e+01
   2.8900000e+03   2.0698806e+01
   2.9000000e+03   2.0490068e+01
   2.9100000e+03   2.0759679e+01
   2.9200000e+03   2.0444218e+01
   2.9300000e+03   2.0872212e+01
   2.9400000e+03   2.0899720e+01
   2.9500000e+03   2.0643673e+01
   2.9600000e+03   2.1060459e+01
   2.9700000e+03   2.0828355e+01
   2.9800000e+03   2.5603919e+01
   2.9900000e+03   2.4461586e+01
   3.0000000e+03   2.3790025e+01
   3.0100000e+03   7.1292950e+01
   3.0200000e+03   5.4863707e+01
   3.0300000e+03   9.9293381e+01
   3.0400000e+03   1.7888552e+02
   3.0500000e+03   2.5150675e+02
   3.0600000e+03   4.3617334e+02
   3.0700000e+03   3.9462489e+02
   3.0800000e+03   6.7352797e+01
   3.0900000e+03   1.5351289e+02
   3.1000000e+03   9.7174069e+01
   3.1100000e+03   6.7231954e+01
   3.1200000e+03   6.1377204e+01
   3.1300000e+03   2.6134977e+01
   3.1400000e+03   2.0816295e+01
   3.1500000e+03   2.1213859e+01
   3.1600000e+03   4.5995756e+01
   3.1700000e+03   2.9457904e+01
   3.1800000e+03   2.0814002e+01
   3.1900000e+03   2.1519642e+01
   3.2000000e+03   2.0794353e+01
   3.2100000e+03   3.8065389e+01
   3.2200000e+03   6.2087972e+01
   3.2300000e+03   4.7617762e+01
   3.2400000e+03   4.5912162e+01
   3.2500000e+03   4.1855366e+01
   3.2600000e+03   3.5729572e+01
   3.2700000e+03   3.2570379e+01
   3.2800000e+03   5.2984046e+01
   3.2900000e+03   4.1290306e+01
   3.3000000e+03   7.9323048e+01
   3.3100000e+03   8.4583141e+01
   3.3200000e+03   1.8723089e+02
   3.3300000e+03   1.4603215e+02
   3.3400000e+03   3.3525127e+01
   3.3500000e+03   7.0182053e+01
   3.3600000e+03   7.2917868e+01
   3.3700000e+03   1.2177718e+02
   3.3800000e+03   6.7470156e+01
   3.3900000e+03   3.1506710e+01
   3.4000000e+03   3.4750412e+01
   3.4100000e+03   3.9011409e+01
   3.4200000e+03   5.5645932e+01
   3.4300000e+03   5.4711696e+01
   3.4400000e+03   2.6205343e+01
   3.4500000e+03   2.1903263e+01
   3.4600000e+03   3.7748978e+01
   3.4700000e+03   2.4397553e+01
   3.4800000e+03   2.3223390e+01
   3.4900000e+03   2.4781598e+01
