   0.0000000e+00   1.7487675e+01
   1.0000000e+01   1.7495671e+01
   2.0000000e+01   1.7487416e+01
   3.0000000e+01   1.7485035e+01
   4.0000000e+01   1.7491303e+01
   5.0000000e+01   1.7503153e+01
   6.0000000e+01   1.7514319e+01
   7.0000000e+01   1.7540842e+01
   8.0000000e+01   1.7824871e+01
   9.0000000e+01   1.8779339e+01
   1.0000000e+02   2.0750808e+01
   1.1000000e+02   2.1402457e+01
   1.2000000e+02   2.1724870e+01
   1.3000000e+02   2.1702810e+01
   1.4000000e+02   2.1640910e+01
   1.5000000e+02   2.1957776e+01
   1.6000000e+02   2.1559139e+01
   1.7000000e+02   2.1455227e+01
   1.8000000e+02   2.1543763e+01
   1.9000000e+02   2.1672178e+01
   2.0000000e+02   2.1647608e+01
   2.1000000e+02   2.1393510e+01
   2.2000000e+02   2.1320718e+01
   2.3000000e+02   2.1331238e+01
   2.4000000e+02   2.1444192e+01
   2.5000000e+02   2.1375829e+01
   2.6000000e+02   2.1245696e+01
   2.7000000e+02   2.1715422e+01
   2.8000000e+02   2.1143263e+01
   2.9000000e+02   2.1350862e+01
   3.0000000e+02   2.1109429e+01
   3.1000000e+02   2.1093500e+01
   3.2000000e+02   2.1390884e+01
   3.3000000e+02   2.1341191e+01
   3.4000000e+02   2.1638564e+01
   3.5000000e+02   2.1270561e+01
   3.6000000e+02   2.0997072e+01
   3.7000000e+02   2.0821027e+01
   3.8000000e+02   2.0717576e+01
   3.9000000e+02   2.0584958e+01
   4.0000000e+02   2.1027366e+01
   4.1000000e+02   2.0940233e+01
   4.2000000e+02   2.0995790e+01
   4.3000000e+02   2.1235710e+01
   4.4000000e+02   2.0570821e+01
   4.5000000e+02   2.0872963e+01
   4.6000000e+02   2.1339881e+01
   4.7000000e+02   2.1498554e+01
   4.8000000e+02   2.1431537e+01
   4.9000000e+02   2.0881164e+01
   5.0000000e+02   2.0574852e+01
   5.1000000e+02   2.0686248e+01
   5.2000000e+02   2.1020001e+01
   5.3000000e+02   2.1079258e+01
   5.4000000e+02   2.0981815e+01
   5.5000000e+02   2.1702733e+01
   5.6000000e+02   2.1450789e+01
   5.7000000e+02   2.1680732e+01
   5.8000000e+02   2.1654935e+01
   5.9000000e+02   2.1357845e+01
   6.0000000e+02   2.1582633e+01
   6.1000000e+02   2.1634938e+01
   6.2000000e+02   2.1822472e+01
   6.3000000e+02   2.1541035e+01
   6.4000000e+02   2.1407764e+01
   6.5000000e+02   2.1545966e+01
   6.6000000e+02   2.0807231e+01
   6.7000000e+02   2.0577799e+01
   6.8000000e+02   2.0531628e+01
   6.9000000e+02   2.0488444e+01
   7.0000000e+02   2.0228481e+01
   7.1000000e+02   2.0166801e+01
   7.2000000e+02   2.0382561e+01
   7.3000000e+02   1.9927935e+01
   7.4000000e+02   2.0516415e+01
   7.5000000e+02   1.9976644e+01
   7.6000000e+02   2.0178969e+01
   7.7000000e+02   1.9839976e+01
   7.8000000e+02   1.9648612e+01
   7.9000000e+02   1.9648483e+01
   8.0000000e+02   1.9708249e+01
   8.1000000e+02   1.9817629e+01
   8.2000000e+02   1.9821748e+01
   8.3000000e+02   1.9802006e+01
   8.4000000e+02   1.9874870e+01
   8.5000000e+02   1.9719609e+01
   8.6000000e+02   1.9739087e+01
   8.7000000e+02   2.0702322e+01
   8.8000000e+02   2.1238539e+01
   8.9000000e+02   2.1671248e+01
   9.0000000e+02   2.1701692e+01
   9.1000000e+02   2.1917862e+01
   9.2000000e+02   2.1652447e+01
   9.3000000e+02   2.1811688e+01
   9.4000000e+02   2.1554169e+01
   9.5000000e+02   2.1143174e+01
   9.6000000e+02   2.0644349e+01
   9.7000000e+02   2.0775561e+01
   9.8000000e+02   2.0051279e+01
   9.9000000e+02   1.9634111e+01
   1.0000000e+03   1.9638724e+01
   1.0100000e+03   1.9357804e+01
   1.0200000e+03   1.9095604e+01
   1.0300000e+03   1.9343477e+01
   1.0400000e+03   1.9426402e+01
   1.0500000e+03   1.9596060e+01
   1.0600000e+03   1.9644450e+01
   1.0700000e+03   1.9919645e+01
   1.0800000e+03   1.9935966e+01
   1.0900000e+03   2.0544304e+01
   1.1000000e+03   2.0429904e+01
   1.1100000e+03   2.0631748e+01
   1.1200000e+03   2.0180704e+01
   1.1300000e+03   2.0031074e+01
   1.1400000e+03   2.0189883e+01
   1.1500000e+03   2.0097331e+01
   1.1600000e+03   2.0362961e+01
   1.1700000e+03   2.0444704e+01
   1.1800000e+03   2.0781638e+01
   1.1900000e+03   2.0671928e+01
   1.2000000e+03   2.0813721e+01
   1.2100000e+03   2.0685716e+01
   1.2200000e+03   2.0797582e+01
   1.2300000e+03   2.0483565e+01
   1.2400000e+03   2.0632168e+01
   1.2500000e+03   2.0700155e+01
   1.2600000e+03   2.0500326e+01
   1.2700000e+03   2.0384319e+01
   1.2800000e+03   2.0473377e+01
   1.2900000e+03   2.0198605e+01
   1.3000000e+03   2.0006867e+01
   1.3100000e+03   2.0026318e+01
   1.3200000e+03   1.9863978e+01
   1.3300000e+03   2.0031472e+01
   1.3400000e+03   1.9892790e+01
   1.3500000e+03   1.9823281e+01
   1.3600000e+03   2.0135743e+01
   1.3700000e+03   2.0451270e+01
   1.3800000e+03   2.0486443e+01
   1.3900000e+03   2.0466755e+01
   1.4000000e+03   2.0132432e+01
   1.4100000e+03   2.0696458e+01
   1.4200000e+03   2.1023617e+01
   1.4300000e+03   2.1067165e+01
   1.4400000e+03   2.1138426e+01
   1.4500000e+03   2.1621053e+01
   1.4600000e+03   2.1872682e+01
   1.4700000e+03   2.1755987e+01
   1.4800000e+03   2.1839163e+01
   1.4900000e+03   2.1663325e+01
   1.5000000e+03   2.1676744e+01
   1.5100000e+03   2.1988478e+01
   1.5200000e+03   2.2198913e+01
   1.5300000e+03   2.2165048e+01
   1.5400000e+03   2.2401239e+01
   1.5500000e+03   2.1663768e+01
   1.5600000e+03   2.0908086e+01
   1.5700000e+03   2.0441377e+01
   1.5800000e+03   2.0285164e+01
   1.5900000e+03   2.0485945e+01
   1.6000000e+03   2.1213622e+01
   1.6100000e+03   2.1500112e+01
   1.6200000e+03   2.1419465e+01
   1.6300000e+03   2.1468105e+01
   1.6400000e+03   2.1877918e+01
   1.6500000e+03   2.1909708e+01
   1.6600000e+03   2.1878092e+01
   1.6700000e+03   2.2141453e+01
   1.6800000e+03   2.2044372e+01
   1.6900000e+03   2.2031725e+01
   1.7000000e+03   2.1890980e+01
   1.7100000e+03   2.1688931e+01
   1.7200000e+03   2.1806958e+01
   1.7300000e+03   2.1856763e+01
   1.7400000e+03   2.1747789e+01
   1.7500000e+03   2.1555628e+01
   1.7600000e+03   2.1431188e+01
   1.7700000e+03   2.1624973e+01
   1.7800000e+03   2.1035635e+01
   1.7900000e+03   2.0656785e+01
   1.8000000e+03   2.0588964e+01
   1.8100000e+03   2.0249490e+01
   1.8200000e+03   1.9945439e+01
   1.8300000e+03   2.0118338e+01
   1.8400000e+03   1.9924822e+01
   1.8500000e+03   2.0023515e+01
   1.8600000e+03   1.9896737e+01
   1.8700000e+03   1.9944271e+01
   1.8800000e+03   1.9813891e+01
   1.8900000e+03   1.9846665e+01
   1.9000000e+03   1.9699678e+01
   1.9100000e+03   1.9726175e+01
   1.9200000e+03   1.9854185e+01
   1.9300000e+03   1.9825794e+01
   1.9400000e+03   1.9861550e+01
   1.9500000e+03   1.9914866e+01
   1.9600000e+03   2.0098189e+01
   1.9700000e+03   2.0197989e+01
   1.9800000e+03   2.0382224e+01
   1.9900000e+03   2.0432003e+01
   2.0000000e+03   2.0499646e+01
   2.0100000e+03   2.0513365e+01
   2.0200000e+03   2.0465572e+01
   2.0300000e+03   2.0338457e+01
   2.0400000e+03   2.0454016e+01
   2.0500000e+03   2.0381897e+01
   2.0600000e+03   2.0680743e+01
   2.0700000e+03   2.0415778e+01
   2.0800000e+03   2.0327926e+01
   2.0900000e+03   2.0531067e+01
   2.1000000e+03   2.0561007e+01
   2.1100000e+03   2.0433950e+01
   2.1200000e+03   2.0775281e+01
   2.1300000e+03   2.0558391e+01
   2.1400000e+03   2.0514140e+01
   2.1500000e+03   2.0613681e+01
   2.1600000e+03   2.0577584e+01
   2.1700000e+03   2.0715021e+01
   2.1800000e+03   2.0431785e+01
   2.1900000e+03   2.0542389e+01
   2.2000000e+03   2.0419054e+01
   2.2100000e+03   2.0446806e+01
   2.2200000e+03   2.0531087e+01
   2.2300000e+03   2.0302821e+01
   2.2400000e+03   2.0165947e+01
   2.2500000e+03   2.0321980e+01
   2.2600000e+03   2.0470967e+01
   2.2700000e+03   2.0388256e+01
   2.2800000e+03   2.0493352e+01
   2.2900000e+03   2.0632739e+01
   2.3000000e+03   2.0639979e+01
   2.3100000e+03   2.0907055e+01
   2.3200000e+03   2.1097914e+01
   2.3300000e+03   2.1201179e+01
   2.3400000e+03   2.1073881e+01
   2.3500000e+03   2.1122216e+01
   2.3600000e+03   2.1004685e+01
   2.3700000e+03   2.0941697e+01
   2.3800000e+03   2.0963399e+01
   2.3900000e+03   2.1013774e+01
   2.4000000e+03   2.1022007e+01
   2.4100000e+03   2.1243302e+01
   2.4200000e+03   2.1026449e+01
   2.4300000e+03   2.0991948e+01
   2.4400000e+03   2.0841826e+01
   2.4500000e+03   2.0697244e+01
   2.4600000e+03   2.0883477e+01
   2.4700000e+03   2.0971495e+01
   2.4800000e+03   2.0914347e+01
   2.4900000e+03   2.0688326e+01
   2.5000000e+03   2.0753372e+01
   2.5100000e+03   2.0446059e+01
   2.5200000e+03   2.0769246e+01
   2.5300000e+03   2.0604165e+01
   2.5400000e+03   2.0255633e+01
   2.5500000e+03   2.0313898e+01
   2.5600000e+03   2.0414923e+01
   2.5700000e+03   2.0424670e+01
   2.5800000e+03   2.0634496e+01
   2.5900000e+03   2.0377109e+01
   2.6000000e+03   2.0307874e+01
   2.6100000e+03   2.0226374e+01
   2.6200000e+03   2.0389904e+01
   2.6300000e+03   2.0343645e+01
   2.6400000e+03   2.0391008e+01
   2.6500000e+03   2.0354797e+01
   2.6600000e+03   2.0566664e+01
   2.6700000e+03   2.0296718e+01
   2.6800000e+03   2.0380200e+01
   2.6900000e+03   2.0236041e+01
   2.7000000e+03   2.0199194e+01
   2.7100000e+03   2.0332173e+01
   2.7200000e+03   2.0060859e+01
   2.7300000e+03   2.0185622e+01
   2.7400000e+03   2.0215035e+01
   2.7500000e+03   2.0091022e+01
   2.7600000e+03   2.0111639e+01
   2.7700000e+03   2.0121660e+01
   2.7800000e+03   2.0111467e+01
   2.7900000e+03   1.9963758e+01
   2.8000000e+03   2.0144856e+01
   2.8100000e+03   2.0062620e+01
   2.8200000e+03   2.0052245e+01
   2.8300000e+03   1.9994834e+01
   2.8400000e+03   2.0110201e+01
   2.8500000e+03   2.0242110e+01
   2.8600000e+03   1.9932039e+01
   2.8700000e+03   2.0101551e+01
   2.8800000e+03   1.9925929e+01
   2.8900000e+03   1.9899205e+01
   2.9000000e+03   1.9824581e+01
   2.9100000e+03   2.0196779e+01
   2.9200000e+03   2.0093002e+01
   2.9300000e+03   2.0154180e+01
   2.9400000e+03   1.9967971e+01
   2.9500000e+03   2.0101558e+01
   2.9600000e+03   2.0135209e+01
   2.9700000e+03   2.0365925e+01
   2.9800000e+03   2.0404664e+01
   2.9900000e+03   2.0370210e+01
   3.0000000e+03   2.0208672e+01
   3.0100000e+03   2.0337493e+01
   3.0200000e+03   2.0018571e+01
   3.0300000e+03   2.0154570e+01
   3.0400000e+03   2.0212998e+01
   3.0500000e+03   2.0513113e+01
   3.0600000e+03   2.0323706e+01
   3.0700000e+03   2.0479359e+01
   3.0800000e+03   2.0403168e+01
   3.0900000e+03   2.0331413e+01
   3.1000000e+03   2.0337378e+01
   3.1100000e+03   2.0240479e+01
   3.1200000e+03   1.9946317e+01
   3.1300000e+03   2.0192864e+01
   3.1400000e+03   1.9964314e+01
   3.1500000e+03   1.9997364e+01
   3.1600000e+03   2.0045490e+01
   3.1700000e+03   2.0078897e+01
   3.1800000e+03   2.0372824e+01
   3.1900000e+03   2.0273203e+01
   3.2000000e+03   2.0213899e+01
   3.2100000e+03   2.0259587e+01
   3.2200000e+03   2.0378997e+01
   3.2300000e+03   2.0308353e+01
   3.2400000e+03   2.0442389e+01
   3.2500000e+03   2.0584543e+01
   3.2600000e+03   2.0375865e+01
   3.2700000e+03   2.0327948e+01
   3.2800000e+03   2.0231340e+01
   3.2900000e+03   2.0068138e+01
   3.3000000e+03   1.9870670e+01
   3.3100000e+03   2.0052313e+01
   3.3200000e+03   2.0119296e+01
   3.3300000e+03   2.0071323e+01
   3.3400000e+03   2.0167184e+01
   3.3500000e+03   2.0604471e+01
   3.3600000e+03   2.0693629e+01
   3.3700000e+03   2.0890474e+01
   3.3800000e+03   2.1189018e+01
   3.3900000e+03   2.1290254e+01
   3.4000000e+03   2.1447223e+01
   3.4100000e+03   2.1499847e+01
   3.4200000e+03   2.1764021e+01
   3.4300000e+03   2.1808814e+01
   3.4400000e+03   2.1429200e+01
   3.4500000e+03   2.1579911e+01
   3.4600000e+03   2.1212754e+01
   3.4700000e+03   2.1259671e+01
   3.4800000e+03   2.1177790e+01
   3.4900000e+03   2.1469444e+01
