   0.0000000e+00   2.2780202e-03
   1.0000000e+01   1.0274882e-02
   2.0000000e+01   2.0197517e-03
   3.0000000e+01  -3.6133321e-04
   4.0000000e+01   5.9060907e-03
   5.0000000e+01   1.7756912e-02
   6.0000000e+01   2.8922552e-02
   7.0000000e+01   5.5445671e-02
   8.0000000e+01   3.3947422e-01
   9.0000000e+01   1.2939424e+00
   1.0000000e+02   3.2654110e+00
   1.1000000e+02   3.9170604e+00
   1.2000000e+02   4.2394732e+00
   1.3000000e+02   4.2174131e+00
   1.4000000e+02   4.1555133e+00
   1.5000000e+02   4.4723793e+00
   1.6000000e+02   4.0737427e+00
   1.7000000e+02   3.9698301e+00
   1.8000000e+02   4.0583660e+00
   1.9000000e+02   4.1867815e+00
   2.0000000e+02   4.1622112e+00
   2.1000000e+02   3.9081139e+00
   2.2000000e+02   3.8353209e+00
   2.3000000e+02   3.8458415e+00
   2.4000000e+02   3.9587958e+00
   2.5000000e+02   3.8904328e+00
   2.6000000e+02   3.7602991e+00
   2.7000000e+02   4.2300257e+00
   2.8000000e+02   3.6578663e+00
   2.9000000e+02   3.8654657e+00
   3.0000000e+02   3.6240326e+00
   3.1000000e+02   3.6081038e+00
   3.2000000e+02   3.9054875e+00
   3.3000000e+02   3.8557945e+00
   3.4000000e+02   4.1531675e+00
   3.5000000e+02   3.7851643e+00
   3.6000000e+02   3.5116755e+00
   3.7000000e+02   3.3356301e+00
   3.8000000e+02   3.2321795e+00
   3.9000000e+02   3.0995613e+00
   4.0000000e+02   3.5419691e+00
   4.1000000e+02   3.4548364e+00
   4.2000000e+02   3.5103931e+00
   4.3000000e+02   3.7503130e+00
   4.4000000e+02   3.0854246e+00
   4.5000000e+02   3.3875666e+00
   4.6000000e+02   3.8544847e+00
   4.7000000e+02   4.0131579e+00
   4.8000000e+02   3.9461401e+00
   4.9000000e+02   3.3957678e+00
   5.0000000e+02   3.0894554e+00
   5.1000000e+02   3.2008512e+00
   5.2000000e+02   3.5346046e+00
   5.3000000e+02   3.5938616e+00
   5.4000000e+02   3.4964180e+00
   5.5000000e+02   4.2173361e+00
   5.6000000e+02   3.9653924e+00
   5.7000000e+02   4.1953356e+00
   5.8000000e+02   4.1695380e+00
   5.9000000e+02   3.8724482e+00
   6.0000000e+02   4.0972362e+00
   6.1000000e+02   4.1495412e+00
   6.2000000e+02   4.3370758e+00
   6.3000000e+02   4.0556383e+00
   6.4000000e+02   3.9223669e+00
   6.5000000e+02   4.0605690e+00
   6.6000000e+02   3.3218346e+00
   6.7000000e+02   3.0924020e+00
   6.8000000e+02   3.0462317e+00
   6.9000000e+02   3.0030471e+00
   7.0000000e+02   2.7430842e+00
   7.1000000e+02   2.6814041e+00
   7.2000000e+02   2.8971649e+00
   7.3000000e+02   2.4425387e+00
   7.4000000e+02   3.0310183e+00
   7.5000000e+02   2.4912473e+00
   7.6000000e+02   2.6935720e+00
   7.7000000e+02   2.3545790e+00
   7.8000000e+02   2.1632157e+00
   7.9000000e+02   2.1630863e+00
   8.0000000e+02   2.2228526e+00
   8.1000000e+02   2.3322329e+00
   8.2000000e+02   2.3363512e+00
   8.3000000e+02   2.3166095e+00
   8.4000000e+02   2.3894737e+00
   8.5000000e+02   2.2342128e+00
   8.6000000e+02   2.2536907e+00
   8.7000000e+02   3.2169254e+00
   8.8000000e+02   3.7531421e+00
   8.9000000e+02   4.1858517e+00
   9.0000000e+02   4.2162953e+00
   9.1000000e+02   4.4324651e+00
   9.2000000e+02   4.1670508e+00
   9.3000000e+02   4.3262917e+00
   9.4000000e+02   4.0687724e+00
   9.5000000e+02   3.6577771e+00
   9.6000000e+02   3.1589528e+00
   9.7000000e+02   3.2901640e+00
   9.8000000e+02   2.5658822e+00
   9.9000000e+02   2.1487146e+00
   1.0000000e+03   2.1533274e+00
   1.0100000e+03   1.8724074e+00
   1.0200000e+03   1.6102078e+00
   1.0300000e+03   1.8580804e+00
   1.0400000e+03   1.9410054e+00
   1.0500000e+03   2.1106638e+00
   1.0600000e+03   2.1590538e+00
   1.0700000e+03   2.4342481e+00
   1.0800000e+03   2.4505690e+00
   1.0900000e+03   3.0589078e+00
   1.1000000e+03   2.9445075e+00
   1.1100000e+03   3.1463511e+00
   1.1200000e+03   2.6953076e+00
   1.1300000e+03   2.5456769e+00
   1.1400000e+03   2.7044863e+00
   1.1500000e+03   2.6119348e+00
   1.1600000e+03   2.8775645e+00
   1.1700000e+03   2.9593076e+00
   1.1800000e+03   3.2962417e+00
   1.1900000e+03   3.1865312e+00
   1.2000000e+03   3.3283243e+00
   1.2100000e+03   3.2003196e+00
   1.2200000e+03   3.3121859e+00
   1.2300000e+03   2.9981688e+00
   1.2400000e+03   3.1467712e+00
   1.2500000e+03   3.2147580e+00
   1.2600000e+03   3.0149299e+00
   1.2700000e+03   2.8989226e+00
   1.2800000e+03   2.9879808e+00
   1.2900000e+03   2.7132087e+00
   1.3000000e+03   2.5214704e+00
   1.3100000e+03   2.5409211e+00
   1.3200000e+03   2.3785818e+00
   1.3300000e+03   2.5460752e+00
   1.3400000e+03   2.4073938e+00
   1.3500000e+03   2.3378847e+00
   1.3600000e+03   2.6503463e+00
   1.3700000e+03   2.9658737e+00
   1.3800000e+03   3.0010465e+00
   1.3900000e+03   2.9813588e+00
   1.4000000e+03   2.6470352e+00
   1.4100000e+03   3.2110617e+00
   1.4200000e+03   3.5382200e+00
   1.4300000e+03   3.5817680e+00
   1.4400000e+03   3.6530295e+00
   1.4500000e+03   4.1356569e+00
   1.4600000e+03   4.3872854e+00
   1.4700000e+03   4.2705909e+00
   1.4800000e+03   4.3537666e+00
   1.4900000e+03   4.1779286e+00
   1.5000000e+03   4.1913478e+00
   1.5100000e+03   4.5030815e+00
   1.5200000e+03   4.7135168e+00
   1.5300000e+03   4.6796510e+00
   1.5400000e+03   4.9158421e+00
   1.5500000e+03   4.1783718e+00
   1.5600000e+03   3.4226897e+00
   1.5700000e+03   2.9559808e+00
   1.5800000e+03   2.7997672e+00
   1.5900000e+03   3.0005484e+00
   1.6000000e+03   3.7282254e+00
   1.6100000e+03   4.0147157e+00
   1.6200000e+03   3.9340684e+00
   1.6300000e+03   3.9827081e+00
   1.6400000e+03   4.3925214e+00
   1.6500000e+03   4.4243112e+00
   1.6600000e+03   4.3926957e+00
   1.6700000e+03   4.6560561e+00
   1.6800000e+03   4.5589759e+00
   1.6900000e+03   4.5463286e+00
   1.7000000e+03   4.4055836e+00
   1.7100000e+03   4.2035345e+00
   1.7200000e+03   4.3215615e+00
   1.7300000e+03   4.3713663e+00
   1.7400000e+03   4.2623928e+00
   1.7500000e+03   4.0702316e+00
   1.7600000e+03   3.9457909e+00
   1.7700000e+03   4.1395766e+00
   1.7800000e+03   3.5502385e+00
   1.7900000e+03   3.1713883e+00
   1.8000000e+03   3.1035679e+00
   1.8100000e+03   2.7640936e+00
   1.8200000e+03   2.4600421e+00
   1.8300000e+03   2.6329412e+00
   1.8400000e+03   2.4394257e+00
   1.8500000e+03   2.5381183e+00
   1.8600000e+03   2.4113405e+00
   1.8700000e+03   2.4588745e+00
   1.8800000e+03   2.3284949e+00
   1.8900000e+03   2.3612679e+00
   1.9000000e+03   2.2142815e+00
   1.9100000e+03   2.2407786e+00
   1.9200000e+03   2.3687887e+00
   1.9300000e+03   2.3403972e+00
   1.9400000e+03   2.3761531e+00
   1.9500000e+03   2.4294690e+00
   1.9600000e+03   2.6127920e+00
   1.9700000e+03   2.7125927e+00
   1.9800000e+03   2.8968274e+00
   1.9900000e+03   2.9466065e+00
   2.0000000e+03   3.0142496e+00
   2.0100000e+03   3.0279684e+00
   2.0200000e+03   2.9801756e+00
   2.0300000e+03   2.8530601e+00
   2.0400000e+03   2.9686192e+00
   2.0500000e+03   2.8965008e+00
   2.0600000e+03   3.1953465e+00
   2.0700000e+03   2.9303812e+00
   2.0800000e+03   2.8425296e+00
   2.0900000e+03   3.0456700e+00
   2.1000000e+03   3.0756104e+00
   2.1100000e+03   2.9485530e+00
   2.1200000e+03   3.2898849e+00
   2.1300000e+03   3.0729942e+00
   2.1400000e+03   3.0287432e+00
   2.1500000e+03   3.1282841e+00
   2.1600000e+03   3.0921877e+00
   2.1700000e+03   3.2296244e+00
   2.1800000e+03   2.9463885e+00
   2.1900000e+03   3.0569923e+00
   2.2000000e+03   2.9336573e+00
   2.2100000e+03   2.9614090e+00
   2.2200000e+03   3.0456907e+00
   2.2300000e+03   2.8174245e+00
   2.2400000e+03   2.6805509e+00
   2.2500000e+03   2.8365837e+00
   2.2600000e+03   2.9855701e+00
   2.2700000e+03   2.9028590e+00
   2.2800000e+03   3.0079551e+00
   2.2900000e+03   3.1473428e+00
   2.3000000e+03   3.1545822e+00
   2.3100000e+03   3.4216580e+00
   2.3200000e+03   3.6125178e+00
   2.3300000e+03   3.7157819e+00
   2.3400000e+03   3.5884848e+00
   2.3500000e+03   3.6368192e+00
   2.3600000e+03   3.5192883e+00
   2.3700000e+03   3.4563005e+00
   2.3800000e+03   3.4780027e+00
   2.3900000e+03   3.5283773e+00
   2.4000000e+03   3.5366100e+00
   2.4100000e+03   3.7579049e+00
   2.4200000e+03   3.5410523e+00
   2.4300000e+03   3.5065519e+00
   2.4400000e+03   3.3564299e+00
   2.4500000e+03   3.2118473e+00
   2.4600000e+03   3.3980808e+00
   2.4700000e+03   3.4860980e+00
   2.4800000e+03   3.4289504e+00
   2.4900000e+03   3.2029297e+00
   2.5000000e+03   3.2679758e+00
   2.5100000e+03   2.9606627e+00
   2.5200000e+03   3.2838492e+00
   2.5300000e+03   3.1187684e+00
   2.5400000e+03   2.7702368e+00
   2.5500000e+03   2.8285016e+00
   2.5600000e+03   2.9295261e+00
   2.5700000e+03   2.9392737e+00
   2.5800000e+03   3.1490995e+00
   2.5900000e+03   2.8917129e+00
   2.6000000e+03   2.8224771e+00
   2.6100000e+03   2.7409778e+00
   2.6200000e+03   2.9045078e+00
   2.6300000e+03   2.8582483e+00
   2.6400000e+03   2.9056118e+00
   2.6500000e+03   2.8693999e+00
   2.6600000e+03   3.0812678e+00
   2.6700000e+03   2.8113215e+00
   2.6800000e+03   2.8948036e+00
   2.6900000e+03   2.7506446e+00
   2.7000000e+03   2.7137977e+00
   2.7100000e+03   2.8467762e+00
   2.7200000e+03   2.5754629e+00
   2.7300000e+03   2.7002252e+00
   2.7400000e+03   2.7296381e+00
   2.7500000e+03   2.6056254e+00
   2.7600000e+03   2.6262429e+00
   2.7700000e+03   2.6362636e+00
   2.7800000e+03   2.6260709e+00
   2.7900000e+03   2.4783612e+00
   2.8000000e+03   2.6594595e+00
   2.8100000e+03   2.5772233e+00
   2.8200000e+03   2.5668480e+00
   2.8300000e+03   2.5094379e+00
   2.8400000e+03   2.6248047e+00
   2.8500000e+03   2.7567136e+00
   2.8600000e+03   2.4466423e+00
   2.8700000e+03   2.6161546e+00
   2.8800000e+03   2.4405325e+00
   2.8900000e+03   2.4138081e+00
   2.9000000e+03   2.3391846e+00
   2.9100000e+03   2.7113824e+00
   2.9200000e+03   2.6076059e+00
   2.9300000e+03   2.6687830e+00
   2.9400000e+03   2.4825742e+00
   2.9500000e+03   2.6161613e+00
   2.9600000e+03   2.6498127e+00
   2.9700000e+03   2.8805280e+00
   2.9800000e+03   2.9192671e+00
   2.9900000e+03   2.8848133e+00
   3.0000000e+03   2.7232755e+00
   3.0100000e+03   2.8520960e+00
   3.0200000e+03   2.5331746e+00
   3.0300000e+03   2.6691730e+00
   3.0400000e+03   2.7276012e+00
   3.0500000e+03   3.0277167e+00
   3.0600000e+03   2.8383098e+00
   3.0700000e+03   2.9939628e+00
   3.0800000e+03   2.9177716e+00
   3.0900000e+03   2.8460168e+00
   3.1000000e+03   2.8519811e+00
   3.1100000e+03   2.7550823e+00
   3.1200000e+03   2.4609207e+00
   3.1300000e+03   2.7074672e+00
   3.1400000e+03   2.4789169e+00
   3.1500000e+03   2.5119679e+00
   3.1600000e+03   2.5600933e+00
   3.1700000e+03   2.5935001e+00
   3.1800000e+03   2.8874273e+00
   3.1900000e+03   2.7878067e+00
   3.2000000e+03   2.7285019e+00
   3.2100000e+03   2.7741900e+00
   3.2200000e+03   2.8936000e+00
   3.2300000e+03   2.8229563e+00
   3.2400000e+03   2.9569923e+00
   3.2500000e+03   3.0991465e+00
   3.2600000e+03   2.8904687e+00
   3.2700000e+03   2.8425518e+00
   3.2800000e+03   2.7459437e+00
   3.2900000e+03   2.5827417e+00
   3.3000000e+03   2.3852736e+00
   3.3100000e+03   2.5669163e+00
   3.3200000e+03   2.6338992e+00
   3.3300000e+03   2.5859265e+00
   3.3400000e+03   2.6817877e+00
   3.3500000e+03   3.1190745e+00
   3.3600000e+03   3.2082326e+00
   3.3700000e+03   3.4050778e+00
   3.3800000e+03   3.7036214e+00
   3.3900000e+03   3.8048571e+00
   3.4000000e+03   3.9618265e+00
   3.4100000e+03   4.0144508e+00
   3.4200000e+03   4.2786248e+00
   3.4300000e+03   4.3234176e+00
   3.4400000e+03   3.9438033e+00
   3.4500000e+03   4.0945142e+00
   3.4600000e+03   3.7273578e+00
   3.4700000e+03   3.7742740e+00
   3.4800000e+03   3.6923932e+00
   3.4900000e+03   3.9840478e+00
