   0.0000000e+00  -1.0997761e-04
   1.0000000e+01   5.2939231e-03
   2.0000000e+01   2.0640168e-03
   3.0000000e+01  -1.1360411e-02
   4.0000000e+01  -8.4851081e-03
   5.0000000e+01  -1.1671734e-03
   6.0000000e+01  -2.5856156e-02
   7.0000000e+01  -3.5500652e-02
   8.0000000e+01  -8.2712241e-03
   9.0000000e+01   4.0753882e-02
   1.0000000e+02   9.9051417e-02
   1.1000000e+02   1.2310519e-01
   1.2000000e+02   1.6792568e-01
   1.3000000e+02   2.1293666e-01
   1.4000000e+02   2.4622955e-01
   1.5000000e+02   3.0635520e-01
   1.6000000e+02   4.0181737e-01
   1.7000000e+02   4.5410618e-01
   1.8000000e+02   5.5021186e-01
   1.9000000e+02   6.2316116e-01
   2.0000000e+02   6.7070812e-01
   2.1000000e+02   6.9814322e-01
   2.2000000e+02   7.1962745e-01
   2.3000000e+02   7.6803103e-01
   2.4000000e+02   8.6057721e-01
   2.5000000e+02   1.0245195e+00
   2.6000000e+02   1.1690315e+00
   2.7000000e+02   1.3507203e+00
   2.8000000e+02   1.5601136e+00
   2.9000000e+02   1.7009617e+00
   3.0000000e+02   1.8163331e+00
   3.1000000e+02   2.0251660e+00
   3.2000000e+02   2.2314428e+00
   3.3000000e+02   2.4040761e+00
   3.4000000e+02   2.5814338e+00
   3.5000000e+02   2.7607862e+00
   3.6000000e+02   2.9792797e+00
   3.7000000e+02   3.1885655e+00
   3.8000000e+02   3.3851356e+00
   3.9000000e+02   3.5298422e+00
   4.0000000e+02   3.5979157e+00
   4.1000000e+02   3.5828579e+00
   4.2000000e+02   3.5552271e+00
   4.3000000e+02   3.5070991e+00
   4.4000000e+02   3.5422217e+00
   4.5000000e+02   3.7428236e+00
   4.6000000e+02   3.8960838e+00
   4.7000000e+02   4.0628662e+00
   4.8000000e+02   4.0850344e+00
   4.9000000e+02   4.0934393e+00
   5.0000000e+02   4.0085569e+00
   5.1000000e+02   3.9400467e+00
   5.2000000e+02   3.9344252e+00
   5.3000000e+02   3.8435123e+00
   5.4000000e+02   3.7841917e+00
   5.5000000e+02   3.7726088e+00
   5.6000000e+02   3.7205109e+00
   5.7000000e+02   3.7154346e+00
   5.8000000e+02   3.6293177e+00
   5.9000000e+02   3.5841174e+00
   6.0000000e+02   3.5878981e+00
   6.1000000e+02   3.5946841e+00
   6.2000000e+02   3.5877196e+00
   6.3000000e+02   3.4496794e+00
   6.4000000e+02   3.3861579e+00
   6.5000000e+02   3.2837458e+00
   6.6000000e+02   3.2067586e+00
   6.7000000e+02   3.1673507e+00
   6.8000000e+02   3.1206453e+00
   6.9000000e+02   2.9340058e+00
   7.0000000e+02   2.7229282e+00
   7.1000000e+02   2.5998693e+00
   7.2000000e+02   2.4513877e+00
   7.3000000e+02   2.3245143e+00
   7.4000000e+02   2.1671258e+00
   7.5000000e+02   1.9667979e+00
   7.6000000e+02   1.8443644e+00
   7.7000000e+02   1.6550486e+00
   7.8000000e+02   1.5214409e+00
   7.9000000e+02   1.2953058e+00
   8.0000000e+02   1.1205256e+00
   8.1000000e+02   9.1697951e-01
   8.2000000e+02   6.1653179e-01
   8.3000000e+02   3.5966050e-01
   8.4000000e+02   2.6205041e-02
   8.5000000e+02  -2.5712263e-01
   8.6000000e+02  -5.5489110e-01
   8.7000000e+02  -7.5511791e-01
   8.8000000e+02  -9.1778006e-01
   8.9000000e+02  -1.0376279e+00
   9.0000000e+02  -1.1726573e+00
   9.1000000e+02  -1.2728695e+00
   9.2000000e+02  -1.4111593e+00
   9.3000000e+02  -1.4202756e+00
   9.4000000e+02  -1.4012718e+00
   9.5000000e+02  -1.3785035e+00
   9.6000000e+02  -1.3066454e+00
   9.7000000e+02  -1.1094730e+00
   9.8000000e+02  -8.2229739e-01
   9.9000000e+02  -4.8719257e-01
   1.0000000e+03  -1.2922926e-01
   1.0100000e+03   2.4288188e-01
   1.0200000e+03   6.0425435e-01
   1.0300000e+03   1.0007853e+00
   1.0400000e+03   1.3446171e+00
   1.0500000e+03   1.6630443e+00
   1.0600000e+03   1.9870753e+00
   1.0700000e+03   2.2539465e+00
   1.0800000e+03   2.5167771e+00
   1.0900000e+03   2.7480391e+00
   1.1000000e+03   2.9383928e+00
   1.1100000e+03   3.1941593e+00
   1.1200000e+03   3.3620655e+00
   1.1300000e+03   3.5393923e+00
   1.1400000e+03   3.6552769e+00
   1.1500000e+03   3.7019316e+00
   1.1600000e+03   3.7561806e+00
   1.1700000e+03   3.8179645e+00
   1.1800000e+03   3.8121169e+00
   1.1900000e+03   3.7665729e+00
   1.2000000e+03   3.5603650e+00
   1.2100000e+03   3.3270102e+00
   1.2200000e+03   3.0422963e+00
   1.2300000e+03   2.8102413e+00
   1.2400000e+03   2.5487514e+00
   1.2500000e+03   2.2934195e+00
   1.2600000e+03   2.0800015e+00
   1.2700000e+03   1.8609698e+00
   1.2800000e+03   1.6385381e+00
   1.2900000e+03   1.4547697e+00
   1.3000000e+03   1.2846302e+00
   1.3100000e+03   1.1026787e+00
   1.3200000e+03   8.6237602e-01
   1.3300000e+03   6.7038463e-01
   1.3400000e+03   5.8802824e-01
   1.3500000e+03   5.1629334e-01
   1.3600000e+03   4.5603887e-01
   1.3700000e+03   3.4401171e-01
   1.3800000e+03   2.5646198e-01
   1.3900000e+03   1.4933476e-01
   1.4000000e+03   1.2132173e-01
   1.4100000e+03   7.4606185e-02
   1.4200000e+03  -5.6420680e-02
   1.4300000e+03  -1.4563715e-01
   1.4400000e+03  -1.5600276e-01
   1.4500000e+03  -1.5649458e-01
   1.4600000e+03  -1.0228964e-01
   1.4700000e+03   4.6231497e-02
   1.4800000e+03   2.2566342e-01
   1.4900000e+03   4.4523759e-01
   1.5000000e+03   6.6043077e-01
   1.5100000e+03   7.8978018e-01
   1.5200000e+03   9.3230866e-01
   1.5300000e+03   1.0661402e+00
   1.5400000e+03   1.1608313e+00
   1.5500000e+03   1.2206902e+00
   1.5600000e+03   1.2579314e+00
   1.5700000e+03   1.4052147e+00
   1.5800000e+03   1.5805240e+00
   1.5900000e+03   1.9573734e+00
   1.6000000e+03   2.3861822e+00
   1.6100000e+03   2.7667955e+00
   1.6200000e+03   3.1279533e+00
   1.6300000e+03   3.5045212e+00
   1.6400000e+03   3.9066168e+00
   1.6500000e+03   4.2612313e+00
   1.6600000e+03   4.6059910e+00
   1.6700000e+03   4.9349727e+00
   1.6800000e+03   5.2715723e+00
   1.6900000e+03   5.6272462e+00
   1.7000000e+03   5.8592798e+00
   1.7100000e+03   5.6937181e+00
   1.7200000e+03   5.6986446e+00
   1.7300000e+03   5.6785432e+00
   1.7400000e+03   5.6702012e+00
   1.7500000e+03   5.6069002e+00
   1.7600000e+03   5.5135166e+00
   1.7700000e+03   5.4848601e+00
   1.7800000e+03   5.4512003e+00
   1.7900000e+03   5.4378483e+00
   1.8000000e+03   5.3578148e+00
   1.8100000e+03   5.2121726e+00
   1.8200000e+03   5.0990930e+00
   1.8300000e+03   4.9973935e+00
   1.8400000e+03   4.8912534e+00
   1.8500000e+03   4.8172395e+00
   1.8600000e+03   4.7165814e+00
   1.8700000e+03   4.5512736e+00
   1.8800000e+03   4.3623936e+00
   1.8900000e+03   4.0611070e+00
   1.9000000e+03   3.6574133e+00
   1.9100000e+03   3.1547148e+00
   1.9200000e+03   2.7597241e+00
   1.9300000e+03   2.4598807e+00
   1.9400000e+03   2.0673574e+00
   1.9500000e+03   1.7918927e+00
   1.9600000e+03   1.5704451e+00
   1.9700000e+03   1.3976315e+00
   1.9800000e+03   1.2490073e+00
   1.9900000e+03   1.1312679e+00
   2.0000000e+03   1.1625564e+00
   2.0100000e+03   1.1935054e+00
   2.0200000e+03   1.1446036e+00
   2.0300000e+03   1.1511050e+00
   2.0400000e+03   1.1486300e+00
   2.0500000e+03   1.0955515e+00
   2.0600000e+03   1.0132289e+00
   2.0700000e+03   9.3847772e-01
   2.0800000e+03   1.0540984e+00
   2.0900000e+03   1.2496408e+00
   2.1000000e+03   1.4513486e+00
   2.1100000e+03   1.6320677e+00
   2.1200000e+03   1.9255553e+00
   2.1300000e+03   2.0980829e+00
   2.1400000e+03   2.2192105e+00
   2.1500000e+03   2.3334017e+00
   2.1600000e+03   2.3943110e+00
   2.1700000e+03   2.5056702e+00
   2.1800000e+03   2.6961645e+00
   2.1900000e+03   2.7975984e+00
   2.2000000e+03   2.9063867e+00
   2.2100000e+03   3.0403919e+00
   2.2200000e+03   3.1962365e+00
   2.2300000e+03   3.3452851e+00
   2.2400000e+03   3.4904536e+00
   2.2500000e+03   3.6357610e+00
   2.2600000e+03   3.6741459e+00
   2.2700000e+03   3.8063690e+00
   2.2800000e+03   3.8758433e+00
   2.2900000e+03   3.9433195e+00
   2.3000000e+03   4.1557283e+00
   2.3100000e+03   4.3246358e+00
   2.3200000e+03   4.4447848e+00
   2.3300000e+03   4.5886344e+00
   2.3400000e+03   4.6667302e+00
   2.3500000e+03   4.8152054e+00
   2.3600000e+03   4.8563971e+00
   2.3700000e+03   5.0708181e+00
   2.3800000e+03   5.1839294e+00
   2.3900000e+03   5.1908951e+00
   2.4000000e+03   5.2100138e+00
   2.4100000e+03   5.2283745e+00
   2.4200000e+03   5.2289468e+00
   2.4300000e+03   5.1687505e+00
   2.4400000e+03   5.2510037e+00
   2.4500000e+03   5.3964871e+00
   2.4600000e+03   5.5980795e+00
   2.4700000e+03   5.8426550e+00
   2.4800000e+03   5.9236782e+00
   2.4900000e+03   6.0026805e+00
   2.5000000e+03   6.0272587e+00
   2.5100000e+03   6.0970528e+00
   2.5200000e+03   6.1409894e+00
   2.5300000e+03   6.2440881e+00
   2.5400000e+03   6.4900702e+00
   2.5500000e+03   6.6577852e+00
   2.5600000e+03   6.7992813e+00
   2.5700000e+03   6.9641566e+00
   2.5800000e+03   7.0166835e+00
   2.5900000e+03   7.1141628e+00
   2.6000000e+03   7.1284774e+00
   2.6100000e+03   7.1290545e+00
   2.6200000e+03   7.1227760e+00
   2.6300000e+03   7.2005694e+00
   2.6400000e+03   7.2749356e+00
   2.6500000e+03   7.3014242e+00
   2.6600000e+03   7.2141805e+00
   2.6700000e+03   7.0602094e+00
   2.6800000e+03   7.0003982e+00
   2.6900000e+03   7.0148719e+00
   2.7000000e+03   6.9652047e+00
   2.7100000e+03   6.7679067e+00
   2.7200000e+03   6.6094212e+00
   2.7300000e+03   6.3575584e+00
   2.7400000e+03   6.0841017e+00
   2.7500000e+03   5.8764456e+00
   2.7600000e+03   5.7329748e+00
   2.7700000e+03   5.6239224e+00
   2.7800000e+03   5.5201705e+00
   2.7900000e+03   5.3890151e+00
   2.8000000e+03   5.2728374e+00
   2.8100000e+03   5.1009836e+00
   2.8200000e+03   4.9654655e+00
   2.8300000e+03   4.8298529e+00
   2.8400000e+03   4.7387766e+00
   2.8500000e+03   4.6713331e+00
   2.8600000e+03   4.6281667e+00
   2.8700000e+03   4.7358060e+00
   2.8800000e+03   4.8682246e+00
   2.8900000e+03   4.9795188e+00
   2.9000000e+03   5.1011175e+00
   2.9100000e+03   5.2102388e+00
   2.9200000e+03   5.3222760e+00
   2.9300000e+03   5.4072242e+00
   2.9400000e+03   5.4587602e+00
   2.9500000e+03   5.4910127e+00
   2.9600000e+03   5.5782884e+00
   2.9700000e+03   5.7745836e+00
   2.9800000e+03   5.9340255e+00
   2.9900000e+03   6.0077897e+00
   3.0000000e+03   6.0182210e+00
   3.0100000e+03   6.1151131e+00
   3.0200000e+03   6.1639738e+00
   3.0300000e+03   6.1612140e+00
   3.0400000e+03   6.1324159e+00
   3.0500000e+03   6.0483713e+00
   3.0600000e+03   6.0952335e+00
   3.0700000e+03   6.0679289e+00
   3.0800000e+03   6.0712872e+00
   3.0900000e+03   6.0722880e+00
   3.1000000e+03   6.0909377e+00
   3.1100000e+03   6.1201762e+00
   3.1200000e+03   6.1391738e+00
   3.1300000e+03   6.1583548e+00
   3.1400000e+03   6.1522370e+00
   3.1500000e+03   6.1736378e+00
   3.1600000e+03   6.1692648e+00
   3.1700000e+03   6.1523671e+00
   3.1800000e+03   6.1407834e+00
   3.1900000e+03   6.1355290e+00
   3.2000000e+03   6.1514512e+00
   3.2100000e+03   6.1876560e+00
   3.2200000e+03   6.1926213e+00
   3.2300000e+03   6.1502534e+00
   3.2400000e+03   6.1432268e+00
   3.2500000e+03   6.1216796e+00
   3.2600000e+03   6.1158578e+00
   3.2700000e+03   6.1566065e+00
   3.2800000e+03   6.1359481e+00
   3.2900000e+03   6.1605365e+00
   3.3000000e+03   6.1979507e+00
   3.3100000e+03   6.2473020e+00
   3.3200000e+03   6.5030059e+00
   3.3300000e+03   6.6950387e+00
   3.3400000e+03   6.7690862e+00
   3.3500000e+03   6.7363885e+00
   3.3600000e+03   6.6636852e+00
   3.3700000e+03   6.5413513e+00
   3.3800000e+03   6.4015248e+00
   3.3900000e+03   6.2757699e+00
   3.4000000e+03   6.2414834e+00
   3.4100000e+03   6.2784208e+00
   3.4200000e+03   6.3018395e+00
   3.4300000e+03   6.2849428e+00
   3.4400000e+03   6.2179181e+00
   3.4500000e+03   6.0786216e+00
   3.4600000e+03   5.9438518e+00
   3.4700000e+03   5.7894084e+00
   3.4800000e+03   5.6604006e+00
   3.4900000e+03   5.4768001e+00
