   0.0000000e+00   1.7292655e+01
   1.0000000e+01   1.7290437e+01
   2.0000000e+01   1.7292629e+01
   3.0000000e+01   1.7288390e+01
   4.0000000e+01   1.7282353e+01
   5.0000000e+01   1.7274006e+01
   6.0000000e+01   1.7257543e+01
   7.0000000e+01   1.7153113e+01
   8.0000000e+01   1.6593991e+01
   9.0000000e+01   1.4481427e+01
   1.0000000e+02   9.6466701e+00
   1.1000000e+02   5.6376803e+00
   1.2000000e+02   1.5062599e+00
   1.3000000e+02  -1.1098232e+00
   1.4000000e+02  -2.7700422e+00
   1.5000000e+02  -4.3882757e+00
   1.6000000e+02  -5.6924363e+00
   1.7000000e+02  -6.7110269e+00
   1.8000000e+02  -7.2945888e+00
   1.9000000e+02  -8.1762095e+00
   2.0000000e+02  -8.6834252e+00
   2.1000000e+02  -9.4532998e+00
   2.2000000e+02  -9.6771602e+00
   2.3000000e+02  -1.0123779e+01
   2.4000000e+02  -1.0511711e+01
   2.5000000e+02  -1.0845469e+01
   2.6000000e+02  -1.0962812e+01
   2.7000000e+02  -1.0991151e+01
   2.8000000e+02  -1.1421877e+01
   2.9000000e+02  -1.1797372e+01
   3.0000000e+02  -1.1870333e+01
   3.1000000e+02  -1.2229671e+01
   3.2000000e+02  -1.2118929e+01
   3.3000000e+02  -1.2254415e+01
   3.4000000e+02  -1.2199951e+01
   3.5000000e+02  -1.2569243e+01
   3.6000000e+02  -1.2702621e+01
   3.7000000e+02  -1.2779357e+01
   3.8000000e+02  -1.2824859e+01
   3.9000000e+02  -1.2527002e+01
   4.0000000e+02  -1.2854223e+01
   4.1000000e+02  -1.2623485e+01
   4.2000000e+02  -1.2826126e+01
   4.3000000e+02  -1.2611785e+01
   4.4000000e+02  -1.2878793e+01
   4.5000000e+02  -1.2987026e+01
   4.6000000e+02  -1.2559235e+01
   4.7000000e+02  -1.2364929e+01
   4.8000000e+02  -1.2587881e+01
   4.9000000e+02  -1.2934136e+01
   5.0000000e+02  -1.3338693e+01
   5.1000000e+02  -1.3126959e+01
   5.2000000e+02  -1.2881894e+01
   5.3000000e+02  -1.2956128e+01
   5.4000000e+02  -1.3019516e+01
   5.5000000e+02  -1.2702525e+01
   5.6000000e+02  -1.2590001e+01
   5.7000000e+02  -1.2549085e+01
   5.8000000e+02  -1.2699540e+01
   5.9000000e+02  -1.2898830e+01
   6.0000000e+02  -1.2753637e+01
   6.1000000e+02  -1.2520888e+01
   6.2000000e+02  -1.2285911e+01
   6.3000000e+02  -1.2518448e+01
   6.4000000e+02  -1.2427155e+01
   6.5000000e+02  -1.2596423e+01
   6.6000000e+02  -1.3087290e+01
   6.7000000e+02  -1.3194796e+01
   6.8000000e+02  -1.3300024e+01
   6.9000000e+02  -1.3079276e+01
   7.0000000e+02  -1.3214639e+01
   7.1000000e+02  -1.3133692e+01
   7.2000000e+02  -1.2958312e+01
   7.3000000e+02  -1.3137084e+01
   7.4000000e+02  -1.2997366e+01
   7.5000000e+02  -1.3062290e+01
   7.6000000e+02  -1.3041230e+01
   7.7000000e+02  -1.3075276e+01
   7.8000000e+02  -1.2948436e+01
   7.9000000e+02  -1.2802762e+01
   8.0000000e+02  -1.2501868e+01
   8.1000000e+02  -1.2390346e+01
   8.2000000e+02  -1.2324656e+01
   8.3000000e+02  -1.2485343e+01
   8.4000000e+02  -1.2468129e+01
   8.5000000e+02  -1.2501622e+01
   8.6000000e+02  -1.2337112e+01
   8.7000000e+02  -1.1981659e+01
   8.8000000e+02  -1.1724796e+01
   8.9000000e+02  -1.1467157e+01
   9.0000000e+02  -1.1598581e+01
   9.1000000e+02  -1.1574642e+01
   9.2000000e+02  -1.1819648e+01
   9.3000000e+02  -1.1546745e+01
   9.4000000e+02  -1.1866040e+01
   9.5000000e+02  -1.2215558e+01
   9.6000000e+02  -1.2424035e+01
   9.7000000e+02  -1.2329463e+01
   9.8000000e+02  -1.2709655e+01
   9.9000000e+02  -1.2583027e+01
   1.0000000e+03  -1.2451531e+01
   1.0100000e+03  -1.2458526e+01
   1.0200000e+03  -1.2438058e+01
   1.0300000e+03  -1.2282677e+01
   1.0400000e+03  -1.2079537e+01
   1.0500000e+03  -1.1767873e+01
   1.0600000e+03  -1.1774899e+01
   1.0700000e+03  -1.1769456e+01
   1.0800000e+03  -1.1573763e+01
   1.0900000e+03  -1.1098307e+01
   1.1000000e+03  -1.1148304e+01
   1.1100000e+03  -1.1033501e+01
   1.1200000e+03  -1.1226412e+01
   1.1300000e+03  -1.1468772e+01
   1.1400000e+03  -1.1394331e+01
   1.1500000e+03  -1.1400472e+01
   1.1600000e+03  -1.1316365e+01
   1.1700000e+03  -1.1235351e+01
   1.1800000e+03  -1.1181961e+01
   1.1900000e+03  -1.1210530e+01
   1.2000000e+03  -1.1229904e+01
   1.2100000e+03  -1.1108954e+01
   1.2200000e+03  -1.1312300e+01
   1.2300000e+03  -1.1383270e+01
   1.2400000e+03  -1.1233300e+01
   1.2500000e+03  -1.1410601e+01
   1.2600000e+03  -1.1313928e+01
   1.2700000e+03  -1.1317514e+01
   1.2800000e+03  -1.1376054e+01
   1.2900000e+03  -1.1412210e+01
   1.3000000e+03  -1.1423436e+01
   1.3100000e+03  -1.1361645e+01
   1.3200000e+03  -1.1222596e+01
   1.3300000e+03  -1.1169244e+01
   1.3400000e+03  -1.1044151e+01
   1.3500000e+03  -1.0946095e+01
   1.3600000e+03  -1.0692696e+01
   1.3700000e+03  -1.0368182e+01
   1.3800000e+03  -1.0515646e+01
   1.3900000e+03  -1.0485391e+01
   1.4000000e+03  -1.0439148e+01
   1.4100000e+03  -1.0087372e+01
   1.4200000e+03  -1.0095732e+01
   1.4300000e+03  -1.0028745e+01
   1.4400000e+03  -9.9152791e+00
   1.4500000e+03  -9.7752625e+00
   1.4600000e+03  -9.6813004e+00
   1.4700000e+03  -9.9352130e+00
   1.4800000e+03  -1.0015938e+01
   1.4900000e+03  -1.0164282e+01
   1.5000000e+03  -1.0157800e+01
   1.5100000e+03  -1.0185001e+01
   1.5200000e+03  -1.0251023e+01
   1.5300000e+03  -1.0212244e+01
   1.5400000e+03  -1.0246451e+01
   1.5500000e+03  -1.0894134e+01
   1.5600000e+03  -1.1221582e+01
   1.5700000e+03  -1.1554788e+01
   1.5800000e+03  -1.1440420e+01
   1.5900000e+03  -1.1203117e+01
   1.6000000e+03  -1.0758236e+01
   1.6100000e+03  -1.0494499e+01
   1.6200000e+03  -1.0700943e+01
   1.6300000e+03  -1.0759270e+01
   1.6400000e+03  -1.0575406e+01
   1.6500000e+03  -1.0684828e+01
   1.6600000e+03  -1.0708294e+01
   1.6700000e+03  -1.0624048e+01
   1.6800000e+03  -1.0531770e+01
   1.6900000e+03  -1.0555711e+01
   1.7000000e+03  -1.0524138e+01
   1.7100000e+03  -1.0500953e+01
   1.7200000e+03  -1.0473767e+01
   1.7300000e+03  -1.0326505e+01
   1.7400000e+03  -1.0609165e+01
   1.7500000e+03  -1.0762328e+01
   1.7600000e+03  -1.1031170e+01
   1.7700000e+03  -1.0985617e+01
   1.7800000e+03  -1.1217255e+01
   1.7900000e+03  -1.1636283e+01
   1.8000000e+03  -1.1701453e+01
   1.8100000e+03  -1.1982711e+01
   1.8200000e+03  -1.1874531e+01
   1.8300000e+03  -1.1701453e+01
   1.8400000e+03  -1.1723658e+01
   1.8500000e+03  -1.1704896e+01
   1.8600000e+03  -1.1596930e+01
   1.8700000e+03  -1.1642597e+01
   1.8800000e+03  -1.1499647e+01
   1.8900000e+03  -1.1530568e+01
   1.9000000e+03  -1.1395727e+01
   1.9100000e+03  -1.1305713e+01
   1.9200000e+03  -1.1264012e+01
   1.9300000e+03  -1.1145861e+01
   1.9400000e+03  -1.1031132e+01
   1.9500000e+03  -1.0988567e+01
   1.9600000e+03  -1.0954131e+01
   1.9700000e+03  -1.0822254e+01
   1.9800000e+03  -1.0806056e+01
   1.9900000e+03  -1.0714059e+01
   2.0000000e+03  -1.0688334e+01
   2.0100000e+03  -1.0632069e+01
   2.0200000e+03  -1.0784460e+01
   2.0300000e+03  -1.0723166e+01
   2.0400000e+03  -1.0675852e+01
   2.0500000e+03  -1.0167864e+01
   2.0600000e+03  -1.0647002e+01
   2.0700000e+03  -1.0629039e+01
   2.0800000e+03  -1.0607018e+01
   2.0900000e+03  -1.0475376e+01
   2.1000000e+03  -1.0418876e+01
   2.1100000e+03  -1.0430799e+01
   2.1200000e+03  -1.0450714e+01
   2.1300000e+03  -1.0407182e+01
   2.1400000e+03  -1.0580346e+01
   2.1500000e+03  -1.0476873e+01
   2.1600000e+03  -1.0484770e+01
   2.1700000e+03  -1.0439973e+01
   2.1800000e+03  -1.0539425e+01
   2.1900000e+03  -1.0474201e+01
   2.2000000e+03  -1.0512041e+01
   2.2100000e+03  -1.0416990e+01
   2.2200000e+03  -1.0475354e+01
   2.2300000e+03  -1.0480787e+01
   2.2400000e+03  -1.0547768e+01
   2.2500000e+03  -1.0418902e+01
   2.2600000e+03  -1.0389538e+01
   2.2700000e+03  -9.8877129e+00
   2.2800000e+03  -1.0223970e+01
   2.2900000e+03  -1.0172139e+01
   2.3000000e+03  -1.0107753e+01
   2.3100000e+03  -9.9202099e+00
   2.3200000e+03  -9.8603458e+00
   2.3300000e+03  -9.9579554e+00
   2.3400000e+03  -9.9471564e+00
   2.3500000e+03  -1.0003346e+01
   2.3600000e+03  -1.0041445e+01
   2.3700000e+03  -1.0254841e+01
   2.3800000e+03  -1.0402550e+01
   2.3900000e+03  -1.0419210e+01
   2.4000000e+03  -1.0313432e+01
   2.4100000e+03  -1.0409923e+01
   2.4200000e+03  -1.0453605e+01
   2.4300000e+03  -1.0509328e+01
   2.4400000e+03  -1.0550031e+01
   2.4500000e+03  -1.0516283e+01
   2.4600000e+03  -1.0568545e+01
   2.4700000e+03  -1.0649436e+01
   2.4800000e+03  -1.0651326e+01
   2.4900000e+03  -1.0548828e+01
   2.5000000e+03  -1.0479200e+01
   2.5100000e+03  -1.0575538e+01
   2.5200000e+03  -1.0491793e+01
   2.5300000e+03  -1.0476175e+01
   2.5400000e+03  -1.0339296e+01
   2.5500000e+03  -1.0447931e+01
   2.5600000e+03  -1.0433958e+01
   2.5700000e+03  -1.0407524e+01
   2.5800000e+03  -1.0396458e+01
   2.5900000e+03  -1.0568985e+01
   2.6000000e+03  -1.0498602e+01
   2.6100000e+03  -1.0446940e+01
   2.6200000e+03  -1.0472144e+01
   2.6300000e+03  -1.0398364e+01
   2.6400000e+03  -1.0438582e+01
   2.6500000e+03  -1.0313096e+01
   2.6600000e+03  -1.0313611e+01
   2.6700000e+03  -1.0356972e+01
   2.6800000e+03  -1.0394322e+01
   2.6900000e+03  -1.0333195e+01
   2.7000000e+03  -1.0341855e+01
   2.7100000e+03  -1.0212676e+01
   2.7200000e+03  -1.0206022e+01
   2.7300000e+03  -1.0163399e+01
   2.7400000e+03  -1.0100042e+01
   2.7500000e+03  -1.0109727e+01
   2.7600000e+03  -1.0093167e+01
   2.7700000e+03  -1.0033830e+01
   2.7800000e+03  -9.9457673e+00
   2.7900000e+03  -1.0030372e+01
   2.8000000e+03  -9.9030282e+00
   2.8100000e+03  -9.9942025e+00
   2.8200000e+03  -1.0011188e+01
   2.8300000e+03  -9.9271610e+00
   2.8400000e+03  -9.8201648e+00
   2.8500000e+03  -9.7871930e+00
   2.8600000e+03  -9.7587627e+00
   2.8700000e+03  -9.8545515e+00
   2.8800000e+03  -9.7953121e+00
   2.8900000e+03  -9.6891370e+00
   2.9000000e+03  -9.5476637e+00
   2.9100000e+03  -9.5698313e+00
   2.9200000e+03  -9.5293056e+00
   2.9300000e+03  -9.7446411e+00
   2.9400000e+03  -9.5961340e+00
   2.9500000e+03  -9.7350849e+00
   2.9600000e+03  -9.7386189e+00
   2.9700000e+03  -9.6724073e+00
   2.9800000e+03  -9.6908108e+00
   2.9900000e+03  -9.4118835e+00
   3.0000000e+03  -9.3657188e+00
   3.0100000e+03  -9.5179167e+00
   3.0200000e+03  -9.5147482e+00
   3.0300000e+03  -9.5626899e+00
   3.0400000e+03  -9.6806211e+00
   3.0500000e+03  -9.3092743e+00
   3.0600000e+03  -9.4374836e+00
   3.0700000e+03  -9.3899970e+00
   3.0800000e+03  -9.6314432e+00
   3.0900000e+03  -9.9485164e+00
   3.1000000e+03  -9.8420528e+00
   3.1100000e+03  -9.9037937e+00
   3.1200000e+03  -9.7653284e+00
   3.1300000e+03  -9.6249627e+00
   3.1400000e+03  -9.4102631e+00
   3.1500000e+03  -9.3216510e+00
   3.1600000e+03  -9.2584390e+00
   3.1700000e+03  -9.3355696e+00
   3.1800000e+03  -9.3475701e+00
   3.1900000e+03  -9.6348330e+00
   3.2000000e+03  -9.5878385e+00
   3.2100000e+03  -9.5853816e+00
   3.2200000e+03  -9.6768583e+00
   3.2300000e+03  -9.8670783e+00
   3.2400000e+03  -9.9309613e+00
   3.2500000e+03  -1.0067051e+01
   3.2600000e+03  -1.0129952e+01
   3.2700000e+03  -9.9403490e+00
   3.2800000e+03  -9.8453646e+00
   3.2900000e+03  -9.5452102e+00
   3.3000000e+03  -9.4258865e+00
   3.3100000e+03  -9.2492232e+00
   3.3200000e+03  -9.2841816e+00
   3.3300000e+03  -9.1626949e+00
   3.3400000e+03  -9.1251182e+00
   3.3500000e+03  -9.1557661e+00
   3.3600000e+03  -9.3932754e+00
   3.3700000e+03  -9.5413888e+00
   3.3800000e+03  -9.5201057e+00
   3.3900000e+03  -9.4118738e+00
   3.4000000e+03  -9.5383862e+00
   3.4100000e+03  -9.5073517e+00
   3.4200000e+03  -9.4745366e+00
   3.4300000e+03  -9.3698588e+00
   3.4400000e+03  -9.4129673e+00
   3.4500000e+03  -9.5401918e+00
   3.4600000e+03  -9.6674498e+00
   3.4700000e+03  -9.7188425e+00
   3.4800000e+03  -9.8600806e+00
   3.4900000e+03  -9.8674436e+00
