   0.0000000e+00   2.2222420e-03
   1.0000000e+01   9.0597588e-03
   2.0000000e+01   5.9112386e-03
   3.0000000e+01   5.3872375e-03
   4.0000000e+01   7.4275411e-04
   5.0000000e+01  -1.2248922e-02
   6.0000000e+01  -7.3500614e-03
   7.0000000e+01  -3.9334613e-02
   8.0000000e+01  -1.1302277e-01
   9.0000000e+01  -4.5602722e-01
   1.0000000e+02  -2.0357478e+00
   1.1000000e+02  -3.8224592e+00
   1.2000000e+02  -5.6633576e+00
   1.3000000e+02  -7.1918722e+00
   1.4000000e+02  -8.4895431e+00
   1.5000000e+02  -9.3142962e+00
   1.6000000e+02  -1.0029553e+01
   1.7000000e+02  -1.0913342e+01
   1.8000000e+02  -1.1198172e+01
   1.9000000e+02  -1.1563757e+01
   2.0000000e+02  -1.1758879e+01
   2.1000000e+02  -1.2189751e+01
   2.2000000e+02  -1.2510920e+01
   2.3000000e+02  -1.2655681e+01
   2.4000000e+02  -1.2789073e+01
   2.5000000e+02  -1.2999009e+01
   2.6000000e+02  -1.3155414e+01
   2.7000000e+02  -1.3171286e+01
   2.8000000e+02  -1.2984269e+01
   2.9000000e+02  -1.3187091e+01
   3.0000000e+02  -1.3465217e+01
   3.1000000e+02  -1.3716150e+01
   3.2000000e+02  -1.3614970e+01
   3.3000000e+02  -1.3799288e+01
   3.4000000e+02  -1.3633324e+01
   3.5000000e+02  -1.3996568e+01
   3.6000000e+02  -1.3865847e+01
   3.7000000e+02  -1.4163673e+01
   3.8000000e+02  -1.4340768e+01
   3.9000000e+02  -1.3949747e+01
   4.0000000e+02  -1.4050724e+01
   4.1000000e+02  -1.4475666e+01
   4.2000000e+02  -1.4356018e+01
   4.3000000e+02  -1.4066812e+01
   4.4000000e+02  -1.4465042e+01
   4.5000000e+02  -1.4546611e+01
   4.6000000e+02  -1.4444889e+01
   4.7000000e+02  -1.4164060e+01
   4.8000000e+02  -1.3803395e+01
   4.9000000e+02  -1.4459345e+01
   5.0000000e+02  -1.4927650e+01
   5.1000000e+02  -1.4647906e+01
   5.2000000e+02  -1.4200008e+01
   5.3000000e+02  -1.4085266e+01
   5.4000000e+02  -1.4366153e+01
   5.5000000e+02  -1.4077241e+01
   5.6000000e+02  -1.4434773e+01
   5.7000000e+02  -1.4081704e+01
   5.8000000e+02  -1.3927823e+01
   5.9000000e+02  -1.4042330e+01
   6.0000000e+02  -1.4201359e+01
   6.1000000e+02  -1.3890302e+01
   6.2000000e+02  -1.3847147e+01
   6.3000000e+02  -1.3978138e+01
   6.4000000e+02  -1.4012951e+01
   6.5000000e+02  -1.4199134e+01
   6.6000000e+02  -1.4391424e+01
   6.7000000e+02  -1.4300961e+01
   6.8000000e+02  -1.4563483e+01
   6.9000000e+02  -1.4487179e+01
   7.0000000e+02  -1.4501068e+01
   7.1000000e+02  -1.4427053e+01
   7.2000000e+02  -1.4345141e+01
   7.3000000e+02  -1.5003812e+01
   7.4000000e+02  -1.4735173e+01
   7.5000000e+02  -1.4881772e+01
   7.6000000e+02  -1.4938941e+01
   7.7000000e+02  -1.4882675e+01
   7.8000000e+02  -1.4751534e+01
   7.9000000e+02  -1.4843971e+01
   8.0000000e+02  -1.4652369e+01
   8.1000000e+02  -1.4327534e+01
   8.2000000e+02  -1.4119837e+01
   8.3000000e+02  -1.4523231e+01
   8.4000000e+02  -1.4651184e+01
   8.5000000e+02  -1.4738361e+01
   8.6000000e+02  -1.4703061e+01
   8.7000000e+02  -1.4414820e+01
   8.8000000e+02  -1.4070499e+01
   8.9000000e+02  -1.4141761e+01
   9.0000000e+02  -1.3966122e+01
   9.1000000e+02  -1.3743064e+01
   9.2000000e+02  -1.3804846e+01
   9.3000000e+02  -1.3616645e+01
   9.4000000e+02  -1.3920238e+01
   9.5000000e+02  -1.3998768e+01
   9.6000000e+02  -1.4275862e+01
   9.7000000e+02  -1.3985925e+01
   9.8000000e+02  -1.4805320e+01
   9.9000000e+02  -1.4902863e+01
   1.0000000e+03  -1.4709626e+01
   1.0100000e+03  -1.4803111e+01
   1.0200000e+03  -1.4687207e+01
   1.0300000e+03  -1.4786708e+01
   1.0400000e+03  -1.4554714e+01
   1.0500000e+03  -1.4772042e+01
   1.0600000e+03  -1.4498439e+01
   1.0700000e+03  -1.4537087e+01
   1.0800000e+03  -1.4571335e+01
   1.0900000e+03  -1.4247129e+01
   1.1000000e+03  -1.3863880e+01
   1.1100000e+03  -1.3983382e+01
   1.1200000e+03  -1.4279123e+01
   1.1300000e+03  -1.4291723e+01
   1.1400000e+03  -1.4101374e+01
   1.1500000e+03  -1.4150807e+01
   1.1600000e+03  -1.4322153e+01
   1.1700000e+03  -1.4153674e+01
   1.1800000e+03  -1.4158095e+01
   1.1900000e+03  -1.3813369e+01
   1.2000000e+03  -1.3721433e+01
   1.2100000e+03  -1.3900405e+01
   1.2200000e+03  -1.3853397e+01
   1.2300000e+03  -1.4092026e+01
   1.2400000e+03  -1.3760021e+01
   1.2500000e+03  -1.3981645e+01
   1.2600000e+03  -1.4107128e+01
   1.2700000e+03  -1.3808222e+01
   1.2800000e+03  -1.4003691e+01
   1.2900000e+03  -1.4362952e+01
   1.3000000e+03  -1.4537678e+01
   1.3100000e+03  -1.4448886e+01
   1.3200000e+03  -1.4202503e+01
   1.3300000e+03  -1.4012998e+01
   1.3400000e+03  -1.4133717e+01
   1.3500000e+03  -1.4581463e+01
   1.3600000e+03  -1.4081445e+01
   1.3700000e+03  -1.4302452e+01
   1.3800000e+03  -1.4143338e+01
   1.3900000e+03  -1.4166009e+01
   1.4000000e+03  -1.4019819e+01
   1.4100000e+03  -1.4122784e+01
   1.4200000e+03  -1.4041422e+01
   1.4300000e+03  -1.3805600e+01
   1.4400000e+03  -1.3407899e+01
   1.4500000e+03  -1.3511502e+01
   1.4600000e+03  -1.3613213e+01
   1.4700000e+03  -1.3530601e+01
   1.4800000e+03  -1.3575802e+01
   1.4900000e+03  -1.3422302e+01
   1.5000000e+03  -1.3566949e+01
   1.5100000e+03  -1.3406720e+01
   1.5200000e+03  -1.3435474e+01
   1.5300000e+03  -1.3725113e+01
   1.5400000e+03  -1.3618203e+01
   1.5500000e+03  -1.3707882e+01
   1.5600000e+03  -1.3847247e+01
   1.5700000e+03  -1.4302386e+01
   1.5800000e+03  -1.4417473e+01
   1.5900000e+03  -1.4154123e+01
   1.6000000e+03  -1.4075327e+01
   1.6100000e+03  -1.4139585e+01
   1.6200000e+03  -1.3820961e+01
   1.6300000e+03  -1.4111153e+01
   1.6400000e+03  -1.3888813e+01
   1.6500000e+03  -1.3822109e+01
   1.6600000e+03  -1.3742816e+01
   1.6700000e+03  -1.3813921e+01
   1.6800000e+03  -1.3577149e+01
   1.6900000e+03  -1.3450420e+01
   1.7000000e+03  -1.3570423e+01
   1.7100000e+03  -1.3797671e+01
   1.7200000e+03  -1.3677508e+01
   1.7300000e+03  -1.3832835e+01
   1.7400000e+03  -1.3837298e+01
   1.7500000e+03  -1.3531548e+01
   1.7600000e+03  -1.3721256e+01
   1.7700000e+03  -1.3794039e+01
   1.7800000e+03  -1.4164361e+01
   1.7900000e+03  -1.4241111e+01
   1.8000000e+03  -1.4317268e+01
   1.8100000e+03  -1.4754690e+01
   1.8200000e+03  -1.4687972e+01
   1.8300000e+03  -1.4403967e+01
   1.8400000e+03  -1.4609916e+01
   1.8500000e+03  -1.4848049e+01
   1.8600000e+03  -1.4578419e+01
   1.8700000e+03  -1.4618109e+01
   1.8800000e+03  -1.4367292e+01
   1.8900000e+03  -1.4643410e+01
   1.9000000e+03  -1.4693261e+01
   1.9100000e+03  -1.4347321e+01
   1.9200000e+03  -1.4749164e+01
   1.9300000e+03  -1.4630808e+01
   1.9400000e+03  -1.4724443e+01
   1.9500000e+03  -1.4604769e+01
   1.9600000e+03  -1.4449531e+01
   1.9700000e+03  -1.4386475e+01
   1.9800000e+03  -1.4494342e+01
   1.9900000e+03  -1.4235896e+01
   2.0000000e+03  -1.4065751e+01
   2.0100000e+03  -1.4451515e+01
   2.0200000e+03  -1.4174447e+01
   2.0300000e+03  -1.4170910e+01
   2.0400000e+03  -1.4250139e+01
   2.0500000e+03  -1.4126845e+01
   2.0600000e+03  -1.4100320e+01
   2.0700000e+03  -1.4183797e+01
   2.0800000e+03  -1.4297445e+01
   2.0900000e+03  -1.4245765e+01
   2.1000000e+03  -1.4238453e+01
   2.1100000e+03  -1.3776839e+01
   2.1200000e+03  -1.4254715e+01
   2.1300000e+03  -1.4020724e+01
   2.1400000e+03  -1.4347910e+01
   2.1500000e+03  -1.4099531e+01
   2.1600000e+03  -1.4310992e+01
   2.1700000e+03  -1.4192851e+01
   2.1800000e+03  -1.4291968e+01
   2.1900000e+03  -1.4200922e+01
   2.2000000e+03  -1.4355992e+01
   2.2100000e+03  -1.4426372e+01
   2.2200000e+03  -1.4434799e+01
   2.2300000e+03  -1.4455276e+01
   2.2400000e+03  -1.4323689e+01
   2.2500000e+03  -1.4311156e+01
   2.2600000e+03  -1.4168069e+01
   2.2700000e+03  -1.3965027e+01
   2.2800000e+03  -1.4288031e+01
   2.2900000e+03  -1.3786786e+01
   2.3000000e+03  -1.4078132e+01
   2.3100000e+03  -1.3865815e+01
   2.3200000e+03  -1.3334764e+01
   2.3300000e+03  -1.3732921e+01
   2.3400000e+03  -1.3595980e+01
   2.3500000e+03  -1.3935099e+01
   2.3600000e+03  -1.3651116e+01
   2.3700000e+03  -1.3640858e+01
   2.3800000e+03  -1.4128153e+01
   2.3900000e+03  -1.4121466e+01
   2.4000000e+03  -1.4024586e+01
   2.4100000e+03  -1.4113362e+01
   2.4200000e+03  -1.4111474e+01
   2.4300000e+03  -1.3781751e+01
   2.4400000e+03  -1.3966010e+01
   2.4500000e+03  -1.4243276e+01
   2.4600000e+03  -1.3984959e+01
   2.4700000e+03  -1.4221402e+01
   2.4800000e+03  -1.4091674e+01
   2.4900000e+03  -1.4317943e+01
   2.5000000e+03  -1.4127268e+01
   2.5100000e+03  -1.4176143e+01
   2.5200000e+03  -1.4105171e+01
   2.5300000e+03  -1.4514585e+01
   2.5400000e+03  -1.4160530e+01
   2.5500000e+03  -1.4169749e+01
   2.5600000e+03  -1.4061740e+01
   2.5700000e+03  -1.4451045e+01
   2.5800000e+03  -1.4221775e+01
   2.5900000e+03  -1.4560495e+01
   2.6000000e+03  -1.4292672e+01
   2.6100000e+03  -1.4330964e+01
   2.6200000e+03  -1.4141433e+01
   2.6300000e+03  -1.4473911e+01
   2.6400000e+03  -1.4092413e+01
   2.6500000e+03  -1.4105816e+01
   2.6600000e+03  -1.4309861e+01
   2.6700000e+03  -1.4085195e+01
   2.6800000e+03  -1.4243065e+01
   2.6900000e+03  -1.4339439e+01
   2.7000000e+03  -1.4367966e+01
   2.7100000e+03  -1.4347142e+01
   2.7200000e+03  -1.4083373e+01
   2.7300000e+03  -1.4406898e+01
   2.7400000e+03  -1.4226027e+01
   2.7500000e+03  -1.4196898e+01
   2.7600000e+03  -1.4159976e+01
   2.7700000e+03  -1.4176274e+01
   2.7800000e+03  -1.3978807e+01
   2.7900000e+03  -1.4440012e+01
   2.8000000e+03  -1.4434703e+01
   2.8100000e+03  -1.4240739e+01
   2.8200000e+03  -1.3994615e+01
   2.8300000e+03  -1.4226389e+01
   2.8400000e+03  -1.4240881e+01
   2.8500000e+03  -1.4097991e+01
   2.8600000e+03  -1.4249066e+01
   2.8700000e+03  -1.4309665e+01
   2.8800000e+03  -1.4282103e+01
   2.8900000e+03  -1.4301579e+01
   2.9000000e+03  -1.4170728e+01
   2.9100000e+03  -1.3947193e+01
   2.9200000e+03  -1.3862830e+01
   2.9300000e+03  -1.3990870e+01
   2.9400000e+03  -1.4060225e+01
   2.9500000e+03  -1.4140467e+01
   2.9600000e+03  -1.3912092e+01
   2.9700000e+03  -1.4174977e+01
   2.9800000e+03  -1.4049190e+01
   2.9900000e+03  -1.4189348e+01
   3.0000000e+03  -1.3812509e+01
   3.0100000e+03  -1.4002692e+01
   3.0200000e+03  -1.3946323e+01
   3.0300000e+03  -1.3695097e+01
   3.0400000e+03  -1.3960042e+01
   3.0500000e+03  -1.3386159e+01
   3.0600000e+03  -1.3655557e+01
   3.0700000e+03  -1.3328149e+01
   3.0800000e+03  -1.3311790e+01
   3.0900000e+03  -1.3776307e+01
   3.1000000e+03  -1.4078757e+01
   3.1100000e+03  -1.4035139e+01
   3.1200000e+03  -1.4120858e+01
   3.1300000e+03  -1.3995543e+01
   3.1400000e+03  -1.4028860e+01
   3.1500000e+03  -1.3896907e+01
   3.1600000e+03  -1.3679876e+01
   3.1700000e+03  -1.3780079e+01
   3.1800000e+03  -1.3719570e+01
   3.1900000e+03  -1.3956321e+01
   3.2000000e+03  -1.3981801e+01
   3.2100000e+03  -1.3864198e+01
   3.2200000e+03  -1.3903095e+01
   3.2300000e+03  -1.4021343e+01
   3.2400000e+03  -1.4188961e+01
   3.2500000e+03  -1.3855055e+01
   3.2600000e+03  -1.4175229e+01
   3.2700000e+03  -1.4436935e+01
   3.2800000e+03  -1.4222196e+01
   3.2900000e+03  -1.3970871e+01
   3.3000000e+03  -1.3988939e+01
   3.3100000e+03  -1.3884713e+01
   3.3200000e+03  -1.3923471e+01
   3.3300000e+03  -1.4031688e+01
   3.3400000e+03  -1.3697327e+01
   3.3500000e+03  -1.3889159e+01
   3.3600000e+03  -1.3631159e+01
   3.3700000e+03  -1.3854042e+01
   3.3800000e+03  -1.3767400e+01
   3.3900000e+03  -1.3403922e+01
   3.4000000e+03  -1.3749929e+01
   3.4100000e+03  -1.3957342e+01
   3.4200000e+03  -1.3784212e+01
   3.4300000e+03  -1.3666519e+01
   3.4400000e+03  -1.3798744e+01
   3.4500000e+03  -1.3521277e+01
   3.4600000e+03  -1.3695060e+01
   3.4700000e+03  -1.3496962e+01
   3.4800000e+03  -1.3712370e+01
   3.4900000e+03  -1.3960473e+01
