   0.0000000e+00   1.6938373e+01
   1.0000000e+01   1.6923638e+01
   2.0000000e+01   1.6931915e+01
   3.0000000e+01   1.6954103e+01
   4.0000000e+01   1.7300399e+01
   5.0000000e+01   1.7549764e+01
   6.0000000e+01   1.8147171e+01
   7.0000000e+01   1.7565116e+01
   8.0000000e+01   1.7708795e+01
   9.0000000e+01   1.7673456e+01
   1.0000000e+02   1.7792492e+01
   1.1000000e+02   1.7643010e+01
   1.2000000e+02   1.7134329e+01
   1.3000000e+02   1.7185916e+01
   1.4000000e+02   1.7227118e+01
   1.5000000e+02   1.6908760e+01
   1.6000000e+02   1.7332483e+01
   1.7000000e+02   1.6830716e+01
   1.8000000e+02   1.7246907e+01
   1.9000000e+02   1.6618367e+01
   2.0000000e+02   1.6699508e+01
   2.1000000e+02   1.6750593e+01
   2.2000000e+02   1.6171967e+01
   2.3000000e+02   1.6758783e+01
   2.4000000e+02   1.6384592e+01
   2.5000000e+02   1.6505603e+01
   2.6000000e+02   1.6201333e+01
   2.7000000e+02   1.6315099e+01
   2.8000000e+02   1.6694089e+01
   2.9000000e+02   1.6285176e+01
   3.0000000e+02   1.5969722e+01
   3.1000000e+02   1.6343884e+01
   3.2000000e+02   1.5709105e+01
   3.3000000e+02   1.5726750e+01
   3.4000000e+02   1.5503541e+01
   3.5000000e+02   1.5778390e+01
   3.6000000e+02   1.5015688e+01
   3.7000000e+02   1.5611406e+01
   3.8000000e+02   1.5038877e+01
   3.9000000e+02   1.6013759e+01
   4.0000000e+02   1.5501892e+01
   4.1000000e+02   1.4926593e+01
   4.2000000e+02   1.5707486e+01
   4.3000000e+02   1.5272019e+01
   4.4000000e+02   1.4731633e+01
   4.5000000e+02   1.6116071e+01
   4.6000000e+02   1.5523845e+01
   4.7000000e+02   1.5204718e+01
   4.8000000e+02   1.4828935e+01
   4.9000000e+02   1.4776657e+01
   5.0000000e+02   1.5170623e+01
   5.1000000e+02   1.5285201e+01
   5.2000000e+02   1.5445706e+01
   5.3000000e+02   1.5537304e+01
   5.4000000e+02   1.4298101e+01
   5.5000000e+02   1.5318085e+01
   5.6000000e+02   1.4695752e+01
   5.7000000e+02   1.5175441e+01
   5.8000000e+02   1.5179368e+01
   5.9000000e+02   1.4863113e+01
   6.0000000e+02   1.5039011e+01
   6.1000000e+02   1.4833347e+01
   6.2000000e+02   1.4744715e+01
   6.3000000e+02   1.7752088e+01
   6.4000000e+02   1.4284957e+01
   6.5000000e+02   1.4634860e+01
   6.6000000e+02   1.5133152e+01
   6.7000000e+02   1.4040397e+01
   6.8000000e+02   1.4910851e+01
   6.9000000e+02   1.5130066e+01
   7.0000000e+02   1.4288997e+01
   7.1000000e+02   1.4939433e+01
   7.2000000e+02   1.4783610e+01
   7.3000000e+02   1.5428190e+01
   7.4000000e+02   1.5092684e+01
   7.5000000e+02   1.5294456e+01
   7.6000000e+02   1.5130358e+01
   7.7000000e+02   1.4786898e+01
   7.8000000e+02   1.4990847e+01
   7.9000000e+02   1.5748065e+01
   8.0000000e+02   1.4710803e+01
   8.1000000e+02   1.5250203e+01
   8.2000000e+02   1.4794601e+01
   8.3000000e+02   1.4615387e+01
   8.4000000e+02   1.5164341e+01
   8.5000000e+02   1.4717340e+01
   8.6000000e+02   1.4644748e+01
   8.7000000e+02   1.5510490e+01
   8.8000000e+02   1.4908764e+01
   8.9000000e+02   1.4768730e+01
   9.0000000e+02   1.5497935e+01
   9.1000000e+02   1.5009550e+01
   9.2000000e+02   1.5506010e+01
   9.3000000e+02   1.4573880e+01
   9.4000000e+02   1.5657378e+01
   9.5000000e+02   1.5267146e+01
   9.6000000e+02   1.4636343e+01
   9.7000000e+02   1.4633958e+01
   9.8000000e+02   1.5309607e+01
   9.9000000e+02   1.4966062e+01
   1.0000000e+03   1.5273059e+01
   1.0100000e+03   1.4456474e+01
   1.0200000e+03   1.4830391e+01
   1.0300000e+03   1.5216122e+01
   1.0400000e+03   1.4404033e+01
   1.0500000e+03   1.5210898e+01
   1.0600000e+03   1.5487515e+01
   1.0700000e+03   1.5031292e+01
   1.0800000e+03   1.5936469e+01
   1.0900000e+03   1.4647436e+01
   1.1000000e+03   1.6105254e+01
   1.1100000e+03   1.5311097e+01
   1.1200000e+03   1.4346009e+01
   1.1300000e+03   1.5856720e+01
   1.1400000e+03   1.5085047e+01
   1.1500000e+03   1.4533645e+01
   1.1600000e+03   1.6047021e+01
   1.1700000e+03   1.4949596e+01
   1.1800000e+03   1.5446008e+01
   1.1900000e+03   1.5179512e+01
   1.2000000e+03   1.4410440e+01
   1.2100000e+03   1.5529409e+01
   1.2200000e+03   1.5487752e+01
   1.2300000e+03   1.4970849e+01
   1.2400000e+03   1.2447223e+01
   1.2500000e+03   1.4709437e+01
   1.2600000e+03   1.5055764e+01
   1.2700000e+03   1.5797665e+01
   1.2800000e+03   1.5488711e+01
   1.2900000e+03   1.5621157e+01
   1.3000000e+03   1.4802191e+01
   1.3100000e+03   1.5017626e+01
   1.3200000e+03   1.5567996e+01
   1.3300000e+03   1.5492376e+01
   1.3400000e+03   1.5455937e+01
   1.3500000e+03   1.6209252e+01
   1.3600000e+03   1.4756852e+01
   1.3700000e+03   1.6240047e+01
   1.3800000e+03   1.4672696e+01
   1.3900000e+03   1.5005356e+01
   1.4000000e+03   1.5512758e+01
   1.4100000e+03   1.4641963e+01
   1.4200000e+03   1.5216562e+01
   1.4300000e+03   1.5164245e+01
   1.4400000e+03   1.4331424e+01
   1.4500000e+03   1.5099572e+01
   1.4600000e+03   1.4755886e+01
   1.4700000e+03   1.5219215e+01
   1.4800000e+03   1.5282594e+01
   1.4900000e+03   1.4830568e+01
   1.5000000e+03   1.6128154e+01
   1.5100000e+03   1.5543662e+01
   1.5200000e+03   1.4431760e+01
   1.5300000e+03   1.5330189e+01
   1.5400000e+03   1.5051226e+01
   1.5500000e+03   1.5533686e+01
   1.5600000e+03   1.5258118e+01
   1.5700000e+03   1.4145224e+01
   1.5800000e+03   1.5992593e+01
   1.5900000e+03   1.4972203e+01
   1.6000000e+03   1.5178001e+01
   1.6100000e+03   1.5608192e+01
   1.6200000e+03   1.5080036e+01
   1.6300000e+03   1.5116359e+01
   1.6400000e+03   1.5119416e+01
   1.6500000e+03   1.4503073e+01
   1.6600000e+03   1.5503977e+01
   1.6700000e+03   1.4362409e+01
   1.6800000e+03   1.4890376e+01
   1.6900000e+03   1.5126223e+01
   1.7000000e+03   1.4810311e+01
   1.7100000e+03   1.5298833e+01
   1.7200000e+03   1.4975426e+01
   1.7300000e+03   1.5079445e+01
   1.7400000e+03   1.5643292e+01
   1.7500000e+03   1.4452947e+01
   1.7600000e+03   1.5510646e+01
   1.7700000e+03   1.5416241e+01
   1.7800000e+03   1.4822490e+01
   1.7900000e+03   1.5287590e+01
   1.8000000e+03   1.5233665e+01
   1.8100000e+03   1.4692237e+01
   1.8200000e+03   1.5512880e+01
   1.8300000e+03   1.4704018e+01
   1.8400000e+03   1.5363783e+01
   1.8500000e+03   1.5391658e+01
   1.8600000e+03   1.4365894e+01
   1.8700000e+03   1.5785433e+01
   1.8800000e+03   1.5184093e+01
   1.8900000e+03   1.4708807e+01
   1.9000000e+03   1.5596391e+01
   1.9100000e+03   1.4210607e+01
   1.9200000e+03   1.5466123e+01
   1.9300000e+03   1.4857406e+01
   1.9400000e+03   1.4552126e+01
   1.9500000e+03   1.4546416e+01
   1.9600000e+03   1.4601838e+01
   1.9700000e+03   1.4468071e+01
   1.9800000e+03   1.5709488e+01
   1.9900000e+03   1.4804384e+01
   2.0000000e+03   1.5247055e+01
   2.0100000e+03   1.5037808e+01
   2.0200000e+03   1.5003444e+01
   2.0300000e+03   1.6598856e+01
   2.0400000e+03   1.4573536e+01
   2.0500000e+03   1.4930111e+01
   2.0600000e+03   1.5446706e+01
   2.0700000e+03   1.4735053e+01
   2.0800000e+03   1.4692915e+01
   2.0900000e+03   1.4529966e+01
   2.1000000e+03   1.5375506e+01
   2.1100000e+03   1.5242518e+01
   2.1200000e+03   1.4343075e+01
   2.1300000e+03   1.4388151e+01
   2.1400000e+03   1.5438623e+01
   2.1500000e+03   1.4577531e+01
   2.1600000e+03   1.4916653e+01
   2.1700000e+03   1.5096896e+01
   2.1800000e+03   1.4862989e+01
   2.1900000e+03   1.5599996e+01
   2.2000000e+03   1.4871956e+01
   2.2100000e+03   1.5259506e+01
   2.2200000e+03   1.4991018e+01
   2.2300000e+03   1.4296946e+01
   2.2400000e+03   1.5233514e+01
   2.2500000e+03   1.5105110e+01
   2.2600000e+03   1.4594952e+01
   2.2700000e+03   1.5115476e+01
   2.2800000e+03   1.4390549e+01
   2.2900000e+03   1.4815499e+01
   2.3000000e+03   1.4725233e+01
   2.3100000e+03   1.4226482e+01
   2.3200000e+03   1.5293719e+01
   2.3300000e+03   1.4210923e+01
   2.3400000e+03   1.4574002e+01
   2.3500000e+03   1.5161840e+01
   2.3600000e+03   1.3813495e+01
   2.3700000e+03   1.4940046e+01
   2.3800000e+03   1.4769327e+01
   2.3900000e+03   1.4320223e+01
   2.4000000e+03   1.4961183e+01
   2.4100000e+03   1.4872989e+01
   2.4200000e+03   1.4148203e+01
   2.4300000e+03   1.5681172e+01
   2.4400000e+03   1.4159813e+01
   2.4500000e+03   1.4786809e+01
   2.4600000e+03   1.4429071e+01
   2.4700000e+03   1.4316929e+01
   2.4800000e+03   1.5177673e+01
   2.4900000e+03   1.4201912e+01
   2.5000000e+03   1.3915639e+01
   2.5100000e+03   1.5123861e+01
   2.5200000e+03   1.3938933e+01
   2.5300000e+03   1.4878101e+01
   2.5400000e+03   1.4866409e+01
   2.5500000e+03   1.3898814e+01
   2.5600000e+03   1.4911907e+01
   2.5700000e+03   1.4022878e+01
   2.5800000e+03   1.4328029e+01
   2.5900000e+03   1.4577900e+01
   2.6000000e+03   1.3766509e+01
   2.6100000e+03   1.4852692e+01
   2.6200000e+03   1.4328694e+01
   2.6300000e+03   1.3881162e+01
   2.6400000e+03   1.4789138e+01
   2.6500000e+03   1.6384684e+01
   2.6600000e+03   1.4530354e+01
   2.6700000e+03   1.4615356e+01
   2.6800000e+03   1.4426029e+01
   2.6900000e+03   1.4900131e+01
   2.7000000e+03   1.5050710e+01
   2.7100000e+03   1.3894867e+01
   2.7200000e+03   1.4847442e+01
   2.7300000e+03   1.4316123e+01
   2.7400000e+03   1.5469450e+01
   2.7500000e+03   1.4567185e+01
   2.7600000e+03   1.4046216e+01
   2.7700000e+03   1.4836682e+01
   2.7800000e+03   1.5413846e+01
   2.7900000e+03   1.4082674e+01
   2.8000000e+03   1.6001354e+01
   2.8100000e+03   1.3918624e+01
   2.8200000e+03   1.4855072e+01
   2.8300000e+03   1.5094656e+01
   2.8400000e+03   1.3937383e+01
   2.8500000e+03   1.4192750e+01
   2.8600000e+03   1.4073284e+01
   2.8700000e+03   1.3889658e+01
   2.8800000e+03   1.4507505e+01
   2.8900000e+03   1.4149222e+01
   2.9000000e+03   1.3904657e+01
   2.9100000e+03   1.4292154e+01
   2.9200000e+03   1.3468285e+01
   2.9300000e+03   1.4863924e+01
   2.9400000e+03   1.3880112e+01
   2.9500000e+03   1.3699569e+01
   2.9600000e+03   1.4781200e+01
   2.9700000e+03   1.3758756e+01
   2.9800000e+03   1.4097914e+01
   2.9900000e+03   1.4524834e+01
   3.0000000e+03   1.3610910e+01
   3.0100000e+03   1.4782524e+01
   3.0200000e+03   1.3840431e+01
   3.0300000e+03   1.5680496e+01
   3.0400000e+03   1.5130386e+01
   3.0500000e+03   1.3919141e+01
   3.0600000e+03   1.5982619e+01
   3.0700000e+03   1.4113731e+01
   3.0800000e+03   1.3871877e+01
   3.0900000e+03   1.4780193e+01
   3.1000000e+03   1.3563782e+01
   3.1100000e+03   1.5289327e+01
   3.1200000e+03   1.4144656e+01
   3.1300000e+03   1.4167580e+01
   3.1400000e+03   1.5347262e+01
   3.1500000e+03   1.4594390e+01
   3.1600000e+03   1.3941938e+01
   3.1700000e+03   1.4350183e+01
   3.1800000e+03   1.3837901e+01
   3.1900000e+03   1.4503807e+01
   3.2000000e+03   1.4306872e+01
   3.2100000e+03   1.3705330e+01
   3.2200000e+03   1.4118198e+01
   3.2300000e+03   1.4651981e+01
   3.2400000e+03   1.3540342e+01
   3.2500000e+03   1.6464538e+01
   3.2600000e+03   1.3844556e+01
   3.2700000e+03   1.4612178e+01
   3.2800000e+03   1.3470620e+01
   3.2900000e+03   1.5502827e+01
   3.3000000e+03   1.4968562e+01
   3.3100000e+03   1.3990160e+01
   3.3200000e+03   1.4099705e+01
   3.3300000e+03   1.4676555e+01
   3.3400000e+03   1.3468677e+01
   3.3500000e+03   1.4535980e+01
   3.3600000e+03   1.4348442e+01
   3.3700000e+03   1.5112760e+01
   3.3800000e+03   1.4834454e+01
   3.3900000e+03   1.4405472e+01
   3.4000000e+03   1.4142850e+01
   3.4100000e+03   1.4273210e+01
   3.4200000e+03   1.3790319e+01
   3.4300000e+03   1.4802102e+01
   3.4400000e+03   1.4348604e+01
   3.4500000e+03   1.4265829e+01
   3.4600000e+03   1.4506684e+01
   3.4700000e+03   1.4086305e+01
   3.4800000e+03   1.4820196e+01
   3.4900000e+03   1.6534529e+01
