   0.0000000e+00   4.4846066e-03
   1.0000000e+01   6.6430978e-03
   2.0000000e+01   4.8045202e-03
   3.0000000e+01  -6.5287466e-03
   4.0000000e+01  -3.4232067e-03
   5.0000000e+01  -3.4791464e-02
   6.0000000e+01  -1.8896659e+00
   7.0000000e+01  -7.0722881e+00
   8.0000000e+01  -1.0377664e+01
   9.0000000e+01  -1.2899443e+01
   1.0000000e+02  -1.4995219e+01
   1.1000000e+02  -1.6557768e+01
   1.2000000e+02  -1.7784060e+01
   1.3000000e+02  -1.8674094e+01
   1.4000000e+02  -1.9381698e+01
   1.5000000e+02  -2.0315199e+01
   1.6000000e+02  -2.0875989e+01
   1.7000000e+02  -2.1178622e+01
   1.8000000e+02  -2.1574532e+01
   1.9000000e+02  -2.1744396e+01
   2.0000000e+02  -2.2068257e+01
   2.1000000e+02  -2.2217489e+01
   2.2000000e+02  -2.2613503e+01
   2.3000000e+02  -2.3024093e+01
   2.4000000e+02  -2.3512421e+01
   2.5000000e+02  -2.3974717e+01
   2.6000000e+02  -2.4258571e+01
   2.7000000e+02  -2.4671387e+01
   2.8000000e+02  -2.4543479e+01
   2.9000000e+02  -2.4569447e+01
   3.0000000e+02  -2.4564320e+01
   3.1000000e+02  -2.5048780e+01
   3.2000000e+02  -2.5229279e+01
   3.3000000e+02  -2.5286487e+01
   3.4000000e+02  -2.5369734e+01
   3.5000000e+02  -2.5592957e+01
   3.6000000e+02  -2.5757138e+01
   3.7000000e+02  -2.5974637e+01
   3.8000000e+02  -2.6052840e+01
   3.9000000e+02  -2.5613508e+01
   4.0000000e+02  -2.5291960e+01
   4.1000000e+02  -2.5050691e+01
   4.2000000e+02  -2.4810600e+01
   4.3000000e+02  -2.4952994e+01
   4.4000000e+02  -2.5396626e+01
   4.5000000e+02  -2.5712287e+01
   4.6000000e+02  -2.5814517e+01
   4.7000000e+02  -2.5756385e+01
   4.8000000e+02  -2.5496988e+01
   4.9000000e+02  -2.5348459e+01
   5.0000000e+02  -2.5243721e+01
   5.1000000e+02  -2.5238647e+01
   5.2000000e+02  -2.5243721e+01
   5.3000000e+02  -2.5135931e+01
   5.4000000e+02  -2.5202697e+01
   5.5000000e+02  -2.5436036e+01
   5.6000000e+02  -2.5087799e+01
   5.7000000e+02  -2.5306294e+01
   5.8000000e+02  -2.5190919e+01
   5.9000000e+02  -2.5516442e+01
   6.0000000e+02  -2.5520875e+01
   6.1000000e+02  -2.5640478e+01
   6.2000000e+02  -2.5458489e+01
   6.3000000e+02  -2.5125910e+01
   6.4000000e+02  -2.5467864e+01
   6.5000000e+02  -2.5146146e+01
   6.6000000e+02  -2.5127163e+01
   6.7000000e+02  -2.5113974e+01
   6.8000000e+02  -2.4818135e+01
   6.9000000e+02  -2.4059675e+01
   7.0000000e+02  -2.4369269e+01
   7.1000000e+02  -2.4178568e+01
   7.2000000e+02  -2.4264947e+01
   7.3000000e+02  -2.4022685e+01
   7.4000000e+02  -2.3802572e+01
   7.5000000e+02  -2.3570859e+01
   7.6000000e+02  -2.3723226e+01
   7.7000000e+02  -2.3655738e+01
   7.8000000e+02  -2.3655813e+01
   7.9000000e+02  -2.3424659e+01
   8.0000000e+02  -2.3162884e+01
   8.1000000e+02  -2.2990937e+01
   8.2000000e+02  -2.2181944e+01
   8.3000000e+02  -2.2227225e+01
   8.4000000e+02  -2.1063586e+01
   8.5000000e+02  -2.1882545e+01
   8.6000000e+02  -2.1836930e+01
   8.7000000e+02  -2.2329814e+01
   8.8000000e+02  -2.2595813e+01
   8.9000000e+02  -2.3314610e+01
   9.0000000e+02  -2.3071401e+01
   9.1000000e+02  -2.3573201e+01
   9.2000000e+02  -2.2729778e+01
   9.3000000e+02  -2.4400992e+01
   9.4000000e+02  -2.4406234e+01
   9.5000000e+02  -2.4774940e+01
   9.6000000e+02  -2.5269114e+01
   9.7000000e+02  -2.6243658e+01
   9.8000000e+02  -2.6719195e+01
   9.9000000e+02  -2.7043837e+01
   1.0000000e+03  -2.7502651e+01
   1.0100000e+03  -2.7718664e+01
   1.0200000e+03  -2.8003814e+01
   1.0300000e+03  -2.8142429e+01
   1.0400000e+03  -2.8092176e+01
   1.0500000e+03  -2.7922003e+01
   1.0600000e+03  -2.8092835e+01
   1.0700000e+03  -2.8113953e+01
   1.0800000e+03  -2.7958914e+01
   1.0900000e+03  -2.7760254e+01
   1.1000000e+03  -2.7511926e+01
   1.1100000e+03  -2.7791553e+01
   1.1200000e+03  -2.7065162e+01
   1.1300000e+03  -2.7052396e+01
   1.1400000e+03  -2.6592325e+01
   1.1500000e+03  -2.6387789e+01
   1.1600000e+03  -2.6322044e+01
   1.1700000e+03  -2.6301195e+01
   1.1800000e+03  -2.6077788e+01
   1.1900000e+03  -2.5332362e+01
   1.2000000e+03  -2.4566878e+01
   1.2100000e+03  -2.3528957e+01
   1.2200000e+03  -2.3583188e+01
   1.2300000e+03  -2.3932206e+01
   1.2400000e+03  -2.3547865e+01
   1.2500000e+03  -2.3886470e+01
   1.2600000e+03  -2.3883308e+01
   1.2700000e+03  -2.3873056e+01
   1.2800000e+03  -2.3909148e+01
   1.2900000e+03  -2.4076785e+01
   1.3000000e+03  -2.4151976e+01
   1.3100000e+03  -2.3395079e+01
   1.3200000e+03  -2.3700789e+01
   1.3300000e+03  -2.4032391e+01
   1.3400000e+03  -2.4279682e+01
   1.3500000e+03  -2.4650851e+01
   1.3600000e+03  -2.4709775e+01
   1.3700000e+03  -2.4615159e+01
   1.3800000e+03  -2.4135751e+01
   1.3900000e+03  -2.3917210e+01
   1.4000000e+03  -2.4921133e+01
   1.4100000e+03  -2.4699636e+01
   1.4200000e+03  -2.4003484e+01
   1.4300000e+03  -2.4698533e+01
   1.4400000e+03  -2.4982366e+01
   1.4500000e+03  -2.5313321e+01
   1.4600000e+03  -2.5625950e+01
   1.4700000e+03  -2.6255603e+01
   1.4800000e+03  -2.6648363e+01
   1.4900000e+03  -2.6981667e+01
   1.5000000e+03  -2.6846381e+01
   1.5100000e+03  -2.6848646e+01
   1.5200000e+03  -2.7020801e+01
   1.5300000e+03  -2.6951840e+01
   1.5400000e+03  -2.6895772e+01
   1.5500000e+03  -2.6640418e+01
   1.5600000e+03  -2.6749439e+01
   1.5700000e+03  -2.6946426e+01
   1.5800000e+03  -2.7228187e+01
   1.5900000e+03  -2.8034350e+01
   1.6000000e+03  -2.8213013e+01
   1.6100000e+03  -2.8411294e+01
   1.6200000e+03  -2.8502827e+01
   1.6300000e+03  -2.8548381e+01
   1.6400000e+03  -2.8639867e+01
   1.6500000e+03  -2.8756987e+01
   1.6600000e+03  -2.8673814e+01
   1.6700000e+03  -2.8632991e+01
   1.6800000e+03  -2.8594694e+01
   1.6900000e+03  -2.8622647e+01
   1.7000000e+03  -2.7546375e+01
   1.7100000e+03  -2.6673551e+01
   1.7200000e+03  -2.6921781e+01
   1.7300000e+03  -2.6933038e+01
   1.7400000e+03  -2.6773005e+01
   1.7500000e+03  -2.6381378e+01
   1.7600000e+03  -2.6190488e+01
   1.7700000e+03  -2.6412652e+01
   1.7800000e+03  -2.6683727e+01
   1.7900000e+03  -2.6639107e+01
   1.8000000e+03  -2.6222204e+01
   1.8100000e+03  -2.5928839e+01
   1.8200000e+03  -2.5960554e+01
   1.8300000e+03  -2.5820975e+01
   1.8400000e+03  -2.6036721e+01
   1.8500000e+03  -2.5892583e+01
   1.8600000e+03  -2.5857148e+01
   1.8700000e+03  -2.5381255e+01
   1.8800000e+03  -2.5244089e+01
   1.8900000e+03  -2.4495191e+01
   1.9000000e+03  -2.3336685e+01
   1.9100000e+03  -2.2935594e+01
   1.9200000e+03  -2.3106307e+01
   1.9300000e+03  -2.2954648e+01
   1.9400000e+03  -2.2984702e+01
   1.9500000e+03  -2.3335253e+01
   1.9600000e+03  -2.3685489e+01
   1.9700000e+03  -2.3990202e+01
   1.9800000e+03  -2.3961765e+01
   1.9900000e+03  -2.4816742e+01
   2.0000000e+03  -2.5405526e+01
   2.0100000e+03  -2.5152580e+01
   2.0200000e+03  -2.5089876e+01
   2.0300000e+03  -2.5480808e+01
   2.0400000e+03  -2.5312090e+01
   2.0500000e+03  -2.5019252e+01
   2.0600000e+03  -2.4923613e+01
   2.0700000e+03  -2.4815470e+01
   2.0800000e+03  -2.6121200e+01
   2.0900000e+03  -2.6523569e+01
   2.1000000e+03  -2.6848054e+01
   2.1100000e+03  -2.7091716e+01
   2.1200000e+03  -2.7252039e+01
   2.1300000e+03  -2.7130589e+01
   2.1400000e+03  -2.6923293e+01
   2.1500000e+03  -2.6865862e+01
   2.1600000e+03  -2.6407686e+01
   2.1700000e+03  -2.6695096e+01
   2.1800000e+03  -2.7045114e+01
   2.1900000e+03  -2.7034198e+01
   2.2000000e+03  -2.6874427e+01
   2.2100000e+03  -2.7085191e+01
   2.2200000e+03  -2.7274892e+01
   2.2300000e+03  -2.7061968e+01
   2.2400000e+03  -2.7521034e+01
   2.2500000e+03  -2.7018951e+01
   2.2600000e+03  -2.7155670e+01
   2.2700000e+03  -2.7204981e+01
   2.2800000e+03  -2.7285007e+01
   2.2900000e+03  -2.7055095e+01
   2.3000000e+03  -2.7719482e+01
   2.3100000e+03  -2.7548765e+01
   2.3200000e+03  -2.7317238e+01
   2.3300000e+03  -2.7225988e+01
   2.3400000e+03  -2.7563332e+01
   2.3500000e+03  -2.7427817e+01
   2.3600000e+03  -2.7318328e+01
   2.3700000e+03  -2.7861727e+01
   2.3800000e+03  -2.7650413e+01
   2.3900000e+03  -2.7201627e+01
   2.4000000e+03  -2.7144127e+01
   2.4100000e+03  -2.7189100e+01
   2.4200000e+03  -2.6846302e+01
   2.4300000e+03  -2.6986105e+01
   2.4400000e+03  -2.7271439e+01
   2.4500000e+03  -2.7884478e+01
   2.4600000e+03  -2.8122076e+01
   2.4700000e+03  -2.8245296e+01
   2.4800000e+03  -2.7590724e+01
   2.4900000e+03  -2.7592225e+01
   2.5000000e+03  -2.7511814e+01
   2.5100000e+03  -2.7278073e+01
   2.5200000e+03  -2.7421433e+01
   2.5300000e+03  -2.7517842e+01
   2.5400000e+03  -2.7960747e+01
   2.5500000e+03  -2.7798464e+01
   2.5600000e+03  -2.7850504e+01
   2.5700000e+03  -2.7788403e+01
   2.5800000e+03  -2.7620887e+01
   2.5900000e+03  -2.7487523e+01
   2.6000000e+03  -2.7323660e+01
   2.6100000e+03  -2.7238543e+01
   2.6200000e+03  -2.7193964e+01
   2.6300000e+03  -2.7456413e+01
   2.6400000e+03  -2.7322210e+01
   2.6500000e+03  -2.6898304e+01
   2.6600000e+03  -2.6571290e+01
   2.6700000e+03  -2.6603161e+01
   2.6800000e+03  -2.6578058e+01
   2.6900000e+03  -2.7014378e+01
   2.7000000e+03  -2.6266949e+01
   2.7100000e+03  -2.5297974e+01
   2.7200000e+03  -2.5367178e+01
   2.7300000e+03  -2.5232128e+01
   2.7400000e+03  -2.4151445e+01
   2.7500000e+03  -2.5091477e+01
   2.7600000e+03  -2.5265817e+01
   2.7700000e+03  -2.5789724e+01
   2.7800000e+03  -2.5654505e+01
   2.7900000e+03  -2.5413644e+01
   2.8000000e+03  -2.5386691e+01
   2.8100000e+03  -2.4867973e+01
   2.8200000e+03  -2.4864500e+01
   2.8300000e+03  -2.5153904e+01
   2.8400000e+03  -2.5659292e+01
   2.8500000e+03  -2.5735988e+01
   2.8600000e+03  -2.6451331e+01
   2.8700000e+03  -2.7109101e+01
   2.8800000e+03  -2.7081457e+01
   2.8900000e+03  -2.6643606e+01
   2.9000000e+03  -2.7222674e+01
   2.9100000e+03  -2.7332973e+01
   2.9200000e+03  -2.7205550e+01
   2.9300000e+03  -2.6812687e+01
   2.9400000e+03  -2.6439867e+01
   2.9500000e+03  -2.6534784e+01
   2.9600000e+03  -2.7267367e+01
   2.9700000e+03  -2.7264189e+01
   2.9800000e+03  -2.7628975e+01
   2.9900000e+03  -2.7202694e+01
   3.0000000e+03  -2.7128396e+01
   3.0100000e+03  -2.6532883e+01
   3.0200000e+03  -2.6970324e+01
   3.0300000e+03  -2.6956955e+01
   3.0400000e+03  -2.6065548e+01
   3.0500000e+03  -2.6049978e+01
   3.0600000e+03  -2.6047046e+01
   3.0700000e+03  -2.5760941e+01
   3.0800000e+03  -2.6776397e+01
   3.0900000e+03  -2.6197495e+01
   3.1000000e+03  -2.6512115e+01
   3.1100000e+03  -2.6844356e+01
   3.1200000e+03  -2.6731428e+01
   3.1300000e+03  -2.6046602e+01
   3.1400000e+03  -2.5710292e+01
   3.1500000e+03  -2.6105363e+01
   3.1600000e+03  -2.6009605e+01
   3.1700000e+03  -2.5911565e+01
   3.1800000e+03  -2.5989260e+01
   3.1900000e+03  -2.6731861e+01
   3.2000000e+03  -2.6385406e+01
   3.2100000e+03  -2.5830346e+01
   3.2200000e+03  -2.5680725e+01
   3.2300000e+03  -2.5484608e+01
   3.2400000e+03  -2.5510657e+01
   3.2500000e+03  -2.5693293e+01
   3.2600000e+03  -2.6091951e+01
   3.2700000e+03  -2.6581992e+01
   3.2800000e+03  -2.6005450e+01
   3.2900000e+03  -2.5902172e+01
   3.3000000e+03  -2.5755673e+01
   3.3100000e+03  -2.6794359e+01
   3.3200000e+03  -2.7464669e+01
   3.3300000e+03  -2.6837245e+01
   3.3400000e+03  -2.6639889e+01
   3.3500000e+03  -2.6255138e+01
   3.3600000e+03  -2.6184279e+01
   3.3700000e+03  -2.5962518e+01
   3.3800000e+03  -2.6103724e+01
   3.3900000e+03  -2.6367429e+01
   3.4000000e+03  -2.6412662e+01
   3.4100000e+03  -2.7043919e+01
   3.4200000e+03  -2.6418168e+01
   3.4300000e+03  -2.6040344e+01
   3.4400000e+03  -2.5370286e+01
   3.4500000e+03  -2.4983320e+01
   3.4600000e+03  -2.3722457e+01
   3.4700000e+03  -2.4938308e+01
   3.4800000e+03  -2.4038291e+01
   3.4900000e+03  -2.3889444e+01
