   0.0000000e+00   7.6573891e-04
   1.0000000e+01   1.5348429e-03
   2.0000000e+01   9.4285713e-03
   3.0000000e+01  -6.3134235e-03
   4.0000000e+01  -2.5111112e-03
   5.0000000e+01   1.7942261e-03
   6.0000000e+01   3.3394489e-01
   7.0000000e+01   6.9655702e-01
   8.0000000e+01   9.7549614e-01
   9.0000000e+01   1.1599268e+00
   1.0000000e+02   1.2658592e+00
   1.1000000e+02   1.3526221e+00
   1.2000000e+02   1.4263299e+00
   1.3000000e+02   1.5111031e+00
   1.4000000e+02   1.6283696e+00
   1.5000000e+02   1.8101415e+00
   1.6000000e+02   1.9806745e+00
   1.7000000e+02   2.1686833e+00
   1.8000000e+02   2.3536939e+00
   1.9000000e+02   2.5523307e+00
   2.0000000e+02   2.7258108e+00
   2.1000000e+02   2.9092439e+00
   2.2000000e+02   3.0950295e+00
   2.3000000e+02   3.2815323e+00
   2.4000000e+02   3.5016501e+00
   2.5000000e+02   3.8195178e+00
   2.6000000e+02   4.0484302e+00
   2.7000000e+02   4.3137002e+00
   2.8000000e+02   4.5760971e+00
   2.9000000e+02   4.7964187e+00
   3.0000000e+02   4.9996145e+00
   3.1000000e+02   5.2729059e+00
   3.2000000e+02   5.4914986e+00
   3.3000000e+02   5.6989062e+00
   3.4000000e+02   5.9285308e+00
   3.5000000e+02   6.1262418e+00
   3.6000000e+02   6.3555919e+00
   3.7000000e+02   6.5716091e+00
   3.8000000e+02   6.7899179e+00
   3.9000000e+02   6.9212776e+00
   4.0000000e+02   7.0048008e+00
   4.1000000e+02   7.0333161e+00
   4.2000000e+02   7.0472253e+00
   4.3000000e+02   7.0687992e+00
   4.4000000e+02   7.1498620e+00
   4.5000000e+02   7.2885603e+00
   4.6000000e+02   7.4316539e+00
   4.7000000e+02   7.5797114e+00
   4.8000000e+02   7.6515235e+00
   4.9000000e+02   7.7225019e+00
   5.0000000e+02   7.6765692e+00
   5.1000000e+02   7.7199159e+00
   5.2000000e+02   7.7543584e+00
   5.3000000e+02   7.7433958e+00
   5.4000000e+02   7.7814075e+00
   5.5000000e+02   7.8393652e+00
   5.6000000e+02   7.8201398e+00
   5.7000000e+02   7.8834272e+00
   5.8000000e+02   7.8420536e+00
   5.9000000e+02   7.8570897e+00
   6.0000000e+02   7.9073376e+00
   6.1000000e+02   7.9269824e+00
   6.2000000e+02   7.9347720e+00
   6.3000000e+02   7.9017551e+00
   6.4000000e+02   7.8757715e+00
   6.5000000e+02   7.8517929e+00
   6.6000000e+02   7.8446255e+00
   6.7000000e+02   7.8042343e+00
   6.8000000e+02   7.7604887e+00
   6.9000000e+02   7.6337941e+00
   7.0000000e+02   7.5297422e+00
   7.1000000e+02   7.3798263e+00
   7.2000000e+02   7.3075092e+00
   7.3000000e+02   7.2217203e+00
   7.4000000e+02   7.0629578e+00
   7.5000000e+02   6.9457411e+00
   7.6000000e+02   6.8346838e+00
   7.7000000e+02   6.7303029e+00
   7.8000000e+02   6.5876286e+00
   7.9000000e+02   6.4238153e+00
   8.0000000e+02   6.2970802e+00
   8.1000000e+02   6.1564752e+00
   8.2000000e+02   5.8970795e+00
   8.3000000e+02   5.7389439e+00
   8.4000000e+02   5.4868673e+00
   8.5000000e+02   5.3107743e+00
   8.6000000e+02   5.1496481e+00
   8.7000000e+02   5.0069431e+00
   8.8000000e+02   4.8730143e+00
   8.9000000e+02   4.8336127e+00
   9.0000000e+02   4.7140373e+00
   9.1000000e+02   4.7195762e+00
   9.2000000e+02   4.5886916e+00
   9.3000000e+02   4.6250920e+00
   9.4000000e+02   4.6216092e+00
   9.5000000e+02   4.6874191e+00
   9.6000000e+02   4.7609797e+00
   9.7000000e+02   4.9476611e+00
   9.8000000e+02   5.1509752e+00
   9.9000000e+02   5.4024622e+00
   1.0000000e+03   5.6598918e+00
   1.0100000e+03   5.9166886e+00
   1.0200000e+03   6.1863627e+00
   1.0300000e+03   6.4562728e+00
   1.0400000e+03   6.7009850e+00
   1.0500000e+03   6.8921291e+00
   1.0600000e+03   7.0737057e+00
   1.0700000e+03   7.3027408e+00
   1.0800000e+03   7.4481194e+00
   1.0900000e+03   7.5407020e+00
   1.1000000e+03   7.6510513e+00
   1.1100000e+03   7.8217243e+00
   1.1200000e+03   7.9249526e+00
   1.1300000e+03   8.0115790e+00
   1.1400000e+03   8.0641803e+00
   1.1500000e+03   8.0494482e+00
   1.1600000e+03   8.0344596e+00
   1.1700000e+03   8.0989913e+00
   1.1800000e+03   8.0395606e+00
   1.1900000e+03   7.9725653e+00
   1.2000000e+03   7.8318195e+00
   1.2100000e+03   7.6589907e+00
   1.2200000e+03   7.4405541e+00
   1.2300000e+03   7.2126531e+00
   1.2400000e+03   6.9846827e+00
   1.2500000e+03   6.7469626e+00
   1.2600000e+03   6.6171135e+00
   1.2700000e+03   6.4554309e+00
   1.2800000e+03   6.3187249e+00
   1.2900000e+03   6.2051013e+00
   1.3000000e+03   6.1170503e+00
   1.3100000e+03   5.9718452e+00
   1.3200000e+03   5.8261912e+00
   1.3300000e+03   5.6857741e+00
   1.3400000e+03   5.6284571e+00
   1.3500000e+03   5.6199963e+00
   1.3600000e+03   5.6550201e+00
   1.3700000e+03   5.5993137e+00
   1.3800000e+03   5.5490680e+00
   1.3900000e+03   5.4544327e+00
   1.4000000e+03   5.4761362e+00
   1.4100000e+03   5.4217988e+00
   1.4200000e+03   5.4044071e+00
   1.4300000e+03   5.3891959e+00
   1.4400000e+03   5.3705772e+00
   1.4500000e+03   5.3936137e+00
   1.4600000e+03   5.4646216e+00
   1.4700000e+03   5.6020395e+00
   1.4800000e+03   5.7868184e+00
   1.4900000e+03   5.9483746e+00
   1.5000000e+03   6.0843818e+00
   1.5100000e+03   6.1455779e+00
   1.5200000e+03   6.3236070e+00
   1.5300000e+03   6.3687715e+00
   1.5400000e+03   6.4885895e+00
   1.5500000e+03   6.4606084e+00
   1.5600000e+03   6.5080432e+00
   1.5700000e+03   6.6781311e+00
   1.5800000e+03   6.7616246e+00
   1.5900000e+03   7.1083896e+00
   1.6000000e+03   7.3372189e+00
   1.6100000e+03   7.5179433e+00
   1.6200000e+03   7.6895171e+00
   1.6300000e+03   7.8919448e+00
   1.6400000e+03   8.1355333e+00
   1.6500000e+03   8.3201781e+00
   1.6600000e+03   8.4320697e+00
   1.6700000e+03   8.6166367e+00
   1.6800000e+03   8.7778252e+00
   1.6900000e+03   9.0199432e+00
   1.7000000e+03   9.0062355e+00
   1.7100000e+03   8.8997818e+00
   1.7200000e+03   8.8499790e+00
   1.7300000e+03   8.9021239e+00
   1.7400000e+03   8.7940299e+00
   1.7500000e+03   8.8389721e+00
   1.7600000e+03   8.7074714e+00
   1.7700000e+03   8.7727098e+00
   1.7800000e+03   8.7559372e+00
   1.7900000e+03   8.7499837e+00
   1.8000000e+03   8.6324857e+00
   1.8100000e+03   8.4803866e+00
   1.8200000e+03   8.5033433e+00
   1.8300000e+03   8.3285930e+00
   1.8400000e+03   8.3118002e+00
   1.8500000e+03   8.3429100e+00
   1.8600000e+03   8.3115873e+00
   1.8700000e+03   8.1668430e+00
   1.8800000e+03   8.0653330e+00
   1.8900000e+03   7.8566637e+00
   1.9000000e+03   7.5664793e+00
   1.9100000e+03   7.2375872e+00
   1.9200000e+03   7.0045951e+00
   1.9300000e+03   6.8756706e+00
   1.9400000e+03   6.5616687e+00
   1.9500000e+03   6.3926304e+00
   1.9600000e+03   6.3018484e+00
   1.9700000e+03   6.1963758e+00
   1.9800000e+03   6.1020953e+00
   1.9900000e+03   6.0420326e+00
   2.0000000e+03   6.1075278e+00
   2.0100000e+03   6.2498892e+00
   2.0200000e+03   6.2035131e+00
   2.0300000e+03   6.2666791e+00
   2.0400000e+03   6.2243455e+00
   2.0500000e+03   6.1770389e+00
   2.0600000e+03   6.2103304e+00
   2.0700000e+03   6.1306243e+00
   2.0800000e+03   6.2325733e+00
   2.0900000e+03   6.3914946e+00
   2.1000000e+03   6.6104734e+00
   2.1100000e+03   6.6650394e+00
   2.1200000e+03   6.9422256e+00
   2.1300000e+03   6.9875421e+00
   2.1400000e+03   6.9998981e+00
   2.1500000e+03   7.1596488e+00
   2.1600000e+03   7.0791372e+00
   2.1700000e+03   7.2250217e+00
   2.1800000e+03   7.3228405e+00
   2.1900000e+03   7.4052000e+00
   2.2000000e+03   7.4534502e+00
   2.2100000e+03   7.5889709e+00
   2.2200000e+03   7.6578616e+00
   2.2300000e+03   7.7133267e+00
   2.2400000e+03   7.8829963e+00
   2.2500000e+03   7.8206275e+00
   2.2600000e+03   7.9382514e+00
   2.2700000e+03   8.0349854e+00
   2.2800000e+03   8.1548018e+00
   2.2900000e+03   8.1194111e+00
   2.3000000e+03   8.3613638e+00
   2.3100000e+03   8.4173846e+00
   2.3200000e+03   8.4322089e+00
   2.3300000e+03   8.6074920e+00
   2.3400000e+03   8.6928852e+00
   2.3500000e+03   8.6341049e+00
   2.3600000e+03   8.7632132e+00
   2.3700000e+03   8.9380080e+00
   2.3800000e+03   8.8504896e+00
   2.3900000e+03   8.8514543e+00
   2.4000000e+03   8.8456791e+00
   2.4100000e+03   8.9471970e+00
   2.4200000e+03   8.8093715e+00
   2.4300000e+03   8.9185839e+00
   2.4400000e+03   8.9722766e+00
   2.4500000e+03   8.9448617e+00
   2.4600000e+03   9.0860299e+00
   2.4700000e+03   9.2700626e+00
   2.4800000e+03   9.2375341e+00
   2.4900000e+03   9.1811624e+00
   2.5000000e+03   9.2104941e+00
   2.5100000e+03   9.3680931e+00
   2.5200000e+03   9.3220489e+00
   2.5300000e+03   9.4521844e+00
   2.5400000e+03   9.5901471e+00
   2.5500000e+03   9.6689372e+00
   2.5600000e+03   9.7969424e+00
   2.5700000e+03   9.9344850e+00
   2.5800000e+03   1.0009831e+01
   2.5900000e+03   9.9674150e+00
   2.6000000e+03   1.0034970e+01
   2.6100000e+03   9.9622869e+00
   2.6200000e+03   9.9709528e+00
   2.6300000e+03   9.9582867e+00
   2.6400000e+03   1.0020290e+01
   2.6500000e+03   1.0017316e+01
   2.6600000e+03   9.9652027e+00
   2.6700000e+03   9.9664280e+00
   2.6800000e+03   9.8541839e+00
   2.6900000e+03   9.9898819e+00
   2.7000000e+03   9.7722268e+00
   2.7100000e+03   9.6193264e+00
   2.7200000e+03   9.5961277e+00
   2.7300000e+03   9.2585621e+00
   2.7400000e+03   9.0513559e+00
   2.7500000e+03   8.9461146e+00
   2.7600000e+03   8.7812119e+00
   2.7700000e+03   8.6651104e+00
   2.7800000e+03   8.5556725e+00
   2.7900000e+03   8.3427763e+00
   2.8000000e+03   8.1885000e+00
   2.8100000e+03   8.0385072e+00
   2.8200000e+03   7.9033570e+00
   2.8300000e+03   7.8249539e+00
   2.8400000e+03   7.7286058e+00
   2.8500000e+03   7.6332686e+00
   2.8600000e+03   7.6143878e+00
   2.8700000e+03   7.6301296e+00
   2.8800000e+03   7.7318165e+00
   2.8900000e+03   7.8313106e+00
   2.9000000e+03   7.9284288e+00
   2.9100000e+03   7.9907885e+00
   2.9200000e+03   8.1593612e+00
   2.9300000e+03   8.2884812e+00
   2.9400000e+03   8.3718506e+00
   2.9500000e+03   8.3662958e+00
   2.9600000e+03   8.4174604e+00
   2.9700000e+03   8.5256232e+00
   2.9800000e+03   8.7849046e+00
   2.9900000e+03   8.7860529e+00
   3.0000000e+03   8.8684170e+00
   3.0100000e+03   8.8914896e+00
   3.0200000e+03   8.9827509e+00
   3.0300000e+03   9.0103410e+00
   3.0400000e+03   9.0124216e+00
   3.0500000e+03   8.9166484e+00
   3.0600000e+03   8.9507423e+00
   3.0700000e+03   8.9175333e+00
   3.0800000e+03   8.9698469e+00
   3.0900000e+03   8.9857866e+00
   3.1000000e+03   8.9779508e+00
   3.1100000e+03   9.0043523e+00
   3.1200000e+03   9.0513416e+00
   3.1300000e+03   9.0619660e+00
   3.1400000e+03   8.9301267e+00
   3.1500000e+03   8.9519319e+00
   3.1600000e+03   8.8655005e+00
   3.1700000e+03   8.9525549e+00
   3.1800000e+03   8.9306567e+00
   3.1900000e+03   8.9451857e+00
   3.2000000e+03   9.0026728e+00
   3.2100000e+03   9.0576297e+00
   3.2200000e+03   9.0533876e+00
   3.2300000e+03   9.0368771e+00
   3.2400000e+03   9.0048143e+00
   3.2500000e+03   8.9621763e+00
   3.2600000e+03   8.8917726e+00
   3.2700000e+03   8.9312665e+00
   3.2800000e+03   8.9727290e+00
   3.2900000e+03   8.9728862e+00
   3.3000000e+03   9.0672073e+00
   3.3100000e+03   9.1902033e+00
   3.3200000e+03   9.3489270e+00
   3.3300000e+03   9.3920209e+00
   3.3400000e+03   9.4383096e+00
   3.3500000e+03   9.3758218e+00
   3.3600000e+03   9.3232902e+00
   3.3700000e+03   9.2918064e+00
   3.3800000e+03   9.3127505e+00
   3.3900000e+03   9.2025056e+00
   3.4000000e+03   9.2078427e+00
   3.4100000e+03   9.1594136e+00
   3.4200000e+03   9.1749552e+00
   3.4300000e+03   9.2219953e+00
   3.4400000e+03   9.1195294e+00
   3.4500000e+03   9.1028939e+00
   3.4600000e+03   8.9374703e+00
   3.4700000e+03   8.9850725e+00
   3.4800000e+03   8.7950637e+00
   3.4900000e+03   8.6418911e+00
