   0.0000000e+00   1.9687261e+01
   1.0000000e+01   1.9675516e+01
   2.0000000e+01   1.9687117e+01
   3.0000000e+01   1.9676242e+01
   4.0000000e+01   1.9677032e+01
   5.0000000e+01   1.9681337e+01
   6.0000000e+01   1.9640195e+01
   7.0000000e+01   1.9684314e+01
   8.0000000e+01   1.9679563e+01
   9.0000000e+01   1.9541567e+01
   1.0000000e+02   1.9279082e+01
   1.1000000e+02   1.8964887e+01
   1.2000000e+02   1.8652147e+01
   1.3000000e+02   1.8329777e+01
   1.4000000e+02   1.7995357e+01
   1.5000000e+02   1.7726958e+01
   1.6000000e+02   1.7451201e+01
   1.7000000e+02   1.7180182e+01
   1.8000000e+02   1.6973479e+01
   1.9000000e+02   1.6755374e+01
   2.0000000e+02   1.6584937e+01
   2.1000000e+02   1.6412194e+01
   2.2000000e+02   1.6225559e+01
   2.3000000e+02   1.6023614e+01
   2.4000000e+02   1.5782735e+01
   2.5000000e+02   1.5582120e+01
   2.6000000e+02   1.5330828e+01
   2.7000000e+02   1.5140115e+01
   2.8000000e+02   1.4925612e+01
   2.9000000e+02   1.4774569e+01
   3.0000000e+02   1.4633971e+01
   3.1000000e+02   1.4536175e+01
   3.2000000e+02   1.4426765e+01
   3.3000000e+02   1.4285396e+01
   3.4000000e+02   1.4174858e+01
   3.5000000e+02   1.4053781e+01
   3.6000000e+02   1.3944436e+01
   3.7000000e+02   1.3820267e+01
   3.8000000e+02   1.3754081e+01
   3.9000000e+02   1.3711555e+01
   4.0000000e+02   1.3712174e+01
   4.1000000e+02   1.3703287e+01
   4.2000000e+02   1.3722234e+01
   4.3000000e+02   1.3728445e+01
   4.4000000e+02   1.3722166e+01
   4.5000000e+02   1.3695484e+01
   4.6000000e+02   1.3596910e+01
   4.7000000e+02   1.3528280e+01
   4.8000000e+02   1.3440278e+01
   4.9000000e+02   1.3391712e+01
   5.0000000e+02   1.3355489e+01
   5.1000000e+02   1.3358595e+01
   5.2000000e+02   1.3328481e+01
   5.3000000e+02   1.3298064e+01
   5.4000000e+02   1.3307650e+01
   5.5000000e+02   1.3254063e+01
   5.6000000e+02   1.3187808e+01
   5.7000000e+02   1.3185019e+01
   5.8000000e+02   1.3164342e+01
   5.9000000e+02   1.3109234e+01
   6.0000000e+02   1.3028746e+01
   6.1000000e+02   1.2978997e+01
   6.2000000e+02   1.2934016e+01
   6.3000000e+02   1.2910147e+01
   6.4000000e+02   1.2910166e+01
   6.5000000e+02   1.2862375e+01
   6.6000000e+02   1.2876548e+01
   6.7000000e+02   1.2908100e+01
   6.8000000e+02   1.2953493e+01
   6.9000000e+02   1.2989010e+01
   7.0000000e+02   1.3057230e+01
   7.1000000e+02   1.3115857e+01
   7.2000000e+02   1.3150993e+01
   7.3000000e+02   1.3184151e+01
   7.4000000e+02   1.3207561e+01
   7.5000000e+02   1.3236440e+01
   7.6000000e+02   1.3306948e+01
   7.7000000e+02   1.3325308e+01
   7.8000000e+02   1.3362254e+01
   7.9000000e+02   1.3365985e+01
   8.0000000e+02   1.3403010e+01
   8.1000000e+02   1.3427435e+01
   8.2000000e+02   1.3475088e+01
   8.3000000e+02   1.3530986e+01
   8.4000000e+02   1.3527692e+01
   8.5000000e+02   1.3588106e+01
   8.6000000e+02   1.3569369e+01
   8.7000000e+02   1.3596712e+01
   8.8000000e+02   1.3589861e+01
   8.9000000e+02   1.3491445e+01
   9.0000000e+02   1.3397586e+01
   9.1000000e+02   1.3316795e+01
   9.2000000e+02   1.3254140e+01
   9.3000000e+02   1.3263618e+01
   9.4000000e+02   1.3151597e+01
   9.5000000e+02   1.3038456e+01
   9.6000000e+02   1.2941284e+01
   9.7000000e+02   1.2849288e+01
   9.8000000e+02   1.2751986e+01
   9.9000000e+02   1.2657944e+01
   1.0000000e+03   1.2518478e+01
   1.0100000e+03   1.2430141e+01
   1.0200000e+03   1.2319466e+01
   1.0300000e+03   1.2252194e+01
   1.0400000e+03   1.2180704e+01
   1.0500000e+03   1.2112860e+01
   1.0600000e+03   1.2098745e+01
   1.0700000e+03   1.2074205e+01
   1.0800000e+03   1.2071521e+01
   1.0900000e+03   1.2079721e+01
   1.1000000e+03   1.2101723e+01
   1.1100000e+03   1.2154987e+01
   1.1200000e+03   1.2110391e+01
   1.1300000e+03   1.2159901e+01
   1.1400000e+03   1.2225052e+01
   1.1500000e+03   1.2290745e+01
   1.1600000e+03   1.2371320e+01
   1.1700000e+03   1.2438527e+01
   1.1800000e+03   1.2500419e+01
   1.1900000e+03   1.2564671e+01
   1.2000000e+03   1.2680285e+01
   1.2100000e+03   1.2797448e+01
   1.2200000e+03   1.2948837e+01
   1.2300000e+03   1.3038290e+01
   1.2400000e+03   1.3080911e+01
   1.2500000e+03   1.3129093e+01
   1.2600000e+03   1.3135227e+01
   1.2700000e+03   1.3137614e+01
   1.2800000e+03   1.3130335e+01
   1.2900000e+03   1.3117753e+01
   1.3000000e+03   1.3077925e+01
   1.3100000e+03   1.3047200e+01
   1.3200000e+03   1.3046313e+01
   1.3300000e+03   1.3033503e+01
   1.3400000e+03   1.3016604e+01
   1.3500000e+03   1.2964510e+01
   1.3600000e+03   1.2903001e+01
   1.3700000e+03   1.2823681e+01
   1.3800000e+03   1.2810432e+01
   1.3900000e+03   1.2792649e+01
   1.4000000e+03   1.2808046e+01
   1.4100000e+03   1.2742690e+01
   1.4200000e+03   1.2676213e+01
   1.4300000e+03   1.2658289e+01
   1.4400000e+03   1.2635992e+01
   1.4500000e+03   1.2608710e+01
   1.4600000e+03   1.2583292e+01
   1.4700000e+03   1.2538539e+01
   1.4800000e+03   1.2440085e+01
   1.4900000e+03   1.2369209e+01
   1.5000000e+03   1.2280219e+01
   1.5100000e+03   1.2183880e+01
   1.5200000e+03   1.2158129e+01
   1.5300000e+03   1.2119915e+01
   1.5400000e+03   1.2077040e+01
   1.5500000e+03   1.2046647e+01
   1.5600000e+03   1.2050345e+01
   1.5700000e+03   1.2077203e+01
   1.5800000e+03   1.2088026e+01
   1.5900000e+03   1.2130111e+01
   1.6000000e+03   1.2081604e+01
   1.6100000e+03   1.2029887e+01
   1.6200000e+03   1.1985712e+01
   1.6300000e+03   1.1970246e+01
   1.6400000e+03   1.1962721e+01
   1.6500000e+03   1.1955657e+01
   1.6600000e+03   1.1970449e+01
   1.6700000e+03   1.2004136e+01
   1.6800000e+03   1.2016958e+01
   1.6900000e+03   1.2038907e+01
   1.7000000e+03   1.1995651e+01
   1.7100000e+03   1.1973261e+01
   1.7200000e+03   1.2171869e+01
   1.7300000e+03   1.2276206e+01
   1.7400000e+03   1.2361434e+01
   1.7500000e+03   1.2430037e+01
   1.7600000e+03   1.2504594e+01
   1.7700000e+03   1.2579542e+01
   1.7800000e+03   1.2617522e+01
   1.7900000e+03   1.2648527e+01
   1.8000000e+03   1.2633152e+01
   1.8100000e+03   1.2642840e+01
   1.8200000e+03   1.2701729e+01
   1.8300000e+03   1.2719477e+01
   1.8400000e+03   1.2704102e+01
   1.8500000e+03   1.2712779e+01
   1.8600000e+03   1.2701790e+01
   1.8700000e+03   1.2698009e+01
   1.8800000e+03   1.2710997e+01
   1.8900000e+03   1.2703569e+01
   1.9000000e+03   1.2753211e+01
   1.9100000e+03   1.2834580e+01
   1.9200000e+03   1.2909386e+01
   1.9300000e+03   1.2987920e+01
   1.9400000e+03   1.3018639e+01
   1.9500000e+03   1.3046903e+01
   1.9600000e+03   1.3071599e+01
   1.9700000e+03   1.3024638e+01
   1.9800000e+03   1.2982706e+01
   1.9900000e+03   1.2966037e+01
   2.0000000e+03   1.2903657e+01
   2.0100000e+03   1.2789927e+01
   2.0200000e+03   1.2677142e+01
   2.0300000e+03   1.2638495e+01
   2.0400000e+03   1.2566357e+01
   2.0500000e+03   1.2529957e+01
   2.0600000e+03   1.2525170e+01
   2.0700000e+03   1.2537090e+01
   2.0800000e+03   1.2578400e+01
   2.0900000e+03   1.2519610e+01
   2.1000000e+03   1.2450516e+01
   2.1100000e+03   1.2386650e+01
   2.1200000e+03   1.2343636e+01
   2.1300000e+03   1.2239440e+01
   2.1400000e+03   1.2205808e+01
   2.1500000e+03   1.2220420e+01
   2.1600000e+03   1.2184392e+01
   2.1700000e+03   1.2245795e+01
   2.1800000e+03   1.2268128e+01
   2.1900000e+03   1.2232653e+01
   2.2000000e+03   1.2213687e+01
   2.2100000e+03   1.2243682e+01
   2.2200000e+03   1.2227911e+01
   2.2300000e+03   1.2204144e+01
   2.2400000e+03   1.2220753e+01
   2.2500000e+03   1.2198378e+01
   2.2600000e+03   1.2163934e+01
   2.2700000e+03   1.2197583e+01
   2.2800000e+03   1.2184955e+01
   2.2900000e+03   1.2189653e+01
   2.3000000e+03   1.2260673e+01
   2.3100000e+03   1.2201394e+01
   2.3200000e+03   1.2188452e+01
   2.3300000e+03   1.2203409e+01
   2.3400000e+03   1.2214678e+01
   2.3500000e+03   1.2238295e+01
   2.3600000e+03   1.2233288e+01
   2.3700000e+03   1.2318631e+01
   2.3800000e+03   1.2268844e+01
   2.3900000e+03   1.2227418e+01
   2.4000000e+03   1.2282841e+01
   2.4100000e+03   1.2308840e+01
   2.4200000e+03   1.2301962e+01
   2.4300000e+03   1.2283336e+01
   2.4400000e+03   1.2355225e+01
   2.4500000e+03   1.2403621e+01
   2.4600000e+03   1.2398762e+01
   2.4700000e+03   1.2416406e+01
   2.4800000e+03   1.2315637e+01
   2.4900000e+03   1.2303456e+01
   2.5000000e+03   1.2295681e+01
   2.5100000e+03   1.2345956e+01
   2.5200000e+03   1.2390599e+01
   2.5300000e+03   1.2453578e+01
   2.5400000e+03   1.2521013e+01
   2.5500000e+03   1.2445995e+01
   2.5600000e+03   1.2432775e+01
   2.5700000e+03   1.2441126e+01
   2.5800000e+03   1.2424605e+01
   2.5900000e+03   1.2466143e+01
   2.6000000e+03   1.2475965e+01
   2.6100000e+03   1.2486100e+01
   2.6200000e+03   1.2531929e+01
   2.6300000e+03   1.2562642e+01
   2.6400000e+03   1.2598745e+01
   2.6500000e+03   1.2576861e+01
   2.6600000e+03   1.2606228e+01
   2.6700000e+03   1.2635190e+01
   2.6800000e+03   1.2682074e+01
   2.6900000e+03   1.2712784e+01
   2.7000000e+03   1.2657426e+01
   2.7100000e+03   1.2650297e+01
   2.7200000e+03   1.2730893e+01
   2.7300000e+03   1.2817509e+01
   2.7400000e+03   1.2856275e+01
   2.7500000e+03   1.2941087e+01
   2.7600000e+03   1.3007857e+01
   2.7700000e+03   1.3032321e+01
   2.7800000e+03   1.3069134e+01
   2.7900000e+03   1.3050344e+01
   2.8000000e+03   1.3063690e+01
   2.8100000e+03   1.3086284e+01
   2.8200000e+03   1.3111578e+01
   2.8300000e+03   1.3124685e+01
   2.8400000e+03   1.3168540e+01
   2.8500000e+03   1.3170582e+01
   2.8600000e+03   1.3185011e+01
   2.8700000e+03   1.3197211e+01
   2.8800000e+03   1.3115204e+01
   2.8900000e+03   1.3010956e+01
   2.9000000e+03   1.2928760e+01
   2.9100000e+03   1.2880090e+01
   2.9200000e+03   1.2843690e+01
   2.9300000e+03   1.2822334e+01
   2.9400000e+03   1.2791463e+01
   2.9500000e+03   1.2757190e+01
   2.9600000e+03   1.2747048e+01
   2.9700000e+03   1.2786483e+01
   2.9800000e+03   1.2747026e+01
   2.9900000e+03   1.2675751e+01
   3.0000000e+03   1.2674180e+01
   3.0100000e+03   1.2708504e+01
   3.0200000e+03   1.2712229e+01
   3.0300000e+03   1.2702453e+01
   3.0400000e+03   1.2744157e+01
   3.0500000e+03   1.2751230e+01
   3.0600000e+03   1.2826067e+01
   3.0700000e+03   1.2862525e+01
   3.0800000e+03   1.2912032e+01
   3.0900000e+03   1.2947511e+01
   3.1000000e+03   1.2968915e+01
   3.1100000e+03   1.2985416e+01
   3.1200000e+03   1.2997392e+01
   3.1300000e+03   1.3010718e+01
   3.1400000e+03   1.3000578e+01
   3.1500000e+03   1.2997284e+01
   3.1600000e+03   1.3014523e+01
   3.1700000e+03   1.3036339e+01
   3.1800000e+03   1.3024402e+01
   3.1900000e+03   1.3021189e+01
   3.2000000e+03   1.3025866e+01
   3.2100000e+03   1.3017736e+01
   3.2200000e+03   1.2977574e+01
   3.2300000e+03   1.2968066e+01
   3.2400000e+03   1.2987748e+01
   3.2500000e+03   1.2982511e+01
   3.2600000e+03   1.3015985e+01
   3.2700000e+03   1.3017102e+01
   3.2800000e+03   1.2942433e+01
   3.2900000e+03   1.2924194e+01
   3.3000000e+03   1.2912395e+01
   3.3100000e+03   1.2919880e+01
   3.3200000e+03   1.2940299e+01
   3.3300000e+03   1.2863570e+01
   3.3400000e+03   1.2798927e+01
   3.3500000e+03   1.2762605e+01
   3.3600000e+03   1.2786221e+01
   3.3700000e+03   1.2785288e+01
   3.3800000e+03   1.2810708e+01
   3.3900000e+03   1.2826611e+01
   3.4000000e+03   1.2862297e+01
   3.4100000e+03   1.2879829e+01
   3.4200000e+03   1.2862274e+01
   3.4300000e+03   1.2819811e+01
   3.4400000e+03   1.2770939e+01
   3.4500000e+03   1.2755246e+01
   3.4600000e+03   1.2769299e+01
   3.4700000e+03   1.2773277e+01
   3.4800000e+03   1.2810422e+01
   3.4900000e+03   1.2808750e+01
