   0.0000000e+00   1.1130158e-02
   1.0000000e+01  -1.5217253e-03
   2.0000000e+01   2.6571820e-03
   3.0000000e+01  -5.4506330e-03
   4.0000000e+01  -6.1417049e-04
   5.0000000e+01  -1.5620813e-03
   6.0000000e+01  -5.6966491e-03
   7.0000000e+01   1.8342265e-02
   8.0000000e+01   3.3434676e+00
   9.0000000e+01   1.2635721e+00
   1.0000000e+02   1.1216875e+00
   1.1000000e+02   2.0122281e+00
   1.2000000e+02   1.6165700e+00
   1.3000000e+02   1.4316988e+00
   1.4000000e+02   1.4849163e+00
   1.5000000e+02   1.4232057e+00
   1.6000000e+02   1.5691715e+00
   1.7000000e+02   1.5278161e+00
   1.8000000e+02   1.3889043e+00
   1.9000000e+02   1.7361957e+00
   2.0000000e+02   1.7754352e+00
   2.1000000e+02   1.7150992e+00
   2.2000000e+02   2.0267332e+00
   2.3000000e+02   2.1351294e+00
   2.4000000e+02   2.3119548e+00
   2.5000000e+02   2.2863434e+00
   2.6000000e+02   1.6632878e+00
   2.7000000e+02   1.8123051e+00
   2.8000000e+02   1.8432836e+00
   2.9000000e+02   1.9403702e+00
   3.0000000e+02   2.1173661e+00
   3.1000000e+02   1.9834709e+00
   3.2000000e+02   2.1155944e+00
   3.3000000e+02   2.2838996e+00
   3.4000000e+02   2.0282192e+00
   3.5000000e+02   1.9686916e+00
   3.6000000e+02   2.1332271e+00
   3.7000000e+02   2.6748605e+00
   3.8000000e+02   2.4233843e+00
   3.9000000e+02   2.5048168e+00
   4.0000000e+02   2.4466521e+00
   4.1000000e+02   3.1526219e+00
   4.2000000e+02   1.9471427e+00
   4.3000000e+02   1.9261488e+00
   4.4000000e+02   4.6262345e+00
   4.5000000e+02   8.5905506e+00
   4.6000000e+02   3.5989920e+00
   4.7000000e+02   9.4792448e+00
   4.8000000e+02   1.7646257e+01
   4.9000000e+02   2.4321558e+01
   5.0000000e+02   3.1793371e+01
   5.1000000e+02   1.1695682e+01
   5.2000000e+02   6.5641057e+00
   5.3000000e+02   1.5424080e+01
   5.4000000e+02   1.1430281e+01
   5.5000000e+02   2.2457183e+00
   5.6000000e+02   4.0412695e+00
   5.7000000e+02   3.0606826e+00
   5.8000000e+02   3.6498483e+00
   5.9000000e+02   7.5899493e+00
   6.0000000e+02   5.7151204e+00
   6.1000000e+02   3.6338617e+00
   6.2000000e+02   3.6538704e+00
   6.3000000e+02   3.0591580e+00
   6.4000000e+02   2.3581582e+00
   6.5000000e+02   3.2582783e+00
   6.6000000e+02   7.2686879e+00
   6.7000000e+02   4.8371291e+00
   6.8000000e+02   4.2193490e+00
   6.9000000e+02   8.3756404e+00
   7.0000000e+02   5.0048714e+00
   7.1000000e+02   5.3949154e+00
   7.2000000e+02   5.6903081e+00
   7.3000000e+02   6.6409556e+00
   7.4000000e+02   5.2337599e+00
   7.5000000e+02   7.8975306e+00
   7.6000000e+02   9.6005033e+00
   7.7000000e+02   1.2285949e+01
   7.8000000e+02   7.7199665e+00
   7.9000000e+02   6.6724711e+00
   8.0000000e+02   1.0510752e+01
   8.1000000e+02   7.5139867e+00
   8.2000000e+02   1.8153997e+01
   8.3000000e+02   1.5652023e+01
   8.4000000e+02   1.3532991e+01
   8.5000000e+02   1.1325385e+01
   8.6000000e+02   7.8451380e+00
   8.7000000e+02   1.1846773e+01
   8.8000000e+02   1.5535161e+01
   8.9000000e+02   1.8714103e+01
   9.0000000e+02   1.3457619e+01
   9.1000000e+02   1.2711704e+01
   9.2000000e+02   1.0644124e+01
   9.3000000e+02   2.6583320e+01
   9.4000000e+02   1.5729098e+01
   9.5000000e+02   8.1817277e+00
   9.6000000e+02   1.6290113e+01
   9.7000000e+02   9.4511807e+00
   9.8000000e+02   7.5854512e+00
   9.9000000e+02   8.1066158e+00
   1.0000000e+03   7.8803253e+00
   1.0100000e+03   9.4218570e+00
   1.0200000e+03   1.4195925e+01
   1.0300000e+03   9.5149459e+00
   1.0400000e+03   9.1648700e+00
   1.0500000e+03   1.2191038e+01
   1.0600000e+03   6.1016448e+00
   1.0700000e+03   9.5724907e+00
   1.0800000e+03   1.0859039e+01
   1.0900000e+03   6.2610296e+00
   1.1000000e+03   8.9648389e+00
   1.1100000e+03   8.5533264e+00
   1.1200000e+03   1.6790512e+01
   1.1300000e+03   2.9213170e+01
   1.1400000e+03   1.0624051e+01
   1.1500000e+03   1.5359567e+01
   1.1600000e+03   7.8744728e+00
   1.1700000e+03   1.9928879e+01
   1.1800000e+03   1.4694851e+01
   1.1900000e+03   7.8341629e+00
   1.2000000e+03   1.2424763e+01
   1.2100000e+03   9.8531291e+00
   1.2200000e+03   1.4074961e+01
   1.2300000e+03   1.1646443e+01
   1.2400000e+03   1.2759131e+01
   1.2500000e+03   1.5242048e+01
   1.2600000e+03   1.9151586e+01
   1.2700000e+03   1.6865842e+01
   1.2800000e+03   9.7100707e+00
   1.2900000e+03   1.1060829e+01
   1.3000000e+03   1.2517117e+01
   1.3100000e+03   2.0430145e+01
   1.3200000e+03   2.1703092e+01
   1.3300000e+03   2.4137621e+01
   1.3400000e+03   1.7623846e+01
   1.3500000e+03   1.4554617e+01
   1.3600000e+03   2.0676308e+01
   1.3700000e+03   1.1587856e+01
   1.3800000e+03   2.1571207e+01
   1.3900000e+03   1.7156706e+01
   1.4000000e+03   1.8431190e+01
   1.4100000e+03   1.8577197e+01
   1.4200000e+03   1.8296654e+01
   1.4300000e+03   1.4979161e+01
   1.4400000e+03   1.6785362e+01
   1.4500000e+03   1.3784964e+01
   1.4600000e+03   1.7979433e+01
   1.4700000e+03   2.0078635e+01
   1.4800000e+03   1.2652647e+01
   1.4900000e+03   1.9432284e+01
   1.5000000e+03   2.1226222e+01
   1.5100000e+03   1.4592285e+01
   1.5200000e+03   1.4292457e+01
   1.5300000e+03   2.1925035e+01
   1.5400000e+03   1.3675539e+01
   1.5500000e+03   7.7150423e+00
   1.5600000e+03   8.5377375e+00
   1.5700000e+03   8.6441688e+00
   1.5800000e+03   8.6747867e+00
   1.5900000e+03   1.2697751e+01
   1.6000000e+03   1.5025815e+01
   1.6100000e+03   1.5265639e+01
   1.6200000e+03   8.8307661e+00
   1.6300000e+03   1.3338668e+01
   1.6400000e+03   1.5035486e+01
   1.6500000e+03   1.4650357e+01
   1.6600000e+03   7.8070749e+00
   1.6700000e+03   1.2134542e+01
   1.6800000e+03   2.3326559e+01
   1.6900000e+03   1.1093670e+01
   1.7000000e+03   5.5945944e+00
   1.7100000e+03   5.0147749e+01
   1.7200000e+03   5.3795370e+00
   1.7300000e+03   1.9998816e+01
   1.7400000e+03   2.3337320e+01
   1.7500000e+03   1.1765425e+01
   1.7600000e+03   4.8404546e+01
   1.7700000e+03   1.3460556e+01
   1.7800000e+03   2.0132280e+01
   1.7900000e+03   1.0717863e+01
   1.8000000e+03   2.5731686e+00
   1.8100000e+03   5.0433189e+01
   1.8200000e+03   2.3697148e+01
   1.8300000e+03   1.5141606e+01
   1.8400000e+03   9.3382764e+00
   1.8500000e+03   1.9530860e+01
   1.8600000e+03   1.1189064e+01
   1.8700000e+03   4.3482856e+00
   1.8800000e+03   3.5612275e+00
   1.8900000e+03   4.2142867e+00
   1.9000000e+03   1.7155328e+01
   1.9100000e+03   2.3827551e+00
   1.9200000e+03   2.3524001e+00
   1.9300000e+03   2.4147958e+00
   1.9400000e+03   3.2650629e+00
   1.9500000e+03   2.6150021e+00
   1.9600000e+03   3.7060807e+00
   1.9700000e+03   1.7841512e+01
   1.9800000e+03   1.9175331e+01
   1.9900000e+03   1.5947802e+01
   2.0000000e+03   9.0487495e+00
   2.0100000e+03   1.4748702e+01
   2.0200000e+03   4.5499051e+00
   2.0300000e+03   1.6468431e+01
   2.0400000e+03   7.0209884e+00
   2.0500000e+03   1.7211658e+01
   2.0600000e+03   2.0008701e+01
   2.0700000e+03   1.6207194e+01
   2.0800000e+03   1.6504550e+01
   2.0900000e+03   1.8691899e+01
   2.1000000e+03   2.0008631e+01
   2.1100000e+03   1.5919569e+01
   2.1200000e+03   2.0243299e+01
   2.1300000e+03   2.2428234e+01
   2.1400000e+03   1.6573813e+01
   2.1500000e+03   1.3570359e+01
   2.1600000e+03   1.9925591e+01
   2.1700000e+03   1.1051502e+01
   2.1800000e+03   5.2118672e+00
   2.1900000e+03   4.1755656e+00
   2.2000000e+03   3.3392253e+00
   2.2100000e+03   3.8705668e+00
   2.2200000e+03   2.8648359e+00
   2.2300000e+03   3.1305370e+00
   2.2400000e+03   2.7455023e+00
   2.2500000e+03   4.7977241e+00
   2.2600000e+03   3.0183972e+00
   2.2700000e+03   2.6711914e+00
   2.2800000e+03   3.7472869e+00
   2.2900000e+03   4.7077132e+00
   2.3000000e+03   3.6893667e+00
   2.3100000e+03   4.7461844e+00
   2.3200000e+03   3.0847424e+00
   2.3300000e+03   8.9848407e+00
   2.3400000e+03   5.1938130e+00
   2.3500000e+03   1.0904961e+01
   2.3600000e+03   5.1516448e+00
   2.3700000e+03   1.3690806e+01
   2.3800000e+03   1.3160973e+01
   2.3900000e+03   2.3852269e+01
   2.4000000e+03   1.7718264e+01
   2.4100000e+03   1.6058780e+01
   2.4200000e+03   2.3127431e+01
   2.4300000e+03   7.5271878e+00
   2.4400000e+03   2.2599460e+01
   2.4500000e+03   2.0233001e+01
   2.4600000e+03   6.5232106e+00
   2.4700000e+03   1.4722879e+01
   2.4800000e+03   6.5248911e+00
   2.4900000e+03   3.6556992e+00
   2.5000000e+03   3.5635803e+00
   2.5100000e+03   5.0092971e+00
   2.5200000e+03   4.8322081e+00
   2.5300000e+03   1.0272837e+01
   2.5400000e+03   1.0513723e+01
   2.5500000e+03   8.6150126e+00
   2.5600000e+03   4.4190667e+00
   2.5700000e+03   5.9132709e+00
   2.5800000e+03   2.2855235e+01
   2.5900000e+03   6.6232218e+00
   2.6000000e+03   1.5590809e+01
   2.6100000e+03   1.1568747e+01
   2.6200000e+03   2.1401827e+01
   2.6300000e+03   1.9990377e+01
   2.6400000e+03   1.8556121e+01
   2.6500000e+03   1.8472882e+01
   2.6600000e+03   1.7504024e+01
   2.6700000e+03   2.1448058e+01
   2.6800000e+03   1.3560858e+01
   2.6900000e+03   2.5164132e+01
   2.7000000e+03   1.9599634e+01
   2.7100000e+03   1.9404884e+01
   2.7200000e+03   1.8608947e+01
   2.7300000e+03   1.8208093e+01
   2.7400000e+03   2.3070968e+01
   2.7500000e+03   2.0361260e+01
   2.7600000e+03   2.0915168e+01
   2.7700000e+03   3.9778336e+01
   2.7800000e+03   2.5553342e+01
   2.7900000e+03   2.1951349e+01
   2.8000000e+03   2.7475542e+01
   2.8100000e+03   3.0298345e+01
   2.8200000e+03   2.6631678e+01
   2.8300000e+03   2.3269968e+01
   2.8400000e+03   4.2300120e+01
   2.8500000e+03   2.6084863e+01
   2.8600000e+03   1.9122177e+01
   2.8700000e+03   5.1043360e+01
   2.8800000e+03   2.2851887e+01
   2.8900000e+03   2.1669110e+01
   2.9000000e+03   2.4630875e+01
   2.9100000e+03   2.4223031e+01
   2.9200000e+03   2.8594307e+01
   2.9300000e+03   2.7810830e+01
   2.9400000e+03   3.0487635e+01
   2.9500000e+03   2.5275910e+01
   2.9600000e+03   2.0399292e+01
   2.9700000e+03   1.9569245e+01
   2.9800000e+03   1.9652899e+01
   2.9900000e+03   3.2129663e+01
   3.0000000e+03   5.4764882e+01
   3.0100000e+03   2.0586516e+01
   3.0200000e+03   2.7564080e+01
   3.0300000e+03   2.1932017e+01
   3.0400000e+03   2.1584516e+01
   3.0500000e+03   2.0751385e+01
   3.0600000e+03   5.6435708e+01
   3.0700000e+03   2.4899541e+01
   3.0800000e+03   3.2607926e+01
   3.0900000e+03   1.8990345e+01
   3.1000000e+03   1.7658371e+01
   3.1100000e+03   1.6920592e+01
   3.1200000e+03   1.7856433e+01
   3.1300000e+03   1.8442390e+01
   3.1400000e+03   1.9852379e+01
   3.1500000e+03   2.0929791e+01
   3.1600000e+03   1.7282531e+01
   3.1700000e+03   2.4531897e+01
   3.1800000e+03   1.9662651e+01
   3.1900000e+03   2.0822930e+01
   3.2000000e+03   1.6402917e+01
   3.2100000e+03   1.9229493e+01
   3.2200000e+03   1.8252671e+01
   3.2300000e+03   2.0858434e+01
   3.2400000e+03   2.7335951e+01
   3.2500000e+03   1.9665631e+01
   3.2600000e+03   2.3948461e+01
   3.2700000e+03   2.0098450e+01
   3.2800000e+03   1.8356542e+01
   3.2900000e+03   1.6586017e+01
   3.3000000e+03   1.8622564e+01
   3.3100000e+03   1.7114191e+01
   3.3200000e+03   1.9528807e+01
   3.3300000e+03   2.7162133e+01
   3.3400000e+03   2.2923877e+01
   3.3500000e+03   1.8160944e+01
   3.3600000e+03   2.0738617e+01
   3.3700000e+03   1.9724633e+01
   3.3800000e+03   2.4659686e+01
   3.3900000e+03   2.6999794e+01
   3.4000000e+03   1.5202482e+01
   3.4100000e+03   2.2691788e+01
   3.4200000e+03   1.7275840e+01
   3.4300000e+03   1.6344735e+01
   3.4400000e+03   3.9879228e+01
   3.4500000e+03   1.8380278e+01
   3.4600000e+03   1.8326772e+01
   3.4700000e+03   2.3542460e+01
   3.4800000e+03   2.5942867e+01
   3.4900000e+03   1.5078290e+01
