   0.0000000e+00   1.7031268e+01
   1.0000000e+01   1.7021179e+01
   2.0000000e+01   1.7035261e+01
   3.0000000e+01   1.7032831e+01
   4.0000000e+01   1.7204736e+01
   5.0000000e+01   1.8483309e+01
   6.0000000e+01   1.9938521e+01
   7.0000000e+01   2.1151025e+01
   8.0000000e+01   2.2389072e+01
   9.0000000e+01   2.2737608e+01
   1.0000000e+02   2.3299073e+01
   1.1000000e+02   2.2917141e+01
   1.2000000e+02   2.3030365e+01
   1.3000000e+02   2.3142925e+01
   1.4000000e+02   2.3052455e+01
   1.5000000e+02   2.3453065e+01
   1.6000000e+02   2.3260576e+01
   1.7000000e+02   2.2926996e+01
   1.8000000e+02   2.3369711e+01
   1.9000000e+02   2.3159174e+01
   2.0000000e+02   2.4013994e+01
   2.1000000e+02   2.3085522e+01
   2.2000000e+02   2.2457905e+01
   2.3000000e+02   2.3204569e+01
   2.4000000e+02   2.2763967e+01
   2.5000000e+02   2.2955285e+01
   2.6000000e+02   2.4181992e+01
   2.7000000e+02   2.2096036e+01
   2.8000000e+02   2.1915250e+01
   2.9000000e+02   2.1532370e+01
   3.0000000e+02   2.2381783e+01
   3.1000000e+02   2.3297453e+01
   3.2000000e+02   2.2389125e+01
   3.3000000e+02   2.2751565e+01
   3.4000000e+02   2.2663931e+01
   3.5000000e+02   2.1507003e+01
   3.6000000e+02   2.2338203e+01
   3.7000000e+02   2.1546723e+01
   3.8000000e+02   2.0589316e+01
   3.9000000e+02   2.4151257e+01
   4.0000000e+02   2.2212629e+01
   4.1000000e+02   2.0746124e+01
   4.2000000e+02   2.2216414e+01
   4.3000000e+02   2.1418833e+01
   4.4000000e+02   2.1110687e+01
   4.5000000e+02   2.2204837e+01
   4.6000000e+02   2.1989332e+01
   4.7000000e+02   2.2365215e+01
   4.8000000e+02   2.0774865e+01
   4.9000000e+02   2.3257880e+01
   5.0000000e+02   2.3933847e+01
   5.1000000e+02   2.1874289e+01
   5.2000000e+02   2.0943214e+01
   5.3000000e+02   2.2351666e+01
   5.4000000e+02   2.1471372e+01
   5.5000000e+02   2.1357074e+01
   5.6000000e+02   2.0921514e+01
   5.7000000e+02   2.1841441e+01
   5.8000000e+02   2.1646867e+01
   5.9000000e+02   2.0914220e+01
   6.0000000e+02   2.1499825e+01
   6.1000000e+02   2.1521978e+01
   6.2000000e+02   2.0328616e+01
   6.3000000e+02   2.0853923e+01
   6.4000000e+02   1.9589039e+01
   6.5000000e+02   2.0582843e+01
   6.6000000e+02   2.0452544e+01
   6.7000000e+02   2.0395063e+01
   6.8000000e+02   2.1331359e+01
   6.9000000e+02   2.0636348e+01
   7.0000000e+02   2.0327040e+01
   7.1000000e+02   2.0466681e+01
   7.2000000e+02   2.1273263e+01
   7.3000000e+02   2.2513888e+01
   7.4000000e+02   2.1251479e+01
   7.5000000e+02   2.0818087e+01
   7.6000000e+02   2.1673297e+01
   7.7000000e+02   2.0821001e+01
   7.8000000e+02   2.1065422e+01
   7.9000000e+02   2.3242296e+01
   8.0000000e+02   2.0649405e+01
   8.1000000e+02   2.1121492e+01
   8.2000000e+02   2.0750182e+01
   8.3000000e+02   2.1190141e+01
   8.4000000e+02   2.1116577e+01
   8.5000000e+02   2.2050844e+01
   8.6000000e+02   2.1489868e+01
   8.7000000e+02   2.1909898e+01
   8.8000000e+02   2.1580339e+01
   8.9000000e+02   2.3107921e+01
   9.0000000e+02   2.1528425e+01
   9.1000000e+02   2.1215962e+01
   9.2000000e+02   2.1211337e+01
   9.3000000e+02   2.1504300e+01
   9.4000000e+02   2.1375208e+01
   9.5000000e+02   2.1413521e+01
   9.6000000e+02   2.1526859e+01
   9.7000000e+02   2.0805382e+01
   9.8000000e+02   2.1079707e+01
   9.9000000e+02   2.0651122e+01
   1.0000000e+03   2.0857671e+01
   1.0100000e+03   2.0140992e+01
   1.0200000e+03   2.1093227e+01
   1.0300000e+03   2.0999610e+01
   1.0400000e+03   2.0293548e+01
   1.0500000e+03   2.0611015e+01
   1.0600000e+03   2.0484499e+01
   1.0700000e+03   2.0686426e+01
   1.0800000e+03   2.1145790e+01
   1.0900000e+03   2.0721786e+01
   1.1000000e+03   2.0905578e+01
   1.1100000e+03   2.0956424e+01
   1.1200000e+03   2.0748273e+01
   1.1300000e+03   2.0843218e+01
   1.1400000e+03   2.0622319e+01
   1.1500000e+03   2.0720367e+01
   1.1600000e+03   2.0722315e+01
   1.1700000e+03   2.0938487e+01
   1.1800000e+03   2.0895595e+01
   1.1900000e+03   2.1457981e+01
   1.2000000e+03   2.1463461e+01
   1.2100000e+03   2.1502598e+01
   1.2200000e+03   2.1348217e+01
   1.2300000e+03   2.1296637e+01
   1.2400000e+03   2.1612120e+01
   1.2500000e+03   2.1593310e+01
   1.2600000e+03   2.1564386e+01
   1.2700000e+03   2.1679581e+01
   1.2800000e+03   2.1879210e+01
   1.2900000e+03   2.1574242e+01
   1.3000000e+03   2.1672143e+01
   1.3100000e+03   2.1135587e+01
   1.3200000e+03   2.1641644e+01
   1.3300000e+03   2.1034588e+01
   1.3400000e+03   2.1605091e+01
   1.3500000e+03   2.1589346e+01
   1.3600000e+03   2.0506985e+01
   1.3700000e+03   2.1285881e+01
   1.3800000e+03   2.1122176e+01
   1.3900000e+03   2.1169435e+01
   1.4000000e+03   2.2009988e+01
   1.4100000e+03   2.1504221e+01
   1.4200000e+03   2.1891596e+01
   1.4300000e+03   2.1512668e+01
   1.4400000e+03   2.1447819e+01
   1.4500000e+03   2.1638275e+01
   1.4600000e+03   2.1187126e+01
   1.4700000e+03   2.1861621e+01
   1.4800000e+03   2.1706302e+01
   1.4900000e+03   2.1453732e+01
   1.5000000e+03   2.2193043e+01
   1.5100000e+03   2.1439500e+01
   1.5200000e+03   2.1443245e+01
   1.5300000e+03   2.2802936e+01
   1.5400000e+03   2.1852976e+01
   1.5500000e+03   2.2572317e+01
   1.5600000e+03   2.2201428e+01
   1.5700000e+03   2.2392151e+01
   1.5800000e+03   2.2269739e+01
   1.5900000e+03   2.1717242e+01
   1.6000000e+03   2.2573074e+01
   1.6100000e+03   2.1618485e+01
   1.6200000e+03   2.1634111e+01
   1.6300000e+03   2.2238980e+01
   1.6400000e+03   2.1665882e+01
   1.6500000e+03   2.2945027e+01
   1.6600000e+03   2.2832855e+01
   1.6700000e+03   2.0378573e+01
   1.6800000e+03   2.2577991e+01
   1.6900000e+03   2.2359079e+01
   1.7000000e+03   2.0719976e+01
   1.7100000e+03   2.2925223e+01
   1.7200000e+03   2.2276442e+01
   1.7300000e+03   2.4365489e+01
   1.7400000e+03   2.3962226e+01
   1.7500000e+03   2.2167516e+01
   1.7600000e+03   2.2121438e+01
   1.7700000e+03   2.3093662e+01
   1.7800000e+03   2.1799669e+01
   1.7900000e+03   2.2765217e+01
   1.8000000e+03   2.1947696e+01
   1.8100000e+03   2.2158400e+01
   1.8200000e+03   2.2068621e+01
   1.8300000e+03   2.1591391e+01
   1.8400000e+03   2.3376293e+01
   1.8500000e+03   2.1931846e+01
   1.8600000e+03   2.1793961e+01
   1.8700000e+03   2.2023393e+01
   1.8800000e+03   2.3282329e+01
   1.8900000e+03   2.2846201e+01
   1.9000000e+03   2.2651537e+01
   1.9100000e+03   2.2415264e+01
   1.9200000e+03   2.2514848e+01
   1.9300000e+03   2.2937677e+01
   1.9400000e+03   2.2899697e+01
   1.9500000e+03   2.1651204e+01
   1.9600000e+03   2.2715427e+01
   1.9700000e+03   2.1263225e+01
   1.9800000e+03   2.3361738e+01
   1.9900000e+03   2.1493399e+01
   2.0000000e+03   2.2117816e+01
   2.0100000e+03   2.2541212e+01
   2.0200000e+03   2.1167531e+01
   2.0300000e+03   2.2231628e+01
   2.0400000e+03   2.2214070e+01
   2.0500000e+03   2.2530796e+01
   2.0600000e+03   2.2861204e+01
   2.0700000e+03   2.1752041e+01
   2.0800000e+03   2.2255268e+01
   2.0900000e+03   2.2523124e+01
   2.1000000e+03   2.1550042e+01
   2.1100000e+03   2.2240487e+01
   2.1200000e+03   2.2346203e+01
   2.1300000e+03   2.1581046e+01
   2.1400000e+03   2.2261620e+01
   2.1500000e+03   2.0847621e+01
   2.1600000e+03   2.2420785e+01
   2.1700000e+03   2.2104699e+01
   2.1800000e+03   2.1895458e+01
   2.1900000e+03   2.1718367e+01
   2.2000000e+03   2.0084013e+01
   2.2100000e+03   2.1631972e+01
   2.2200000e+03   2.2104871e+01
   2.2300000e+03   2.2495264e+01
   2.2400000e+03   2.2097180e+01
   2.2500000e+03   2.2093674e+01
   2.2600000e+03   2.1693685e+01
   2.2700000e+03   2.1875476e+01
   2.2800000e+03   2.1889020e+01
   2.2900000e+03   2.2530853e+01
   2.3000000e+03   2.1833879e+01
   2.3100000e+03   2.1321011e+01
   2.3200000e+03   2.2127454e+01
   2.3300000e+03   2.2347374e+01
   2.3400000e+03   2.2431642e+01
   2.3500000e+03   2.1873480e+01
   2.3600000e+03   2.2339586e+01
   2.3700000e+03   2.2481721e+01
   2.3800000e+03   2.2264860e+01
   2.3900000e+03   2.1935454e+01
   2.4000000e+03   2.1646131e+01
   2.4100000e+03   2.1798076e+01
   2.4200000e+03   2.2181464e+01
   2.4300000e+03   2.1416247e+01
   2.4400000e+03   2.1360004e+01
   2.4500000e+03   2.1462727e+01
   2.4600000e+03   2.1575233e+01
   2.4700000e+03   2.1565986e+01
   2.4800000e+03   2.1750439e+01
   2.4900000e+03   2.2180031e+01
   2.5000000e+03   2.2111094e+01
   2.5100000e+03   2.1671230e+01
   2.5200000e+03   2.1106791e+01
   2.5300000e+03   2.2015489e+01
   2.5400000e+03   2.2370148e+01
   2.5500000e+03   2.3267638e+01
   2.5600000e+03   2.2313413e+01
   2.5700000e+03   2.1957478e+01
   2.5800000e+03   2.1338693e+01
   2.5900000e+03   2.2601498e+01
   2.6000000e+03   2.1742248e+01
   2.6100000e+03   2.1587495e+01
   2.6200000e+03   2.1508966e+01
   2.6300000e+03   2.2357788e+01
   2.6400000e+03   2.2141188e+01
   2.6500000e+03   2.1205686e+01
   2.6600000e+03   2.2143168e+01
   2.6700000e+03   2.1338456e+01
   2.6800000e+03   2.1519687e+01
   2.6900000e+03   2.1530105e+01
   2.7000000e+03   2.1988927e+01
   2.7100000e+03   2.2678166e+01
   2.7200000e+03   2.1752311e+01
   2.7300000e+03   2.2040543e+01
   2.7400000e+03   2.2009230e+01
   2.7500000e+03   2.2465094e+01
   2.7600000e+03   2.1895325e+01
   2.7700000e+03   2.2224295e+01
   2.7800000e+03   2.2183563e+01
   2.7900000e+03   2.1720602e+01
   2.8000000e+03   2.1649127e+01
   2.8100000e+03   2.1921178e+01
   2.8200000e+03   2.2366741e+01
   2.8300000e+03   2.2099697e+01
   2.8400000e+03   2.1647662e+01
   2.8500000e+03   2.3410172e+01
   2.8600000e+03   2.1795240e+01
   2.8700000e+03   2.3091972e+01
   2.8800000e+03   2.3366919e+01
   2.8900000e+03   2.2639779e+01
   2.9000000e+03   2.3108018e+01
   2.9100000e+03   2.1825208e+01
   2.9200000e+03   2.3237255e+01
   2.9300000e+03   2.2775217e+01
   2.9400000e+03   2.2373622e+01
   2.9500000e+03   2.1409412e+01
   2.9600000e+03   2.2333079e+01
   2.9700000e+03   2.1745415e+01
   2.9800000e+03   2.2592744e+01
   2.9900000e+03   2.2138606e+01
   3.0000000e+03   2.3170637e+01
   3.0100000e+03   2.2833699e+01
   3.0200000e+03   2.2204026e+01
   3.0300000e+03   2.3313293e+01
   3.0400000e+03   2.2722683e+01
   3.0500000e+03   2.2776002e+01
   3.0600000e+03   2.2948195e+01
   3.0700000e+03   2.2672021e+01
   3.0800000e+03   2.3449034e+01
   3.0900000e+03   2.2440049e+01
   3.1000000e+03   2.3103069e+01
   3.1100000e+03   2.2953442e+01
   3.1200000e+03   2.2023228e+01
   3.1300000e+03   2.2999592e+01
   3.1400000e+03   2.2379091e+01
   3.1500000e+03   2.2379077e+01
   3.1600000e+03   2.2752184e+01
   3.1700000e+03   2.3708240e+01
   3.1800000e+03   2.2348802e+01
   3.1900000e+03   2.3188830e+01
   3.2000000e+03   2.2958369e+01
   3.2100000e+03   2.3879377e+01
   3.2200000e+03   2.4276184e+01
   3.2300000e+03   2.3167557e+01
   3.2400000e+03   2.2029160e+01
   3.2500000e+03   2.2907738e+01
   3.2600000e+03   2.1761751e+01
   3.2700000e+03   2.2029091e+01
   3.2800000e+03   2.4157280e+01
   3.2900000e+03   2.2230207e+01
   3.3000000e+03   2.2100812e+01
   3.3100000e+03   2.2696989e+01
   3.3200000e+03   2.3007294e+01
   3.3300000e+03   2.2328488e+01
   3.3400000e+03   2.3855230e+01
   3.3500000e+03   2.2903072e+01
   3.3600000e+03   2.2352229e+01
   3.3700000e+03   2.3357235e+01
   3.3800000e+03   2.3330759e+01
   3.3900000e+03   2.2556622e+01
   3.4000000e+03   2.3350706e+01
   3.4100000e+03   2.3699048e+01
   3.4200000e+03   2.3698834e+01
   3.4300000e+03   2.3292161e+01
   3.4400000e+03   2.2073984e+01
   3.4500000e+03   2.3878990e+01
   3.4600000e+03   2.4247238e+01
   3.4700000e+03   2.2951239e+01
   3.4800000e+03   2.2935834e+01
   3.4900000e+03   2.2365989e+01
