   0.0000000e+00  -2.3327973e-03
   1.0000000e+01  -1.0682008e-03
   2.0000000e+01   9.9449822e-03
   3.0000000e+01   5.9943106e-04
   4.0000000e+01  -9.7595167e-05
   5.0000000e+01   9.6640045e-03
   6.0000000e+01   2.3847660e-02
   7.0000000e+01   8.7048705e-02
   8.0000000e+01   5.4790608e-01
   9.0000000e+01   2.3436245e+00
   1.0000000e+02   7.1273082e+00
   1.1000000e+02   9.7276578e+00
   1.2000000e+02   1.1848376e+01
   1.3000000e+02   1.3044226e+01
   1.4000000e+02   1.3374008e+01
   1.5000000e+02   1.3971124e+01
   1.6000000e+02   1.4288311e+01
   1.7000000e+02   1.4757792e+01
   1.8000000e+02   1.4865834e+01
   1.9000000e+02   1.5098550e+01
   2.0000000e+02   1.5349244e+01
   2.1000000e+02   1.5209980e+01
   2.2000000e+02   1.5407680e+01
   2.3000000e+02   1.5465937e+01
   2.4000000e+02   1.5485197e+01
   2.5000000e+02   1.5789073e+01
   2.6000000e+02   1.5957429e+01
   2.7000000e+02   1.5893830e+01
   2.8000000e+02   1.5733247e+01
   2.9000000e+02   1.6005811e+01
   3.0000000e+02   1.5819947e+01
   3.1000000e+02   1.5916334e+01
   3.2000000e+02   1.5665492e+01
   3.3000000e+02   1.6111568e+01
   3.4000000e+02   1.6012084e+01
   3.5000000e+02   1.5756599e+01
   3.6000000e+02   1.6179559e+01
   3.7000000e+02   1.5738500e+01
   3.8000000e+02   1.5860754e+01
   3.9000000e+02   1.6279068e+01
   4.0000000e+02   1.5832411e+01
   4.1000000e+02   1.6212150e+01
   4.2000000e+02   1.5927746e+01
   4.3000000e+02   1.6173616e+01
   4.4000000e+02   1.6258010e+01
   4.5000000e+02   1.6263489e+01
   4.6000000e+02   1.6357344e+01
   4.7000000e+02   1.6469587e+01
   4.8000000e+02   1.6543773e+01
   4.9000000e+02   1.6602103e+01
   5.0000000e+02   1.6066610e+01
   5.1000000e+02   1.6479314e+01
   5.2000000e+02   1.6742453e+01
   5.3000000e+02   1.6220065e+01
   5.4000000e+02   1.6769671e+01
   5.5000000e+02   1.6606013e+01
   5.6000000e+02   1.6980095e+01
   5.7000000e+02   1.6672536e+01
   5.8000000e+02   1.6750624e+01
   5.9000000e+02   1.6792696e+01
   6.0000000e+02   1.6884492e+01
   6.1000000e+02   1.7058712e+01
   6.2000000e+02   1.6913241e+01
   6.3000000e+02   1.7044569e+01
   6.4000000e+02   1.6890262e+01
   6.5000000e+02   1.6951597e+01
   6.6000000e+02   1.6614600e+01
   6.7000000e+02   1.6525890e+01
   6.8000000e+02   1.6114051e+01
   6.9000000e+02   1.6430089e+01
   7.0000000e+02   1.6378983e+01
   7.1000000e+02   1.6200717e+01
   7.2000000e+02   1.6609123e+01
   7.3000000e+02   1.6123601e+01
   7.4000000e+02   1.6623983e+01
   7.5000000e+02   1.6337326e+01
   7.6000000e+02   1.6187798e+01
   7.7000000e+02   1.6409410e+01
   7.8000000e+02   1.6470064e+01
   7.9000000e+02   1.6247141e+01
   8.0000000e+02   1.6205254e+01
   8.1000000e+02   1.6102764e+01
   8.2000000e+02   1.6073655e+01
   8.3000000e+02   1.5836085e+01
   8.4000000e+02   1.6374322e+01
   8.5000000e+02   1.6326732e+01
   8.6000000e+02   1.6757165e+01
   8.7000000e+02   1.6935832e+01
   8.8000000e+02   1.6984164e+01
   8.9000000e+02   1.6113051e+01
   9.0000000e+02   1.6895152e+01
   9.1000000e+02   1.7277468e+01
   9.2000000e+02   1.6947538e+01
   9.3000000e+02   1.7239525e+01
   9.4000000e+02   1.7192178e+01
   9.5000000e+02   1.7094109e+01
   9.6000000e+02   1.6911056e+01
   9.7000000e+02   1.6404691e+01
   9.8000000e+02   1.6752914e+01
   9.9000000e+02   1.6578340e+01
   1.0000000e+03   1.6552933e+01
   1.0100000e+03   1.6557268e+01
   1.0200000e+03   1.6547201e+01
   1.0300000e+03   1.6421456e+01
   1.0400000e+03   1.6637755e+01
   1.0500000e+03   1.6583786e+01
   1.0600000e+03   1.6548979e+01
   1.0700000e+03   1.6878401e+01
   1.0800000e+03   1.6599992e+01
   1.0900000e+03   1.7106730e+01
   1.1000000e+03   1.7039068e+01
   1.1100000e+03   1.6995547e+01
   1.1200000e+03   1.6944902e+01
   1.1300000e+03   1.6754465e+01
   1.1400000e+03   1.6844219e+01
   1.1500000e+03   1.6421489e+01
   1.1600000e+03   1.6565528e+01
   1.1700000e+03   1.6638926e+01
   1.1800000e+03   1.6804499e+01
   1.1900000e+03   1.6792874e+01
   1.2000000e+03   1.6774220e+01
   1.2100000e+03   1.6548545e+01
   1.2200000e+03   1.6803783e+01
   1.2300000e+03   1.6657634e+01
   1.2400000e+03   1.6399361e+01
   1.2500000e+03   1.6549999e+01
   1.2600000e+03   1.6552980e+01
   1.2700000e+03   1.6855299e+01
   1.2800000e+03   1.6922412e+01
   1.2900000e+03   1.6809616e+01
   1.3000000e+03   1.6897027e+01
   1.3100000e+03   1.6580093e+01
   1.3200000e+03   1.6579479e+01
   1.3300000e+03   1.6721474e+01
   1.3400000e+03   1.6585048e+01
   1.3500000e+03   1.6960500e+01
   1.3600000e+03   1.7222614e+01
   1.3700000e+03   1.7176505e+01
   1.3800000e+03   1.7071788e+01
   1.3900000e+03   1.6956569e+01
   1.4000000e+03   1.7148720e+01
   1.4100000e+03   1.7547597e+01
   1.4200000e+03   1.7638113e+01
   1.4300000e+03   1.7360060e+01
   1.4400000e+03   1.7144508e+01
   1.4500000e+03   1.6837408e+01
   1.4600000e+03   1.7554355e+01
   1.4700000e+03   1.7707321e+01
   1.4800000e+03   1.7640512e+01
   1.4900000e+03   1.7422274e+01
   1.5000000e+03   1.7356461e+01
   1.5100000e+03   1.7360500e+01
   1.5200000e+03   1.7518620e+01
   1.5300000e+03   1.7679136e+01
   1.5400000e+03   1.7200517e+01
   1.5500000e+03   1.7275995e+01
   1.5600000e+03   1.7234998e+01
   1.5700000e+03   1.6923515e+01
   1.5800000e+03   1.6795141e+01
   1.5900000e+03   1.6920416e+01
   1.6000000e+03   1.7403200e+01
   1.6100000e+03   1.7382411e+01
   1.6200000e+03   1.7629066e+01
   1.6300000e+03   1.7530866e+01
   1.6400000e+03   1.7790731e+01
   1.6500000e+03   1.7117873e+01
   1.6600000e+03   1.7233371e+01
   1.6700000e+03   1.7400370e+01
   1.6800000e+03   1.7339630e+01
   1.6900000e+03   1.7387921e+01
   1.7000000e+03   1.7326554e+01
   1.7100000e+03   1.7385182e+01
   1.7200000e+03   1.7460183e+01
   1.7300000e+03   1.7418666e+01
   1.7400000e+03   1.7103244e+01
   1.7500000e+03   1.7046643e+01
   1.7600000e+03   1.7094917e+01
   1.7700000e+03   1.7245440e+01
   1.7800000e+03   1.7112943e+01
   1.7900000e+03   1.6986432e+01
   1.8000000e+03   1.6549039e+01
   1.8100000e+03   1.6804512e+01
   1.8200000e+03   1.6515119e+01
   1.8300000e+03   1.6736558e+01
   1.8400000e+03   1.6549200e+01
   1.8500000e+03   1.6603626e+01
   1.8600000e+03   1.6596719e+01
   1.8700000e+03   1.6644323e+01
   1.8800000e+03   1.6549711e+01
   1.8900000e+03   1.6590977e+01
   1.9000000e+03   1.6386203e+01
   1.9100000e+03   1.6471140e+01
   1.9200000e+03   1.6696733e+01
   1.9300000e+03   1.6314435e+01
   1.9400000e+03   1.6627852e+01
   1.9500000e+03   1.6731009e+01
   1.9600000e+03   1.6709123e+01
   1.9700000e+03   1.6356878e+01
   1.9800000e+03   1.6334099e+01
   1.9900000e+03   1.6686299e+01
   2.0000000e+03   1.6604451e+01
   2.0100000e+03   1.6725705e+01
   2.0200000e+03   1.6631405e+01
   2.0300000e+03   1.6713302e+01
   2.0400000e+03   1.6729757e+01
   2.0500000e+03   1.7076492e+01
   2.0600000e+03   1.6862169e+01
   2.0700000e+03   1.6713954e+01
   2.0800000e+03   1.6641392e+01
   2.0900000e+03   1.6516557e+01
   2.1000000e+03   1.6844314e+01
   2.1100000e+03   1.6559699e+01
   2.1200000e+03   1.6915740e+01
   2.1300000e+03   1.6932954e+01
   2.1400000e+03   1.6783405e+01
   2.1500000e+03   1.6728495e+01
   2.1600000e+03   1.6703140e+01
   2.1700000e+03   1.6371873e+01
   2.1800000e+03   1.6677623e+01
   2.1900000e+03   1.6572565e+01
   2.2000000e+03   1.6560084e+01
   2.2100000e+03   1.6482742e+01
   2.2200000e+03   1.6597995e+01
   2.2300000e+03   1.6452623e+01
   2.2400000e+03   1.6455845e+01
   2.2500000e+03   1.6635292e+01
   2.2600000e+03   1.6734832e+01
   2.2700000e+03   1.6450535e+01
   2.2800000e+03   1.6501036e+01
   2.2900000e+03   1.6342741e+01
   2.3000000e+03   1.6224533e+01
   2.3100000e+03   1.6525908e+01
   2.3200000e+03   1.6368437e+01
   2.3300000e+03   1.6556025e+01
   2.3400000e+03   1.6439612e+01
   2.3500000e+03   1.6362717e+01
   2.3600000e+03   1.6411034e+01
   2.3700000e+03   1.6518052e+01
   2.3800000e+03   1.6531946e+01
   2.3900000e+03   1.6558388e+01
   2.4000000e+03   1.6492192e+01
   2.4100000e+03   1.6431835e+01
   2.4200000e+03   1.6768030e+01
   2.4300000e+03   1.6567928e+01
   2.4400000e+03   1.6434249e+01
   2.4500000e+03   1.6496580e+01
   2.4600000e+03   1.6573285e+01
   2.4700000e+03   1.6381211e+01
   2.4800000e+03   1.6522592e+01
   2.4900000e+03   1.6459868e+01
   2.5000000e+03   1.6326957e+01
   2.5100000e+03   1.6513338e+01
   2.5200000e+03   1.6442597e+01
   2.5300000e+03   1.6443063e+01
   2.5400000e+03   1.6319103e+01
   2.5500000e+03   1.6169158e+01
   2.5600000e+03   1.6567897e+01
   2.5700000e+03   1.6491986e+01
   2.5800000e+03   1.6438029e+01
   2.5900000e+03   1.6557086e+01
   2.6000000e+03   1.6700029e+01
   2.6100000e+03   1.6726130e+01
   2.6200000e+03   1.6510258e+01
   2.6300000e+03   1.6550342e+01
   2.6400000e+03   1.6372969e+01
   2.6500000e+03   1.6418407e+01
   2.6600000e+03   1.6502314e+01
   2.6700000e+03   1.6928866e+01
   2.6800000e+03   1.6707868e+01
   2.6900000e+03   1.6840623e+01
   2.7000000e+03   1.6562316e+01
   2.7100000e+03   1.6724705e+01
   2.7200000e+03   1.6700403e+01
   2.7300000e+03   1.6482819e+01
   2.7400000e+03   1.6599681e+01
   2.7500000e+03   1.6375689e+01
   2.7600000e+03   1.6358762e+01
   2.7700000e+03   1.6532651e+01
   2.7800000e+03   1.6492627e+01
   2.7900000e+03   1.6362346e+01
   2.8000000e+03   1.6595573e+01
   2.8100000e+03   1.6200094e+01
   2.8200000e+03   1.6360960e+01
   2.8300000e+03   1.6258294e+01
   2.8400000e+03   1.6421616e+01
   2.8500000e+03   1.6802714e+01
   2.8600000e+03   1.6783856e+01
   2.8700000e+03   1.6776010e+01
   2.8800000e+03   1.6706484e+01
   2.8900000e+03   1.6868291e+01
   2.9000000e+03   1.6720340e+01
   2.9100000e+03   1.6467990e+01
   2.9200000e+03   1.6828393e+01
   2.9300000e+03   1.6390703e+01
   2.9400000e+03   1.6371080e+01
   2.9500000e+03   1.6551456e+01
   2.9600000e+03   1.6927664e+01
   2.9700000e+03   1.6521341e+01
   2.9800000e+03   1.6576748e+01
   2.9900000e+03   1.6690686e+01
   3.0000000e+03   1.6400137e+01
   3.0100000e+03   1.6440888e+01
   3.0200000e+03   1.6640824e+01
   3.0300000e+03   1.6551191e+01
   3.0400000e+03   1.6614822e+01
   3.0500000e+03   1.6829950e+01
   3.0600000e+03   1.6867484e+01
   3.0700000e+03   1.7033936e+01
   3.0800000e+03   1.6816976e+01
   3.0900000e+03   1.6685082e+01
   3.1000000e+03   1.6622367e+01
   3.1100000e+03   1.6758575e+01
   3.1200000e+03   1.6878657e+01
   3.1300000e+03   1.6942728e+01
   3.1400000e+03   1.6676454e+01
   3.1500000e+03   1.6788877e+01
   3.1600000e+03   1.6777840e+01
   3.1700000e+03   1.6626050e+01
   3.1800000e+03   1.6778558e+01
   3.1900000e+03   1.6612746e+01
   3.2000000e+03   1.6788356e+01
   3.2100000e+03   1.6683457e+01
   3.2200000e+03   1.6641049e+01
   3.2300000e+03   1.6688840e+01
   3.2400000e+03   1.6573064e+01
   3.2500000e+03   1.6859550e+01
   3.2600000e+03   1.6588332e+01
   3.2700000e+03   1.6514716e+01
   3.2800000e+03   1.6908002e+01
   3.2900000e+03   1.7214653e+01
   3.3000000e+03   1.6961077e+01
   3.3100000e+03   1.6710260e+01
   3.3200000e+03   1.6924990e+01
   3.3300000e+03   1.6753262e+01
   3.3400000e+03   1.7266892e+01
   3.3500000e+03   1.7191262e+01
   3.3600000e+03   1.7171846e+01
   3.3700000e+03   1.7440432e+01
   3.3800000e+03   1.7228069e+01
   3.3900000e+03   1.7433164e+01
   3.4000000e+03   1.6820649e+01
   3.4100000e+03   1.7290279e+01
   3.4200000e+03   1.7580460e+01
   3.4300000e+03   1.7399404e+01
   3.4400000e+03   1.7384590e+01
   3.4500000e+03   1.7527261e+01
   3.4600000e+03   1.7315731e+01
   3.4700000e+03   1.7572285e+01
   3.4800000e+03   1.7270691e+01
   3.4900000e+03   1.7420907e+01
