   0.0000000e+00  -8.4246902e-03
   1.0000000e+01  -4.1760097e-03
   2.0000000e+01   1.6366987e-03
   3.0000000e+01  -4.3405207e-04
   4.0000000e+01   7.3140591e-03
   5.0000000e+01   1.6725186e-02
   6.0000000e+01   1.5458932e-01
   7.0000000e+01   5.2519893e-01
   8.0000000e+01   7.9397556e-01
   9.0000000e+01   9.3015045e-01
   1.0000000e+02   1.0357272e+00
   1.1000000e+02   1.0727587e+00
   1.2000000e+02   1.0865303e+00
   1.3000000e+02   1.1329343e+00
   1.4000000e+02   1.1648389e+00
   1.5000000e+02   1.1313595e+00
   1.6000000e+02   1.1626536e+00
   1.7000000e+02   1.1885387e+00
   1.8000000e+02   1.2095971e+00
   1.9000000e+02   1.2211688e+00
   2.0000000e+02   1.2548302e+00
   2.1000000e+02   1.2614229e+00
   2.2000000e+02   1.2634532e+00
   2.3000000e+02   1.2773544e+00
   2.4000000e+02   1.2459898e+00
   2.5000000e+02   1.2144793e+00
   2.6000000e+02   1.1908855e+00
   2.7000000e+02   1.2144848e+00
   2.8000000e+02   1.1706196e+00
   2.9000000e+02   1.1691426e+00
   3.0000000e+02   1.1794750e+00
   3.1000000e+02   1.1919002e+00
   3.2000000e+02   1.1677426e+00
   3.3000000e+02   1.1502306e+00
   3.4000000e+02   1.1435033e+00
   3.5000000e+02   1.1663766e+00
   3.6000000e+02   1.1328182e+00
   3.7000000e+02   1.1387296e+00
   3.8000000e+02   1.1645999e+00
   3.9000000e+02   1.1623542e+00
   4.0000000e+02   1.1937870e+00
   4.1000000e+02   1.2132081e+00
   4.2000000e+02   1.1984716e+00
   4.3000000e+02   1.2211045e+00
   4.4000000e+02   1.1912209e+00
   4.5000000e+02   1.1996488e+00
   4.6000000e+02   1.1835560e+00
   4.7000000e+02   1.2097833e+00
   4.8000000e+02   1.2016738e+00
   4.9000000e+02   1.2513488e+00
   5.0000000e+02   1.2586290e+00
   5.1000000e+02   1.2628785e+00
   5.2000000e+02   1.2771640e+00
   5.3000000e+02   1.2835041e+00
   5.4000000e+02   1.2650087e+00
   5.5000000e+02   1.2668282e+00
   5.6000000e+02   1.2694822e+00
   5.7000000e+02   1.2474773e+00
   5.8000000e+02   1.2984955e+00
   5.9000000e+02   1.2513106e+00
   6.0000000e+02   1.2416642e+00
   6.1000000e+02   1.2336417e+00
   6.2000000e+02   1.2678979e+00
   6.3000000e+02   1.2932701e+00
   6.4000000e+02   1.2726689e+00
   6.5000000e+02   1.2893031e+00
   6.6000000e+02   1.2640153e+00
   6.7000000e+02   1.2541637e+00
   6.8000000e+02   1.2800919e+00
   6.9000000e+02   1.2966600e+00
   7.0000000e+02   1.3045240e+00
   7.1000000e+02   1.3223084e+00
   7.2000000e+02   1.3088447e+00
   7.3000000e+02   1.3392866e+00
   7.4000000e+02   1.3009524e+00
   7.5000000e+02   1.3248208e+00
   7.6000000e+02   1.3284860e+00
   7.7000000e+02   1.3340122e+00
   7.8000000e+02   1.3594226e+00
   7.9000000e+02   1.3756449e+00
   8.0000000e+02   1.3930253e+00
   8.1000000e+02   1.3835063e+00
   8.2000000e+02   1.4276800e+00
   8.3000000e+02   1.4223762e+00
   8.4000000e+02   1.4468976e+00
   8.5000000e+02   1.4440047e+00
   8.6000000e+02   1.3908420e+00
   8.7000000e+02   1.4161984e+00
   8.8000000e+02   1.4499202e+00
   8.9000000e+02   1.3777010e+00
   9.0000000e+02   1.4070882e+00
   9.1000000e+02   1.4369720e+00
   9.2000000e+02   1.4209669e+00
   9.3000000e+02   1.3991230e+00
   9.4000000e+02   1.3824225e+00
   9.5000000e+02   1.3926476e+00
   9.6000000e+02   1.3874907e+00
   9.7000000e+02   1.3420817e+00
   9.8000000e+02   1.3196619e+00
   9.9000000e+02   1.3317674e+00
   1.0000000e+03   1.3026399e+00
   1.0100000e+03   1.2828998e+00
   1.0200000e+03   1.2882133e+00
   1.0300000e+03   1.2871132e+00
   1.0400000e+03   1.2973448e+00
   1.0500000e+03   1.2954498e+00
   1.0600000e+03   1.2939259e+00
   1.0700000e+03   1.2957059e+00
   1.0800000e+03   1.3062426e+00
   1.0900000e+03   1.2981789e+00
   1.1000000e+03   1.2716332e+00
   1.1100000e+03   1.2590297e+00
   1.1200000e+03   1.2573156e+00
   1.1300000e+03   1.2500146e+00
   1.1400000e+03   1.2944117e+00
   1.1500000e+03   1.2807348e+00
   1.1600000e+03   1.2712018e+00
   1.1700000e+03   1.2805822e+00
   1.1800000e+03   1.3226746e+00
   1.1900000e+03   1.3420938e+00
   1.2000000e+03   1.3412462e+00
   1.2100000e+03   1.3996320e+00
   1.2200000e+03   1.4297532e+00
   1.2300000e+03   1.4429839e+00
   1.2400000e+03   1.4446110e+00
   1.2500000e+03   1.4003438e+00
   1.2600000e+03   1.4233571e+00
   1.2700000e+03   1.4120642e+00
   1.2800000e+03   1.3994943e+00
   1.2900000e+03   1.4224210e+00
   1.3000000e+03   1.4293631e+00
   1.3100000e+03   1.4710736e+00
   1.3200000e+03   1.4602313e+00
   1.3300000e+03   1.4194583e+00
   1.3400000e+03   1.4276661e+00
   1.3500000e+03   1.4061935e+00
   1.3600000e+03   1.4223832e+00
   1.3700000e+03   1.4127515e+00
   1.3800000e+03   1.4366385e+00
   1.3900000e+03   1.4275229e+00
   1.4000000e+03   1.4011383e+00
   1.4100000e+03   1.4239331e+00
   1.4200000e+03   1.4428346e+00
   1.4300000e+03   1.4444675e+00
   1.4400000e+03   1.4083931e+00
   1.4500000e+03   1.4051216e+00
   1.4600000e+03   1.3666371e+00
   1.4700000e+03   1.3846788e+00
   1.4800000e+03   1.3530251e+00
   1.4900000e+03   1.3135858e+00
   1.5000000e+03   1.3425509e+00
   1.5100000e+03   1.3350225e+00
   1.5200000e+03   1.3344386e+00
   1.5300000e+03   1.3374485e+00
   1.5400000e+03   1.3209977e+00
   1.5500000e+03   1.3577321e+00
   1.5600000e+03   1.3421800e+00
   1.5700000e+03   1.3654093e+00
   1.5800000e+03   1.3226536e+00
   1.5900000e+03   1.2732170e+00
   1.6000000e+03   1.2648349e+00
   1.6100000e+03   1.2261538e+00
   1.6200000e+03   1.2102647e+00
   1.6300000e+03   1.2157389e+00
   1.6400000e+03   1.2022326e+00
   1.6500000e+03   1.1729646e+00
   1.6600000e+03   1.2038923e+00
   1.6700000e+03   1.1942927e+00
   1.6800000e+03   1.1942984e+00
   1.6900000e+03   1.1843805e+00
   1.7000000e+03   1.2734361e+00
   1.7100000e+03   1.3313356e+00
   1.7200000e+03   1.3497226e+00
   1.7300000e+03   1.3341592e+00
   1.7400000e+03   1.3850851e+00
   1.7500000e+03   1.3831113e+00
   1.7600000e+03   1.4104589e+00
   1.7700000e+03   1.3958040e+00
   1.7800000e+03   1.3981321e+00
   1.7900000e+03   1.3907435e+00
   1.8000000e+03   1.3812435e+00
   1.8100000e+03   1.4031575e+00
   1.8200000e+03   1.4089077e+00
   1.8300000e+03   1.4203042e+00
   1.8400000e+03   1.4038547e+00
   1.8500000e+03   1.4108630e+00
   1.8600000e+03   1.3964587e+00
   1.8700000e+03   1.4114622e+00
   1.8800000e+03   1.4183575e+00
   1.8900000e+03   1.4427060e+00
   1.9000000e+03   1.4811903e+00
   1.9100000e+03   1.5021214e+00
   1.9200000e+03   1.5218561e+00
   1.9300000e+03   1.5154213e+00
   1.9400000e+03   1.4901517e+00
   1.9500000e+03   1.4793493e+00
   1.9600000e+03   1.4883950e+00
   1.9700000e+03   1.4752703e+00
   1.9800000e+03   1.4884609e+00
   1.9900000e+03   1.4473256e+00
   2.0000000e+03   1.4193292e+00
   2.0100000e+03   1.4262055e+00
   2.0200000e+03   1.4055351e+00
   2.0300000e+03   1.4020792e+00
   2.0400000e+03   1.4040042e+00
   2.0500000e+03   1.4210868e+00
   2.0600000e+03   1.4221173e+00
   2.0700000e+03   1.4404576e+00
   2.0800000e+03   1.4090315e+00
   2.0900000e+03   1.3924953e+00
   2.1000000e+03   1.3821628e+00
   2.1100000e+03   1.3355634e+00
   2.1200000e+03   1.3690089e+00
   2.1300000e+03   1.3647845e+00
   2.1400000e+03   1.3971368e+00
   2.1500000e+03   1.3859510e+00
   2.1600000e+03   1.3783910e+00
   2.1700000e+03   1.4144248e+00
   2.1800000e+03   1.3724600e+00
   2.1900000e+03   1.3779599e+00
   2.2000000e+03   1.3922291e+00
   2.2100000e+03   1.4049103e+00
   2.2200000e+03   1.3700008e+00
   2.2300000e+03   1.3980306e+00
   2.2400000e+03   1.3652001e+00
   2.2500000e+03   1.4061973e+00
   2.2600000e+03   1.3874707e+00
   2.2700000e+03   1.3620855e+00
   2.2800000e+03   1.3782552e+00
   2.2900000e+03   1.3910348e+00
   2.3000000e+03   1.3233460e+00
   2.3100000e+03   1.3475721e+00
   2.3200000e+03   1.3694545e+00
   2.3300000e+03   1.3382244e+00
   2.3400000e+03   1.3362243e+00
   2.3500000e+03   1.3481246e+00
   2.3600000e+03   1.3480101e+00
   2.3700000e+03   1.3026734e+00
   2.3800000e+03   1.3245214e+00
   2.3900000e+03   1.3509776e+00
   2.4000000e+03   1.3592898e+00
   2.4100000e+03   1.3425155e+00
   2.4200000e+03   1.3423953e+00
   2.4300000e+03   1.3600139e+00
   2.4400000e+03   1.3536591e+00
   2.4500000e+03   1.3190795e+00
   2.4600000e+03   1.3056744e+00
   2.4700000e+03   1.2759589e+00
   2.4800000e+03   1.3279609e+00
   2.4900000e+03   1.3292850e+00
   2.5000000e+03   1.3164562e+00
   2.5100000e+03   1.3476854e+00
   2.5200000e+03   1.3204930e+00
   2.5300000e+03   1.3284491e+00
   2.5400000e+03   1.2819928e+00
   2.5500000e+03   1.3007518e+00
   2.5600000e+03   1.2832025e+00
   2.5700000e+03   1.3121275e+00
   2.5800000e+03   1.3422644e+00
   2.5900000e+03   1.3205572e+00
   2.6000000e+03   1.3324108e+00
   2.6100000e+03   1.3517569e+00
   2.6200000e+03   1.3528537e+00
   2.6300000e+03   1.3627803e+00
   2.6400000e+03   1.3641674e+00
   2.6500000e+03   1.3695075e+00
   2.6600000e+03   1.3834251e+00
   2.6700000e+03   1.3930010e+00
   2.6800000e+03   1.4060386e+00
   2.6900000e+03   1.3735706e+00
   2.7000000e+03   1.4046913e+00
   2.7100000e+03   1.4483337e+00
   2.7200000e+03   1.4550560e+00
   2.7300000e+03   1.4747184e+00
   2.7400000e+03   1.5037781e+00
   2.7500000e+03   1.4676797e+00
   2.7600000e+03   1.4643692e+00
   2.7700000e+03   1.4465440e+00
   2.7800000e+03   1.4683382e+00
   2.7900000e+03   1.4498781e+00
   2.8000000e+03   1.4501817e+00
   2.8100000e+03   1.5046245e+00
   2.8200000e+03   1.4774343e+00
   2.8300000e+03   1.4573469e+00
   2.8400000e+03   1.4437573e+00
   2.8500000e+03   1.4450931e+00
   2.8600000e+03   1.4388312e+00
   2.8700000e+03   1.3810073e+00
   2.8800000e+03   1.3807347e+00
   2.8900000e+03   1.3581092e+00
   2.9000000e+03   1.3386606e+00
   2.9100000e+03   1.3620640e+00
   2.9200000e+03   1.3636184e+00
   2.9300000e+03   1.3850023e+00
   2.9400000e+03   1.3661113e+00
   2.9500000e+03   1.3906329e+00
   2.9600000e+03   1.3478801e+00
   2.9700000e+03   1.3500371e+00
   2.9800000e+03   1.3647702e+00
   2.9900000e+03   1.3337250e+00
   3.0000000e+03   1.3388806e+00
   3.0100000e+03   1.3243689e+00
   3.0200000e+03   1.3517052e+00
   3.0300000e+03   1.3442976e+00
   3.0400000e+03   1.3716466e+00
   3.0500000e+03   1.3409197e+00
   3.0600000e+03   1.3750471e+00
   3.0700000e+03   1.3561751e+00
   3.0800000e+03   1.3227145e+00
   3.0900000e+03   1.3334508e+00
   3.1000000e+03   1.3663277e+00
   3.1100000e+03   1.3466021e+00
   3.1200000e+03   1.3626858e+00
   3.1300000e+03   1.3217313e+00
   3.1400000e+03   1.3605263e+00
   3.1500000e+03   1.3692960e+00
   3.1600000e+03   1.3317713e+00
   3.1700000e+03   1.3620471e+00
   3.1800000e+03   1.3624504e+00
   3.1900000e+03   1.3629606e+00
   3.2000000e+03   1.3551030e+00
   3.2100000e+03   1.3298711e+00
   3.2200000e+03   1.3357890e+00
   3.2300000e+03   1.3455589e+00
   3.2400000e+03   1.3598096e+00
   3.2500000e+03   1.3397730e+00
   3.2600000e+03   1.3285926e+00
   3.2700000e+03   1.3575049e+00
   3.2800000e+03   1.3826102e+00
   3.2900000e+03   1.3600653e+00
   3.3000000e+03   1.3918815e+00
   3.3100000e+03   1.3027203e+00
   3.3200000e+03   1.2910618e+00
   3.3300000e+03   1.3210733e+00
   3.3400000e+03   1.3550021e+00
   3.3500000e+03   1.3804976e+00
   3.3600000e+03   1.3692372e+00
   3.3700000e+03   1.3444473e+00
   3.3800000e+03   1.4091146e+00
   3.3900000e+03   1.3795266e+00
   3.4000000e+03   1.3883815e+00
   3.4100000e+03   1.3947013e+00
   3.4200000e+03   1.3619489e+00
   3.4300000e+03   1.3658129e+00
   3.4400000e+03   1.3410626e+00
   3.4500000e+03   1.3578871e+00
   3.4600000e+03   1.3815953e+00
   3.4700000e+03   1.3890267e+00
   3.4800000e+03   1.3763968e+00
   3.4900000e+03   1.3988275e+00
