   0.0000000e+00   2.0314873e+01
   1.0000000e+01   2.0312862e+01
   2.0000000e+01   2.0322373e+01
   3.0000000e+01   2.0310345e+01
   4.0000000e+01   2.0303259e+01
   5.0000000e+01   2.0254521e+01
   6.0000000e+01   1.7944025e+01
   7.0000000e+01   1.1989238e+01
   8.0000000e+01   1.0224080e+01
   9.0000000e+01   8.4746937e+00
   1.0000000e+02   6.5828159e+00
   1.1000000e+02   5.4974813e+00
   1.2000000e+02   4.6186148e+00
   1.3000000e+02   3.2247935e+00
   1.4000000e+02   3.0443141e+00
   1.5000000e+02   2.6597813e+00
   1.6000000e+02   2.0101460e+00
   1.7000000e+02   1.3240077e+00
   1.8000000e+02   7.6694141e-01
   1.9000000e+02   5.2043609e-01
   2.0000000e+02   1.1656300e-01
   2.1000000e+02  -2.5814939e-01
   2.2000000e+02  -3.9575266e-01
   2.3000000e+02  -3.9974395e-01
   2.4000000e+02  -6.8076990e-01
   2.5000000e+02  -6.8043963e-02
   2.6000000e+02  -5.6160323e-01
   2.7000000e+02  -4.9422478e-01
   2.8000000e+02  -1.0380353e+00
   2.9000000e+02  -1.1393153e+00
   3.0000000e+02  -6.8689798e-01
   3.1000000e+02  -1.5258409e-01
   3.2000000e+02  -9.0545784e-01
   3.3000000e+02  -6.1057761e-01
   3.4000000e+02  -8.4492893e-01
   3.5000000e+02  -1.0091692e+00
   3.6000000e+02  -8.8516757e-01
   3.7000000e+02  -1.4563416e+00
   3.8000000e+02  -1.3367591e+00
   3.9000000e+02  -7.9946638e-01
   4.0000000e+02  -1.2809543e+00
   4.1000000e+02  -1.5064265e+00
   4.2000000e+02  -1.3244688e+00
   4.3000000e+02  -2.2136152e+00
   4.4000000e+02  -1.3987316e+00
   4.5000000e+02  -1.2973676e+00
   4.6000000e+02  -1.2153003e+00
   4.7000000e+02  -1.2712909e+00
   4.8000000e+02  -1.4785705e+00
   4.9000000e+02  -1.3161747e+00
   5.0000000e+02  -1.5483644e+00
   5.1000000e+02  -1.5791585e+00
   5.2000000e+02  -1.3236115e+00
   5.3000000e+02  -1.7007939e+00
   5.4000000e+02  -1.6229548e+00
   5.5000000e+02  -1.3995977e+00
   5.6000000e+02  -9.6541182e-01
   5.7000000e+02  -4.8191915e-01
   5.8000000e+02  -1.3768237e+00
   5.9000000e+02  -9.4645977e-01
   6.0000000e+02  -1.2624378e+00
   6.1000000e+02  -1.4719796e+00
   6.2000000e+02  -1.5365796e+00
   6.3000000e+02  -1.3682390e+00
   6.4000000e+02  -8.4622877e-01
   6.5000000e+02  -1.1485854e+00
   6.6000000e+02  -1.9050715e+00
   6.7000000e+02  -2.0040620e+00
   6.8000000e+02  -2.4598531e+00
   6.9000000e+02  -2.6180897e+00
   7.0000000e+02  -2.5114996e+00
   7.1000000e+02  -2.5488986e+00
   7.2000000e+02  -2.5503437e+00
   7.3000000e+02  -2.6580467e+00
   7.4000000e+02  -2.5903067e+00
   7.5000000e+02  -2.4125808e+00
   7.6000000e+02  -1.9255334e+00
   7.7000000e+02  -1.2182693e+00
   7.8000000e+02  -1.8442531e+00
   7.9000000e+02  -1.2915651e+00
   8.0000000e+02  -1.0373410e+00
   8.1000000e+02  -1.2882838e+00
   8.2000000e+02  -1.1633431e+00
   8.3000000e+02  -1.7471431e+00
   8.4000000e+02  -7.0845359e-01
   8.5000000e+02  -1.5589302e+00
   8.6000000e+02  -1.2177264e+00
   8.7000000e+02  -1.5879279e+00
   8.8000000e+02  -1.1113255e+00
   8.9000000e+02  -1.8890978e+00
   9.0000000e+02  -1.9681733e+00
   9.1000000e+02  -2.6801139e+00
   9.2000000e+02  -3.2904267e+00
   9.3000000e+02  -2.6026582e+00
   9.4000000e+02  -2.9136718e+00
   9.5000000e+02  -2.9567020e+00
   9.6000000e+02  -2.8370519e+00
   9.7000000e+02  -2.4956387e+00
   9.8000000e+02  -2.6397727e+00
   9.9000000e+02  -2.6014151e+00
   1.0000000e+03  -2.5583285e+00
   1.0100000e+03  -2.6037620e+00
   1.0200000e+03  -2.6418394e+00
   1.0300000e+03  -2.6732253e+00
   1.0400000e+03  -2.7580794e+00
   1.0500000e+03  -2.7995110e+00
   1.0600000e+03  -2.7764691e+00
   1.0700000e+03  -2.9052268e+00
   1.0800000e+03  -2.9188358e+00
   1.0900000e+03  -2.9417404e+00
   1.1000000e+03  -3.0228073e+00
   1.1100000e+03  -2.3825686e+00
   1.1200000e+03  -2.8836267e+00
   1.1300000e+03  -2.8548867e+00
   1.1400000e+03  -3.0577600e+00
   1.1500000e+03  -2.9266668e+00
   1.1600000e+03  -2.7717584e+00
   1.1700000e+03  -3.0770956e+00
   1.1800000e+03  -3.0116112e+00
   1.1900000e+03  -3.4577720e+00
   1.2000000e+03  -3.2059170e+00
   1.2100000e+03  -3.0529842e+00
   1.2200000e+03  -3.4294862e+00
   1.2300000e+03  -3.2901800e+00
   1.2400000e+03  -3.2224475e+00
   1.2500000e+03  -3.2253102e+00
   1.2600000e+03  -3.1575139e+00
   1.2700000e+03  -3.1908369e+00
   1.2800000e+03  -3.1601201e+00
   1.2900000e+03  -3.0091122e+00
   1.3000000e+03  -3.0363362e+00
   1.3100000e+03  -3.5092449e+00
   1.3200000e+03  -3.2850991e+00
   1.3300000e+03  -3.0530826e+00
   1.3400000e+03  -3.0714423e+00
   1.3500000e+03  -3.2404054e+00
   1.3600000e+03  -3.4334697e+00
   1.3700000e+03  -3.2588029e+00
   1.3800000e+03  -3.6456735e+00
   1.3900000e+03  -3.7028869e+00
   1.4000000e+03  -3.3220668e+00
   1.4100000e+03  -3.5953879e+00
   1.4200000e+03  -3.7585796e+00
   1.4300000e+03  -3.5509173e+00
   1.4400000e+03  -3.3999220e+00
   1.4500000e+03  -3.2805747e+00
   1.4600000e+03  -3.0691795e+00
   1.4700000e+03  -2.8799019e+00
   1.4800000e+03  -2.9122273e+00
   1.4900000e+03  -2.8588166e+00
   1.5000000e+03  -3.2514679e+00
   1.5100000e+03  -3.1523771e+00
   1.5200000e+03  -2.9446960e+00
   1.5300000e+03  -3.1248042e+00
   1.5400000e+03  -3.2521859e+00
   1.5500000e+03  -3.2660247e+00
   1.5600000e+03  -2.9824579e+00
   1.5700000e+03  -3.1724620e+00
   1.5800000e+03  -2.9200577e+00
   1.5900000e+03  -1.8341321e+00
   1.6000000e+03  -1.9946085e+00
   1.6100000e+03  -2.0715379e+00
   1.6200000e+03  -2.0223449e+00
   1.6300000e+03  -2.0092170e+00
   1.6400000e+03  -1.7964819e+00
   1.6500000e+03  -1.7625959e+00
   1.6600000e+03  -1.8455038e+00
   1.6700000e+03  -1.8793387e+00
   1.6800000e+03  -1.4255204e+00
   1.6900000e+03  -1.4754217e+00
   1.7000000e+03  -3.1866650e+00
   1.7100000e+03  -3.3503247e+00
   1.7200000e+03  -3.0952192e+00
   1.7300000e+03  -2.9390660e+00
   1.7400000e+03  -3.0332911e+00
   1.7500000e+03  -3.0357809e+00
   1.7600000e+03  -2.9451349e+00
   1.7700000e+03  -2.7252093e+00
   1.7800000e+03  -2.5684480e+00
   1.7900000e+03  -2.7951758e+00
   1.8000000e+03  -2.7911567e+00
   1.8100000e+03  -2.7787175e+00
   1.8200000e+03  -2.6427917e+00
   1.8300000e+03  -2.6597683e+00
   1.8400000e+03  -2.5831737e+00
   1.8500000e+03  -2.6202282e+00
   1.8600000e+03  -2.4850703e+00
   1.8700000e+03  -2.7125365e+00
   1.8800000e+03  -2.7166121e+00
   1.8900000e+03  -2.7974684e+00
   1.9000000e+03  -2.9377209e+00
   1.9100000e+03  -2.8579068e+00
   1.9200000e+03  -2.5826072e+00
   1.9300000e+03  -2.6712096e+00
   1.9400000e+03  -2.6473509e+00
   1.9500000e+03  -2.6058922e+00
   1.9600000e+03  -2.5794048e+00
   1.9700000e+03  -2.5686871e+00
   1.9800000e+03  -2.6500223e+00
   1.9900000e+03  -2.2654605e+00
   2.0000000e+03  -2.3617980e+00
   2.0100000e+03  -2.6438155e+00
   2.0200000e+03  -2.7767631e+00
   2.0300000e+03  -2.6048423e+00
   2.0400000e+03  -2.7586964e+00
   2.0500000e+03  -2.7757860e+00
   2.0600000e+03  -2.8972647e+00
   2.0700000e+03  -2.9824044e+00
   2.0800000e+03  -2.5173832e+00
   2.0900000e+03  -2.6453561e+00
   2.1000000e+03  -2.6882935e+00
   2.1100000e+03  -2.4030428e+00
   2.1200000e+03  -2.6076202e+00
   2.1300000e+03  -2.9953380e+00
   2.1400000e+03  -3.1909403e+00
   2.1500000e+03  -3.0068471e+00
   2.1600000e+03  -3.2745087e+00
   2.1700000e+03  -3.0792909e+00
   2.1800000e+03  -2.8883578e+00
   2.1900000e+03  -2.8884193e+00
   2.2000000e+03  -3.1734637e+00
   2.2100000e+03  -2.7998700e+00
   2.2200000e+03  -2.7579346e+00
   2.2300000e+03  -3.0532001e+00
   2.2400000e+03  -2.4911981e+00
   2.2500000e+03  -3.0060435e+00
   2.2600000e+03  -2.9560742e+00
   2.2700000e+03  -2.7175353e+00
   2.2800000e+03  -2.6421569e+00
   2.2900000e+03  -2.7783224e+00
   2.3000000e+03  -1.9817358e+00
   2.3100000e+03  -2.5909620e+00
   2.3200000e+03  -2.7119053e+00
   2.3300000e+03  -2.7967603e+00
   2.3400000e+03  -2.3617336e+00
   2.3500000e+03  -2.5419418e+00
   2.3600000e+03  -2.5838962e+00
   2.3700000e+03  -1.6548810e+00
   2.3800000e+03  -2.5213513e+00
   2.3900000e+03  -2.7416436e+00
   2.4000000e+03  -2.6837376e+00
   2.4100000e+03  -2.6854886e+00
   2.4200000e+03  -2.7184794e+00
   2.4300000e+03  -2.4804187e+00
   2.4400000e+03  -2.5573315e+00
   2.4500000e+03  -1.7157537e+00
   2.4600000e+03  -1.6369755e+00
   2.4700000e+03  -1.4390784e+00
   2.4800000e+03  -2.7069645e+00
   2.4900000e+03  -2.8191326e+00
   2.5000000e+03  -2.6867848e+00
   2.5100000e+03  -3.0722103e+00
   2.5200000e+03  -2.6866846e+00
   2.5300000e+03  -2.4544834e+00
   2.5400000e+03  -1.7242604e+00
   2.5500000e+03  -2.0982173e+00
   2.5600000e+03  -2.1819690e+00
   2.5700000e+03  -2.2164797e+00
   2.5800000e+03  -2.2471599e+00
   2.5900000e+03  -2.4263800e+00
   2.6000000e+03  -2.4149999e+00
   2.6100000e+03  -2.4663915e+00
   2.6200000e+03  -2.2883232e+00
   2.6300000e+03  -2.2005079e+00
   2.6400000e+03  -2.2852916e+00
   2.6500000e+03  -2.4069368e+00
   2.6600000e+03  -2.6184408e+00
   2.6700000e+03  -2.5046678e+00
   2.6800000e+03  -2.4448148e+00
   2.6900000e+03  -2.0131716e+00
   2.7000000e+03  -2.8062433e+00
   2.7100000e+03  -2.9587415e+00
   2.7200000e+03  -2.8269608e+00
   2.7300000e+03  -2.7721159e+00
   2.7400000e+03  -2.9723832e+00
   2.7500000e+03  -2.4908735e+00
   2.7600000e+03  -2.3758712e+00
   2.7700000e+03  -2.5053462e+00
   2.7800000e+03  -2.6145289e+00
   2.7900000e+03  -2.6142191e+00
   2.8000000e+03  -2.6567009e+00
   2.8100000e+03  -2.8298032e+00
   2.8200000e+03  -2.7274842e+00
   2.8300000e+03  -2.6233818e+00
   2.8400000e+03  -2.3945302e+00
   2.8500000e+03  -2.6855387e+00
   2.8600000e+03  -2.3908127e+00
   2.8700000e+03  -1.8586020e+00
   2.8800000e+03  -2.3338282e+00
   2.8900000e+03  -2.0721156e+00
   2.9000000e+03  -2.3991754e+00
   2.9100000e+03  -2.3963356e+00
   2.9200000e+03  -2.4410603e+00
   2.9300000e+03  -2.5329170e+00
   2.9400000e+03  -2.5554996e+00
   2.9500000e+03  -2.4446969e+00
   2.9600000e+03  -2.2048330e+00
   2.9700000e+03  -2.2033429e+00
   2.9800000e+03  -2.1871457e+00
   2.9900000e+03  -2.5601784e+00
   3.0000000e+03  -2.4060391e+00
   3.0100000e+03  -2.2396604e+00
   3.0200000e+03  -2.2883132e+00
   3.0300000e+03  -2.5531734e+00
   3.0400000e+03  -2.6725447e+00
   3.0500000e+03  -2.1800504e+00
   3.0600000e+03  -2.5083309e+00
   3.0700000e+03  -2.0882491e+00
   3.0800000e+03  -2.2160789e+00
   3.0900000e+03  -2.2613400e+00
   3.1000000e+03  -2.2436485e+00
   3.1100000e+03  -2.2911539e+00
   3.1200000e+03  -2.2416932e+00
   3.1300000e+03  -2.1639535e+00
   3.1400000e+03  -2.2224047e+00
   3.1500000e+03  -1.9561705e+00
   3.1600000e+03  -2.1454583e+00
   3.1700000e+03  -2.0107506e+00
   3.1800000e+03  -1.9381316e+00
   3.1900000e+03  -1.8786299e+00
   3.2000000e+03  -1.5023146e+00
   3.2100000e+03  -1.9946761e+00
   3.2200000e+03  -2.2747801e+00
   3.2300000e+03  -2.2253817e+00
   3.2400000e+03  -2.3745367e+00
   3.2500000e+03  -2.4448239e+00
   3.2600000e+03  -2.2400781e+00
   3.2700000e+03  -2.0536124e+00
   3.2800000e+03  -2.7176309e+00
   3.2900000e+03  -2.4390134e+00
   3.3000000e+03  -2.7001276e+00
   3.3100000e+03  -1.5845875e+00
   3.3200000e+03  -1.5790065e+00
   3.3300000e+03  -2.1811518e+00
   3.3400000e+03  -2.3945595e+00
   3.3500000e+03  -2.5290043e+00
   3.3600000e+03  -2.5832753e+00
   3.3700000e+03  -2.4615594e+00
   3.3800000e+03  -2.4081257e+00
   3.3900000e+03  -2.2698693e+00
   3.4000000e+03  -2.3338262e+00
   3.4100000e+03  -2.2352705e+00
   3.4200000e+03  -2.1168310e+00
   3.4300000e+03  -2.2099319e+00
   3.4400000e+03  -2.3048322e+00
   3.4500000e+03  -2.1651189e+00
   3.4600000e+03  -2.2689412e+00
   3.4700000e+03  -2.3480505e+00
   3.4800000e+03  -2.3592758e+00
   3.4900000e+03  -2.4991966e+00
