   0.0000000e+00   1.1804031e-03
   1.0000000e+01  -5.6790525e-03
   2.0000000e+01   3.3785179e-03
   3.0000000e+01  -5.5781522e-04
   4.0000000e+01  -1.1967167e-02
   5.0000000e+01  -9.4337474e-03
   6.0000000e+01  -5.6790525e-03
   7.0000000e+01  -3.5244380e-02
   8.0000000e+01  -2.0442945e-01
   9.0000000e+01  -1.0046908e+00
   1.0000000e+02  -1.5485066e+00
   1.1000000e+02  -1.9279707e+00
   1.2000000e+02  -2.3312450e+00
   1.3000000e+02  -2.6519747e+00
   1.4000000e+02  -2.9060560e+00
   1.5000000e+02  -3.2586306e+00
   1.6000000e+02  -3.3572707e+00
   1.7000000e+02  -3.5237885e+00
   1.8000000e+02  -3.7541257e+00
   1.9000000e+02  -3.9267859e+00
   2.0000000e+02  -4.0489078e+00
   2.1000000e+02  -4.0602022e+00
   2.2000000e+02  -4.1636474e+00
   2.3000000e+02  -4.1810732e+00
   2.4000000e+02  -4.4342289e+00
   2.5000000e+02  -4.2816228e+00
   2.6000000e+02  -4.3402301e+00
   2.7000000e+02  -4.5084971e+00
   2.8000000e+02  -4.5448812e+00
   2.9000000e+02  -4.5650855e+00
   3.0000000e+02  -4.5610333e+00
   3.1000000e+02  -4.5308212e+00
   3.2000000e+02  -4.7712617e+00
   3.3000000e+02  -4.6909138e+00
   3.4000000e+02  -4.5538178e+00
   3.5000000e+02  -4.7862715e+00
   3.6000000e+02  -4.6636215e+00
   3.7000000e+02  -4.6077425e+00
   3.8000000e+02  -4.8496302e+00
   3.9000000e+02  -4.5552796e+00
   4.0000000e+02  -4.8513719e+00
   4.1000000e+02  -4.6694821e+00
   4.2000000e+02  -4.8501058e+00
   4.3000000e+02  -4.8265013e+00
   4.4000000e+02  -4.8873763e+00
   4.5000000e+02  -4.8631210e+00
   4.6000000e+02  -4.7603133e+00
   4.7000000e+02  -4.8045390e+00
   4.8000000e+02  -4.8636489e+00
   4.9000000e+02  -4.8278367e+00
   5.0000000e+02  -4.8492128e+00
   5.1000000e+02  -4.8778222e+00
   5.2000000e+02  -4.8147818e+00
   5.3000000e+02  -4.8959578e+00
   5.4000000e+02  -4.8415471e+00
   5.5000000e+02  -5.0081433e+00
   5.6000000e+02  -4.7782323e+00
   5.7000000e+02  -4.8247024e+00
   5.8000000e+02  -4.6219820e+00
   5.9000000e+02  -4.5764178e+00
   6.0000000e+02  -4.8986320e+00
   6.1000000e+02  -4.9045397e+00
   6.2000000e+02  -4.8322073e+00
   6.3000000e+02  -4.8602446e+00
   6.4000000e+02  -4.8526076e+00
   6.5000000e+02  -4.6667413e+00
   6.6000000e+02  -4.9433020e+00
   6.7000000e+02  -4.7287650e+00
   6.8000000e+02  -4.8198099e+00
   6.9000000e+02  -4.8802584e+00
   7.0000000e+02  -4.6772269e+00
   7.1000000e+02  -4.7365664e+00
   7.2000000e+02  -4.6968091e+00
   7.3000000e+02  -4.8491957e+00
   7.4000000e+02  -4.6897550e+00
   7.5000000e+02  -4.8113688e+00
   7.6000000e+02  -4.8079692e+00
   7.7000000e+02  -4.7914895e+00
   7.8000000e+02  -4.8353261e+00
   7.9000000e+02  -4.7908087e+00
   8.0000000e+02  -4.6605362e+00
   8.1000000e+02  -4.7121263e+00
   8.2000000e+02  -4.8193386e+00
   8.3000000e+02  -4.8843566e+00
   8.4000000e+02  -4.7328208e+00
   8.5000000e+02  -4.6919961e+00
   8.6000000e+02  -4.7672225e+00
   8.7000000e+02  -4.8239262e+00
   8.8000000e+02  -4.7143412e+00
   8.9000000e+02  -4.8084073e+00
   9.0000000e+02  -4.8679075e+00
   9.1000000e+02  -4.8968831e+00
   9.2000000e+02  -4.8234550e+00
   9.3000000e+02  -4.7934986e+00
   9.4000000e+02  -4.7816128e+00
   9.5000000e+02  -4.7924920e+00
   9.6000000e+02  -4.7360953e+00
   9.7000000e+02  -4.8080383e+00
   9.8000000e+02  -4.6322010e+00
   9.9000000e+02  -4.7555012e+00
   1.0000000e+03  -4.7512060e+00
   1.0100000e+03  -4.6623520e+00
   1.0200000e+03  -4.7289800e+00
   1.0300000e+03  -4.8042515e+00
   1.0400000e+03  -4.7210922e+00
   1.0500000e+03  -4.4756266e+00
   1.0600000e+03  -4.7616587e+00
   1.0700000e+03  -4.7233776e+00
   1.0800000e+03  -4.6565513e+00
   1.0900000e+03  -4.7656438e+00
   1.1000000e+03  -4.7367936e+00
   1.1100000e+03  -4.8234575e+00
   1.1200000e+03  -4.8413019e+00
   1.1300000e+03  -4.7873680e+00
   1.1400000e+03  -4.5862099e+00
   1.1500000e+03  -4.8398405e+00
   1.1600000e+03  -4.8665972e+00
   1.1700000e+03  -4.8019359e+00
   1.1800000e+03  -4.6796988e+00
   1.1900000e+03  -4.7601529e+00
   1.2000000e+03  -4.7006026e+00
   1.2100000e+03  -4.7402612e+00
   1.2200000e+03  -4.7979893e+00
   1.2300000e+03  -4.8343909e+00
   1.2400000e+03  -4.7739338e+00
   1.2500000e+03  -4.7927441e+00
   1.2600000e+03  -4.6020223e+00
   1.2700000e+03  -4.8094339e+00
   1.2800000e+03  -4.7531199e+00
   1.2900000e+03  -4.7511973e+00
   1.3000000e+03  -4.7945351e+00
   1.3100000e+03  -4.7552623e+00
   1.3200000e+03  -4.6302582e+00
   1.3300000e+03  -4.7231650e+00
   1.3400000e+03  -4.7644699e+00
   1.3500000e+03  -4.7825812e+00
   1.3600000e+03  -4.8264375e+00
   1.3700000e+03  -4.7012225e+00
   1.3800000e+03  -4.7045382e+00
   1.3900000e+03  -4.7845794e+00
   1.4000000e+03  -4.6844188e+00
   1.4100000e+03  -4.7043909e+00
   1.4200000e+03  -4.7489041e+00
   1.4300000e+03  -4.7371139e+00
   1.4400000e+03  -4.8512124e+00
   1.4500000e+03  -4.6732095e+00
   1.4600000e+03  -4.6898767e+00
   1.4700000e+03  -4.7722219e+00
   1.4800000e+03  -4.6822641e+00
   1.4900000e+03  -4.6698534e+00
   1.5000000e+03  -4.6672002e+00
   1.5100000e+03  -4.6482927e+00
   1.5200000e+03  -4.8667232e+00
   1.5300000e+03  -4.5557099e+00
   1.5400000e+03  -4.7476717e+00
   1.5500000e+03  -4.6723742e+00
   1.5600000e+03  -4.6188990e+00
   1.5700000e+03  -4.5573262e+00
   1.5800000e+03  -4.7555174e+00
   1.5900000e+03  -4.6853600e+00
   1.6000000e+03  -4.7944309e+00
   1.6100000e+03  -4.7288934e+00
   1.6200000e+03  -4.6214233e+00
   1.6300000e+03  -4.6436425e+00
   1.6400000e+03  -4.5973296e+00
   1.6500000e+03  -4.5950216e+00
   1.6600000e+03  -4.7067228e+00
   1.6700000e+03  -4.8616080e+00
   1.6800000e+03  -4.8477398e+00
   1.6900000e+03  -4.8960731e+00
   1.7000000e+03  -4.6734462e+00
   1.7100000e+03  -4.7892705e+00
   1.7200000e+03  -4.8384943e+00
   1.7300000e+03  -4.7117800e+00
   1.7400000e+03  -4.9273120e+00
   1.7500000e+03  -4.7506708e+00
   1.7600000e+03  -4.8077275e+00
   1.7700000e+03  -4.7866593e+00
   1.7800000e+03  -4.8109860e+00
   1.7900000e+03  -4.7938759e+00
   1.8000000e+03  -4.7361660e+00
   1.8100000e+03  -4.8325858e+00
   1.8200000e+03  -4.8884562e+00
   1.8300000e+03  -4.7711046e+00
   1.8400000e+03  -4.7858827e+00
   1.8500000e+03  -4.7603054e+00
   1.8600000e+03  -4.8829271e+00
   1.8700000e+03  -4.8591873e+00
   1.8800000e+03  -4.7995168e+00
   1.8900000e+03  -4.9548882e+00
   1.9000000e+03  -4.8514370e+00
   1.9100000e+03  -4.8383388e+00
   1.9200000e+03  -4.8973010e+00
   1.9300000e+03  -4.7830388e+00
   1.9400000e+03  -4.8168919e+00
   1.9500000e+03  -4.8689872e+00
   1.9600000e+03  -4.8527497e+00
   1.9700000e+03  -4.9371146e+00
   1.9800000e+03  -4.8961474e+00
   1.9900000e+03  -4.9086348e+00
   2.0000000e+03  -4.7336053e+00
   2.0100000e+03  -4.9223287e+00
   2.0200000e+03  -4.9969484e+00
   2.0300000e+03  -4.8645728e+00
   2.0400000e+03  -4.7999725e+00
   2.0500000e+03  -4.8079469e+00
   2.0600000e+03  -4.7594320e+00
   2.0700000e+03  -4.9079575e+00
   2.0800000e+03  -4.7879200e+00
   2.0900000e+03  -4.6769012e+00
   2.1000000e+03  -4.9218535e+00
   2.1100000e+03  -4.9863222e+00
   2.1200000e+03  -4.9771691e+00
   2.1300000e+03  -4.8042771e+00
   2.1400000e+03  -4.8787206e+00
   2.1500000e+03  -4.7330282e+00
   2.1600000e+03  -4.8206718e+00
   2.1700000e+03  -4.8356569e+00
   2.1800000e+03  -4.6969321e+00
   2.1900000e+03  -4.8844351e+00
   2.2000000e+03  -4.8174411e+00
   2.2100000e+03  -4.7657623e+00
   2.2200000e+03  -4.7677523e+00
   2.2300000e+03  -4.7240915e+00
   2.2400000e+03  -4.8522366e+00
   2.2500000e+03  -4.8709853e+00
   2.2600000e+03  -4.7915763e+00
   2.2700000e+03  -4.6854966e+00
   2.2800000e+03  -4.8128678e+00
   2.2900000e+03  -4.7602696e+00
   2.3000000e+03  -4.8842624e+00
   2.3100000e+03  -4.8649581e+00
   2.3200000e+03  -4.7508669e+00
   2.3300000e+03  -4.6056867e+00
   2.3400000e+03  -4.7205001e+00
   2.3500000e+03  -4.7790755e+00
   2.3600000e+03  -4.7879563e+00
   2.3700000e+03  -4.8819171e+00
   2.3800000e+03  -4.6288301e+00
   2.3900000e+03  -4.7311520e+00
   2.4000000e+03  -4.7715236e+00
   2.4100000e+03  -4.8528420e+00
   2.4200000e+03  -4.7172639e+00
   2.4300000e+03  -4.7735465e+00
   2.4400000e+03  -4.9047854e+00
   2.4500000e+03  -4.6944510e+00
   2.4600000e+03  -4.6813995e+00
   2.4700000e+03  -4.6893713e+00
   2.4800000e+03  -4.6030792e+00
   2.4900000e+03  -4.7302107e+00
   2.5000000e+03  -4.9159400e+00
   2.5100000e+03  -4.6096485e+00
   2.5200000e+03  -4.7164919e+00
   2.5300000e+03  -4.8066574e+00
   2.5400000e+03  -4.7541810e+00
   2.5500000e+03  -4.7959748e+00
   2.5600000e+03  -4.7114437e+00
   2.5700000e+03  -4.8635433e+00
   2.5800000e+03  -4.9297625e+00
   2.5900000e+03  -4.7695141e+00
   2.6000000e+03  -4.8866188e+00
   2.6100000e+03  -4.9402601e+00
   2.6200000e+03  -4.8651851e+00
   2.6300000e+03  -4.8743701e+00
   2.6400000e+03  -4.7659786e+00
   2.6500000e+03  -4.6714199e+00
   2.6600000e+03  -4.7819318e+00
   2.6700000e+03  -4.7908233e+00
   2.6800000e+03  -4.8360873e+00
   2.6900000e+03  -4.8572397e+00
   2.7000000e+03  -4.6851068e+00
   2.7100000e+03  -4.8422670e+00
   2.7200000e+03  -4.7865547e+00
   2.7300000e+03  -4.7552522e+00
   2.7400000e+03  -4.8862694e+00
   2.7500000e+03  -4.8050083e+00
   2.7600000e+03  -4.7142743e+00
   2.7700000e+03  -4.6522037e+00
   2.7800000e+03  -4.7235869e+00
   2.7900000e+03  -4.8289674e+00
   2.8000000e+03  -4.7637284e+00
   2.8100000e+03  -4.8423859e+00
   2.8200000e+03  -4.8287813e+00
   2.8300000e+03  -4.7392461e+00
   2.8400000e+03  -4.7028549e+00
   2.8500000e+03  -4.9030713e+00
   2.8600000e+03  -4.6565276e+00
   2.8700000e+03  -4.7392379e+00
   2.8800000e+03  -4.8241839e+00
   2.8900000e+03  -4.6527170e+00
   2.9000000e+03  -4.7243215e+00
   2.9100000e+03  -4.6138443e+00
   2.9200000e+03  -4.7753250e+00
   2.9300000e+03  -4.7018637e+00
   2.9400000e+03  -4.7640917e+00
   2.9500000e+03  -4.6783612e+00
   2.9600000e+03  -4.7241746e+00
   2.9700000e+03  -4.7636875e+00
   2.9800000e+03  -4.7787815e+00
   2.9900000e+03  -4.8138937e+00
   3.0000000e+03  -4.7356869e+00
   3.0100000e+03  -4.7215071e+00
   3.0200000e+03  -4.7466770e+00
   3.0300000e+03  -4.7777320e+00
   3.0400000e+03  -4.7491356e+00
   3.0500000e+03  -4.9431672e+00
   3.0600000e+03  -4.9697127e+00
   3.0700000e+03  -4.8471799e+00
   3.0800000e+03  -4.9574961e+00
   3.0900000e+03  -4.8885995e+00
   3.1000000e+03  -4.7988773e+00
   3.1100000e+03  -4.6928077e+00
   3.1200000e+03  -4.8121730e+00
   3.1300000e+03  -4.7360988e+00
   3.1400000e+03  -4.6467895e+00
   3.1500000e+03  -4.7950339e+00
   3.1600000e+03  -4.8337026e+00
   3.1700000e+03  -4.8345655e+00
   3.1800000e+03  -4.9213775e+00
   3.1900000e+03  -4.6631111e+00
   3.2000000e+03  -4.7550382e+00
   3.2100000e+03  -4.6840400e+00
   3.2200000e+03  -4.7169552e+00
   3.2300000e+03  -4.7646553e+00
   3.2400000e+03  -4.8458863e+00
   3.2500000e+03  -4.9194955e+00
   3.2600000e+03  -4.8604686e+00
   3.2700000e+03  -4.7845637e+00
   3.2800000e+03  -4.7792834e+00
   3.2900000e+03  -4.5565106e+00
   3.3000000e+03  -4.5944741e+00
   3.3100000e+03  -4.7291916e+00
   3.3200000e+03  -4.5313687e+00
   3.3300000e+03  -4.6960888e+00
   3.3400000e+03  -4.7468784e+00
   3.3500000e+03  -4.7230380e+00
   3.3600000e+03  -4.8027340e+00
   3.3700000e+03  -4.7552821e+00
   3.3800000e+03  -4.9700557e+00
   3.3900000e+03  -4.8281644e+00
   3.4000000e+03  -4.7685145e+00
   3.4100000e+03  -4.8658051e+00
   3.4200000e+03  -4.6996154e+00
   3.4300000e+03  -4.8422974e+00
   3.4400000e+03  -4.8273078e+00
   3.4500000e+03  -4.7657584e+00
   3.4600000e+03  -4.6985855e+00
   3.4700000e+03  -4.7674194e+00
   3.4800000e+03  -4.7835053e+00
   3.4900000e+03  -4.6359669e+00
