   0.0000000e+00   1.7195367e+01
   1.0000000e+01   1.7198489e+01
   2.0000000e+01   1.7193019e+01
   3.0000000e+01   1.7188780e+01
   4.0000000e+01   1.7192959e+01
   5.0000000e+01   1.7191345e+01
   6.0000000e+01   1.7196243e+01
   7.0000000e+01   1.7183764e+01
   8.0000000e+01   1.7218748e+01
   9.0000000e+01   1.7202053e+01
   1.0000000e+02   1.7189496e+01
   1.1000000e+02   1.7231137e+01
   1.2000000e+02   1.7260976e+01
   1.3000000e+02   1.7255320e+01
   1.4000000e+02   1.7307895e+01
   1.5000000e+02   1.7357075e+01
   1.6000000e+02   1.7390448e+01
   1.7000000e+02   1.7488626e+01
   1.8000000e+02   1.7612737e+01
   1.9000000e+02   1.7773602e+01
   2.0000000e+02   1.7901897e+01
   2.1000000e+02   1.8072412e+01
   2.2000000e+02   1.8266485e+01
   2.3000000e+02   1.8470509e+01
   2.4000000e+02   1.8665841e+01
   2.5000000e+02   1.8877012e+01
   2.6000000e+02   1.9098604e+01
   2.7000000e+02   1.9281306e+01
   2.8000000e+02   1.9480960e+01
   2.9000000e+02   1.9674485e+01
   3.0000000e+02   1.9920520e+01
   3.1000000e+02   2.0144587e+01
   3.2000000e+02   2.0370417e+01
   3.3000000e+02   2.0586775e+01
   3.4000000e+02   2.0797062e+01
   3.5000000e+02   2.1002539e+01
   3.6000000e+02   2.1257690e+01
   3.7000000e+02   2.1588478e+01
   3.8000000e+02   2.1880692e+01
   3.9000000e+02   2.2155506e+01
   4.0000000e+02   2.2444041e+01
   4.1000000e+02   2.2667714e+01
   4.2000000e+02   2.2985258e+01
   4.3000000e+02   2.3212051e+01
   4.4000000e+02   2.3461049e+01
   4.5000000e+02   2.3751570e+01
   4.6000000e+02   2.3933583e+01
   4.7000000e+02   2.3998163e+01
   4.8000000e+02   2.4050652e+01
   4.9000000e+02   2.4207634e+01
   5.0000000e+02   2.4516667e+01
   5.1000000e+02   2.4754800e+01
   5.2000000e+02   2.4883905e+01
   5.3000000e+02   2.5019305e+01
   5.4000000e+02   2.5176604e+01
   5.5000000e+02   2.5262692e+01
   5.6000000e+02   2.5312742e+01
   5.7000000e+02   2.5345680e+01
   5.8000000e+02   2.5342104e+01
   5.9000000e+02   2.5357092e+01
   6.0000000e+02   2.5438364e+01
   6.1000000e+02   2.5409562e+01
   6.2000000e+02   2.5367291e+01
   6.3000000e+02   2.5358405e+01
   6.4000000e+02   2.5451330e+01
   6.5000000e+02   2.5425111e+01
   6.6000000e+02   2.5534429e+01
   6.7000000e+02   2.5710110e+01
   6.8000000e+02   2.5906392e+01
   6.9000000e+02   2.6089021e+01
   7.0000000e+02   2.6253199e+01
   7.1000000e+02   2.6456546e+01
   7.2000000e+02   2.6675467e+01
   7.3000000e+02   2.6942211e+01
   7.4000000e+02   2.7184063e+01
   7.5000000e+02   2.7419670e+01
   7.6000000e+02   2.7655845e+01
   7.7000000e+02   2.7867448e+01
   7.8000000e+02   2.8041844e+01
   7.9000000e+02   2.8225470e+01
   8.0000000e+02   2.8351918e+01
   8.1000000e+02   2.8544360e+01
   8.2000000e+02   2.8695565e+01
   8.3000000e+02   2.8828369e+01
   8.4000000e+02   2.8995088e+01
   8.5000000e+02   2.9142593e+01
   8.6000000e+02   2.9351437e+01
   8.7000000e+02   2.9510030e+01
   8.8000000e+02   2.9407453e+01
   8.9000000e+02   2.9366118e+01
   9.0000000e+02   2.9307218e+01
   9.1000000e+02   2.9193157e+01
   9.2000000e+02   2.9072215e+01
   9.3000000e+02   2.8979235e+01
   9.4000000e+02   2.8857632e+01
   9.5000000e+02   2.8859230e+01
   9.6000000e+02   2.8962474e+01
   9.7000000e+02   2.9159094e+01
   9.8000000e+02   2.9360720e+01
   9.9000000e+02   2.9587099e+01
   1.0000000e+03   2.9857357e+01
   1.0100000e+03   3.0099092e+01
   1.0200000e+03   3.0323795e+01
   1.0300000e+03   3.0554470e+01
   1.0400000e+03   3.0733141e+01
   1.0500000e+03   3.0906107e+01
   1.0600000e+03   3.1035193e+01
   1.0700000e+03   3.1151608e+01
   1.0800000e+03   3.1282645e+01
   1.0900000e+03   3.1367329e+01
   1.1000000e+03   3.1350822e+01
   1.1100000e+03   3.1366785e+01
   1.1200000e+03   3.1412975e+01
   1.1300000e+03   3.1505385e+01
   1.1400000e+03   3.1587805e+01
   1.1500000e+03   3.1677307e+01
   1.1600000e+03   3.1731348e+01
   1.1700000e+03   3.1693289e+01
   1.1800000e+03   3.1651821e+01
   1.1900000e+03   3.1581486e+01
   1.2000000e+03   3.1552469e+01
   1.2100000e+03   3.1475932e+01
   1.2200000e+03   3.1428512e+01
   1.2300000e+03   3.1404865e+01
   1.2400000e+03   3.1403426e+01
   1.2500000e+03   3.1387978e+01
   1.2600000e+03   3.1363453e+01
   1.2700000e+03   3.1365306e+01
   1.2800000e+03   3.1402573e+01
   1.2900000e+03   3.1457058e+01
   1.3000000e+03   3.1530948e+01
   1.3100000e+03   3.1614838e+01
   1.3200000e+03   3.1717826e+01
   1.3300000e+03   3.1809028e+01
   1.3400000e+03   3.1916604e+01
   1.3500000e+03   3.2013077e+01
   1.3600000e+03   3.2093884e+01
   1.3700000e+03   3.2138394e+01
   1.3800000e+03   3.2147301e+01
   1.3900000e+03   3.2147985e+01
   1.4000000e+03   3.2165071e+01
   1.4100000e+03   3.2171347e+01
   1.4200000e+03   3.2107463e+01
   1.4300000e+03   3.2028675e+01
   1.4400000e+03   3.1967009e+01
   1.4500000e+03   3.1876641e+01
   1.4600000e+03   3.1751681e+01
   1.4700000e+03   3.1618630e+01
   1.4800000e+03   3.1512397e+01
   1.4900000e+03   3.1437403e+01
   1.5000000e+03   3.1380546e+01
   1.5100000e+03   3.1255051e+01
   1.5200000e+03   3.1092683e+01
   1.5300000e+03   3.0926298e+01
   1.5400000e+03   3.0660077e+01
   1.5500000e+03   3.0378814e+01
   1.5600000e+03   3.0440688e+01
   1.5700000e+03   3.0537836e+01
   1.5800000e+03   3.0682503e+01
   1.5900000e+03   3.0743282e+01
   1.6000000e+03   3.0666468e+01
   1.6100000e+03   3.0532250e+01
   1.6200000e+03   3.0439192e+01
   1.6300000e+03   3.0404588e+01
   1.6400000e+03   3.0237610e+01
   1.6500000e+03   3.0140848e+01
   1.6600000e+03   3.0041524e+01
   1.6700000e+03   2.9936315e+01
   1.6800000e+03   2.9792173e+01
   1.6900000e+03   2.9654005e+01
   1.7000000e+03   2.9535378e+01
   1.7100000e+03   2.9385744e+01
   1.7200000e+03   2.9204308e+01
   1.7300000e+03   2.9019648e+01
   1.7400000e+03   2.8832332e+01
   1.7500000e+03   2.8663945e+01
   1.7600000e+03   2.8639391e+01
   1.7700000e+03   2.8628252e+01
   1.7800000e+03   2.8621428e+01
   1.7900000e+03   2.8708908e+01
   1.8000000e+03   2.8837184e+01
   1.8100000e+03   2.8986144e+01
   1.8200000e+03   2.9161577e+01
   1.8300000e+03   2.9296048e+01
   1.8400000e+03   2.9414971e+01
   1.8500000e+03   2.9559899e+01
   1.8600000e+03   2.9708438e+01
   1.8700000e+03   2.9835227e+01
   1.8800000e+03   2.9989351e+01
   1.8900000e+03   3.0127877e+01
   1.9000000e+03   3.0275390e+01
   1.9100000e+03   3.0429691e+01
   1.9200000e+03   3.0568159e+01
   1.9300000e+03   3.0674038e+01
   1.9400000e+03   3.0811298e+01
   1.9500000e+03   3.0942530e+01
   1.9600000e+03   3.1075852e+01
   1.9700000e+03   3.1165022e+01
   1.9800000e+03   3.1238498e+01
   1.9900000e+03   3.1278840e+01
   2.0000000e+03   3.1336183e+01
   2.0100000e+03   3.1386220e+01
   2.0200000e+03   3.1431300e+01
   2.0300000e+03   3.1474203e+01
   2.0400000e+03   3.1530130e+01
   2.0500000e+03   3.1589181e+01
   2.0600000e+03   3.1626660e+01
   2.0700000e+03   3.1667182e+01
   2.0800000e+03   3.1723035e+01
   2.0900000e+03   3.1729028e+01
   2.1000000e+03   3.1721073e+01
   2.1100000e+03   3.1731007e+01
   2.1200000e+03   3.1709706e+01
   2.1300000e+03   3.1675164e+01
   2.1400000e+03   3.1691417e+01
   2.1500000e+03   3.1695739e+01
   2.1600000e+03   3.1682701e+01
   2.1700000e+03   3.1705290e+01
   2.1800000e+03   3.1713738e+01
   2.1900000e+03   3.1750777e+01
   2.2000000e+03   3.1776773e+01
   2.2100000e+03   3.1814778e+01
   2.2200000e+03   3.1828057e+01
   2.2300000e+03   3.1865727e+01
   2.2400000e+03   3.1904705e+01
   2.2500000e+03   3.1956180e+01
   2.2600000e+03   3.1963122e+01
   2.2700000e+03   3.1986233e+01
   2.2800000e+03   3.1963503e+01
   2.2900000e+03   3.1922928e+01
   2.3000000e+03   3.1873489e+01
   2.3100000e+03   3.1816323e+01
   2.3200000e+03   3.1707118e+01
   2.3300000e+03   3.1578106e+01
   2.3400000e+03   3.1492602e+01
   2.3500000e+03   3.1391458e+01
   2.3600000e+03   3.1316079e+01
   2.3700000e+03   3.1259190e+01
   2.3800000e+03   3.1236661e+01
   2.3900000e+03   3.1209745e+01
   2.4000000e+03   3.1158966e+01
   2.4100000e+03   3.1148901e+01
   2.4200000e+03   3.1114980e+01
   2.4300000e+03   3.1087679e+01
   2.4400000e+03   3.1093989e+01
   2.4500000e+03   3.1094567e+01
   2.4600000e+03   3.1092822e+01
   2.4700000e+03   3.1094706e+01
   2.4800000e+03   3.1092672e+01
   2.4900000e+03   3.1118300e+01
   2.5000000e+03   3.1173781e+01
   2.5100000e+03   3.1233598e+01
   2.5200000e+03   3.1263111e+01
   2.5300000e+03   3.1308978e+01
   2.5400000e+03   3.1354162e+01
   2.5500000e+03   3.1441870e+01
   2.5600000e+03   3.1511148e+01
   2.5700000e+03   3.1562747e+01
   2.5800000e+03   3.1615720e+01
   2.5900000e+03   3.1653209e+01
   2.6000000e+03   3.1686460e+01
   2.6100000e+03   3.1709183e+01
   2.6200000e+03   3.1762824e+01
   2.6300000e+03   3.1816055e+01
   2.6400000e+03   3.1826942e+01
   2.6500000e+03   3.1838549e+01
   2.6600000e+03   3.1864182e+01
   2.6700000e+03   3.1899105e+01
   2.6800000e+03   3.1926247e+01
   2.6900000e+03   3.1966943e+01
   2.7000000e+03   3.2034293e+01
   2.7100000e+03   3.2058606e+01
   2.7200000e+03   3.2102304e+01
   2.7300000e+03   3.2165670e+01
   2.7400000e+03   3.2217212e+01
   2.7500000e+03   3.2284712e+01
   2.7600000e+03   3.2344499e+01
   2.7700000e+03   3.2385331e+01
   2.7800000e+03   3.2438241e+01
   2.7900000e+03   3.2501779e+01
   2.8000000e+03   3.2544085e+01
   2.8100000e+03   3.2597906e+01
   2.8200000e+03   3.2637573e+01
   2.8300000e+03   3.2682500e+01
   2.8400000e+03   3.2721425e+01
   2.8500000e+03   3.2732061e+01
   2.8600000e+03   3.2768130e+01
   2.8700000e+03   3.2825529e+01
   2.8800000e+03   3.2841085e+01
   2.8900000e+03   3.2863215e+01
   2.9000000e+03   3.2901435e+01
   2.9100000e+03   3.2881872e+01
   2.9200000e+03   3.2852110e+01
   2.9300000e+03   3.2884642e+01
   2.9400000e+03   3.2910104e+01
   2.9500000e+03   3.2952143e+01
   2.9600000e+03   3.2956096e+01
   2.9700000e+03   3.2984955e+01
   2.9800000e+03   3.2961894e+01
   2.9900000e+03   3.2957369e+01
   3.0000000e+03   3.2919498e+01
   3.0100000e+03   3.2901449e+01
   3.0200000e+03   3.2907450e+01
   3.0300000e+03   3.2914790e+01
   3.0400000e+03   3.2896071e+01
   3.0500000e+03   3.2809252e+01
   3.0600000e+03   3.2714952e+01
   3.0700000e+03   3.2671692e+01
   3.0800000e+03   3.2601848e+01
   3.0900000e+03   3.2626394e+01
   3.1000000e+03   3.2618093e+01
   3.1100000e+03   3.2649157e+01
   3.1200000e+03   3.2636606e+01
   3.1300000e+03   3.2658875e+01
   3.1400000e+03   3.2676606e+01
   3.1500000e+03   3.2694847e+01
   3.1600000e+03   3.2678985e+01
   3.1700000e+03   3.2693000e+01
   3.1800000e+03   3.2711991e+01
   3.1900000e+03   3.2719063e+01
   3.2000000e+03   3.2734169e+01
   3.2100000e+03   3.2744071e+01
   3.2200000e+03   3.2749694e+01
   3.2300000e+03   3.2759766e+01
   3.2400000e+03   3.2780541e+01
   3.2500000e+03   3.2771806e+01
   3.2600000e+03   3.2762397e+01
   3.2700000e+03   3.2764713e+01
   3.2800000e+03   3.2774537e+01
   3.2900000e+03   3.2779454e+01
   3.3000000e+03   3.2793347e+01
   3.3100000e+03   3.2815788e+01
   3.3200000e+03   3.2815821e+01
   3.3300000e+03   3.2834576e+01
   3.3400000e+03   3.2819422e+01
   3.3500000e+03   3.2774110e+01
   3.3600000e+03   3.2735195e+01
   3.3700000e+03   3.2698610e+01
   3.3800000e+03   3.2657565e+01
   3.3900000e+03   3.2573848e+01
   3.4000000e+03   3.2487123e+01
   3.4100000e+03   3.2399040e+01
   3.4200000e+03   3.2300512e+01
   3.4300000e+03   3.2178326e+01
   3.4400000e+03   3.2043417e+01
   3.4500000e+03   3.1879201e+01
   3.4600000e+03   3.1746811e+01
   3.4700000e+03   3.1584006e+01
   3.4800000e+03   3.1479978e+01
   3.4900000e+03   3.1342489e+01
