   0.0000000e+00   3.7602578e-03
   1.0000000e+01  -1.2365286e-02
   2.0000000e+01   6.5923461e-03
   3.0000000e+01  -1.6272983e-02
   4.0000000e+01  -2.5448506e-01
   5.0000000e+01  -1.5922543e+00
   6.0000000e+01  -4.5322019e+00
   7.0000000e+01  -7.4015067e+00
   8.0000000e+01  -8.9151592e+00
   9.0000000e+01  -1.0644836e+01
   1.0000000e+02  -1.2121536e+01
   1.1000000e+02  -1.3550659e+01
   1.2000000e+02  -1.4283274e+01
   1.3000000e+02  -1.4985469e+01
   1.4000000e+02  -1.5648545e+01
   1.5000000e+02  -1.6211884e+01
   1.6000000e+02  -1.6838336e+01
   1.7000000e+02  -1.7170250e+01
   1.8000000e+02  -1.7436970e+01
   1.9000000e+02  -1.7975314e+01
   2.0000000e+02  -1.8034980e+01
   2.1000000e+02  -1.8283243e+01
   2.2000000e+02  -1.8481874e+01
   2.3000000e+02  -1.8508304e+01
   2.4000000e+02  -1.8882538e+01
   2.5000000e+02  -1.9422597e+01
   2.6000000e+02  -1.9401704e+01
   2.7000000e+02  -1.9464159e+01
   2.8000000e+02  -1.9621217e+01
   2.9000000e+02  -1.9723352e+01
   3.0000000e+02  -2.0047952e+01
   3.1000000e+02  -1.9984280e+01
   3.2000000e+02  -1.9899918e+01
   3.3000000e+02  -1.9869431e+01
   3.4000000e+02  -1.9960766e+01
   3.5000000e+02  -2.0131766e+01
   3.6000000e+02  -2.0278600e+01
   3.7000000e+02  -2.0367873e+01
   3.8000000e+02  -2.0587522e+01
   3.9000000e+02  -2.0550498e+01
   4.0000000e+02  -2.0639841e+01
   4.1000000e+02  -2.0454567e+01
   4.2000000e+02  -2.0443588e+01
   4.3000000e+02  -2.0700192e+01
   4.4000000e+02  -2.0860562e+01
   4.5000000e+02  -2.0585032e+01
   4.6000000e+02  -2.0869434e+01
   4.7000000e+02  -2.0874296e+01
   4.8000000e+02  -2.1026258e+01
   4.9000000e+02  -2.1157390e+01
   5.0000000e+02  -2.1135109e+01
   5.1000000e+02  -2.1078235e+01
   5.2000000e+02  -2.1236662e+01
   5.3000000e+02  -2.1187307e+01
   5.4000000e+02  -2.1536482e+01
   5.5000000e+02  -2.1565206e+01
   5.6000000e+02  -2.1532636e+01
   5.7000000e+02  -2.1645828e+01
   5.8000000e+02  -2.1766542e+01
   5.9000000e+02  -2.2118532e+01
   6.0000000e+02  -2.2047133e+01
   6.1000000e+02  -2.2107111e+01
   6.2000000e+02  -2.2294770e+01
   6.3000000e+02  -2.2485458e+01
   6.4000000e+02  -2.2732237e+01
   6.5000000e+02  -2.2751541e+01
   6.6000000e+02  -2.2889107e+01
   6.7000000e+02  -2.2666035e+01
   6.8000000e+02  -2.2570733e+01
   6.9000000e+02  -2.2723430e+01
   7.0000000e+02  -2.2803824e+01
   7.1000000e+02  -2.2706450e+01
   7.2000000e+02  -2.2497676e+01
   7.3000000e+02  -2.2532016e+01
   7.4000000e+02  -2.2577438e+01
   7.5000000e+02  -2.2864417e+01
   7.6000000e+02  -2.2486998e+01
   7.7000000e+02  -2.2804264e+01
   7.8000000e+02  -2.2564318e+01
   7.9000000e+02  -2.2334769e+01
   8.0000000e+02  -2.2446036e+01
   8.1000000e+02  -2.2561166e+01
   8.2000000e+02  -2.2684946e+01
   8.3000000e+02  -2.2696948e+01
   8.4000000e+02  -2.2507910e+01
   8.5000000e+02  -2.2481706e+01
   8.6000000e+02  -2.2664043e+01
   8.7000000e+02  -2.2398283e+01
   8.8000000e+02  -2.2511463e+01
   8.9000000e+02  -2.2289004e+01
   9.0000000e+02  -2.2356409e+01
   9.1000000e+02  -2.2647771e+01
   9.2000000e+02  -2.2452361e+01
   9.3000000e+02  -2.2331255e+01
   9.4000000e+02  -2.2248448e+01
   9.5000000e+02  -2.2363449e+01
   9.6000000e+02  -2.2323761e+01
   9.7000000e+02  -2.2504180e+01
   9.8000000e+02  -2.2392569e+01
   9.9000000e+02  -2.2434753e+01
   1.0000000e+03  -2.2413312e+01
   1.0100000e+03  -2.2666727e+01
   1.0200000e+03  -2.2475040e+01
   1.0300000e+03  -2.2455871e+01
   1.0400000e+03  -2.2594691e+01
   1.0500000e+03  -2.2354858e+01
   1.0600000e+03  -2.2508892e+01
   1.0700000e+03  -2.2341135e+01
   1.0800000e+03  -2.2235917e+01
   1.0900000e+03  -2.2326691e+01
   1.1000000e+03  -2.2337667e+01
   1.1100000e+03  -2.2366777e+01
   1.1200000e+03  -2.2245004e+01
   1.1300000e+03  -2.2321340e+01
   1.1400000e+03  -2.2461497e+01
   1.1500000e+03  -2.2406424e+01
   1.1600000e+03  -2.2345417e+01
   1.1700000e+03  -2.2340722e+01
   1.1800000e+03  -2.2291546e+01
   1.1900000e+03  -2.2355326e+01
   1.2000000e+03  -2.2254538e+01
   1.2100000e+03  -2.2331101e+01
   1.2200000e+03  -2.2222673e+01
   1.2300000e+03  -2.2303759e+01
   1.2400000e+03  -2.2395727e+01
   1.2500000e+03  -2.2344884e+01
   1.2600000e+03  -2.2269477e+01
   1.2700000e+03  -2.2331586e+01
   1.2800000e+03  -2.2365372e+01
   1.2900000e+03  -2.2290030e+01
   1.3000000e+03  -2.2351130e+01
   1.3100000e+03  -2.2333941e+01
   1.3200000e+03  -2.2308506e+01
   1.3300000e+03  -2.2474645e+01
   1.3400000e+03  -2.2461016e+01
   1.3500000e+03  -2.2271170e+01
   1.3600000e+03  -2.2476504e+01
   1.3700000e+03  -2.2393802e+01
   1.3800000e+03  -2.2293723e+01
   1.3900000e+03  -2.2404545e+01
   1.4000000e+03  -2.2361938e+01
   1.4100000e+03  -2.2330860e+01
   1.4200000e+03  -2.2379755e+01
   1.4300000e+03  -2.2339304e+01
   1.4400000e+03  -2.2355545e+01
   1.4500000e+03  -2.2408563e+01
   1.4600000e+03  -2.2431328e+01
   1.4700000e+03  -2.2580507e+01
   1.4800000e+03  -2.2392134e+01
   1.4900000e+03  -2.2594336e+01
   1.5000000e+03  -2.2485537e+01
   1.5100000e+03  -2.2445710e+01
   1.5200000e+03  -2.2490166e+01
   1.5300000e+03  -2.2434562e+01
   1.5400000e+03  -2.2456840e+01
   1.5500000e+03  -2.2266303e+01
   1.5600000e+03  -2.2520696e+01
   1.5700000e+03  -2.2393895e+01
   1.5800000e+03  -2.2495131e+01
   1.5900000e+03  -2.2591016e+01
   1.6000000e+03  -2.2360203e+01
   1.6100000e+03  -2.2368006e+01
   1.6200000e+03  -2.2613710e+01
   1.6300000e+03  -2.2559634e+01
   1.6400000e+03  -2.2530801e+01
   1.6500000e+03  -2.2571678e+01
   1.6600000e+03  -2.2455869e+01
   1.6700000e+03  -2.2577053e+01
   1.6800000e+03  -2.2404156e+01
   1.6900000e+03  -2.2377251e+01
   1.7000000e+03  -2.2356623e+01
   1.7100000e+03  -2.2387177e+01
   1.7200000e+03  -2.2368782e+01
   1.7300000e+03  -2.2187938e+01
   1.7400000e+03  -2.2336605e+01
   1.7500000e+03  -2.2383311e+01
   1.7600000e+03  -2.2425963e+01
   1.7700000e+03  -2.2404558e+01
   1.7800000e+03  -2.2470512e+01
   1.7900000e+03  -2.2376554e+01
   1.8000000e+03  -2.2415551e+01
   1.8100000e+03  -2.2709481e+01
   1.8200000e+03  -2.2570987e+01
   1.8300000e+03  -2.2621006e+01
   1.8400000e+03  -2.2573432e+01
   1.8500000e+03  -2.2895133e+01
   1.8600000e+03  -2.2792040e+01
   1.8700000e+03  -2.2735859e+01
   1.8800000e+03  -2.2442244e+01
   1.8900000e+03  -2.2848013e+01
   1.9000000e+03  -2.2693771e+01
   1.9100000e+03  -2.2727122e+01
   1.9200000e+03  -2.2624095e+01
   1.9300000e+03  -2.2654232e+01
   1.9400000e+03  -2.2695502e+01
   1.9500000e+03  -2.2849456e+01
   1.9600000e+03  -2.2795581e+01
   1.9700000e+03  -2.2901554e+01
   1.9800000e+03  -2.2741744e+01
   1.9900000e+03  -2.2811605e+01
   2.0000000e+03  -2.2968470e+01
   2.0100000e+03  -2.2815035e+01
   2.0200000e+03  -2.2933585e+01
   2.0300000e+03  -2.2926028e+01
   2.0400000e+03  -2.2936016e+01
   2.0500000e+03  -2.2973437e+01
   2.0600000e+03  -2.2805880e+01
   2.0700000e+03  -2.3017174e+01
   2.0800000e+03  -2.2991480e+01
   2.0900000e+03  -2.2947993e+01
   2.1000000e+03  -2.3268610e+01
   2.1100000e+03  -2.2956443e+01
   2.1200000e+03  -2.3106248e+01
   2.1300000e+03  -2.3009581e+01
   2.1400000e+03  -2.3169591e+01
   2.1500000e+03  -2.3247874e+01
   2.1600000e+03  -2.3146856e+01
   2.1700000e+03  -2.3085380e+01
   2.1800000e+03  -2.3159419e+01
   2.1900000e+03  -2.3145735e+01
   2.2000000e+03  -2.3181451e+01
   2.2100000e+03  -2.3193742e+01
   2.2200000e+03  -2.2963700e+01
   2.2300000e+03  -2.2911433e+01
   2.2400000e+03  -2.3129346e+01
   2.2500000e+03  -2.3139393e+01
   2.2600000e+03  -2.3269354e+01
   2.2700000e+03  -2.3139971e+01
   2.2800000e+03  -2.3248037e+01
   2.2900000e+03  -2.3161128e+01
   2.3000000e+03  -2.3178776e+01
   2.3100000e+03  -2.3349370e+01
   2.3200000e+03  -2.3185845e+01
   2.3300000e+03  -2.3020936e+01
   2.3400000e+03  -2.3066804e+01
   2.3500000e+03  -2.3227822e+01
   2.3600000e+03  -2.3283945e+01
   2.3700000e+03  -2.2997327e+01
   2.3800000e+03  -2.3324990e+01
   2.3900000e+03  -2.3393985e+01
   2.4000000e+03  -2.3342905e+01
   2.4100000e+03  -2.3380378e+01
   2.4200000e+03  -2.3300833e+01
   2.4300000e+03  -2.3332312e+01
   2.4400000e+03  -2.3327795e+01
   2.4500000e+03  -2.3188378e+01
   2.4600000e+03  -2.3238368e+01
   2.4700000e+03  -2.3260765e+01
   2.4800000e+03  -2.3233522e+01
   2.4900000e+03  -2.3149536e+01
   2.5000000e+03  -2.3226300e+01
   2.5100000e+03  -2.3132571e+01
   2.5200000e+03  -2.3272042e+01
   2.5300000e+03  -2.3171104e+01
   2.5400000e+03  -2.3106828e+01
   2.5500000e+03  -2.3005479e+01
   2.5600000e+03  -2.3175073e+01
   2.5700000e+03  -2.3297621e+01
   2.5800000e+03  -2.3310893e+01
   2.5900000e+03  -2.3156694e+01
   2.6000000e+03  -2.3391903e+01
   2.6100000e+03  -2.3435039e+01
   2.6200000e+03  -2.3315694e+01
   2.6300000e+03  -2.3318098e+01
   2.6400000e+03  -2.3344974e+01
   2.6500000e+03  -2.3323462e+01
   2.6600000e+03  -2.2967843e+01
   2.6700000e+03  -2.3167654e+01
   2.6800000e+03  -2.3337307e+01
   2.6900000e+03  -2.3338493e+01
   2.7000000e+03  -2.3422310e+01
   2.7100000e+03  -2.3491696e+01
   2.7200000e+03  -2.3407280e+01
   2.7300000e+03  -2.3483070e+01
   2.7400000e+03  -2.3266214e+01
   2.7500000e+03  -2.3243935e+01
   2.7600000e+03  -2.3467779e+01
   2.7700000e+03  -2.3387792e+01
   2.7800000e+03  -2.3447672e+01
   2.7900000e+03  -2.3554186e+01
   2.8000000e+03  -2.3430891e+01
   2.8100000e+03  -2.3446373e+01
   2.8200000e+03  -2.3401604e+01
   2.8300000e+03  -2.3390847e+01
   2.8400000e+03  -2.3386385e+01
   2.8500000e+03  -2.3080046e+01
   2.8600000e+03  -2.3206669e+01
   2.8700000e+03  -2.3240035e+01
   2.8800000e+03  -2.2766644e+01
   2.8900000e+03  -2.3125569e+01
   2.9000000e+03  -2.3224437e+01
   2.9100000e+03  -2.3275180e+01
   2.9200000e+03  -2.3020373e+01
   2.9300000e+03  -2.3148453e+01
   2.9400000e+03  -2.3365899e+01
   2.9500000e+03  -2.3092442e+01
   2.9600000e+03  -2.3140743e+01
   2.9700000e+03  -2.3305200e+01
   2.9800000e+03  -2.3283218e+01
   2.9900000e+03  -2.3330471e+01
   3.0000000e+03  -2.3248741e+01
   3.0100000e+03  -2.3268559e+01
   3.0200000e+03  -2.3473545e+01
   3.0300000e+03  -2.3459842e+01
   3.0400000e+03  -2.3320367e+01
   3.0500000e+03  -2.3399350e+01
   3.0600000e+03  -2.3377393e+01
   3.0700000e+03  -2.3370473e+01
   3.0800000e+03  -2.3119303e+01
   3.0900000e+03  -2.3367492e+01
   3.1000000e+03  -2.3606493e+01
   3.1100000e+03  -2.3570132e+01
   3.1200000e+03  -2.3370261e+01
   3.1300000e+03  -2.3396365e+01
   3.1400000e+03  -2.3579395e+01
   3.1500000e+03  -2.3368141e+01
   3.1600000e+03  -2.3549110e+01
   3.1700000e+03  -2.3290819e+01
   3.1800000e+03  -2.3473514e+01
   3.1900000e+03  -2.3351778e+01
   3.2000000e+03  -2.3371188e+01
   3.2100000e+03  -2.3414035e+01
   3.2200000e+03  -2.3205001e+01
   3.2300000e+03  -2.3433573e+01
   3.2400000e+03  -2.3414213e+01
   3.2500000e+03  -2.3231049e+01
   3.2600000e+03  -2.3260241e+01
   3.2700000e+03  -2.3372085e+01
   3.2800000e+03  -2.3189305e+01
   3.2900000e+03  -2.3416505e+01
   3.3000000e+03  -2.3417831e+01
   3.3100000e+03  -2.3583169e+01
   3.3200000e+03  -2.3445879e+01
   3.3300000e+03  -2.3489695e+01
   3.3400000e+03  -2.3507882e+01
   3.3500000e+03  -2.3569648e+01
   3.3600000e+03  -2.3525779e+01
   3.3700000e+03  -2.3489119e+01
   3.3800000e+03  -2.3554369e+01
   3.3900000e+03  -2.3686035e+01
   3.4000000e+03  -2.3428378e+01
   3.4100000e+03  -2.3557813e+01
   3.4200000e+03  -2.3719041e+01
   3.4300000e+03  -2.3435158e+01
   3.4400000e+03  -2.3380640e+01
   3.4500000e+03  -2.3513628e+01
   3.4600000e+03  -2.3603498e+01
   3.4700000e+03  -2.3682603e+01
   3.4800000e+03  -2.3580435e+01
   3.4900000e+03  -2.3650157e+01
