   0.0000000e+00   9.7978944e-03
   1.0000000e+01   4.5394842e-03
   2.0000000e+01  -1.4920782e-02
   3.0000000e+01   1.0929461e-03
   4.0000000e+01  -7.6226079e-03
   5.0000000e+01   1.0008154e-01
   6.0000000e+01   1.2464660e+00
   7.0000000e+01   3.4770299e+00
   8.0000000e+01   4.1586014e+00
   9.0000000e+01   4.4844057e+00
   1.0000000e+02   4.7149953e+00
   1.1000000e+02   4.7421955e+00
   1.2000000e+02   4.7566100e+00
   1.3000000e+02   4.4049762e+00
   1.4000000e+02   4.3783444e+00
   1.5000000e+02   4.6278758e+00
   1.6000000e+02   4.4643911e+00
   1.7000000e+02   4.7765207e+00
   1.8000000e+02   4.8346748e+00
   1.9000000e+02   4.8870677e+00
   2.0000000e+02   5.0330257e+00
   2.1000000e+02   4.8078205e+00
   2.2000000e+02   4.7535090e+00
   2.3000000e+02   4.4380739e+00
   2.4000000e+02   4.1134527e+00
   2.5000000e+02   4.2060876e+00
   2.6000000e+02   3.9422937e+00
   2.7000000e+02   3.8757139e+00
   2.8000000e+02   3.9109935e+00
   2.9000000e+02   3.8050759e+00
   3.0000000e+02   3.8061372e+00
   3.1000000e+02   4.0015299e+00
   3.2000000e+02   3.7653191e+00
   3.3000000e+02   3.8037772e+00
   3.4000000e+02   3.6634930e+00
   3.5000000e+02   3.7861413e+00
   3.6000000e+02   3.5178564e+00
   3.7000000e+02   3.5877776e+00
   3.8000000e+02   3.3096150e+00
   3.9000000e+02   3.4851422e+00
   4.0000000e+02   3.7365256e+00
   4.1000000e+02   3.8843766e+00
   4.2000000e+02   3.9392301e+00
   4.3000000e+02   3.8451132e+00
   4.4000000e+02   3.8964162e+00
   4.5000000e+02   3.7636328e+00
   4.6000000e+02   3.8187572e+00
   4.7000000e+02   4.0043443e+00
   4.8000000e+02   4.0087341e+00
   4.9000000e+02   4.1169481e+00
   5.0000000e+02   3.9636387e+00
   5.1000000e+02   4.1568589e+00
   5.2000000e+02   4.0622929e+00
   5.3000000e+02   4.2381771e+00
   5.4000000e+02   4.3280693e+00
   5.5000000e+02   4.2051501e+00
   5.6000000e+02   4.2403667e+00
   5.7000000e+02   4.2496119e+00
   5.8000000e+02   4.0981185e+00
   5.9000000e+02   4.0445988e+00
   6.0000000e+02   3.7519252e+00
   6.1000000e+02   3.9075273e+00
   6.2000000e+02   3.9010236e+00
   6.3000000e+02   3.9642204e+00
   6.4000000e+02   3.9173349e+00
   6.5000000e+02   3.9567984e+00
   6.6000000e+02   3.9221062e+00
   6.7000000e+02   3.9178267e+00
   6.8000000e+02   3.9251999e+00
   6.9000000e+02   3.9803087e+00
   7.0000000e+02   4.1330072e+00
   7.1000000e+02   4.2923416e+00
   7.2000000e+02   4.1486352e+00
   7.3000000e+02   3.9126078e+00
   7.4000000e+02   4.0804693e+00
   7.5000000e+02   4.0529824e+00
   7.6000000e+02   4.1298719e+00
   7.7000000e+02   4.1009606e+00
   7.8000000e+02   4.0260337e+00
   7.9000000e+02   4.0664701e+00
   8.0000000e+02   4.0641653e+00
   8.1000000e+02   4.0491276e+00
   8.2000000e+02   4.1107383e+00
   8.3000000e+02   4.0774952e+00
   8.4000000e+02   4.1197384e+00
   8.5000000e+02   4.1078437e+00
   8.6000000e+02   4.1412284e+00
   8.7000000e+02   3.9819228e+00
   8.8000000e+02   4.0603763e+00
   8.9000000e+02   4.1336686e+00
   9.0000000e+02   3.9746850e+00
   9.1000000e+02   3.8591549e+00
   9.2000000e+02   3.8260904e+00
   9.3000000e+02   3.5634861e+00
   9.4000000e+02   3.6369633e+00
   9.5000000e+02   3.5505537e+00
   9.6000000e+02   3.5627437e+00
   9.7000000e+02   3.5530340e+00
   9.8000000e+02   3.2054054e+00
   9.9000000e+02   3.0350515e+00
   1.0000000e+03   2.8040815e+00
   1.0100000e+03   2.7943203e+00
   1.0200000e+03   2.4151570e+00
   1.0300000e+03   2.2102056e+00
   1.0400000e+03   2.1861764e+00
   1.0500000e+03   2.5665155e+00
   1.0600000e+03   2.7088764e+00
   1.0700000e+03   2.4043614e+00
   1.0800000e+03   2.6027387e+00
   1.0900000e+03   2.7848255e+00
   1.1000000e+03   2.8866873e+00
   1.1100000e+03   2.6007074e+00
   1.1200000e+03   2.7761811e+00
   1.1300000e+03   2.9442011e+00
   1.1400000e+03   2.9330140e+00
   1.1500000e+03   3.3096701e+00
   1.1600000e+03   3.2240944e+00
   1.1700000e+03   3.2685973e+00
   1.1800000e+03   3.3709382e+00
   1.1900000e+03   3.4524978e+00
   1.2000000e+03   3.6058226e+00
   1.2100000e+03   3.7225400e+00
   1.2200000e+03   3.8487192e+00
   1.2300000e+03   3.8457416e+00
   1.2400000e+03   3.9601234e+00
   1.2500000e+03   4.0527503e+00
   1.2600000e+03   3.9317619e+00
   1.2700000e+03   3.9761821e+00
   1.2800000e+03   4.1417710e+00
   1.2900000e+03   3.9772697e+00
   1.3000000e+03   3.9821142e+00
   1.3100000e+03   3.7746282e+00
   1.3200000e+03   3.8513923e+00
   1.3300000e+03   3.5398597e+00
   1.3400000e+03   3.6164633e+00
   1.3500000e+03   3.6100633e+00
   1.3600000e+03   3.3640946e+00
   1.3700000e+03   3.3930887e+00
   1.3800000e+03   3.4372672e+00
   1.3900000e+03   3.3553531e+00
   1.4000000e+03   3.3495981e+00
   1.4100000e+03   3.4190412e+00
   1.4200000e+03   3.3602303e+00
   1.4300000e+03   3.2229152e+00
   1.4400000e+03   3.2786977e+00
   1.4500000e+03   3.3149660e+00
   1.4600000e+03   3.5426312e+00
   1.4700000e+03   3.5509239e+00
   1.4800000e+03   3.4560077e+00
   1.4900000e+03   3.3824434e+00
   1.5000000e+03   3.2018906e+00
   1.5100000e+03   3.3936617e+00
   1.5200000e+03   3.3611775e+00
   1.5300000e+03   3.4034798e+00
   1.5400000e+03   3.3137819e+00
   1.5500000e+03   3.1791231e+00
   1.5600000e+03   3.1393239e+00
   1.5700000e+03   2.8066114e+00
   1.5800000e+03   2.9639798e+00
   1.5900000e+03   2.1613823e+00
   1.6000000e+03   2.1743003e+00
   1.6100000e+03   1.9292164e+00
   1.6200000e+03   1.6982896e+00
   1.6300000e+03   1.6669486e+00
   1.6400000e+03   1.3471123e+00
   1.6500000e+03   1.2537084e+00
   1.6600000e+03   1.4052752e+00
   1.6700000e+03   1.3671976e+00
   1.6800000e+03   1.3616455e+00
   1.6900000e+03   9.0609015e-01
   1.7000000e+03   2.0935621e+00
   1.7100000e+03   2.3670615e+00
   1.7200000e+03   2.5605611e+00
   1.7300000e+03   2.5082362e+00
   1.7400000e+03   2.5893954e+00
   1.7500000e+03   2.8060127e+00
   1.7600000e+03   2.9112553e+00
   1.7700000e+03   2.9699354e+00
   1.7800000e+03   2.9963096e+00
   1.7900000e+03   2.8356045e+00
   1.8000000e+03   3.0296319e+00
   1.8100000e+03   3.1618010e+00
   1.8200000e+03   3.1504302e+00
   1.8300000e+03   3.1678166e+00
   1.8400000e+03   3.0938239e+00
   1.8500000e+03   3.2534193e+00
   1.8600000e+03   3.3070145e+00
   1.8700000e+03   3.4784870e+00
   1.8800000e+03   3.6300572e+00
   1.8900000e+03   3.5380925e+00
   1.9000000e+03   3.7759390e+00
   1.9100000e+03   3.7940469e+00
   1.9200000e+03   3.8426190e+00
   1.9300000e+03   3.7054026e+00
   1.9400000e+03   3.7000667e+00
   1.9500000e+03   3.6587828e+00
   1.9600000e+03   3.5649583e+00
   1.9700000e+03   3.4277360e+00
   1.9800000e+03   3.5421417e+00
   1.9900000e+03   3.4338309e+00
   2.0000000e+03   3.1999066e+00
   2.0100000e+03   3.1975213e+00
   2.0200000e+03   3.2485645e+00
   2.0300000e+03   3.1678925e+00
   2.0400000e+03   3.2091195e+00
   2.0500000e+03   3.2534501e+00
   2.0600000e+03   3.1696262e+00
   2.0700000e+03   3.1648102e+00
   2.0800000e+03   2.8756023e+00
   2.0900000e+03   2.7635721e+00
   2.1000000e+03   2.4714991e+00
   2.1100000e+03   2.1125763e+00
   2.1200000e+03   2.3808551e+00
   2.1300000e+03   2.4113418e+00
   2.1400000e+03   2.5121331e+00
   2.1500000e+03   2.4482135e+00
   2.1600000e+03   2.6493330e+00
   2.1700000e+03   2.6640320e+00
   2.1800000e+03   2.4354343e+00
   2.1900000e+03   2.6553794e+00
   2.2000000e+03   2.6585241e+00
   2.2100000e+03   2.5215155e+00
   2.2200000e+03   2.6004733e+00
   2.2300000e+03   2.7172873e+00
   2.2400000e+03   2.6245956e+00
   2.2500000e+03   2.8579712e+00
   2.2600000e+03   2.7599432e+00
   2.2700000e+03   2.9522332e+00
   2.2800000e+03   3.0014432e+00
   2.2900000e+03   2.8971834e+00
   2.3000000e+03   2.4803182e+00
   2.3100000e+03   2.5417572e+00
   2.3200000e+03   2.6394846e+00
   2.3300000e+03   2.8916429e+00
   2.3400000e+03   2.4214574e+00
   2.3500000e+03   2.8670663e+00
   2.3600000e+03   2.4353098e+00
   2.3700000e+03   1.9883009e+00
   2.3800000e+03   2.5499706e+00
   2.3900000e+03   2.8955857e+00
   2.4000000e+03   2.8710429e+00
   2.4100000e+03   3.0413860e+00
   2.4200000e+03   3.1638166e+00
   2.4300000e+03   2.8169524e+00
   2.4400000e+03   2.8640342e+00
   2.4500000e+03   2.1562806e+00
   2.4600000e+03   2.1387248e+00
   2.4700000e+03   1.7428640e+00
   2.4800000e+03   2.5392934e+00
   2.4900000e+03   2.5660629e+00
   2.5000000e+03   2.5375217e+00
   2.5100000e+03   2.5640789e+00
   2.5200000e+03   2.7330875e+00
   2.5300000e+03   2.6806595e+00
   2.5400000e+03   2.3288887e+00
   2.5500000e+03   2.5197579e+00
   2.5600000e+03   2.3911807e+00
   2.5700000e+03   2.3761062e+00
   2.5800000e+03   2.3314690e+00
   2.5900000e+03   2.7988398e+00
   2.6000000e+03   2.7498434e+00
   2.6100000e+03   2.7994575e+00
   2.6200000e+03   2.7584570e+00
   2.6300000e+03   2.3783364e+00
   2.6400000e+03   2.7743784e+00
   2.6500000e+03   2.9050641e+00
   2.6600000e+03   3.3444056e+00
   2.6700000e+03   3.2594064e+00
   2.6800000e+03   3.1551968e+00
   2.6900000e+03   2.5679500e+00
   2.7000000e+03   2.6094361e+00
   2.7100000e+03   2.8521642e+00
   2.7200000e+03   3.2683940e+00
   2.7300000e+03   3.3085933e+00
   2.7400000e+03   3.4478623e+00
   2.7500000e+03   3.1103608e+00
   2.7600000e+03   3.0936451e+00
   2.7700000e+03   3.0841765e+00
   2.7800000e+03   2.9660301e+00
   2.7900000e+03   3.0158208e+00
   2.8000000e+03   3.1072308e+00
   2.8100000e+03   3.1874695e+00
   2.8200000e+03   3.3385833e+00
   2.8300000e+03   3.3989854e+00
   2.8400000e+03   3.3650810e+00
   2.8500000e+03   3.3805155e+00
   2.8600000e+03   3.0658409e+00
   2.8700000e+03   2.7211078e+00
   2.8800000e+03   2.8082657e+00
   2.8900000e+03   2.6959321e+00
   2.9000000e+03   2.8483673e+00
   2.9100000e+03   2.7331889e+00
   2.9200000e+03   2.8131497e+00
   2.9300000e+03   2.8455999e+00
   2.9400000e+03   3.0020399e+00
   2.9500000e+03   2.6708093e+00
   2.9600000e+03   2.6926582e+00
   2.9700000e+03   2.5775313e+00
   2.9800000e+03   2.5973323e+00
   2.9900000e+03   2.9944562e+00
   3.0000000e+03   2.9103369e+00
   3.0100000e+03   2.7792847e+00
   3.0200000e+03   2.9189762e+00
   3.0300000e+03   2.8817478e+00
   3.0400000e+03   3.2429502e+00
   3.0500000e+03   3.1038449e+00
   3.0600000e+03   3.2026465e+00
   3.0700000e+03   3.5402831e+00
   3.0800000e+03   3.3915521e+00
   3.0900000e+03   3.4256124e+00
   3.1000000e+03   3.4003952e+00
   3.1100000e+03   3.3670731e+00
   3.1200000e+03   3.4184906e+00
   3.1300000e+03   3.3660669e+00
   3.1400000e+03   3.3853595e+00
   3.1500000e+03   3.4119102e+00
   3.1600000e+03   3.5311906e+00
   3.1700000e+03   3.5091591e+00
   3.1800000e+03   3.4191804e+00
   3.1900000e+03   3.2800586e+00
   3.2000000e+03   3.2770722e+00
   3.2100000e+03   3.2211427e+00
   3.2200000e+03   3.2991814e+00
   3.2300000e+03   3.4249799e+00
   3.2400000e+03   3.4482144e+00
   3.2500000e+03   3.3896176e+00
   3.2600000e+03   3.4686147e+00
   3.2700000e+03   3.3337979e+00
   3.2800000e+03   3.2638331e+00
   3.2900000e+03   2.8065957e+00
   3.3000000e+03   2.7754493e+00
   3.3100000e+03   2.1406338e+00
   3.3200000e+03   2.1363939e+00
   3.3300000e+03   2.5664227e+00
   3.3400000e+03   3.0732730e+00
   3.3500000e+03   3.4642335e+00
   3.3600000e+03   3.5436074e+00
   3.3700000e+03   3.6658712e+00
   3.3800000e+03   3.8251284e+00
   3.3900000e+03   3.8041647e+00
   3.4000000e+03   3.9715081e+00
   3.4100000e+03   3.6059937e+00
   3.4200000e+03   3.5520531e+00
   3.4300000e+03   3.4789377e+00
   3.4400000e+03   3.4842926e+00
   3.4500000e+03   3.5949204e+00
   3.4600000e+03   3.5323612e+00
   3.4700000e+03   3.5161994e+00
   3.4800000e+03   3.8202225e+00
   3.4900000e+03   3.7882924e+00
