   0.0000000e+00   5.0338121e-03
   1.0000000e+01  -1.4111878e-02
   2.0000000e+01  -9.5872924e-04
   3.0000000e+01   2.4167547e-03
   4.0000000e+01  -6.8056315e-03
   5.0000000e+01   2.0105314e-01
   6.0000000e+01   3.6592848e-01
   7.0000000e+01   9.2533542e-01
   8.0000000e+01   1.2787190e+00
   9.0000000e+01   9.2202443e-01
   1.0000000e+02   1.4971533e+00
   1.1000000e+02   1.1906910e+00
   1.2000000e+02   1.5634826e+00
   1.3000000e+02   1.5711731e+00
   1.4000000e+02   1.3010289e+00
   1.5000000e+02   1.7334163e+00
   1.6000000e+02   1.4408684e+00
   1.7000000e+02   1.5464728e+00
   1.8000000e+02   1.7332168e+00
   1.9000000e+02   1.0409064e+00
   2.0000000e+02   1.2393589e+00
   2.1000000e+02   1.5181848e+00
   2.2000000e+02   1.4913844e+00
   2.3000000e+02   1.5593005e+00
   2.4000000e+02   1.4633310e+00
   2.5000000e+02   1.4572655e+00
   2.6000000e+02   1.6199704e+00
   2.7000000e+02   1.5843910e+00
   2.8000000e+02   1.6443038e+00
   2.9000000e+02   1.5767876e+00
   3.0000000e+02   1.7611238e-01
   3.1000000e+02   1.6567292e+00
   3.2000000e+02   1.5353397e+00
   3.3000000e+02   1.4956532e+00
   3.4000000e+02   1.6215674e+00
   3.5000000e+02   1.2597623e+00
   3.6000000e+02   1.4116448e+00
   3.7000000e+02   1.1494784e+00
   3.8000000e+02   1.2881589e+00
   3.9000000e+02   1.5399142e+00
   4.0000000e+02   1.5514987e+00
   4.1000000e+02   1.5927883e+00
   4.2000000e+02   1.7575390e+00
   4.3000000e+02   1.4722492e+00
   4.4000000e+02   1.2206566e+00
   4.5000000e+02   1.6387792e+00
   4.6000000e+02   1.3356324e+00
   4.7000000e+02   1.6811336e+00
   4.8000000e+02   1.4193142e+00
   4.9000000e+02   1.4901221e+00
   5.0000000e+02   1.5835778e+00
   5.1000000e+02   8.5615773e-01
   5.2000000e+02   1.4358277e+00
   5.3000000e+02   1.5652568e+00
   5.4000000e+02   1.4288843e+00
   5.5000000e+02   1.4010590e+00
   5.6000000e+02   1.3537672e+00
   5.7000000e+02   9.9446635e-01
   5.8000000e+02   1.3858545e+00
   5.9000000e+02   1.0814988e+00
   6.0000000e+02   1.4652958e+00
   6.1000000e+02   1.1413700e+00
   6.2000000e+02   1.1327760e+00
   6.3000000e+02   1.1774524e+00
   6.4000000e+02   1.1668450e+00
   6.5000000e+02   1.3816616e+00
   6.6000000e+02   9.5458800e-01
   6.7000000e+02   6.9344660e-01
   6.8000000e+02   1.2091696e+00
   6.9000000e+02   1.1185811e+00
   7.0000000e+02   1.0335095e+00
   7.1000000e+02   1.2497454e+00
   7.2000000e+02   8.9102830e-01
   7.3000000e+02   1.3053750e+00
   7.4000000e+02   1.2840681e+00
   7.5000000e+02   1.2846892e+00
   7.6000000e+02   1.3358024e+00
   7.7000000e+02   9.0753667e-01
   7.8000000e+02   1.2929118e+00
   7.9000000e+02   1.4927994e+00
   8.0000000e+02   1.4330343e+00
   8.1000000e+02   1.3711496e+00
   8.2000000e+02   1.1254583e+00
   8.3000000e+02   1.4868126e+00
   8.4000000e+02   1.3439526e+00
   8.5000000e+02   9.8805558e-01
   8.6000000e+02   8.0076098e-01
   8.7000000e+02   1.0659279e+00
   8.8000000e+02   9.2655076e-01
   8.9000000e+02   1.1938541e+00
   9.0000000e+02   1.2656983e+00
   9.1000000e+02   1.2424313e+00
   9.2000000e+02   1.2783960e+00
   9.3000000e+02   3.3008406e-01
   9.4000000e+02   4.6778071e-01
   9.5000000e+02   1.3984921e+00
   9.6000000e+02   1.0898806e+00
   9.7000000e+02   1.4454834e+00
   9.8000000e+02   1.1487666e+00
   9.9000000e+02   3.1499240e-01
   1.0000000e+03   1.1733196e+00
   1.0100000e+03   1.3977022e-01
   1.0200000e+03   9.9269947e-01
   1.0300000e+03   9.0255587e-01
   1.0400000e+03   2.1909204e-01
   1.0500000e+03   1.2646584e+00
   1.0600000e+03   1.0826758e+00
   1.0700000e+03   1.5002780e+00
   1.0800000e+03   1.1159361e+00
   1.0900000e+03   2.7370770e-01
   1.1000000e+03   1.2373415e+00
   1.1100000e+03   8.4765612e-01
   1.1200000e+03   8.1281922e-01
   1.1300000e+03   1.1277431e+00
   1.1400000e+03   5.0039736e-01
   1.1500000e+03   5.2951905e-01
   1.1600000e+03   1.0896415e+00
   1.1700000e+03   7.9253901e-01
   1.1800000e+03   1.1688685e+00
   1.1900000e+03   1.0962196e+00
   1.2000000e+03   6.1133233e-01
   1.2100000e+03   8.2536607e-01
   1.2200000e+03   9.4646768e-01
   1.2300000e+03   9.4463652e-01
   1.2400000e+03   1.4983164e+00
   1.2500000e+03   5.1736763e-01
   1.2600000e+03   1.4418756e+00
   1.2700000e+03   1.0595091e+00
   1.2800000e+03   4.2773173e-01
   1.2900000e+03   1.1336873e+00
   1.3000000e+03   1.3213095e-01
   1.3100000e+03   9.0892848e-01
   1.3200000e+03   1.1372440e+00
   1.3300000e+03   6.2453035e-01
   1.3400000e+03   1.1163626e+00
   1.3500000e+03   8.8870770e-01
   1.3600000e+03   2.6102116e-01
   1.3700000e+03   7.4377586e-01
   1.3800000e+03  -1.0560080e-01
   1.3900000e+03   1.3289599e+00
   1.4000000e+03   8.3729063e-01
   1.4100000e+03   1.0145034e+00
   1.4200000e+03   1.4384998e+00
   1.4300000e+03   1.4419845e+00
   1.4400000e+03   1.4442428e+00
   1.4500000e+03   1.4196917e+00
   1.4600000e+03   9.5410686e-01
   1.4700000e+03   1.4211971e+00
   1.4800000e+03   1.4094959e+00
   1.4900000e+03   1.7118050e+00
   1.5000000e+03   1.6023638e+00
   1.5100000e+03   1.5535076e+00
   1.5200000e+03   1.5500710e+00
   1.5300000e+03   1.5026748e+00
   1.5400000e+03   1.6231439e+00
   1.5500000e+03   1.5166483e+00
   1.5600000e+03   1.5335366e+00
   1.5700000e+03   1.5854612e+00
   1.5800000e+03   1.7194156e+00
   1.5900000e+03   1.6134543e+00
   1.6000000e+03   1.5904727e+00
   1.6100000e+03   1.3230608e+00
   1.6200000e+03   1.6052578e+00
   1.6300000e+03   1.5160003e+00
   1.6400000e+03   1.5401575e+00
   1.6500000e+03   1.5119177e+00
   1.6600000e+03   1.6064623e+00
   1.6700000e+03   1.6010835e+00
   1.6800000e+03   1.5995809e+00
   1.6900000e+03   1.7955739e+00
   1.7000000e+03   1.6517156e+00
   1.7100000e+03   1.5282244e+00
   1.7200000e+03   1.6802178e+00
   1.7300000e+03   1.4634077e+00
   1.7400000e+03   1.7104256e+00
   1.7500000e+03   1.5725848e+00
   1.7600000e+03   1.5590719e+00
   1.7700000e+03   1.4934186e+00
   1.7800000e+03   1.5462652e+00
   1.7900000e+03   1.6362288e+00
   1.8000000e+03   1.7392264e+00
   1.8100000e+03   1.5703988e+00
   1.8200000e+03   1.5306835e+00
   1.8300000e+03   1.5445693e+00
   1.8400000e+03   1.5229661e+00
   1.8500000e+03   1.3900216e+00
   1.8600000e+03   1.2449986e+00
   1.8700000e+03   1.4971509e+00
   1.8800000e+03   1.5907502e+00
   1.8900000e+03   1.3827933e+00
   1.9000000e+03   1.5996213e+00
   1.9100000e+03   1.4439600e+00
   1.9200000e+03   1.4926166e+00
   1.9300000e+03   1.6019590e+00
   1.9400000e+03   1.5032991e+00
   1.9500000e+03   1.4182728e+00
   1.9600000e+03   1.5644615e+00
   1.9700000e+03   1.5025360e+00
   1.9800000e+03   1.6113359e+00
   1.9900000e+03   1.5010711e+00
   2.0000000e+03   1.6231664e+00
   2.0100000e+03   1.5937584e+00
   2.0200000e+03   1.0152157e+00
   2.0300000e+03   1.6090589e+00
   2.0400000e+03   1.5865764e+00
   2.0500000e+03   1.5802923e+00
   2.0600000e+03   1.6646010e+00
   2.0700000e+03   1.5725002e+00
   2.0800000e+03   1.7540671e+00
   2.0900000e+03   1.6291881e+00
   2.1000000e+03   1.4404841e+00
   2.1100000e+03   1.7308941e+00
   2.1200000e+03   1.5324061e+00
   2.1300000e+03   1.6529529e+00
   2.1400000e+03   1.6154858e+00
   2.1500000e+03   1.5010264e+00
   2.1600000e+03   1.5548093e+00
   2.1700000e+03   1.6619645e+00
   2.1800000e+03   1.5305195e+00
   2.1900000e+03   1.5596122e+00
   2.2000000e+03   1.5628883e+00
   2.2100000e+03   1.6430068e+00
   2.2200000e+03   1.5758556e+00
   2.2300000e+03   1.5775782e+00
   2.2400000e+03   1.6917642e+00
   2.2500000e+03   1.6195955e+00
   2.2600000e+03   1.3952209e+00
   2.2700000e+03   1.4633927e+00
   2.2800000e+03   1.6159145e+00
   2.2900000e+03   1.6517863e+00
   2.3000000e+03   1.5480955e+00
   2.3100000e+03   1.4887813e+00
   2.3200000e+03   1.5119893e+00
   2.3300000e+03   1.3261969e+00
   2.3400000e+03   1.5232546e+00
   2.3500000e+03   1.4618543e+00
   2.3600000e+03   1.4130326e+00
   2.3700000e+03   1.5737316e+00
   2.3800000e+03   1.3081320e+00
   2.3900000e+03   1.4340042e+00
   2.4000000e+03   1.4598126e+00
   2.4100000e+03   1.4667291e+00
   2.4200000e+03   1.2745712e+00
   2.4300000e+03   1.6276156e+00
   2.4400000e+03   1.3388088e+00
   2.4500000e+03   1.2875204e+00
   2.4600000e+03   1.4411519e+00
   2.4700000e+03   1.3397839e+00
   2.4800000e+03   1.5701983e+00
   2.4900000e+03   1.3172132e+00
   2.5000000e+03   1.3118524e+00
   2.5100000e+03   1.4487919e+00
   2.5200000e+03   1.2657046e+00
   2.5300000e+03   1.5140435e+00
   2.5400000e+03   1.4404486e+00
   2.5500000e+03   1.3212972e+00
   2.5600000e+03   1.5106444e+00
   2.5700000e+03   1.4331284e+00
   2.5800000e+03   1.5097521e+00
   2.5900000e+03   1.5173995e+00
   2.6000000e+03   1.0643559e+00
   2.6100000e+03   1.3996279e+00
   2.6200000e+03   6.2286115e-01
   2.6300000e+03   1.3238867e+00
   2.6400000e+03   1.5236770e+00
   2.6500000e+03   1.3144910e+00
   2.6600000e+03   1.5493227e+00
   2.6700000e+03   1.7029526e+00
   2.6800000e+03   1.4975030e+00
   2.6900000e+03   1.5452917e+00
   2.7000000e+03   1.0930046e+00
   2.7100000e+03   1.4723259e+00
   2.7200000e+03   1.5085200e+00
   2.7300000e+03   1.3958162e+00
   2.7400000e+03   1.4722753e+00
   2.7500000e+03   1.4886229e+00
   2.7600000e+03   1.4053559e+00
   2.7700000e+03   1.5082280e+00
   2.7800000e+03   1.6571019e+00
   2.7900000e+03   1.3758160e+00
   2.8000000e+03   1.4962198e+00
   2.8100000e+03   1.1141375e+00
   2.8200000e+03   1.4755364e+00
   2.8300000e+03   1.4048132e+00
   2.8400000e+03   1.3980191e+00
   2.8500000e+03   1.4338140e+00
   2.8600000e+03   6.3433085e-01
   2.8700000e+03   1.1915281e+00
   2.8800000e+03   1.7044390e+00
   2.8900000e+03   1.5889823e+00
   2.9000000e+03   1.5410003e+00
   2.9100000e+03   1.6282354e+00
   2.9200000e+03   9.1001824e-01
   2.9300000e+03   1.6972883e+00
   2.9400000e+03   1.6209147e+00
   2.9500000e+03   1.6755002e+00
   2.9600000e+03   1.2513019e+00
   2.9700000e+03   1.4051067e+00
   2.9800000e+03   1.4436657e+00
   2.9900000e+03   7.5330973e-01
   3.0000000e+03   1.0201651e+00
   3.0100000e+03   1.0347500e+00
   3.0200000e+03   1.2930317e+00
   3.0300000e+03   1.6174320e+00
   3.0400000e+03   1.4882392e+00
   3.0500000e+03   1.0376158e+00
   3.0600000e+03   1.5139383e+00
   3.0700000e+03   1.3529547e+00
   3.0800000e+03   1.4728418e+00
   3.0900000e+03   1.0600381e+00
   3.1000000e+03   1.4219064e+00
   3.1100000e+03   1.4844112e+00
   3.1200000e+03   1.1455155e+00
   3.1300000e+03   1.4864327e+00
   3.1400000e+03   1.5364070e+00
   3.1500000e+03   1.6368244e+00
   3.1600000e+03   1.4580006e+00
   3.1700000e+03   1.6972096e+00
   3.1800000e+03   1.2981662e+00
   3.1900000e+03   1.5980066e+00
   3.2000000e+03   1.4063115e+00
   3.2100000e+03   1.4066094e+00
   3.2200000e+03   1.0497558e+00
   3.2300000e+03   1.4469852e+00
   3.2400000e+03   1.2544817e+00
   3.2500000e+03   1.5869854e+00
   3.2600000e+03   1.6119245e+00
   3.2700000e+03   1.6109540e+00
   3.2800000e+03   1.0276795e+00
   3.2900000e+03   1.5515032e+00
   3.3000000e+03   1.6221160e+00
   3.3100000e+03   1.4297450e+00
   3.3200000e+03   1.1761051e+00
   3.3300000e+03   1.6653972e+00
   3.3400000e+03  -1.5638995e-01
   3.3500000e+03   1.3044015e+00
   3.3600000e+03   1.5196636e+00
   3.3700000e+03   1.2667436e+00
   3.3800000e+03   1.6372877e+00
   3.3900000e+03   7.9345432e-01
   3.4000000e+03   1.1355936e+00
   3.4100000e+03   1.7322747e+00
   3.4200000e+03   6.1534572e-01
   3.4300000e+03   1.3751545e+00
   3.4400000e+03   1.2504951e+00
   3.4500000e+03   1.3584328e+00
   3.4600000e+03   1.6124719e+00
   3.4700000e+03   1.3432460e+00
   3.4800000e+03   1.6831412e+00
   3.4900000e+03   1.5689560e+00
