   0.0000000e+00   1.7825947e+01
   1.0000000e+01   1.7816793e+01
   2.0000000e+01   1.7822743e+01
   3.0000000e+01   1.7817297e+01
   4.0000000e+01   1.7740541e+01
   5.0000000e+01   1.7398634e+01
   6.0000000e+01   1.7118872e+01
   7.0000000e+01   1.6595594e+01
   8.0000000e+01   1.6241973e+01
   9.0000000e+01   1.6032304e+01
   1.0000000e+02   1.5864930e+01
   1.1000000e+02   1.5617363e+01
   1.2000000e+02   1.5423928e+01
   1.3000000e+02   1.5263061e+01
   1.4000000e+02   1.5122244e+01
   1.5000000e+02   1.5010168e+01
   1.6000000e+02   1.4893345e+01
   1.7000000e+02   1.4727793e+01
   1.8000000e+02   1.4653856e+01
   1.9000000e+02   1.4587708e+01
   2.0000000e+02   1.4514495e+01
   2.1000000e+02   1.4463526e+01
   2.2000000e+02   1.4446881e+01
   2.3000000e+02   1.4380757e+01
   2.4000000e+02   1.4317064e+01
   2.5000000e+02   1.4248620e+01
   2.6000000e+02   1.4184269e+01
   2.7000000e+02   1.4111803e+01
   2.8000000e+02   1.4095121e+01
   2.9000000e+02   1.4018766e+01
   3.0000000e+02   1.3995620e+01
   3.1000000e+02   1.4021249e+01
   3.2000000e+02   1.3932492e+01
   3.3000000e+02   1.3875448e+01
   3.4000000e+02   1.3832587e+01
   3.5000000e+02   1.3831493e+01
   3.6000000e+02   1.3858654e+01
   3.7000000e+02   1.3810933e+01
   3.8000000e+02   1.3743368e+01
   3.9000000e+02   1.3720618e+01
   4.0000000e+02   1.3755753e+01
   4.1000000e+02   1.3696865e+01
   4.2000000e+02   1.3710914e+01
   4.3000000e+02   1.3621986e+01
   4.4000000e+02   1.3633741e+01
   4.5000000e+02   1.3692277e+01
   4.6000000e+02   1.3659017e+01
   4.7000000e+02   1.3593952e+01
   4.8000000e+02   1.3559319e+01
   4.9000000e+02   1.3559842e+01
   5.0000000e+02   1.3568201e+01
   5.1000000e+02   1.3558593e+01
   5.2000000e+02   1.3501860e+01
   5.3000000e+02   1.3476479e+01
   5.4000000e+02   1.3451822e+01
   5.5000000e+02   1.3385713e+01
   5.6000000e+02   1.3420669e+01
   5.7000000e+02   1.3385612e+01
   5.8000000e+02   1.3336926e+01
   5.9000000e+02   1.3273402e+01
   6.0000000e+02   1.3208504e+01
   6.1000000e+02   1.3238483e+01
   6.2000000e+02   1.3239871e+01
   6.3000000e+02   1.3097026e+01
   6.4000000e+02   1.3019546e+01
   6.5000000e+02   1.2900524e+01
   6.6000000e+02   1.2855653e+01
   6.7000000e+02   1.2807629e+01
   6.8000000e+02   1.2802122e+01
   6.9000000e+02   1.2836259e+01
   7.0000000e+02   1.2812356e+01
   7.1000000e+02   1.2842155e+01
   7.2000000e+02   1.2805838e+01
   7.3000000e+02   1.2795057e+01
   7.4000000e+02   1.2793697e+01
   7.5000000e+02   1.2775688e+01
   7.6000000e+02   1.2760623e+01
   7.7000000e+02   1.2741353e+01
   7.8000000e+02   1.2731537e+01
   7.9000000e+02   1.2789686e+01
   8.0000000e+02   1.2771834e+01
   8.1000000e+02   1.2804030e+01
   8.2000000e+02   1.2772358e+01
   8.3000000e+02   1.2734763e+01
   8.4000000e+02   1.2750871e+01
   8.5000000e+02   1.2792354e+01
   8.6000000e+02   1.2731318e+01
   8.7000000e+02   1.2739853e+01
   8.8000000e+02   1.2723170e+01
   8.9000000e+02   1.2763922e+01
   9.0000000e+02   1.2809493e+01
   9.1000000e+02   1.2707643e+01
   9.2000000e+02   1.2778220e+01
   9.3000000e+02   1.2719991e+01
   9.4000000e+02   1.2750529e+01
   9.5000000e+02   1.2801902e+01
   9.6000000e+02   1.2817465e+01
   9.7000000e+02   1.2735655e+01
   9.8000000e+02   1.2724250e+01
   9.9000000e+02   1.2748174e+01
   1.0000000e+03   1.2699985e+01
   1.0100000e+03   1.2682341e+01
   1.0200000e+03   1.2684749e+01
   1.0300000e+03   1.2609176e+01
   1.0400000e+03   1.2666178e+01
   1.0500000e+03   1.2631430e+01
   1.0600000e+03   1.2568225e+01
   1.0700000e+03   1.2571724e+01
   1.0800000e+03   1.2618853e+01
   1.0900000e+03   1.2660639e+01
   1.1000000e+03   1.2698340e+01
   1.1100000e+03   1.2675198e+01
   1.1200000e+03   1.2705221e+01
   1.1300000e+03   1.2713161e+01
   1.1400000e+03   1.2695909e+01
   1.1500000e+03   1.2699973e+01
   1.1600000e+03   1.2679805e+01
   1.1700000e+03   1.2710955e+01
   1.1800000e+03   1.2736511e+01
   1.1900000e+03   1.2756284e+01
   1.2000000e+03   1.2732220e+01
   1.2100000e+03   1.2771384e+01
   1.2200000e+03   1.2755272e+01
   1.2300000e+03   1.2754133e+01
   1.2400000e+03   1.2812693e+01
   1.2500000e+03   1.2796087e+01
   1.2600000e+03   1.2799577e+01
   1.2700000e+03   1.2749947e+01
   1.2800000e+03   1.2790238e+01
   1.2900000e+03   1.2774097e+01
   1.3000000e+03   1.2788109e+01
   1.3100000e+03   1.2811226e+01
   1.3200000e+03   1.2819358e+01
   1.3300000e+03   1.2752450e+01
   1.3400000e+03   1.2819825e+01
   1.3500000e+03   1.2823539e+01
   1.3600000e+03   1.2795117e+01
   1.3700000e+03   1.2788493e+01
   1.3800000e+03   1.2751847e+01
   1.3900000e+03   1.2709965e+01
   1.4000000e+03   1.2788242e+01
   1.4100000e+03   1.2763234e+01
   1.4200000e+03   1.2761717e+01
   1.4300000e+03   1.2771970e+01
   1.4400000e+03   1.2720434e+01
   1.4500000e+03   1.2713485e+01
   1.4600000e+03   1.2732660e+01
   1.4700000e+03   1.2708009e+01
   1.4800000e+03   1.2740049e+01
   1.4900000e+03   1.2675610e+01
   1.5000000e+03   1.2754367e+01
   1.5100000e+03   1.2744902e+01
   1.5200000e+03   1.2820175e+01
   1.5300000e+03   1.2745799e+01
   1.5400000e+03   1.2719568e+01
   1.5500000e+03   1.2747951e+01
   1.5600000e+03   1.2773294e+01
   1.5700000e+03   1.2777688e+01
   1.5800000e+03   1.2745443e+01
   1.5900000e+03   1.2734759e+01
   1.6000000e+03   1.2813697e+01
   1.6100000e+03   1.2759243e+01
   1.6200000e+03   1.2728391e+01
   1.6300000e+03   1.2807392e+01
   1.6400000e+03   1.2770859e+01
   1.6500000e+03   1.2751120e+01
   1.6600000e+03   1.2697458e+01
   1.6700000e+03   1.2697880e+01
   1.6800000e+03   1.2686588e+01
   1.6900000e+03   1.2608109e+01
   1.7000000e+03   1.2732189e+01
   1.7100000e+03   1.2638922e+01
   1.7200000e+03   1.2661821e+01
   1.7300000e+03   1.2807222e+01
   1.7400000e+03   1.2670963e+01
   1.7500000e+03   1.2729354e+01
   1.7600000e+03   1.2735117e+01
   1.7700000e+03   1.2709020e+01
   1.7800000e+03   1.2704555e+01
   1.7900000e+03   1.2770207e+01
   1.8000000e+03   1.2741815e+01
   1.8100000e+03   1.2729954e+01
   1.8200000e+03   1.2732930e+01
   1.8300000e+03   1.2744079e+01
   1.8400000e+03   1.2705848e+01
   1.8500000e+03   1.2653180e+01
   1.8600000e+03   1.2672952e+01
   1.8700000e+03   1.2687379e+01
   1.8800000e+03   1.2699382e+01
   1.8900000e+03   1.2693905e+01
   1.9000000e+03   1.2626999e+01
   1.9100000e+03   1.2683581e+01
   1.9200000e+03   1.2693075e+01
   1.9300000e+03   1.2638897e+01
   1.9400000e+03   1.2647667e+01
   1.9500000e+03   1.2710197e+01
   1.9600000e+03   1.2684861e+01
   1.9700000e+03   1.2703734e+01
   1.9800000e+03   1.2675333e+01
   1.9900000e+03   1.2688987e+01
   2.0000000e+03   1.2627584e+01
   2.0100000e+03   1.2652324e+01
   2.0200000e+03   1.2654709e+01
   2.0300000e+03   1.2623898e+01
   2.0400000e+03   1.2615762e+01
   2.0500000e+03   1.2595474e+01
   2.0600000e+03   1.2654290e+01
   2.0700000e+03   1.2609312e+01
   2.0800000e+03   1.2616732e+01
   2.0900000e+03   1.2596828e+01
   2.1000000e+03   1.2676132e+01
   2.1100000e+03   1.2606036e+01
   2.1200000e+03   1.2618896e+01
   2.1300000e+03   1.2620230e+01
   2.1400000e+03   1.2642232e+01
   2.1500000e+03   1.2601826e+01
   2.1600000e+03   1.2610181e+01
   2.1700000e+03   1.2551945e+01
   2.1800000e+03   1.2536404e+01
   2.1900000e+03   1.2569115e+01
   2.2000000e+03   1.2531873e+01
   2.2100000e+03   1.2563886e+01
   2.2200000e+03   1.2549322e+01
   2.2300000e+03   1.2562700e+01
   2.2400000e+03   1.2505702e+01
   2.2500000e+03   1.2544333e+01
   2.2600000e+03   1.2530518e+01
   2.2700000e+03   1.2542603e+01
   2.2800000e+03   1.2455842e+01
   2.2900000e+03   1.2499559e+01
   2.3000000e+03   1.2462739e+01
   2.3100000e+03   1.2546668e+01
   2.3200000e+03   1.2545050e+01
   2.3300000e+03   1.2510593e+01
   2.3400000e+03   1.2560789e+01
   2.3500000e+03   1.2525451e+01
   2.3600000e+03   1.2526740e+01
   2.3700000e+03   1.2583994e+01
   2.3800000e+03   1.2499675e+01
   2.3900000e+03   1.2484438e+01
   2.4000000e+03   1.2552286e+01
   2.4100000e+03   1.2541994e+01
   2.4200000e+03   1.2570570e+01
   2.4300000e+03   1.2524435e+01
   2.4400000e+03   1.2491343e+01
   2.4500000e+03   1.2513456e+01
   2.4600000e+03   1.2557074e+01
   2.4700000e+03   1.2520509e+01
   2.4800000e+03   1.2476086e+01
   2.4900000e+03   1.2471289e+01
   2.5000000e+03   1.2529967e+01
   2.5100000e+03   1.2495095e+01
   2.5200000e+03   1.2478738e+01
   2.5300000e+03   1.2407107e+01
   2.5400000e+03   1.2489512e+01
   2.5500000e+03   1.2479816e+01
   2.5600000e+03   1.2443530e+01
   2.5700000e+03   1.2494507e+01
   2.5800000e+03   1.2496912e+01
   2.5900000e+03   1.2484093e+01
   2.6000000e+03   1.2454092e+01
   2.6100000e+03   1.2490218e+01
   2.6200000e+03   1.2521804e+01
   2.6300000e+03   1.2419285e+01
   2.6400000e+03   1.2482477e+01
   2.6500000e+03   1.2489754e+01
   2.6600000e+03   1.2501943e+01
   2.6700000e+03   1.2449384e+01
   2.6800000e+03   1.2493230e+01
   2.6900000e+03   1.2540291e+01
   2.7000000e+03   1.2502189e+01
   2.7100000e+03   1.2559960e+01
   2.7200000e+03   1.2536208e+01
   2.7300000e+03   1.2443759e+01
   2.7400000e+03   1.2522172e+01
   2.7500000e+03   1.2478954e+01
   2.7600000e+03   1.2422123e+01
   2.7700000e+03   1.2451586e+01
   2.7800000e+03   1.2453182e+01
   2.7900000e+03   1.2449999e+01
   2.8000000e+03   1.2465384e+01
   2.8100000e+03   1.2456548e+01
   2.8200000e+03   1.2412697e+01
   2.8300000e+03   1.2427635e+01
   2.8400000e+03   1.2411027e+01
   2.8500000e+03   1.2519189e+01
   2.8600000e+03   1.2376768e+01
   2.8700000e+03   1.2452248e+01
   2.8800000e+03   1.2434803e+01
   2.8900000e+03   1.2409922e+01
   2.9000000e+03   1.2436511e+01
   2.9100000e+03   1.2397397e+01
   2.9200000e+03   1.2425883e+01
   2.9300000e+03   1.2439268e+01
   2.9400000e+03   1.2390044e+01
   2.9500000e+03   1.2456520e+01
   2.9600000e+03   1.2418850e+01
   2.9700000e+03   1.2420707e+01
   2.9800000e+03   1.2444521e+01
   2.9900000e+03   1.2455882e+01
   3.0000000e+03   1.2409494e+01
   3.0100000e+03   1.2444637e+01
   3.0200000e+03   1.2458189e+01
   3.0300000e+03   1.2434536e+01
   3.0400000e+03   1.2429182e+01
   3.0500000e+03   1.2420723e+01
   3.0600000e+03   1.2405837e+01
   3.0700000e+03   1.2418888e+01
   3.0800000e+03   1.2514122e+01
   3.0900000e+03   1.2409921e+01
   3.1000000e+03   1.2458312e+01
   3.1100000e+03   1.2509667e+01
   3.1200000e+03   1.2409544e+01
   3.1300000e+03   1.2453925e+01
   3.1400000e+03   1.2491301e+01
   3.1500000e+03   1.2490355e+01
   3.1600000e+03   1.2506672e+01
   3.1700000e+03   1.2504882e+01
   3.1800000e+03   1.2409997e+01
   3.1900000e+03   1.2459288e+01
   3.2000000e+03   1.2406542e+01
   3.2100000e+03   1.2396358e+01
   3.2200000e+03   1.2420098e+01
   3.2300000e+03   1.2411280e+01
   3.2400000e+03   1.2429963e+01
   3.2500000e+03   1.2530217e+01
   3.2600000e+03   1.2456960e+01
   3.2700000e+03   1.2410791e+01
   3.2800000e+03   1.2467357e+01
   3.2900000e+03   1.2428423e+01
   3.3000000e+03   1.2428525e+01
   3.3100000e+03   1.2370902e+01
   3.3200000e+03   1.2385744e+01
   3.3300000e+03   1.2379745e+01
   3.3400000e+03   1.2381080e+01
   3.3500000e+03   1.2443981e+01
   3.3600000e+03   1.2430224e+01
   3.3700000e+03   1.2350488e+01
   3.3800000e+03   1.2356868e+01
   3.3900000e+03   1.2389247e+01
   3.4000000e+03   1.2383508e+01
   3.4100000e+03   1.2417336e+01
   3.4200000e+03   1.2403608e+01
   3.4300000e+03   1.2424641e+01
   3.4400000e+03   1.2389385e+01
   3.4500000e+03   1.2437202e+01
   3.4600000e+03   1.2433981e+01
   3.4700000e+03   1.2379319e+01
   3.4800000e+03   1.2408052e+01
   3.4900000e+03   1.2399592e+01
