   0.0000000e+00   1.7537785e+01
   1.0000000e+01   1.7536264e+01
   2.0000000e+01   1.7533018e+01
   3.0000000e+01   1.7514225e+01
   4.0000000e+01   1.7474261e+01
   5.0000000e+01   1.7560831e+01
   6.0000000e+01   1.7641187e+01
   7.0000000e+01   1.7845122e+01
   8.0000000e+01   1.8478150e+01
   9.0000000e+01   2.0678526e+01
   1.0000000e+02   2.2549657e+01
   1.1000000e+02   2.3865260e+01
   1.2000000e+02   2.4036700e+01
   1.3000000e+02   1.8986978e+01
   1.4000000e+02   1.1920829e+01
   1.5000000e+02   1.0804654e+01
   1.6000000e+02   9.9021062e+00
   1.7000000e+02   1.0069233e+01
   1.8000000e+02   1.0105006e+01
   1.9000000e+02   1.1985570e+01
   2.0000000e+02   1.0327445e+01
   2.1000000e+02   1.1244857e+01
   2.2000000e+02   1.1181376e+01
   2.3000000e+02   1.2847238e+01
   2.4000000e+02   1.1570173e+01
   2.5000000e+02   1.2151918e+01
   2.6000000e+02   1.8676873e+01
   2.7000000e+02   1.7300407e+01
   2.8000000e+02   1.7314051e+01
   2.9000000e+02   1.5813843e+01
   3.0000000e+02   1.4175685e+01
   3.1000000e+02   1.3132520e+01
   3.2000000e+02   1.3247692e+01
   3.3000000e+02   1.4611319e+01
   3.4000000e+02   1.6307081e+01
   3.5000000e+02   1.5836926e+01
   3.6000000e+02   1.7180808e+01
   3.7000000e+02   1.8984664e+01
   3.8000000e+02   1.5029206e+01
   3.9000000e+02   1.9337121e+01
   4.0000000e+02   1.9471955e+01
   4.1000000e+02   1.9770433e+01
   4.2000000e+02   1.8093587e+01
   4.3000000e+02   1.5803752e+01
   4.4000000e+02   1.9678088e+01
   4.5000000e+02   1.9586810e+01
   4.6000000e+02   2.0442239e+01
   4.7000000e+02   1.9573253e+01
   4.8000000e+02   1.9135433e+01
   4.9000000e+02   1.7604962e+01
   5.0000000e+02   1.9662061e+01
   5.1000000e+02   2.0716294e+01
   5.2000000e+02   2.0597196e+01
   5.3000000e+02   1.7819788e+01
   5.4000000e+02   1.8751647e+01
   5.5000000e+02   1.8976770e+01
   5.6000000e+02   1.9040772e+01
   5.7000000e+02   1.8121678e+01
   5.8000000e+02   1.9542155e+01
   5.9000000e+02   2.0373822e+01
   6.0000000e+02   2.0296829e+01
   6.1000000e+02   1.9948107e+01
   6.2000000e+02   2.0263746e+01
   6.3000000e+02   2.1037035e+01
   6.4000000e+02   1.9311946e+01
   6.5000000e+02   1.9395628e+01
   6.6000000e+02   1.8914941e+01
   6.7000000e+02   2.0385139e+01
   6.8000000e+02   1.9329983e+01
   6.9000000e+02   2.1193749e+01
   7.0000000e+02   2.3121804e+01
   7.1000000e+02   2.2893557e+01
   7.2000000e+02   2.2660750e+01
   7.3000000e+02   2.4020140e+01
   7.4000000e+02   2.3984251e+01
   7.5000000e+02   2.4505163e+01
   7.6000000e+02   2.3742148e+01
   7.7000000e+02   2.4534319e+01
   7.8000000e+02   2.3286578e+01
   7.9000000e+02   2.4067159e+01
   8.0000000e+02   2.4427071e+01
   8.1000000e+02   2.3814999e+01
   8.2000000e+02   2.3880965e+01
   8.3000000e+02   2.4693365e+01
   8.4000000e+02   2.5831730e+01
   8.5000000e+02   2.6590945e+01
   8.6000000e+02   2.7081173e+01
   8.7000000e+02   2.7112838e+01
   8.8000000e+02   2.7116404e+01
   8.9000000e+02   2.7080293e+01
   9.0000000e+02   2.7712843e+01
   9.1000000e+02   2.6920323e+01
   9.2000000e+02   2.3870650e+01
   9.3000000e+02   2.7194702e+01
   9.4000000e+02   2.6506471e+01
   9.5000000e+02   2.6525885e+01
   9.6000000e+02   2.6974039e+01
   9.7000000e+02   2.5563667e+01
   9.8000000e+02   2.5591322e+01
   9.9000000e+02   2.3767610e+01
   1.0000000e+03   2.5275232e+01
   1.0100000e+03   2.5956771e+01
   1.0200000e+03   2.6177041e+01
   1.0300000e+03   2.5855312e+01
   1.0400000e+03   2.2839349e+01
   1.0500000e+03   2.1879847e+01
   1.0600000e+03   2.4011788e+01
   1.0700000e+03   2.3697854e+01
   1.0800000e+03   2.4449943e+01
   1.0900000e+03   2.5013708e+01
   1.1000000e+03   2.4254342e+01
   1.1100000e+03   2.4026027e+01
   1.1200000e+03   2.3996336e+01
   1.1300000e+03   2.4873401e+01
   1.1400000e+03   2.4241545e+01
   1.1500000e+03   2.4311023e+01
   1.1600000e+03   2.3511042e+01
   1.1700000e+03   2.4265955e+01
   1.1800000e+03   2.4312075e+01
   1.1900000e+03   2.4913503e+01
   1.2000000e+03   2.5169906e+01
   1.2100000e+03   2.3934416e+01
   1.2200000e+03   2.3906053e+01
   1.2300000e+03   2.4350812e+01
   1.2400000e+03   2.4511791e+01
   1.2500000e+03   2.5142784e+01
   1.2600000e+03   2.3987644e+01
   1.2700000e+03   2.3892630e+01
   1.2800000e+03   2.4776521e+01
   1.2900000e+03   2.5008409e+01
   1.3000000e+03   2.3650164e+01
   1.3100000e+03   2.5287127e+01
   1.3200000e+03   2.4969028e+01
   1.3300000e+03   2.5195072e+01
   1.3400000e+03   2.4350395e+01
   1.3500000e+03   2.6032768e+01
   1.3600000e+03   2.4647602e+01
   1.3700000e+03   2.3861829e+01
   1.3800000e+03   2.5988081e+01
   1.3900000e+03   2.5502047e+01
   1.4000000e+03   2.4193146e+01
   1.4100000e+03   2.2880880e+01
   1.4200000e+03   2.4210026e+01
   1.4300000e+03   2.4779917e+01
   1.4400000e+03   2.3345207e+01
   1.4500000e+03   2.4956245e+01
   1.4600000e+03   2.4661288e+01
   1.4700000e+03   2.3875951e+01
   1.4800000e+03   2.4410619e+01
   1.4900000e+03   2.4292289e+01
   1.5000000e+03   2.4232600e+01
   1.5100000e+03   2.5041352e+01
   1.5200000e+03   2.5580277e+01
   1.5300000e+03   2.4560937e+01
   1.5400000e+03   2.3574460e+01
   1.5500000e+03   2.2890463e+01
   1.5600000e+03   2.3938361e+01
   1.5700000e+03   2.5443198e+01
   1.5800000e+03   2.4541574e+01
   1.5900000e+03   2.4464552e+01
   1.6000000e+03   2.6202152e+01
   1.6100000e+03   2.4761298e+01
   1.6200000e+03   2.4186102e+01
   1.6300000e+03   2.4240482e+01
   1.6400000e+03   2.5164008e+01
   1.6500000e+03   2.4050914e+01
   1.6600000e+03   2.5074362e+01
   1.6700000e+03   2.5426033e+01
   1.6800000e+03   2.4998840e+01
   1.6900000e+03   2.6510063e+01
   1.7000000e+03   2.6706475e+01
   1.7100000e+03   2.6631331e+01
   1.7200000e+03   2.6757454e+01
   1.7300000e+03   2.6048895e+01
   1.7400000e+03   2.5772727e+01
   1.7500000e+03   2.5450308e+01
   1.7600000e+03   2.5010553e+01
   1.7700000e+03   2.4533335e+01
   1.7800000e+03   2.4608225e+01
   1.7900000e+03   2.5115602e+01
   1.8000000e+03   2.4773473e+01
   1.8100000e+03   2.4976710e+01
   1.8200000e+03   2.4767746e+01
   1.8300000e+03   2.4436364e+01
   1.8400000e+03   2.3588997e+01
   1.8500000e+03   2.4556675e+01
   1.8600000e+03   2.3745886e+01
   1.8700000e+03   2.4822803e+01
   1.8800000e+03   2.5716635e+01
   1.8900000e+03   2.6592635e+01
   1.9000000e+03   2.5328654e+01
   1.9100000e+03   2.5856384e+01
   1.9200000e+03   2.5325218e+01
   1.9300000e+03   2.5394980e+01
   1.9400000e+03   2.4468769e+01
   1.9500000e+03   2.4748732e+01
   1.9600000e+03   2.5887988e+01
   1.9700000e+03   2.5588762e+01
   1.9800000e+03   2.4349166e+01
   1.9900000e+03   2.4830581e+01
   2.0000000e+03   2.3490019e+01
   2.0100000e+03   2.4388308e+01
   2.0200000e+03   2.4721200e+01
   2.0300000e+03   2.3561321e+01
   2.0400000e+03   2.3484951e+01
   2.0500000e+03   2.2821808e+01
   2.0600000e+03   2.3004668e+01
   2.0700000e+03   2.3625466e+01
   2.0800000e+03   2.3228714e+01
   2.0900000e+03   2.3755942e+01
   2.1000000e+03   2.3612151e+01
   2.1100000e+03   2.3833892e+01
   2.1200000e+03   2.4407134e+01
   2.1300000e+03   2.5197552e+01
   2.1400000e+03   2.4416743e+01
   2.1500000e+03   2.4122810e+01
   2.1600000e+03   2.3906426e+01
   2.1700000e+03   2.3530636e+01
   2.1800000e+03   2.2770647e+01
   2.1900000e+03   2.2977477e+01
   2.2000000e+03   2.3212833e+01
   2.2100000e+03   2.3370123e+01
   2.2200000e+03   2.2638654e+01
   2.2300000e+03   2.2929275e+01
   2.2400000e+03   2.3506574e+01
   2.2500000e+03   2.2284201e+01
   2.2600000e+03   2.3111648e+01
   2.2700000e+03   2.3037120e+01
   2.2800000e+03   2.2541869e+01
   2.2900000e+03   2.3159569e+01
   2.3000000e+03   2.2700090e+01
   2.3100000e+03   2.3909628e+01
   2.3200000e+03   2.4044878e+01
   2.3300000e+03   2.4042189e+01
   2.3400000e+03   2.3304595e+01
   2.3500000e+03   2.3142763e+01
   2.3600000e+03   2.3133491e+01
   2.3700000e+03   2.3001927e+01
   2.3800000e+03   2.3170278e+01
   2.3900000e+03   2.3891959e+01
   2.4000000e+03   2.3350088e+01
   2.4100000e+03   2.2895588e+01
   2.4200000e+03   2.3195760e+01
   2.4300000e+03   2.3001757e+01
   2.4400000e+03   2.3391177e+01
   2.4500000e+03   2.3935268e+01
   2.4600000e+03   2.3427689e+01
   2.4700000e+03   2.3404307e+01
   2.4800000e+03   2.3966511e+01
   2.4900000e+03   2.4073431e+01
   2.5000000e+03   2.3641108e+01
   2.5100000e+03   2.3869954e+01
   2.5200000e+03   2.4744052e+01
   2.5300000e+03   2.3800946e+01
   2.5400000e+03   2.4655729e+01
   2.5500000e+03   2.5117214e+01
   2.5600000e+03   2.5351261e+01
   2.5700000e+03   2.5712282e+01
   2.5800000e+03   2.5154259e+01
   2.5900000e+03   2.4588624e+01
   2.6000000e+03   2.4543684e+01
   2.6100000e+03   2.3540320e+01
   2.6200000e+03   2.4266522e+01
   2.6300000e+03   2.4840524e+01
   2.6400000e+03   2.4005198e+01
   2.6500000e+03   2.3126179e+01
   2.6600000e+03   2.3427774e+01
   2.6700000e+03   2.4412212e+01
   2.6800000e+03   2.5030906e+01
   2.6900000e+03   2.3808297e+01
   2.7000000e+03   2.4376416e+01
   2.7100000e+03   2.4463244e+01
   2.7200000e+03   2.3684403e+01
   2.7300000e+03   2.3791179e+01
   2.7400000e+03   2.4358953e+01
   2.7500000e+03   2.4000218e+01
   2.7600000e+03   2.4134472e+01
   2.7700000e+03   2.4642312e+01
   2.7800000e+03   2.4382135e+01
   2.7900000e+03   2.4765530e+01
   2.8000000e+03   2.3979032e+01
   2.8100000e+03   2.5234539e+01
   2.8200000e+03   2.5577716e+01
   2.8300000e+03   2.5237955e+01
   2.8400000e+03   2.5283440e+01
   2.8500000e+03   2.5068600e+01
   2.8600000e+03   2.5848456e+01
   2.8700000e+03   2.5454478e+01
   2.8800000e+03   2.5978474e+01
   2.8900000e+03   2.5961234e+01
   2.9000000e+03   2.5614713e+01
   2.9100000e+03   2.5842757e+01
   2.9200000e+03   2.5734352e+01
   2.9300000e+03   2.5718541e+01
   2.9400000e+03   2.5215892e+01
   2.9500000e+03   2.5389776e+01
   2.9600000e+03   2.5153945e+01
   2.9700000e+03   2.4622777e+01
   2.9800000e+03   2.4999776e+01
   2.9900000e+03   2.5680278e+01
   3.0000000e+03   2.4985250e+01
   3.0100000e+03   2.4719012e+01
   3.0200000e+03   2.5135123e+01
   3.0300000e+03   2.4894248e+01
   3.0400000e+03   2.5851309e+01
   3.0500000e+03   2.5356368e+01
   3.0600000e+03   2.5179511e+01
   3.0700000e+03   2.5722252e+01
   3.0800000e+03   2.5225505e+01
   3.0900000e+03   2.5339827e+01
   3.1000000e+03   2.4422001e+01
   3.1100000e+03   2.5573750e+01
   3.1200000e+03   2.5992201e+01
   3.1300000e+03   2.2219483e+01
   3.1400000e+03   2.3267052e+01
   3.1500000e+03   2.3715715e+01
   3.1600000e+03   2.3800920e+01
   3.1700000e+03   2.2973803e+01
   3.1800000e+03   2.3874484e+01
   3.1900000e+03   2.4157019e+01
   3.2000000e+03   2.4445360e+01
   3.2100000e+03   2.3876092e+01
   3.2200000e+03   2.4318315e+01
   3.2300000e+03   2.4346980e+01
   3.2400000e+03   2.4423658e+01
   3.2500000e+03   2.4188470e+01
   3.2600000e+03   2.4462980e+01
   3.2700000e+03   2.4680314e+01
   3.2800000e+03   2.5441351e+01
   3.2900000e+03   2.5514555e+01
   3.3000000e+03   2.4384298e+01
   3.3100000e+03   2.4679099e+01
   3.3200000e+03   2.4674117e+01
   3.3300000e+03   2.5026079e+01
   3.3400000e+03   2.5368983e+01
   3.3500000e+03   2.5370680e+01
   3.3600000e+03   2.4729454e+01
   3.3700000e+03   2.5438365e+01
   3.3800000e+03   2.6067597e+01
   3.3900000e+03   2.5799383e+01
   3.4000000e+03   2.5220276e+01
   3.4100000e+03   2.5690451e+01
   3.4200000e+03   2.5203631e+01
   3.4300000e+03   2.4371826e+01
   3.4400000e+03   2.5416178e+01
   3.4500000e+03   2.5525057e+01
   3.4600000e+03   2.5835646e+01
   3.4700000e+03   2.5741023e+01
   3.4800000e+03   2.5094275e+01
   3.4900000e+03   2.5319457e+01
