   0.0000000e+00   1.7477228e+01
   1.0000000e+01   1.7478492e+01
   2.0000000e+01   1.7489506e+01
   3.0000000e+01   1.7480160e+01
   4.0000000e+01   1.7479463e+01
   5.0000000e+01   1.7489225e+01
   6.0000000e+01   1.7503408e+01
   7.0000000e+01   1.7566609e+01
   8.0000000e+01   1.8027467e+01
   9.0000000e+01   1.9823185e+01
   1.0000000e+02   2.4606869e+01
   1.1000000e+02   2.7207218e+01
   1.2000000e+02   2.9327937e+01
   1.3000000e+02   3.0523787e+01
   1.4000000e+02   3.0853569e+01
   1.5000000e+02   3.1450685e+01
   1.6000000e+02   3.1767872e+01
   1.7000000e+02   3.2237353e+01
   1.8000000e+02   3.2345395e+01
   1.9000000e+02   3.2578111e+01
   2.0000000e+02   3.2828804e+01
   2.1000000e+02   3.2689541e+01
   2.2000000e+02   3.2887241e+01
   2.3000000e+02   3.2945497e+01
   2.4000000e+02   3.2964757e+01
   2.5000000e+02   3.3268634e+01
   2.6000000e+02   3.3436989e+01
   2.7000000e+02   3.3373391e+01
   2.8000000e+02   3.3212808e+01
   2.9000000e+02   3.3485372e+01
   3.0000000e+02   3.3299508e+01
   3.1000000e+02   3.3395894e+01
   3.2000000e+02   3.3145053e+01
   3.3000000e+02   3.3591128e+01
   3.4000000e+02   3.3491644e+01
   3.5000000e+02   3.3236160e+01
   3.6000000e+02   3.3659119e+01
   3.7000000e+02   3.3218061e+01
   3.8000000e+02   3.3340315e+01
   3.9000000e+02   3.3758628e+01
   4.0000000e+02   3.3311972e+01
   4.1000000e+02   3.3691711e+01
   4.2000000e+02   3.3407307e+01
   4.3000000e+02   3.3653177e+01
   4.4000000e+02   3.3737571e+01
   4.5000000e+02   3.3743050e+01
   4.6000000e+02   3.3836904e+01
   4.7000000e+02   3.3949148e+01
   4.8000000e+02   3.4023333e+01
   4.9000000e+02   3.4081663e+01
   5.0000000e+02   3.3546171e+01
   5.1000000e+02   3.3958875e+01
   5.2000000e+02   3.4222014e+01
   5.3000000e+02   3.3699626e+01
   5.4000000e+02   3.4249232e+01
   5.5000000e+02   3.4085573e+01
   5.6000000e+02   3.4459656e+01
   5.7000000e+02   3.4152097e+01
   5.8000000e+02   3.4230184e+01
   5.9000000e+02   3.4272257e+01
   6.0000000e+02   3.4364053e+01
   6.1000000e+02   3.4538273e+01
   6.2000000e+02   3.4392802e+01
   6.3000000e+02   3.4524130e+01
   6.4000000e+02   3.4369822e+01
   6.5000000e+02   3.4431158e+01
   6.6000000e+02   3.4094161e+01
   6.7000000e+02   3.4005450e+01
   6.8000000e+02   3.3593611e+01
   6.9000000e+02   3.3909650e+01
   7.0000000e+02   3.3858543e+01
   7.1000000e+02   3.3680278e+01
   7.2000000e+02   3.4088684e+01
   7.3000000e+02   3.3603161e+01
   7.4000000e+02   3.4103544e+01
   7.5000000e+02   3.3816887e+01
   7.6000000e+02   3.3667358e+01
   7.7000000e+02   3.3888971e+01
   7.8000000e+02   3.3949625e+01
   7.9000000e+02   3.3726702e+01
   8.0000000e+02   3.3684815e+01
   8.1000000e+02   3.3582325e+01
   8.2000000e+02   3.3553216e+01
   8.3000000e+02   3.3315645e+01
   8.4000000e+02   3.3853883e+01
   8.5000000e+02   3.3806293e+01
   8.6000000e+02   3.4236725e+01
   8.7000000e+02   3.4415393e+01
   8.8000000e+02   3.4463725e+01
   8.9000000e+02   3.3592611e+01
   9.0000000e+02   3.4374713e+01
   9.1000000e+02   3.4757029e+01
   9.2000000e+02   3.4427098e+01
   9.3000000e+02   3.4719085e+01
   9.4000000e+02   3.4671739e+01
   9.5000000e+02   3.4573669e+01
   9.6000000e+02   3.4390616e+01
   9.7000000e+02   3.3884252e+01
   9.8000000e+02   3.4232475e+01
   9.9000000e+02   3.4057901e+01
   1.0000000e+03   3.4032494e+01
   1.0100000e+03   3.4036829e+01
   1.0200000e+03   3.4026762e+01
   1.0300000e+03   3.3901017e+01
   1.0400000e+03   3.4117316e+01
   1.0500000e+03   3.4063347e+01
   1.0600000e+03   3.4028539e+01
   1.0700000e+03   3.4357961e+01
   1.0800000e+03   3.4079553e+01
   1.0900000e+03   3.4586290e+01
   1.1000000e+03   3.4518629e+01
   1.1100000e+03   3.4475107e+01
   1.1200000e+03   3.4424462e+01
   1.1300000e+03   3.4234026e+01
   1.1400000e+03   3.4323780e+01
   1.1500000e+03   3.3901050e+01
   1.1600000e+03   3.4045088e+01
   1.1700000e+03   3.4118487e+01
   1.1800000e+03   3.4284060e+01
   1.1900000e+03   3.4272435e+01
   1.2000000e+03   3.4253780e+01
   1.2100000e+03   3.4028106e+01
   1.2200000e+03   3.4283343e+01
   1.2300000e+03   3.4137194e+01
   1.2400000e+03   3.3878922e+01
   1.2500000e+03   3.4029560e+01
   1.2600000e+03   3.4032541e+01
   1.2700000e+03   3.4334860e+01
   1.2800000e+03   3.4401973e+01
   1.2900000e+03   3.4289176e+01
   1.3000000e+03   3.4376588e+01
   1.3100000e+03   3.4059654e+01
   1.3200000e+03   3.4059040e+01
   1.3300000e+03   3.4201035e+01
   1.3400000e+03   3.4064609e+01
   1.3500000e+03   3.4440061e+01
   1.3600000e+03   3.4702175e+01
   1.3700000e+03   3.4656066e+01
   1.3800000e+03   3.4551349e+01
   1.3900000e+03   3.4436130e+01
   1.4000000e+03   3.4628281e+01
   1.4100000e+03   3.5027158e+01
   1.4200000e+03   3.5117673e+01
   1.4300000e+03   3.4839621e+01
   1.4400000e+03   3.4624069e+01
   1.4500000e+03   3.4316969e+01
   1.4600000e+03   3.5033916e+01
   1.4700000e+03   3.5186882e+01
   1.4800000e+03   3.5120073e+01
   1.4900000e+03   3.4901835e+01
   1.5000000e+03   3.4836022e+01
   1.5100000e+03   3.4840061e+01
   1.5200000e+03   3.4998180e+01
   1.5300000e+03   3.5158697e+01
   1.5400000e+03   3.4680078e+01
   1.5500000e+03   3.4755556e+01
   1.5600000e+03   3.4714559e+01
   1.5700000e+03   3.4403076e+01
   1.5800000e+03   3.4274701e+01
   1.5900000e+03   3.4399977e+01
   1.6000000e+03   3.4882761e+01
   1.6100000e+03   3.4861972e+01
   1.6200000e+03   3.5108627e+01
   1.6300000e+03   3.5010427e+01
   1.6400000e+03   3.5270292e+01
   1.6500000e+03   3.4597433e+01
   1.6600000e+03   3.4712932e+01
   1.6700000e+03   3.4879931e+01
   1.6800000e+03   3.4819191e+01
   1.6900000e+03   3.4867482e+01
   1.7000000e+03   3.4806115e+01
   1.7100000e+03   3.4864742e+01
   1.7200000e+03   3.4939744e+01
   1.7300000e+03   3.4898226e+01
   1.7400000e+03   3.4582805e+01
   1.7500000e+03   3.4526204e+01
   1.7600000e+03   3.4574478e+01
   1.7700000e+03   3.4725001e+01
   1.7800000e+03   3.4592503e+01
   1.7900000e+03   3.4465992e+01
   1.8000000e+03   3.4028600e+01
   1.8100000e+03   3.4284073e+01
   1.8200000e+03   3.3994680e+01
   1.8300000e+03   3.4216119e+01
   1.8400000e+03   3.4028761e+01
   1.8500000e+03   3.4083186e+01
   1.8600000e+03   3.4076280e+01
   1.8700000e+03   3.4123884e+01
   1.8800000e+03   3.4029272e+01
   1.8900000e+03   3.4070538e+01
   1.9000000e+03   3.3865764e+01
   1.9100000e+03   3.3950700e+01
   1.9200000e+03   3.4176294e+01
   1.9300000e+03   3.3793996e+01
   1.9400000e+03   3.4107412e+01
   1.9500000e+03   3.4210569e+01
   1.9600000e+03   3.4188684e+01
   1.9700000e+03   3.3836439e+01
   1.9800000e+03   3.3813660e+01
   1.9900000e+03   3.4165859e+01
   2.0000000e+03   3.4084011e+01
   2.0100000e+03   3.4205265e+01
   2.0200000e+03   3.4110965e+01
   2.0300000e+03   3.4192863e+01
   2.0400000e+03   3.4209318e+01
   2.0500000e+03   3.4556053e+01
   2.0600000e+03   3.4341730e+01
   2.0700000e+03   3.4193515e+01
   2.0800000e+03   3.4120952e+01
   2.0900000e+03   3.3996118e+01
   2.1000000e+03   3.4323874e+01
   2.1100000e+03   3.4039260e+01
   2.1200000e+03   3.4395301e+01
   2.1300000e+03   3.4412514e+01
   2.1400000e+03   3.4262966e+01
   2.1500000e+03   3.4208056e+01
   2.1600000e+03   3.4182701e+01
   2.1700000e+03   3.3851434e+01
   2.1800000e+03   3.4157183e+01
   2.1900000e+03   3.4052125e+01
   2.2000000e+03   3.4039644e+01
   2.2100000e+03   3.3962302e+01
   2.2200000e+03   3.4077555e+01
   2.2300000e+03   3.3932183e+01
   2.2400000e+03   3.3935406e+01
   2.2500000e+03   3.4114853e+01
   2.2600000e+03   3.4214393e+01
   2.2700000e+03   3.3930096e+01
   2.2800000e+03   3.3980597e+01
   2.2900000e+03   3.3822301e+01
   2.3000000e+03   3.3704094e+01
   2.3100000e+03   3.4005469e+01
   2.3200000e+03   3.3847998e+01
   2.3300000e+03   3.4035586e+01
   2.3400000e+03   3.3919173e+01
   2.3500000e+03   3.3842278e+01
   2.3600000e+03   3.3890595e+01
   2.3700000e+03   3.3997612e+01
   2.3800000e+03   3.4011506e+01
   2.3900000e+03   3.4037948e+01
   2.4000000e+03   3.3971753e+01
   2.4100000e+03   3.3911396e+01
   2.4200000e+03   3.4247590e+01
   2.4300000e+03   3.4047488e+01
   2.4400000e+03   3.3913809e+01
   2.4500000e+03   3.3976141e+01
   2.4600000e+03   3.4052846e+01
   2.4700000e+03   3.3860772e+01
   2.4800000e+03   3.4002153e+01
   2.4900000e+03   3.3939428e+01
   2.5000000e+03   3.3806518e+01
   2.5100000e+03   3.3992899e+01
   2.5200000e+03   3.3922158e+01
   2.5300000e+03   3.3922624e+01
   2.5400000e+03   3.3798663e+01
   2.5500000e+03   3.3648718e+01
   2.5600000e+03   3.4047457e+01
   2.5700000e+03   3.3971547e+01
   2.5800000e+03   3.3917590e+01
   2.5900000e+03   3.4036647e+01
   2.6000000e+03   3.4179590e+01
   2.6100000e+03   3.4205690e+01
   2.6200000e+03   3.3989818e+01
   2.6300000e+03   3.4029902e+01
   2.6400000e+03   3.3852530e+01
   2.6500000e+03   3.3897967e+01
   2.6600000e+03   3.3981875e+01
   2.6700000e+03   3.4408427e+01
   2.6800000e+03   3.4187428e+01
   2.6900000e+03   3.4320184e+01
   2.7000000e+03   3.4041877e+01
   2.7100000e+03   3.4204266e+01
   2.7200000e+03   3.4179963e+01
   2.7300000e+03   3.3962379e+01
   2.7400000e+03   3.4079242e+01
   2.7500000e+03   3.3855249e+01
   2.7600000e+03   3.3838322e+01
   2.7700000e+03   3.4012212e+01
   2.7800000e+03   3.3972187e+01
   2.7900000e+03   3.3841907e+01
   2.8000000e+03   3.4075134e+01
   2.8100000e+03   3.3679654e+01
   2.8200000e+03   3.3840521e+01
   2.8300000e+03   3.3737855e+01
   2.8400000e+03   3.3901177e+01
   2.8500000e+03   3.4282275e+01
   2.8600000e+03   3.4263417e+01
   2.8700000e+03   3.4255571e+01
   2.8800000e+03   3.4186045e+01
   2.8900000e+03   3.4347851e+01
   2.9000000e+03   3.4199900e+01
   2.9100000e+03   3.3947551e+01
   2.9200000e+03   3.4307954e+01
   2.9300000e+03   3.3870263e+01
   2.9400000e+03   3.3850641e+01
   2.9500000e+03   3.4031016e+01
   2.9600000e+03   3.4407225e+01
   2.9700000e+03   3.4000902e+01
   2.9800000e+03   3.4056309e+01
   2.9900000e+03   3.4170247e+01
   3.0000000e+03   3.3879697e+01
   3.0100000e+03   3.3920449e+01
   3.0200000e+03   3.4120385e+01
   3.0300000e+03   3.4030751e+01
   3.0400000e+03   3.4094383e+01
   3.0500000e+03   3.4309511e+01
   3.0600000e+03   3.4347045e+01
   3.0700000e+03   3.4513496e+01
   3.0800000e+03   3.4296536e+01
   3.0900000e+03   3.4164643e+01
   3.1000000e+03   3.4101928e+01
   3.1100000e+03   3.4238135e+01
   3.1200000e+03   3.4358218e+01
   3.1300000e+03   3.4422289e+01
   3.1400000e+03   3.4156014e+01
   3.1500000e+03   3.4268438e+01
   3.1600000e+03   3.4257401e+01
   3.1700000e+03   3.4105611e+01
   3.1800000e+03   3.4258119e+01
   3.1900000e+03   3.4092306e+01
   3.2000000e+03   3.4267917e+01
   3.2100000e+03   3.4163017e+01
   3.2200000e+03   3.4120610e+01
   3.2300000e+03   3.4168401e+01
   3.2400000e+03   3.4052625e+01
   3.2500000e+03   3.4339111e+01
   3.2600000e+03   3.4067893e+01
   3.2700000e+03   3.3994277e+01
   3.2800000e+03   3.4387563e+01
   3.2900000e+03   3.4694214e+01
   3.3000000e+03   3.4440638e+01
   3.3100000e+03   3.4189821e+01
   3.3200000e+03   3.4404551e+01
   3.3300000e+03   3.4232823e+01
   3.3400000e+03   3.4746452e+01
   3.3500000e+03   3.4670823e+01
   3.3600000e+03   3.4651406e+01
   3.3700000e+03   3.4919993e+01
   3.3800000e+03   3.4707630e+01
   3.3900000e+03   3.4912725e+01
   3.4000000e+03   3.4300209e+01
   3.4100000e+03   3.4769840e+01
   3.4200000e+03   3.5060020e+01
   3.4300000e+03   3.4878964e+01
   3.4400000e+03   3.4864150e+01
   3.4500000e+03   3.5006822e+01
   3.4600000e+03   3.4795292e+01
   3.4700000e+03   3.5051846e+01
   3.4800000e+03   3.4750252e+01
   3.4900000e+03   3.4900468e+01
