   0.0000000e+00   1.7653385e+01
   1.0000000e+01   1.7651633e+01
   2.0000000e+01   1.7647691e+01
   3.0000000e+01   1.7645147e+01
   4.0000000e+01   1.7647666e+01
   5.0000000e+01   1.7654610e+01
   6.0000000e+01   1.7697359e+01
   7.0000000e+01   1.8138210e+01
   8.0000000e+01   1.9956511e+01
   9.0000000e+01   2.4609134e+01
   1.0000000e+02   2.7200809e+01
   1.1000000e+02   2.9364267e+01
   1.2000000e+02   3.0110697e+01
   1.3000000e+02   3.0476519e+01
   1.4000000e+02   3.0801105e+01
   1.5000000e+02   3.1181293e+01
   1.6000000e+02   3.1734513e+01
   1.7000000e+02   3.1566377e+01
   1.8000000e+02   3.1250301e+01
   1.9000000e+02   3.1639646e+01
   2.0000000e+02   3.1920726e+01
   2.1000000e+02   3.2148366e+01
   2.2000000e+02   3.2110720e+01
   2.3000000e+02   3.2365959e+01
   2.4000000e+02   3.2430275e+01
   2.5000000e+02   3.2531821e+01
   2.6000000e+02   3.2873768e+01
   2.7000000e+02   3.2688167e+01
   2.8000000e+02   3.2719943e+01
   2.9000000e+02   3.2872948e+01
   3.0000000e+02   3.3055498e+01
   3.1000000e+02   3.3029798e+01
   3.2000000e+02   3.3020324e+01
   3.3000000e+02   3.3322677e+01
   3.4000000e+02   3.3354409e+01
   3.5000000e+02   3.3511598e+01
   3.6000000e+02   3.3418146e+01
   3.7000000e+02   3.3414698e+01
   3.8000000e+02   3.3428760e+01
   3.9000000e+02   3.3443364e+01
   4.0000000e+02   3.3228634e+01
   4.1000000e+02   3.3264322e+01
   4.2000000e+02   3.3613401e+01
   4.3000000e+02   3.3316467e+01
   4.4000000e+02   3.3814488e+01
   4.5000000e+02   3.4040268e+01
   4.6000000e+02   3.4202949e+01
   4.7000000e+02   3.3454295e+01
   4.8000000e+02   3.3644484e+01
   4.9000000e+02   3.3381978e+01
   5.0000000e+02   3.4015044e+01
   5.1000000e+02   3.4344597e+01
   5.2000000e+02   3.3706665e+01
   5.3000000e+02   3.3962514e+01
   5.4000000e+02   3.3948469e+01
   5.5000000e+02   3.3805236e+01
   5.6000000e+02   3.3728608e+01
   5.7000000e+02   3.4068612e+01
   5.8000000e+02   3.3553101e+01
   5.9000000e+02   3.3661239e+01
   6.0000000e+02   3.3984589e+01
   6.1000000e+02   3.3876091e+01
   6.2000000e+02   3.3797297e+01
   6.3000000e+02   3.3832897e+01
   6.4000000e+02   3.3848860e+01
   6.5000000e+02   3.3702000e+01
   6.6000000e+02   3.3799827e+01
   6.7000000e+02   3.4037257e+01
   6.8000000e+02   3.3737414e+01
   6.9000000e+02   3.3966950e+01
   7.0000000e+02   3.4134286e+01
   7.1000000e+02   3.3988887e+01
   7.2000000e+02   3.4273982e+01
   7.3000000e+02   3.4311650e+01
   7.4000000e+02   3.4238149e+01
   7.5000000e+02   3.3963464e+01
   7.6000000e+02   3.3948962e+01
   7.7000000e+02   3.3898129e+01
   7.8000000e+02   3.3858740e+01
   7.9000000e+02   3.3925101e+01
   8.0000000e+02   3.3957654e+01
   8.1000000e+02   3.3948389e+01
   8.2000000e+02   3.4134709e+01
   8.3000000e+02   3.3676993e+01
   8.4000000e+02   3.3860134e+01
   8.5000000e+02   3.3537400e+01
   8.6000000e+02   3.4036087e+01
   8.7000000e+02   3.3852551e+01
   8.8000000e+02   3.3809889e+01
   8.9000000e+02   3.4359461e+01
   9.0000000e+02   3.4438691e+01
   9.1000000e+02   3.4186409e+01
   9.2000000e+02   3.4093163e+01
   9.3000000e+02   3.3775837e+01
   9.4000000e+02   3.3978503e+01
   9.5000000e+02   3.4210230e+01
   9.6000000e+02   3.4101412e+01
   9.7000000e+02   3.4242529e+01
   9.8000000e+02   3.3894907e+01
   9.9000000e+02   3.3803090e+01
   1.0000000e+03   3.3916416e+01
   1.0100000e+03   3.4159410e+01
   1.0200000e+03   3.3876486e+01
   1.0300000e+03   3.3967251e+01
   1.0400000e+03   3.4047764e+01
   1.0500000e+03   3.4025350e+01
   1.0600000e+03   3.3961731e+01
   1.0700000e+03   3.4038888e+01
   1.0800000e+03   3.3874652e+01
   1.0900000e+03   3.3953015e+01
   1.1000000e+03   3.4314527e+01
   1.1100000e+03   3.4100708e+01
   1.1200000e+03   3.4250805e+01
   1.1300000e+03   3.3952267e+01
   1.1400000e+03   3.4269840e+01
   1.1500000e+03   3.4034996e+01
   1.1600000e+03   3.4070702e+01
   1.1700000e+03   3.4193870e+01
   1.1800000e+03   3.3977718e+01
   1.1900000e+03   3.4273990e+01
   1.2000000e+03   3.3902068e+01
   1.2100000e+03   3.4367138e+01
   1.2200000e+03   3.4165274e+01
   1.2300000e+03   3.4374196e+01
   1.2400000e+03   3.4289500e+01
   1.2500000e+03   3.4581724e+01
   1.2600000e+03   3.4405216e+01
   1.2700000e+03   3.4530142e+01
   1.2800000e+03   3.4214127e+01
   1.2900000e+03   3.4201151e+01
   1.3000000e+03   3.4131162e+01
   1.3100000e+03   3.4199904e+01
   1.3200000e+03   3.4341831e+01
   1.3300000e+03   3.4365630e+01
   1.3400000e+03   3.4408076e+01
   1.3500000e+03   3.4418877e+01
   1.3600000e+03   3.4553230e+01
   1.3700000e+03   3.3896884e+01
   1.3800000e+03   3.4444499e+01
   1.3900000e+03   3.4325692e+01
   1.4000000e+03   3.4388346e+01
   1.4100000e+03   3.4345649e+01
   1.4200000e+03   3.4579032e+01
   1.4300000e+03   3.4144090e+01
   1.4400000e+03   3.4241533e+01
   1.4500000e+03   3.4322758e+01
   1.4600000e+03   3.4528842e+01
   1.4700000e+03   3.4127000e+01
   1.4800000e+03   3.4223095e+01
   1.4900000e+03   3.4083212e+01
   1.5000000e+03   3.4122407e+01
   1.5100000e+03   3.4531025e+01
   1.5200000e+03   3.4029413e+01
   1.5300000e+03   3.4131947e+01
   1.5400000e+03   3.4390500e+01
   1.5500000e+03   3.3954263e+01
   1.5600000e+03   3.3946625e+01
   1.5700000e+03   3.4406798e+01
   1.5800000e+03   3.4195995e+01
   1.5900000e+03   3.4132932e+01
   1.6000000e+03   3.4561782e+01
   1.6100000e+03   3.4846195e+01
   1.6200000e+03   3.4553054e+01
   1.6300000e+03   3.4749760e+01
   1.6400000e+03   3.4818747e+01
   1.6500000e+03   3.4544451e+01
   1.6600000e+03   3.4814473e+01
   1.6700000e+03   3.4803508e+01
   1.6800000e+03   3.4693242e+01
   1.6900000e+03   3.4928062e+01
   1.7000000e+03   3.4722798e+01
   1.7100000e+03   3.4654392e+01
   1.7200000e+03   3.4824357e+01
   1.7300000e+03   3.5149289e+01
   1.7400000e+03   3.4785437e+01
   1.7500000e+03   3.4892014e+01
   1.7600000e+03   3.5019755e+01
   1.7700000e+03   3.4924117e+01
   1.7800000e+03   3.4924930e+01
   1.7900000e+03   3.4812144e+01
   1.8000000e+03   3.4581705e+01
   1.8100000e+03   3.4553139e+01
   1.8200000e+03   3.4560486e+01
   1.8300000e+03   3.4357439e+01
   1.8400000e+03   3.4557370e+01
   1.8500000e+03   3.4450571e+01
   1.8600000e+03   3.4550139e+01
   1.8700000e+03   3.4624867e+01
   1.8800000e+03   3.4678165e+01
   1.8900000e+03   3.4534839e+01
   1.9000000e+03   3.4297332e+01
   1.9100000e+03   3.4093415e+01
   1.9200000e+03   3.4364117e+01
   1.9300000e+03   3.4071557e+01
   1.9400000e+03   3.4533567e+01
   1.9500000e+03   3.4058521e+01
   1.9600000e+03   3.4145585e+01
   1.9700000e+03   3.4127705e+01
   1.9800000e+03   3.4327067e+01
   1.9900000e+03   3.4489020e+01
   2.0000000e+03   3.3975327e+01
   2.0100000e+03   3.3942338e+01
   2.0200000e+03   3.3881191e+01
   2.0300000e+03   3.3624816e+01
   2.0400000e+03   3.3570213e+01
   2.0500000e+03   3.3631246e+01
   2.0600000e+03   3.3890726e+01
   2.0700000e+03   3.3740060e+01
   2.0800000e+03   3.3973453e+01
   2.0900000e+03   3.3676006e+01
   2.1000000e+03   3.3810596e+01
   2.1100000e+03   3.3743854e+01
   2.1200000e+03   3.3991643e+01
   2.1300000e+03   3.3947327e+01
   2.1400000e+03   3.3850894e+01
   2.1500000e+03   3.3934496e+01
   2.1600000e+03   3.3876791e+01
   2.1700000e+03   3.3480701e+01
   2.1800000e+03   3.3773230e+01
   2.1900000e+03   3.3731135e+01
   2.2000000e+03   3.3894374e+01
   2.2100000e+03   3.3653922e+01
   2.2200000e+03   3.3706645e+01
   2.2300000e+03   3.3655275e+01
   2.2400000e+03   3.3772823e+01
   2.2500000e+03   3.4008304e+01
   2.2600000e+03   3.3672721e+01
   2.2700000e+03   3.3836159e+01
   2.2800000e+03   3.3868672e+01
   2.2900000e+03   3.3989169e+01
   2.3000000e+03   3.4230126e+01
   2.3100000e+03   3.4098839e+01
   2.3200000e+03   3.4311000e+01
   2.3300000e+03   3.4121749e+01
   2.3400000e+03   3.4300112e+01
   2.3500000e+03   3.4342070e+01
   2.3600000e+03   3.4068787e+01
   2.3700000e+03   3.4278387e+01
   2.3800000e+03   3.3806493e+01
   2.3900000e+03   3.4223575e+01
   2.4000000e+03   3.4483225e+01
   2.4100000e+03   3.4414842e+01
   2.4200000e+03   3.3850480e+01
   2.4300000e+03   3.4186755e+01
   2.4400000e+03   3.4002790e+01
   2.4500000e+03   3.3836057e+01
   2.4600000e+03   3.4017444e+01
   2.4700000e+03   3.3884735e+01
   2.4800000e+03   3.4293063e+01
   2.4900000e+03   3.4264742e+01
   2.5000000e+03   3.4145520e+01
   2.5100000e+03   3.4223276e+01
   2.5200000e+03   3.4271351e+01
   2.5300000e+03   3.4415821e+01
   2.5400000e+03   3.4395999e+01
   2.5500000e+03   3.4850992e+01
   2.5600000e+03   3.4334839e+01
   2.5700000e+03   3.4601621e+01
   2.5800000e+03   3.4577783e+01
   2.5900000e+03   3.4718348e+01
   2.6000000e+03   3.4619206e+01
   2.6100000e+03   3.4386883e+01
   2.6200000e+03   3.4709265e+01
   2.6300000e+03   3.4315291e+01
   2.6400000e+03   3.4237174e+01
   2.6500000e+03   3.4390818e+01
   2.6600000e+03   3.4337208e+01
   2.6700000e+03   3.4424961e+01
   2.6800000e+03   3.4348524e+01
   2.6900000e+03   3.4400237e+01
   2.7000000e+03   3.4353148e+01
   2.7100000e+03   3.4224476e+01
   2.7200000e+03   3.4124133e+01
   2.7300000e+03   3.4053558e+01
   2.7400000e+03   3.4450389e+01
   2.7500000e+03   3.4312269e+01
   2.7600000e+03   3.4418482e+01
   2.7700000e+03   3.4426828e+01
   2.7800000e+03   3.4215224e+01
   2.7900000e+03   3.4620236e+01
   2.8000000e+03   3.4677628e+01
   2.8100000e+03   3.4637926e+01
   2.8200000e+03   3.4285961e+01
   2.8300000e+03   3.4569767e+01
   2.8400000e+03   3.4746963e+01
   2.8500000e+03   3.4912970e+01
   2.8600000e+03   3.4382575e+01
   2.8700000e+03   3.4648634e+01
   2.8800000e+03   3.4652359e+01
   2.8900000e+03   3.4272454e+01
   2.9000000e+03   3.4459829e+01
   2.9100000e+03   3.4017916e+01
   2.9200000e+03   3.4163972e+01
   2.9300000e+03   3.4300573e+01
   2.9400000e+03   3.4343517e+01
   2.9500000e+03   3.4054961e+01
   2.9600000e+03   3.3950281e+01
   2.9700000e+03   3.4399699e+01
   2.9800000e+03   3.4313550e+01
   2.9900000e+03   3.4882087e+01
   3.0000000e+03   3.4511540e+01
   3.0100000e+03   3.4259110e+01
   3.0200000e+03   3.4358783e+01
   3.0300000e+03   3.4256046e+01
   3.0400000e+03   3.4099356e+01
   3.0500000e+03   3.4446443e+01
   3.0600000e+03   3.4658355e+01
   3.0700000e+03   3.4551161e+01
   3.0800000e+03   3.4806787e+01
   3.0900000e+03   3.4511655e+01
   3.1000000e+03   3.4348010e+01
   3.1100000e+03   3.4041233e+01
   3.1200000e+03   3.4363767e+01
   3.1300000e+03   3.4014733e+01
   3.1400000e+03   3.4075443e+01
   3.1500000e+03   3.3908601e+01
   3.1600000e+03   3.4558901e+01
   3.1700000e+03   3.4362593e+01
   3.1800000e+03   3.4035214e+01
   3.1900000e+03   3.3971136e+01
   3.2000000e+03   3.3964344e+01
   3.2100000e+03   3.3985348e+01
   3.2200000e+03   3.4278441e+01
   3.2300000e+03   3.4062850e+01
   3.2400000e+03   3.4540772e+01
   3.2500000e+03   3.4600202e+01
   3.2600000e+03   3.4365975e+01
   3.2700000e+03   3.4463796e+01
   3.2800000e+03   3.4366101e+01
   3.2900000e+03   3.4531733e+01
   3.3000000e+03   3.4333292e+01
   3.3100000e+03   3.4144322e+01
   3.3200000e+03   3.4283670e+01
   3.3300000e+03   3.4344882e+01
   3.3400000e+03   3.4212937e+01
   3.3500000e+03   3.4024585e+01
   3.3600000e+03   3.4244078e+01
   3.3700000e+03   3.4185707e+01
   3.3800000e+03   3.4145448e+01
   3.3900000e+03   3.4830836e+01
   3.4000000e+03   3.4946031e+01
   3.4100000e+03   3.4505222e+01
   3.4200000e+03   3.4544429e+01
   3.4300000e+03   3.4866332e+01
   3.4400000e+03   3.4827791e+01
   3.4500000e+03   3.4922457e+01
   3.4600000e+03   3.4480747e+01
   3.4700000e+03   3.4950762e+01
   3.4800000e+03   3.4792153e+01
   3.4900000e+03   3.4656499e+01
