   0.0000000e+00   3.5339897e-04
   1.0000000e+01  -1.5078548e-02
   2.0000000e+01   1.5602161e-03
   3.0000000e+01   3.5425535e-03
   4.0000000e+01  -2.1970525e-03
   5.0000000e+01   3.5687100e-02
   6.0000000e+01   2.6654978e-02
   7.0000000e+01   2.6892079e-02
   8.0000000e+01  -1.1202494e-02
   9.0000000e+01  -7.2115456e-02
   1.0000000e+02  -1.7435384e-01
   1.1000000e+02  -3.3325642e-01
   1.2000000e+02  -4.6964027e-01
   1.3000000e+02  -6.6943463e-01
   1.4000000e+02  -8.8313615e-01
   1.5000000e+02  -1.0690604e+00
   1.6000000e+02  -1.3157744e+00
   1.7000000e+02  -1.6277446e+00
   1.8000000e+02  -1.8632882e+00
   1.9000000e+02  -2.1171312e+00
   2.0000000e+02  -2.3024692e+00
   2.1000000e+02  -2.5474839e+00
   2.2000000e+02  -2.7968360e+00
   2.3000000e+02  -2.9851681e+00
   2.4000000e+02  -3.0928750e+00
   2.5000000e+02  -3.3026484e+00
   2.6000000e+02  -3.5146374e+00
   2.7000000e+02  -3.7289497e+00
   2.8000000e+02  -3.8746554e+00
   2.9000000e+02  -4.3235058e+00
   3.0000000e+02  -4.3536616e+00
   3.1000000e+02  -4.4004575e+00
   3.2000000e+02  -4.7814703e+00
   3.3000000e+02  -4.7647155e+00
   3.4000000e+02  -4.9043269e+00
   3.5000000e+02  -5.0601581e+00
   3.6000000e+02  -5.1685998e+00
   3.7000000e+02  -5.2737187e+00
   3.8000000e+02  -5.3224950e+00
   3.9000000e+02  -5.5613567e+00
   4.0000000e+02  -5.6571810e+00
   4.1000000e+02  -5.7536932e+00
   4.2000000e+02  -5.7470827e+00
   4.3000000e+02  -5.8762488e+00
   4.4000000e+02  -5.9717271e+00
   4.5000000e+02  -5.9933036e+00
   4.6000000e+02  -6.0867765e+00
   4.7000000e+02  -6.1386597e+00
   4.8000000e+02  -6.2001674e+00
   4.9000000e+02  -6.2616724e+00
   5.0000000e+02  -6.4209734e+00
   5.1000000e+02  -6.4445913e+00
   5.2000000e+02  -6.4211993e+00
   5.3000000e+02  -6.4958340e+00
   5.4000000e+02  -6.5058422e+00
   5.5000000e+02  -6.5837288e+00
   5.6000000e+02  -6.6294102e+00
   5.7000000e+02  -6.4618523e+00
   5.8000000e+02  -6.4446197e+00
   5.9000000e+02  -6.3487286e+00
   6.0000000e+02  -6.3929724e+00
   6.1000000e+02  -6.3121086e+00
   6.2000000e+02  -6.2890307e+00
   6.3000000e+02  -6.1102796e+00
   6.4000000e+02  -5.9651821e+00
   6.5000000e+02  -5.8672745e+00
   6.6000000e+02  -5.8030811e+00
   6.7000000e+02  -5.6469294e+00
   6.8000000e+02  -5.5846040e+00
   6.9000000e+02  -5.5345854e+00
   7.0000000e+02  -5.3755259e+00
   7.1000000e+02  -5.3307865e+00
   7.2000000e+02  -5.2727339e+00
   7.3000000e+02  -5.2702373e+00
   7.4000000e+02  -5.1322257e+00
   7.5000000e+02  -5.1110929e+00
   7.6000000e+02  -5.1336246e+00
   7.7000000e+02  -4.8744230e+00
   7.8000000e+02  -4.8460281e+00
   7.9000000e+02  -4.8029998e+00
   8.0000000e+02  -4.7756548e+00
   8.1000000e+02  -4.7772321e+00
   8.2000000e+02  -4.6674844e+00
   8.3000000e+02  -4.7013648e+00
   8.4000000e+02  -4.6521656e+00
   8.5000000e+02  -4.6001843e+00
   8.6000000e+02  -4.4660028e+00
   8.7000000e+02  -4.5849034e+00
   8.8000000e+02  -4.6495867e+00
   8.9000000e+02  -4.4163863e+00
   9.0000000e+02  -4.5630037e+00
   9.1000000e+02  -4.4398284e+00
   9.2000000e+02  -4.5532812e+00
   9.3000000e+02  -4.3971927e+00
   9.4000000e+02  -4.4279185e+00
   9.5000000e+02  -4.4566729e+00
   9.6000000e+02  -4.3171740e+00
   9.7000000e+02  -4.2610931e+00
   9.8000000e+02  -4.3407517e+00
   9.9000000e+02  -4.2075764e+00
   1.0000000e+03  -4.0906242e+00
   1.0100000e+03  -4.2212361e+00
   1.0200000e+03  -3.9656494e+00
   1.0300000e+03  -4.1830603e+00
   1.0400000e+03  -3.9492840e+00
   1.0500000e+03  -3.7998141e+00
   1.0600000e+03  -3.6864877e+00
   1.0700000e+03  -3.6129022e+00
   1.0800000e+03  -3.7336786e+00
   1.0900000e+03  -3.6213504e+00
   1.1000000e+03  -3.5582828e+00
   1.1100000e+03  -3.6817744e+00
   1.1200000e+03  -3.5127543e+00
   1.1300000e+03  -3.5052825e+00
   1.1400000e+03  -3.4387106e+00
   1.1500000e+03  -3.4393046e+00
   1.1600000e+03  -3.4326894e+00
   1.1700000e+03  -3.4320527e+00
   1.1800000e+03  -3.4812439e+00
   1.1900000e+03  -3.5287654e+00
   1.2000000e+03  -3.3181391e+00
   1.2100000e+03  -3.5159997e+00
   1.2200000e+03  -3.5316403e+00
   1.2300000e+03  -3.2922796e+00
   1.2400000e+03  -3.3981063e+00
   1.2500000e+03  -3.3015613e+00
   1.2600000e+03  -3.2619891e+00
   1.2700000e+03  -3.5264857e+00
   1.2800000e+03  -3.3327836e+00
   1.2900000e+03  -3.4138717e+00
   1.3000000e+03  -3.6089461e+00
   1.3100000e+03  -3.3402067e+00
   1.3200000e+03  -3.5600107e+00
   1.3300000e+03  -3.4343449e+00
   1.3400000e+03  -3.3460457e+00
   1.3500000e+03  -3.5844696e+00
   1.3600000e+03  -3.5013547e+00
   1.3700000e+03  -3.4798047e+00
   1.3800000e+03  -3.5029326e+00
   1.3900000e+03  -3.3692514e+00
   1.4000000e+03  -3.3645777e+00
   1.4100000e+03  -3.2447714e+00
   1.4200000e+03  -3.3545398e+00
   1.4300000e+03  -3.4735040e+00
   1.4400000e+03  -3.2689253e+00
   1.4500000e+03  -3.3610768e+00
   1.4600000e+03  -3.2620604e+00
   1.4700000e+03  -3.3390789e+00
   1.4800000e+03  -3.3724732e+00
   1.4900000e+03  -3.3365407e+00
   1.5000000e+03  -3.3237062e+00
   1.5100000e+03  -3.3701829e+00
   1.5200000e+03  -3.3778229e+00
   1.5300000e+03  -3.4656729e+00
   1.5400000e+03  -3.4639548e+00
   1.5500000e+03  -3.5713225e+00
   1.5600000e+03  -3.5995409e+00
   1.5700000e+03  -3.5811784e+00
   1.5800000e+03  -3.6131805e+00
   1.5900000e+03  -3.6518030e+00
   1.6000000e+03  -3.7284325e+00
   1.6100000e+03  -3.7856703e+00
   1.6200000e+03  -3.7438610e+00
   1.6300000e+03  -3.8078572e+00
   1.6400000e+03  -3.7409897e+00
   1.6500000e+03  -3.7737649e+00
   1.6600000e+03  -3.7452132e+00
   1.6700000e+03  -3.7464219e+00
   1.6800000e+03  -3.7723815e+00
   1.6900000e+03  -3.8145133e+00
   1.7000000e+03  -3.8180758e+00
   1.7100000e+03  -3.9339169e+00
   1.7200000e+03  -3.9725048e+00
   1.7300000e+03  -3.9128238e+00
   1.7400000e+03  -4.0371936e+00
   1.7500000e+03  -4.0412257e+00
   1.7600000e+03  -4.1665948e+00
   1.7700000e+03  -4.1016200e+00
   1.7800000e+03  -4.1503398e+00
   1.7900000e+03  -4.1736627e+00
   1.8000000e+03  -4.1380024e+00
   1.8100000e+03  -4.2309221e+00
   1.8200000e+03  -4.1918416e+00
   1.8300000e+03  -4.2310057e+00
   1.8400000e+03  -4.2629496e+00
   1.8500000e+03  -4.2732258e+00
   1.8600000e+03  -4.2655657e+00
   1.8700000e+03  -4.2390252e+00
   1.8800000e+03  -4.3532772e+00
   1.8900000e+03  -4.2646441e+00
   1.9000000e+03  -4.3448334e+00
   1.9100000e+03  -4.3152679e+00
   1.9200000e+03  -4.3472382e+00
   1.9300000e+03  -4.3650818e+00
   1.9400000e+03  -4.3614360e+00
   1.9500000e+03  -4.4405354e+00
   1.9600000e+03  -4.4714667e+00
   1.9700000e+03  -4.4460672e+00
   1.9800000e+03  -4.4476824e+00
   1.9900000e+03  -4.4296003e+00
   2.0000000e+03  -4.4528059e+00
   2.0100000e+03  -4.4508937e+00
   2.0200000e+03  -4.5149038e+00
   2.0300000e+03  -4.4662770e+00
   2.0400000e+03  -4.4616018e+00
   2.0500000e+03  -4.5373391e+00
   2.0600000e+03  -4.5209148e+00
   2.0700000e+03  -4.5223342e+00
   2.0800000e+03  -4.5764192e+00
   2.0900000e+03  -4.5483329e+00
   2.1000000e+03  -4.5575454e+00
   2.1100000e+03  -4.6066886e+00
   2.1200000e+03  -4.5723911e+00
   2.1300000e+03  -4.5205007e+00
   2.1400000e+03  -4.6469036e+00
   2.1500000e+03  -4.6442166e+00
   2.1600000e+03  -4.6006786e+00
   2.1700000e+03  -4.6286381e+00
   2.1800000e+03  -4.5631030e+00
   2.1900000e+03  -4.5275911e+00
   2.2000000e+03  -4.5608779e+00
   2.2100000e+03  -4.5700979e+00
   2.2200000e+03  -4.5203618e+00
   2.2300000e+03  -4.6209103e+00
   2.2400000e+03  -4.6390091e+00
   2.2500000e+03  -4.6204082e+00
   2.2600000e+03  -4.6815231e+00
   2.2700000e+03  -4.5892875e+00
   2.2800000e+03  -4.6117576e+00
   2.2900000e+03  -4.6286112e+00
   2.3000000e+03  -4.5855218e+00
   2.3100000e+03  -4.6019967e+00
   2.3200000e+03  -4.5961600e+00
   2.3300000e+03  -4.7641304e+00
   2.3400000e+03  -4.5648084e+00
   2.3500000e+03  -4.6157620e+00
   2.3600000e+03  -4.5709042e+00
   2.3700000e+03  -4.5641982e+00
   2.3800000e+03  -4.6138164e+00
   2.3900000e+03  -4.5887495e+00
   2.4000000e+03  -4.6103571e+00
   2.4100000e+03  -4.5775491e+00
   2.4200000e+03  -4.5671403e+00
   2.4300000e+03  -4.5683179e+00
   2.4400000e+03  -4.5941917e+00
   2.4500000e+03  -4.6032957e+00
   2.4600000e+03  -4.5191325e+00
   2.4700000e+03  -4.4874408e+00
   2.4800000e+03  -4.5255782e+00
   2.4900000e+03  -4.4872756e+00
   2.5000000e+03  -4.4751863e+00
   2.5100000e+03  -4.5040044e+00
   2.5200000e+03  -4.5161690e+00
   2.5300000e+03  -4.4985758e+00
   2.5400000e+03  -4.5114518e+00
   2.5500000e+03  -4.4845723e+00
   2.5600000e+03  -4.5546422e+00
   2.5700000e+03  -4.4778007e+00
   2.5800000e+03  -4.4905386e+00
   2.5900000e+03  -4.5005635e+00
   2.6000000e+03  -4.5093660e+00
   2.6100000e+03  -4.5140075e+00
   2.6200000e+03  -4.5271489e+00
   2.6300000e+03  -4.7156558e+00
   2.6400000e+03  -4.5629862e+00
   2.6500000e+03  -4.5498837e+00
   2.6600000e+03  -4.6320513e+00
   2.6700000e+03  -4.6300991e+00
   2.6800000e+03  -4.6964516e+00
   2.6900000e+03  -4.6668553e+00
   2.7000000e+03  -4.7054319e+00
   2.7100000e+03  -4.7044992e+00
   2.7200000e+03  -4.8452284e+00
   2.7300000e+03  -4.7242630e+00
   2.7400000e+03  -4.7586068e+00
   2.7500000e+03  -4.8344580e+00
   2.7600000e+03  -4.7249332e+00
   2.7700000e+03  -4.7763168e+00
   2.7800000e+03  -4.6903732e+00
   2.7900000e+03  -4.6893630e+00
   2.8000000e+03  -4.7697386e+00
   2.8100000e+03  -4.6620767e+00
   2.8200000e+03  -4.7592922e+00
   2.8300000e+03  -4.7960795e+00
   2.8400000e+03  -4.6875664e+00
   2.8500000e+03  -4.6387998e+00
   2.8600000e+03  -4.9261855e+00
   2.8700000e+03  -4.8075768e+00
   2.8800000e+03  -4.6714764e+00
   2.8900000e+03  -4.7846696e+00
   2.9000000e+03  -4.8228523e+00
   2.9100000e+03  -4.8295856e+00
   2.9200000e+03  -4.8593481e+00
   2.9300000e+03  -4.8452602e+00
   2.9400000e+03  -4.8029201e+00
   2.9500000e+03  -4.8014403e+00
   2.9600000e+03  -5.1325127e+00
   2.9700000e+03  -4.9586673e+00
   2.9800000e+03  -4.9141070e+00
   2.9900000e+03  -5.1103810e+00
   3.0000000e+03  -4.9465812e+00
   3.0100000e+03  -4.9682875e+00
   3.0200000e+03  -4.9687126e+00
   3.0300000e+03  -4.9793232e+00
   3.0400000e+03  -4.8882051e+00
   3.0500000e+03  -4.9525927e+00
   3.0600000e+03  -4.8812630e+00
   3.0700000e+03  -4.9884515e+00
   3.0800000e+03  -4.8983133e+00
   3.0900000e+03  -4.9820413e+00
   3.1000000e+03  -4.9914274e+00
   3.1100000e+03  -5.0244133e+00
   3.1200000e+03  -5.0043236e+00
   3.1300000e+03  -5.0633983e+00
   3.1400000e+03  -5.1814532e+00
   3.1500000e+03  -5.0525887e+00
   3.1600000e+03  -5.0928954e+00
   3.1700000e+03  -5.0991143e+00
   3.1800000e+03  -5.0558390e+00
   3.1900000e+03  -5.1386692e+00
   3.2000000e+03  -5.1187233e+00
   3.2100000e+03  -5.0802035e+00
   3.2200000e+03  -5.0853521e+00
   3.2300000e+03  -5.1079241e+00
   3.2400000e+03  -5.1582176e+00
   3.2500000e+03  -5.2198952e+00
   3.2600000e+03  -5.0591970e+00
   3.2700000e+03  -5.1468676e+00
   3.2800000e+03  -5.1601949e+00
   3.2900000e+03  -5.1993797e+00
   3.3000000e+03  -5.4491400e+00
   3.3100000e+03  -5.2221983e+00
   3.3200000e+03  -5.1933660e+00
   3.3300000e+03  -5.2068261e+00
   3.3400000e+03  -5.4793628e+00
   3.3500000e+03  -5.2332246e+00
   3.3600000e+03  -5.2339359e+00
   3.3700000e+03  -5.3081156e+00
   3.3800000e+03  -5.3565065e+00
   3.3900000e+03  -5.4380913e+00
   3.4000000e+03  -5.2736818e+00
   3.4100000e+03  -5.3214140e+00
   3.4200000e+03  -5.3449388e+00
   3.4300000e+03  -5.3844968e+00
   3.4400000e+03  -5.7183883e+00
   3.4500000e+03  -5.3334699e+00
   3.4600000e+03  -5.3872725e+00
   3.4700000e+03  -5.4279787e+00
   3.4800000e+03  -5.3915386e+00
   3.4900000e+03  -5.4913764e+00
