   0.0000000e+00  -7.5105600e-04
   1.0000000e+01  -9.4677138e-03
   2.0000000e+01   5.3935031e-03
   3.0000000e+01   1.0278576e-02
   4.0000000e+01  -1.6684461e-02
   5.0000000e+01  -1.6008192e-02
   6.0000000e+01  -8.1899093e-02
   7.0000000e+01  -5.9886912e-01
   8.0000000e+01  -2.7192802e+00
   9.0000000e+01  -7.5920248e+00
   1.0000000e+02  -1.1638397e+01
   1.1000000e+02  -1.5819995e+01
   1.2000000e+02  -1.8179495e+01
   1.3000000e+02  -2.0062779e+01
   1.4000000e+02  -2.1639790e+01
   1.5000000e+02  -2.2836142e+01
   1.6000000e+02  -2.3798616e+01
   1.7000000e+02  -2.4693079e+01
   1.8000000e+02  -2.5308525e+01
   1.9000000e+02  -2.6164764e+01
   2.0000000e+02  -2.6641799e+01
   2.1000000e+02  -2.7112479e+01
   2.2000000e+02  -2.7340889e+01
   2.3000000e+02  -2.7717593e+01
   2.4000000e+02  -2.8114782e+01
   2.5000000e+02  -2.8433255e+01
   2.6000000e+02  -2.8647324e+01
   2.7000000e+02  -2.8831622e+01
   2.8000000e+02  -2.8862937e+01
   2.9000000e+02  -2.8893898e+01
   3.0000000e+02  -2.8936607e+01
   3.1000000e+02  -2.8962404e+01
   3.2000000e+02  -2.8966825e+01
   3.3000000e+02  -2.8987995e+01
   3.4000000e+02  -2.9039305e+01
   3.5000000e+02  -2.9086709e+01
   3.6000000e+02  -2.9126495e+01
   3.7000000e+02  -2.9027171e+01
   3.8000000e+02  -2.8965973e+01
   3.9000000e+02  -2.8998725e+01
   4.0000000e+02  -2.9087549e+01
   4.1000000e+02  -2.8951435e+01
   4.2000000e+02  -2.8832522e+01
   4.3000000e+02  -2.8927664e+01
   4.4000000e+02  -2.8769530e+01
   4.5000000e+02  -2.8523832e+01
   4.6000000e+02  -2.8626851e+01
   4.7000000e+02  -2.8878778e+01
   4.8000000e+02  -2.8853716e+01
   4.9000000e+02  -2.8879986e+01
   5.0000000e+02  -2.8833524e+01
   5.1000000e+02  -2.8685624e+01
   5.2000000e+02  -2.8834048e+01
   5.3000000e+02  -2.8962580e+01
   5.4000000e+02  -2.8982639e+01
   5.5000000e+02  -2.8960320e+01
   5.6000000e+02  -2.8873983e+01
   5.7000000e+02  -2.8785141e+01
   5.8000000e+02  -2.8788895e+01
   5.9000000e+02  -2.8612288e+01
   6.0000000e+02  -2.8591237e+01
   6.1000000e+02  -2.8633869e+01
   6.2000000e+02  -2.8678933e+01
   6.3000000e+02  -2.8605947e+01
   6.4000000e+02  -2.8486308e+01
   6.5000000e+02  -2.8433679e+01
   6.6000000e+02  -2.8376097e+01
   6.7000000e+02  -2.8316497e+01
   6.8000000e+02  -2.8334490e+01
   6.9000000e+02  -2.8274551e+01
   7.0000000e+02  -2.8319312e+01
   7.1000000e+02  -2.8071119e+01
   7.2000000e+02  -2.8119947e+01
   7.3000000e+02  -2.8244196e+01
   7.4000000e+02  -2.8118917e+01
   7.5000000e+02  -2.8111746e+01
   7.6000000e+02  -2.8081821e+01
   7.7000000e+02  -2.8086204e+01
   7.8000000e+02  -2.8040622e+01
   7.9000000e+02  -2.7948138e+01
   8.0000000e+02  -2.7898837e+01
   8.1000000e+02  -2.7786601e+01
   8.2000000e+02  -2.7704820e+01
   8.3000000e+02  -2.7696931e+01
   8.4000000e+02  -2.7759440e+01
   8.5000000e+02  -2.7898856e+01
   8.6000000e+02  -2.7646795e+01
   8.7000000e+02  -2.7808688e+01
   8.8000000e+02  -2.7783603e+01
   8.9000000e+02  -2.7652032e+01
   9.0000000e+02  -2.7263683e+01
   9.1000000e+02  -2.7325426e+01
   9.2000000e+02  -2.7257964e+01
   9.3000000e+02  -2.7181067e+01
   9.4000000e+02  -2.7181779e+01
   9.5000000e+02  -2.7237832e+01
   9.6000000e+02  -2.7280495e+01
   9.7000000e+02  -2.7371863e+01
   9.8000000e+02  -2.7518469e+01
   9.9000000e+02  -2.7487852e+01
   1.0000000e+03  -2.7602931e+01
   1.0100000e+03  -2.7677932e+01
   1.0200000e+03  -2.7657309e+01
   1.0300000e+03  -2.7644150e+01
   1.0400000e+03  -2.7738710e+01
   1.0500000e+03  -2.7683024e+01
   1.0600000e+03  -2.7556585e+01
   1.0700000e+03  -2.7396937e+01
   1.0800000e+03  -2.7438461e+01
   1.0900000e+03  -2.7344751e+01
   1.1000000e+03  -2.7333028e+01
   1.1100000e+03  -2.7215033e+01
   1.1200000e+03  -2.7264589e+01
   1.1300000e+03  -2.7223921e+01
   1.1400000e+03  -2.7220636e+01
   1.1500000e+03  -2.7079857e+01
   1.1600000e+03  -2.6968333e+01
   1.1700000e+03  -2.7275381e+01
   1.1800000e+03  -2.7071571e+01
   1.1900000e+03  -2.6938126e+01
   1.2000000e+03  -2.7116833e+01
   1.2100000e+03  -2.7199397e+01
   1.2200000e+03  -2.7138206e+01
   1.2300000e+03  -2.7111655e+01
   1.2400000e+03  -2.6941283e+01
   1.2500000e+03  -2.7026818e+01
   1.2600000e+03  -2.7238360e+01
   1.2700000e+03  -2.7042081e+01
   1.2800000e+03  -2.6981473e+01
   1.2900000e+03  -2.7243998e+01
   1.3000000e+03  -2.7161749e+01
   1.3100000e+03  -2.7107164e+01
   1.3200000e+03  -2.7180376e+01
   1.3300000e+03  -2.7216330e+01
   1.3400000e+03  -2.7070364e+01
   1.3500000e+03  -2.7096443e+01
   1.3600000e+03  -2.7061263e+01
   1.3700000e+03  -2.7131380e+01
   1.3800000e+03  -2.7138631e+01
   1.3900000e+03  -2.7088669e+01
   1.4000000e+03  -2.7256059e+01
   1.4100000e+03  -2.7050474e+01
   1.4200000e+03  -2.7130114e+01
   1.4300000e+03  -2.7093275e+01
   1.4400000e+03  -2.7061590e+01
   1.4500000e+03  -2.6669369e+01
   1.4600000e+03  -2.6864596e+01
   1.4700000e+03  -2.7036862e+01
   1.4800000e+03  -2.7112819e+01
   1.4900000e+03  -2.7053521e+01
   1.5000000e+03  -2.6948412e+01
   1.5100000e+03  -2.7107337e+01
   1.5200000e+03  -2.7027923e+01
   1.5300000e+03  -2.6987558e+01
   1.5400000e+03  -2.6886444e+01
   1.5500000e+03  -2.7136928e+01
   1.5600000e+03  -2.6861538e+01
   1.5700000e+03  -2.7008163e+01
   1.5800000e+03  -2.6694146e+01
   1.5900000e+03  -2.6788759e+01
   1.6000000e+03  -2.6422230e+01
   1.6100000e+03  -2.6550064e+01
   1.6200000e+03  -2.6980165e+01
   1.6300000e+03  -2.6766679e+01
   1.6400000e+03  -2.7016740e+01
   1.6500000e+03  -2.7042657e+01
   1.6600000e+03  -2.7053594e+01
   1.6700000e+03  -2.6903983e+01
   1.6800000e+03  -2.6826428e+01
   1.6900000e+03  -2.6824391e+01
   1.7000000e+03  -2.6923436e+01
   1.7100000e+03  -2.6845119e+01
   1.7200000e+03  -2.6628547e+01
   1.7300000e+03  -2.6619434e+01
   1.7400000e+03  -2.6732622e+01
   1.7500000e+03  -2.6959772e+01
   1.7600000e+03  -2.7129527e+01
   1.7700000e+03  -2.7322496e+01
   1.7800000e+03  -2.7356186e+01
   1.7900000e+03  -2.7369751e+01
   1.8000000e+03  -2.7378202e+01
   1.8100000e+03  -2.7541590e+01
   1.8200000e+03  -2.7666592e+01
   1.8300000e+03  -2.7588396e+01
   1.8400000e+03  -2.7748594e+01
   1.8500000e+03  -2.7875155e+01
   1.8600000e+03  -2.7941772e+01
   1.8700000e+03  -2.7836868e+01
   1.8800000e+03  -2.7804655e+01
   1.8900000e+03  -2.7798421e+01
   1.9000000e+03  -2.8038260e+01
   1.9100000e+03  -2.7901091e+01
   1.9200000e+03  -2.8090832e+01
   1.9300000e+03  -2.8079171e+01
   1.9400000e+03  -2.8007447e+01
   1.9500000e+03  -2.7860654e+01
   1.9600000e+03  -2.8008394e+01
   1.9700000e+03  -2.7952488e+01
   1.9800000e+03  -2.7990219e+01
   1.9900000e+03  -2.8322799e+01
   2.0000000e+03  -2.8514686e+01
   2.0100000e+03  -2.8537094e+01
   2.0200000e+03  -2.8512661e+01
   2.0300000e+03  -2.8613058e+01
   2.0400000e+03  -2.8548319e+01
   2.0500000e+03  -2.8560153e+01
   2.0600000e+03  -2.8391141e+01
   2.0700000e+03  -2.8315373e+01
   2.0800000e+03  -2.8355895e+01
   2.0900000e+03  -2.8274770e+01
   2.1000000e+03  -2.8222318e+01
   2.1100000e+03  -2.8065414e+01
   2.1200000e+03  -2.8051174e+01
   2.1300000e+03  -2.7963704e+01
   2.1400000e+03  -2.7896617e+01
   2.1500000e+03  -2.7915705e+01
   2.1600000e+03  -2.7790930e+01
   2.1700000e+03  -2.7819578e+01
   2.1800000e+03  -2.7784384e+01
   2.1900000e+03  -2.7493502e+01
   2.2000000e+03  -2.7585021e+01
   2.2100000e+03  -2.7502262e+01
   2.2200000e+03  -2.7580382e+01
   2.2300000e+03  -2.7510922e+01
   2.2400000e+03  -2.7406591e+01
   2.2500000e+03  -2.7494284e+01
   2.2600000e+03  -2.7439597e+01
   2.2700000e+03  -2.7267962e+01
   2.2800000e+03  -2.7191658e+01
   2.2900000e+03  -2.7079468e+01
   2.3000000e+03  -2.7039983e+01
   2.3100000e+03  -2.7078858e+01
   2.3200000e+03  -2.7068828e+01
   2.3300000e+03  -2.7094641e+01
   2.3400000e+03  -2.7105665e+01
   2.3500000e+03  -2.7002677e+01
   2.3600000e+03  -2.7039393e+01
   2.3700000e+03  -2.6962045e+01
   2.3800000e+03  -2.6999299e+01
   2.3900000e+03  -2.6966293e+01
   2.4000000e+03  -2.6839799e+01
   2.4100000e+03  -2.6907187e+01
   2.4200000e+03  -2.6952716e+01
   2.4300000e+03  -2.7118795e+01
   2.4400000e+03  -2.6985103e+01
   2.4500000e+03  -2.6968072e+01
   2.4600000e+03  -2.6861144e+01
   2.4700000e+03  -2.6892362e+01
   2.4800000e+03  -2.6805466e+01
   2.4900000e+03  -2.6829162e+01
   2.5000000e+03  -2.6820865e+01
   2.5100000e+03  -2.6884138e+01
   2.5200000e+03  -2.6696409e+01
   2.5300000e+03  -2.6641802e+01
   2.5400000e+03  -2.6677195e+01
   2.5500000e+03  -2.6548629e+01
   2.5600000e+03  -2.6734112e+01
   2.5700000e+03  -2.6589620e+01
   2.5800000e+03  -2.6420075e+01
   2.5900000e+03  -2.6413134e+01
   2.6000000e+03  -2.6595387e+01
   2.6100000e+03  -2.6602882e+01
   2.6200000e+03  -2.6569027e+01
   2.6300000e+03  -2.6682228e+01
   2.6400000e+03  -2.6721445e+01
   2.6500000e+03  -2.6843203e+01
   2.6600000e+03  -2.6782678e+01
   2.6700000e+03  -2.6737902e+01
   2.6800000e+03  -2.6609059e+01
   2.6900000e+03  -2.6521323e+01
   2.7000000e+03  -2.6453519e+01
   2.7100000e+03  -2.6697847e+01
   2.7200000e+03  -2.6500608e+01
   2.7300000e+03  -2.6529262e+01
   2.7400000e+03  -2.6357148e+01
   2.7500000e+03  -2.6353587e+01
   2.7600000e+03  -2.6638054e+01
   2.7700000e+03  -2.6553592e+01
   2.7800000e+03  -2.6682381e+01
   2.7900000e+03  -2.6521711e+01
   2.8000000e+03  -2.6355448e+01
   2.8100000e+03  -2.6127886e+01
   2.8200000e+03  -2.6338034e+01
   2.8300000e+03  -2.6326441e+01
   2.8400000e+03  -2.6249029e+01
   2.8500000e+03  -2.6342570e+01
   2.8600000e+03  -2.6498625e+01
   2.8700000e+03  -2.6513508e+01
   2.8800000e+03  -2.6428875e+01
   2.8900000e+03  -2.6675842e+01
   2.9000000e+03  -2.6832929e+01
   2.9100000e+03  -2.7065393e+01
   2.9200000e+03  -2.6835321e+01
   2.9300000e+03  -2.7090075e+01
   2.9400000e+03  -2.7316045e+01
   2.9500000e+03  -2.7363043e+01
   2.9600000e+03  -2.7385283e+01
   2.9700000e+03  -2.7306993e+01
   2.9800000e+03  -2.7414901e+01
   2.9900000e+03  -2.7022215e+01
   3.0000000e+03  -2.7214114e+01
   3.0100000e+03  -2.7293296e+01
   3.0200000e+03  -2.7193533e+01
   3.0300000e+03  -2.7285716e+01
   3.0400000e+03  -2.7188150e+01
   3.0500000e+03  -2.6994639e+01
   3.0600000e+03  -2.7072555e+01
   3.0700000e+03  -2.7071586e+01
   3.0800000e+03  -2.7053026e+01
   3.0900000e+03  -2.7179697e+01
   3.1000000e+03  -2.7262877e+01
   3.1100000e+03  -2.7496448e+01
   3.1200000e+03  -2.7396274e+01
   3.1300000e+03  -2.7581605e+01
   3.1400000e+03  -2.7600454e+01
   3.1500000e+03  -2.7718178e+01
   3.1600000e+03  -2.7593616e+01
   3.1700000e+03  -2.7548909e+01
   3.1800000e+03  -2.7560115e+01
   3.1900000e+03  -2.7545518e+01
   3.2000000e+03  -2.7201423e+01
   3.2100000e+03  -2.7153497e+01
   3.2200000e+03  -2.7123838e+01
   3.2300000e+03  -2.6910157e+01
   3.2400000e+03  -2.6726734e+01
   3.2500000e+03  -2.6734646e+01
   3.2600000e+03  -2.6642287e+01
   3.2700000e+03  -2.6793056e+01
   3.2800000e+03  -2.7009125e+01
   3.2900000e+03  -2.7067028e+01
   3.3000000e+03  -2.7144486e+01
   3.3100000e+03  -2.7377016e+01
   3.3200000e+03  -2.7347171e+01
   3.3300000e+03  -2.7216749e+01
   3.3400000e+03  -2.7016287e+01
   3.3500000e+03  -2.7217638e+01
   3.3600000e+03  -2.7000657e+01
   3.3700000e+03  -2.6988974e+01
   3.3800000e+03  -2.6746881e+01
   3.3900000e+03  -2.6652186e+01
   3.4000000e+03  -2.6764078e+01
   3.4100000e+03  -2.6878098e+01
   3.4200000e+03  -2.7253000e+01
   3.4300000e+03  -2.7018125e+01
   3.4400000e+03  -2.6948032e+01
   3.4500000e+03  -2.6891156e+01
   3.4600000e+03  -2.7012128e+01
   3.4700000e+03  -2.7025444e+01
   3.4800000e+03  -2.6892641e+01
   3.4900000e+03  -2.7147883e+01
