   0.0000000e+00   2.6605483e-03
   1.0000000e+01   1.1404055e-03
   2.0000000e+01  -2.1055509e-03
   3.0000000e+01  -2.0898950e-02
   4.0000000e+01  -6.0862560e-02
   5.0000000e+01   2.5706569e-02
   6.0000000e+01   1.0606318e-01
   7.0000000e+01   3.0999815e-01
   8.0000000e+01   9.4302586e-01
   9.0000000e+01   3.1434022e+00
   1.0000000e+02   5.0145332e+00
   1.1000000e+02   6.3301364e+00
   1.2000000e+02   6.5015762e+00
   1.3000000e+02   1.4518544e+00
   1.4000000e+02  -5.6142945e+00
   1.5000000e+02  -6.7304698e+00
   1.6000000e+02  -7.6330178e+00
   1.7000000e+02  -7.4658907e+00
   1.8000000e+02  -7.4301177e+00
   1.9000000e+02  -5.5495542e+00
   2.0000000e+02  -7.2076788e+00
   2.1000000e+02  -6.2902668e+00
   2.2000000e+02  -6.3537484e+00
   2.3000000e+02  -4.6878859e+00
   2.4000000e+02  -5.9649506e+00
   2.5000000e+02  -5.3832059e+00
   2.6000000e+02   1.1417490e+00
   2.7000000e+02  -2.3471678e-01
   2.8000000e+02  -2.2107263e-01
   2.9000000e+02  -1.7212806e+00
   3.0000000e+02  -3.3594391e+00
   3.1000000e+02  -4.4026044e+00
   3.2000000e+02  -4.2874315e+00
   3.3000000e+02  -2.9238049e+00
   3.4000000e+02  -1.2280427e+00
   3.5000000e+02  -1.6981983e+00
   3.6000000e+02  -3.5431590e-01
   3.7000000e+02   1.4495400e+00
   3.8000000e+02  -2.5059182e+00
   3.9000000e+02   1.8019968e+00
   4.0000000e+02   1.9368312e+00
   4.1000000e+02   2.2353093e+00
   4.2000000e+02   5.5846325e-01
   4.3000000e+02  -1.7313717e+00
   4.4000000e+02   2.1429642e+00
   4.5000000e+02   2.0516859e+00
   4.6000000e+02   2.9071146e+00
   4.7000000e+02   2.0381295e+00
   4.8000000e+02   1.6003094e+00
   4.9000000e+02   6.9837920e-02
   5.0000000e+02   2.1269373e+00
   5.1000000e+02   3.1811701e+00
   5.2000000e+02   3.0620723e+00
   5.3000000e+02   2.8466394e-01
   5.4000000e+02   1.2165228e+00
   5.5000000e+02   1.4416464e+00
   5.6000000e+02   1.5056481e+00
   5.7000000e+02   5.8655414e-01
   5.8000000e+02   2.0070311e+00
   5.9000000e+02   2.8386976e+00
   6.0000000e+02   2.7617047e+00
   6.1000000e+02   2.4129832e+00
   6.2000000e+02   2.7286225e+00
   6.3000000e+02   3.5019109e+00
   6.4000000e+02   1.7768225e+00
   6.5000000e+02   1.8605038e+00
   6.6000000e+02   1.3798171e+00
   6.7000000e+02   2.8500149e+00
   6.8000000e+02   1.7948590e+00
   6.9000000e+02   3.6586252e+00
   7.0000000e+02   5.5866804e+00
   7.1000000e+02   5.3584329e+00
   7.2000000e+02   5.1256263e+00
   7.3000000e+02   6.4850160e+00
   7.4000000e+02   6.4491266e+00
   7.5000000e+02   6.9700391e+00
   7.6000000e+02   6.2070238e+00
   7.7000000e+02   6.9991946e+00
   7.8000000e+02   5.7514542e+00
   7.9000000e+02   6.5320347e+00
   8.0000000e+02   6.8919473e+00
   8.1000000e+02   6.2798751e+00
   8.2000000e+02   6.3458407e+00
   8.3000000e+02   7.1582406e+00
   8.4000000e+02   8.2966058e+00
   8.5000000e+02   9.0558214e+00
   8.6000000e+02   9.5460488e+00
   8.7000000e+02   9.5777138e+00
   8.8000000e+02   9.5812802e+00
   8.9000000e+02   9.5451692e+00
   9.0000000e+02   1.0177719e+01
   9.1000000e+02   9.3851991e+00
   9.2000000e+02   6.3355261e+00
   9.3000000e+02   9.6595780e+00
   9.4000000e+02   8.9713466e+00
   9.5000000e+02   8.9907613e+00
   9.6000000e+02   9.4389148e+00
   9.7000000e+02   8.0285428e+00
   9.8000000e+02   8.0561981e+00
   9.9000000e+02   6.2324857e+00
   1.0000000e+03   7.7401076e+00
   1.0100000e+03   8.4216467e+00
   1.0200000e+03   8.6419166e+00
   1.0300000e+03   8.3201877e+00
   1.0400000e+03   5.3042255e+00
   1.0500000e+03   4.3447234e+00
   1.0600000e+03   6.4766643e+00
   1.0700000e+03   6.1627296e+00
   1.0800000e+03   6.9148191e+00
   1.0900000e+03   7.4785842e+00
   1.1000000e+03   6.7192177e+00
   1.1100000e+03   6.4909029e+00
   1.1200000e+03   6.4612116e+00
   1.1300000e+03   7.3382772e+00
   1.1400000e+03   6.7064211e+00
   1.1500000e+03   6.7758995e+00
   1.1600000e+03   5.9759184e+00
   1.1700000e+03   6.7308315e+00
   1.1800000e+03   6.7769512e+00
   1.1900000e+03   7.3783791e+00
   1.2000000e+03   7.6347820e+00
   1.2100000e+03   6.3992925e+00
   1.2200000e+03   6.3709286e+00
   1.2300000e+03   6.8156878e+00
   1.2400000e+03   6.9766667e+00
   1.2500000e+03   7.6076597e+00
   1.2600000e+03   6.4525204e+00
   1.2700000e+03   6.3575060e+00
   1.2800000e+03   7.2413965e+00
   1.2900000e+03   7.4732850e+00
   1.3000000e+03   6.1150397e+00
   1.3100000e+03   7.7520027e+00
   1.3200000e+03   7.4339040e+00
   1.3300000e+03   7.6599483e+00
   1.3400000e+03   6.8152709e+00
   1.3500000e+03   8.4976445e+00
   1.3600000e+03   7.1124783e+00
   1.3700000e+03   6.3267050e+00
   1.3800000e+03   8.4529569e+00
   1.3900000e+03   7.9669234e+00
   1.4000000e+03   6.6580219e+00
   1.4100000e+03   5.3457564e+00
   1.4200000e+03   6.6749019e+00
   1.4300000e+03   7.2447927e+00
   1.4400000e+03   5.8100832e+00
   1.4500000e+03   7.4211206e+00
   1.4600000e+03   7.1261638e+00
   1.4700000e+03   6.3408275e+00
   1.4800000e+03   6.8754947e+00
   1.4900000e+03   6.7571653e+00
   1.5000000e+03   6.6974761e+00
   1.5100000e+03   7.5062284e+00
   1.5200000e+03   8.0451532e+00
   1.5300000e+03   7.0258129e+00
   1.5400000e+03   6.0393363e+00
   1.5500000e+03   5.3553394e+00
   1.5600000e+03   6.4032371e+00
   1.5700000e+03   7.9080744e+00
   1.5800000e+03   7.0064499e+00
   1.5900000e+03   6.9294279e+00
   1.6000000e+03   8.6670282e+00
   1.6100000e+03   7.2261739e+00
   1.6200000e+03   6.6509782e+00
   1.6300000e+03   6.7053584e+00
   1.6400000e+03   7.6288840e+00
   1.6500000e+03   6.5157900e+00
   1.6600000e+03   7.5392383e+00
   1.6700000e+03   7.8909086e+00
   1.6800000e+03   7.4637156e+00
   1.6900000e+03   8.9749388e+00
   1.7000000e+03   9.1713509e+00
   1.7100000e+03   9.0962070e+00
   1.7200000e+03   9.2223299e+00
   1.7300000e+03   8.5137706e+00
   1.7400000e+03   8.2376026e+00
   1.7500000e+03   7.9151837e+00
   1.7600000e+03   7.4754288e+00
   1.7700000e+03   6.9982111e+00
   1.7800000e+03   7.0731010e+00
   1.7900000e+03   7.5804783e+00
   1.8000000e+03   7.2383493e+00
   1.8100000e+03   7.4415863e+00
   1.8200000e+03   7.2326217e+00
   1.8300000e+03   6.9012405e+00
   1.8400000e+03   6.0538735e+00
   1.8500000e+03   7.0215509e+00
   1.8600000e+03   6.2107624e+00
   1.8700000e+03   7.2876788e+00
   1.8800000e+03   8.1815107e+00
   1.8900000e+03   9.0575106e+00
   1.9000000e+03   7.7935297e+00
   1.9100000e+03   8.3212603e+00
   1.9200000e+03   7.7900939e+00
   1.9300000e+03   7.8598556e+00
   1.9400000e+03   6.9336451e+00
   1.9500000e+03   7.2136077e+00
   1.9600000e+03   8.3528645e+00
   1.9700000e+03   8.0536380e+00
   1.9800000e+03   6.8140422e+00
   1.9900000e+03   7.2954569e+00
   2.0000000e+03   5.9548950e+00
   2.0100000e+03   6.8531843e+00
   2.0200000e+03   7.1860759e+00
   2.0300000e+03   6.0261968e+00
   2.0400000e+03   5.9498271e+00
   2.0500000e+03   5.2866836e+00
   2.0600000e+03   5.4695443e+00
   2.0700000e+03   6.0903420e+00
   2.0800000e+03   5.6935903e+00
   2.0900000e+03   6.2208182e+00
   2.1000000e+03   6.0770267e+00
   2.1100000e+03   6.2987681e+00
   2.1200000e+03   6.8720099e+00
   2.1300000e+03   7.6624279e+00
   2.1400000e+03   6.8816192e+00
   2.1500000e+03   6.5876858e+00
   2.1600000e+03   6.3713020e+00
   2.1700000e+03   5.9955118e+00
   2.1800000e+03   5.2355230e+00
   2.1900000e+03   5.4423533e+00
   2.2000000e+03   5.6777086e+00
   2.2100000e+03   5.8349994e+00
   2.2200000e+03   5.1035300e+00
   2.2300000e+03   5.3941506e+00
   2.2400000e+03   5.9714498e+00
   2.2500000e+03   4.7490767e+00
   2.2600000e+03   5.5765238e+00
   2.2700000e+03   5.5019964e+00
   2.2800000e+03   5.0067451e+00
   2.2900000e+03   5.6244453e+00
   2.3000000e+03   5.1649657e+00
   2.3100000e+03   6.3745042e+00
   2.3200000e+03   6.5097541e+00
   2.3300000e+03   6.5070651e+00
   2.3400000e+03   5.7694712e+00
   2.3500000e+03   5.6076390e+00
   2.3600000e+03   5.5983675e+00
   2.3700000e+03   5.4668034e+00
   2.3800000e+03   5.6351536e+00
   2.3900000e+03   6.3568354e+00
   2.4000000e+03   5.8149637e+00
   2.4100000e+03   5.3604641e+00
   2.4200000e+03   5.6606358e+00
   2.4300000e+03   5.4666329e+00
   2.4400000e+03   5.8560526e+00
   2.4500000e+03   6.4001439e+00
   2.4600000e+03   5.8925654e+00
   2.4700000e+03   5.8691831e+00
   2.4800000e+03   6.4313870e+00
   2.4900000e+03   6.5383075e+00
   2.5000000e+03   6.1059838e+00
   2.5100000e+03   6.3348305e+00
   2.5200000e+03   7.2089277e+00
   2.5300000e+03   6.2658216e+00
   2.5400000e+03   7.1206051e+00
   2.5500000e+03   7.5820901e+00
   2.5600000e+03   7.8161366e+00
   2.5700000e+03   8.1771585e+00
   2.5800000e+03   7.6191348e+00
   2.5900000e+03   7.0535005e+00
   2.6000000e+03   7.0085605e+00
   2.6100000e+03   6.0051956e+00
   2.6200000e+03   6.7313984e+00
   2.6300000e+03   7.3053999e+00
   2.6400000e+03   6.4700737e+00
   2.6500000e+03   5.5910549e+00
   2.6600000e+03   5.8926495e+00
   2.6700000e+03   6.8770876e+00
   2.6800000e+03   7.4957821e+00
   2.6900000e+03   6.2731731e+00
   2.7000000e+03   6.8412916e+00
   2.7100000e+03   6.9281201e+00
   2.7200000e+03   6.1492786e+00
   2.7300000e+03   6.2560546e+00
   2.7400000e+03   6.8238293e+00
   2.7500000e+03   6.4650943e+00
   2.7600000e+03   6.5993479e+00
   2.7700000e+03   7.1071876e+00
   2.7800000e+03   6.8470111e+00
   2.7900000e+03   7.2304060e+00
   2.8000000e+03   6.4439076e+00
   2.8100000e+03   7.6994148e+00
   2.8200000e+03   8.0425925e+00
   2.8300000e+03   7.7028312e+00
   2.8400000e+03   7.7483159e+00
   2.8500000e+03   7.5334757e+00
   2.8600000e+03   8.3133319e+00
   2.8700000e+03   7.9193537e+00
   2.8800000e+03   8.4433500e+00
   2.8900000e+03   8.4261104e+00
   2.9000000e+03   8.0795889e+00
   2.9100000e+03   8.3076327e+00
   2.9200000e+03   8.1992277e+00
   2.9300000e+03   8.1834166e+00
   2.9400000e+03   7.6807684e+00
   2.9500000e+03   7.8546525e+00
   2.9600000e+03   7.6188215e+00
   2.9700000e+03   7.0876532e+00
   2.9800000e+03   7.4646516e+00
   2.9900000e+03   8.1451544e+00
   3.0000000e+03   7.4501258e+00
   3.0100000e+03   7.1838880e+00
   3.0200000e+03   7.5999995e+00
   3.0300000e+03   7.3591238e+00
   3.0400000e+03   8.3161853e+00
   3.0500000e+03   7.8212445e+00
   3.0600000e+03   7.6443867e+00
   3.0700000e+03   8.1871279e+00
   3.0800000e+03   7.6903807e+00
   3.0900000e+03   7.8047027e+00
   3.1000000e+03   6.8868775e+00
   3.1100000e+03   8.0386257e+00
   3.1200000e+03   8.4570766e+00
   3.1300000e+03   4.6843586e+00
   3.1400000e+03   5.7319282e+00
   3.1500000e+03   6.1805915e+00
   3.1600000e+03   6.2657956e+00
   3.1700000e+03   5.4386788e+00
   3.1800000e+03   6.3393601e+00
   3.1900000e+03   6.6218945e+00
   3.2000000e+03   6.9102360e+00
   3.2100000e+03   6.3409684e+00
   3.2200000e+03   6.7831912e+00
   3.2300000e+03   6.8118561e+00
   3.2400000e+03   6.8885340e+00
   3.2500000e+03   6.6533456e+00
   3.2600000e+03   6.9278564e+00
   3.2700000e+03   7.1451898e+00
   3.2800000e+03   7.9062274e+00
   3.2900000e+03   7.9794306e+00
   3.3000000e+03   6.8491737e+00
   3.3100000e+03   7.1439755e+00
   3.3200000e+03   7.1389931e+00
   3.3300000e+03   7.4909550e+00
   3.3400000e+03   7.8338589e+00
   3.3500000e+03   7.8355557e+00
   3.3600000e+03   7.1943297e+00
   3.3700000e+03   7.9032412e+00
   3.3800000e+03   8.5324734e+00
   3.3900000e+03   8.2642590e+00
   3.4000000e+03   7.6851525e+00
   3.4100000e+03   8.1553274e+00
   3.4200000e+03   7.6685067e+00
   3.4300000e+03   6.8367024e+00
   3.4400000e+03   7.8810538e+00
   3.4500000e+03   7.9899331e+00
   3.4600000e+03   8.3005217e+00
   3.4700000e+03   8.2058987e+00
   3.4800000e+03   7.5591507e+00
   3.4900000e+03   7.7843327e+00
