   0.0000000e+00   4.5458096e-03
   1.0000000e+01  -5.7720199e-03
   2.0000000e+01   1.2717062e-02
   3.0000000e+01   2.6259982e-03
   4.0000000e+01  -8.6461812e-02
   5.0000000e+01  -2.1367776e-01
   6.0000000e+01  -4.5539903e-01
   7.0000000e+01  -1.4135257e+00
   8.0000000e+01  -2.4495461e+00
   9.0000000e+01  -3.0874896e+00
   1.0000000e+02  -3.8341609e+00
   1.1000000e+02  -4.5625277e+00
   1.2000000e+02  -4.9715638e+00
   1.3000000e+02  -5.5810641e+00
   1.4000000e+02  -6.0543353e+00
   1.5000000e+02  -6.3844211e+00
   1.6000000e+02  -6.7832093e+00
   1.7000000e+02  -6.6327426e+00
   1.8000000e+02  -6.7143185e+00
   1.9000000e+02  -7.2794873e+00
   2.0000000e+02  -7.4627606e+00
   2.1000000e+02  -7.7420220e+00
   2.2000000e+02  -7.7633783e+00
   2.3000000e+02  -8.2060466e+00
   2.4000000e+02  -8.3611678e+00
   2.5000000e+02  -8.2643579e+00
   2.6000000e+02  -8.3447602e+00
   2.7000000e+02  -8.5205825e+00
   2.8000000e+02  -8.4157238e+00
   2.9000000e+02  -8.5604398e+00
   3.0000000e+02  -8.5661465e+00
   3.1000000e+02  -8.6223649e+00
   3.2000000e+02  -8.9452491e+00
   3.3000000e+02  -9.0780906e+00
   3.4000000e+02  -9.0725226e+00
   3.5000000e+02  -9.3390448e+00
   3.6000000e+02  -9.3570927e+00
   3.7000000e+02  -9.1985858e+00
   3.8000000e+02  -9.2005166e+00
   3.9000000e+02  -9.3192800e+00
   4.0000000e+02  -9.5688661e+00
   4.1000000e+02  -9.3748525e+00
   4.2000000e+02  -9.8106696e+00
   4.3000000e+02  -9.7919955e+00
   4.4000000e+02  -9.4981614e+00
   4.5000000e+02  -1.0079915e+01
   4.6000000e+02  -9.6925112e+00
   4.7000000e+02  -9.9896359e+00
   4.8000000e+02  -9.7869048e+00
   4.9000000e+02  -9.8120641e+00
   5.0000000e+02  -1.0159778e+01
   5.1000000e+02  -1.0105665e+01
   5.2000000e+02  -1.0159070e+01
   5.3000000e+02  -1.0381861e+01
   5.4000000e+02  -1.0491371e+01
   5.5000000e+02  -1.0644567e+01
   5.6000000e+02  -1.0417994e+01
   5.7000000e+02  -1.0695583e+01
   5.8000000e+02  -1.1196624e+01
   5.9000000e+02  -1.1055498e+01
   6.0000000e+02  -1.1520751e+01
   6.1000000e+02  -1.0840136e+01
   6.2000000e+02  -1.1373182e+01
   6.3000000e+02  -1.2158246e+01
   6.4000000e+02  -1.2102808e+01
   6.5000000e+02  -1.2310998e+01
   6.6000000e+02  -1.2507650e+01
   6.7000000e+02  -1.2316573e+01
   6.8000000e+02  -1.2402471e+01
   6.9000000e+02  -1.2599072e+01
   7.0000000e+02  -1.2572582e+01
   7.1000000e+02  -1.2471657e+01
   7.2000000e+02  -1.1499278e+01
   7.3000000e+02  -1.1758888e+01
   7.4000000e+02  -1.2344801e+01
   7.5000000e+02  -1.2178524e+01
   7.6000000e+02  -1.2330082e+01
   7.7000000e+02  -1.2544742e+01
   7.8000000e+02  -1.2361595e+01
   7.9000000e+02  -1.0978919e+01
   8.0000000e+02  -1.1977025e+01
   8.1000000e+02  -1.2347987e+01
   8.2000000e+02  -1.2082568e+01
   8.3000000e+02  -1.1571033e+01
   8.4000000e+02  -1.2228884e+01
   8.5000000e+02  -1.1831919e+01
   8.6000000e+02  -1.1788479e+01
   8.7000000e+02  -1.2092278e+01
   8.8000000e+02  -1.1607656e+01
   8.9000000e+02  -1.1781475e+01
   9.0000000e+02  -1.2002797e+01
   9.1000000e+02  -1.2170380e+01
   9.2000000e+02  -1.2269906e+01
   9.3000000e+02  -1.1426529e+01
   9.4000000e+02  -1.1699359e+01
   9.5000000e+02  -1.2110406e+01
   9.6000000e+02  -1.1563538e+01
   9.7000000e+02  -1.2150458e+01
   9.8000000e+02  -1.2299746e+01
   9.9000000e+02  -1.1991880e+01
   1.0000000e+03  -1.2521986e+01
   1.0100000e+03  -1.2356037e+01
   1.0200000e+03  -1.2618581e+01
   1.0300000e+03  -1.2701633e+01
   1.0400000e+03  -1.2622490e+01
   1.0500000e+03  -1.2657113e+01
   1.0600000e+03  -1.2499242e+01
   1.0700000e+03  -1.2399703e+01
   1.0800000e+03  -1.2702441e+01
   1.0900000e+03  -1.2555380e+01
   1.1000000e+03  -1.2934174e+01
   1.1100000e+03  -1.2723728e+01
   1.1200000e+03  -1.2933581e+01
   1.1300000e+03  -1.3082405e+01
   1.1400000e+03  -1.2925865e+01
   1.1500000e+03  -1.2861736e+01
   1.1600000e+03  -1.2938281e+01
   1.1700000e+03  -1.2883198e+01
   1.1800000e+03  -1.2892377e+01
   1.1900000e+03  -1.2949415e+01
   1.2000000e+03  -1.2880091e+01
   1.2100000e+03  -1.2882861e+01
   1.2200000e+03  -1.2416058e+01
   1.2300000e+03  -1.2703192e+01
   1.2400000e+03  -1.2774123e+01
   1.2500000e+03  -1.2491470e+01
   1.2600000e+03  -1.2632834e+01
   1.2700000e+03  -1.2719307e+01
   1.2800000e+03  -1.2648512e+01
   1.2900000e+03  -1.2435492e+01
   1.3000000e+03  -1.2444566e+01
   1.3100000e+03  -1.2876771e+01
   1.3200000e+03  -1.2844078e+01
   1.3300000e+03  -1.2672634e+01
   1.3400000e+03  -1.2763931e+01
   1.3500000e+03  -1.2830303e+01
   1.3600000e+03  -1.2779139e+01
   1.3700000e+03  -1.2781579e+01
   1.3800000e+03  -1.2732121e+01
   1.3900000e+03  -1.2752640e+01
   1.4000000e+03  -1.2403077e+01
   1.4100000e+03  -1.2414379e+01
   1.4200000e+03  -1.2554222e+01
   1.4300000e+03  -1.2884609e+01
   1.4400000e+03  -1.2540960e+01
   1.4500000e+03  -1.2754250e+01
   1.4600000e+03  -1.2687581e+01
   1.4700000e+03  -1.2350851e+01
   1.4800000e+03  -1.2720825e+01
   1.4900000e+03  -1.2431482e+01
   1.5000000e+03  -1.2613933e+01
   1.5100000e+03  -1.2591184e+01
   1.5200000e+03  -1.2405856e+01
   1.5300000e+03  -1.2689121e+01
   1.5400000e+03  -1.2349069e+01
   1.5500000e+03  -1.2037661e+01
   1.5600000e+03  -1.2459895e+01
   1.5700000e+03  -1.2252917e+01
   1.5800000e+03  -1.2357926e+01
   1.5900000e+03  -1.2224252e+01
   1.6000000e+03  -1.1353571e+01
   1.6100000e+03  -1.2300391e+01
   1.6200000e+03  -1.2223163e+01
   1.6300000e+03  -1.2567749e+01
   1.6400000e+03  -1.2467478e+01
   1.6500000e+03  -1.2315315e+01
   1.6600000e+03  -1.2562606e+01
   1.6700000e+03  -1.2541389e+01
   1.6800000e+03  -1.1884974e+01
   1.6900000e+03  -1.2247788e+01
   1.7000000e+03  -1.2030343e+01
   1.7100000e+03  -1.2365245e+01
   1.7200000e+03  -1.2182931e+01
   1.7300000e+03  -1.1381556e+01
   1.7400000e+03  -1.1595774e+01
   1.7500000e+03  -1.2369159e+01
   1.7600000e+03  -1.2340714e+01
   1.7700000e+03  -1.1952654e+01
   1.7800000e+03  -1.1764160e+01
   1.7900000e+03  -1.1222694e+01
   1.8000000e+03  -1.2558999e+01
   1.8100000e+03  -1.2091693e+01
   1.8200000e+03  -1.2609736e+01
   1.8300000e+03  -1.2383594e+01
   1.8400000e+03  -1.1806549e+01
   1.8500000e+03  -1.2503281e+01
   1.8600000e+03  -1.2450035e+01
   1.8700000e+03  -1.2751931e+01
   1.8800000e+03  -1.1944099e+01
   1.8900000e+03  -1.2158693e+01
   1.9000000e+03  -1.2948727e+01
   1.9100000e+03  -1.2336803e+01
   1.9200000e+03  -1.2507422e+01
   1.9300000e+03  -1.2293541e+01
   1.9400000e+03  -1.2187083e+01
   1.9500000e+03  -1.2796569e+01
   1.9600000e+03  -1.2595571e+01
   1.9700000e+03  -1.2860066e+01
   1.9800000e+03  -1.2941365e+01
   1.9900000e+03  -1.2054052e+01
   2.0000000e+03  -1.2831074e+01
   2.0100000e+03  -1.2512552e+01
   2.0200000e+03  -1.2547076e+01
   2.0300000e+03  -1.2720746e+01
   2.0400000e+03  -1.2555302e+01
   2.0500000e+03  -1.2381722e+01
   2.0600000e+03  -1.2560114e+01
   2.0700000e+03  -1.2369244e+01
   2.0800000e+03  -1.2649893e+01
   2.0900000e+03  -1.2356532e+01
   2.1000000e+03  -1.2885653e+01
   2.1100000e+03  -1.2893348e+01
   2.1200000e+03  -1.2631133e+01
   2.1300000e+03  -1.2925842e+01
   2.1400000e+03  -1.2508889e+01
   2.1500000e+03  -1.3066979e+01
   2.1600000e+03  -1.2440569e+01
   2.1700000e+03  -1.2984059e+01
   2.1800000e+03  -1.3329592e+01
   2.1900000e+03  -1.3144657e+01
   2.2000000e+03  -1.2872873e+01
   2.2100000e+03  -1.2998485e+01
   2.2200000e+03  -1.2913318e+01
   2.2300000e+03  -1.2315063e+01
   2.2400000e+03  -1.2947727e+01
   2.2500000e+03  -1.2602415e+01
   2.2600000e+03  -1.3069810e+01
   2.2700000e+03  -1.3291827e+01
   2.2800000e+03  -1.3019237e+01
   2.2900000e+03  -1.3177042e+01
   2.3000000e+03  -1.3186636e+01
   2.3100000e+03  -1.2963181e+01
   2.3200000e+03  -1.3437056e+01
   2.3300000e+03  -1.3036988e+01
   2.3400000e+03  -1.2385905e+01
   2.3500000e+03  -1.3330765e+01
   2.3600000e+03  -1.3043691e+01
   2.3700000e+03  -1.2703294e+01
   2.3800000e+03  -1.3340965e+01
   2.3900000e+03  -1.3001769e+01
   2.4000000e+03  -1.3580520e+01
   2.4100000e+03  -1.3176771e+01
   2.4200000e+03  -1.2705076e+01
   2.4300000e+03  -1.3396279e+01
   2.4400000e+03  -1.3167057e+01
   2.4500000e+03  -1.3519458e+01
   2.4600000e+03  -1.3577353e+01
   2.4700000e+03  -1.3365866e+01
   2.4800000e+03  -1.3396174e+01
   2.4900000e+03  -1.3215682e+01
   2.5000000e+03  -1.2504672e+01
   2.5100000e+03  -1.3640929e+01
   2.5200000e+03  -1.3379259e+01
   2.5300000e+03  -1.3137753e+01
   2.5400000e+03  -1.3112813e+01
   2.5500000e+03  -1.2799146e+01
   2.5600000e+03  -1.3319937e+01
   2.5700000e+03  -1.3290300e+01
   2.5800000e+03  -1.3349111e+01
   2.5900000e+03  -1.2835747e+01
   2.6000000e+03  -1.3059080e+01
   2.6100000e+03  -1.3344610e+01
   2.6200000e+03  -1.3014760e+01
   2.6300000e+03  -1.3005667e+01
   2.6400000e+03  -1.3183662e+01
   2.6500000e+03  -1.2989427e+01
   2.6600000e+03  -1.2312918e+01
   2.6700000e+03  -1.3203538e+01
   2.6800000e+03  -1.3094362e+01
   2.6900000e+03  -1.2681240e+01
   2.7000000e+03  -1.3066683e+01
   2.7100000e+03  -1.2931856e+01
   2.7200000e+03  -1.2470374e+01
   2.7300000e+03  -1.2821058e+01
   2.7400000e+03  -1.3192448e+01
   2.7500000e+03  -1.3001429e+01
   2.7600000e+03  -1.3118954e+01
   2.7700000e+03  -1.3301808e+01
   2.7800000e+03  -1.3177061e+01
   2.7900000e+03  -1.3572129e+01
   2.8000000e+03  -1.3466730e+01
   2.8100000e+03  -1.3153356e+01
   2.8200000e+03  -1.3366755e+01
   2.8300000e+03  -1.3295923e+01
   2.8400000e+03  -1.3268417e+01
   2.8500000e+03  -1.2357536e+01
   2.8600000e+03  -1.2840817e+01
   2.8700000e+03  -1.2931945e+01
   2.8800000e+03  -1.1936113e+01
   2.8900000e+03  -1.2366426e+01
   2.9000000e+03  -1.3115738e+01
   2.9100000e+03  -1.2649322e+01
   2.9200000e+03  -1.1734331e+01
   2.9300000e+03  -1.3085399e+01
   2.9400000e+03  -1.2999245e+01
   2.9500000e+03  -1.1627216e+01
   2.9600000e+03  -1.2577570e+01
   2.9700000e+03  -1.2948627e+01
   2.9800000e+03  -1.3335534e+01
   2.9900000e+03  -1.3408963e+01
   3.0000000e+03  -1.2775047e+01
   3.0100000e+03  -1.2386516e+01
   3.0200000e+03  -1.3276024e+01
   3.0300000e+03  -1.3383872e+01
   3.0400000e+03  -1.2623751e+01
   3.0500000e+03  -1.2844864e+01
   3.0600000e+03  -1.3247685e+01
   3.0700000e+03  -1.2804646e+01
   3.0800000e+03  -1.1535578e+01
   3.0900000e+03  -1.2647743e+01
   3.1000000e+03  -1.3083589e+01
   3.1100000e+03  -1.2911971e+01
   3.1200000e+03  -1.3062638e+01
   3.1300000e+03  -1.2584681e+01
   3.1400000e+03  -1.3364086e+01
   3.1500000e+03  -1.2843251e+01
   3.1600000e+03  -1.3263610e+01
   3.1700000e+03  -1.2695026e+01
   3.1800000e+03  -1.3100739e+01
   3.1900000e+03  -1.2362008e+01
   3.2000000e+03  -1.2728005e+01
   3.2100000e+03  -1.2840796e+01
   3.2200000e+03  -1.2771187e+01
   3.2300000e+03  -1.2832606e+01
   3.2400000e+03  -1.2539787e+01
   3.2500000e+03  -1.2437597e+01
   3.2600000e+03  -1.2105470e+01
   3.2700000e+03  -1.3123777e+01
   3.2800000e+03  -1.1639709e+01
   3.2900000e+03  -1.2544136e+01
   3.3000000e+03  -1.2777456e+01
   3.3100000e+03  -1.2634304e+01
   3.3200000e+03  -1.2996547e+01
   3.3300000e+03  -1.2994387e+01
   3.3400000e+03  -1.2931827e+01
   3.3500000e+03  -1.2947949e+01
   3.3600000e+03  -1.2829961e+01
   3.3700000e+03  -1.2761327e+01
   3.3800000e+03  -1.3124586e+01
   3.3900000e+03  -1.2920598e+01
   3.4000000e+03  -1.2990145e+01
   3.4100000e+03  -1.2511329e+01
   3.4200000e+03  -1.3009942e+01
   3.4300000e+03  -1.2432739e+01
   3.4400000e+03  -1.2434687e+01
   3.4500000e+03  -1.2141639e+01
   3.4600000e+03  -1.3128791e+01
   3.4700000e+03  -1.2513242e+01
   3.4800000e+03  -1.2861780e+01
   3.4900000e+03  -1.2615343e+01
