   0.0000000e+00   1.7108134e+01
   1.0000000e+01   1.7092008e+01
   2.0000000e+01   1.7110966e+01
   3.0000000e+01   1.7088100e+01
   4.0000000e+01   1.6849888e+01
   5.0000000e+01   1.5512119e+01
   6.0000000e+01   1.2572171e+01
   7.0000000e+01   9.7028665e+00
   8.0000000e+01   8.1892141e+00
   9.0000000e+01   6.4595371e+00
   1.0000000e+02   4.9828374e+00
   1.1000000e+02   3.5537146e+00
   1.2000000e+02   2.8210988e+00
   1.3000000e+02   2.1189039e+00
   1.4000000e+02   1.4558287e+00
   1.5000000e+02   8.9248968e-01
   1.6000000e+02   2.6603742e-01
   1.7000000e+02  -6.5876336e-02
   1.8000000e+02  -3.3259689e-01
   1.9000000e+02  -8.7094057e-01
   2.0000000e+02  -9.3060697e-01
   2.1000000e+02  -1.1788700e+00
   2.2000000e+02  -1.3775008e+00
   2.3000000e+02  -1.4039307e+00
   2.4000000e+02  -1.7781646e+00
   2.5000000e+02  -2.3182241e+00
   2.6000000e+02  -2.2973304e+00
   2.7000000e+02  -2.3597856e+00
   2.8000000e+02  -2.5168434e+00
   2.9000000e+02  -2.6189791e+00
   3.0000000e+02  -2.9435789e+00
   3.1000000e+02  -2.8799068e+00
   3.2000000e+02  -2.7955450e+00
   3.3000000e+02  -2.7650574e+00
   3.4000000e+02  -2.8563928e+00
   3.5000000e+02  -3.0273925e+00
   3.6000000e+02  -3.1742266e+00
   3.7000000e+02  -3.2634997e+00
   3.8000000e+02  -3.4831492e+00
   3.9000000e+02  -3.4461252e+00
   4.0000000e+02  -3.5354679e+00
   4.1000000e+02  -3.3501939e+00
   4.2000000e+02  -3.3392144e+00
   4.3000000e+02  -3.5958190e+00
   4.4000000e+02  -3.7561889e+00
   4.5000000e+02  -3.4806588e+00
   4.6000000e+02  -3.7650607e+00
   4.7000000e+02  -3.7699225e+00
   4.8000000e+02  -3.9218847e+00
   4.9000000e+02  -4.0530172e+00
   5.0000000e+02  -4.0307362e+00
   5.1000000e+02  -3.9738617e+00
   5.2000000e+02  -4.1322883e+00
   5.3000000e+02  -4.0829338e+00
   5.4000000e+02  -4.4321086e+00
   5.5000000e+02  -4.4608327e+00
   5.6000000e+02  -4.4282632e+00
   5.7000000e+02  -4.5414548e+00
   5.8000000e+02  -4.6621683e+00
   5.9000000e+02  -5.0141585e+00
   6.0000000e+02  -4.9427597e+00
   6.1000000e+02  -5.0027376e+00
   6.2000000e+02  -5.1903969e+00
   6.3000000e+02  -5.3810851e+00
   6.4000000e+02  -5.6278634e+00
   6.5000000e+02  -5.6471676e+00
   6.6000000e+02  -5.7847336e+00
   6.7000000e+02  -5.5616613e+00
   6.8000000e+02  -5.4663593e+00
   6.9000000e+02  -5.6190564e+00
   7.0000000e+02  -5.6994503e+00
   7.1000000e+02  -5.6020763e+00
   7.2000000e+02  -5.3933031e+00
   7.3000000e+02  -5.4276424e+00
   7.4000000e+02  -5.4730647e+00
   7.5000000e+02  -5.7600442e+00
   7.6000000e+02  -5.3826252e+00
   7.7000000e+02  -5.6998910e+00
   7.8000000e+02  -5.4599452e+00
   7.9000000e+02  -5.2303960e+00
   8.0000000e+02  -5.3416624e+00
   8.1000000e+02  -5.4567928e+00
   8.2000000e+02  -5.5805724e+00
   8.3000000e+02  -5.5925744e+00
   8.4000000e+02  -5.4035364e+00
   8.5000000e+02  -5.3773332e+00
   8.6000000e+02  -5.5596698e+00
   8.7000000e+02  -5.2939093e+00
   8.8000000e+02  -5.4070900e+00
   8.9000000e+02  -5.1846303e+00
   9.0000000e+02  -5.2520355e+00
   9.1000000e+02  -5.5433975e+00
   9.2000000e+02  -5.3479879e+00
   9.3000000e+02  -5.2268816e+00
   9.4000000e+02  -5.1440745e+00
   9.5000000e+02  -5.2590757e+00
   9.6000000e+02  -5.2193880e+00
   9.7000000e+02  -5.3998069e+00
   9.8000000e+02  -5.2881959e+00
   9.9000000e+02  -5.3303794e+00
   1.0000000e+03  -5.3089388e+00
   1.0100000e+03  -5.5623536e+00
   1.0200000e+03  -5.3706670e+00
   1.0300000e+03  -5.3514978e+00
   1.0400000e+03  -5.4903178e+00
   1.0500000e+03  -5.2504848e+00
   1.0600000e+03  -5.4045191e+00
   1.0700000e+03  -5.2367621e+00
   1.0800000e+03  -5.1315434e+00
   1.0900000e+03  -5.2223173e+00
   1.1000000e+03  -5.2332942e+00
   1.1100000e+03  -5.2624036e+00
   1.1200000e+03  -5.1406307e+00
   1.1300000e+03  -5.2169669e+00
   1.1400000e+03  -5.3571240e+00
   1.1500000e+03  -5.3020506e+00
   1.1600000e+03  -5.2410442e+00
   1.1700000e+03  -5.2363491e+00
   1.1800000e+03  -5.1871726e+00
   1.1900000e+03  -5.2509532e+00
   1.2000000e+03  -5.1501652e+00
   1.2100000e+03  -5.2267278e+00
   1.2200000e+03  -5.1183000e+00
   1.2300000e+03  -5.1993859e+00
   1.2400000e+03  -5.2913541e+00
   1.2500000e+03  -5.2405110e+00
   1.2600000e+03  -5.1651041e+00
   1.2700000e+03  -5.2272124e+00
   1.2800000e+03  -5.2609986e+00
   1.2900000e+03  -5.1856566e+00
   1.3000000e+03  -5.2467565e+00
   1.3100000e+03  -5.2295675e+00
   1.3200000e+03  -5.2041332e+00
   1.3300000e+03  -5.3702714e+00
   1.3400000e+03  -5.3566428e+00
   1.3500000e+03  -5.1667972e+00
   1.3600000e+03  -5.3721306e+00
   1.3700000e+03  -5.2894286e+00
   1.3800000e+03  -5.1893499e+00
   1.3900000e+03  -5.3001718e+00
   1.4000000e+03  -5.2575652e+00
   1.4100000e+03  -5.2264872e+00
   1.4200000e+03  -5.2753814e+00
   1.4300000e+03  -5.2349308e+00
   1.4400000e+03  -5.2511716e+00
   1.4500000e+03  -5.3041898e+00
   1.4600000e+03  -5.3269551e+00
   1.4700000e+03  -5.4761340e+00
   1.4800000e+03  -5.2877609e+00
   1.4900000e+03  -5.4899627e+00
   1.5000000e+03  -5.3811639e+00
   1.5100000e+03  -5.3413368e+00
   1.5200000e+03  -5.3857932e+00
   1.5300000e+03  -5.3301886e+00
   1.5400000e+03  -5.3524663e+00
   1.5500000e+03  -5.1619295e+00
   1.5600000e+03  -5.4163230e+00
   1.5700000e+03  -5.2895215e+00
   1.5800000e+03  -5.3907578e+00
   1.5900000e+03  -5.4866430e+00
   1.6000000e+03  -5.2558302e+00
   1.6100000e+03  -5.2636329e+00
   1.6200000e+03  -5.5093371e+00
   1.6300000e+03  -5.4552610e+00
   1.6400000e+03  -5.4264274e+00
   1.6500000e+03  -5.4673048e+00
   1.6600000e+03  -5.3514960e+00
   1.6700000e+03  -5.4726796e+00
   1.6800000e+03  -5.2997823e+00
   1.6900000e+03  -5.2728778e+00
   1.7000000e+03  -5.2522498e+00
   1.7100000e+03  -5.2828035e+00
   1.7200000e+03  -5.2644091e+00
   1.7300000e+03  -5.0835646e+00
   1.7400000e+03  -5.2322320e+00
   1.7500000e+03  -5.2789373e+00
   1.7600000e+03  -5.3215894e+00
   1.7700000e+03  -5.3001849e+00
   1.7800000e+03  -5.3661383e+00
   1.7900000e+03  -5.2721807e+00
   1.8000000e+03  -5.3111781e+00
   1.8100000e+03  -5.6051082e+00
   1.8200000e+03  -5.4666140e+00
   1.8300000e+03  -5.5166330e+00
   1.8400000e+03  -5.4690587e+00
   1.8500000e+03  -5.7907593e+00
   1.8600000e+03  -5.6876664e+00
   1.8700000e+03  -5.6314860e+00
   1.8800000e+03  -5.3378710e+00
   1.8900000e+03  -5.7436401e+00
   1.9000000e+03  -5.5893973e+00
   1.9100000e+03  -5.6227490e+00
   1.9200000e+03  -5.5197217e+00
   1.9300000e+03  -5.5498588e+00
   1.9400000e+03  -5.5911282e+00
   1.9500000e+03  -5.7450826e+00
   1.9600000e+03  -5.6912079e+00
   1.9700000e+03  -5.7971810e+00
   1.9800000e+03  -5.6373711e+00
   1.9900000e+03  -5.7072317e+00
   2.0000000e+03  -5.8640969e+00
   2.0100000e+03  -5.7106613e+00
   2.0200000e+03  -5.8292116e+00
   2.0300000e+03  -5.8216547e+00
   2.0400000e+03  -5.8316427e+00
   2.0500000e+03  -5.8690634e+00
   2.0600000e+03  -5.7015072e+00
   2.0700000e+03  -5.9128006e+00
   2.0800000e+03  -5.8871064e+00
   2.0900000e+03  -5.8436198e+00
   2.1000000e+03  -6.1642364e+00
   2.1100000e+03  -5.8520696e+00
   2.1200000e+03  -6.0018751e+00
   2.1300000e+03  -5.9052079e+00
   2.1400000e+03  -6.0652174e+00
   2.1500000e+03  -6.1435005e+00
   2.1600000e+03  -6.0424831e+00
   2.1700000e+03  -5.9810067e+00
   2.1800000e+03  -6.0550461e+00
   2.1900000e+03  -6.0413615e+00
   2.2000000e+03  -6.0770779e+00
   2.2100000e+03  -6.0893689e+00
   2.2200000e+03  -5.8593272e+00
   2.2300000e+03  -5.8070600e+00
   2.2400000e+03  -6.0249724e+00
   2.2500000e+03  -6.0350199e+00
   2.2600000e+03  -6.1649803e+00
   2.2700000e+03  -6.0355981e+00
   2.2800000e+03  -6.1436636e+00
   2.2900000e+03  -6.0567547e+00
   2.3000000e+03  -6.0744030e+00
   2.3100000e+03  -6.2449963e+00
   2.3200000e+03  -6.0814716e+00
   2.3300000e+03  -5.9165628e+00
   2.3400000e+03  -5.9624303e+00
   2.3500000e+03  -6.1234492e+00
   2.3600000e+03  -6.1795722e+00
   2.3700000e+03  -5.8929537e+00
   2.3800000e+03  -6.2206166e+00
   2.3900000e+03  -6.2896117e+00
   2.4000000e+03  -6.2385320e+00
   2.4100000e+03  -6.2760046e+00
   2.4200000e+03  -6.1964593e+00
   2.4300000e+03  -6.2279384e+00
   2.4400000e+03  -6.2234220e+00
   2.4500000e+03  -6.0840043e+00
   2.4600000e+03  -6.1339949e+00
   2.4700000e+03  -6.1563920e+00
   2.4800000e+03  -6.1291488e+00
   2.4900000e+03  -6.0451627e+00
   2.5000000e+03  -6.1219269e+00
   2.5100000e+03  -6.0281975e+00
   2.5200000e+03  -6.1676690e+00
   2.5300000e+03  -6.0667305e+00
   2.5400000e+03  -6.0024547e+00
   2.5500000e+03  -5.9011061e+00
   2.5600000e+03  -6.0706993e+00
   2.5700000e+03  -6.1932475e+00
   2.5800000e+03  -6.2065193e+00
   2.5900000e+03  -6.0523205e+00
   2.6000000e+03  -6.2875295e+00
   2.6100000e+03  -6.3306659e+00
   2.6200000e+03  -6.2113212e+00
   2.6300000e+03  -6.2137250e+00
   2.6400000e+03  -6.2406005e+00
   2.6500000e+03  -6.2190886e+00
   2.6600000e+03  -5.8634700e+00
   2.6700000e+03  -6.0632811e+00
   2.6800000e+03  -6.2329337e+00
   2.6900000e+03  -6.2341198e+00
   2.7000000e+03  -6.3179365e+00
   2.7100000e+03  -6.3873231e+00
   2.7200000e+03  -6.3029067e+00
   2.7300000e+03  -6.3786964e+00
   2.7400000e+03  -6.1618410e+00
   2.7500000e+03  -6.1395613e+00
   2.7600000e+03  -6.3634059e+00
   2.7700000e+03  -6.2834183e+00
   2.7800000e+03  -6.3432988e+00
   2.7900000e+03  -6.4498125e+00
   2.8000000e+03  -6.3265176e+00
   2.8100000e+03  -6.3420000e+00
   2.8200000e+03  -6.2972310e+00
   2.8300000e+03  -6.2864735e+00
   2.8400000e+03  -6.2820122e+00
   2.8500000e+03  -5.9756729e+00
   2.8600000e+03  -6.1022955e+00
   2.8700000e+03  -6.1356614e+00
   2.8800000e+03  -5.6622711e+00
   2.8900000e+03  -6.0211959e+00
   2.9000000e+03  -6.1200635e+00
   2.9100000e+03  -6.1708069e+00
   2.9200000e+03  -5.9159995e+00
   2.9300000e+03  -6.0440793e+00
   2.9400000e+03  -6.2615259e+00
   2.9500000e+03  -5.9880686e+00
   2.9600000e+03  -6.0363696e+00
   2.9700000e+03  -6.2008269e+00
   2.9800000e+03  -6.1788443e+00
   2.9900000e+03  -6.2260978e+00
   3.0000000e+03  -6.1443677e+00
   3.0100000e+03  -6.1641860e+00
   3.0200000e+03  -6.3691719e+00
   3.0300000e+03  -6.3554687e+00
   3.0400000e+03  -6.2159934e+00
   3.0500000e+03  -6.2949771e+00
   3.0600000e+03  -6.2730194e+00
   3.0700000e+03  -6.2661002e+00
   3.0800000e+03  -6.0149300e+00
   3.0900000e+03  -6.2631184e+00
   3.1000000e+03  -6.5021198e+00
   3.1100000e+03  -6.4657588e+00
   3.1200000e+03  -6.2658878e+00
   3.1300000e+03  -6.2919919e+00
   3.1400000e+03  -6.4750220e+00
   3.1500000e+03  -6.2637681e+00
   3.1600000e+03  -6.4447371e+00
   3.1700000e+03  -6.1864453e+00
   3.1800000e+03  -6.3691406e+00
   3.1900000e+03  -6.2474050e+00
   3.2000000e+03  -6.2668145e+00
   3.2100000e+03  -6.3096614e+00
   3.2200000e+03  -6.1006279e+00
   3.2300000e+03  -6.3291998e+00
   3.2400000e+03  -6.3098394e+00
   3.2500000e+03  -6.1266759e+00
   3.2600000e+03  -6.1558678e+00
   3.2700000e+03  -6.2677114e+00
   3.2800000e+03  -6.0849315e+00
   3.2900000e+03  -6.3121317e+00
   3.3000000e+03  -6.3134575e+00
   3.3100000e+03  -6.4787958e+00
   3.3200000e+03  -6.3415059e+00
   3.3300000e+03  -6.3853216e+00
   3.3400000e+03  -6.4035087e+00
   3.3500000e+03  -6.4652752e+00
   3.3600000e+03  -6.4214060e+00
   3.3700000e+03  -6.3847456e+00
   3.3800000e+03  -6.4499954e+00
   3.3900000e+03  -6.5816615e+00
   3.4000000e+03  -6.3240049e+00
   3.4100000e+03  -6.4534396e+00
   3.4200000e+03  -6.6146677e+00
   3.4300000e+03  -6.3307846e+00
   3.4400000e+03  -6.2762663e+00
   3.4500000e+03  -6.4092548e+00
   3.4600000e+03  -6.4991250e+00
   3.4700000e+03  -6.5782302e+00
   3.4800000e+03  -6.4760619e+00
   3.4900000e+03  -6.5457836e+00
