   0.0000000e+00  -5.8320501e-03
   1.0000000e+01  -1.8245731e-03
   2.0000000e+01  -2.2798822e-03
   3.0000000e+01  -1.3062735e-02
   4.0000000e+01  -2.7631104e-03
   5.0000000e+01   4.1059247e-03
   6.0000000e+01   8.7385117e-03
   7.0000000e+01  -6.9360330e-05
   8.0000000e+01  -4.7867122e-01
   9.0000000e+01  -1.1081587e+01
   1.0000000e+02  -1.0843025e+01
   1.1000000e+02  -1.0417228e+01
   1.2000000e+02  -9.2090485e+00
   1.3000000e+02   2.5543792e+01
   1.4000000e+02  -1.2167190e+01
   1.5000000e+02  -1.5023404e+00
   1.6000000e+02  -1.1926089e+01
   1.7000000e+02   1.1456763e+00
   1.8000000e+02   9.0906668e+00
   1.9000000e+02   5.0964621e+00
   2.0000000e+02   1.1257337e+00
   2.1000000e+02   1.4600510e+01
   2.2000000e+02   2.6785671e+01
   2.3000000e+02   9.4176051e+00
   2.4000000e+02  -3.4403390e-01
   2.5000000e+02   2.0390910e+01
   2.6000000e+02  -3.9511394e+00
   2.7000000e+02   2.1012673e+01
   2.8000000e+02   2.3660050e+01
   2.9000000e+02  -7.5532825e+00
   3.0000000e+02  -5.7354750e+00
   3.1000000e+02  -1.1562948e+01
   3.2000000e+02  -1.4320788e+01
   3.3000000e+02  -1.3551406e+01
   3.4000000e+02  -1.3762269e+01
   3.5000000e+02  -1.2599785e+01
   3.6000000e+02  -1.2676511e+01
   3.7000000e+02  -1.3199604e+01
   3.8000000e+02  -1.3935218e+01
   3.9000000e+02  -1.4068922e+01
   4.0000000e+02  -1.1171425e+01
   4.1000000e+02  -7.5372187e-01
   4.2000000e+02  -1.0344923e+01
   4.3000000e+02  -8.5270960e+00
   4.4000000e+02  -9.8916168e+00
   4.5000000e+02  -9.7979797e+00
   4.6000000e+02  -7.7991774e+00
   4.7000000e+02  -1.2738755e+01
   4.8000000e+02  -9.4222985e+00
   4.9000000e+02  -8.5480954e+00
   5.0000000e+02  -9.7537948e+00
   5.1000000e+02  -1.0101560e+01
   5.2000000e+02  -9.4075221e+00
   5.3000000e+02  -2.0087770e+00
   5.4000000e+02  -6.5646917e+00
   5.5000000e+02  -7.6895407e+00
   5.6000000e+02  -4.9082645e+00
   5.7000000e+02  -9.2807412e+00
   5.8000000e+02  -9.2380404e+00
   5.9000000e+02   6.6858998e-01
   6.0000000e+02  -1.6183014e+00
   6.1000000e+02   5.8028959e+00
   6.2000000e+02  -9.0925251e+00
   6.3000000e+02   1.0458870e+00
   6.4000000e+02   1.9738491e-01
   6.5000000e+02   1.5313828e+01
   6.6000000e+02   2.3363065e+01
   6.7000000e+02   2.7877365e+01
   6.8000000e+02  -9.1952867e+00
   6.9000000e+02  -9.7040499e+00
   7.0000000e+02  -1.0047741e+01
   7.1000000e+02  -1.0934648e+01
   7.2000000e+02  -1.1400940e+01
   7.3000000e+02  -1.1379656e+01
   7.4000000e+02  -9.2996419e+00
   7.5000000e+02  -6.4095449e+00
   7.6000000e+02  -8.5133107e+00
   7.7000000e+02  -8.7177451e+00
   7.8000000e+02  -1.2603256e+00
   7.9000000e+02  -7.8012426e+00
   8.0000000e+02  -7.2989084e+00
   8.1000000e+02  -8.8867960e+00
   8.2000000e+02  -8.5158130e+00
   8.3000000e+02  -8.8162893e+00
   8.4000000e+02  -8.8485631e+00
   8.5000000e+02  -9.6736367e+00
   8.6000000e+02  -3.2399716e+00
   8.7000000e+02  -9.1139316e+00
   8.8000000e+02   6.6983752e+00
   8.9000000e+02  -9.1959920e+00
   9.0000000e+02  -7.7859783e+00
   9.1000000e+02  -5.2936795e+00
   9.2000000e+02  -5.6807000e+00
   9.3000000e+02   1.3772244e+00
   9.4000000e+02   1.3889273e+00
   9.5000000e+02   1.7480652e+00
   9.6000000e+02   7.6551411e+00
   9.7000000e+02   2.4966898e+01
   9.8000000e+02   2.5154561e+01
   9.9000000e+02   2.5120718e+01
   1.0000000e+03   2.5872895e+01
   1.0100000e+03   6.3853038e-01
   1.0200000e+03  -8.3466573e+00
   1.0300000e+03   1.3086486e+01
   1.0400000e+03   8.1637769e+00
   1.0500000e+03   1.1588454e+00
   1.0600000e+03   1.4829329e+01
   1.0700000e+03   9.5385221e+00
   1.0800000e+03   1.3852478e+00
   1.0900000e+03  -4.6855328e-01
   1.1000000e+03   3.0638773e+00
   1.1100000e+03   5.6071768e+00
   1.1200000e+03   8.4485799e+00
   1.1300000e+03   2.3107943e+01
   1.1400000e+03   6.4437168e+00
   1.1500000e+03  -5.9649994e+00
   1.1600000e+03   2.1206085e+01
   1.1700000e+03   2.2115379e+01
   1.1800000e+03   5.9232490e+01
   1.1900000e+03   1.6202344e+01
   1.2000000e+03   2.9575149e+01
   1.2100000e+03   9.4080023e+01
   1.2200000e+03  -6.1913931e+00
   1.2300000e+03   1.2386368e+01
   1.2400000e+03   5.4894455e+00
   1.2500000e+03   1.4736768e+01
   1.2600000e+03   2.2076459e+01
   1.2700000e+03  -9.8627463e-01
   1.2800000e+03   3.6441307e+00
   1.2900000e+03   8.0012205e+00
   1.3000000e+03   1.5280119e+00
   1.3100000e+03   2.4316694e+00
   1.3200000e+03   5.8653803e+00
   1.3300000e+03   2.2132662e+00
   1.3400000e+03   4.9100875e+00
   1.3500000e+03   7.7699118e+00
   1.3600000e+03   5.5455477e+00
   1.3700000e+03   3.0525950e+00
   1.3800000e+03   2.1190749e+00
   1.3900000e+03   1.4921686e+01
   1.4000000e+03   7.9083868e+00
   1.4100000e+03   2.1238657e+01
   1.4200000e+03   5.8700802e+00
   1.4300000e+03   1.0729678e+01
   1.4400000e+03  -6.5198316e-01
   1.4500000e+03   1.3980368e+01
   1.4600000e+03   3.0400129e+01
   1.4700000e+03   1.7478874e+01
   1.4800000e+03   2.0328191e+00
   1.4900000e+03   9.8008847e+00
   1.5000000e+03   2.0748393e+01
   1.5100000e+03   2.4822164e+01
   1.5200000e+03   2.7839549e+01
   1.5300000e+03   2.7730870e+01
   1.5400000e+03   1.8785880e+01
   1.5500000e+03   3.3961218e+01
   1.5600000e+03   2.0988405e+00
   1.5700000e+03   6.7342431e+00
   1.5800000e+03   6.2798342e+00
   1.5900000e+03   6.0228089e+00
   1.6000000e+03   1.0228871e+01
   1.6100000e+03  -4.2625573e+00
   1.6200000e+03   1.1015619e+01
   1.6300000e+03   6.2732102e+01
   1.6400000e+03   7.7374021e+00
   1.6500000e+03   6.0848894e+00
   1.6600000e+03   7.6231177e+01
   1.6700000e+03   8.1443416e+00
   1.6800000e+03  -5.1476145e+00
   1.6900000e+03  -2.7474406e+00
   1.7000000e+03  -5.0052061e-01
   1.7100000e+03   1.5394446e+01
   1.7200000e+03  -1.3446134e+00
   1.7300000e+03  -4.6837527e+00
   1.7400000e+03  -2.0459580e+00
   1.7500000e+03   2.9018513e+00
   1.7600000e+03   1.7107177e+01
   1.7700000e+03   1.5724234e+01
   1.7800000e+03  -8.7554082e+00
   1.7900000e+03  -8.3611492e+00
   1.8000000e+03  -8.8280433e+00
   1.8100000e+03  -8.9958849e+00
   1.8200000e+03  -9.2612199e+00
   1.8300000e+03  -3.6197855e+00
   1.8400000e+03  -8.5621856e+00
   1.8500000e+03  -4.0970010e+00
   1.8600000e+03  -6.2587567e+00
   1.8700000e+03  -8.8908211e+00
   1.8800000e+03  -9.2783955e+00
   1.8900000e+03  -1.3144218e+00
   1.9000000e+03  -6.1801833e+00
   1.9100000e+03  -1.9212698e+00
   1.9200000e+03   1.2893933e+01
   1.9300000e+03   1.4992517e+01
   1.9400000e+03   1.1874055e+01
   1.9500000e+03   3.6899024e+01
   1.9600000e+03   1.7107790e+01
   1.9700000e+03   4.7933543e+01
   1.9800000e+03   2.5971124e+01
   1.9900000e+03   1.2007869e+01
   2.0000000e+03   9.4771738e+01
   2.0100000e+03   1.6718948e+02
   2.0200000e+03   7.6028566e+01
   2.0300000e+03   9.4575581e+01
   2.0400000e+03   1.5395302e+02
   2.0500000e+03   8.2288548e+01
   2.0600000e+03   2.3137190e+02
   2.0700000e+03   3.2961460e+02
   2.0800000e+03   9.7970159e+02
   2.0900000e+03   1.5877810e+03
   2.1000000e+03   4.1054493e+01
   2.1100000e+03   5.7694922e+01
   2.1200000e+03   1.4565499e+02
   2.1300000e+03   1.0014271e+02
   2.1400000e+03   5.3387685e+01
   2.1500000e+03   1.2935803e+02
   2.1600000e+03   6.4288790e+02
   2.1700000e+03   6.0951450e+02
   2.1800000e+03   2.2606559e+03
   2.1900000e+03   2.2606501e+03
   2.2000000e+03   5.1106474e+02
   2.2100000e+03   5.6317712e+02
   2.2200000e+03   2.3155657e+02
   2.2300000e+03   4.6366825e+02
   2.2400000e+03   1.4568488e+02
   2.2500000e+03   9.6613470e+01
   2.2600000e+03   1.1817775e+03
   2.2700000e+03   6.0549734e+01
   2.2800000e+03   6.2651379e+01
   2.2900000e+03   2.4632932e+01
   2.3000000e+03   1.1459482e+02
   2.3100000e+03   6.6371971e+01
   2.3200000e+03   4.7352347e+01
   2.3300000e+03   5.8869645e+01
   2.3400000e+03   5.2243661e+01
   2.3500000e+03   2.5786895e+00
   2.3600000e+03  -3.1151413e+00
   2.3700000e+03   1.1867227e+00
   2.3800000e+03   3.3938962e+00
   2.3900000e+03  -7.3176803e+00
   2.4000000e+03  -8.7046154e+00
   2.4100000e+03  -8.3403590e+00
   2.4200000e+03  -8.5752366e+00
   2.4300000e+03  -8.8881170e+00
   2.4400000e+03   5.7384422e-01
   2.4500000e+03  -5.5523821e+00
   2.4600000e+03  -8.0006935e+00
   2.4700000e+03  -5.8663969e+00
   2.4800000e+03  -8.7696072e+00
   2.4900000e+03  -4.7442139e+00
   2.5000000e+03  -8.6393436e+00
   2.5100000e+03  -8.8807750e+00
   2.5200000e+03  -6.9402153e+00
   2.5300000e+03  -8.6842091e+00
   2.5400000e+03   1.9631937e+00
   2.5500000e+03   1.0699574e+00
   2.5600000e+03  -8.3755153e+00
   2.5700000e+03  -9.1352546e+00
   2.5800000e+03  -6.2626988e+00
   2.5900000e+03  -8.6271600e+00
   2.6000000e+03  -8.5565113e+00
   2.6100000e+03  -8.7181374e+00
   2.6200000e+03  -8.4391701e+00
   2.6300000e+03  -8.7149270e+00
   2.6400000e+03   5.5351697e+00
   2.6500000e+03  -7.8843734e+00
   2.6600000e+03  -7.9524928e+00
   2.6700000e+03  -8.7992605e+00
   2.6800000e+03  -8.5537478e+00
   2.6900000e+03  -8.6953574e+00
   2.7000000e+03  -8.7303022e+00
   2.7100000e+03  -7.7045486e+00
   2.7200000e+03  -8.5959508e+00
   2.7300000e+03  -1.3877515e+00
   2.7400000e+03   9.0571704e+00
   2.7500000e+03   3.2104358e+00
   2.7600000e+03  -6.2067694e+00
   2.7700000e+03  -1.0722776e-01
   2.7800000e+03   1.0529134e+01
   2.7900000e+03   2.4264677e+01
   2.8000000e+03   2.3456977e+01
   2.8100000e+03   2.0280576e+01
   2.8200000e+03   7.9508265e+00
   2.8300000e+03   1.0724413e+01
   2.8400000e+03   1.8618555e+01
   2.8500000e+03   1.5752362e+01
   2.8600000e+03   1.2130289e+00
   2.8700000e+03   1.0910854e+01
   2.8800000e+03   1.6537557e+01
   2.8900000e+03  -9.0280078e+00
   2.9000000e+03  -9.2367460e+00
   2.9100000e+03  -8.9671353e+00
   2.9200000e+03  -9.2825955e+00
   2.9300000e+03  -8.8546018e+00
   2.9400000e+03  -8.8270937e+00
   2.9500000e+03  -9.0831405e+00
   2.9600000e+03  -8.6663553e+00
   2.9700000e+03  -8.8984590e+00
   2.9800000e+03  -4.1228945e+00
   2.9900000e+03  -5.2652282e+00
   3.0000000e+03  -5.9367892e+00
   3.0100000e+03   4.1566136e+01
   3.0200000e+03   2.5136894e+01
   3.0300000e+03   6.9566567e+01
   3.0400000e+03   1.4915871e+02
   3.0500000e+03   2.2177994e+02
   3.0600000e+03   4.0644653e+02
   3.0700000e+03   3.6489808e+02
   3.0800000e+03   3.7625983e+01
   3.0900000e+03   1.2378608e+02
   3.1000000e+03   6.7447255e+01
   3.1100000e+03   3.7505140e+01
   3.1200000e+03   3.1650390e+01
   3.1300000e+03  -3.5918373e+00
   3.1400000e+03  -8.9105187e+00
   3.1500000e+03  -8.5129553e+00
   3.1600000e+03   1.6268942e+01
   3.1700000e+03  -2.6891024e-01
   3.1800000e+03  -8.9128123e+00
   3.1900000e+03  -8.2071722e+00
   3.2000000e+03  -8.9324608e+00
   3.2100000e+03   8.3385751e+00
   3.2200000e+03   3.2361158e+01
   3.2300000e+03   1.7890948e+01
   3.2400000e+03   1.6185349e+01
   3.2500000e+03   1.2128552e+01
   3.2600000e+03   6.0027584e+00
   3.2700000e+03   2.8435648e+00
   3.2800000e+03   2.3257232e+01
   3.2900000e+03   1.1563493e+01
   3.3000000e+03   4.9596234e+01
   3.3100000e+03   5.4856327e+01
   3.3200000e+03   1.5750408e+02
   3.3300000e+03   1.1630533e+02
   3.3400000e+03   3.7983135e+00
   3.3500000e+03   4.0455239e+01
   3.3600000e+03   4.3191054e+01
   3.3700000e+03   9.2050365e+01
   3.3800000e+03   3.7743342e+01
   3.3900000e+03   1.7798961e+00
   3.4000000e+03   5.0235983e+00
   3.4100000e+03   9.2845954e+00
   3.4200000e+03   2.5919118e+01
   3.4300000e+03   2.4984882e+01
   3.4400000e+03  -3.5214707e+00
   3.4500000e+03  -7.8235510e+00
   3.4600000e+03   8.0221642e+00
   3.4700000e+03  -5.3292610e+00
   3.4800000e+03  -6.5034239e+00
   3.4900000e+03  -4.9452161e+00
