   0.0000000e+00   4.1288619e-04
   1.0000000e+01  -1.3392385e-03
   2.0000000e+01  -5.2812612e-03
   3.0000000e+01  -7.8244912e-03
   4.0000000e+01  -5.3054816e-03
   5.0000000e+01   1.6379136e-03
   6.0000000e+01   4.4387322e-02
   7.0000000e+01   4.8523793e-01
   8.0000000e+01   2.3035389e+00
   9.0000000e+01   6.9561626e+00
   1.0000000e+02   9.5478374e+00
   1.1000000e+02   1.1711296e+01
   1.2000000e+02   1.2457725e+01
   1.3000000e+02   1.2823548e+01
   1.4000000e+02   1.3148134e+01
   1.5000000e+02   1.3528322e+01
   1.6000000e+02   1.4081542e+01
   1.7000000e+02   1.3913406e+01
   1.8000000e+02   1.3597330e+01
   1.9000000e+02   1.3986674e+01
   2.0000000e+02   1.4267754e+01
   2.1000000e+02   1.4495394e+01
   2.2000000e+02   1.4457748e+01
   2.3000000e+02   1.4712987e+01
   2.4000000e+02   1.4777303e+01
   2.5000000e+02   1.4878849e+01
   2.6000000e+02   1.5220797e+01
   2.7000000e+02   1.5035195e+01
   2.8000000e+02   1.5066971e+01
   2.9000000e+02   1.5219976e+01
   3.0000000e+02   1.5402526e+01
   3.1000000e+02   1.5376826e+01
   3.2000000e+02   1.5367353e+01
   3.3000000e+02   1.5669705e+01
   3.4000000e+02   1.5701438e+01
   3.5000000e+02   1.5858626e+01
   3.6000000e+02   1.5765175e+01
   3.7000000e+02   1.5761726e+01
   3.8000000e+02   1.5775789e+01
   3.9000000e+02   1.5790392e+01
   4.0000000e+02   1.5575662e+01
   4.1000000e+02   1.5611350e+01
   4.2000000e+02   1.5960429e+01
   4.3000000e+02   1.5663495e+01
   4.4000000e+02   1.6161516e+01
   4.5000000e+02   1.6387296e+01
   4.6000000e+02   1.6549977e+01
   4.7000000e+02   1.5801323e+01
   4.8000000e+02   1.5991512e+01
   4.9000000e+02   1.5729006e+01
   5.0000000e+02   1.6362073e+01
   5.1000000e+02   1.6691626e+01
   5.2000000e+02   1.6053693e+01
   5.3000000e+02   1.6309542e+01
   5.4000000e+02   1.6295497e+01
   5.5000000e+02   1.6152264e+01
   5.6000000e+02   1.6075636e+01
   5.7000000e+02   1.6415641e+01
   5.8000000e+02   1.5900129e+01
   5.9000000e+02   1.6008267e+01
   6.0000000e+02   1.6331617e+01
   6.1000000e+02   1.6223120e+01
   6.2000000e+02   1.6144325e+01
   6.3000000e+02   1.6179925e+01
   6.4000000e+02   1.6195889e+01
   6.5000000e+02   1.6049028e+01
   6.6000000e+02   1.6146855e+01
   6.7000000e+02   1.6384285e+01
   6.8000000e+02   1.6084442e+01
   6.9000000e+02   1.6313979e+01
   7.0000000e+02   1.6481314e+01
   7.1000000e+02   1.6335915e+01
   7.2000000e+02   1.6621010e+01
   7.3000000e+02   1.6658678e+01
   7.4000000e+02   1.6585178e+01
   7.5000000e+02   1.6310492e+01
   7.6000000e+02   1.6295991e+01
   7.7000000e+02   1.6245157e+01
   7.8000000e+02   1.6205769e+01
   7.9000000e+02   1.6272129e+01
   8.0000000e+02   1.6304683e+01
   8.1000000e+02   1.6295418e+01
   8.2000000e+02   1.6481737e+01
   8.3000000e+02   1.6024021e+01
   8.4000000e+02   1.6207162e+01
   8.5000000e+02   1.5884429e+01
   8.6000000e+02   1.6383115e+01
   8.7000000e+02   1.6199579e+01
   8.8000000e+02   1.6156917e+01
   8.9000000e+02   1.6706490e+01
   9.0000000e+02   1.6785719e+01
   9.1000000e+02   1.6533438e+01
   9.2000000e+02   1.6440192e+01
   9.3000000e+02   1.6122865e+01
   9.4000000e+02   1.6325531e+01
   9.5000000e+02   1.6557258e+01
   9.6000000e+02   1.6448440e+01
   9.7000000e+02   1.6589558e+01
   9.8000000e+02   1.6241935e+01
   9.9000000e+02   1.6150118e+01
   1.0000000e+03   1.6263445e+01
   1.0100000e+03   1.6506439e+01
   1.0200000e+03   1.6223515e+01
   1.0300000e+03   1.6314279e+01
   1.0400000e+03   1.6394792e+01
   1.0500000e+03   1.6372378e+01
   1.0600000e+03   1.6308759e+01
   1.0700000e+03   1.6385916e+01
   1.0800000e+03   1.6221680e+01
   1.0900000e+03   1.6300043e+01
   1.1000000e+03   1.6661555e+01
   1.1100000e+03   1.6447736e+01
   1.1200000e+03   1.6597833e+01
   1.1300000e+03   1.6299295e+01
   1.1400000e+03   1.6616868e+01
   1.1500000e+03   1.6382024e+01
   1.1600000e+03   1.6417730e+01
   1.1700000e+03   1.6540898e+01
   1.1800000e+03   1.6324746e+01
   1.1900000e+03   1.6621018e+01
   1.2000000e+03   1.6249096e+01
   1.2100000e+03   1.6714167e+01
   1.2200000e+03   1.6512302e+01
   1.2300000e+03   1.6721224e+01
   1.2400000e+03   1.6636528e+01
   1.2500000e+03   1.6928753e+01
   1.2600000e+03   1.6752244e+01
   1.2700000e+03   1.6877170e+01
   1.2800000e+03   1.6561155e+01
   1.2900000e+03   1.6548179e+01
   1.3000000e+03   1.6478190e+01
   1.3100000e+03   1.6546932e+01
   1.3200000e+03   1.6688860e+01
   1.3300000e+03   1.6712658e+01
   1.3400000e+03   1.6755105e+01
   1.3500000e+03   1.6765905e+01
   1.3600000e+03   1.6900258e+01
   1.3700000e+03   1.6243913e+01
   1.3800000e+03   1.6791527e+01
   1.3900000e+03   1.6672721e+01
   1.4000000e+03   1.6735375e+01
   1.4100000e+03   1.6692677e+01
   1.4200000e+03   1.6926061e+01
   1.4300000e+03   1.6491118e+01
   1.4400000e+03   1.6588561e+01
   1.4500000e+03   1.6669787e+01
   1.4600000e+03   1.6875871e+01
   1.4700000e+03   1.6474028e+01
   1.4800000e+03   1.6570123e+01
   1.4900000e+03   1.6430240e+01
   1.5000000e+03   1.6469435e+01
   1.5100000e+03   1.6878053e+01
   1.5200000e+03   1.6376441e+01
   1.5300000e+03   1.6478975e+01
   1.5400000e+03   1.6737528e+01
   1.5500000e+03   1.6301291e+01
   1.5600000e+03   1.6293654e+01
   1.5700000e+03   1.6753827e+01
   1.5800000e+03   1.6543023e+01
   1.5900000e+03   1.6479960e+01
   1.6000000e+03   1.6908810e+01
   1.6100000e+03   1.7193223e+01
   1.6200000e+03   1.6900083e+01
   1.6300000e+03   1.7096788e+01
   1.6400000e+03   1.7165775e+01
   1.6500000e+03   1.6891479e+01
   1.6600000e+03   1.7161501e+01
   1.6700000e+03   1.7150536e+01
   1.6800000e+03   1.7040270e+01
   1.6900000e+03   1.7275090e+01
   1.7000000e+03   1.7069827e+01
   1.7100000e+03   1.7001420e+01
   1.7200000e+03   1.7171386e+01
   1.7300000e+03   1.7496317e+01
   1.7400000e+03   1.7132465e+01
   1.7500000e+03   1.7239042e+01
   1.7600000e+03   1.7366783e+01
   1.7700000e+03   1.7271145e+01
   1.7800000e+03   1.7271958e+01
   1.7900000e+03   1.7159173e+01
   1.8000000e+03   1.6928733e+01
   1.8100000e+03   1.6900167e+01
   1.8200000e+03   1.6907514e+01
   1.8300000e+03   1.6704467e+01
   1.8400000e+03   1.6904399e+01
   1.8500000e+03   1.6797600e+01
   1.8600000e+03   1.6897167e+01
   1.8700000e+03   1.6971895e+01
   1.8800000e+03   1.7025193e+01
   1.8900000e+03   1.6881868e+01
   1.9000000e+03   1.6644360e+01
   1.9100000e+03   1.6440443e+01
   1.9200000e+03   1.6711145e+01
   1.9300000e+03   1.6418585e+01
   1.9400000e+03   1.6880595e+01
   1.9500000e+03   1.6405550e+01
   1.9600000e+03   1.6492613e+01
   1.9700000e+03   1.6474734e+01
   1.9800000e+03   1.6674096e+01
   1.9900000e+03   1.6836049e+01
   2.0000000e+03   1.6322356e+01
   2.0100000e+03   1.6289366e+01
   2.0200000e+03   1.6228219e+01
   2.0300000e+03   1.5971844e+01
   2.0400000e+03   1.5917241e+01
   2.0500000e+03   1.5978275e+01
   2.0600000e+03   1.6237754e+01
   2.0700000e+03   1.6087089e+01
   2.0800000e+03   1.6320481e+01
   2.0900000e+03   1.6023034e+01
   2.1000000e+03   1.6157624e+01
   2.1100000e+03   1.6090883e+01
   2.1200000e+03   1.6338671e+01
   2.1300000e+03   1.6294356e+01
   2.1400000e+03   1.6197923e+01
   2.1500000e+03   1.6281524e+01
   2.1600000e+03   1.6223819e+01
   2.1700000e+03   1.5827730e+01
   2.1800000e+03   1.6120259e+01
   2.1900000e+03   1.6078163e+01
   2.2000000e+03   1.6241402e+01
   2.2100000e+03   1.6000950e+01
   2.2200000e+03   1.6053673e+01
   2.2300000e+03   1.6002303e+01
   2.2400000e+03   1.6119851e+01
   2.2500000e+03   1.6355332e+01
   2.2600000e+03   1.6019749e+01
   2.2700000e+03   1.6183188e+01
   2.2800000e+03   1.6215700e+01
   2.2900000e+03   1.6336197e+01
   2.3000000e+03   1.6577154e+01
   2.3100000e+03   1.6445867e+01
   2.3200000e+03   1.6658028e+01
   2.3300000e+03   1.6468777e+01
   2.3400000e+03   1.6647140e+01
   2.3500000e+03   1.6689098e+01
   2.3600000e+03   1.6415815e+01
   2.3700000e+03   1.6625416e+01
   2.3800000e+03   1.6153521e+01
   2.3900000e+03   1.6570603e+01
   2.4000000e+03   1.6830253e+01
   2.4100000e+03   1.6761870e+01
   2.4200000e+03   1.6197508e+01
   2.4300000e+03   1.6533784e+01
   2.4400000e+03   1.6349819e+01
   2.4500000e+03   1.6183085e+01
   2.4600000e+03   1.6364472e+01
   2.4700000e+03   1.6231763e+01
   2.4800000e+03   1.6640091e+01
   2.4900000e+03   1.6611770e+01
   2.5000000e+03   1.6492548e+01
   2.5100000e+03   1.6570304e+01
   2.5200000e+03   1.6618379e+01
   2.5300000e+03   1.6762849e+01
   2.5400000e+03   1.6743027e+01
   2.5500000e+03   1.7198020e+01
   2.5600000e+03   1.6681867e+01
   2.5700000e+03   1.6948649e+01
   2.5800000e+03   1.6924811e+01
   2.5900000e+03   1.7065377e+01
   2.6000000e+03   1.6966234e+01
   2.6100000e+03   1.6733911e+01
   2.6200000e+03   1.7056293e+01
   2.6300000e+03   1.6662319e+01
   2.6400000e+03   1.6584202e+01
   2.6500000e+03   1.6737847e+01
   2.6600000e+03   1.6684236e+01
   2.6700000e+03   1.6771989e+01
   2.6800000e+03   1.6695552e+01
   2.6900000e+03   1.6747265e+01
   2.7000000e+03   1.6700176e+01
   2.7100000e+03   1.6571504e+01
   2.7200000e+03   1.6471161e+01
   2.7300000e+03   1.6400586e+01
   2.7400000e+03   1.6797418e+01
   2.7500000e+03   1.6659298e+01
   2.7600000e+03   1.6765510e+01
   2.7700000e+03   1.6773856e+01
   2.7800000e+03   1.6562252e+01
   2.7900000e+03   1.6967264e+01
   2.8000000e+03   1.7024657e+01
   2.8100000e+03   1.6984954e+01
   2.8200000e+03   1.6632989e+01
   2.8300000e+03   1.6916795e+01
   2.8400000e+03   1.7093991e+01
   2.8500000e+03   1.7259998e+01
   2.8600000e+03   1.6729603e+01
   2.8700000e+03   1.6995663e+01
   2.8800000e+03   1.6999387e+01
   2.8900000e+03   1.6619482e+01
   2.9000000e+03   1.6806858e+01
   2.9100000e+03   1.6364944e+01
   2.9200000e+03   1.6511000e+01
   2.9300000e+03   1.6647601e+01
   2.9400000e+03   1.6690545e+01
   2.9500000e+03   1.6401989e+01
   2.9600000e+03   1.6297309e+01
   2.9700000e+03   1.6746728e+01
   2.9800000e+03   1.6660578e+01
   2.9900000e+03   1.7229115e+01
   3.0000000e+03   1.6858568e+01
   3.0100000e+03   1.6606138e+01
   3.0200000e+03   1.6705811e+01
   3.0300000e+03   1.6603075e+01
   3.0400000e+03   1.6446385e+01
   3.0500000e+03   1.6793471e+01
   3.0600000e+03   1.7005384e+01
   3.0700000e+03   1.6898189e+01
   3.0800000e+03   1.7153815e+01
   3.0900000e+03   1.6858683e+01
   3.1000000e+03   1.6695039e+01
   3.1100000e+03   1.6388261e+01
   3.1200000e+03   1.6710795e+01
   3.1300000e+03   1.6361761e+01
   3.1400000e+03   1.6422471e+01
   3.1500000e+03   1.6255629e+01
   3.1600000e+03   1.6905929e+01
   3.1700000e+03   1.6709621e+01
   3.1800000e+03   1.6382242e+01
   3.1900000e+03   1.6318164e+01
   3.2000000e+03   1.6311372e+01
   3.2100000e+03   1.6332376e+01
   3.2200000e+03   1.6625469e+01
   3.2300000e+03   1.6409878e+01
   3.2400000e+03   1.6887800e+01
   3.2500000e+03   1.6947230e+01
   3.2600000e+03   1.6713003e+01
   3.2700000e+03   1.6810825e+01
   3.2800000e+03   1.6713129e+01
   3.2900000e+03   1.6878761e+01
   3.3000000e+03   1.6680320e+01
   3.3100000e+03   1.6491350e+01
   3.3200000e+03   1.6630698e+01
   3.3300000e+03   1.6691911e+01
   3.3400000e+03   1.6559965e+01
   3.3500000e+03   1.6371613e+01
   3.3600000e+03   1.6591106e+01
   3.3700000e+03   1.6532736e+01
   3.3800000e+03   1.6492476e+01
   3.3900000e+03   1.7177864e+01
   3.4000000e+03   1.7293060e+01
   3.4100000e+03   1.6852250e+01
   3.4200000e+03   1.6891457e+01
   3.4300000e+03   1.7213360e+01
   3.4400000e+03   1.7174820e+01
   3.4500000e+03   1.7269485e+01
   3.4600000e+03   1.6827775e+01
   3.4700000e+03   1.7297790e+01
   3.4800000e+03   1.7139181e+01
   3.4900000e+03   1.7003527e+01
