   0.0000000e+00  -6.3236835e-03
   1.0000000e+01   7.4592036e-04
   2.0000000e+01   1.2457603e-02
   3.0000000e+01  -1.4025172e-04
   4.0000000e+01  -1.8019646e-02
   5.0000000e+01  -2.1723406e-02
   6.0000000e+01  -1.7056810e-02
   7.0000000e+01  -3.6037796e-02
   8.0000000e+01   2.5415249e-02
   9.0000000e+01  -1.0296680e-01
   1.0000000e+02  -1.2073672e+00
   1.1000000e+02  -2.6403119e+00
   1.2000000e+02  -3.9507385e+00
   1.3000000e+02  -5.1603890e+00
   1.4000000e+02  -6.0589873e+00
   1.5000000e+02  -6.9432338e+00
   1.6000000e+02  -7.5259802e+00
   1.7000000e+02  -8.0687104e+00
   1.8000000e+02  -8.4146432e+00
   1.9000000e+02  -8.7287855e+00
   2.0000000e+02  -8.9928372e+00
   2.1000000e+02  -9.1985504e+00
   2.2000000e+02  -9.4165041e+00
   2.3000000e+02  -9.6085509e+00
   2.4000000e+02  -9.7523531e+00
   2.5000000e+02  -9.8222720e+00
   2.6000000e+02  -9.8531725e+00
   2.7000000e+02  -9.9696767e+00
   2.8000000e+02  -1.0179070e+01
   2.9000000e+02  -1.0252393e+01
   3.0000000e+02  -1.0382991e+01
   3.1000000e+02  -1.0288831e+01
   3.2000000e+02  -1.0410980e+01
   3.3000000e+02  -1.0557591e+01
   3.4000000e+02  -1.0583001e+01
   3.5000000e+02  -1.0618832e+01
   3.6000000e+02  -1.0637427e+01
   3.7000000e+02  -1.0701298e+01
   3.8000000e+02  -1.0775531e+01
   3.9000000e+02  -1.0734830e+01
   4.0000000e+02  -1.0824779e+01
   4.1000000e+02  -1.0718133e+01
   4.2000000e+02  -1.0713228e+01
   4.3000000e+02  -1.0792043e+01
   4.4000000e+02  -1.0540751e+01
   4.5000000e+02  -1.0746064e+01
   4.6000000e+02  -1.0573160e+01
   4.7000000e+02  -1.0575794e+01
   4.8000000e+02  -1.0717482e+01
   4.9000000e+02  -1.0611898e+01
   5.0000000e+02  -1.0574989e+01
   5.1000000e+02  -1.0384625e+01
   5.2000000e+02  -1.0479763e+01
   5.3000000e+02  -1.0325387e+01
   5.4000000e+02  -1.0323745e+01
   5.5000000e+02  -1.0461699e+01
   5.6000000e+02  -1.0322260e+01
   5.7000000e+02  -1.0449111e+01
   5.8000000e+02  -1.0417000e+01
   5.9000000e+02  -1.0448763e+01
   6.0000000e+02  -1.0491156e+01
   6.1000000e+02  -1.0566809e+01
   6.2000000e+02  -1.0453847e+01
   6.3000000e+02  -1.0209220e+01
   6.4000000e+02  -1.0470081e+01
   6.5000000e+02  -1.0452031e+01
   6.6000000e+02  -1.0418597e+01
   6.7000000e+02  -1.0637647e+01
   6.8000000e+02  -1.0598965e+01
   6.9000000e+02  -1.0465016e+01
   7.0000000e+02  -1.0612491e+01
   7.1000000e+02  -1.0326922e+01
   7.2000000e+02  -1.0546806e+01
   7.3000000e+02  -1.0510274e+01
   7.4000000e+02  -1.0523455e+01
   7.5000000e+02  -1.0573046e+01
   7.6000000e+02  -1.0539562e+01
   7.7000000e+02  -1.0381268e+01
   7.8000000e+02  -1.0347828e+01
   7.9000000e+02  -1.0267153e+01
   8.0000000e+02  -1.0254565e+01
   8.1000000e+02  -1.0255725e+01
   8.2000000e+02  -1.0339152e+01
   8.3000000e+02  -1.0181794e+01
   8.4000000e+02  -1.0308028e+01
   8.5000000e+02  -1.0124015e+01
   8.6000000e+02  -1.0033861e+01
   8.7000000e+02  -1.0281767e+01
   8.8000000e+02  -1.0031093e+01
   8.9000000e+02  -9.9558872e+00
   9.0000000e+02  -1.0113608e+01
   9.1000000e+02  -1.0146649e+01
   9.2000000e+02  -1.0093026e+01
   9.3000000e+02  -1.0141982e+01
   9.4000000e+02  -1.0044404e+01
   9.5000000e+02  -1.0044415e+01
   9.6000000e+02  -1.0108106e+01
   9.7000000e+02  -1.0118452e+01
   9.8000000e+02  -1.0427973e+01
   9.9000000e+02  -9.9880906e+00
   1.0000000e+03  -1.0026410e+01
   1.0100000e+03  -1.0210907e+01
   1.0200000e+03  -1.0221654e+01
   1.0300000e+03  -1.0193814e+01
   1.0400000e+03  -1.0189669e+01
   1.0500000e+03  -1.0194104e+01
   1.0600000e+03  -1.0171965e+01
   1.0700000e+03  -1.0105030e+01
   1.0800000e+03  -1.0033469e+01
   1.0900000e+03  -9.9885537e+00
   1.1000000e+03  -1.0012839e+01
   1.1100000e+03  -9.8667475e+00
   1.1200000e+03  -9.9460325e+00
   1.1300000e+03  -9.8495730e+00
   1.1400000e+03  -9.8816707e+00
   1.1500000e+03  -1.0057166e+01
   1.1600000e+03  -9.7767702e+00
   1.1700000e+03  -9.8776557e+00
   1.1800000e+03  -9.8250971e+00
   1.1900000e+03  -9.6539054e+00
   1.2000000e+03  -9.7705568e+00
   1.2100000e+03  -9.9124974e+00
   1.2200000e+03  -9.8606212e+00
   1.2300000e+03  -9.8935800e+00
   1.2400000e+03  -9.8471762e+00
   1.2500000e+03  -9.9033070e+00
   1.2600000e+03  -9.8220385e+00
   1.2700000e+03  -9.5210459e+00
   1.2800000e+03  -9.7464702e+00
   1.2900000e+03  -9.7972219e+00
   1.3000000e+03  -9.9650413e+00
   1.3100000e+03  -9.8583362e+00
   1.3200000e+03  -1.0033865e+01
   1.3300000e+03  -9.9958177e+00
   1.3400000e+03  -9.6111388e+00
   1.3500000e+03  -9.9209923e+00
   1.3600000e+03  -9.9388157e+00
   1.3700000e+03  -9.7967802e+00
   1.3800000e+03  -9.7108805e+00
   1.3900000e+03  -9.9245407e+00
   1.4000000e+03  -9.7098154e+00
   1.4100000e+03  -9.4489196e+00
   1.4200000e+03  -9.7295326e+00
   1.4300000e+03  -9.3636322e+00
   1.4400000e+03  -9.5172870e+00
   1.4500000e+03  -9.3126130e+00
   1.4600000e+03  -9.5073878e+00
   1.4700000e+03  -9.6658042e+00
   1.4800000e+03  -9.5468253e+00
   1.4900000e+03  -9.7661029e+00
   1.5000000e+03  -9.6486530e+00
   1.5100000e+03  -9.7369904e+00
   1.5200000e+03  -9.6874999e+00
   1.5300000e+03  -9.4034561e+00
   1.5400000e+03  -9.5726124e+00
   1.5500000e+03  -9.6323295e+00
   1.5600000e+03  -9.8357948e+00
   1.5700000e+03  -9.9251437e+00
   1.5800000e+03  -9.9254894e+00
   1.5900000e+03  -9.9371825e+00
   1.6000000e+03  -9.9544199e+00
   1.6100000e+03  -1.0053892e+01
   1.6200000e+03  -9.9349235e+00
   1.6300000e+03  -1.0084795e+01
   1.6400000e+03  -9.9144572e+00
   1.6500000e+03  -1.0301775e+01
   1.6600000e+03  -1.0234443e+01
   1.6700000e+03  -1.0250621e+01
   1.6800000e+03  -1.0150853e+01
   1.6900000e+03  -1.0347651e+01
   1.7000000e+03  -1.0325121e+01
   1.7100000e+03  -1.0164322e+01
   1.7200000e+03  -1.0154464e+01
   1.7300000e+03  -1.0031790e+01
   1.7400000e+03  -1.0030878e+01
   1.7500000e+03  -9.9086586e+00
   1.7600000e+03  -1.0109442e+01
   1.7700000e+03  -1.0244297e+01
   1.7800000e+03  -1.0116482e+01
   1.7900000e+03  -1.0072679e+01
   1.8000000e+03  -1.0181478e+01
   1.8100000e+03  -1.0212493e+01
   1.8200000e+03  -1.0334985e+01
   1.8300000e+03  -1.0247801e+01
   1.8400000e+03  -1.0317932e+01
   1.8500000e+03  -1.0253713e+01
   1.8600000e+03  -1.0174125e+01
   1.8700000e+03  -1.0141626e+01
   1.8800000e+03  -1.0322548e+01
   1.8900000e+03  -1.0364483e+01
   1.9000000e+03  -1.0385578e+01
   1.9100000e+03  -1.0297686e+01
   1.9200000e+03  -1.0159564e+01
   1.9300000e+03  -1.0269215e+01
   1.9400000e+03  -1.0162183e+01
   1.9500000e+03  -1.0168930e+01
   1.9600000e+03  -1.0174467e+01
   1.9700000e+03  -1.0100011e+01
   1.9800000e+03  -1.0120464e+01
   1.9900000e+03  -1.0065600e+01
   2.0000000e+03  -1.0040126e+01
   2.0100000e+03  -1.0045674e+01
   2.0200000e+03  -1.0046696e+01
   2.0300000e+03  -9.9903853e+00
   2.0400000e+03  -1.0089174e+01
   2.0500000e+03  -1.0077824e+01
   2.0600000e+03  -1.0000177e+01
   2.0700000e+03  -9.9567935e+00
   2.0800000e+03  -9.8641636e+00
   2.0900000e+03  -9.9304468e+00
   2.1000000e+03  -9.8444467e+00
   2.1100000e+03  -9.7215441e+00
   2.1200000e+03  -9.7156915e+00
   2.1300000e+03  -9.6476763e+00
   2.1400000e+03  -9.8053082e+00
   2.1500000e+03  -9.7565392e+00
   2.1600000e+03  -9.8109180e+00
   2.1700000e+03  -9.8299369e+00
   2.1800000e+03  -9.8269341e+00
   2.1900000e+03  -9.8889066e+00
   2.2000000e+03  -9.9224329e+00
   2.2100000e+03  -9.7858706e+00
   2.2200000e+03  -9.8323518e+00
   2.2300000e+03  -9.7503049e+00
   2.2400000e+03  -9.9324196e+00
   2.2500000e+03  -9.7938016e+00
   2.2600000e+03  -9.7580073e+00
   2.2700000e+03  -9.7475325e+00
   2.2800000e+03  -9.6420390e+00
   2.2900000e+03  -9.7200415e+00
   2.3000000e+03  -9.6928942e+00
   2.3100000e+03  -9.6887960e+00
   2.3200000e+03  -9.5847707e+00
   2.3300000e+03  -9.5833321e+00
   2.3400000e+03  -9.6505752e+00
   2.3500000e+03  -9.7984205e+00
   2.3600000e+03  -9.7418582e+00
   2.3700000e+03  -9.7213344e+00
   2.3800000e+03  -9.7190578e+00
   2.3900000e+03  -9.8060093e+00
   2.4000000e+03  -9.7397962e+00
   2.4100000e+03  -9.8595577e+00
   2.4200000e+03  -9.8114366e+00
   2.4300000e+03  -9.6486986e+00
   2.4400000e+03  -9.7559866e+00
   2.4500000e+03  -9.8604745e+00
   2.4600000e+03  -9.8155503e+00
   2.4700000e+03  -9.9619114e+00
   2.4800000e+03  -9.8451247e+00
   2.4900000e+03  -9.8890827e+00
   2.5000000e+03  -9.9579844e+00
   2.5100000e+03  -1.0012195e+01
   2.5200000e+03  -9.8723883e+00
   2.5300000e+03  -9.8434246e+00
   2.5400000e+03  -9.8555513e+00
   2.5500000e+03  -1.0210841e+01
   2.5600000e+03  -9.7787880e+00
   2.5700000e+03  -9.6426388e+00
   2.5800000e+03  -9.9015710e+00
   2.5900000e+03  -9.9637902e+00
   2.6000000e+03  -9.5834006e+00
   2.6100000e+03  -9.7099203e+00
   2.6200000e+03  -9.8084486e+00
   2.6300000e+03  -9.7665897e+00
   2.6400000e+03  -9.7412547e+00
   2.6500000e+03  -9.7614180e+00
   2.6600000e+03  -9.7490766e+00
   2.6700000e+03  -9.9126732e+00
   2.6800000e+03  -9.7061523e+00
   2.6900000e+03  -9.6301278e+00
   2.7000000e+03  -9.7774809e+00
   2.7100000e+03  -9.5913598e+00
   2.7200000e+03  -9.7396931e+00
   2.7300000e+03  -9.6270146e+00
   2.7400000e+03  -9.6421965e+00
   2.7500000e+03  -9.8332807e+00
   2.7600000e+03  -9.6826730e+00
   2.7700000e+03  -9.5439205e+00
   2.7800000e+03  -1.0034042e+01
   2.7900000e+03  -9.6106013e+00
   2.8000000e+03  -9.6312136e+00
   2.8100000e+03  -9.3774188e+00
   2.8200000e+03  -9.5919356e+00
   2.8300000e+03  -9.7987675e+00
   2.8400000e+03  -9.3932029e+00
   2.8500000e+03  -9.4374577e+00
   2.8600000e+03  -9.4767930e+00
   2.8700000e+03  -9.4439461e+00
   2.8800000e+03  -9.6223398e+00
   2.8900000e+03  -9.4862988e+00
   2.9000000e+03  -9.4732391e+00
   2.9100000e+03  -9.3547391e+00
   2.9200000e+03  -9.2436086e+00
   2.9300000e+03  -9.2349496e+00
   2.9400000e+03  -9.1319466e+00
   2.9500000e+03  -9.3629246e+00
   2.9600000e+03  -9.2811496e+00
   2.9700000e+03  -9.2038608e+00
   2.9800000e+03  -9.6593067e+00
   2.9900000e+03  -9.4710626e+00
   3.0000000e+03  -9.7896425e+00
   3.0100000e+03  -9.4304989e+00
   3.0200000e+03  -9.2705235e+00
   3.0300000e+03  -9.2763459e+00
   3.0400000e+03  -9.4376172e+00
   3.0500000e+03  -9.1449013e+00
   3.0600000e+03  -9.3386336e+00
   3.0700000e+03  -9.1670219e+00
   3.0800000e+03  -9.1200964e+00
   3.0900000e+03  -9.2790360e+00
   3.1000000e+03  -9.5251733e+00
   3.1100000e+03  -9.3139622e+00
   3.1200000e+03  -9.4147754e+00
   3.1300000e+03  -9.3262334e+00
   3.1400000e+03  -9.5530705e+00
   3.1500000e+03  -9.3549293e+00
   3.1600000e+03  -9.3057310e+00
   3.1700000e+03  -9.2172023e+00
   3.1800000e+03  -9.2783834e+00
   3.1900000e+03  -9.3290718e+00
   3.2000000e+03  -9.2440993e+00
   3.2100000e+03  -9.0918312e+00
   3.2200000e+03  -9.2635231e+00
   3.2300000e+03  -9.2481175e+00
   3.2400000e+03  -9.2885691e+00
   3.2500000e+03  -9.2736615e+00
   3.2600000e+03  -9.8865843e+00
   3.2700000e+03  -9.3061084e+00
   3.2800000e+03  -9.4616215e+00
   3.2900000e+03  -9.5336562e+00
   3.3000000e+03  -9.3667959e+00
   3.3100000e+03  -9.3875725e+00
   3.3200000e+03  -9.3760991e+00
   3.3300000e+03  -9.2390754e+00
   3.3400000e+03  -9.1261277e+00
   3.3500000e+03  -9.0091489e+00
   3.3600000e+03  -9.1930929e+00
   3.3700000e+03  -9.3583309e+00
   3.3800000e+03  -9.4583127e+00
   3.3900000e+03  -9.6134779e+00
   3.4000000e+03  -9.3596098e+00
   3.4100000e+03  -9.4176431e+00
   3.4200000e+03  -9.4650701e+00
   3.4300000e+03  -9.4819649e+00
   3.4400000e+03  -9.3198948e+00
   3.4500000e+03  -9.3342856e+00
   3.4600000e+03  -9.2954536e+00
   3.4700000e+03  -9.3272699e+00
   3.4800000e+03  -9.3788183e+00
   3.4900000e+03  -9.3666057e+00
