   0.0000000e+00  -3.8170364e-03
   1.0000000e+01  -3.0157253e-03
   2.0000000e+01   2.3278700e-03
   3.0000000e+01  -9.0377260e-03
   4.0000000e+01  -4.6610466e-03
   5.0000000e+01   2.9799423e-03
   6.0000000e+01  -1.2766345e-02
   7.0000000e+01  -7.5301246e-02
   8.0000000e+01  -4.3329361e-01
   9.0000000e+01  -1.9766029e+00
   1.0000000e+02  -3.8879058e+00
   1.1000000e+02  -5.8670734e+00
   1.2000000e+02  -7.5654101e+00
   1.3000000e+02  -8.9466130e+00
   1.4000000e+02  -9.9573231e+00
   1.5000000e+02  -1.0784346e+01
   1.6000000e+02  -1.1407978e+01
   1.7000000e+02  -1.2007086e+01
   1.8000000e+02  -1.2220308e+01
   1.9000000e+02  -1.2648284e+01
   2.0000000e+02  -1.3102422e+01
   2.1000000e+02  -1.3367292e+01
   2.2000000e+02  -1.3565290e+01
   2.3000000e+02  -1.3829781e+01
   2.4000000e+02  -1.3930080e+01
   2.5000000e+02  -1.3899382e+01
   2.6000000e+02  -1.4192353e+01
   2.7000000e+02  -1.4411691e+01
   2.8000000e+02  -1.4545183e+01
   2.9000000e+02  -1.4638134e+01
   3.0000000e+02  -1.4761428e+01
   3.1000000e+02  -1.4664510e+01
   3.2000000e+02  -1.4800139e+01
   3.3000000e+02  -1.4805287e+01
   3.4000000e+02  -1.4909825e+01
   3.5000000e+02  -1.4629182e+01
   3.6000000e+02  -1.4888437e+01
   3.7000000e+02  -1.4698698e+01
   3.8000000e+02  -1.4948172e+01
   3.9000000e+02  -1.4822724e+01
   4.0000000e+02  -1.4727447e+01
   4.1000000e+02  -1.4875622e+01
   4.2000000e+02  -1.4461641e+01
   4.3000000e+02  -1.4642437e+01
   4.4000000e+02  -1.4562596e+01
   4.5000000e+02  -1.4186561e+01
   4.6000000e+02  -1.4259148e+01
   4.7000000e+02  -1.4408446e+01
   4.8000000e+02  -1.4294353e+01
   4.9000000e+02  -1.4265434e+01
   5.0000000e+02  -1.4034966e+01
   5.1000000e+02  -1.4105031e+01
   5.2000000e+02  -1.4220555e+01
   5.3000000e+02  -1.4422813e+01
   5.4000000e+02  -1.4466842e+01
   5.5000000e+02  -1.4499605e+01
   5.6000000e+02  -1.4607563e+01
   5.7000000e+02  -1.4462094e+01
   5.8000000e+02  -1.4506638e+01
   5.9000000e+02  -1.4668901e+01
   6.0000000e+02  -1.4508689e+01
   6.1000000e+02  -1.4435162e+01
   6.2000000e+02  -1.4591375e+01
   6.3000000e+02  -1.4591228e+01
   6.4000000e+02  -1.4612310e+01
   6.5000000e+02  -1.4629135e+01
   6.6000000e+02  -1.4559580e+01
   6.7000000e+02  -1.4394348e+01
   6.8000000e+02  -1.4305054e+01
   6.9000000e+02  -1.4318261e+01
   7.0000000e+02  -1.4305013e+01
   7.1000000e+02  -1.4297717e+01
   7.2000000e+02  -1.4102658e+01
   7.3000000e+02  -1.4327993e+01
   7.4000000e+02  -1.4259161e+01
   7.5000000e+02  -1.4336078e+01
   7.6000000e+02  -1.4331966e+01
   7.7000000e+02  -1.4508693e+01
   7.8000000e+02  -1.4389793e+01
   7.9000000e+02  -1.4477397e+01
   8.0000000e+02  -1.4356269e+01
   8.1000000e+02  -1.4169905e+01
   8.2000000e+02  -1.4292195e+01
   8.3000000e+02  -1.4275635e+01
   8.4000000e+02  -1.4109579e+01
   8.5000000e+02  -1.4352548e+01
   8.6000000e+02  -1.4483411e+01
   8.7000000e+02  -1.4138124e+01
   8.8000000e+02  -1.4292944e+01
   8.9000000e+02  -1.4417469e+01
   9.0000000e+02  -1.4311946e+01
   9.1000000e+02  -1.4286566e+01
   9.2000000e+02  -1.4185324e+01
   9.3000000e+02  -1.4006877e+01
   9.4000000e+02  -1.4090764e+01
   9.5000000e+02  -1.4139536e+01
   9.6000000e+02  -1.4094637e+01
   9.7000000e+02  -1.4164014e+01
   9.8000000e+02  -1.4214966e+01
   9.9000000e+02  -1.4112939e+01
   1.0000000e+03  -1.4203507e+01
   1.0100000e+03  -1.4160858e+01
   1.0200000e+03  -1.4088900e+01
   1.0300000e+03  -1.4087071e+01
   1.0400000e+03  -1.4140342e+01
   1.0500000e+03  -1.4153898e+01
   1.0600000e+03  -1.4328735e+01
   1.0700000e+03  -1.4275370e+01
   1.0800000e+03  -1.4308337e+01
   1.0900000e+03  -1.4224536e+01
   1.1000000e+03  -1.4209377e+01
   1.1100000e+03  -1.4312686e+01
   1.1200000e+03  -1.4228935e+01
   1.1300000e+03  -1.4212447e+01
   1.1400000e+03  -1.4093571e+01
   1.1500000e+03  -1.3980461e+01
   1.1600000e+03  -1.3874806e+01
   1.1700000e+03  -1.4068389e+01
   1.1800000e+03  -1.3919573e+01
   1.1900000e+03  -1.4100547e+01
   1.2000000e+03  -1.3795896e+01
   1.2100000e+03  -1.4120783e+01
   1.2200000e+03  -1.3980770e+01
   1.2300000e+03  -1.4001167e+01
   1.2400000e+03  -1.3783709e+01
   1.2500000e+03  -1.3991165e+01
   1.2600000e+03  -1.3886501e+01
   1.2700000e+03  -1.3876812e+01
   1.2800000e+03  -1.3823117e+01
   1.2900000e+03  -1.3955556e+01
   1.3000000e+03  -1.4071480e+01
   1.3100000e+03  -1.3738103e+01
   1.3200000e+03  -1.3969282e+01
   1.3300000e+03  -1.4037497e+01
   1.3400000e+03  -1.3693360e+01
   1.3500000e+03  -1.3706390e+01
   1.3600000e+03  -1.3891301e+01
   1.3700000e+03  -1.3765205e+01
   1.3800000e+03  -1.3883738e+01
   1.3900000e+03  -1.3752093e+01
   1.4000000e+03  -1.3971981e+01
   1.4100000e+03  -1.3831245e+01
   1.4200000e+03  -1.3999058e+01
   1.4300000e+03  -1.3916889e+01
   1.4400000e+03  -1.4086046e+01
   1.4500000e+03  -1.3970315e+01
   1.4600000e+03  -1.3989375e+01
   1.4700000e+03  -1.4117096e+01
   1.4800000e+03  -1.4021697e+01
   1.4900000e+03  -1.3879549e+01
   1.5000000e+03  -1.4020370e+01
   1.5100000e+03  -1.4134600e+01
   1.5200000e+03  -1.4196017e+01
   1.5300000e+03  -1.4165555e+01
   1.5400000e+03  -1.3909488e+01
   1.5500000e+03  -1.4046126e+01
   1.5600000e+03  -1.4230363e+01
   1.5700000e+03  -1.4087723e+01
   1.5800000e+03  -1.3696296e+01
   1.5900000e+03  -1.3798830e+01
   1.6000000e+03  -1.3622002e+01
   1.6100000e+03  -1.3437073e+01
   1.6200000e+03  -1.3659433e+01
   1.6300000e+03  -1.3732436e+01
   1.6400000e+03  -1.4121554e+01
   1.6500000e+03  -1.3796519e+01
   1.6600000e+03  -1.3814422e+01
   1.6700000e+03  -1.3914434e+01
   1.6800000e+03  -1.3823639e+01
   1.6900000e+03  -1.3791040e+01
   1.7000000e+03  -1.3555299e+01
   1.7100000e+03  -1.3800265e+01
   1.7200000e+03  -1.3367802e+01
   1.7300000e+03  -1.3600069e+01
   1.7400000e+03  -1.3356189e+01
   1.7500000e+03  -1.3374332e+01
   1.7600000e+03  -1.3370585e+01
   1.7700000e+03  -1.3450163e+01
   1.7800000e+03  -1.3575284e+01
   1.7900000e+03  -1.3478434e+01
   1.8000000e+03  -1.3672674e+01
   1.8100000e+03  -1.3692062e+01
   1.8200000e+03  -1.3625898e+01
   1.8300000e+03  -1.3768719e+01
   1.8400000e+03  -1.3758308e+01
   1.8500000e+03  -1.3944130e+01
   1.8600000e+03  -1.3885113e+01
   1.8700000e+03  -1.3802174e+01
   1.8800000e+03  -1.3902616e+01
   1.8900000e+03  -1.3769657e+01
   1.9000000e+03  -1.3788557e+01
   1.9100000e+03  -1.3557625e+01
   1.9200000e+03  -1.3540130e+01
   1.9300000e+03  -1.3763867e+01
   1.9400000e+03  -1.3639161e+01
   1.9500000e+03  -1.3389980e+01
   1.9600000e+03  -1.3460151e+01
   1.9700000e+03  -1.3513940e+01
   1.9800000e+03  -1.3482657e+01
   1.9900000e+03  -1.4070277e+01
   2.0000000e+03  -1.4303159e+01
   2.0100000e+03  -1.4189408e+01
   2.0200000e+03  -1.3890836e+01
   2.0300000e+03  -1.4585288e+01
   2.0400000e+03  -1.4763980e+01
   2.0500000e+03  -1.4572410e+01
   2.0600000e+03  -1.4631231e+01
   2.0700000e+03  -1.4747995e+01
   2.0800000e+03  -1.4487819e+01
   2.0900000e+03  -1.4444666e+01
   2.1000000e+03  -1.4406495e+01
   2.1100000e+03  -1.4611852e+01
   2.1200000e+03  -1.4393985e+01
   2.1300000e+03  -1.4261895e+01
   2.1400000e+03  -1.4330272e+01
   2.1500000e+03  -1.4320106e+01
   2.1600000e+03  -1.4442860e+01
   2.1700000e+03  -1.4173262e+01
   2.1800000e+03  -1.4419429e+01
   2.1900000e+03  -1.4391390e+01
   2.2000000e+03  -1.4426766e+01
   2.2100000e+03  -1.4318831e+01
   2.2200000e+03  -1.4298861e+01
   2.2300000e+03  -1.4280059e+01
   2.2400000e+03  -1.4285474e+01
   2.2500000e+03  -1.4094666e+01
   2.2600000e+03  -1.4155677e+01
   2.2700000e+03  -1.4340652e+01
   2.2800000e+03  -1.4136844e+01
   2.2900000e+03  -1.3887075e+01
   2.3000000e+03  -1.3932255e+01
   2.3100000e+03  -1.3925507e+01
   2.3200000e+03  -1.4324451e+01
   2.3300000e+03  -1.4411768e+01
   2.3400000e+03  -1.4029214e+01
   2.3500000e+03  -1.4005493e+01
   2.3600000e+03  -1.3841710e+01
   2.3700000e+03  -1.4116383e+01
   2.3800000e+03  -1.4172325e+01
   2.3900000e+03  -1.4021674e+01
   2.4000000e+03  -1.3920333e+01
   2.4100000e+03  -1.3875494e+01
   2.4200000e+03  -1.4052841e+01
   2.4300000e+03  -1.3990131e+01
   2.4400000e+03  -1.3982989e+01
   2.4500000e+03  -1.4067809e+01
   2.4600000e+03  -1.4011949e+01
   2.4700000e+03  -1.3935821e+01
   2.4800000e+03  -1.4214022e+01
   2.4900000e+03  -1.4365419e+01
   2.5000000e+03  -1.4125278e+01
   2.5100000e+03  -1.4118025e+01
   2.5200000e+03  -1.4065621e+01
   2.5300000e+03  -1.3988999e+01
   2.5400000e+03  -1.3884939e+01
   2.5500000e+03  -1.3939724e+01
   2.5600000e+03  -1.3768450e+01
   2.5700000e+03  -1.3893007e+01
   2.5800000e+03  -1.3836989e+01
   2.5900000e+03  -1.3762216e+01
   2.6000000e+03  -1.3574748e+01
   2.6100000e+03  -1.3753346e+01
   2.6200000e+03  -1.3642511e+01
   2.6300000e+03  -1.3455435e+01
   2.6400000e+03  -1.3857751e+01
   2.6500000e+03  -1.4179071e+01
   2.6600000e+03  -1.4070286e+01
   2.6700000e+03  -1.3707649e+01
   2.6800000e+03  -1.3754229e+01
   2.6900000e+03  -1.3556257e+01
   2.7000000e+03  -1.3905837e+01
   2.7100000e+03  -1.4098337e+01
   2.7200000e+03  -1.4032627e+01
   2.7300000e+03  -1.3871759e+01
   2.7400000e+03  -1.3471813e+01
   2.7500000e+03  -1.3631445e+01
   2.7600000e+03  -1.3940711e+01
   2.7700000e+03  -1.3715788e+01
   2.7800000e+03  -1.3830408e+01
   2.7900000e+03  -1.3704556e+01
   2.8000000e+03  -1.3412669e+01
   2.8100000e+03  -1.3218416e+01
   2.8200000e+03  -1.3424889e+01
   2.8300000e+03  -1.3522237e+01
   2.8400000e+03  -1.3299954e+01
   2.8500000e+03  -1.3318552e+01
   2.8600000e+03  -1.3461677e+01
   2.8700000e+03  -1.3168913e+01
   2.8800000e+03  -1.3320030e+01
   2.8900000e+03  -1.3494074e+01
   2.9000000e+03  -1.3747486e+01
   2.9100000e+03  -1.3711417e+01
   2.9200000e+03  -1.3658449e+01
   2.9300000e+03  -1.3938073e+01
   2.9400000e+03  -1.4228587e+01
   2.9500000e+03  -1.4329053e+01
   2.9600000e+03  -1.4055569e+01
   2.9700000e+03  -1.4337080e+01
   2.9800000e+03  -1.4120172e+01
   2.9900000e+03  -1.3858853e+01
   3.0000000e+03  -1.4095863e+01
   3.0100000e+03  -1.3976945e+01
   3.0200000e+03  -1.4020426e+01
   3.0300000e+03  -1.3871880e+01
   3.0400000e+03  -1.4111693e+01
   3.0500000e+03  -1.3932460e+01
   3.0600000e+03  -1.3507383e+01
   3.0700000e+03  -1.3738951e+01
   3.0800000e+03  -1.3775778e+01
   3.0900000e+03  -1.3646372e+01
   3.1000000e+03  -1.3696567e+01
   3.1100000e+03  -1.4076209e+01
   3.1200000e+03  -1.4291783e+01
   3.1300000e+03  -1.4327160e+01
   3.1400000e+03  -1.4128184e+01
   3.1500000e+03  -1.4083898e+01
   3.1600000e+03  -1.4419712e+01
   3.1700000e+03  -1.4271251e+01
   3.1800000e+03  -1.4423778e+01
   3.1900000e+03  -1.3871850e+01
   3.2000000e+03  -1.4042602e+01
   3.2100000e+03  -1.4300398e+01
   3.2200000e+03  -1.4285518e+01
   3.2300000e+03  -1.4000606e+01
   3.2400000e+03  -1.3391341e+01
   3.2500000e+03  -1.3575716e+01
   3.2600000e+03  -1.3897167e+01
   3.2700000e+03  -1.3997913e+01
   3.2800000e+03  -1.3724580e+01
   3.2900000e+03  -1.3940617e+01
   3.3000000e+03  -1.3739652e+01
   3.3100000e+03  -1.4152675e+01
   3.3200000e+03  -1.4308217e+01
   3.3300000e+03  -1.4437044e+01
   3.3400000e+03  -1.4252445e+01
   3.3500000e+03  -1.4074759e+01
   3.3600000e+03  -1.3943934e+01
   3.3700000e+03  -1.4178853e+01
   3.3800000e+03  -1.4079315e+01
   3.3900000e+03  -1.4013381e+01
   3.4000000e+03  -1.3513979e+01
   3.4100000e+03  -1.3786146e+01
   3.4200000e+03  -1.3981620e+01
   3.4300000e+03  -1.3754150e+01
   3.4400000e+03  -1.3584882e+01
   3.4500000e+03  -1.3388067e+01
   3.4600000e+03  -1.3771439e+01
   3.4700000e+03  -1.3505403e+01
   3.4800000e+03  -1.3617817e+01
   3.4900000e+03  -1.3349914e+01
