   0.0000000e+00   2.0696281e+01
   1.0000000e+01   2.0707006e+01
   2.0000000e+01   2.0716050e+01
   3.0000000e+01   2.0700322e+01
   4.0000000e+01   2.0693933e+01
   5.0000000e+01   2.0713980e+01
   6.0000000e+01   2.0666853e+01
   7.0000000e+01   1.9577710e+01
   8.0000000e+01   1.7965115e+01
   9.0000000e+01   1.6440860e+01
   1.0000000e+02   1.5033264e+01
   1.1000000e+02   1.4000249e+01
   1.2000000e+02   1.3141332e+01
   1.3000000e+02   1.2462699e+01
   1.4000000e+02   1.2056071e+01
   1.5000000e+02   1.1378698e+01
   1.6000000e+02   1.0835511e+01
   1.7000000e+02   1.0630014e+01
   1.8000000e+02   1.0594309e+01
   1.9000000e+02   1.0252170e+01
   2.0000000e+02   9.9809660e+00
   2.1000000e+02   9.8439078e+00
   2.2000000e+02   9.7668687e+00
   2.3000000e+02   9.6630528e+00
   2.4000000e+02   9.5246143e+00
   2.5000000e+02   9.4781843e+00
   2.6000000e+02   9.1907565e+00
   2.7000000e+02   9.1554864e+00
   2.8000000e+02   8.9514536e+00
   2.9000000e+02   8.9228946e+00
   3.0000000e+02   8.8653886e+00
   3.1000000e+02   8.7362382e+00
   3.2000000e+02   8.5226136e+00
   3.3000000e+02   8.4848989e+00
   3.4000000e+02   8.5049649e+00
   3.5000000e+02   8.5102671e+00
   3.6000000e+02   8.5334148e+00
   3.7000000e+02   8.6563060e+00
   3.8000000e+02   8.7038375e+00
   3.9000000e+02   8.6985413e+00
   4.0000000e+02   8.6121034e+00
   4.1000000e+02   8.6573415e+00
   4.2000000e+02   8.6740059e+00
   4.3000000e+02   8.7677564e+00
   4.4000000e+02   8.6431285e+00
   4.5000000e+02   8.4809964e+00
   4.6000000e+02   8.3200609e+00
   4.7000000e+02   8.2596469e+00
   4.8000000e+02   8.3432159e+00
   4.9000000e+02   8.3967636e+00
   5.0000000e+02   8.5383135e+00
   5.1000000e+02   8.5668692e+00
   5.2000000e+02   8.5492838e+00
   5.3000000e+02   8.5890485e+00
   5.4000000e+02   8.4978246e+00
   5.5000000e+02   8.6705118e+00
   5.6000000e+02   8.7987509e+00
   5.7000000e+02   8.7049330e+00
   5.8000000e+02   8.7047472e+00
   5.9000000e+02   8.7589741e+00
   6.0000000e+02   8.7149481e+00
   6.1000000e+02   8.6895952e+00
   6.2000000e+02   8.6561849e+00
   6.3000000e+02   8.6009878e+00
   6.4000000e+02   8.6857316e+00
   6.5000000e+02   8.7449664e+00
   6.6000000e+02   8.8011790e+00
   6.7000000e+02   8.8253296e+00
   6.8000000e+02   8.8990570e+00
   6.9000000e+02   8.9596205e+00
   7.0000000e+02   8.8368506e+00
   7.1000000e+02   8.8804378e+00
   7.2000000e+02   8.9021154e+00
   7.3000000e+02   8.8770035e+00
   7.4000000e+02   8.9280048e+00
   7.5000000e+02   8.8769008e+00
   7.6000000e+02   8.8462859e+00
   7.7000000e+02   8.9064636e+00
   7.8000000e+02   8.8552795e+00
   7.9000000e+02   8.8396485e+00
   8.0000000e+02   8.9610103e+00
   8.1000000e+02   8.9493208e+00
   8.2000000e+02   9.0647634e+00
   8.3000000e+02   9.0752891e+00
   8.4000000e+02   9.3067367e+00
   8.5000000e+02   9.1103781e+00
   8.6000000e+02   9.0117857e+00
   8.7000000e+02   9.0452630e+00
   8.8000000e+02   8.9158757e+00
   8.9000000e+02   8.6921167e+00
   9.0000000e+02   8.7193898e+00
   9.1000000e+02   8.7051527e+00
   9.2000000e+02   8.9121453e+00
   9.3000000e+02   8.5211405e+00
   9.4000000e+02   8.4559964e+00
   9.5000000e+02   8.3337141e+00
   9.6000000e+02   8.1335961e+00
   9.7000000e+02   8.0061287e+00
   9.8000000e+02   7.9408126e+00
   9.9000000e+02   7.8351101e+00
   1.0000000e+03   7.6932195e+00
   1.0100000e+03   7.7232913e+00
   1.0200000e+03   7.7202407e+00
   1.0300000e+03   7.6773385e+00
   1.0400000e+03   7.7457868e+00
   1.0500000e+03   7.6801363e+00
   1.0600000e+03   7.7383722e+00
   1.0700000e+03   7.6694205e+00
   1.0800000e+03   7.6380116e+00
   1.0900000e+03   7.6518329e+00
   1.1000000e+03   7.7252458e+00
   1.1100000e+03   7.8024343e+00
   1.1200000e+03   7.7965044e+00
   1.1300000e+03   7.8500838e+00
   1.1400000e+03   7.8920211e+00
   1.1500000e+03   7.8565260e+00
   1.1600000e+03   8.0327570e+00
   1.1700000e+03   8.1115446e+00
   1.1800000e+03   8.1408850e+00
   1.1900000e+03   8.3721792e+00
   1.2000000e+03   8.3895324e+00
   1.2100000e+03   8.7086102e+00
   1.2200000e+03   8.6455982e+00
   1.2300000e+03   8.4705675e+00
   1.2400000e+03   8.5433985e+00
   1.2500000e+03   8.6362735e+00
   1.2600000e+03   8.5735671e+00
   1.2700000e+03   8.5465504e+00
   1.2800000e+03   8.5121780e+00
   1.2900000e+03   8.4178694e+00
   1.3000000e+03   8.5287351e+00
   1.3100000e+03   8.7957580e+00
   1.3200000e+03   8.7386229e+00
   1.3300000e+03   8.5939132e+00
   1.3400000e+03   8.5781421e+00
   1.3500000e+03   8.5149598e+00
   1.3600000e+03   8.5480778e+00
   1.3700000e+03   8.4466408e+00
   1.3800000e+03   8.5180929e+00
   1.3900000e+03   8.6337816e+00
   1.4000000e+03   8.2218172e+00
   1.4100000e+03   8.3143508e+00
   1.4200000e+03   8.4284016e+00
   1.4300000e+03   8.2834541e+00
   1.4400000e+03   8.2704462e+00
   1.4500000e+03   8.2071559e+00
   1.4600000e+03   7.9426255e+00
   1.4700000e+03   7.8886663e+00
   1.4800000e+03   7.7906933e+00
   1.4900000e+03   7.6855719e+00
   1.5000000e+03   7.6816083e+00
   1.5100000e+03   7.7211848e+00
   1.5200000e+03   7.6353741e+00
   1.5300000e+03   7.7042507e+00
   1.5400000e+03   7.7378702e+00
   1.5500000e+03   7.8839230e+00
   1.5600000e+03   7.9630376e+00
   1.5700000e+03   7.8335258e+00
   1.5800000e+03   7.9347223e+00
   1.5900000e+03   7.7034937e+00
   1.6000000e+03   7.6478823e+00
   1.6100000e+03   7.6490612e+00
   1.6200000e+03   7.7546947e+00
   1.6300000e+03   7.5745891e+00
   1.6400000e+03   7.6422333e+00
   1.6500000e+03   7.6664420e+00
   1.6600000e+03   7.7431366e+00
   1.6700000e+03   7.7726879e+00
   1.6800000e+03   7.7299669e+00
   1.6900000e+03   7.8280730e+00
   1.7000000e+03   8.0578870e+00
   1.7100000e+03   8.2938781e+00
   1.7200000e+03   8.3628256e+00
   1.7300000e+03   8.1949442e+00
   1.7400000e+03   8.4796868e+00
   1.7500000e+03   8.4090726e+00
   1.7600000e+03   8.3600647e+00
   1.7700000e+03   8.1926310e+00
   1.7800000e+03   8.3093612e+00
   1.7900000e+03   8.4193303e+00
   1.8000000e+03   8.4930890e+00
   1.8100000e+03   8.5616175e+00
   1.8200000e+03   8.4584069e+00
   1.8300000e+03   8.6365449e+00
   1.8400000e+03   8.6687525e+00
   1.8500000e+03   8.6517732e+00
   1.8600000e+03   8.4437627e+00
   1.8700000e+03   8.6164329e+00
   1.8800000e+03   8.6990018e+00
   1.8900000e+03   8.7398707e+00
   1.9000000e+03   8.8850673e+00
   1.9100000e+03   9.2746285e+00
   1.9200000e+03   9.2889078e+00
   1.9300000e+03   9.3377265e+00
   1.9400000e+03   9.4175045e+00
   1.9500000e+03   9.3401246e+00
   1.9600000e+03   9.2757353e+00
   1.9700000e+03   8.9407145e+00
   1.9800000e+03   8.9983437e+00
   1.9900000e+03   9.0017097e+00
   2.0000000e+03   8.7466596e+00
   2.0100000e+03   8.5904414e+00
   2.0200000e+03   8.6363690e+00
   2.0300000e+03   8.5073132e+00
   2.0400000e+03   8.6100857e+00
   2.0500000e+03   8.6055904e+00
   2.0600000e+03   8.5382400e+00
   2.0700000e+03   8.6381780e+00
   2.0800000e+03   8.4898095e+00
   2.0900000e+03   8.4138593e+00
   2.1000000e+03   8.1816863e+00
   2.1100000e+03   8.2586875e+00
   2.1200000e+03   7.9940427e+00
   2.1300000e+03   8.0691608e+00
   2.1400000e+03   8.2247883e+00
   2.1500000e+03   8.0837205e+00
   2.1600000e+03   8.2444163e+00
   2.1700000e+03   8.1819812e+00
   2.1800000e+03   8.1826475e+00
   2.1900000e+03   8.0032964e+00
   2.2000000e+03   8.1642835e+00
   2.2100000e+03   8.0176154e+00
   2.2200000e+03   7.9744977e+00
   2.2300000e+03   8.1684956e+00
   2.2400000e+03   7.9213329e+00
   2.2500000e+03   8.1799934e+00
   2.2600000e+03   8.0019082e+00
   2.2700000e+03   7.9016180e+00
   2.2800000e+03   7.9851507e+00
   2.2900000e+03   7.9884574e+00
   2.3000000e+03   7.7897343e+00
   2.3100000e+03   7.8505706e+00
   2.3200000e+03   7.9739472e+00
   2.3300000e+03   7.9114246e+00
   2.3400000e+03   7.9124441e+00
   2.3500000e+03   8.0444352e+00
   2.3600000e+03   8.0816724e+00
   2.3700000e+03   7.9556777e+00
   2.3800000e+03   8.0367589e+00
   2.3900000e+03   8.2174936e+00
   2.4000000e+03   8.2524813e+00
   2.4100000e+03   8.1207247e+00
   2.4200000e+03   8.2928832e+00
   2.4300000e+03   8.2676840e+00
   2.4400000e+03   8.1924161e+00
   2.4500000e+03   8.3875063e+00
   2.4600000e+03   8.1319256e+00
   2.4700000e+03   7.8173927e+00
   2.4800000e+03   8.1067589e+00
   2.4900000e+03   8.3212244e+00
   2.5000000e+03   8.3657222e+00
   2.5100000e+03   8.2669333e+00
   2.5200000e+03   8.2960255e+00
   2.5300000e+03   8.0530899e+00
   2.5400000e+03   7.9084565e+00
   2.5500000e+03   7.9098499e+00
   2.5600000e+03   8.1365959e+00
   2.5700000e+03   7.9990563e+00
   2.5800000e+03   7.8949507e+00
   2.5900000e+03   8.2150876e+00
   2.6000000e+03   8.1854789e+00
   2.6100000e+03   8.1991367e+00
   2.6200000e+03   8.2109802e+00
   2.6300000e+03   8.2534306e+00
   2.6400000e+03   8.2478252e+00
   2.6500000e+03   8.3538156e+00
   2.6600000e+03   8.1946304e+00
   2.6700000e+03   8.1538560e+00
   2.6800000e+03   8.3885239e+00
   2.6900000e+03   8.3569759e+00
   2.7000000e+03   8.8402044e+00
   2.7100000e+03   8.8911730e+00
   2.7200000e+03   8.7539472e+00
   2.7300000e+03   8.9723638e+00
   2.7400000e+03   8.9990728e+00
   2.7500000e+03   8.9094964e+00
   2.7600000e+03   9.0062778e+00
   2.7700000e+03   8.9873869e+00
   2.7800000e+03   8.8802874e+00
   2.7900000e+03   8.9949464e+00
   2.8000000e+03   8.8178859e+00
   2.8100000e+03   8.9016757e+00
   2.8200000e+03   8.9592307e+00
   2.8300000e+03   8.6820358e+00
   2.8400000e+03   8.6629755e+00
   2.8500000e+03   8.6274439e+00
   2.8600000e+03   8.3923885e+00
   2.8700000e+03   8.2097022e+00
   2.8800000e+03   7.9720075e+00
   2.8900000e+03   7.9055487e+00
   2.9000000e+03   7.9097630e+00
   2.9100000e+03   7.9272776e+00
   2.9200000e+03   7.9314122e+00
   2.9300000e+03   7.9753744e+00
   2.9400000e+03   7.8223261e+00
   2.9500000e+03   8.0503856e+00
   2.9600000e+03   8.1034858e+00
   2.9700000e+03   7.8399803e+00
   2.9800000e+03   8.0124167e+00
   2.9900000e+03   8.1242396e+00
   3.0000000e+03   8.0783091e+00
   3.0100000e+03   8.0956690e+00
   3.0200000e+03   8.0440746e+00
   3.0300000e+03   8.1825161e+00
   3.0400000e+03   8.1542813e+00
   3.0500000e+03   8.0850329e+00
   3.0600000e+03   8.2896015e+00
   3.0700000e+03   8.1503634e+00
   3.0800000e+03   7.9889469e+00
   3.0900000e+03   7.9649802e+00
   3.1000000e+03   7.9880723e+00
   3.1100000e+03   8.0146527e+00
   3.1200000e+03   7.9608226e+00
   3.1300000e+03   7.8899011e+00
   3.1400000e+03   8.1272012e+00
   3.1500000e+03   8.1981347e+00
   3.1600000e+03   8.0846855e+00
   3.1700000e+03   8.0472591e+00
   3.1800000e+03   7.8802732e+00
   3.1900000e+03   8.2045900e+00
   3.2000000e+03   8.0381604e+00
   3.2100000e+03   8.0440173e+00
   3.2200000e+03   7.9549630e+00
   3.2300000e+03   8.0955440e+00
   3.2400000e+03   8.2607085e+00
   3.2500000e+03   8.0574972e+00
   3.2600000e+03   8.0754127e+00
   3.2700000e+03   8.0688288e+00
   3.2800000e+03   8.1991785e+00
   3.2900000e+03   8.3312295e+00
   3.3000000e+03   8.3884980e+00
   3.3100000e+03   8.1796067e+00
   3.3200000e+03   8.0389950e+00
   3.3300000e+03   7.9812231e+00
   3.3400000e+03   7.9346358e+00
   3.3500000e+03   7.8979937e+00
   3.3600000e+03   8.1119339e+00
   3.3700000e+03   7.9849331e+00
   3.3800000e+03   7.8757042e+00
   3.3900000e+03   8.0394269e+00
   3.4000000e+03   7.8281934e+00
   3.4100000e+03   8.0164321e+00
   3.4200000e+03   8.0065386e+00
   3.4300000e+03   8.1738484e+00
   3.4400000e+03   8.2651623e+00
   3.4500000e+03   8.1822029e+00
   3.4600000e+03   8.2455441e+00
   3.4700000e+03   8.1865019e+00
   3.4800000e+03   8.1464619e+00
   3.4900000e+03   8.1728002e+00
