   0.0000000e+00   4.6727447e-03
   1.0000000e+01   1.2207963e-02
   2.0000000e+01   4.8788453e-03
   3.0000000e+01   2.7291539e-03
   4.0000000e+01   4.3541876e-03
   5.0000000e+01  -1.0961731e-02
   6.0000000e+01   1.1399622e-01
   7.0000000e+01   2.8170051e-01
   8.0000000e+01  -9.2938443e-02
   9.0000000e+01  -1.9140304e+00
   1.0000000e+02  -6.1796259e+00
   1.1000000e+02  -8.4403759e+00
   1.2000000e+02  -1.0790000e+01
   1.3000000e+02  -1.2429444e+01
   1.4000000e+02  -1.2961873e+01
   1.5000000e+02  -1.4455164e+01
   1.6000000e+02  -1.5688590e+01
   1.7000000e+02  -1.5525045e+01
   1.8000000e+02  -1.6294804e+01
   1.9000000e+02  -1.7065440e+01
   2.0000000e+02  -1.7374941e+01
   2.1000000e+02  -1.7560965e+01
   2.2000000e+02  -1.7649666e+01
   2.3000000e+02  -1.8292644e+01
   2.4000000e+02  -1.8085709e+01
   2.5000000e+02  -1.8817054e+01
   2.6000000e+02  -1.8431514e+01
   2.7000000e+02  -1.8466362e+01
   2.8000000e+02  -1.9652948e+01
   2.9000000e+02  -1.8937568e+01
   3.0000000e+02  -1.9243993e+01
   3.1000000e+02  -1.9155644e+01
   3.2000000e+02  -1.8975803e+01
   3.3000000e+02  -1.9410178e+01
   3.4000000e+02  -1.9544110e+01
   3.5000000e+02  -1.9600461e+01
   3.6000000e+02  -1.9340212e+01
   3.7000000e+02  -1.9278204e+01
   3.8000000e+02  -1.9489357e+01
   3.9000000e+02  -1.8876855e+01
   4.0000000e+02  -1.9784349e+01
   4.1000000e+02  -1.9650141e+01
   4.2000000e+02  -2.0098173e+01
   4.3000000e+02  -2.0339543e+01
   4.4000000e+02  -2.1634534e+01
   4.5000000e+02  -2.1087272e+01
   4.6000000e+02  -2.1669403e+01
   4.7000000e+02  -2.1509834e+01
   4.8000000e+02  -2.0884835e+01
   4.9000000e+02  -2.1287956e+01
   5.0000000e+02  -2.0886476e+01
   5.1000000e+02  -2.2567626e+01
   5.2000000e+02  -2.0759915e+01
   5.3000000e+02  -2.1013442e+01
   5.4000000e+02  -2.1629269e+01
   5.5000000e+02  -2.1098775e+01
   5.6000000e+02  -2.1310473e+01
   5.7000000e+02  -2.1781530e+01
   5.8000000e+02  -2.1337932e+01
   5.9000000e+02  -2.1659988e+01
   6.0000000e+02  -2.1993099e+01
   6.1000000e+02  -2.0600314e+01
   6.2000000e+02  -2.1627622e+01
   6.3000000e+02  -2.1346552e+01
   6.4000000e+02  -2.1645799e+01
   6.5000000e+02  -2.1792583e+01
   6.6000000e+02  -1.9360774e+01
   6.7000000e+02  -1.9968582e+01
   6.8000000e+02  -2.0153749e+01
   6.9000000e+02  -1.9562742e+01
   7.0000000e+02  -1.9258786e+01
   7.1000000e+02  -1.8336992e+01
   7.2000000e+02  -1.9245034e+01
   7.3000000e+02  -1.9483757e+01
   7.4000000e+02  -2.0462967e+01
   7.5000000e+02  -1.9221739e+01
   7.6000000e+02  -1.9498975e+01
   7.7000000e+02  -1.9840187e+01
   7.8000000e+02  -1.9003079e+01
   7.9000000e+02  -1.7371585e+01
   8.0000000e+02  -1.9484962e+01
   8.1000000e+02  -1.7248625e+01
   8.2000000e+02  -1.7233427e+01
   8.3000000e+02  -1.7509996e+01
   8.4000000e+02  -1.8340077e+01
   8.5000000e+02  -1.7615366e+01
   8.6000000e+02  -1.7720154e+01
   8.7000000e+02  -1.9269869e+01
   8.8000000e+02  -1.9925002e+01
   8.9000000e+02  -2.0361030e+01
   9.0000000e+02  -2.0128367e+01
   9.1000000e+02  -2.0033808e+01
   9.2000000e+02  -2.0223505e+01
   9.3000000e+02  -2.0053454e+01
   9.4000000e+02  -1.9608821e+01
   9.5000000e+02  -1.9841744e+01
   9.6000000e+02  -1.9124513e+01
   9.7000000e+02  -1.9665579e+01
   9.8000000e+02  -1.8736806e+01
   9.9000000e+02  -1.9160411e+01
   1.0000000e+03  -1.9411246e+01
   1.0100000e+03  -1.8156000e+01
   1.0200000e+03  -1.8398992e+01
   1.0300000e+03  -1.8351130e+01
   1.0400000e+03  -1.9565340e+01
   1.0500000e+03  -1.9529414e+01
   1.0600000e+03  -1.8740058e+01
   1.0700000e+03  -1.8519285e+01
   1.0800000e+03  -1.8611090e+01
   1.0900000e+03  -1.9423032e+01
   1.1000000e+03  -1.8860474e+01
   1.1100000e+03  -2.1396044e+01
   1.1200000e+03  -1.8995402e+01
   1.1300000e+03  -1.8613326e+01
   1.1400000e+03  -1.8229471e+01
   1.1500000e+03  -1.9680843e+01
   1.1600000e+03  -1.9670493e+01
   1.1700000e+03  -2.0086134e+01
   1.1800000e+03  -1.9410748e+01
   1.1900000e+03  -1.9211369e+01
   1.2000000e+03  -1.9064200e+01
   1.2100000e+03  -1.8674725e+01
   1.2200000e+03  -1.9067199e+01
   1.2300000e+03  -1.9333332e+01
   1.2400000e+03  -1.8974791e+01
   1.2500000e+03  -1.9082966e+01
   1.2600000e+03  -1.8903385e+01
   1.2700000e+03  -1.9766915e+01
   1.2800000e+03  -1.8412678e+01
   1.2900000e+03  -1.9498320e+01
   1.3000000e+03  -2.0203837e+01
   1.3100000e+03  -1.9943264e+01
   1.3200000e+03  -1.8587685e+01
   1.3300000e+03  -1.8287112e+01
   1.3400000e+03  -1.8778090e+01
   1.3500000e+03  -1.8583594e+01
   1.3600000e+03  -1.9016898e+01
   1.3700000e+03  -1.9355878e+01
   1.3800000e+03  -2.0422557e+01
   1.3900000e+03  -1.9806658e+01
   1.4000000e+03  -1.9138994e+01
   1.4100000e+03  -2.0135560e+01
   1.4200000e+03  -2.0930272e+01
   1.4300000e+03  -2.0184493e+01
   1.4400000e+03  -2.1205972e+01
   1.4500000e+03  -2.1221008e+01
   1.4600000e+03  -2.1471073e+01
   1.4700000e+03  -2.1622256e+01
   1.4800000e+03  -2.1242409e+01
   1.4900000e+03  -2.0091878e+01
   1.5000000e+03  -2.0799273e+01
   1.5100000e+03  -2.1519607e+01
   1.5200000e+03  -2.1168711e+01
   1.5300000e+03  -2.1227916e+01
   1.5400000e+03  -2.0882586e+01
   1.5500000e+03  -1.9875151e+01
   1.5600000e+03  -2.0573240e+01
   1.5700000e+03  -2.0461077e+01
   1.5800000e+03  -2.0145273e+01
   1.5900000e+03  -2.0558355e+01
   1.6000000e+03  -2.1014503e+01
   1.6100000e+03  -2.1223791e+01
   1.6200000e+03  -1.9835150e+01
   1.6300000e+03  -2.0747769e+01
   1.6400000e+03  -2.2310757e+01
   1.6500000e+03  -2.1312915e+01
   1.6600000e+03  -2.1082621e+01
   1.6700000e+03  -1.9929981e+01
   1.6800000e+03  -2.0612623e+01
   1.6900000e+03  -2.0514204e+01
   1.7000000e+03  -2.1311008e+01
   1.7100000e+03  -2.2291720e+01
   1.7200000e+03  -2.2220299e+01
   1.7300000e+03  -2.2433892e+01
   1.7400000e+03  -2.1028362e+01
   1.7500000e+03  -2.1351995e+01
   1.7600000e+03  -2.1094423e+01
   1.7700000e+03  -2.1184471e+01
   1.7800000e+03  -2.1797145e+01
   1.7900000e+03  -2.1387703e+01
   1.8000000e+03  -2.1563421e+01
   1.8100000e+03  -2.1664817e+01
   1.8200000e+03  -2.1953231e+01
   1.8300000e+03  -2.1978595e+01
   1.8400000e+03  -2.1073486e+01
   1.8500000e+03  -2.0848382e+01
   1.8600000e+03  -2.0630317e+01
   1.8700000e+03  -2.0501600e+01
   1.8800000e+03  -2.0275556e+01
   1.8900000e+03  -2.1533877e+01
   1.9000000e+03  -2.0511692e+01
   1.9100000e+03  -1.9967963e+01
   1.9200000e+03  -1.9433736e+01
   1.9300000e+03  -1.9844020e+01
   1.9400000e+03  -1.9280245e+01
   1.9500000e+03  -1.8987025e+01
   1.9600000e+03  -1.9572408e+01
   1.9700000e+03  -1.9365693e+01
   1.9800000e+03  -1.9293082e+01
   1.9900000e+03  -1.9240906e+01
   2.0000000e+03  -1.9435990e+01
   2.0100000e+03  -2.0019042e+01
   2.0200000e+03  -1.9141753e+01
   2.0300000e+03  -1.9283156e+01
   2.0400000e+03  -1.9524375e+01
   2.0500000e+03  -1.9374668e+01
   2.0600000e+03  -1.9344077e+01
   2.0700000e+03  -1.9658424e+01
   2.0800000e+03  -1.9912261e+01
   2.0900000e+03  -1.9496792e+01
   2.1000000e+03  -2.0267190e+01
   2.1100000e+03  -2.1014432e+01
   2.1200000e+03  -2.0434308e+01
   2.1300000e+03  -2.0013023e+01
   2.1400000e+03  -1.9593951e+01
   2.1500000e+03  -1.9854562e+01
   2.1600000e+03  -1.9691593e+01
   2.1700000e+03  -2.0748386e+01
   2.1800000e+03  -1.9511375e+01
   2.1900000e+03  -1.8865020e+01
   2.2000000e+03  -1.9112449e+01
   2.2100000e+03  -1.8423452e+01
   2.2200000e+03  -1.8097616e+01
   2.2300000e+03  -1.7537289e+01
   2.2400000e+03  -1.8467646e+01
   2.2500000e+03  -1.9681591e+01
   2.2600000e+03  -1.8043172e+01
   2.2700000e+03  -1.8884022e+01
   2.2800000e+03  -1.8202809e+01
   2.2900000e+03  -1.8280280e+01
   2.3000000e+03  -1.7927706e+01
   2.3100000e+03  -1.7962621e+01
   2.3200000e+03  -1.8887072e+01
   2.3300000e+03  -1.8091385e+01
   2.3400000e+03  -1.7698666e+01
   2.3500000e+03  -1.8026720e+01
   2.3600000e+03  -1.8576253e+01
   2.3700000e+03  -1.8575806e+01
   2.3800000e+03  -1.7905612e+01
   2.3900000e+03  -1.8681554e+01
   2.4000000e+03  -1.8048350e+01
   2.4100000e+03  -1.9485549e+01
   2.4200000e+03  -1.8283674e+01
   2.4300000e+03  -1.8135381e+01
   2.4400000e+03  -1.7907764e+01
   2.4500000e+03  -1.8310519e+01
   2.4600000e+03  -1.8234848e+01
   2.4700000e+03  -1.7973355e+01
   2.4800000e+03  -1.8842496e+01
   2.4900000e+03  -1.8545027e+01
   2.5000000e+03  -1.8056442e+01
   2.5100000e+03  -1.8185676e+01
   2.5200000e+03  -1.7622286e+01
   2.5300000e+03  -1.8126660e+01
   2.5400000e+03  -1.8291426e+01
   2.5500000e+03  -1.7983932e+01
   2.5600000e+03  -1.7702214e+01
   2.5700000e+03  -1.7732746e+01
   2.5800000e+03  -1.7308566e+01
   2.5900000e+03  -1.7108555e+01
   2.6000000e+03  -1.7261018e+01
   2.6100000e+03  -1.6946773e+01
   2.6200000e+03  -1.7691879e+01
   2.6300000e+03  -1.8000297e+01
   2.6400000e+03  -1.7523723e+01
   2.6500000e+03  -1.7761820e+01
   2.6600000e+03  -1.6896475e+01
   2.6700000e+03  -1.6408100e+01
   2.6800000e+03  -1.6953049e+01
   2.6900000e+03  -1.5840082e+01
   2.7000000e+03  -1.6641977e+01
   2.7100000e+03  -1.7190888e+01
   2.7200000e+03  -1.6443894e+01
   2.7300000e+03  -1.6508244e+01
   2.7400000e+03  -1.7062769e+01
   2.7500000e+03  -1.7075514e+01
   2.7600000e+03  -1.5938229e+01
   2.7700000e+03  -1.6386545e+01
   2.7800000e+03  -1.7446194e+01
   2.7900000e+03  -1.6153270e+01
   2.8000000e+03  -1.7408362e+01
   2.8100000e+03  -1.5794668e+01
   2.8200000e+03  -1.5533611e+01
   2.8300000e+03  -1.6630800e+01
   2.8400000e+03  -1.5681482e+01
   2.8500000e+03  -1.4147953e+01
   2.8600000e+03  -1.7172195e+01
   2.8700000e+03  -1.8579334e+01
   2.8800000e+03  -1.9566155e+01
   2.8900000e+03  -1.8185385e+01
   2.9000000e+03  -1.7604791e+01
   2.9100000e+03  -1.5978526e+01
   2.9200000e+03  -1.6327132e+01
   2.9300000e+03  -1.6663781e+01
   2.9400000e+03  -1.7253114e+01
   2.9500000e+03  -1.5800724e+01
   2.9600000e+03  -1.7271207e+01
   2.9700000e+03  -1.6251838e+01
   2.9800000e+03  -1.5055399e+01
   2.9900000e+03  -1.8906414e+01
   3.0000000e+03  -1.6235698e+01
   3.0100000e+03  -1.6350380e+01
   3.0200000e+03  -1.7202106e+01
   3.0300000e+03  -1.5923901e+01
   3.0400000e+03  -1.5521472e+01
   3.0500000e+03  -1.5693266e+01
   3.0600000e+03  -1.5550222e+01
   3.0700000e+03  -1.4421985e+01
   3.0800000e+03  -1.5769615e+01
   3.0900000e+03  -1.4712648e+01
   3.1000000e+03  -1.5536429e+01
   3.1100000e+03  -1.5423180e+01
   3.1200000e+03  -1.5939539e+01
   3.1300000e+03  -1.6812133e+01
   3.1400000e+03  -1.6157616e+01
   3.1500000e+03  -1.6012830e+01
   3.1600000e+03  -1.6289069e+01
   3.1700000e+03  -1.5722872e+01
   3.1800000e+03  -1.6073378e+01
   3.1900000e+03  -1.3664630e+01
   3.2000000e+03  -1.5422655e+01
   3.2100000e+03  -1.4941684e+01
   3.2200000e+03  -1.5029653e+01
   3.2300000e+03  -1.2643045e+01
   3.2400000e+03  -1.4931572e+01
   3.2500000e+03  -1.3907585e+01
   3.2600000e+03  -1.6182696e+01
   3.2700000e+03  -1.6528928e+01
   3.2800000e+03  -1.5726590e+01
   3.2900000e+03  -1.6032576e+01
   3.3000000e+03  -1.5993864e+01
   3.3100000e+03  -1.3647705e+01
   3.3200000e+03  -1.4161552e+01
   3.3300000e+03  -1.4081416e+01
   3.3400000e+03  -1.6653702e+01
   3.3500000e+03  -1.6366540e+01
   3.3600000e+03  -1.5914880e+01
   3.3700000e+03  -1.6555489e+01
   3.3800000e+03  -1.6595729e+01
   3.3900000e+03  -1.6474372e+01
   3.4000000e+03  -1.5247810e+01
   3.4100000e+03  -1.5708980e+01
   3.4200000e+03  -1.8112678e+01
   3.4300000e+03  -1.7291184e+01
   3.4400000e+03  -1.7794958e+01
   3.4500000e+03  -1.5425762e+01
   3.4600000e+03  -1.5761235e+01
   3.4700000e+03  -1.5700781e+01
   3.4800000e+03  -1.6836484e+01
   3.4900000e+03  -1.7021668e+01
