   0.0000000e+00   3.5970595e-03
   1.0000000e+01   4.5162598e-04
   2.0000000e+01   6.9561726e-03
   3.0000000e+01   3.2516669e-03
   4.0000000e+01  -3.2832096e-03
   5.0000000e+01  -2.3747269e-03
   6.0000000e+01   4.5258292e-02
   7.0000000e+01   1.9119269e-01
   8.0000000e+01   4.8952603e-02
   9.0000000e+01  -1.0578893e+00
   1.0000000e+02  -2.5902284e+00
   1.1000000e+02  -3.8967526e+00
   1.2000000e+02  -5.0391704e+00
   1.3000000e+02  -5.9755072e+00
   1.4000000e+02  -6.7251151e+00
   1.5000000e+02  -7.4671025e+00
   1.6000000e+02  -8.0232650e+00
   1.7000000e+02  -8.2947667e+00
   1.8000000e+02  -8.6141682e+00
   1.9000000e+02  -9.0862934e+00
   2.0000000e+02  -9.1917070e+00
   2.1000000e+02  -9.3832549e+00
   2.2000000e+02  -9.6378080e+00
   2.3000000e+02  -9.7050141e+00
   2.4000000e+02  -9.9523326e+00
   2.5000000e+02  -9.7974386e+00
   2.6000000e+02  -1.0124273e+01
   2.7000000e+02  -1.0179755e+01
   2.8000000e+02  -1.0221143e+01
   2.9000000e+02  -1.0037542e+01
   3.0000000e+02  -1.0093959e+01
   3.1000000e+02  -9.9613884e+00
   3.2000000e+02  -1.0020321e+01
   3.3000000e+02  -1.0100188e+01
   3.4000000e+02  -9.8469147e+00
   3.5000000e+02  -9.7950974e+00
   3.6000000e+02  -9.9439283e+00
   3.7000000e+02  -1.0074008e+01
   3.8000000e+02  -1.0014591e+01
   3.9000000e+02  -1.0185566e+01
   4.0000000e+02  -1.0024510e+01
   4.1000000e+02  -1.0044141e+01
   4.2000000e+02  -1.0043789e+01
   4.3000000e+02  -9.8963686e+00
   4.4000000e+02  -1.0051497e+01
   4.5000000e+02  -9.9230380e+00
   4.6000000e+02  -9.8825530e+00
   4.7000000e+02  -9.7909946e+00
   4.8000000e+02  -9.7257983e+00
   4.9000000e+02  -9.6520764e+00
   5.0000000e+02  -9.5766104e+00
   5.1000000e+02  -9.6694934e+00
   5.2000000e+02  -9.6532326e+00
   5.3000000e+02  -9.6773986e+00
   5.4000000e+02  -9.7736896e+00
   5.5000000e+02  -9.7312411e+00
   5.6000000e+02  -9.6214984e+00
   5.7000000e+02  -9.8546372e+00
   5.8000000e+02  -9.6831665e+00
   5.9000000e+02  -9.4264305e+00
   6.0000000e+02  -9.5631071e+00
   6.1000000e+02  -9.4473918e+00
   6.2000000e+02  -9.7218326e+00
   6.3000000e+02  -9.6983371e+00
   6.4000000e+02  -9.7341100e+00
   6.5000000e+02  -9.5774440e+00
   6.6000000e+02  -9.5894356e+00
   6.7000000e+02  -9.6326155e+00
   6.8000000e+02  -9.2660535e+00
   6.9000000e+02  -9.7321742e+00
   7.0000000e+02  -9.5015712e+00
   7.1000000e+02  -9.6336650e+00
   7.2000000e+02  -9.5611243e+00
   7.3000000e+02  -9.3594714e+00
   7.4000000e+02  -9.2804379e+00
   7.5000000e+02  -9.6407058e+00
   7.6000000e+02  -9.4827395e+00
   7.7000000e+02  -9.5729165e+00
   7.8000000e+02  -9.4543620e+00
   7.9000000e+02  -9.3744893e+00
   8.0000000e+02  -9.4853070e+00
   8.1000000e+02  -9.5041029e+00
   8.2000000e+02  -9.3577944e+00
   8.3000000e+02  -9.5691107e+00
   8.4000000e+02  -9.3320084e+00
   8.5000000e+02  -9.4360642e+00
   8.6000000e+02  -9.5614326e+00
   8.7000000e+02  -9.4567101e+00
   8.8000000e+02  -9.4934826e+00
   8.9000000e+02  -9.4355521e+00
   9.0000000e+02  -9.5395490e+00
   9.1000000e+02  -9.5447777e+00
   9.2000000e+02  -9.4550705e+00
   9.3000000e+02  -9.3981966e+00
   9.4000000e+02  -9.2702573e+00
   9.5000000e+02  -9.1672409e+00
   9.6000000e+02  -9.1907869e+00
   9.7000000e+02  -9.3021123e+00
   9.8000000e+02  -9.4669417e+00
   9.9000000e+02  -9.3563758e+00
   1.0000000e+03  -9.4342478e+00
   1.0100000e+03  -9.3269742e+00
   1.0200000e+03  -9.4343816e+00
   1.0300000e+03  -9.2128756e+00
   1.0400000e+03  -9.2247723e+00
   1.0500000e+03  -9.1986285e+00
   1.0600000e+03  -9.3044177e+00
   1.0700000e+03  -9.3554601e+00
   1.0800000e+03  -9.2903442e+00
   1.0900000e+03  -9.3749463e+00
   1.1000000e+03  -9.3467293e+00
   1.1100000e+03  -9.3488492e+00
   1.1200000e+03  -9.3746718e+00
   1.1300000e+03  -9.4840358e+00
   1.1400000e+03  -9.4411494e+00
   1.1500000e+03  -9.4030897e+00
   1.1600000e+03  -9.4144992e+00
   1.1700000e+03  -9.4281318e+00
   1.1800000e+03  -9.1720786e+00
   1.1900000e+03  -8.9207777e+00
   1.2000000e+03  -9.1131949e+00
   1.2100000e+03  -9.3670137e+00
   1.2200000e+03  -9.3209883e+00
   1.2300000e+03  -8.9986766e+00
   1.2400000e+03  -9.0018135e+00
   1.2500000e+03  -9.1838343e+00
   1.2600000e+03  -9.1710228e+00
   1.2700000e+03  -9.2610235e+00
   1.2800000e+03  -9.2388982e+00
   1.2900000e+03  -9.0133407e+00
   1.3000000e+03  -9.1062608e+00
   1.3100000e+03  -9.1987922e+00
   1.3200000e+03  -9.2558183e+00
   1.3300000e+03  -9.2693370e+00
   1.3400000e+03  -9.3831079e+00
   1.3500000e+03  -9.1769168e+00
   1.3600000e+03  -9.2656926e+00
   1.3700000e+03  -9.0148421e+00
   1.3800000e+03  -9.1797005e+00
   1.3900000e+03  -9.0580005e+00
   1.4000000e+03  -9.0899714e+00
   1.4100000e+03  -9.0047124e+00
   1.4200000e+03  -9.1819148e+00
   1.4300000e+03  -9.1943757e+00
   1.4400000e+03  -9.3225059e+00
   1.4500000e+03  -9.1137515e+00
   1.4600000e+03  -9.1937185e+00
   1.4700000e+03  -9.1312853e+00
   1.4800000e+03  -9.2297420e+00
   1.4900000e+03  -9.1741158e+00
   1.5000000e+03  -9.1168324e+00
   1.5100000e+03  -9.1286948e+00
   1.5200000e+03  -9.1636676e+00
   1.5300000e+03  -9.3290981e+00
   1.5400000e+03  -9.3338205e+00
   1.5500000e+03  -9.3069048e+00
   1.5600000e+03  -9.5192112e+00
   1.5700000e+03  -9.2427080e+00
   1.5800000e+03  -9.3830060e+00
   1.5900000e+03  -9.3231896e+00
   1.6000000e+03  -9.1425722e+00
   1.6100000e+03  -8.9697462e+00
   1.6200000e+03  -9.1759960e+00
   1.6300000e+03  -9.2206776e+00
   1.6400000e+03  -9.1889627e+00
   1.6500000e+03  -9.1070473e+00
   1.6600000e+03  -9.2514560e+00
   1.6700000e+03  -9.1732478e+00
   1.6800000e+03  -8.9536986e+00
   1.6900000e+03  -9.1057762e+00
   1.7000000e+03  -9.2505510e+00
   1.7100000e+03  -9.2394138e+00
   1.7200000e+03  -9.1937366e+00
   1.7300000e+03  -9.1358359e+00
   1.7400000e+03  -8.8408687e+00
   1.7500000e+03  -8.7828999e+00
   1.7600000e+03  -8.7665537e+00
   1.7700000e+03  -9.1284806e+00
   1.7800000e+03  -9.2221930e+00
   1.7900000e+03  -9.3019247e+00
   1.8000000e+03  -9.0283880e+00
   1.8100000e+03  -9.2994018e+00
   1.8200000e+03  -9.2097260e+00
   1.8300000e+03  -9.4651660e+00
   1.8400000e+03  -9.3919639e+00
   1.8500000e+03  -9.4681157e+00
   1.8600000e+03  -9.5027733e+00
   1.8700000e+03  -9.6097223e+00
   1.8800000e+03  -9.7558400e+00
   1.8900000e+03  -9.5352091e+00
   1.9000000e+03  -9.6811030e+00
   1.9100000e+03  -9.7613675e+00
   1.9200000e+03  -9.7480899e+00
   1.9300000e+03  -9.9093049e+00
   1.9400000e+03  -9.6735592e+00
   1.9500000e+03  -9.8910916e+00
   1.9600000e+03  -9.9210473e+00
   1.9700000e+03  -9.8269911e+00
   1.9800000e+03  -9.9393333e+00
   1.9900000e+03  -9.9628258e+00
   2.0000000e+03  -9.7677514e+00
   2.0100000e+03  -9.4965054e+00
   2.0200000e+03  -9.6390022e+00
   2.0300000e+03  -9.6730233e+00
   2.0400000e+03  -9.8475921e+00
   2.0500000e+03  -9.8063189e+00
   2.0600000e+03  -9.8340363e+00
   2.0700000e+03  -9.8680461e+00
   2.0800000e+03  -9.7241351e+00
   2.0900000e+03  -9.6945622e+00
   2.1000000e+03  -9.6874783e+00
   2.1100000e+03  -9.7009642e+00
   2.1200000e+03  -9.5717823e+00
   2.1300000e+03  -9.6588128e+00
   2.1400000e+03  -9.5223708e+00
   2.1500000e+03  -9.5385963e+00
   2.1600000e+03  -9.3446564e+00
   2.1700000e+03  -9.6174222e+00
   2.1800000e+03  -9.4522183e+00
   2.1900000e+03  -9.2675588e+00
   2.2000000e+03  -9.5169811e+00
   2.2100000e+03  -9.5613697e+00
   2.2200000e+03  -9.4515334e+00
   2.2300000e+03  -9.3085513e+00
   2.2400000e+03  -9.5014287e+00
   2.2500000e+03  -9.6542351e+00
   2.2600000e+03  -9.2032066e+00
   2.2700000e+03  -9.2892426e+00
   2.2800000e+03  -9.3744209e+00
   2.2900000e+03  -9.5126719e+00
   2.3000000e+03  -9.0185426e+00
   2.3100000e+03  -9.3631299e+00
   2.3200000e+03  -9.2403752e+00
   2.3300000e+03  -9.1933710e+00
   2.3400000e+03  -9.3796567e+00
   2.3500000e+03  -9.4269300e+00
   2.3600000e+03  -9.2712461e+00
   2.3700000e+03  -9.2370218e+00
   2.3800000e+03  -9.1262279e+00
   2.3900000e+03  -9.2327542e+00
   2.4000000e+03  -9.0796970e+00
   2.4100000e+03  -9.2646095e+00
   2.4200000e+03  -8.9760646e+00
   2.4300000e+03  -9.0443757e+00
   2.4400000e+03  -9.2400975e+00
   2.4500000e+03  -9.2302850e+00
   2.4600000e+03  -9.3021777e+00
   2.4700000e+03  -9.4021495e+00
   2.4800000e+03  -9.2234392e+00
   2.4900000e+03  -9.3076812e+00
   2.5000000e+03  -9.3082380e+00
   2.5100000e+03  -9.2430970e+00
   2.5200000e+03  -9.2645161e+00
   2.5300000e+03  -9.2194888e+00
   2.5400000e+03  -9.2170841e+00
   2.5500000e+03  -9.1128393e+00
   2.5600000e+03  -9.1679466e+00
   2.5700000e+03  -9.1922285e+00
   2.5800000e+03  -9.1189955e+00
   2.5900000e+03  -9.2338528e+00
   2.6000000e+03  -9.1994806e+00
   2.6100000e+03  -9.1752691e+00
   2.6200000e+03  -9.0631503e+00
   2.6300000e+03  -9.3081299e+00
   2.6400000e+03  -9.2188706e+00
   2.6500000e+03  -9.0928163e+00
   2.6600000e+03  -9.1779000e+00
   2.6700000e+03  -9.2694506e+00
   2.6800000e+03  -9.3381624e+00
   2.6900000e+03  -8.9800249e+00
   2.7000000e+03  -9.1350133e+00
   2.7100000e+03  -9.1396248e+00
   2.7200000e+03  -9.1407479e+00
   2.7300000e+03  -9.1544286e+00
   2.7400000e+03  -9.0898822e+00
   2.7500000e+03  -9.0420593e+00
   2.7600000e+03  -8.9964106e+00
   2.7700000e+03  -9.0100640e+00
   2.7800000e+03  -9.0743714e+00
   2.7900000e+03  -9.1335325e+00
   2.8000000e+03  -9.0457405e+00
   2.8100000e+03  -9.0281638e+00
   2.8200000e+03  -9.0098615e+00
   2.8300000e+03  -8.9593472e+00
   2.8400000e+03  -8.9501863e+00
   2.8500000e+03  -8.9022406e+00
   2.8600000e+03  -8.9298993e+00
   2.8700000e+03  -9.0776857e+00
   2.8800000e+03  -8.9100189e+00
   2.8900000e+03  -9.0495607e+00
   2.9000000e+03  -9.1843553e+00
   2.9100000e+03  -9.0593857e+00
   2.9200000e+03  -9.0767373e+00
   2.9300000e+03  -9.2622266e+00
   2.9400000e+03  -9.0974593e+00
   2.9500000e+03  -9.3715028e+00
   2.9600000e+03  -9.3128367e+00
   2.9700000e+03  -9.1962648e+00
   2.9800000e+03  -9.3059387e+00
   2.9900000e+03  -9.5710927e+00
   3.0000000e+03  -9.3495887e+00
   3.0100000e+03  -9.3190342e+00
   3.0200000e+03  -9.4876071e+00
   3.0300000e+03  -9.5425497e+00
   3.0400000e+03  -9.5094493e+00
   3.0500000e+03  -9.3028420e+00
   3.0600000e+03  -9.5362924e+00
   3.0700000e+03  -9.4517685e+00
   3.0800000e+03  -9.2366627e+00
   3.0900000e+03  -9.3048823e+00
   3.1000000e+03  -9.3713707e+00
   3.1100000e+03  -9.3068427e+00
   3.1200000e+03  -9.5371488e+00
   3.1300000e+03  -9.3149837e+00
   3.1400000e+03  -9.4635891e+00
   3.1500000e+03  -9.5122648e+00
   3.1600000e+03  -9.4128129e+00
   3.1700000e+03  -9.5178028e+00
   3.1800000e+03  -9.4932174e+00
   3.1900000e+03  -9.5226748e+00
   3.2000000e+03  -9.4707739e+00
   3.2100000e+03  -9.5541609e+00
   3.2200000e+03  -9.7003935e+00
   3.2300000e+03  -9.5331774e+00
   3.2400000e+03  -9.6811427e+00
   3.2500000e+03  -9.6556962e+00
   3.2600000e+03  -9.4919363e+00
   3.2700000e+03  -9.5388915e+00
   3.2800000e+03  -9.5417701e+00
   3.2900000e+03  -9.2316189e+00
   3.3000000e+03  -9.4197842e+00
   3.3100000e+03  -9.5219096e+00
   3.3200000e+03  -9.5017368e+00
   3.3300000e+03  -9.4081826e+00
   3.3400000e+03  -9.5954389e+00
   3.3500000e+03  -9.5465593e+00
   3.3600000e+03  -9.4980371e+00
   3.3700000e+03  -9.3022285e+00
   3.3800000e+03  -9.3024756e+00
   3.3900000e+03  -9.4868727e+00
   3.4000000e+03  -9.5050605e+00
   3.4100000e+03  -9.2808699e+00
   3.4200000e+03  -9.4693828e+00
   3.4300000e+03  -9.6679725e+00
   3.4400000e+03  -9.5838380e+00
   3.4500000e+03  -9.5499257e+00
   3.4600000e+03  -9.5913889e+00
   3.4700000e+03  -9.7187610e+00
   3.4800000e+03  -9.3949504e+00
   3.4900000e+03  -9.5760114e+00
