   0.0000000e+00   5.2070277e-04
   1.0000000e+01  -1.4900061e-03
   2.0000000e+01   8.0206488e-03
   3.0000000e+01  -4.0067425e-03
   4.0000000e+01  -1.1092529e-02
   5.0000000e+01  -5.9830980e-02
   6.0000000e+01  -2.3703273e+00
   7.0000000e+01  -8.3251140e+00
   8.0000000e+01  -1.0090272e+01
   9.0000000e+01  -1.1839658e+01
   1.0000000e+02  -1.3731536e+01
   1.1000000e+02  -1.4816871e+01
   1.2000000e+02  -1.5695737e+01
   1.3000000e+02  -1.7089558e+01
   1.4000000e+02  -1.7270038e+01
   1.5000000e+02  -1.7654571e+01
   1.6000000e+02  -1.8304206e+01
   1.7000000e+02  -1.8990344e+01
   1.8000000e+02  -1.9547410e+01
   1.9000000e+02  -1.9793916e+01
   2.0000000e+02  -2.0197789e+01
   2.1000000e+02  -2.0572501e+01
   2.2000000e+02  -2.0710105e+01
   2.3000000e+02  -2.0714096e+01
   2.4000000e+02  -2.0995122e+01
   2.5000000e+02  -2.0382396e+01
   2.6000000e+02  -2.0875955e+01
   2.7000000e+02  -2.0808577e+01
   2.8000000e+02  -2.1352387e+01
   2.9000000e+02  -2.1453667e+01
   3.0000000e+02  -2.1001250e+01
   3.1000000e+02  -2.0466936e+01
   3.2000000e+02  -2.1219810e+01
   3.3000000e+02  -2.0924929e+01
   3.4000000e+02  -2.1159281e+01
   3.5000000e+02  -2.1323521e+01
   3.6000000e+02  -2.1199519e+01
   3.7000000e+02  -2.1770694e+01
   3.8000000e+02  -2.1651111e+01
   3.9000000e+02  -2.1113818e+01
   4.0000000e+02  -2.1595306e+01
   4.1000000e+02  -2.1820778e+01
   4.2000000e+02  -2.1638821e+01
   4.3000000e+02  -2.2527967e+01
   4.4000000e+02  -2.1713083e+01
   4.5000000e+02  -2.1611719e+01
   4.6000000e+02  -2.1529652e+01
   4.7000000e+02  -2.1585643e+01
   4.8000000e+02  -2.1792922e+01
   4.9000000e+02  -2.1630527e+01
   5.0000000e+02  -2.1862716e+01
   5.1000000e+02  -2.1893510e+01
   5.2000000e+02  -2.1637963e+01
   5.3000000e+02  -2.2015146e+01
   5.4000000e+02  -2.1937307e+01
   5.5000000e+02  -2.1713950e+01
   5.6000000e+02  -2.1279764e+01
   5.7000000e+02  -2.0796271e+01
   5.8000000e+02  -2.1691176e+01
   5.9000000e+02  -2.1260812e+01
   6.0000000e+02  -2.1576790e+01
   6.1000000e+02  -2.1786331e+01
   6.2000000e+02  -2.1850931e+01
   6.3000000e+02  -2.1682591e+01
   6.4000000e+02  -2.1160581e+01
   6.5000000e+02  -2.1462937e+01
   6.6000000e+02  -2.2219423e+01
   6.7000000e+02  -2.2318414e+01
   6.8000000e+02  -2.2774205e+01
   6.9000000e+02  -2.2932442e+01
   7.0000000e+02  -2.2825851e+01
   7.1000000e+02  -2.2863250e+01
   7.2000000e+02  -2.2864696e+01
   7.3000000e+02  -2.2972399e+01
   7.4000000e+02  -2.2904659e+01
   7.5000000e+02  -2.2726933e+01
   7.6000000e+02  -2.2239885e+01
   7.7000000e+02  -2.1532621e+01
   7.8000000e+02  -2.2158605e+01
   7.9000000e+02  -2.1605917e+01
   8.0000000e+02  -2.1351693e+01
   8.1000000e+02  -2.1602636e+01
   8.2000000e+02  -2.1477695e+01
   8.3000000e+02  -2.2061495e+01
   8.4000000e+02  -2.1022805e+01
   8.5000000e+02  -2.1873282e+01
   8.6000000e+02  -2.1532078e+01
   8.7000000e+02  -2.1902280e+01
   8.8000000e+02  -2.1425677e+01
   8.9000000e+02  -2.2203450e+01
   9.0000000e+02  -2.2282525e+01
   9.1000000e+02  -2.2994466e+01
   9.2000000e+02  -2.3604779e+01
   9.3000000e+02  -2.2917010e+01
   9.4000000e+02  -2.3228024e+01
   9.5000000e+02  -2.3271054e+01
   9.6000000e+02  -2.3151404e+01
   9.7000000e+02  -2.2809991e+01
   9.8000000e+02  -2.2954125e+01
   9.9000000e+02  -2.2915767e+01
   1.0000000e+03  -2.2872680e+01
   1.0100000e+03  -2.2918114e+01
   1.0200000e+03  -2.2956191e+01
   1.0300000e+03  -2.2987577e+01
   1.0400000e+03  -2.3072431e+01
   1.0500000e+03  -2.3113863e+01
   1.0600000e+03  -2.3090821e+01
   1.0700000e+03  -2.3219579e+01
   1.0800000e+03  -2.3233188e+01
   1.0900000e+03  -2.3256092e+01
   1.1000000e+03  -2.3337159e+01
   1.1100000e+03  -2.2696920e+01
   1.1200000e+03  -2.3197979e+01
   1.1300000e+03  -2.3169239e+01
   1.1400000e+03  -2.3372112e+01
   1.1500000e+03  -2.3241019e+01
   1.1600000e+03  -2.3086110e+01
   1.1700000e+03  -2.3391447e+01
   1.1800000e+03  -2.3325963e+01
   1.1900000e+03  -2.3772124e+01
   1.2000000e+03  -2.3520269e+01
   1.2100000e+03  -2.3367336e+01
   1.2200000e+03  -2.3743838e+01
   1.2300000e+03  -2.3604532e+01
   1.2400000e+03  -2.3536799e+01
   1.2500000e+03  -2.3539662e+01
   1.2600000e+03  -2.3471866e+01
   1.2700000e+03  -2.3505189e+01
   1.2800000e+03  -2.3474472e+01
   1.2900000e+03  -2.3323464e+01
   1.3000000e+03  -2.3350688e+01
   1.3100000e+03  -2.3823597e+01
   1.3200000e+03  -2.3599451e+01
   1.3300000e+03  -2.3367435e+01
   1.3400000e+03  -2.3385794e+01
   1.3500000e+03  -2.3554757e+01
   1.3600000e+03  -2.3747822e+01
   1.3700000e+03  -2.3573155e+01
   1.3800000e+03  -2.3960025e+01
   1.3900000e+03  -2.4017239e+01
   1.4000000e+03  -2.3636419e+01
   1.4100000e+03  -2.3909740e+01
   1.4200000e+03  -2.4072932e+01
   1.4300000e+03  -2.3865269e+01
   1.4400000e+03  -2.3714274e+01
   1.4500000e+03  -2.3594927e+01
   1.4600000e+03  -2.3383531e+01
   1.4700000e+03  -2.3194254e+01
   1.4800000e+03  -2.3226579e+01
   1.4900000e+03  -2.3173169e+01
   1.5000000e+03  -2.3565820e+01
   1.5100000e+03  -2.3466729e+01
   1.5200000e+03  -2.3259048e+01
   1.5300000e+03  -2.3439156e+01
   1.5400000e+03  -2.3566538e+01
   1.5500000e+03  -2.3580377e+01
   1.5600000e+03  -2.3296810e+01
   1.5700000e+03  -2.3486814e+01
   1.5800000e+03  -2.3234410e+01
   1.5900000e+03  -2.2148484e+01
   1.6000000e+03  -2.2308960e+01
   1.6100000e+03  -2.2385890e+01
   1.6200000e+03  -2.2336697e+01
   1.6300000e+03  -2.2323569e+01
   1.6400000e+03  -2.2110834e+01
   1.6500000e+03  -2.2076948e+01
   1.6600000e+03  -2.2159856e+01
   1.6700000e+03  -2.2193691e+01
   1.6800000e+03  -2.1739872e+01
   1.6900000e+03  -2.1789774e+01
   1.7000000e+03  -2.3501017e+01
   1.7100000e+03  -2.3664677e+01
   1.7200000e+03  -2.3409571e+01
   1.7300000e+03  -2.3253418e+01
   1.7400000e+03  -2.3347643e+01
   1.7500000e+03  -2.3350133e+01
   1.7600000e+03  -2.3259487e+01
   1.7700000e+03  -2.3039561e+01
   1.7800000e+03  -2.2882800e+01
   1.7900000e+03  -2.3109528e+01
   1.8000000e+03  -2.3105509e+01
   1.8100000e+03  -2.3093069e+01
   1.8200000e+03  -2.2957144e+01
   1.8300000e+03  -2.2974120e+01
   1.8400000e+03  -2.2897526e+01
   1.8500000e+03  -2.2934580e+01
   1.8600000e+03  -2.2799422e+01
   1.8700000e+03  -2.3026888e+01
   1.8800000e+03  -2.3030964e+01
   1.8900000e+03  -2.3111820e+01
   1.9000000e+03  -2.3252073e+01
   1.9100000e+03  -2.3172259e+01
   1.9200000e+03  -2.2896959e+01
   1.9300000e+03  -2.2985561e+01
   1.9400000e+03  -2.2961703e+01
   1.9500000e+03  -2.2920244e+01
   1.9600000e+03  -2.2893757e+01
   1.9700000e+03  -2.2883039e+01
   1.9800000e+03  -2.2964374e+01
   1.9900000e+03  -2.2579812e+01
   2.0000000e+03  -2.2676150e+01
   2.0100000e+03  -2.2958167e+01
   2.0200000e+03  -2.3091115e+01
   2.0300000e+03  -2.2919194e+01
   2.0400000e+03  -2.3073048e+01
   2.0500000e+03  -2.3090138e+01
   2.0600000e+03  -2.3211617e+01
   2.0700000e+03  -2.3296756e+01
   2.0800000e+03  -2.2831735e+01
   2.0900000e+03  -2.2959708e+01
   2.1000000e+03  -2.3002645e+01
   2.1100000e+03  -2.2717395e+01
   2.1200000e+03  -2.2921972e+01
   2.1300000e+03  -2.3309690e+01
   2.1400000e+03  -2.3505292e+01
   2.1500000e+03  -2.3321199e+01
   2.1600000e+03  -2.3588861e+01
   2.1700000e+03  -2.3393643e+01
   2.1800000e+03  -2.3202710e+01
   2.1900000e+03  -2.3202771e+01
   2.2000000e+03  -2.3487816e+01
   2.2100000e+03  -2.3114222e+01
   2.2200000e+03  -2.3072286e+01
   2.2300000e+03  -2.3367552e+01
   2.2400000e+03  -2.2805550e+01
   2.2500000e+03  -2.3320395e+01
   2.2600000e+03  -2.3270426e+01
   2.2700000e+03  -2.3031887e+01
   2.2800000e+03  -2.2956509e+01
   2.2900000e+03  -2.3092674e+01
   2.3000000e+03  -2.2296088e+01
   2.3100000e+03  -2.2905314e+01
   2.3200000e+03  -2.3026257e+01
   2.3300000e+03  -2.3111112e+01
   2.3400000e+03  -2.2676085e+01
   2.3500000e+03  -2.2856294e+01
   2.3600000e+03  -2.2898248e+01
   2.3700000e+03  -2.1969233e+01
   2.3800000e+03  -2.2835703e+01
   2.3900000e+03  -2.3055995e+01
   2.4000000e+03  -2.2998089e+01
   2.4100000e+03  -2.2999840e+01
   2.4200000e+03  -2.3032831e+01
   2.4300000e+03  -2.2794771e+01
   2.4400000e+03  -2.2871683e+01
   2.4500000e+03  -2.2030106e+01
   2.4600000e+03  -2.1951327e+01
   2.4700000e+03  -2.1753430e+01
   2.4800000e+03  -2.3021316e+01
   2.4900000e+03  -2.3133484e+01
   2.5000000e+03  -2.3001137e+01
   2.5100000e+03  -2.3386562e+01
   2.5200000e+03  -2.3001036e+01
   2.5300000e+03  -2.2768835e+01
   2.5400000e+03  -2.2038612e+01
   2.5500000e+03  -2.2412569e+01
   2.5600000e+03  -2.2496321e+01
   2.5700000e+03  -2.2530832e+01
   2.5800000e+03  -2.2561512e+01
   2.5900000e+03  -2.2740732e+01
   2.6000000e+03  -2.2729352e+01
   2.6100000e+03  -2.2780743e+01
   2.6200000e+03  -2.2602675e+01
   2.6300000e+03  -2.2514860e+01
   2.6400000e+03  -2.2599644e+01
   2.6500000e+03  -2.2721289e+01
   2.6600000e+03  -2.2932793e+01
   2.6700000e+03  -2.2819020e+01
   2.6800000e+03  -2.2759167e+01
   2.6900000e+03  -2.2327523e+01
   2.7000000e+03  -2.3120595e+01
   2.7100000e+03  -2.3273093e+01
   2.7200000e+03  -2.3141313e+01
   2.7300000e+03  -2.3086468e+01
   2.7400000e+03  -2.3286735e+01
   2.7500000e+03  -2.2805225e+01
   2.7600000e+03  -2.2690223e+01
   2.7700000e+03  -2.2819698e+01
   2.7800000e+03  -2.2928881e+01
   2.7900000e+03  -2.2928571e+01
   2.8000000e+03  -2.2971053e+01
   2.8100000e+03  -2.3144155e+01
   2.8200000e+03  -2.3041836e+01
   2.8300000e+03  -2.2937734e+01
   2.8400000e+03  -2.2708882e+01
   2.8500000e+03  -2.2999891e+01
   2.8600000e+03  -2.2705165e+01
   2.8700000e+03  -2.2172954e+01
   2.8800000e+03  -2.2648180e+01
   2.8900000e+03  -2.2386467e+01
   2.9000000e+03  -2.2713527e+01
   2.9100000e+03  -2.2710687e+01
   2.9200000e+03  -2.2755412e+01
   2.9300000e+03  -2.2847269e+01
   2.9400000e+03  -2.2869852e+01
   2.9500000e+03  -2.2759049e+01
   2.9600000e+03  -2.2519185e+01
   2.9700000e+03  -2.2517695e+01
   2.9800000e+03  -2.2501498e+01
   2.9900000e+03  -2.2874530e+01
   3.0000000e+03  -2.2720391e+01
   3.0100000e+03  -2.2554012e+01
   3.0200000e+03  -2.2602665e+01
   3.0300000e+03  -2.2867525e+01
   3.0400000e+03  -2.2986897e+01
   3.0500000e+03  -2.2494402e+01
   3.0600000e+03  -2.2822683e+01
   3.0700000e+03  -2.2402601e+01
   3.0800000e+03  -2.2530431e+01
   3.0900000e+03  -2.2575692e+01
   3.1000000e+03  -2.2558000e+01
   3.1100000e+03  -2.2605506e+01
   3.1200000e+03  -2.2556045e+01
   3.1300000e+03  -2.2478305e+01
   3.1400000e+03  -2.2536757e+01
   3.1500000e+03  -2.2270522e+01
   3.1600000e+03  -2.2459810e+01
   3.1700000e+03  -2.2325102e+01
   3.1800000e+03  -2.2252483e+01
   3.1900000e+03  -2.2192982e+01
   3.2000000e+03  -2.1816667e+01
   3.2100000e+03  -2.2309028e+01
   3.2200000e+03  -2.2589132e+01
   3.2300000e+03  -2.2539734e+01
   3.2400000e+03  -2.2688889e+01
   3.2500000e+03  -2.2759176e+01
   3.2600000e+03  -2.2554430e+01
   3.2700000e+03  -2.2367964e+01
   3.2800000e+03  -2.3031983e+01
   3.2900000e+03  -2.2753365e+01
   3.3000000e+03  -2.3014480e+01
   3.3100000e+03  -2.1898939e+01
   3.3200000e+03  -2.1893358e+01
   3.3300000e+03  -2.2495504e+01
   3.3400000e+03  -2.2708911e+01
   3.3500000e+03  -2.2843356e+01
   3.3600000e+03  -2.2897627e+01
   3.3700000e+03  -2.2775911e+01
   3.3800000e+03  -2.2722478e+01
   3.3900000e+03  -2.2584221e+01
   3.4000000e+03  -2.2648178e+01
   3.4100000e+03  -2.2549622e+01
   3.4200000e+03  -2.2431183e+01
   3.4300000e+03  -2.2524284e+01
   3.4400000e+03  -2.2619184e+01
   3.4500000e+03  -2.2479471e+01
   3.4600000e+03  -2.2583293e+01
   3.4700000e+03  -2.2662402e+01
   3.4800000e+03  -2.2673628e+01
   3.4900000e+03  -2.2813548e+01
