   0.0000000e+00   1.7342883e+01
   1.0000000e+01   1.7342316e+01
   2.0000000e+01   1.7339910e+01
   3.0000000e+01   1.7329586e+01
   4.0000000e+01   1.7237012e+01
   5.0000000e+01   1.6888237e+01
   6.0000000e+01   1.6406943e+01
   7.0000000e+01   1.5236854e+01
   8.0000000e+01   1.4222407e+01
   9.0000000e+01   1.3386970e+01
   1.0000000e+02   1.2323748e+01
   1.1000000e+02   1.1912493e+01
   1.2000000e+02   1.1019529e+01
   1.3000000e+02   1.0390208e+01
   1.4000000e+02   1.0033455e+01
   1.5000000e+02   9.5571064e+00
   1.6000000e+02   9.2863821e+00
   1.7000000e+02   9.0722294e+00
   1.8000000e+02   9.1378402e+00
   1.9000000e+02   9.0497844e+00
   2.0000000e+02   8.3858469e+00
   2.1000000e+02   8.1138749e+00
   2.2000000e+02   8.1562365e+00
   2.3000000e+02   7.7284835e+00
   2.4000000e+02   7.5363833e+00
   2.5000000e+02   7.9629163e+00
   2.6000000e+02   7.6569374e+00
   2.7000000e+02   7.4086368e+00
   2.8000000e+02   7.5693583e+00
   2.9000000e+02   7.1641967e+00
   3.0000000e+02   7.5521856e+00
   3.1000000e+02   7.0634683e+00
   3.2000000e+02   7.2366602e+00
   3.3000000e+02   7.2394405e+00
   3.4000000e+02   7.0329682e+00
   3.5000000e+02   7.0547571e+00
   3.6000000e+02   6.7786380e+00
   3.7000000e+02   6.7601819e+00
   3.8000000e+02   6.9628369e+00
   3.9000000e+02   7.0850374e+00
   4.0000000e+02   7.2751125e+00
   4.1000000e+02   6.7737164e+00
   4.2000000e+02   6.5685009e+00
   4.3000000e+02   6.5070673e+00
   4.4000000e+02   6.4639724e+00
   4.5000000e+02   6.4105918e+00
   4.6000000e+02   6.2230544e+00
   4.7000000e+02   6.8108291e+00
   4.8000000e+02   6.4383511e+00
   4.9000000e+02   6.2104342e+00
   5.0000000e+02   6.4042854e+00
   5.1000000e+02   6.4677544e+00
   5.2000000e+02   6.3225403e+00
   5.3000000e+02   6.2354091e+00
   5.4000000e+02   6.2562186e+00
   5.5000000e+02   6.1672337e+00
   5.6000000e+02   6.0413597e+00
   5.7000000e+02   6.0767322e+00
   5.8000000e+02   5.7300374e+00
   5.9000000e+02   5.9431291e+00
   6.0000000e+02   6.0275248e+00
   6.1000000e+02   5.4410964e+00
   6.2000000e+02   5.6849887e+00
   6.3000000e+02   5.3330453e+00
   6.4000000e+02   5.3730624e+00
   6.5000000e+02   5.0952508e+00
   6.6000000e+02   4.9862173e+00
   6.7000000e+02   5.1326657e+00
   6.8000000e+02   5.1040109e+00
   6.9000000e+02   5.2373186e+00
   7.0000000e+02   4.9191837e+00
   7.1000000e+02   5.1086576e+00
   7.2000000e+02   5.0729264e+00
   7.3000000e+02   5.0282330e+00
   7.4000000e+02   5.3598033e+00
   7.5000000e+02   5.1109047e+00
   7.6000000e+02   5.1925200e+00
   7.7000000e+02   5.2138433e+00
   7.8000000e+02   5.1054006e+00
   7.9000000e+02   4.8891979e+00
   8.0000000e+02   5.5778079e+00
   8.1000000e+02   5.1183081e+00
   8.2000000e+02   5.3267165e+00
   8.3000000e+02   5.2742863e+00
   8.4000000e+02   5.4217454e+00
   8.5000000e+02   5.2551903e+00
   8.6000000e+02   5.3752652e+00
   8.7000000e+02   5.4228420e+00
   8.8000000e+02   5.5897375e+00
   8.9000000e+02   5.3353095e+00
   9.0000000e+02   5.5669882e+00
   9.1000000e+02   5.1491884e+00
   9.2000000e+02   5.3940422e+00
   9.3000000e+02   5.3108692e+00
   9.4000000e+02   5.3791148e+00
   9.5000000e+02   5.2979442e+00
   9.6000000e+02   5.3612168e+00
   9.7000000e+02   5.2681723e+00
   9.8000000e+02   5.2368734e+00
   9.9000000e+02   5.1938173e+00
   1.0000000e+03   5.1097318e+00
   1.0100000e+03   5.0707720e+00
   1.0200000e+03   4.9886082e+00
   1.0300000e+03   5.0268220e+00
   1.0400000e+03   4.8683417e+00
   1.0500000e+03   4.8806837e+00
   1.0600000e+03   4.9436900e+00
   1.0700000e+03   5.1294423e+00
   1.0800000e+03   5.0339577e+00
   1.0900000e+03   5.1730671e+00
   1.1000000e+03   4.9125204e+00
   1.1100000e+03   5.2002870e+00
   1.1200000e+03   5.1904497e+00
   1.1300000e+03   4.9979495e+00
   1.1400000e+03   5.1897539e+00
   1.1500000e+03   4.9826174e+00
   1.1600000e+03   5.0775739e+00
   1.1700000e+03   4.9976054e+00
   1.1800000e+03   4.9526793e+00
   1.1900000e+03   5.1666730e+00
   1.2000000e+03   5.1972054e+00
   1.2100000e+03   5.1951368e+00
   1.2200000e+03   5.2212633e+00
   1.2300000e+03   5.1332068e+00
   1.2400000e+03   5.1251300e+00
   1.2500000e+03   5.3717796e+00
   1.2600000e+03   5.2336986e+00
   1.2700000e+03   5.2631166e+00
   1.2800000e+03   5.2680196e+00
   1.2900000e+03   5.1635134e+00
   1.3000000e+03   5.1946255e+00
   1.3100000e+03   5.2404773e+00
   1.3200000e+03   4.9956007e+00
   1.3300000e+03   5.2090878e+00
   1.3400000e+03   4.9334516e+00
   1.3500000e+03   5.2848373e+00
   1.3600000e+03   5.0511902e+00
   1.3700000e+03   5.0503859e+00
   1.3800000e+03   5.0556815e+00
   1.3900000e+03   4.8515156e+00
   1.4000000e+03   5.1225636e+00
   1.4100000e+03   5.2696696e+00
   1.4200000e+03   5.0188531e+00
   1.4300000e+03   5.2683864e+00
   1.4400000e+03   5.2765018e+00
   1.4500000e+03   5.1978045e+00
   1.4600000e+03   5.2263843e+00
   1.4700000e+03   5.0325004e+00
   1.4800000e+03   5.2403378e+00
   1.4900000e+03   5.0586460e+00
   1.5000000e+03   4.9951248e+00
   1.5100000e+03   5.2877279e+00
   1.5200000e+03   5.2223528e+00
   1.5300000e+03   5.1883973e+00
   1.5400000e+03   5.3578715e+00
   1.5500000e+03   5.1265391e+00
   1.5600000e+03   5.2003246e+00
   1.5700000e+03   5.4748104e+00
   1.5800000e+03   5.2597670e+00
   1.5900000e+03   5.3048890e+00
   1.6000000e+03   5.3943504e+00
   1.6100000e+03   5.4464972e+00
   1.6200000e+03   5.4723225e+00
   1.6300000e+03   5.4613852e+00
   1.6400000e+03   5.1908725e+00
   1.6500000e+03   5.2044827e+00
   1.6600000e+03   5.2702770e+00
   1.6700000e+03   5.2027114e+00
   1.6800000e+03   5.1042371e+00
   1.6900000e+03   5.1449089e+00
   1.7000000e+03   5.3233379e+00
   1.7100000e+03   5.3571165e+00
   1.7200000e+03   5.2712123e+00
   1.7300000e+03   5.2918326e+00
   1.7400000e+03   5.3717327e+00
   1.7500000e+03   5.5127710e+00
   1.7600000e+03   5.4321096e+00
   1.7700000e+03   5.2101481e+00
   1.7800000e+03   5.4157058e+00
   1.7900000e+03   5.4212824e+00
   1.8000000e+03   5.2227173e+00
   1.8100000e+03   5.2982001e+00
   1.8200000e+03   5.4098239e+00
   1.8300000e+03   5.2824628e+00
   1.8400000e+03   4.9829033e+00
   1.8500000e+03   4.9529694e+00
   1.8600000e+03   5.0305131e+00
   1.8700000e+03   4.8921792e+00
   1.8800000e+03   5.0016503e+00
   1.8900000e+03   4.9562034e+00
   1.9000000e+03   5.0271753e+00
   1.9100000e+03   5.3621940e+00
   1.9200000e+03   5.0313054e+00
   1.9300000e+03   5.3108322e+00
   1.9400000e+03   4.8771100e+00
   1.9500000e+03   4.8788521e+00
   1.9600000e+03   5.1821767e+00
   1.9700000e+03   4.8889585e+00
   1.9800000e+03   4.9534614e+00
   1.9900000e+03   4.9519702e+00
   2.0000000e+03   4.8803308e+00
   2.0100000e+03   4.7857502e+00
   2.0200000e+03   4.9016982e+00
   2.0300000e+03   5.0308413e+00
   2.0400000e+03   4.8684716e+00
   2.0500000e+03   4.9651808e+00
   2.0600000e+03   5.0877273e+00
   2.0700000e+03   5.0949486e+00
   2.0800000e+03   4.8720152e+00
   2.0900000e+03   5.1085948e+00
   2.1000000e+03   5.0005245e+00
   2.1100000e+03   4.9589515e+00
   2.1200000e+03   5.0251226e+00
   2.1300000e+03   4.6152314e+00
   2.1400000e+03   4.9307723e+00
   2.1500000e+03   4.8458479e+00
   2.1600000e+03   4.9378753e+00
   2.1700000e+03   4.9264255e+00
   2.1800000e+03   4.7110640e+00
   2.1900000e+03   4.5721363e+00
   2.2000000e+03   4.7039492e+00
   2.2100000e+03   4.7035815e+00
   2.2200000e+03   4.5492446e+00
   2.2300000e+03   4.6832314e+00
   2.2400000e+03   4.9788766e+00
   2.2500000e+03   4.9776700e+00
   2.2600000e+03   4.7600695e+00
   2.2700000e+03   4.8644840e+00
   2.2800000e+03   4.8676513e+00
   2.2900000e+03   4.9701448e+00
   2.3000000e+03   4.9647578e+00
   2.3100000e+03   4.7825771e+00
   2.3200000e+03   4.9578276e+00
   2.3300000e+03   4.5970848e+00
   2.3400000e+03   4.7028112e+00
   2.3500000e+03   4.8764863e+00
   2.3600000e+03   5.0025481e+00
   2.3700000e+03   4.8723552e+00
   2.3800000e+03   5.0109161e+00
   2.3900000e+03   4.9348849e+00
   2.4000000e+03   4.8181196e+00
   2.4100000e+03   4.8884059e+00
   2.4200000e+03   4.8135617e+00
   2.4300000e+03   4.7901836e+00
   2.4400000e+03   4.6130587e+00
   2.4500000e+03   4.7579088e+00
   2.4600000e+03   4.8196512e+00
   2.4700000e+03   4.6785307e+00
   2.4800000e+03   4.6634132e+00
   2.4900000e+03   4.8880508e+00
   2.5000000e+03   4.5158099e+00
   2.5100000e+03   4.8065514e+00
   2.5200000e+03   4.7609386e+00
   2.5300000e+03   4.5928255e+00
   2.5400000e+03   4.9289925e+00
   2.5500000e+03   4.7185593e+00
   2.5600000e+03   4.9667535e+00
   2.5700000e+03   4.8073638e+00
   2.5800000e+03   4.9408542e+00
   2.5900000e+03   4.7583648e+00
   2.6000000e+03   4.7740702e+00
   2.6100000e+03   4.7385726e+00
   2.6200000e+03   4.8887166e+00
   2.6300000e+03   4.7267751e+00
   2.6400000e+03   4.8424950e+00
   2.6500000e+03   4.9168518e+00
   2.6600000e+03   4.7141167e+00
   2.6700000e+03   4.9065021e+00
   2.6800000e+03   4.7986057e+00
   2.6900000e+03   4.8911378e+00
   2.7000000e+03   4.9031551e+00
   2.7100000e+03   4.9893721e+00
   2.7200000e+03   4.9854082e+00
   2.7300000e+03   4.7587998e+00
   2.7400000e+03   4.7678199e+00
   2.7500000e+03   4.7132554e+00
   2.7600000e+03   4.7424728e+00
   2.7700000e+03   4.6883754e+00
   2.7800000e+03   4.7839060e+00
   2.7900000e+03   4.6194897e+00
   2.8000000e+03   4.8919422e+00
   2.8100000e+03   4.7076050e+00
   2.8200000e+03   5.0281200e+00
   2.8300000e+03   4.9865592e+00
   2.8400000e+03   4.6009630e+00
   2.8500000e+03   4.8793183e+00
   2.8600000e+03   4.9233933e+00
   2.8700000e+03   5.0962923e+00
   2.8800000e+03   4.8916440e+00
   2.8900000e+03   4.9036063e+00
   2.9000000e+03   4.9884522e+00
   2.9100000e+03   4.8854372e+00
   2.9200000e+03   4.6016095e+00
   2.9300000e+03   4.8078021e+00
   2.9400000e+03   4.9486247e+00
   2.9500000e+03   4.8615552e+00
   2.9600000e+03   4.9959730e+00
   2.9700000e+03   4.7725969e+00
   2.9800000e+03   4.6586241e+00
   2.9900000e+03   4.5235139e+00
   3.0000000e+03   4.7055060e+00
   3.0100000e+03   4.9716017e+00
   3.0200000e+03   4.9454743e+00
   3.0300000e+03   4.6584232e+00
   3.0400000e+03   4.4303722e+00
   3.0500000e+03   4.6303155e+00
   3.0600000e+03   4.6511344e+00
   3.0700000e+03   4.6434290e+00
   3.0800000e+03   4.9466668e+00
   3.0900000e+03   4.6914475e+00
   3.1000000e+03   4.7105426e+00
   3.1100000e+03   4.7849511e+00
   3.1200000e+03   4.7135009e+00
   3.1300000e+03   4.6830103e+00
   3.1400000e+03   4.8695709e+00
   3.1500000e+03   4.5426703e+00
   3.1600000e+03   4.8941005e+00
   3.1700000e+03   4.7444024e+00
   3.1800000e+03   4.6207254e+00
   3.1900000e+03   4.8075537e+00
   3.2000000e+03   4.7338553e+00
   3.2100000e+03   4.6654602e+00
   3.2200000e+03   4.7074970e+00
   3.2300000e+03   4.7530940e+00
   3.2400000e+03   4.7491686e+00
   3.2500000e+03   4.4597479e+00
   3.2600000e+03   4.6203962e+00
   3.2700000e+03   4.7820439e+00
   3.2800000e+03   4.8287316e+00
   3.2900000e+03   4.4880270e+00
   3.3000000e+03   4.6918818e+00
   3.3100000e+03   4.7990491e+00
   3.3200000e+03   4.6912658e+00
   3.3300000e+03   4.5751948e+00
   3.3400000e+03   4.6057419e+00
   3.3500000e+03   4.6914952e+00
   3.3600000e+03   4.6047956e+00
   3.3700000e+03   4.3881270e+00
   3.3800000e+03   4.6674443e+00
   3.3900000e+03   4.7926809e+00
   3.4000000e+03   4.5855115e+00
   3.4100000e+03   4.4829823e+00
   3.4200000e+03   4.5638462e+00
   3.4300000e+03   4.5068994e+00
   3.4400000e+03   4.4301788e+00
   3.4500000e+03   4.6288519e+00
   3.4600000e+03   4.8253971e+00
   3.4700000e+03   4.7640311e+00
   3.4800000e+03   4.6517201e+00
   3.4900000e+03   4.7479139e+00
