   0.0000000e+00   1.7392103e+01
   1.0000000e+01   1.7381785e+01
   2.0000000e+01   1.7400274e+01
   3.0000000e+01   1.7390183e+01
   4.0000000e+01   1.7301095e+01
   5.0000000e+01   1.7173879e+01
   6.0000000e+01   1.6932158e+01
   7.0000000e+01   1.5974031e+01
   8.0000000e+01   1.4938011e+01
   9.0000000e+01   1.4300068e+01
   1.0000000e+02   1.3553396e+01
   1.1000000e+02   1.2825029e+01
   1.2000000e+02   1.2415993e+01
   1.3000000e+02   1.1806493e+01
   1.4000000e+02   1.1333222e+01
   1.5000000e+02   1.1003136e+01
   1.6000000e+02   1.0604348e+01
   1.7000000e+02   1.0754815e+01
   1.8000000e+02   1.0673239e+01
   1.9000000e+02   1.0108070e+01
   2.0000000e+02   9.9247965e+00
   2.1000000e+02   9.6455351e+00
   2.2000000e+02   9.6241788e+00
   2.3000000e+02   9.1815105e+00
   2.4000000e+02   9.0263893e+00
   2.5000000e+02   9.1231992e+00
   2.6000000e+02   9.0427969e+00
   2.7000000e+02   8.8669746e+00
   2.8000000e+02   8.9718333e+00
   2.9000000e+02   8.8271173e+00
   3.0000000e+02   8.8214106e+00
   3.1000000e+02   8.7651922e+00
   3.2000000e+02   8.4423080e+00
   3.3000000e+02   8.3094665e+00
   3.4000000e+02   8.3150345e+00
   3.5000000e+02   8.0485123e+00
   3.6000000e+02   8.0304644e+00
   3.7000000e+02   8.1889713e+00
   3.8000000e+02   8.1870405e+00
   3.9000000e+02   8.0682771e+00
   4.0000000e+02   7.8186910e+00
   4.1000000e+02   8.0127046e+00
   4.2000000e+02   7.5768875e+00
   4.3000000e+02   7.5955616e+00
   4.4000000e+02   7.8893957e+00
   4.5000000e+02   7.3076419e+00
   4.6000000e+02   7.6950459e+00
   4.7000000e+02   7.3979212e+00
   4.8000000e+02   7.6006523e+00
   4.9000000e+02   7.5754930e+00
   5.0000000e+02   7.2277791e+00
   5.1000000e+02   7.2818922e+00
   5.2000000e+02   7.2284870e+00
   5.3000000e+02   7.0056964e+00
   5.4000000e+02   6.8961865e+00
   5.5000000e+02   6.7429902e+00
   5.6000000e+02   6.9695634e+00
   5.7000000e+02   6.6919739e+00
   5.8000000e+02   6.1909332e+00
   5.9000000e+02   6.3320592e+00
   6.0000000e+02   5.8668064e+00
   6.1000000e+02   6.5474211e+00
   6.2000000e+02   6.0143753e+00
   6.3000000e+02   5.2293114e+00
   6.4000000e+02   5.2847492e+00
   6.5000000e+02   5.0765593e+00
   6.6000000e+02   4.8799070e+00
   6.7000000e+02   5.0709841e+00
   6.8000000e+02   4.9850858e+00
   6.9000000e+02   4.7884851e+00
   7.0000000e+02   4.8149751e+00
   7.1000000e+02   4.9158997e+00
   7.2000000e+02   5.8882792e+00
   7.3000000e+02   5.6286687e+00
   7.4000000e+02   5.0427562e+00
   7.5000000e+02   5.2090335e+00
   7.6000000e+02   5.0574752e+00
   7.7000000e+02   4.8428147e+00
   7.8000000e+02   5.0259617e+00
   7.9000000e+02   6.4086380e+00
   8.0000000e+02   5.4105323e+00
   8.1000000e+02   5.0395703e+00
   8.2000000e+02   5.3049886e+00
   8.3000000e+02   5.8165244e+00
   8.4000000e+02   5.1586730e+00
   8.5000000e+02   5.5556376e+00
   8.6000000e+02   5.5990785e+00
   8.7000000e+02   5.2952793e+00
   8.8000000e+02   5.7799009e+00
   8.9000000e+02   5.6060824e+00
   9.0000000e+02   5.3847599e+00
   9.1000000e+02   5.2171774e+00
   9.2000000e+02   5.1176509e+00
   9.3000000e+02   5.9610286e+00
   9.4000000e+02   5.6881984e+00
   9.5000000e+02   5.2771507e+00
   9.6000000e+02   5.8240189e+00
   9.7000000e+02   5.2370987e+00
   9.8000000e+02   5.0878111e+00
   9.9000000e+02   5.3956773e+00
   1.0000000e+03   4.8655709e+00
   1.0100000e+03   5.0315197e+00
   1.0200000e+03   4.7689763e+00
   1.0300000e+03   4.6859241e+00
   1.0400000e+03   4.7650670e+00
   1.0500000e+03   4.7304444e+00
   1.0600000e+03   4.8883151e+00
   1.0700000e+03   4.9878539e+00
   1.0800000e+03   4.6851158e+00
   1.0900000e+03   4.8321772e+00
   1.1000000e+03   4.4533830e+00
   1.1100000e+03   4.6638294e+00
   1.1200000e+03   4.4539765e+00
   1.1300000e+03   4.3051518e+00
   1.1400000e+03   4.4616926e+00
   1.1500000e+03   4.5258213e+00
   1.1600000e+03   4.4492760e+00
   1.1700000e+03   4.5043589e+00
   1.1800000e+03   4.4951802e+00
   1.1900000e+03   4.4381418e+00
   1.2000000e+03   4.5074658e+00
   1.2100000e+03   4.5046960e+00
   1.2200000e+03   4.9714994e+00
   1.2300000e+03   4.6843656e+00
   1.2400000e+03   4.6134340e+00
   1.2500000e+03   4.8960866e+00
   1.2600000e+03   4.7547233e+00
   1.2700000e+03   4.6682500e+00
   1.2800000e+03   4.7390449e+00
   1.2900000e+03   4.9520654e+00
   1.3000000e+03   4.9429913e+00
   1.3100000e+03   4.5107861e+00
   1.3200000e+03   4.5434788e+00
   1.3300000e+03   4.7149229e+00
   1.3400000e+03   4.6236257e+00
   1.3500000e+03   4.5572541e+00
   1.3600000e+03   4.6084184e+00
   1.3700000e+03   4.6059785e+00
   1.3800000e+03   4.6554361e+00
   1.3900000e+03   4.6349167e+00
   1.4000000e+03   4.9844798e+00
   1.4100000e+03   4.9731785e+00
   1.4200000e+03   4.8333356e+00
   1.4300000e+03   4.5029479e+00
   1.4400000e+03   4.8465970e+00
   1.4500000e+03   4.6333076e+00
   1.4600000e+03   4.6999762e+00
   1.4700000e+03   5.0367061e+00
   1.4800000e+03   4.6667320e+00
   1.4900000e+03   4.9560753e+00
   1.5000000e+03   4.7736239e+00
   1.5100000e+03   4.7963733e+00
   1.5200000e+03   4.9817012e+00
   1.5300000e+03   4.6984366e+00
   1.5400000e+03   5.0384878e+00
   1.5500000e+03   5.3498958e+00
   1.5600000e+03   4.9276622e+00
   1.5700000e+03   5.1346396e+00
   1.5800000e+03   5.0296310e+00
   1.5900000e+03   5.1633051e+00
   1.6000000e+03   6.0339863e+00
   1.6100000e+03   5.0871660e+00
   1.6200000e+03   5.1643940e+00
   1.6300000e+03   4.8198083e+00
   1.6400000e+03   4.9200789e+00
   1.6500000e+03   5.0722420e+00
   1.6600000e+03   4.8249508e+00
   1.6700000e+03   4.8461686e+00
   1.6800000e+03   5.5025828e+00
   1.6900000e+03   5.1397688e+00
   1.7000000e+03   5.3572146e+00
   1.7100000e+03   5.0223122e+00
   1.7200000e+03   5.2046258e+00
   1.7300000e+03   6.0060012e+00
   1.7400000e+03   5.7917832e+00
   1.7500000e+03   5.0183985e+00
   1.7600000e+03   5.0468429e+00
   1.7700000e+03   5.4349031e+00
   1.7800000e+03   5.6233976e+00
   1.7900000e+03   6.1648635e+00
   1.8000000e+03   4.8285577e+00
   1.8100000e+03   5.2958638e+00
   1.8200000e+03   4.7778211e+00
   1.8300000e+03   5.0039632e+00
   1.8400000e+03   5.5810079e+00
   1.8500000e+03   4.8842764e+00
   1.8600000e+03   4.9375216e+00
   1.8700000e+03   4.6356259e+00
   1.8800000e+03   5.4434583e+00
   1.8900000e+03   5.2288644e+00
   1.9000000e+03   4.4388297e+00
   1.9100000e+03   5.0507545e+00
   1.9200000e+03   4.8801351e+00
   1.9300000e+03   5.0940160e+00
   1.9400000e+03   5.2004744e+00
   1.9500000e+03   4.5909878e+00
   1.9600000e+03   4.7919865e+00
   1.9700000e+03   4.5274913e+00
   1.9800000e+03   4.4461918e+00
   1.9900000e+03   5.3335053e+00
   2.0000000e+03   4.5564827e+00
   2.0100000e+03   4.8750055e+00
   2.0200000e+03   4.8404816e+00
   2.0300000e+03   4.6668114e+00
   2.0400000e+03   4.8322555e+00
   2.0500000e+03   5.0058354e+00
   2.0600000e+03   4.8274434e+00
   2.0700000e+03   5.0183133e+00
   2.0800000e+03   4.7376644e+00
   2.0900000e+03   5.0310251e+00
   2.1000000e+03   4.5019039e+00
   2.1100000e+03   4.4942092e+00
   2.1200000e+03   4.7564245e+00
   2.1300000e+03   4.4617151e+00
   2.1400000e+03   4.8786684e+00
   2.1500000e+03   4.3205782e+00
   2.1600000e+03   4.9469876e+00
   2.1700000e+03   4.4034983e+00
   2.1800000e+03   4.0579654e+00
   2.1900000e+03   4.2429004e+00
   2.2000000e+03   4.5146844e+00
   2.2100000e+03   4.3890722e+00
   2.2200000e+03   4.4742386e+00
   2.2300000e+03   5.0724939e+00
   2.2400000e+03   4.4398304e+00
   2.2500000e+03   4.7851417e+00
   2.2600000e+03   4.3177466e+00
   2.2700000e+03   4.0957299e+00
   2.2800000e+03   4.3683203e+00
   2.2900000e+03   4.2105146e+00
   2.3000000e+03   4.2009210e+00
   2.3100000e+03   4.4243757e+00
   2.3200000e+03   3.9505008e+00
   2.3300000e+03   4.3505688e+00
   2.3400000e+03   5.0016520e+00
   2.3500000e+03   4.0567923e+00
   2.3600000e+03   4.3438666e+00
   2.3700000e+03   4.6842633e+00
   2.3800000e+03   4.0465925e+00
   2.3900000e+03   4.3857877e+00
   2.4000000e+03   3.8070368e+00
   2.4100000e+03   4.2107866e+00
   2.4200000e+03   4.6824809e+00
   2.4300000e+03   3.9912781e+00
   2.4400000e+03   4.2204998e+00
   2.4500000e+03   3.8680993e+00
   2.4600000e+03   3.8102044e+00
   2.4700000e+03   4.0216908e+00
   2.4800000e+03   3.9913831e+00
   2.4900000e+03   4.1718755e+00
   2.5000000e+03   4.8828853e+00
   2.5100000e+03   3.7466280e+00
   2.5200000e+03   4.0082984e+00
   2.5300000e+03   4.2498039e+00
   2.5400000e+03   4.2747439e+00
   2.5500000e+03   4.5884113e+00
   2.5600000e+03   4.0676199e+00
   2.5700000e+03   4.0972566e+00
   2.5800000e+03   4.0384461e+00
   2.5900000e+03   4.5518104e+00
   2.6000000e+03   4.3284768e+00
   2.6100000e+03   4.0429473e+00
   2.6200000e+03   4.3727967e+00
   2.6300000e+03   4.3818901e+00
   2.6400000e+03   4.2038949e+00
   2.6500000e+03   4.3981299e+00
   2.6600000e+03   5.0746392e+00
   2.6700000e+03   4.1840194e+00
   2.6800000e+03   4.2931946e+00
   2.6900000e+03   4.7063176e+00
   2.7000000e+03   4.3208745e+00
   2.7100000e+03   4.4557010e+00
   2.7200000e+03   4.9171829e+00
   2.7300000e+03   4.5664988e+00
   2.7400000e+03   4.1951095e+00
   2.7500000e+03   4.3861285e+00
   2.7600000e+03   4.2686035e+00
   2.7700000e+03   4.0857489e+00
   2.7800000e+03   4.2104957e+00
   2.7900000e+03   3.8154276e+00
   2.8000000e+03   3.9208274e+00
   2.8100000e+03   4.2342009e+00
   2.8200000e+03   4.0208022e+00
   2.8300000e+03   4.0916341e+00
   2.8400000e+03   4.1191405e+00
   2.8500000e+03   5.0300214e+00
   2.8600000e+03   4.5467398e+00
   2.8700000e+03   4.4556120e+00
   2.8800000e+03   5.4514438e+00
   2.8900000e+03   5.0211312e+00
   2.9000000e+03   4.2718193e+00
   2.9100000e+03   4.7382356e+00
   2.9200000e+03   5.6532258e+00
   2.9300000e+03   4.3021580e+00
   2.9400000e+03   4.3883125e+00
   2.9500000e+03   5.7603415e+00
   2.9600000e+03   4.8099875e+00
   2.9700000e+03   4.4389300e+00
   2.9800000e+03   4.0520229e+00
   2.9900000e+03   3.9785944e+00
   3.0000000e+03   4.6125099e+00
   3.0100000e+03   5.0010413e+00
   3.0200000e+03   4.1115335e+00
   3.0300000e+03   4.0036848e+00
   3.0400000e+03   4.7638059e+00
   3.0500000e+03   4.5426926e+00
   3.0600000e+03   4.1398720e+00
   3.0700000e+03   4.5829110e+00
   3.0800000e+03   5.8519795e+00
   3.0900000e+03   4.7398145e+00
   3.1000000e+03   4.3039684e+00
   3.1100000e+03   4.4755859e+00
   3.1200000e+03   4.3249193e+00
   3.1300000e+03   4.8028758e+00
   3.1400000e+03   4.0234708e+00
   3.1500000e+03   4.5443059e+00
   3.1600000e+03   4.1239473e+00
   3.1700000e+03   4.6925306e+00
   3.1800000e+03   4.2868182e+00
   3.1900000e+03   5.0255488e+00
   3.2000000e+03   4.6595523e+00
   3.2100000e+03   4.5467607e+00
   3.2200000e+03   4.6163701e+00
   3.2300000e+03   4.5549514e+00
   3.2400000e+03   4.8477705e+00
   3.2500000e+03   4.9499602e+00
   3.2600000e+03   5.2820873e+00
   3.2700000e+03   4.2637798e+00
   3.2800000e+03   5.7478477e+00
   3.2900000e+03   4.8434213e+00
   3.3000000e+03   4.6101012e+00
   3.3100000e+03   4.7532528e+00
   3.3200000e+03   4.3910097e+00
   3.3300000e+03   4.3931705e+00
   3.3400000e+03   4.4557304e+00
   3.3500000e+03   4.4396080e+00
   3.3600000e+03   4.5575961e+00
   3.3700000e+03   4.6262300e+00
   3.3800000e+03   4.2629709e+00
   3.3900000e+03   4.4669595e+00
   3.4000000e+03   4.3974120e+00
   3.4100000e+03   4.8762285e+00
   3.4200000e+03   4.3776156e+00
   3.4300000e+03   4.9548182e+00
   3.4400000e+03   4.9528703e+00
   3.4500000e+03   5.2459177e+00
   3.4600000e+03   4.2587663e+00
   3.4700000e+03   4.8743154e+00
   3.4800000e+03   4.5257769e+00
   3.4900000e+03   4.7722140e+00
