   0.0000000e+00   1.7382474e+01
   1.0000000e+01   1.7368184e+01
   2.0000000e+01   1.7370278e+01
   3.0000000e+01   1.7368663e+01
   4.0000000e+01   1.7366307e+01
   5.0000000e+01   1.7356535e+01
   6.0000000e+01   1.7348450e+01
   7.0000000e+01   1.7439376e+01
   8.0000000e+01   1.7629561e+01
   9.0000000e+01   1.7975217e+01
   1.0000000e+02   1.8134556e+01
   1.1000000e+02   1.8412384e+01
   1.2000000e+02   1.8480484e+01
   1.3000000e+02   1.8576034e+01
   1.4000000e+02   1.8643001e+01
   1.5000000e+02   1.8637809e+01
   1.6000000e+02   1.8901054e+01
   1.7000000e+02   1.9040519e+01
   1.8000000e+02   1.9182727e+01
   1.9000000e+02   1.9571513e+01
   2.0000000e+02   1.9914567e+01
   2.1000000e+02   2.0270971e+01
   2.2000000e+02   2.0687284e+01
   2.3000000e+02   2.0885967e+01
   2.4000000e+02   2.1125267e+01
   2.5000000e+02   2.1613387e+01
   2.6000000e+02   2.1878793e+01
   2.7000000e+02   2.2105079e+01
   2.8000000e+02   2.2545484e+01
   2.9000000e+02   2.3118457e+01
   3.0000000e+02   2.3275420e+01
   3.1000000e+02   2.3958724e+01
   3.2000000e+02   2.4320586e+01
   3.3000000e+02   2.4620344e+01
   3.4000000e+02   2.4731935e+01
   3.5000000e+02   2.5440890e+01
   3.6000000e+02   2.5485986e+01
   3.7000000e+02   2.5773197e+01
   3.8000000e+02   2.5871024e+01
   3.9000000e+02   2.5534217e+01
   4.0000000e+02   2.6033843e+01
   4.1000000e+02   2.6300865e+01
   4.2000000e+02   2.6536630e+01
   4.3000000e+02   2.6819740e+01
   4.4000000e+02   2.6789264e+01
   4.5000000e+02   2.7200708e+01
   4.6000000e+02   2.7016635e+01
   4.7000000e+02   2.6724243e+01
   4.8000000e+02   2.7128828e+01
   4.9000000e+02   2.7223607e+01
   5.0000000e+02   2.7173710e+01
   5.1000000e+02   2.7330957e+01
   5.2000000e+02   2.6948291e+01
   5.3000000e+02   2.6714230e+01
   5.4000000e+02   2.7319388e+01
   5.5000000e+02   2.7213696e+01
   5.6000000e+02   2.7816369e+01
   5.7000000e+02   2.8133441e+01
   5.8000000e+02   2.7945619e+01
   5.9000000e+02   2.8099870e+01
   6.0000000e+02   2.8288575e+01
   6.1000000e+02   2.8283663e+01
   6.2000000e+02   2.8073594e+01
   6.3000000e+02   2.8873350e+01
   6.4000000e+02   2.8874220e+01
   6.5000000e+02   2.8537484e+01
   6.6000000e+02   2.9043961e+01
   6.7000000e+02   2.9470592e+01
   6.8000000e+02   2.9689028e+01
   6.9000000e+02   2.9119016e+01
   7.0000000e+02   2.9266674e+01
   7.1000000e+02   2.9125429e+01
   7.2000000e+02   2.9400352e+01
   7.3000000e+02   2.9260394e+01
   7.4000000e+02   2.8915861e+01
   7.5000000e+02   2.9217295e+01
   7.6000000e+02   2.9310244e+01
   7.7000000e+02   2.9358198e+01
   7.8000000e+02   2.9339315e+01
   7.9000000e+02   2.9884782e+01
   8.0000000e+02   2.9639847e+01
   8.1000000e+02   2.9870964e+01
   8.2000000e+02   3.0148446e+01
   8.3000000e+02   3.0021471e+01
   8.4000000e+02   2.9517812e+01
   8.5000000e+02   2.9307930e+01
   8.6000000e+02   2.9619393e+01
   8.7000000e+02   3.0020653e+01
   8.8000000e+02   3.0041887e+01
   8.9000000e+02   2.9767552e+01
   9.0000000e+02   2.9703382e+01
   9.1000000e+02   2.9887445e+01
   9.2000000e+02   2.9523984e+01
   9.3000000e+02   2.9848149e+01
   9.4000000e+02   2.9962035e+01
   9.5000000e+02   3.0150342e+01
   9.6000000e+02   3.0243792e+01
   9.7000000e+02   3.0031262e+01
   9.8000000e+02   2.9766071e+01
   9.9000000e+02   2.9832108e+01
   1.0000000e+03   2.9708672e+01
   1.0100000e+03   2.9833702e+01
   1.0200000e+03   3.0080487e+01
   1.0300000e+03   3.0069199e+01
   1.0400000e+03   2.9814597e+01
   1.0500000e+03   2.9751220e+01
   1.0600000e+03   2.9884587e+01
   1.0700000e+03   2.9908088e+01
   1.0800000e+03   2.9893148e+01
   1.0900000e+03   2.9861143e+01
   1.1000000e+03   2.9211593e+01
   1.1100000e+03   3.0162750e+01
   1.1200000e+03   2.9981948e+01
   1.1300000e+03   3.0079411e+01
   1.1400000e+03   2.9890400e+01
   1.1500000e+03   3.0021497e+01
   1.1600000e+03   3.0327039e+01
   1.1700000e+03   2.9793220e+01
   1.1800000e+03   3.0114596e+01
   1.1900000e+03   3.0118859e+01
   1.2000000e+03   3.0181909e+01
   1.2100000e+03   3.0367293e+01
   1.2200000e+03   3.0109574e+01
   1.2300000e+03   3.0205227e+01
   1.2400000e+03   3.0302442e+01
   1.2500000e+03   2.9991928e+01
   1.2600000e+03   3.0179447e+01
   1.2700000e+03   3.0351231e+01
   1.2800000e+03   3.0541416e+01
   1.2900000e+03   3.0266780e+01
   1.3000000e+03   3.0342962e+01
   1.3100000e+03   3.0463582e+01
   1.3200000e+03   3.0506658e+01
   1.3300000e+03   3.0378860e+01
   1.3400000e+03   3.0642893e+01
   1.3500000e+03   3.0608762e+01
   1.3600000e+03   3.0506130e+01
   1.3700000e+03   3.0455556e+01
   1.3800000e+03   3.0599601e+01
   1.3900000e+03   3.0438140e+01
   1.4000000e+03   3.0294716e+01
   1.4100000e+03   3.0225458e+01
   1.4200000e+03   3.0450800e+01
   1.4300000e+03   3.0525979e+01
   1.4400000e+03   3.0497327e+01
   1.4500000e+03   3.0465945e+01
   1.4600000e+03   3.0503678e+01
   1.4700000e+03   3.0544855e+01
   1.4800000e+03   3.0448763e+01
   1.4900000e+03   3.0211524e+01
   1.5000000e+03   3.0345650e+01
   1.5100000e+03   3.0305299e+01
   1.5200000e+03   3.0630962e+01
   1.5300000e+03   3.0538576e+01
   1.5400000e+03   3.0489648e+01
   1.5500000e+03   3.0448640e+01
   1.5600000e+03   3.0684425e+01
   1.5700000e+03   3.0549374e+01
   1.5800000e+03   3.0181042e+01
   1.5900000e+03   3.0441123e+01
   1.6000000e+03   3.0627375e+01
   1.6100000e+03   3.0591670e+01
   1.6200000e+03   3.0415312e+01
   1.6300000e+03   3.0656609e+01
   1.6400000e+03   3.0528775e+01
   1.6500000e+03   3.0558125e+01
   1.6600000e+03   3.0727077e+01
   1.6700000e+03   3.0124235e+01
   1.6800000e+03   2.9830728e+01
   1.6900000e+03   2.9685030e+01
   1.7000000e+03   2.9855599e+01
   1.7100000e+03   2.9809150e+01
   1.7200000e+03   2.9761772e+01
   1.7300000e+03   2.9525239e+01
   1.7400000e+03   2.9417667e+01
   1.7500000e+03   2.9045800e+01
   1.7600000e+03   2.9446240e+01
   1.7700000e+03   2.9181933e+01
   1.7800000e+03   2.8822899e+01
   1.7900000e+03   2.8716128e+01
   1.8000000e+03   2.8586431e+01
   1.8100000e+03   2.8448501e+01
   1.8200000e+03   2.8146387e+01
   1.8300000e+03   2.8193490e+01
   1.8400000e+03   2.7896458e+01
   1.8500000e+03   2.7959442e+01
   1.8600000e+03   2.7811428e+01
   1.8700000e+03   2.8301531e+01
   1.8800000e+03   2.7882993e+01
   1.8900000e+03   2.7730003e+01
   1.9000000e+03   2.7639841e+01
   1.9100000e+03   2.7582832e+01
   1.9200000e+03   2.7048377e+01
   1.9300000e+03   2.7575105e+01
   1.9400000e+03   2.7512667e+01
   1.9500000e+03   2.7647584e+01
   1.9600000e+03   2.7654880e+01
   1.9700000e+03   2.6920389e+01
   1.9800000e+03   2.7409281e+01
   1.9900000e+03   2.7305575e+01
   2.0000000e+03   2.7491170e+01
   2.0100000e+03   2.7867983e+01
   2.0200000e+03   2.7794291e+01
   2.0300000e+03   2.7843587e+01
   2.0400000e+03   2.7652714e+01
   2.0500000e+03   2.8190459e+01
   2.0600000e+03   2.8362298e+01
   2.0700000e+03   2.8771803e+01
   2.0800000e+03   2.8483163e+01
   2.0900000e+03   2.8745142e+01
   2.1000000e+03   2.8647761e+01
   2.1100000e+03   2.8615864e+01
   2.1200000e+03   2.8509034e+01
   2.1300000e+03   2.8937073e+01
   2.1400000e+03   2.8740433e+01
   2.1500000e+03   2.8840068e+01
   2.1600000e+03   2.9118055e+01
   2.1700000e+03   2.8986773e+01
   2.1800000e+03   2.8630211e+01
   2.1900000e+03   2.8472504e+01
   2.2000000e+03   2.9370277e+01
   2.2100000e+03   2.9224372e+01
   2.2200000e+03   2.9234356e+01
   2.2300000e+03   2.9091552e+01
   2.2400000e+03   2.9291625e+01
   2.2500000e+03   2.9273363e+01
   2.2600000e+03   2.9557256e+01
   2.2700000e+03   2.9104123e+01
   2.2800000e+03   2.9451737e+01
   2.2900000e+03   2.9430794e+01
   2.3000000e+03   2.9569446e+01
   2.3100000e+03   2.9644286e+01
   2.3200000e+03   2.9916578e+01
   2.3300000e+03   3.0019740e+01
   2.3400000e+03   2.9215029e+01
   2.3500000e+03   2.9261783e+01
   2.3600000e+03   2.9436567e+01
   2.3700000e+03   2.9483103e+01
   2.3800000e+03   2.9280642e+01
   2.3900000e+03   2.9622807e+01
   2.4000000e+03   2.9269232e+01
   2.4100000e+03   2.9491561e+01
   2.4200000e+03   2.9278412e+01
   2.4300000e+03   2.9572278e+01
   2.4400000e+03   2.9545765e+01
   2.4500000e+03   2.9496622e+01
   2.4600000e+03   2.9328719e+01
   2.4700000e+03   2.9425604e+01
   2.4800000e+03   2.9394942e+01
   2.4900000e+03   2.9532788e+01
   2.5000000e+03   2.9609408e+01
   2.5100000e+03   2.9622508e+01
   2.5200000e+03   2.9881355e+01
   2.5300000e+03   2.9628049e+01
   2.5400000e+03   2.9731917e+01
   2.5500000e+03   2.9344127e+01
   2.5600000e+03   2.9338598e+01
   2.5700000e+03   2.9037161e+01
   2.5800000e+03   2.9245488e+01
   2.5900000e+03   2.9412719e+01
   2.6000000e+03   2.9297228e+01
   2.6100000e+03   2.9094065e+01
   2.6200000e+03   2.8982000e+01
   2.6300000e+03   2.9045323e+01
   2.6400000e+03   2.8884545e+01
   2.6500000e+03   2.9310307e+01
   2.6600000e+03   2.9361652e+01
   2.6700000e+03   2.9218721e+01
   2.6800000e+03   2.9708115e+01
   2.6900000e+03   2.9431180e+01
   2.7000000e+03   2.9630776e+01
   2.7100000e+03   2.9769534e+01
   2.7200000e+03   3.0043024e+01
   2.7300000e+03   2.9827761e+01
   2.7400000e+03   2.9716051e+01
   2.7500000e+03   2.9682265e+01
   2.7600000e+03   2.9629115e+01
   2.7700000e+03   2.9704096e+01
   2.7800000e+03   2.9907423e+01
   2.7900000e+03   2.9590205e+01
   2.8000000e+03   2.9659353e+01
   2.8100000e+03   2.9571463e+01
   2.8200000e+03   2.9526311e+01
   2.8300000e+03   2.9830912e+01
   2.8400000e+03   2.9686993e+01
   2.8500000e+03   2.9651721e+01
   2.8600000e+03   2.9706033e+01
   2.8700000e+03   2.9816684e+01
   2.8800000e+03   2.9520968e+01
   2.8900000e+03   2.9439933e+01
   2.9000000e+03   2.9679836e+01
   2.9100000e+03   2.9811494e+01
   2.9200000e+03   2.9471074e+01
   2.9300000e+03   2.9836997e+01
   2.9400000e+03   2.9836498e+01
   2.9500000e+03   2.9931112e+01
   2.9600000e+03   3.0009697e+01
   2.9700000e+03   2.9953990e+01
   2.9800000e+03   3.0057343e+01
   2.9900000e+03   2.9844805e+01
   3.0000000e+03   2.9880342e+01
   3.0100000e+03   2.9179114e+01
   3.0200000e+03   2.9489218e+01
   3.0300000e+03   2.9010830e+01
   3.0400000e+03   2.9085687e+01
   3.0500000e+03   2.8860023e+01
   3.0600000e+03   2.9010325e+01
   3.0700000e+03   2.9422495e+01
   3.0800000e+03   2.9288435e+01
   3.0900000e+03   2.9083675e+01
   3.1000000e+03   2.9287509e+01
   3.1100000e+03   2.9505822e+01
   3.1200000e+03   2.9392701e+01
   3.1300000e+03   2.9014679e+01
   3.1400000e+03   2.9068324e+01
   3.1500000e+03   2.9431654e+01
   3.1600000e+03   2.9494586e+01
   3.1700000e+03   2.9602140e+01
   3.1800000e+03   2.9775130e+01
   3.1900000e+03   2.9832265e+01
   3.2000000e+03   2.9760235e+01
   3.2100000e+03   2.9817601e+01
   3.2200000e+03   2.9986050e+01
   3.2300000e+03   3.0062083e+01
   3.2400000e+03   2.9945977e+01
   3.2500000e+03   2.9893397e+01
   3.2600000e+03   2.9988769e+01
   3.2700000e+03   2.9968998e+01
   3.2800000e+03   3.0129387e+01
   3.2900000e+03   2.9778701e+01
   3.3000000e+03   2.9550889e+01
   3.3100000e+03   2.9813500e+01
   3.3200000e+03   2.9703602e+01
   3.3300000e+03   2.9757273e+01
   3.3400000e+03   2.9635548e+01
   3.3500000e+03   2.9488872e+01
   3.3600000e+03   2.9395578e+01
   3.3700000e+03   2.9454089e+01
   3.3800000e+03   2.9374139e+01
   3.3900000e+03   2.9596509e+01
   3.4000000e+03   2.9667724e+01
   3.4100000e+03   2.9378171e+01
   3.4200000e+03   2.9682379e+01
   3.4300000e+03   2.9664102e+01
   3.4400000e+03   2.9324251e+01
   3.4500000e+03   2.9750814e+01
   3.4600000e+03   2.9817268e+01
   3.4700000e+03   2.9360574e+01
   3.4800000e+03   2.8954350e+01
   3.4900000e+03   2.8790825e+01
