   0.0000000e+00  -3.5169701e-04
   1.0000000e+01   1.5072949e-02
   2.0000000e+01   2.1756651e-03
   3.0000000e+01  -4.1515747e-03
   4.0000000e+01  -1.7616083e-02
   5.0000000e+01  -7.1585710e-03
   6.0000000e+01  -2.4081910e-02
   7.0000000e+01  -6.2558545e-02
   8.0000000e+01  -1.6571327e-01
   9.0000000e+01  -5.6577114e-01
   1.0000000e+02  -2.4798405e+00
   1.1000000e+02  -4.7610641e+00
   1.2000000e+02  -6.9969011e+00
   1.3000000e+02  -8.9387827e+00
   1.4000000e+02  -1.0196790e+01
   1.5000000e+02  -1.1243589e+01
   1.6000000e+02  -1.2157517e+01
   1.7000000e+02  -1.2882306e+01
   1.8000000e+02  -1.3398557e+01
   1.9000000e+02  -1.3790188e+01
   2.0000000e+02  -1.4058037e+01
   2.1000000e+02  -1.4433853e+01
   2.2000000e+02  -1.4737547e+01
   2.3000000e+02  -1.5058294e+01
   2.4000000e+02  -1.5182118e+01
   2.5000000e+02  -1.5391603e+01
   2.6000000e+02  -1.5536331e+01
   2.7000000e+02  -1.5552437e+01
   2.8000000e+02  -1.5623164e+01
   2.9000000e+02  -1.5757057e+01
   3.0000000e+02  -1.5852679e+01
   3.1000000e+02  -1.6094256e+01
   3.2000000e+02  -1.5942374e+01
   3.3000000e+02  -1.6167340e+01
   3.4000000e+02  -1.6080133e+01
   3.5000000e+02  -1.6187016e+01
   3.6000000e+02  -1.6451902e+01
   3.7000000e+02  -1.6603888e+01
   3.8000000e+02  -1.6623239e+01
   3.9000000e+02  -1.6498407e+01
   4.0000000e+02  -1.6738160e+01
   4.1000000e+02  -1.6655076e+01
   4.2000000e+02  -1.6840360e+01
   4.3000000e+02  -1.6599334e+01
   4.4000000e+02  -1.6760344e+01
   4.5000000e+02  -1.6764561e+01
   4.6000000e+02  -1.6673838e+01
   4.7000000e+02  -1.6350287e+01
   4.8000000e+02  -1.6457452e+01
   4.9000000e+02  -1.6736891e+01
   5.0000000e+02  -1.7052302e+01
   5.1000000e+02  -1.6909763e+01
   5.2000000e+02  -1.6575728e+01
   5.3000000e+02  -1.6608673e+01
   5.4000000e+02  -1.6753063e+01
   5.5000000e+02  -1.6592938e+01
   5.6000000e+02  -1.6456938e+01
   5.7000000e+02  -1.6498331e+01
   5.8000000e+02  -1.6412931e+01
   5.9000000e+02  -1.6560136e+01
   6.0000000e+02  -1.6509318e+01
   6.1000000e+02  -1.6405088e+01
   6.2000000e+02  -1.6317308e+01
   6.3000000e+02  -1.6295936e+01
   6.4000000e+02  -1.6403415e+01
   6.5000000e+02  -1.6453353e+01
   6.6000000e+02  -1.6681364e+01
   6.7000000e+02  -1.6791155e+01
   6.8000000e+02  -1.6906197e+01
   6.9000000e+02  -1.6898599e+01
   7.0000000e+02  -1.6876037e+01
   7.1000000e+02  -1.7014183e+01
   7.2000000e+02  -1.6880887e+01
   7.3000000e+02  -1.7124008e+01
   7.4000000e+02  -1.7040702e+01
   7.5000000e+02  -1.7139373e+01
   7.6000000e+02  -1.7260074e+01
   7.7000000e+02  -1.7202421e+01
   7.8000000e+02  -1.7062666e+01
   7.9000000e+02  -1.6989201e+01
   8.0000000e+02  -1.6666559e+01
   8.1000000e+02  -1.6724030e+01
   8.2000000e+02  -1.6745812e+01
   8.3000000e+02  -1.6780672e+01
   8.4000000e+02  -1.6873788e+01
   8.5000000e+02  -1.6893893e+01
   8.6000000e+02  -1.6870048e+01
   8.7000000e+02  -1.6624847e+01
   8.8000000e+02  -1.6043862e+01
   8.9000000e+02  -1.6152506e+01
   9.0000000e+02  -1.6107970e+01
   9.1000000e+02  -1.5850808e+01
   9.2000000e+02  -1.5941796e+01
   9.3000000e+02  -1.5937038e+01
   9.4000000e+02  -1.6012316e+01
   9.5000000e+02  -1.6313060e+01
   9.6000000e+02  -1.6588484e+01
   9.7000000e+02  -1.6511916e+01
   9.8000000e+02  -1.7063639e+01
   9.9000000e+02  -1.6896916e+01
   1.0000000e+03  -1.7067728e+01
   1.0100000e+03  -1.7120540e+01
   1.0200000e+03  -1.7067977e+01
   1.0300000e+03  -1.7083814e+01
   1.0400000e+03  -1.6904205e+01
   1.0500000e+03  -1.6658406e+01
   1.0600000e+03  -1.6626208e+01
   1.0700000e+03  -1.6728636e+01
   1.0800000e+03  -1.6561237e+01
   1.0900000e+03  -1.6370258e+01
   1.1000000e+03  -1.6245947e+01
   1.1100000e+03  -1.6100694e+01
   1.1200000e+03  -1.6396406e+01
   1.1300000e+03  -1.6416015e+01
   1.1400000e+03  -1.6346724e+01
   1.1500000e+03  -1.6474428e+01
   1.1600000e+03  -1.6187074e+01
   1.1700000e+03  -1.6061837e+01
   1.1800000e+03  -1.6133321e+01
   1.1900000e+03  -1.6065286e+01
   1.2000000e+03  -1.6027334e+01
   1.2100000e+03  -1.6011179e+01
   1.2200000e+03  -1.6010207e+01
   1.2300000e+03  -1.6169371e+01
   1.2400000e+03  -1.6184391e+01
   1.2500000e+03  -1.6210183e+01
   1.2600000e+03  -1.6224896e+01
   1.2700000e+03  -1.6230251e+01
   1.2800000e+03  -1.6367752e+01
   1.2900000e+03  -1.6301240e+01
   1.3000000e+03  -1.6440663e+01
   1.3100000e+03  -1.6466375e+01
   1.3200000e+03  -1.6410222e+01
   1.3300000e+03  -1.6482907e+01
   1.3400000e+03  -1.6269475e+01
   1.3500000e+03  -1.6467385e+01
   1.3600000e+03  -1.6166969e+01
   1.3700000e+03  -1.6001701e+01
   1.3800000e+03  -1.5977427e+01
   1.3900000e+03  -1.5900318e+01
   1.4000000e+03  -1.6075672e+01
   1.4100000e+03  -1.5794469e+01
   1.4200000e+03  -1.5740218e+01
   1.4300000e+03  -1.5739251e+01
   1.4400000e+03  -1.5610989e+01
   1.4500000e+03  -1.5525543e+01
   1.4600000e+03  -1.5618607e+01
   1.4700000e+03  -1.5532491e+01
   1.4800000e+03  -1.5730519e+01
   1.4900000e+03  -1.5737324e+01
   1.5000000e+03  -1.5813269e+01
   1.5100000e+03  -1.5719873e+01
   1.5200000e+03  -1.5657258e+01
   1.5300000e+03  -1.5543794e+01
   1.5400000e+03  -1.5569150e+01
   1.5500000e+03  -1.5777069e+01
   1.5600000e+03  -1.6076262e+01
   1.5700000e+03  -1.6356110e+01
   1.5800000e+03  -1.6502494e+01
   1.5900000e+03  -1.6323060e+01
   1.6000000e+03  -1.6001021e+01
   1.6100000e+03  -1.5960355e+01
   1.6200000e+03  -1.6040864e+01
   1.6300000e+03  -1.6086382e+01
   1.6400000e+03  -1.5762406e+01
   1.6500000e+03  -1.5916062e+01
   1.6600000e+03  -1.5742600e+01
   1.6700000e+03  -1.5843847e+01
   1.6800000e+03  -1.5713873e+01
   1.6900000e+03  -1.5701882e+01
   1.7000000e+03  -1.5731683e+01
   1.7100000e+03  -1.5828066e+01
   1.7200000e+03  -1.5758847e+01
   1.7300000e+03  -1.5765083e+01
   1.7400000e+03  -1.5794783e+01
   1.7500000e+03  -1.5665234e+01
   1.7600000e+03  -1.5878073e+01
   1.7700000e+03  -1.5892667e+01
   1.7800000e+03  -1.6106405e+01
   1.7900000e+03  -1.6410038e+01
   1.8000000e+03  -1.6525207e+01
   1.8100000e+03  -1.6755311e+01
   1.8200000e+03  -1.6862205e+01
   1.8300000e+03  -1.6678251e+01
   1.8400000e+03  -1.6692573e+01
   1.8500000e+03  -1.6840242e+01
   1.8600000e+03  -1.6732110e+01
   1.8700000e+03  -1.6750998e+01
   1.8800000e+03  -1.6789950e+01
   1.8900000e+03  -1.6889847e+01
   1.9000000e+03  -1.6802306e+01
   1.9100000e+03  -1.6772553e+01
   1.9200000e+03  -1.6696747e+01
   1.9300000e+03  -1.6641262e+01
   1.9400000e+03  -1.6725070e+01
   1.9500000e+03  -1.6694202e+01
   1.9600000e+03  -1.6518659e+01
   1.9700000e+03  -1.6475706e+01
   1.9800000e+03  -1.6475609e+01
   1.9900000e+03  -1.6439406e+01
   2.0000000e+03  -1.6373727e+01
   2.0100000e+03  -1.6513633e+01
   2.0200000e+03  -1.6431940e+01
   2.0300000e+03  -1.6476070e+01
   2.0400000e+03  -1.6480752e+01
   2.0500000e+03  -1.6393923e+01
   2.0600000e+03  -1.6403853e+01
   2.0700000e+03  -1.6362077e+01
   2.0800000e+03  -1.6400239e+01
   2.0900000e+03  -1.6268886e+01
   2.1000000e+03  -1.6344992e+01
   2.1100000e+03  -1.6254016e+01
   2.1200000e+03  -1.6266619e+01
   2.1300000e+03  -1.6154857e+01
   2.1400000e+03  -1.6312603e+01
   2.1500000e+03  -1.6099765e+01
   2.1600000e+03  -1.6279896e+01
   2.1700000e+03  -1.6080681e+01
   2.1800000e+03  -1.6199886e+01
   2.1900000e+03  -1.6231991e+01
   2.2000000e+03  -1.6382606e+01
   2.2100000e+03  -1.6393394e+01
   2.2200000e+03  -1.6314430e+01
   2.2300000e+03  -1.6354766e+01
   2.2400000e+03  -1.6438163e+01
   2.2500000e+03  -1.6369786e+01
   2.2600000e+03  -1.6256624e+01
   2.2700000e+03  -1.6266704e+01
   2.2800000e+03  -1.6114399e+01
   2.2900000e+03  -1.6197367e+01
   2.3000000e+03  -1.5987936e+01
   2.3100000e+03  -1.6070994e+01
   2.3200000e+03  -1.5817101e+01
   2.3300000e+03  -1.5803277e+01
   2.3400000e+03  -1.5869406e+01
   2.3500000e+03  -1.5922491e+01
   2.3600000e+03  -1.5981790e+01
   2.3700000e+03  -1.5987188e+01
   2.3800000e+03  -1.5931632e+01
   2.3900000e+03  -1.6025658e+01
   2.4000000e+03  -1.6151008e+01
   2.4100000e+03  -1.6101210e+01
   2.4200000e+03  -1.6163581e+01
   2.4300000e+03  -1.6221074e+01
   2.4400000e+03  -1.6235207e+01
   2.4500000e+03  -1.6066609e+01
   2.4600000e+03  -1.6309300e+01
   2.4700000e+03  -1.6384957e+01
   2.4800000e+03  -1.6238185e+01
   2.4900000e+03  -1.6464663e+01
   2.5000000e+03  -1.6418180e+01
   2.5100000e+03  -1.6445786e+01
   2.5200000e+03  -1.6373420e+01
   2.5300000e+03  -1.6316864e+01
   2.5400000e+03  -1.6244179e+01
   2.5500000e+03  -1.6501312e+01
   2.5600000e+03  -1.6486080e+01
   2.5700000e+03  -1.6419466e+01
   2.5800000e+03  -1.6470383e+01
   2.5900000e+03  -1.6511378e+01
   2.6000000e+03  -1.6398271e+01
   2.6100000e+03  -1.6449176e+01
   2.6200000e+03  -1.6476272e+01
   2.6300000e+03  -1.6520605e+01
   2.6400000e+03  -1.6475392e+01
   2.6500000e+03  -1.6227791e+01
   2.6600000e+03  -1.6278998e+01
   2.6700000e+03  -1.6343398e+01
   2.6800000e+03  -1.6352641e+01
   2.6900000e+03  -1.6419563e+01
   2.7000000e+03  -1.6387101e+01
   2.7100000e+03  -1.6302022e+01
   2.7200000e+03  -1.6347652e+01
   2.7300000e+03  -1.6378361e+01
   2.7400000e+03  -1.6347055e+01
   2.7500000e+03  -1.6277739e+01
   2.7600000e+03  -1.6233576e+01
   2.7700000e+03  -1.6231413e+01
   2.7800000e+03  -1.6139114e+01
   2.7900000e+03  -1.6267535e+01
   2.8000000e+03  -1.6263394e+01
   2.8100000e+03  -1.6318304e+01
   2.8200000e+03  -1.6511258e+01
   2.8300000e+03  -1.6283626e+01
   2.8400000e+03  -1.6260964e+01
   2.8500000e+03  -1.6119022e+01
   2.8600000e+03  -1.6270550e+01
   2.8700000e+03  -1.6209403e+01
   2.8800000e+03  -1.6249840e+01
   2.8900000e+03  -1.6250154e+01
   2.9000000e+03  -1.6082862e+01
   2.9100000e+03  -1.5905842e+01
   2.9200000e+03  -1.5925235e+01
   2.9300000e+03  -1.6037845e+01
   2.9400000e+03  -1.6019568e+01
   2.9500000e+03  -1.6026198e+01
   2.9600000e+03  -1.6004872e+01
   2.9700000e+03  -1.5993642e+01
   2.9800000e+03  -1.6006665e+01
   2.9900000e+03  -1.5825979e+01
   3.0000000e+03  -1.5884030e+01
   3.0100000e+03  -1.5947551e+01
   3.0200000e+03  -1.5908711e+01
   3.0300000e+03  -1.5885563e+01
   3.0400000e+03  -1.5719129e+01
   3.0500000e+03  -1.5720577e+01
   3.0600000e+03  -1.5643425e+01
   3.0700000e+03  -1.5707200e+01
   3.0800000e+03  -1.5763048e+01
   3.0900000e+03  -1.5983595e+01
   3.1000000e+03  -1.5933413e+01
   3.1100000e+03  -1.5938403e+01
   3.1200000e+03  -1.6003085e+01
   3.1300000e+03  -1.6016114e+01
   3.1400000e+03  -1.5991010e+01
   3.1500000e+03  -1.5816534e+01
   3.1600000e+03  -1.5771264e+01
   3.1700000e+03  -1.5902543e+01
   3.1800000e+03  -1.5874283e+01
   3.1900000e+03  -1.5895341e+01
   3.2000000e+03  -1.5939513e+01
   3.2100000e+03  -1.5985022e+01
   3.2200000e+03  -1.6020645e+01
   3.2300000e+03  -1.6192162e+01
   3.2400000e+03  -1.6036133e+01
   3.2500000e+03  -1.6286660e+01
   3.2600000e+03  -1.6337621e+01
   3.2700000e+03  -1.6228706e+01
   3.2800000e+03  -1.6118670e+01
   3.2900000e+03  -1.6067386e+01
   3.3000000e+03  -1.6005304e+01
   3.3100000e+03  -1.5907859e+01
   3.3200000e+03  -1.5981200e+01
   3.3300000e+03  -1.5818581e+01
   3.3400000e+03  -1.5858116e+01
   3.3500000e+03  -1.5719054e+01
   3.3600000e+03  -1.5839153e+01
   3.3700000e+03  -1.5770866e+01
   3.3800000e+03  -1.5777231e+01
   3.3900000e+03  -1.5682490e+01
   3.4000000e+03  -1.5834305e+01
   3.4100000e+03  -1.5814809e+01
   3.4200000e+03  -1.5872558e+01
   3.4300000e+03  -1.5693178e+01
   3.4400000e+03  -1.5720010e+01
   3.4500000e+03  -1.5735816e+01
   3.4600000e+03  -1.5989279e+01
   3.4700000e+03  -1.5864328e+01
   3.4800000e+03  -1.5967097e+01
   3.4900000e+03  -1.5805554e+01
