   0.0000000e+00   1.7520374e+01
   1.0000000e+01   1.7513515e+01
   2.0000000e+01   1.7522572e+01
   3.0000000e+01   1.7518636e+01
   4.0000000e+01   1.7507226e+01
   5.0000000e+01   1.7509760e+01
   6.0000000e+01   1.7513515e+01
   7.0000000e+01   1.7483949e+01
   8.0000000e+01   1.7314764e+01
   9.0000000e+01   1.6514503e+01
   1.0000000e+02   1.5970687e+01
   1.1000000e+02   1.5591223e+01
   1.2000000e+02   1.5187949e+01
   1.3000000e+02   1.4867219e+01
   1.4000000e+02   1.4613138e+01
   1.5000000e+02   1.4260563e+01
   1.6000000e+02   1.4161923e+01
   1.7000000e+02   1.3995405e+01
   1.8000000e+02   1.3765068e+01
   1.9000000e+02   1.3592408e+01
   2.0000000e+02   1.3470286e+01
   2.1000000e+02   1.3458991e+01
   2.2000000e+02   1.3355546e+01
   2.3000000e+02   1.3338120e+01
   2.4000000e+02   1.3084965e+01
   2.5000000e+02   1.3237571e+01
   2.6000000e+02   1.3178963e+01
   2.7000000e+02   1.3010696e+01
   2.8000000e+02   1.2974312e+01
   2.9000000e+02   1.2954108e+01
   3.0000000e+02   1.2958160e+01
   3.1000000e+02   1.2988372e+01
   3.2000000e+02   1.2747932e+01
   3.3000000e+02   1.2828280e+01
   3.4000000e+02   1.2965376e+01
   3.5000000e+02   1.2732922e+01
   3.6000000e+02   1.2855572e+01
   3.7000000e+02   1.2911451e+01
   3.8000000e+02   1.2669563e+01
   3.9000000e+02   1.2963914e+01
   4.0000000e+02   1.2667822e+01
   4.1000000e+02   1.2849711e+01
   4.2000000e+02   1.2669088e+01
   4.3000000e+02   1.2692692e+01
   4.4000000e+02   1.2631817e+01
   4.5000000e+02   1.2656073e+01
   4.6000000e+02   1.2758880e+01
   4.7000000e+02   1.2714655e+01
   4.8000000e+02   1.2655545e+01
   4.9000000e+02   1.2691357e+01
   5.0000000e+02   1.2669981e+01
   5.1000000e+02   1.2641371e+01
   5.2000000e+02   1.2704412e+01
   5.3000000e+02   1.2623236e+01
   5.4000000e+02   1.2677646e+01
   5.5000000e+02   1.2511050e+01
   5.6000000e+02   1.2740961e+01
   5.7000000e+02   1.2694491e+01
   5.8000000e+02   1.2897212e+01
   5.9000000e+02   1.2942776e+01
   6.0000000e+02   1.2620562e+01
   6.1000000e+02   1.2614654e+01
   6.2000000e+02   1.2686986e+01
   6.3000000e+02   1.2658949e+01
   6.4000000e+02   1.2666586e+01
   6.5000000e+02   1.2852452e+01
   6.6000000e+02   1.2575892e+01
   6.7000000e+02   1.2790429e+01
   6.8000000e+02   1.2699384e+01
   6.9000000e+02   1.2638935e+01
   7.0000000e+02   1.2841967e+01
   7.1000000e+02   1.2782627e+01
   7.2000000e+02   1.2822384e+01
   7.3000000e+02   1.2669998e+01
   7.4000000e+02   1.2829439e+01
   7.5000000e+02   1.2707825e+01
   7.6000000e+02   1.2711224e+01
   7.7000000e+02   1.2727704e+01
   7.8000000e+02   1.2683867e+01
   7.9000000e+02   1.2728385e+01
   8.0000000e+02   1.2858657e+01
   8.1000000e+02   1.2807067e+01
   8.2000000e+02   1.2699855e+01
   8.3000000e+02   1.2634837e+01
   8.4000000e+02   1.2786373e+01
   8.5000000e+02   1.2827198e+01
   8.6000000e+02   1.2751971e+01
   8.7000000e+02   1.2695267e+01
   8.8000000e+02   1.2804852e+01
   8.9000000e+02   1.2710786e+01
   9.0000000e+02   1.2651286e+01
   9.1000000e+02   1.2622310e+01
   9.2000000e+02   1.2695739e+01
   9.3000000e+02   1.2725695e+01
   9.4000000e+02   1.2737581e+01
   9.5000000e+02   1.2726702e+01
   9.6000000e+02   1.2783098e+01
   9.7000000e+02   1.2711155e+01
   9.8000000e+02   1.2886993e+01
   9.9000000e+02   1.2763692e+01
   1.0000000e+03   1.2767988e+01
   1.0100000e+03   1.2856842e+01
   1.0200000e+03   1.2790214e+01
   1.0300000e+03   1.2714942e+01
   1.0400000e+03   1.2798101e+01
   1.0500000e+03   1.3043567e+01
   1.0600000e+03   1.2757535e+01
   1.0700000e+03   1.2795816e+01
   1.0800000e+03   1.2862642e+01
   1.0900000e+03   1.2753550e+01
   1.1000000e+03   1.2782400e+01
   1.1100000e+03   1.2695736e+01
   1.1200000e+03   1.2677892e+01
   1.1300000e+03   1.2731826e+01
   1.1400000e+03   1.2932984e+01
   1.1500000e+03   1.2679353e+01
   1.1600000e+03   1.2652596e+01
   1.1700000e+03   1.2717258e+01
   1.1800000e+03   1.2839495e+01
   1.1900000e+03   1.2759041e+01
   1.2000000e+03   1.2818591e+01
   1.2100000e+03   1.2778932e+01
   1.2200000e+03   1.2721204e+01
   1.2300000e+03   1.2684803e+01
   1.2400000e+03   1.2745260e+01
   1.2500000e+03   1.2726449e+01
   1.2600000e+03   1.2917171e+01
   1.2700000e+03   1.2709760e+01
   1.2800000e+03   1.2766074e+01
   1.2900000e+03   1.2767996e+01
   1.3000000e+03   1.2724658e+01
   1.3100000e+03   1.2763931e+01
   1.3200000e+03   1.2888935e+01
   1.3300000e+03   1.2796029e+01
   1.3400000e+03   1.2754724e+01
   1.3500000e+03   1.2736612e+01
   1.3600000e+03   1.2692756e+01
   1.3700000e+03   1.2817971e+01
   1.3800000e+03   1.2814655e+01
   1.3900000e+03   1.2734614e+01
   1.4000000e+03   1.2834775e+01
   1.4100000e+03   1.2814803e+01
   1.4200000e+03   1.2770289e+01
   1.4300000e+03   1.2782080e+01
   1.4400000e+03   1.2667981e+01
   1.4500000e+03   1.2845984e+01
   1.4600000e+03   1.2829317e+01
   1.4700000e+03   1.2746972e+01
   1.4800000e+03   1.2836929e+01
   1.4900000e+03   1.2849340e+01
   1.5000000e+03   1.2851993e+01
   1.5100000e+03   1.2870901e+01
   1.5200000e+03   1.2652470e+01
   1.5300000e+03   1.2963484e+01
   1.5400000e+03   1.2771522e+01
   1.5500000e+03   1.2846819e+01
   1.5600000e+03   1.2900295e+01
   1.5700000e+03   1.2961867e+01
   1.5800000e+03   1.2763676e+01
   1.5900000e+03   1.2833834e+01
   1.6000000e+03   1.2724763e+01
   1.6100000e+03   1.2790300e+01
   1.6200000e+03   1.2897770e+01
   1.6300000e+03   1.2875551e+01
   1.6400000e+03   1.2921864e+01
   1.6500000e+03   1.2924172e+01
   1.6600000e+03   1.2812471e+01
   1.6700000e+03   1.2657586e+01
   1.6800000e+03   1.2671454e+01
   1.6900000e+03   1.2623120e+01
   1.7000000e+03   1.2845747e+01
   1.7100000e+03   1.2729923e+01
   1.7200000e+03   1.2680699e+01
   1.7300000e+03   1.2807414e+01
   1.7400000e+03   1.2591882e+01
   1.7500000e+03   1.2768523e+01
   1.7600000e+03   1.2711466e+01
   1.7700000e+03   1.2732534e+01
   1.7800000e+03   1.2708208e+01
   1.7900000e+03   1.2725318e+01
   1.8000000e+03   1.2783028e+01
   1.8100000e+03   1.2686608e+01
   1.8200000e+03   1.2630737e+01
   1.8300000e+03   1.2748089e+01
   1.8400000e+03   1.2733311e+01
   1.8500000e+03   1.2758888e+01
   1.8600000e+03   1.2636266e+01
   1.8700000e+03   1.2660006e+01
   1.8800000e+03   1.2719677e+01
   1.8900000e+03   1.2564305e+01
   1.9000000e+03   1.2667757e+01
   1.9100000e+03   1.2680855e+01
   1.9200000e+03   1.2621893e+01
   1.9300000e+03   1.2736155e+01
   1.9400000e+03   1.2702302e+01
   1.9500000e+03   1.2650206e+01
   1.9600000e+03   1.2666444e+01
   1.9700000e+03   1.2582079e+01
   1.9800000e+03   1.2623046e+01
   1.9900000e+03   1.2610559e+01
   2.0000000e+03   1.2785588e+01
   2.0100000e+03   1.2596865e+01
   2.0200000e+03   1.2522245e+01
   2.0300000e+03   1.2654621e+01
   2.0400000e+03   1.2719221e+01
   2.0500000e+03   1.2711247e+01
   2.0600000e+03   1.2759762e+01
   2.0700000e+03   1.2611236e+01
   2.0800000e+03   1.2731274e+01
   2.0900000e+03   1.2842292e+01
   2.1000000e+03   1.2597340e+01
   2.1100000e+03   1.2532871e+01
   2.1200000e+03   1.2542024e+01
   2.1300000e+03   1.2714916e+01
   2.1400000e+03   1.2640473e+01
   2.1500000e+03   1.2786165e+01
   2.1600000e+03   1.2698522e+01
   2.1700000e+03   1.2683537e+01
   2.1800000e+03   1.2822261e+01
   2.1900000e+03   1.2634758e+01
   2.2000000e+03   1.2701752e+01
   2.2100000e+03   1.2753431e+01
   2.2200000e+03   1.2751441e+01
   2.2300000e+03   1.2795102e+01
   2.2400000e+03   1.2666957e+01
   2.2500000e+03   1.2648208e+01
   2.2600000e+03   1.2727617e+01
   2.2700000e+03   1.2833697e+01
   2.2800000e+03   1.2706326e+01
   2.2900000e+03   1.2758924e+01
   2.3000000e+03   1.2634931e+01
   2.3100000e+03   1.2654235e+01
   2.3200000e+03   1.2768327e+01
   2.3300000e+03   1.2913507e+01
   2.3400000e+03   1.2798693e+01
   2.3500000e+03   1.2740118e+01
   2.3600000e+03   1.2731237e+01
   2.3700000e+03   1.2637276e+01
   2.3800000e+03   1.2890364e+01
   2.3900000e+03   1.2788042e+01
   2.4000000e+03   1.2747670e+01
   2.4100000e+03   1.2666352e+01
   2.4200000e+03   1.2801930e+01
   2.4300000e+03   1.2745647e+01
   2.4400000e+03   1.2614408e+01
   2.4500000e+03   1.2824743e+01
   2.4600000e+03   1.2837794e+01
   2.4700000e+03   1.2829822e+01
   2.4800000e+03   1.2916114e+01
   2.4900000e+03   1.2788983e+01
   2.5000000e+03   1.2603254e+01
   2.5100000e+03   1.2909545e+01
   2.5200000e+03   1.2802702e+01
   2.5300000e+03   1.2712536e+01
   2.5400000e+03   1.2765013e+01
   2.5500000e+03   1.2723219e+01
   2.5600000e+03   1.2807750e+01
   2.5700000e+03   1.2655650e+01
   2.5800000e+03   1.2589431e+01
   2.5900000e+03   1.2749679e+01
   2.6000000e+03   1.2632575e+01
   2.6100000e+03   1.2578933e+01
   2.6200000e+03   1.2654008e+01
   2.6300000e+03   1.2644823e+01
   2.6400000e+03   1.2753215e+01
   2.6500000e+03   1.2847774e+01
   2.6600000e+03   1.2737262e+01
   2.6700000e+03   1.2728370e+01
   2.6800000e+03   1.2683106e+01
   2.6900000e+03   1.2661954e+01
   2.7000000e+03   1.2834087e+01
   2.7100000e+03   1.2676927e+01
   2.7200000e+03   1.2732639e+01
   2.7300000e+03   1.2763941e+01
   2.7400000e+03   1.2632924e+01
   2.7500000e+03   1.2714185e+01
   2.7600000e+03   1.2804919e+01
   2.7700000e+03   1.2866990e+01
   2.7800000e+03   1.2795607e+01
   2.7900000e+03   1.2690226e+01
   2.8000000e+03   1.2755465e+01
   2.8100000e+03   1.2676808e+01
   2.8200000e+03   1.2690412e+01
   2.8300000e+03   1.2779947e+01
   2.8400000e+03   1.2816339e+01
   2.8500000e+03   1.2616122e+01
   2.8600000e+03   1.2862666e+01
   2.8700000e+03   1.2779956e+01
   2.8800000e+03   1.2695010e+01
   2.8900000e+03   1.2866477e+01
   2.9000000e+03   1.2794872e+01
   2.9100000e+03   1.2905349e+01
   2.9200000e+03   1.2743869e+01
   2.9300000e+03   1.2817330e+01
   2.9400000e+03   1.2755102e+01
   2.9500000e+03   1.2840832e+01
   2.9600000e+03   1.2795019e+01
   2.9700000e+03   1.2755506e+01
   2.9800000e+03   1.2740412e+01
   2.9900000e+03   1.2705300e+01
   3.0000000e+03   1.2783507e+01
   3.0100000e+03   1.2797686e+01
   3.0200000e+03   1.2772517e+01
   3.0300000e+03   1.2741462e+01
   3.0400000e+03   1.2770058e+01
   3.0500000e+03   1.2576026e+01
   3.0600000e+03   1.2549481e+01
   3.0700000e+03   1.2672014e+01
   3.0800000e+03   1.2561697e+01
   3.0900000e+03   1.2630594e+01
   3.1000000e+03   1.2720316e+01
   3.1100000e+03   1.2826386e+01
   3.1200000e+03   1.2707021e+01
   3.1300000e+03   1.2783095e+01
   3.1400000e+03   1.2872404e+01
   3.1500000e+03   1.2724160e+01
   3.1600000e+03   1.2685491e+01
   3.1700000e+03   1.2684628e+01
   3.1800000e+03   1.2597816e+01
   3.1900000e+03   1.2856082e+01
   3.2000000e+03   1.2764155e+01
   3.2100000e+03   1.2835154e+01
   3.2200000e+03   1.2802238e+01
   3.2300000e+03   1.2754538e+01
   3.2400000e+03   1.2673307e+01
   3.2500000e+03   1.2599698e+01
   3.2600000e+03   1.2658725e+01
   3.2700000e+03   1.2734630e+01
   3.2800000e+03   1.2739910e+01
   3.2900000e+03   1.2962683e+01
   3.3000000e+03   1.2924720e+01
   3.3100000e+03   1.2790002e+01
   3.3200000e+03   1.2987825e+01
   3.3300000e+03   1.2823105e+01
   3.3400000e+03   1.2772315e+01
   3.3500000e+03   1.2796156e+01
   3.3600000e+03   1.2716460e+01
   3.3700000e+03   1.2763911e+01
   3.3800000e+03   1.2549138e+01
   3.3900000e+03   1.2691029e+01
   3.4000000e+03   1.2750679e+01
   3.4100000e+03   1.2653388e+01
   3.4200000e+03   1.2819578e+01
   3.4300000e+03   1.2676896e+01
   3.4400000e+03   1.2691886e+01
   3.4500000e+03   1.2753435e+01
   3.4600000e+03   1.2820608e+01
   3.4700000e+03   1.2751774e+01
   3.4800000e+03   1.2735688e+01
   3.4900000e+03   1.2883227e+01
