   0.0000000e+00  -7.5539791e-04
   1.0000000e+01   1.2323090e-03
   2.0000000e+01   2.7738589e-03
   3.0000000e+01   5.7559501e-04
   4.0000000e+01   9.4468288e-02
   5.0000000e+01   6.3293285e-01
   6.0000000e+01   1.1790615e+00
   7.0000000e+01   1.4697762e+00
   8.0000000e+01   1.5667381e+00
   9.0000000e+01   1.6993574e+00
   1.0000000e+02   1.7914013e+00
   1.1000000e+02   1.7918603e+00
   1.2000000e+02   1.6656823e+00
   1.3000000e+02   1.6044828e+00
   1.4000000e+02   1.4067090e+00
   1.5000000e+02   1.2433933e+00
   1.6000000e+02   1.0894837e+00
   1.7000000e+02   8.8996331e-01
   1.8000000e+02   5.7408590e-01
   1.9000000e+02   3.8641731e-01
   2.0000000e+02   1.1480607e-01
   2.1000000e+02  -1.8342832e-01
   2.2000000e+02  -4.4257379e-01
   2.3000000e+02  -8.2020587e-01
   2.4000000e+02  -9.6586249e-01
   2.5000000e+02  -1.1822943e+00
   2.6000000e+02  -1.4858055e+00
   2.7000000e+02  -1.6991206e+00
   2.8000000e+02  -1.9595152e+00
   2.9000000e+02  -2.1739931e+00
   3.0000000e+02  -2.3716023e+00
   3.1000000e+02  -2.6056359e+00
   3.2000000e+02  -2.7825701e+00
   3.3000000e+02  -3.0306824e+00
   3.4000000e+02  -3.1629239e+00
   3.5000000e+02  -3.3863284e+00
   3.6000000e+02  -3.5905812e+00
   3.7000000e+02  -3.7482222e+00
   3.8000000e+02  -3.9017446e+00
   3.9000000e+02  -3.9941382e+00
   4.0000000e+02  -4.1259731e+00
   4.1000000e+02  -4.3516750e+00
   4.2000000e+02  -4.5055739e+00
   4.3000000e+02  -4.5300405e+00
   4.4000000e+02  -4.7424035e+00
   4.5000000e+02  -4.8455159e+00
   4.6000000e+02  -4.9123626e+00
   4.7000000e+02  -5.0271287e+00
   4.8000000e+02  -5.0508451e+00
   4.9000000e+02  -5.1894494e+00
   5.0000000e+02  -5.2593888e+00
   5.1000000e+02  -5.3650327e+00
   5.2000000e+02  -5.4302253e+00
   5.3000000e+02  -5.4299967e+00
   5.4000000e+02  -5.5530497e+00
   5.5000000e+02  -5.5285624e+00
   5.6000000e+02  -5.5098817e+00
   5.7000000e+02  -5.4825104e+00
   5.8000000e+02  -5.3415204e+00
   5.9000000e+02  -5.2906701e+00
   6.0000000e+02  -5.2817476e+00
   6.1000000e+02  -5.0424631e+00
   6.2000000e+02  -5.0387435e+00
   6.3000000e+02  -4.8587215e+00
   6.4000000e+02  -4.5643879e+00
   6.5000000e+02  -4.3037309e+00
   6.6000000e+02  -3.9966727e+00
   6.7000000e+02  -3.8213611e+00
   6.8000000e+02  -3.6110137e+00
   6.9000000e+02  -3.3568776e+00
   7.0000000e+02  -3.2112986e+00
   7.1000000e+02  -3.0034561e+00
   7.2000000e+02  -2.7264986e+00
   7.3000000e+02  -2.6444239e+00
   7.4000000e+02  -2.5096655e+00
   7.5000000e+02  -2.4171413e+00
   7.6000000e+02  -2.2202544e+00
   7.7000000e+02  -1.9931700e+00
   7.8000000e+02  -1.8987764e+00
   7.9000000e+02  -1.7156011e+00
   8.0000000e+02  -1.7197042e+00
   8.1000000e+02  -1.7229062e+00
   8.2000000e+02  -1.5306023e+00
   8.3000000e+02  -1.4825690e+00
   8.4000000e+02  -1.3823264e+00
   8.5000000e+02  -1.1921403e+00
   8.6000000e+02  -1.1816924e+00
   8.7000000e+02  -1.1550438e+00
   8.8000000e+02  -1.1205547e+00
   8.9000000e+02  -1.0738429e+00
   9.0000000e+02  -1.0262735e+00
   9.1000000e+02  -9.9821669e-01
   9.2000000e+02  -8.5016742e-01
   9.3000000e+02  -8.3157582e-01
   9.4000000e+02  -8.6060060e-01
   9.5000000e+02  -7.8889074e-01
   9.6000000e+02  -7.3850524e-01
   9.7000000e+02  -7.1811422e-01
   9.8000000e+02  -5.6242362e-01
   9.9000000e+02  -4.9766637e-01
   1.0000000e+03  -3.5313551e-01
   1.0100000e+03  -2.8013335e-01
   1.0200000e+03  -1.8458282e-01
   1.0300000e+03  -3.1388649e-02
   1.0400000e+03   4.7045282e-02
   1.0500000e+03   1.3200182e-01
   1.0600000e+03   2.9400765e-01
   1.0700000e+03   3.4695225e-01
   1.0800000e+03   4.5243666e-01
   1.0900000e+03   5.3935697e-01
   1.1000000e+03   6.1662936e-01
   1.1100000e+03   7.2471986e-01
   1.1200000e+03   7.0403658e-01
   1.1300000e+03   7.9342263e-01
   1.1400000e+03   8.8160469e-01
   1.1500000e+03   8.7335341e-01
   1.1600000e+03   9.3773771e-01
   1.1700000e+03   1.0281850e+00
   1.1800000e+03   1.0350816e+00
   1.1900000e+03   1.0993377e+00
   1.2000000e+03   1.0389288e+00
   1.2100000e+03   1.0858387e+00
   1.2200000e+03   1.1329043e+00
   1.2300000e+03   1.0681870e+00
   1.2400000e+03   1.1367424e+00
   1.2500000e+03   1.1512913e+00
   1.2600000e+03   1.0598598e+00
   1.2700000e+03   1.1396658e+00
   1.2800000e+03   1.0739920e+00
   1.2900000e+03   1.1140675e+00
   1.3000000e+03   1.1268681e+00
   1.3100000e+03   1.0714660e+00
   1.3200000e+03   1.1389730e+00
   1.3300000e+03   1.0806667e+00
   1.3400000e+03   1.0728395e+00
   1.3500000e+03   1.1261998e+00
   1.3600000e+03   1.0790858e+00
   1.3700000e+03   1.1488302e+00
   1.3800000e+03   1.1438796e+00
   1.3900000e+03   1.0970481e+00
   1.4000000e+03   1.1889553e+00
   1.4100000e+03   1.1069581e+00
   1.4200000e+03   1.1144965e+00
   1.4300000e+03   1.1534854e+00
   1.4400000e+03   1.0889144e+00
   1.4500000e+03   1.0949859e+00
   1.4600000e+03   1.0572361e+00
   1.4700000e+03   1.0240891e+00
   1.4800000e+03   1.0878034e+00
   1.4900000e+03   1.0178008e+00
   1.5000000e+03   1.0259533e+00
   1.5100000e+03   1.0274301e+00
   1.5200000e+03   9.7038323e-01
   1.5300000e+03   9.4013557e-01
   1.5400000e+03   9.2420986e-01
   1.5500000e+03   8.6104928e-01
   1.5600000e+03   8.5125677e-01
   1.5700000e+03   7.2797486e-01
   1.5800000e+03   7.0466042e-01
   1.5900000e+03   6.6546111e-01
   1.6000000e+03   5.9022881e-01
   1.6100000e+03   5.6938288e-01
   1.6200000e+03   5.1982761e-01
   1.6300000e+03   4.3118314e-01
   1.6400000e+03   4.9227729e-01
   1.6500000e+03   4.0991570e-01
   1.6600000e+03   4.3559650e-01
   1.6700000e+03   4.2858701e-01
   1.6800000e+03   3.8807702e-01
   1.6900000e+03   3.7253880e-01
   1.7000000e+03   3.6086039e-01
   1.7100000e+03   1.9659684e-01
   1.7200000e+03   2.0595790e-01
   1.7300000e+03   1.7768754e-01
   1.7400000e+03   1.2868621e-01
   1.7500000e+03   1.8997771e-02
   1.7600000e+03  -7.5125547e-02
   1.7700000e+03  -1.9858012e-02
   1.7800000e+03  -1.0815691e-01
   1.7900000e+03  -1.3536302e-01
   1.8000000e+03  -1.7877610e-01
   1.8100000e+03  -2.9048996e-01
   1.8200000e+03  -2.3920422e-01
   1.8300000e+03  -2.8755338e-01
   1.8400000e+03  -3.0361370e-01
   1.8500000e+03  -2.6136197e-01
   1.8600000e+03  -2.9089072e-01
   1.8700000e+03  -3.1018619e-01
   1.8800000e+03  -2.0901462e-01
   1.8900000e+03  -2.9275923e-01
   1.9000000e+03  -3.5344762e-01
   1.9100000e+03  -3.7391010e-01
   1.9200000e+03  -3.9255175e-01
   1.9300000e+03  -3.8688268e-01
   1.9400000e+03  -4.2157968e-01
   1.9500000e+03  -4.8629369e-01
   1.9600000e+03  -4.8484675e-01
   1.9700000e+03  -5.4408725e-01
   1.9800000e+03  -4.9156268e-01
   1.9900000e+03  -4.4890238e-01
   2.0000000e+03  -5.6149601e-01
   2.0100000e+03  -5.1172599e-01
   2.0200000e+03  -5.5140041e-01
   2.0300000e+03  -5.3520006e-01
   2.0400000e+03  -5.3495191e-01
   2.0500000e+03  -6.0862842e-01
   2.0600000e+03  -5.8690374e-01
   2.0700000e+03  -5.9226936e-01
   2.0800000e+03  -6.8873342e-01
   2.0900000e+03  -6.0448976e-01
   2.1000000e+03  -6.5968512e-01
   2.1100000e+03  -6.4224176e-01
   2.1200000e+03  -6.3034254e-01
   2.1300000e+03  -5.8486423e-01
   2.1400000e+03  -6.3262314e-01
   2.1500000e+03  -6.7966932e-01
   2.1600000e+03  -6.5716053e-01
   2.1700000e+03  -5.9047451e-01
   2.1800000e+03  -6.3990036e-01
   2.1900000e+03  -5.0410904e-01
   2.2000000e+03  -5.5891308e-01
   2.2100000e+03  -5.8530195e-01
   2.2200000e+03  -4.9016170e-01
   2.2300000e+03  -5.8973837e-01
   2.2400000e+03  -6.3729742e-01
   2.2500000e+03  -5.8505533e-01
   2.2600000e+03  -6.1835285e-01
   2.2700000e+03  -5.3148215e-01
   2.2800000e+03  -5.7875184e-01
   2.2900000e+03  -5.7720359e-01
   2.3000000e+03  -5.4422320e-01
   2.3100000e+03  -5.8481740e-01
   2.3200000e+03  -5.4437671e-01
   2.3300000e+03  -4.7326134e-01
   2.3400000e+03  -5.0195897e-01
   2.3500000e+03  -5.0026299e-01
   2.3600000e+03  -5.0222951e-01
   2.3700000e+03  -4.4582286e-01
   2.3800000e+03  -4.4302768e-01
   2.3900000e+03  -4.9609468e-01
   2.4000000e+03  -4.2958814e-01
   2.4100000e+03  -3.9640867e-01
   2.4200000e+03  -4.0577663e-01
   2.4300000e+03  -3.4376096e-01
   2.4400000e+03  -3.2216890e-01
   2.4500000e+03  -2.8873474e-01
   2.4600000e+03  -2.7009344e-01
   2.4700000e+03  -2.9749742e-01
   2.4800000e+03  -2.2355740e-01
   2.4900000e+03  -2.2880518e-01
   2.5000000e+03  -2.5298859e-01
   2.5100000e+03  -1.9275568e-01
   2.5200000e+03  -2.4228303e-01
   2.5300000e+03  -2.4820270e-01
   2.5400000e+03  -2.1249227e-01
   2.5500000e+03  -2.3238160e-01
   2.5600000e+03  -2.5741411e-01
   2.5700000e+03  -2.8207735e-01
   2.5800000e+03  -2.9942475e-01
   2.5900000e+03  -2.0279747e-01
   2.6000000e+03  -2.9636172e-01
   2.6100000e+03  -2.8519336e-01
   2.6200000e+03  -2.6414870e-01
   2.6300000e+03  -3.7149357e-01
   2.6400000e+03  -3.3519228e-01
   2.6500000e+03  -3.6138790e-01
   2.6600000e+03  -3.6944341e-01
   2.6700000e+03  -4.0954648e-01
   2.6800000e+03  -4.6966863e-01
   2.6900000e+03  -4.4387426e-01
   2.7000000e+03  -4.4261200e-01
   2.7100000e+03  -5.3996012e-01
   2.7200000e+03  -5.0254513e-01
   2.7300000e+03  -5.5083922e-01
   2.7400000e+03  -5.3884916e-01
   2.7500000e+03  -4.9110913e-01
   2.7600000e+03  -5.6661014e-01
   2.7700000e+03  -5.0190834e-01
   2.7800000e+03  -4.8103261e-01
   2.7900000e+03  -5.3021038e-01
   2.8000000e+03  -4.4168036e-01
   2.8100000e+03  -4.5258429e-01
   2.8200000e+03  -4.7494239e-01
   2.8300000e+03  -4.7630835e-01
   2.8400000e+03  -5.0495244e-01
   2.8500000e+03  -4.5492986e-01
   2.8600000e+03  -5.7559885e-01
   2.8700000e+03  -6.3903106e-01
   2.8800000e+03  -5.1446503e-01
   2.8900000e+03  -6.2710882e-01
   2.9000000e+03  -7.1212375e-01
   2.9100000e+03  -6.9304515e-01
   2.9200000e+03  -7.1180364e-01
   2.9300000e+03  -7.4841275e-01
   2.9400000e+03  -7.8240927e-01
   2.9500000e+03  -7.2492959e-01
   2.9600000e+03  -8.4663108e-01
   2.9700000e+03  -9.0915320e-01
   2.9800000e+03  -8.9027693e-01
   2.9900000e+03  -7.9806944e-01
   3.0000000e+03  -8.3342188e-01
   3.0100000e+03  -7.9859729e-01
   3.0200000e+03  -8.6595080e-01
   3.0300000e+03  -8.5515168e-01
   3.0400000e+03  -7.6219209e-01
   3.0500000e+03  -8.5638194e-01
   3.0600000e+03  -8.4450654e-01
   3.0700000e+03  -7.9732554e-01
   3.0800000e+03  -8.3013745e-01
   3.0900000e+03  -8.9318747e-01
   3.1000000e+03  -9.7436361e-01
   3.1100000e+03  -9.5915107e-01
   3.1200000e+03  -9.9071184e-01
   3.1300000e+03  -1.0563707e+00
   3.1400000e+03  -1.0513861e+00
   3.1500000e+03  -1.0395465e+00
   3.1600000e+03  -1.1329757e+00
   3.1700000e+03  -1.0197062e+00
   3.1800000e+03  -1.0853236e+00
   3.1900000e+03  -1.0270797e+00
   3.2000000e+03  -1.0401923e+00
   3.2100000e+03  -1.1186897e+00
   3.2200000e+03  -1.1089486e+00
   3.2300000e+03  -1.1261155e+00
   3.2400000e+03  -1.1839488e+00
   3.2500000e+03  -1.1596898e+00
   3.2600000e+03  -1.1518974e+00
   3.2700000e+03  -1.2028474e+00
   3.2800000e+03  -1.1143269e+00
   3.2900000e+03  -1.2568515e+00
   3.3000000e+03  -1.1923579e+00
   3.3100000e+03  -1.2398598e+00
   3.3200000e+03  -1.2940925e+00
   3.3300000e+03  -1.2717178e+00
   3.3400000e+03  -1.3203668e+00
   3.3500000e+03  -1.3808116e+00
   3.3600000e+03  -1.3629222e+00
   3.3700000e+03  -1.3643792e+00
   3.3800000e+03  -1.3617320e+00
   3.3900000e+03  -1.3747543e+00
   3.4000000e+03  -1.4074507e+00
   3.4100000e+03  -1.3734589e+00
   3.4200000e+03  -1.4462123e+00
   3.4300000e+03  -1.4122015e+00
   3.4400000e+03  -1.3950755e+00
   3.4500000e+03  -1.4749945e+00
   3.4600000e+03  -1.4856497e+00
   3.4700000e+03  -1.5848478e+00
   3.4800000e+03  -1.5759344e+00
   3.4900000e+03  -1.5622885e+00
