   0.0000000e+00   1.8670202e+01
   1.0000000e+01   1.8674451e+01
   2.0000000e+01   1.8680264e+01
   3.0000000e+01   1.8678193e+01
   4.0000000e+01   1.8685941e+01
   5.0000000e+01   1.8695352e+01
   6.0000000e+01   1.8833216e+01
   7.0000000e+01   1.9203826e+01
   8.0000000e+01   1.9472603e+01
   9.0000000e+01   1.9608777e+01
   1.0000000e+02   1.9714354e+01
   1.1000000e+02   1.9751386e+01
   1.2000000e+02   1.9765157e+01
   1.3000000e+02   1.9811561e+01
   1.4000000e+02   1.9843466e+01
   1.5000000e+02   1.9809987e+01
   1.6000000e+02   1.9841281e+01
   1.7000000e+02   1.9867166e+01
   1.8000000e+02   1.9888224e+01
   1.9000000e+02   1.9899796e+01
   2.0000000e+02   1.9933457e+01
   2.1000000e+02   1.9940050e+01
   2.2000000e+02   1.9942080e+01
   2.3000000e+02   1.9955981e+01
   2.4000000e+02   1.9924617e+01
   2.5000000e+02   1.9893106e+01
   2.6000000e+02   1.9869512e+01
   2.7000000e+02   1.9893112e+01
   2.8000000e+02   1.9849247e+01
   2.9000000e+02   1.9847770e+01
   3.0000000e+02   1.9858102e+01
   3.1000000e+02   1.9870527e+01
   3.2000000e+02   1.9846370e+01
   3.3000000e+02   1.9828858e+01
   3.4000000e+02   1.9822130e+01
   3.5000000e+02   1.9845004e+01
   3.6000000e+02   1.9811445e+01
   3.7000000e+02   1.9817357e+01
   3.8000000e+02   1.9843227e+01
   3.9000000e+02   1.9840981e+01
   4.0000000e+02   1.9872414e+01
   4.1000000e+02   1.9891835e+01
   4.2000000e+02   1.9877099e+01
   4.3000000e+02   1.9899732e+01
   4.4000000e+02   1.9869848e+01
   4.5000000e+02   1.9878276e+01
   4.6000000e+02   1.9862183e+01
   4.7000000e+02   1.9888410e+01
   4.8000000e+02   1.9880301e+01
   4.9000000e+02   1.9929976e+01
   5.0000000e+02   1.9937256e+01
   5.1000000e+02   1.9941505e+01
   5.2000000e+02   1.9955791e+01
   5.3000000e+02   1.9962131e+01
   5.4000000e+02   1.9943636e+01
   5.5000000e+02   1.9945455e+01
   5.6000000e+02   1.9948109e+01
   5.7000000e+02   1.9926104e+01
   5.8000000e+02   1.9977122e+01
   5.9000000e+02   1.9929938e+01
   6.0000000e+02   1.9920291e+01
   6.1000000e+02   1.9912269e+01
   6.2000000e+02   1.9946525e+01
   6.3000000e+02   1.9971897e+01
   6.4000000e+02   1.9951296e+01
   6.5000000e+02   1.9967930e+01
   6.6000000e+02   1.9942642e+01
   6.7000000e+02   1.9932791e+01
   6.8000000e+02   1.9958719e+01
   6.9000000e+02   1.9975287e+01
   7.0000000e+02   1.9983151e+01
   7.1000000e+02   2.0000935e+01
   7.2000000e+02   1.9987472e+01
   7.3000000e+02   2.0017914e+01
   7.4000000e+02   1.9979579e+01
   7.5000000e+02   2.0003448e+01
   7.6000000e+02   2.0007113e+01
   7.7000000e+02   2.0012639e+01
   7.8000000e+02   2.0038050e+01
   7.9000000e+02   2.0054272e+01
   8.0000000e+02   2.0071652e+01
   8.1000000e+02   2.0062133e+01
   8.2000000e+02   2.0106307e+01
   8.3000000e+02   2.0101003e+01
   8.4000000e+02   2.0125525e+01
   8.5000000e+02   2.0122632e+01
   8.6000000e+02   2.0069469e+01
   8.7000000e+02   2.0094825e+01
   8.8000000e+02   2.0128547e+01
   8.9000000e+02   2.0056328e+01
   9.0000000e+02   2.0085715e+01
   9.1000000e+02   2.0115599e+01
   9.2000000e+02   2.0099594e+01
   9.3000000e+02   2.0077750e+01
   9.4000000e+02   2.0061049e+01
   9.5000000e+02   2.0071275e+01
   9.6000000e+02   2.0066118e+01
   9.7000000e+02   2.0020709e+01
   9.8000000e+02   1.9998289e+01
   9.9000000e+02   2.0010394e+01
   1.0000000e+03   1.9981267e+01
   1.0100000e+03   1.9961527e+01
   1.0200000e+03   1.9966840e+01
   1.0300000e+03   1.9965740e+01
   1.0400000e+03   1.9975972e+01
   1.0500000e+03   1.9974077e+01
   1.0600000e+03   1.9972553e+01
   1.0700000e+03   1.9974333e+01
   1.0800000e+03   1.9984870e+01
   1.0900000e+03   1.9976806e+01
   1.1000000e+03   1.9950260e+01
   1.1100000e+03   1.9937657e+01
   1.1200000e+03   1.9935943e+01
   1.1300000e+03   1.9928642e+01
   1.1400000e+03   1.9973039e+01
   1.1500000e+03   1.9959362e+01
   1.1600000e+03   1.9949829e+01
   1.1700000e+03   1.9959209e+01
   1.1800000e+03   2.0001302e+01
   1.1900000e+03   2.0020721e+01
   1.2000000e+03   2.0019873e+01
   1.2100000e+03   2.0078259e+01
   1.2200000e+03   2.0108380e+01
   1.2300000e+03   2.0121611e+01
   1.2400000e+03   2.0123238e+01
   1.2500000e+03   2.0078971e+01
   1.2600000e+03   2.0101984e+01
   1.2700000e+03   2.0090691e+01
   1.2800000e+03   2.0078121e+01
   1.2900000e+03   2.0101048e+01
   1.3000000e+03   2.0107990e+01
   1.3100000e+03   2.0149701e+01
   1.3200000e+03   2.0138858e+01
   1.3300000e+03   2.0098085e+01
   1.3400000e+03   2.0106293e+01
   1.3500000e+03   2.0084820e+01
   1.3600000e+03   2.0101010e+01
   1.3700000e+03   2.0091378e+01
   1.3800000e+03   2.0115265e+01
   1.3900000e+03   2.0106150e+01
   1.4000000e+03   2.0079765e+01
   1.4100000e+03   2.0102560e+01
   1.4200000e+03   2.0121462e+01
   1.4300000e+03   2.0123094e+01
   1.4400000e+03   2.0087020e+01
   1.4500000e+03   2.0083749e+01
   1.4600000e+03   2.0045264e+01
   1.4700000e+03   2.0063306e+01
   1.4800000e+03   2.0031652e+01
   1.4900000e+03   1.9992213e+01
   1.5000000e+03   2.0021178e+01
   1.5100000e+03   2.0013649e+01
   1.5200000e+03   2.0013066e+01
   1.5300000e+03   2.0016075e+01
   1.5400000e+03   1.9999625e+01
   1.5500000e+03   2.0036359e+01
   1.5600000e+03   2.0020807e+01
   1.5700000e+03   2.0044036e+01
   1.5800000e+03   2.0001281e+01
   1.5900000e+03   1.9951844e+01
   1.6000000e+03   1.9943462e+01
   1.6100000e+03   1.9904781e+01
   1.6200000e+03   1.9888892e+01
   1.6300000e+03   1.9894366e+01
   1.6400000e+03   1.9880860e+01
   1.6500000e+03   1.9851592e+01
   1.6600000e+03   1.9882519e+01
   1.6700000e+03   1.9872920e+01
   1.6800000e+03   1.9872925e+01
   1.6900000e+03   1.9863007e+01
   1.7000000e+03   1.9952063e+01
   1.7100000e+03   2.0009963e+01
   1.7200000e+03   2.0028350e+01
   1.7300000e+03   2.0012786e+01
   1.7400000e+03   2.0063712e+01
   1.7500000e+03   2.0061738e+01
   1.7600000e+03   2.0089086e+01
   1.7700000e+03   2.0074431e+01
   1.7800000e+03   2.0076759e+01
   1.7900000e+03   2.0069371e+01
   1.8000000e+03   2.0059871e+01
   1.8100000e+03   2.0081784e+01
   1.8200000e+03   2.0087535e+01
   1.8300000e+03   2.0098931e+01
   1.8400000e+03   2.0082482e+01
   1.8500000e+03   2.0089490e+01
   1.8600000e+03   2.0075086e+01
   1.8700000e+03   2.0090089e+01
   1.8800000e+03   2.0096985e+01
   1.8900000e+03   2.0121333e+01
   1.9000000e+03   2.0159817e+01
   1.9100000e+03   2.0180748e+01
   1.9200000e+03   2.0200483e+01
   1.9300000e+03   2.0194048e+01
   1.9400000e+03   2.0168779e+01
   1.9500000e+03   2.0157976e+01
   1.9600000e+03   2.0167022e+01
   1.9700000e+03   2.0153897e+01
   1.9800000e+03   2.0167088e+01
   1.9900000e+03   2.0125953e+01
   2.0000000e+03   2.0097956e+01
   2.0100000e+03   2.0104832e+01
   2.0200000e+03   2.0084162e+01
   2.0300000e+03   2.0080706e+01
   2.0400000e+03   2.0082631e+01
   2.0500000e+03   2.0099714e+01
   2.0600000e+03   2.0100744e+01
   2.0700000e+03   2.0119085e+01
   2.0800000e+03   2.0087658e+01
   2.0900000e+03   2.0071122e+01
   2.1000000e+03   2.0060790e+01
   2.1100000e+03   2.0014190e+01
   2.1200000e+03   2.0047636e+01
   2.1300000e+03   2.0043411e+01
   2.1400000e+03   2.0075764e+01
   2.1500000e+03   2.0064578e+01
   2.1600000e+03   2.0057018e+01
   2.1700000e+03   2.0093052e+01
   2.1800000e+03   2.0051087e+01
   2.1900000e+03   2.0056587e+01
   2.2000000e+03   2.0070856e+01
   2.2100000e+03   2.0083537e+01
   2.2200000e+03   2.0048628e+01
   2.2300000e+03   2.0076658e+01
   2.2400000e+03   2.0043827e+01
   2.2500000e+03   2.0084824e+01
   2.2600000e+03   2.0066098e+01
   2.2700000e+03   2.0040712e+01
   2.2800000e+03   2.0056882e+01
   2.2900000e+03   2.0069662e+01
   2.3000000e+03   2.0001973e+01
   2.3100000e+03   2.0026199e+01
   2.3200000e+03   2.0048082e+01
   2.3300000e+03   2.0016851e+01
   2.3400000e+03   2.0014851e+01
   2.3500000e+03   2.0026752e+01
   2.3600000e+03   2.0026637e+01
   2.3700000e+03   1.9981300e+01
   2.3800000e+03   2.0003148e+01
   2.3900000e+03   2.0029605e+01
   2.4000000e+03   2.0037917e+01
   2.4100000e+03   2.0021143e+01
   2.4200000e+03   2.0021022e+01
   2.4300000e+03   2.0038641e+01
   2.4400000e+03   2.0032286e+01
   2.4500000e+03   1.9997707e+01
   2.4600000e+03   1.9984301e+01
   2.4700000e+03   1.9954586e+01
   2.4800000e+03   2.0006588e+01
   2.4900000e+03   2.0007912e+01
   2.5000000e+03   1.9995083e+01
   2.5100000e+03   2.0026312e+01
   2.5200000e+03   1.9999120e+01
   2.5300000e+03   2.0007076e+01
   2.5400000e+03   1.9960620e+01
   2.5500000e+03   1.9979379e+01
   2.5600000e+03   1.9961830e+01
   2.5700000e+03   1.9990754e+01
   2.5800000e+03   2.0020891e+01
   2.5900000e+03   1.9999184e+01
   2.6000000e+03   2.0011038e+01
   2.6100000e+03   2.0030384e+01
   2.6200000e+03   2.0031481e+01
   2.6300000e+03   2.0041407e+01
   2.6400000e+03   2.0042794e+01
   2.6500000e+03   2.0048134e+01
   2.6600000e+03   2.0062052e+01
   2.6700000e+03   2.0071628e+01
   2.6800000e+03   2.0084666e+01
   2.6900000e+03   2.0052198e+01
   2.7000000e+03   2.0083318e+01
   2.7100000e+03   2.0126961e+01
   2.7200000e+03   2.0133683e+01
   2.7300000e+03   2.0153345e+01
   2.7400000e+03   2.0182405e+01
   2.7500000e+03   2.0146307e+01
   2.7600000e+03   2.0142996e+01
   2.7700000e+03   2.0125171e+01
   2.7800000e+03   2.0146965e+01
   2.7900000e+03   2.0128505e+01
   2.8000000e+03   2.0128809e+01
   2.8100000e+03   2.0183251e+01
   2.8200000e+03   2.0156061e+01
   2.8300000e+03   2.0135974e+01
   2.8400000e+03   2.0122384e+01
   2.8500000e+03   2.0123720e+01
   2.8600000e+03   2.0117458e+01
   2.8700000e+03   2.0059634e+01
   2.8800000e+03   2.0059362e+01
   2.8900000e+03   2.0036736e+01
   2.9000000e+03   2.0017288e+01
   2.9100000e+03   2.0040691e+01
   2.9200000e+03   2.0042245e+01
   2.9300000e+03   2.0063629e+01
   2.9400000e+03   2.0044738e+01
   2.9500000e+03   2.0069260e+01
   2.9600000e+03   2.0026507e+01
   2.9700000e+03   2.0028664e+01
   2.9800000e+03   2.0043397e+01
   2.9900000e+03   2.0012352e+01
   3.0000000e+03   2.0017508e+01
   3.0100000e+03   2.0002996e+01
   3.0200000e+03   2.0030332e+01
   3.0300000e+03   2.0022925e+01
   3.0400000e+03   2.0050274e+01
   3.0500000e+03   2.0019547e+01
   3.0600000e+03   2.0053674e+01
   3.0700000e+03   2.0034802e+01
   3.0800000e+03   2.0001341e+01
   3.0900000e+03   2.0012078e+01
   3.1000000e+03   2.0044955e+01
   3.1100000e+03   2.0025229e+01
   3.1200000e+03   2.0041313e+01
   3.1300000e+03   2.0000358e+01
   3.1400000e+03   2.0039153e+01
   3.1500000e+03   2.0047923e+01
   3.1600000e+03   2.0010398e+01
   3.1700000e+03   2.0040674e+01
   3.1800000e+03   2.0041077e+01
   3.1900000e+03   2.0041588e+01
   3.2000000e+03   2.0033730e+01
   3.2100000e+03   2.0008498e+01
   3.2200000e+03   2.0014416e+01
   3.2300000e+03   2.0024186e+01
   3.2400000e+03   2.0038437e+01
   3.2500000e+03   2.0018400e+01
   3.2600000e+03   2.0007220e+01
   3.2700000e+03   2.0036132e+01
   3.2800000e+03   2.0061237e+01
   3.2900000e+03   2.0038692e+01
   3.3000000e+03   2.0070509e+01
   3.3100000e+03   1.9981347e+01
   3.3200000e+03   1.9969689e+01
   3.3300000e+03   1.9999700e+01
   3.3400000e+03   2.0033629e+01
   3.3500000e+03   2.0059125e+01
   3.3600000e+03   2.0047864e+01
   3.3700000e+03   2.0023074e+01
   3.3800000e+03   2.0087742e+01
   3.3900000e+03   2.0058154e+01
   3.4000000e+03   2.0067009e+01
   3.4100000e+03   2.0073328e+01
   3.4200000e+03   2.0040576e+01
   3.4300000e+03   2.0044440e+01
   3.4400000e+03   2.0019690e+01
   3.4500000e+03   2.0036514e+01
   3.4600000e+03   2.0060222e+01
   3.4700000e+03   2.0067654e+01
   3.4800000e+03   2.0055024e+01
   3.4900000e+03   2.0077454e+01
