   0.0000000e+00   1.7856704e+01
   1.0000000e+01   1.7858434e+01
   2.0000000e+01   1.7856349e+01
   3.0000000e+01   1.7843594e+01
   4.0000000e+01   1.7760239e+01
   5.0000000e+01   1.7811048e+01
   6.0000000e+01   1.7896958e+01
   7.0000000e+01   1.8034720e+01
   8.0000000e+01   1.7748634e+01
   9.0000000e+01   1.8285675e+01
   1.0000000e+02   1.8491136e+01
   1.1000000e+02   1.8890633e+01
   1.2000000e+02   1.8908388e+01
   1.3000000e+02   1.7062823e+01
   1.4000000e+02   1.8378565e+01
   1.5000000e+02   1.9131968e+01
   1.6000000e+02   1.8955546e+01
   1.7000000e+02   1.8820463e+01
   1.8000000e+02   1.8821012e+01
   1.9000000e+02   1.8013559e+01
   2.0000000e+02   1.7461485e+01
   2.1000000e+02   1.8840070e+01
   2.2000000e+02   1.8738885e+01
   2.3000000e+02   1.8604866e+01
   2.4000000e+02   1.8537088e+01
   2.5000000e+02   1.8620906e+01
   2.6000000e+02   1.8315706e+01
   2.7000000e+02   1.8337840e+01
   2.8000000e+02   1.8802381e+01
   2.9000000e+02   1.8682768e+01
   3.0000000e+02   1.8439312e+01
   3.1000000e+02   1.8517886e+01
   3.2000000e+02   1.8312496e+01
   3.3000000e+02   1.8717028e+01
   3.4000000e+02   1.8428405e+01
   3.5000000e+02   1.8409365e+01
   3.6000000e+02   1.8209522e+01
   3.7000000e+02   1.7967953e+01
   3.8000000e+02   1.7542851e+01
   3.9000000e+02   1.8539221e+01
   4.0000000e+02   1.8208804e+01
   4.1000000e+02   1.8460733e+01
   4.2000000e+02   1.8670533e+01
   4.3000000e+02   1.8516136e+01
   4.4000000e+02   1.7981506e+01
   4.5000000e+02   1.8460646e+01
   4.6000000e+02   1.8355417e+01
   4.7000000e+02   1.8334334e+01
   4.8000000e+02   1.8022084e+01
   4.9000000e+02   1.8497409e+01
   5.0000000e+02   1.8421376e+01
   5.1000000e+02   1.8455053e+01
   5.2000000e+02   1.7962167e+01
   5.3000000e+02   1.8112417e+01
   5.4000000e+02   1.6030923e+01
   5.5000000e+02   1.8050322e+01
   5.6000000e+02   1.8094417e+01
   5.7000000e+02   1.8193374e+01
   5.8000000e+02   1.8181862e+01
   5.9000000e+02   1.7957395e+01
   6.0000000e+02   1.8190267e+01
   6.1000000e+02   1.8154219e+01
   6.2000000e+02   1.5551415e+01
   6.3000000e+02   1.6711166e+01
   6.4000000e+02   1.7994563e+01
   6.5000000e+02   1.7681946e+01
   6.6000000e+02   1.8003066e+01
   6.7000000e+02   1.8130935e+01
   6.8000000e+02   1.8137457e+01
   6.9000000e+02   1.7997415e+01
   7.0000000e+02   1.8147475e+01
   7.1000000e+02   1.8060281e+01
   7.2000000e+02   1.7455825e+01
   7.3000000e+02   1.8131619e+01
   7.4000000e+02   1.7717502e+01
   7.5000000e+02   1.8333331e+01
   7.6000000e+02   1.7783060e+01
   7.7000000e+02   1.8206273e+01
   7.8000000e+02   1.8211562e+01
   7.9000000e+02   1.8009721e+01
   8.0000000e+02   1.7728517e+01
   8.1000000e+02   1.7675942e+01
   8.2000000e+02   1.7901930e+01
   8.3000000e+02   1.7979177e+01
   8.4000000e+02   1.6677269e+01
   8.5000000e+02   1.6820186e+01
   8.6000000e+02   1.7774690e+01
   8.7000000e+02   1.7577289e+01
   8.8000000e+02   1.7441831e+01
   8.9000000e+02   1.7381036e+01
   9.0000000e+02   1.7778342e+01
   9.1000000e+02   1.7836737e+01
   9.2000000e+02   1.8000866e+01
   9.3000000e+02   1.7531474e+01
   9.4000000e+02   1.8173420e+01
   9.5000000e+02   1.8138683e+01
   9.6000000e+02   1.8407144e+01
   9.7000000e+02   1.7878146e+01
   9.8000000e+02   1.8192796e+01
   9.9000000e+02   1.7651052e+01
   1.0000000e+03   1.6692150e+01
   1.0100000e+03   1.7612971e+01
   1.0200000e+03   1.7714853e+01
   1.0300000e+03   1.7549310e+01
   1.0400000e+03   1.7674435e+01
   1.0500000e+03   1.6912641e+01
   1.0600000e+03   1.6286307e+01
   1.0700000e+03   1.7462540e+01
   1.0800000e+03   1.7059908e+01
   1.0900000e+03   1.7035432e+01
   1.1000000e+03   1.6628938e+01
   1.1100000e+03   1.6789893e+01
   1.1200000e+03   1.6672681e+01
   1.1300000e+03   1.7277329e+01
   1.1400000e+03   1.6907334e+01
   1.1500000e+03   1.5848550e+01
   1.1600000e+03   1.7425188e+01
   1.1700000e+03   1.7308780e+01
   1.1800000e+03   1.8156614e+01
   1.1900000e+03   1.6305701e+01
   1.2000000e+03   1.6792557e+01
   1.2100000e+03   1.6368530e+01
   1.2200000e+03   1.7090731e+01
   1.2300000e+03   1.7389266e+01
   1.2400000e+03   1.7326709e+01
   1.2500000e+03   1.7261986e+01
   1.2600000e+03   1.7231542e+01
   1.2700000e+03   1.7455929e+01
   1.2800000e+03   1.7408517e+01
   1.2900000e+03   1.7779287e+01
   1.3000000e+03   1.7370950e+01
   1.3100000e+03   1.7569350e+01
   1.3200000e+03   1.7563713e+01
   1.3300000e+03   1.7576270e+01
   1.3400000e+03   1.7323838e+01
   1.3500000e+03   1.7820891e+01
   1.3600000e+03   1.7372119e+01
   1.3700000e+03   1.7512713e+01
   1.3800000e+03   1.7538890e+01
   1.3900000e+03   1.7588415e+01
   1.4000000e+03   1.7797788e+01
   1.4100000e+03   1.7949161e+01
   1.4200000e+03   1.7607024e+01
   1.4300000e+03   1.7523832e+01
   1.4400000e+03   1.7834432e+01
   1.4500000e+03   1.7547830e+01
   1.4600000e+03   1.7393319e+01
   1.4700000e+03   1.7795471e+01
   1.4800000e+03   1.7660441e+01
   1.4900000e+03   1.7944123e+01
   1.5000000e+03   1.7865773e+01
   1.5100000e+03   1.7674336e+01
   1.5200000e+03   1.7780450e+01
   1.5300000e+03   1.8058088e+01
   1.5400000e+03   1.7870761e+01
   1.5500000e+03   1.7688634e+01
   1.5600000e+03   1.8071470e+01
   1.5700000e+03   1.7993359e+01
   1.5800000e+03   1.8250458e+01
   1.5900000e+03   1.8150046e+01
   1.6000000e+03   1.8368065e+01
   1.6100000e+03   1.8232897e+01
   1.6200000e+03   1.8210957e+01
   1.6300000e+03   1.8282091e+01
   1.6400000e+03   1.7920545e+01
   1.6500000e+03   1.8187608e+01
   1.6600000e+03   1.8030378e+01
   1.6700000e+03   1.8195359e+01
   1.6800000e+03   1.8229823e+01
   1.6900000e+03   1.7667646e+01
   1.7000000e+03   1.6938555e+01
   1.7100000e+03   1.7531045e+01
   1.7200000e+03   1.7725719e+01
   1.7300000e+03   1.7977768e+01
   1.7400000e+03   1.7267391e+01
   1.7500000e+03   1.8268510e+01
   1.7600000e+03   1.8434623e+01
   1.7700000e+03   1.7952824e+01
   1.7800000e+03   1.7372894e+01
   1.7900000e+03   1.8232433e+01
   1.8000000e+03   1.8365781e+01
   1.8100000e+03   1.7844404e+01
   1.8200000e+03   1.8065361e+01
   1.8300000e+03   1.8447900e+01
   1.8400000e+03   1.7787197e+01
   1.8500000e+03   1.8744178e+01
   1.8600000e+03   1.7699315e+01
   1.8700000e+03   1.7205271e+01
   1.8800000e+03   1.7602544e+01
   1.8900000e+03   1.8286898e+01
   1.9000000e+03   1.8455812e+01
   1.9100000e+03   1.8249163e+01
   1.9200000e+03   1.7994128e+01
   1.9300000e+03   1.8391474e+01
   1.9400000e+03   1.7167790e+01
   1.9500000e+03   1.7314615e+01
   1.9600000e+03   1.8487909e+01
   1.9700000e+03   1.7509057e+01
   1.9800000e+03   1.7898971e+01
   1.9900000e+03   1.8354540e+01
   2.0000000e+03   1.8423775e+01
   2.0100000e+03   1.8531817e+01
   2.0200000e+03   1.8269136e+01
   2.0300000e+03   1.8152266e+01
   2.0400000e+03   1.8002680e+01
   2.0500000e+03   1.7924884e+01
   2.0600000e+03   1.8046086e+01
   2.0700000e+03   1.7782069e+01
   2.0800000e+03   1.7898192e+01
   2.0900000e+03   1.7857035e+01
   2.1000000e+03   1.8153215e+01
   2.1100000e+03   1.7981559e+01
   2.1200000e+03   1.7700341e+01
   2.1300000e+03   1.7951979e+01
   2.1400000e+03   1.8128892e+01
   2.1500000e+03   1.8319260e+01
   2.1600000e+03   1.8492714e+01
   2.1700000e+03   1.8420262e+01
   2.1800000e+03   1.8183762e+01
   2.1900000e+03   1.8124128e+01
   2.2000000e+03   1.8011266e+01
   2.2100000e+03   1.8226332e+01
   2.2200000e+03   1.8012503e+01
   2.2300000e+03   1.8154153e+01
   2.2400000e+03   1.8071973e+01
   2.2500000e+03   1.8299472e+01
   2.2600000e+03   1.7817498e+01
   2.2700000e+03   1.8357557e+01
   2.2800000e+03   1.8413961e+01
   2.2900000e+03   1.8752795e+01
   2.3000000e+03   1.8572970e+01
   2.3100000e+03   1.8329371e+01
   2.3200000e+03   1.8505402e+01
   2.3300000e+03   1.8442853e+01
   2.3400000e+03   1.8434276e+01
   2.3500000e+03   1.8280585e+01
   2.3600000e+03   1.7999568e+01
   2.3700000e+03   1.7678503e+01
   2.3800000e+03   1.7542387e+01
   2.3900000e+03   1.7683675e+01
   2.4000000e+03   1.8300868e+01
   2.4100000e+03   1.8308495e+01
   2.4200000e+03   1.8142161e+01
   2.4300000e+03   1.8096068e+01
   2.4400000e+03   1.8450006e+01
   2.4500000e+03   1.8347478e+01
   2.4600000e+03   1.7865781e+01
   2.4700000e+03   1.7977818e+01
   2.4800000e+03   1.8282130e+01
   2.4900000e+03   1.8193302e+01
   2.5000000e+03   1.8205046e+01
   2.5100000e+03   1.7778767e+01
   2.5200000e+03   1.8288636e+01
   2.5300000e+03   1.8148935e+01
   2.5400000e+03   1.7947821e+01
   2.5500000e+03   1.8265144e+01
   2.5600000e+03   1.7699138e+01
   2.5700000e+03   1.7958838e+01
   2.5800000e+03   1.8216103e+01
   2.5900000e+03   1.8385922e+01
   2.6000000e+03   1.8371827e+01
   2.6100000e+03   1.8403543e+01
   2.6200000e+03   1.7747864e+01
   2.6300000e+03   1.8193552e+01
   2.6400000e+03   1.8198507e+01
   2.6500000e+03   1.8147227e+01
   2.6600000e+03   1.8284932e+01
   2.6700000e+03   1.8290228e+01
   2.6800000e+03   1.8276695e+01
   2.6900000e+03   1.8337754e+01
   2.7000000e+03   1.8298555e+01
   2.7100000e+03   1.8301164e+01
   2.7200000e+03   1.8339255e+01
   2.7300000e+03   1.8245154e+01
   2.7400000e+03   1.7840581e+01
   2.7500000e+03   1.8035719e+01
   2.7600000e+03   1.8145603e+01
   2.7700000e+03   1.8104419e+01
   2.7800000e+03   1.8232615e+01
   2.7900000e+03   1.7558802e+01
   2.8000000e+03   1.7299966e+01
   2.8100000e+03   1.7824660e+01
   2.8200000e+03   1.7190768e+01
   2.8300000e+03   1.7169035e+01
   2.8400000e+03   1.7235269e+01
   2.8500000e+03   1.7741679e+01
   2.8600000e+03   1.7781021e+01
   2.8700000e+03   1.7579750e+01
   2.8800000e+03   1.7728374e+01
   2.8900000e+03   1.8152635e+01
   2.9000000e+03   1.8108214e+01
   2.9100000e+03   1.7808007e+01
   2.9200000e+03   1.7899137e+01
   2.9300000e+03   1.8071186e+01
   2.9400000e+03   1.8080659e+01
   2.9500000e+03   1.7925667e+01
   2.9600000e+03   1.8239918e+01
   2.9700000e+03   1.7288166e+01
   2.9800000e+03   1.8151413e+01
   2.9900000e+03   1.7057458e+01
   3.0000000e+03   1.8061853e+01
   3.0100000e+03   1.8246519e+01
   3.0200000e+03   1.8113323e+01
   3.0300000e+03   1.8268003e+01
   3.0400000e+03   1.7376968e+01
   3.0500000e+03   1.7544810e+01
   3.0600000e+03   1.7863274e+01
   3.0700000e+03   1.8235021e+01
   3.0800000e+03   1.7843650e+01
   3.0900000e+03   1.8475636e+01
   3.1000000e+03   1.8310046e+01
   3.1100000e+03   1.8361874e+01
   3.1200000e+03   1.7909302e+01
   3.1300000e+03   1.8212958e+01
   3.1400000e+03   1.8239514e+01
   3.1500000e+03   1.8323154e+01
   3.1600000e+03   1.8008524e+01
   3.1700000e+03   1.8067533e+01
   3.1800000e+03   1.8205198e+01
   3.1900000e+03   1.8139031e+01
   3.2000000e+03   1.8030507e+01
   3.2100000e+03   1.7870576e+01
   3.2200000e+03   1.7798555e+01
   3.2300000e+03   1.7877046e+01
   3.2400000e+03   1.7917021e+01
   3.2500000e+03   1.7688176e+01
   3.2600000e+03   1.8327114e+01
   3.2700000e+03   1.7490236e+01
   3.2800000e+03   1.8453673e+01
   3.2900000e+03   1.8439177e+01
   3.3000000e+03   1.7975141e+01
   3.3100000e+03   1.8034214e+01
   3.3200000e+03   1.8174225e+01
   3.3300000e+03   1.7816563e+01
   3.3400000e+03   1.8274376e+01
   3.3500000e+03   1.8095107e+01
   3.3600000e+03   1.7558251e+01
   3.3700000e+03   1.8175983e+01
   3.3800000e+03   1.7304657e+01
   3.3900000e+03   1.7786378e+01
   3.4000000e+03   1.7930987e+01
   3.4100000e+03   1.8169833e+01
   3.4200000e+03   1.8220996e+01
   3.4300000e+03   1.7581962e+01
   3.4400000e+03   1.7629862e+01
   3.4500000e+03   1.8724138e+01
   3.4600000e+03   1.7831249e+01
   3.4700000e+03   1.7910263e+01
   3.4800000e+03   1.8030224e+01
   3.4900000e+03   1.8670626e+01
