   0.0000000e+00   4.1356596e-03
   1.0000000e+01   1.9173831e-03
   2.0000000e+01   7.5927524e-03
   3.0000000e+01  -2.2199050e-03
   4.0000000e+01  -6.4003793e-03
   5.0000000e+01   5.4539775e-03
   6.0000000e+01   6.8699778e-03
   7.0000000e+01   2.7363748e-02
   8.0000000e+01   1.1111141e-01
   9.0000000e+01   3.1173652e-01
   1.0000000e+02   5.2180610e-01
   1.1000000e+02   6.3027975e-01
   1.2000000e+02   9.2954386e-01
   1.3000000e+02   9.7238859e-01
   1.4000000e+02   1.0455800e+00
   1.5000000e+02   1.0455386e+00
   1.6000000e+02   1.1065006e+00
   1.7000000e+02   1.3906632e+00
   1.8000000e+02   1.4383637e+00
   1.9000000e+02   1.7306027e+00
   2.0000000e+02   1.9102636e+00
   2.1000000e+02   2.1800774e+00
   2.2000000e+02   2.4402452e+00
   2.3000000e+02   2.7494853e+00
   2.4000000e+02   2.9381075e+00
   2.5000000e+02   3.2222285e+00
   2.6000000e+02   3.4819913e+00
   2.7000000e+02   3.7329943e+00
   2.8000000e+02   3.9235898e+00
   2.9000000e+02   4.2309515e+00
   3.0000000e+02   4.4109281e+00
   3.1000000e+02   4.6696184e+00
   3.2000000e+02   4.8375410e+00
   3.3000000e+02   5.0610036e+00
   3.4000000e+02   5.2504237e+00
   3.5000000e+02   5.4613990e+00
   3.6000000e+02   5.7617264e+00
   3.7000000e+02   6.0925054e+00
   3.8000000e+02   6.3016102e+00
   3.9000000e+02   6.3487899e+00
   4.0000000e+02   6.4674825e+00
   4.1000000e+02   6.9278122e+00
   4.2000000e+02   7.1902649e+00
   4.3000000e+02   7.2065512e+00
   4.4000000e+02   7.5865864e+00
   4.5000000e+02   7.7660588e+00
   4.6000000e+02   7.7580510e+00
   4.7000000e+02   7.8223449e+00
   4.8000000e+02   7.7583015e+00
   4.9000000e+02   7.7719240e+00
   5.0000000e+02   8.2343427e+00
   5.1000000e+02   8.1695664e+00
   5.2000000e+02   8.3640879e+00
   5.3000000e+02   8.2725554e+00
   5.4000000e+02   8.6476377e+00
   5.5000000e+02   8.7027955e+00
   5.6000000e+02   8.5172549e+00
   5.7000000e+02   8.6041225e+00
   5.8000000e+02   8.6406538e+00
   5.9000000e+02   8.7720270e+00
   6.0000000e+02   8.8599428e+00
   6.1000000e+02   8.8539692e+00
   6.2000000e+02   8.7218380e+00
   6.3000000e+02   8.7809447e+00
   6.4000000e+02   8.9242896e+00
   6.5000000e+02   8.7040389e+00
   6.6000000e+02   8.7397988e+00
   6.7000000e+02   8.8287817e+00
   6.8000000e+02   8.8621091e+00
   6.9000000e+02   9.1507083e+00
   7.0000000e+02   9.1337906e+00
   7.1000000e+02   9.0459453e+00
   7.2000000e+02   9.6868634e+00
   7.3000000e+02   9.7518925e+00
   7.4000000e+02   9.9265412e+00
   7.5000000e+02   9.9794140e+00
   7.6000000e+02   1.0229471e+01
   7.7000000e+02   1.0347020e+01
   7.8000000e+02   1.0305179e+01
   7.9000000e+02   1.0543673e+01
   8.0000000e+02   1.0364401e+01
   8.1000000e+02   1.0568737e+01
   8.2000000e+02   1.0717075e+01
   8.3000000e+02   1.0863328e+01
   8.4000000e+02   1.1143555e+01
   8.5000000e+02   1.1184245e+01
   8.6000000e+02   1.1276462e+01
   8.7000000e+02   1.1122273e+01
   8.8000000e+02   1.1171118e+01
   8.9000000e+02   1.0724709e+01
   9.0000000e+02   1.1068246e+01
   9.1000000e+02   1.1156440e+01
   9.2000000e+02   1.1111511e+01
   9.3000000e+02   1.0914960e+01
   9.4000000e+02   1.1045329e+01
   9.5000000e+02   1.0994493e+01
   9.6000000e+02   1.0952924e+01
   9.7000000e+02   1.1157530e+01
   9.8000000e+02   1.1386454e+01
   9.9000000e+02   1.1316699e+01
   1.0000000e+03   1.1405880e+01
   1.0100000e+03   1.1636661e+01
   1.0200000e+03   1.1743989e+01
   1.0300000e+03   1.1815740e+01
   1.0400000e+03   1.2134837e+01
   1.0500000e+03   1.2179636e+01
   1.0600000e+03   1.2305934e+01
   1.0700000e+03   1.2438376e+01
   1.0800000e+03   1.2498190e+01
   1.0900000e+03   1.2393768e+01
   1.1000000e+03   1.2492987e+01
   1.1100000e+03   1.2564322e+01
   1.1200000e+03   1.2317762e+01
   1.1300000e+03   1.2407589e+01
   1.1400000e+03   1.2621293e+01
   1.1500000e+03   1.2853762e+01
   1.1600000e+03   1.2693221e+01
   1.1700000e+03   1.2678744e+01
   1.1800000e+03   1.2420410e+01
   1.1900000e+03   1.2459260e+01
   1.2000000e+03   1.2393669e+01
   1.2100000e+03   1.2372799e+01
   1.2200000e+03   1.2221921e+01
   1.2300000e+03   1.2276329e+01
   1.2400000e+03   1.1929581e+01
   1.2500000e+03   1.2267450e+01
   1.2600000e+03   1.2125487e+01
   1.2700000e+03   1.2165710e+01
   1.2800000e+03   1.2180998e+01
   1.2900000e+03   1.2230308e+01
   1.3000000e+03   1.2282295e+01
   1.3100000e+03   1.2408157e+01
   1.3200000e+03   1.2412134e+01
   1.3300000e+03   1.2643608e+01
   1.3400000e+03   1.2681592e+01
   1.3500000e+03   1.2759203e+01
   1.3600000e+03   1.2828235e+01
   1.3700000e+03   1.2863193e+01
   1.3800000e+03   1.2920329e+01
   1.3900000e+03   1.3016740e+01
   1.4000000e+03   1.2949842e+01
   1.4100000e+03   1.2755247e+01
   1.4200000e+03   1.2948134e+01
   1.4300000e+03   1.2902022e+01
   1.4400000e+03   1.2832891e+01
   1.4500000e+03   1.2776331e+01
   1.4600000e+03   1.2580637e+01
   1.4700000e+03   1.2856060e+01
   1.4800000e+03   1.2764814e+01
   1.4900000e+03   1.2570985e+01
   1.5000000e+03   1.2431584e+01
   1.5100000e+03   1.2600765e+01
   1.5200000e+03   1.2486619e+01
   1.5300000e+03   1.2208129e+01
   1.5400000e+03   1.2149892e+01
   1.5500000e+03   1.2041506e+01
   1.5600000e+03   1.2094492e+01
   1.5700000e+03   1.2205768e+01
   1.5800000e+03   1.2191415e+01
   1.5900000e+03   1.2368271e+01
   1.6000000e+03   1.2256220e+01
   1.6100000e+03   1.2210054e+01
   1.6200000e+03   1.2044518e+01
   1.6300000e+03   1.2075352e+01
   1.6400000e+03   1.2087170e+01
   1.6500000e+03   1.1917474e+01
   1.6600000e+03   1.1812988e+01
   1.6700000e+03   1.1857967e+01
   1.6800000e+03   1.1582911e+01
   1.6900000e+03   1.1517472e+01
   1.7000000e+03   1.1480799e+01
   1.7100000e+03   1.1184107e+01
   1.7200000e+03   1.1301651e+01
   1.7300000e+03   1.1254589e+01
   1.7400000e+03   1.1199612e+01
   1.7500000e+03   1.0965596e+01
   1.7600000e+03   1.0919868e+01
   1.7700000e+03   1.0970362e+01
   1.7800000e+03   1.0976414e+01
   1.7900000e+03   1.1005754e+01
   1.8000000e+03   1.1115475e+01
   1.8100000e+03   1.1291883e+01
   1.8200000e+03   1.1450171e+01
   1.8300000e+03   1.1340811e+01
   1.8400000e+03   1.1406725e+01
   1.8500000e+03   1.1578210e+01
   1.8600000e+03   1.1621836e+01
   1.8700000e+03   1.1708063e+01
   1.8800000e+03   1.1855442e+01
   1.8900000e+03   1.2020066e+01
   1.9000000e+03   1.1925554e+01
   1.9100000e+03   1.2109214e+01
   1.9200000e+03   1.1991220e+01
   1.9300000e+03   1.2145722e+01
   1.9400000e+03   1.2177956e+01
   1.9500000e+03   1.2241155e+01
   1.9600000e+03   1.2445878e+01
   1.9700000e+03   1.2274031e+01
   1.9800000e+03   1.2440882e+01
   1.9900000e+03   1.2434666e+01
   2.0000000e+03   1.2496007e+01
   2.0100000e+03   1.2630175e+01
   2.0200000e+03   1.2608733e+01
   2.0300000e+03   1.2485214e+01
   2.0400000e+03   1.2640904e+01
   2.0500000e+03   1.2731511e+01
   2.0600000e+03   1.2665957e+01
   2.0700000e+03   1.2617686e+01
   2.0800000e+03   1.2653665e+01
   2.0900000e+03   1.2630965e+01
   2.1000000e+03   1.2621388e+01
   2.1100000e+03   1.2716760e+01
   2.1200000e+03   1.2481397e+01
   2.1300000e+03   1.2477789e+01
   2.1400000e+03   1.2583409e+01
   2.1500000e+03   1.2522520e+01
   2.1600000e+03   1.2629789e+01
   2.1700000e+03   1.2566306e+01
   2.1800000e+03   1.2663868e+01
   2.1900000e+03   1.2477307e+01
   2.2000000e+03   1.2597971e+01
   2.2100000e+03   1.2614925e+01
   2.2200000e+03   1.2452089e+01
   2.2300000e+03   1.2429207e+01
   2.2400000e+03   1.2563808e+01
   2.2500000e+03   1.2578420e+01
   2.2600000e+03   1.2346754e+01
   2.2700000e+03   1.2839985e+01
   2.2800000e+03   1.2673477e+01
   2.2900000e+03   1.2496869e+01
   2.3000000e+03   1.2562840e+01
   2.3100000e+03   1.2429075e+01
   2.3200000e+03   1.2442286e+01
   2.3300000e+03   1.2408332e+01
   2.3400000e+03   1.2319214e+01
   2.3500000e+03   1.1933211e+01
   2.3600000e+03   1.2101222e+01
   2.3700000e+03   1.2162539e+01
   2.3800000e+03   1.1928818e+01
   2.3900000e+03   1.1864849e+01
   2.4000000e+03   1.1960570e+01
   2.4100000e+03   1.1950485e+01
   2.4200000e+03   1.1755864e+01
   2.4300000e+03   1.1820891e+01
   2.4400000e+03   1.1903736e+01
   2.4500000e+03   1.1856979e+01
   2.4600000e+03   1.1895903e+01
   2.4700000e+03   1.1881016e+01
   2.4800000e+03   1.1954578e+01
   2.4900000e+03   1.2028276e+01
   2.5000000e+03   1.2130959e+01
   2.5100000e+03   1.2118519e+01
   2.5200000e+03   1.1999439e+01
   2.5300000e+03   1.2268701e+01
   2.5400000e+03   1.2097110e+01
   2.5500000e+03   1.2495541e+01
   2.5600000e+03   1.2267738e+01
   2.5700000e+03   1.2315307e+01
   2.5800000e+03   1.2391585e+01
   2.5900000e+03   1.2476231e+01
   2.6000000e+03   1.2425949e+01
   2.6100000e+03   1.2406919e+01
   2.6200000e+03   1.2454240e+01
   2.6300000e+03   1.2472444e+01
   2.6400000e+03   1.2603001e+01
   2.6500000e+03   1.2567785e+01
   2.6600000e+03   1.2571426e+01
   2.6700000e+03   1.2681508e+01
   2.6800000e+03   1.2548423e+01
   2.6900000e+03   1.2513423e+01
   2.7000000e+03   1.2770359e+01
   2.7100000e+03   1.2543746e+01
   2.7200000e+03   1.2524620e+01
   2.7300000e+03   1.2676083e+01
   2.7400000e+03   1.2703861e+01
   2.7500000e+03   1.2797459e+01
   2.7600000e+03   1.2779321e+01
   2.7700000e+03   1.2710269e+01
   2.7800000e+03   1.3040171e+01
   2.7900000e+03   1.2998488e+01
   2.8000000e+03   1.2986946e+01
   2.8100000e+03   1.2841172e+01
   2.8200000e+03   1.3051729e+01
   2.8300000e+03   1.2842873e+01
   2.8400000e+03   1.3211058e+01
   2.8500000e+03   1.3086304e+01
   2.8600000e+03   1.3132788e+01
   2.8700000e+03   1.3204554e+01
   2.8800000e+03   1.3340628e+01
   2.8900000e+03   1.3153510e+01
   2.9000000e+03   1.3338010e+01
   2.9100000e+03   1.3025315e+01
   2.9200000e+03   1.2980096e+01
   2.9300000e+03   1.2896556e+01
   2.9400000e+03   1.3126611e+01
   2.9500000e+03   1.2944728e+01
   2.9600000e+03   1.3038906e+01
   2.9700000e+03   1.2967759e+01
   2.9800000e+03   1.3611759e+01
   2.9900000e+03   1.3278419e+01
   3.0000000e+03   1.2855748e+01
   3.0100000e+03   1.3121836e+01
   3.0200000e+03   1.3136574e+01
   3.0300000e+03   1.3046383e+01
   3.0400000e+03   1.3103132e+01
   3.0500000e+03   1.2980053e+01
   3.0600000e+03   1.2840742e+01
   3.0700000e+03   1.2972304e+01
   3.0800000e+03   1.2727572e+01
   3.0900000e+03   1.2900955e+01
   3.1000000e+03   1.2971144e+01
   3.1100000e+03   1.3010317e+01
   3.1200000e+03   1.2757370e+01
   3.1300000e+03   1.2903443e+01
   3.1400000e+03   1.2940731e+01
   3.1500000e+03   1.2910120e+01
   3.1600000e+03   1.2925669e+01
   3.1700000e+03   1.2877735e+01
   3.1800000e+03   1.2939475e+01
   3.1900000e+03   1.3158658e+01
   3.2000000e+03   1.3145568e+01
   3.2100000e+03   1.2997346e+01
   3.2200000e+03   1.3103520e+01
   3.2300000e+03   1.2975663e+01
   3.2400000e+03   1.3176213e+01
   3.2500000e+03   1.3115128e+01
   3.2600000e+03   1.3334968e+01
   3.2700000e+03   1.3112837e+01
   3.2800000e+03   1.3149539e+01
   3.2900000e+03   1.3036030e+01
   3.3000000e+03   1.3226688e+01
   3.3100000e+03   1.3094031e+01
   3.3200000e+03   1.3199642e+01
   3.3300000e+03   1.3047449e+01
   3.3400000e+03   1.3110069e+01
   3.3500000e+03   1.2903728e+01
   3.3600000e+03   1.3040325e+01
   3.3700000e+03   1.3126451e+01
   3.3800000e+03   1.3304950e+01
   3.3900000e+03   1.3024583e+01
   3.4000000e+03   1.3008590e+01
   3.4100000e+03   1.3044957e+01
   3.4200000e+03   1.2917754e+01
   3.4300000e+03   1.2863950e+01
   3.4400000e+03   1.2819221e+01
   3.4500000e+03   1.2748588e+01
   3.4600000e+03   1.2700676e+01
   3.4700000e+03   1.2514837e+01
   3.4800000e+03   1.2356640e+01
   3.4900000e+03   1.2446975e+01
