   0.0000000e+00  -2.9151085e-04
   1.0000000e+01  -4.8304176e-03
   2.0000000e+01   4.9254639e-03
   3.0000000e+01  -8.5313480e-03
   4.0000000e+01  -6.1273668e-02
   5.0000000e+01   1.9276562e-02
   6.0000000e+01   1.1984881e-01
   7.0000000e+01   1.5528699e-01
   8.0000000e+01  -1.0350090e+00
   9.0000000e+01  -6.6550939e+00
   1.0000000e+02  -9.8108813e+00
   1.1000000e+02  -1.1810121e+01
   1.2000000e+02  -1.3585099e+01
   1.3000000e+02  -1.5210176e+01
   1.4000000e+02  -1.6382563e+01
   1.5000000e+02  -1.7917585e+01
   1.6000000e+02  -1.8428151e+01
   1.7000000e+02  -1.9040629e+01
   1.8000000e+02  -1.9071203e+01
   1.9000000e+02  -2.0116133e+01
   2.0000000e+02  -1.9656460e+01
   2.1000000e+02  -2.0109294e+01
   2.2000000e+02  -2.0753562e+01
   2.3000000e+02  -2.0771059e+01
   2.4000000e+02  -2.1153971e+01
   2.5000000e+02  -2.0863208e+01
   2.6000000e+02  -2.1025757e+01
   2.7000000e+02  -2.0864224e+01
   2.8000000e+02  -2.0606733e+01
   2.9000000e+02  -2.0652865e+01
   3.0000000e+02  -2.1252296e+01
   3.1000000e+02  -2.1002628e+01
   3.2000000e+02  -2.1157805e+01
   3.3000000e+02  -2.0828027e+01
   3.4000000e+02  -2.0821708e+01
   3.5000000e+02  -2.0253847e+01
   3.6000000e+02  -2.1116264e+01
   3.7000000e+02  -2.0109872e+01
   3.8000000e+02  -2.0666062e+01
   3.9000000e+02  -2.0822959e+01
   4.0000000e+02  -2.1219225e+01
   4.1000000e+02  -2.0280011e+01
   4.2000000e+02  -2.0797806e+01
   4.3000000e+02  -2.0391766e+01
   4.4000000e+02  -2.1085118e+01
   4.5000000e+02  -2.1285280e+01
   4.6000000e+02  -2.1334303e+01
   4.7000000e+02  -2.1841879e+01
   4.8000000e+02  -2.0883395e+01
   4.9000000e+02  -2.1936681e+01
   5.0000000e+02  -1.9724912e+01
   5.1000000e+02  -1.9981348e+01
   5.2000000e+02  -1.9791361e+01
   5.3000000e+02  -1.9725074e+01
   5.4000000e+02  -2.0389067e+01
   5.5000000e+02  -2.0045782e+01
   5.6000000e+02  -1.9794689e+01
   5.7000000e+02  -1.8489817e+01
   5.8000000e+02  -1.9024130e+01
   5.9000000e+02  -1.8620972e+01
   6.0000000e+02  -1.7859370e+01
   6.1000000e+02  -1.9405702e+01
   6.2000000e+02  -1.8395240e+01
   6.3000000e+02  -1.8666578e+01
   6.4000000e+02  -1.8601149e+01
   6.5000000e+02  -1.7743194e+01
   6.6000000e+02  -1.8674722e+01
   6.7000000e+02  -1.9960788e+01
   6.8000000e+02  -1.8394716e+01
   6.9000000e+02  -1.9409658e+01
   7.0000000e+02  -1.8261961e+01
   7.1000000e+02  -1.9497279e+01
   7.2000000e+02  -1.9594893e+01
   7.3000000e+02  -1.9009401e+01
   7.4000000e+02  -1.9471307e+01
   7.5000000e+02  -1.7946631e+01
   7.6000000e+02  -1.8661294e+01
   7.7000000e+02  -1.7300531e+01
   7.8000000e+02  -1.7290028e+01
   7.9000000e+02  -1.8088077e+01
   8.0000000e+02  -1.6859049e+01
   8.1000000e+02  -1.9285770e+01
   8.2000000e+02  -1.7780342e+01
   8.3000000e+02  -1.8486546e+01
   8.4000000e+02  -1.8338829e+01
   8.5000000e+02  -1.7150162e+01
   8.6000000e+02  -1.8795369e+01
   8.7000000e+02  -1.8244752e+01
   8.8000000e+02  -1.6550417e+01
   8.9000000e+02  -1.9080596e+01
   9.0000000e+02  -1.9434443e+01
   9.1000000e+02  -1.8817207e+01
   9.2000000e+02  -1.8340976e+01
   9.3000000e+02  -1.8122300e+01
   9.4000000e+02  -1.8097604e+01
   9.5000000e+02  -1.9342898e+01
   9.6000000e+02  -1.8411328e+01
   9.7000000e+02  -1.7521037e+01
   9.8000000e+02  -1.5825683e+01
   9.9000000e+02  -1.5735346e+01
   1.0000000e+03  -1.9251501e+01
   1.0100000e+03  -1.8101354e+01
   1.0200000e+03  -1.8763041e+01
   1.0300000e+03  -1.6855321e+01
   1.0400000e+03  -1.6160214e+01
   1.0500000e+03  -1.5460840e+01
   1.0600000e+03  -1.6872173e+01
   1.0700000e+03  -1.6056424e+01
   1.0800000e+03  -1.6430994e+01
   1.0900000e+03  -1.7440556e+01
   1.1000000e+03  -1.7649453e+01
   1.1100000e+03  -1.7720146e+01
   1.1200000e+03  -1.6963039e+01
   1.1300000e+03  -1.6453579e+01
   1.1400000e+03  -1.7504508e+01
   1.1500000e+03  -1.7706371e+01
   1.1600000e+03  -1.6111076e+01
   1.1700000e+03  -1.6924722e+01
   1.1800000e+03  -1.6710055e+01
   1.1900000e+03  -1.6190755e+01
   1.2000000e+03  -1.6370277e+01
   1.2100000e+03  -1.6189726e+01
   1.2200000e+03  -1.7145041e+01
   1.2300000e+03  -1.6464534e+01
   1.2400000e+03  -1.7896879e+01
   1.2500000e+03  -1.6366914e+01
   1.2600000e+03  -1.6946836e+01
   1.2700000e+03  -1.7497335e+01
   1.2800000e+03  -1.5995367e+01
   1.2900000e+03  -1.6178733e+01
   1.3000000e+03  -1.5529381e+01
   1.3100000e+03  -1.8218688e+01
   1.3200000e+03  -1.4744593e+01
   1.3300000e+03  -1.5379962e+01
   1.3400000e+03  -1.5067607e+01
   1.3500000e+03  -1.5583285e+01
   1.3600000e+03  -1.5364396e+01
   1.3700000e+03  -1.5569426e+01
   1.3800000e+03  -1.5471103e+01
   1.3900000e+03  -1.5285479e+01
   1.4000000e+03  -1.4891010e+01
   1.4100000e+03  -1.3997093e+01
   1.4200000e+03  -1.5477759e+01
   1.4300000e+03  -1.5010716e+01
   1.4400000e+03  -1.6300795e+01
   1.4500000e+03  -1.5603244e+01
   1.4600000e+03  -1.4611153e+01
   1.4700000e+03  -1.6195852e+01
   1.4800000e+03  -1.7070081e+01
   1.4900000e+03  -1.5903651e+01
   1.5000000e+03  -1.6153814e+01
   1.5100000e+03  -1.6242795e+01
   1.5200000e+03  -1.7070071e+01
   1.5300000e+03  -1.6983782e+01
   1.5400000e+03  -1.7764209e+01
   1.5500000e+03  -1.6422334e+01
   1.5600000e+03  -1.7107443e+01
   1.5700000e+03  -1.6974423e+01
   1.5800000e+03  -1.7625600e+01
   1.5900000e+03  -1.7593389e+01
   1.6000000e+03  -1.8739716e+01
   1.6100000e+03  -1.8645158e+01
   1.6200000e+03  -1.7828553e+01
   1.6300000e+03  -1.8574729e+01
   1.6400000e+03  -1.7582362e+01
   1.6500000e+03  -1.8050781e+01
   1.6600000e+03  -1.8768328e+01
   1.6700000e+03  -1.8173664e+01
   1.6800000e+03  -1.8914088e+01
   1.6900000e+03  -1.8685145e+01
   1.7000000e+03  -1.8081518e+01
   1.7100000e+03  -1.8901588e+01
   1.7200000e+03  -1.8952117e+01
   1.7300000e+03  -1.9583857e+01
   1.7400000e+03  -1.9237357e+01
   1.7500000e+03  -1.9051850e+01
   1.7600000e+03  -1.9649043e+01
   1.7700000e+03  -1.9486669e+01
   1.7800000e+03  -2.0146926e+01
   1.7900000e+03  -1.9502959e+01
   1.8000000e+03  -1.9903045e+01
   1.8100000e+03  -2.0117529e+01
   1.8200000e+03  -2.0450712e+01
   1.8300000e+03  -2.0149712e+01
   1.8400000e+03  -1.9930814e+01
   1.8500000e+03  -1.9535991e+01
   1.8600000e+03  -1.9953663e+01
   1.8700000e+03  -2.0129169e+01
   1.8800000e+03  -2.0377598e+01
   1.8900000e+03  -1.9771625e+01
   1.9000000e+03  -1.9838484e+01
   1.9100000e+03  -2.0453751e+01
   1.9200000e+03  -1.9161893e+01
   1.9300000e+03  -2.0172243e+01
   1.9400000e+03  -1.9453563e+01
   1.9500000e+03  -1.8707223e+01
   1.9600000e+03  -2.0274769e+01
   1.9700000e+03  -2.0434350e+01
   1.9800000e+03  -2.0174515e+01
   1.9900000e+03  -2.0356877e+01
   2.0000000e+03  -2.0543576e+01
   2.0100000e+03  -2.0648320e+01
   2.0200000e+03  -2.1195020e+01
   2.0300000e+03  -2.0298141e+01
   2.0400000e+03  -2.0488624e+01
   2.0500000e+03  -2.0037634e+01
   2.0600000e+03  -2.0710067e+01
   2.0700000e+03  -1.9733466e+01
   2.0800000e+03  -1.9107495e+01
   2.0900000e+03  -1.9745044e+01
   2.1000000e+03  -1.9566355e+01
   2.1100000e+03  -1.9744671e+01
   2.1200000e+03  -1.9983121e+01
   2.1300000e+03  -2.0146499e+01
   2.1400000e+03  -1.9709242e+01
   2.1500000e+03  -1.9844306e+01
   2.1600000e+03  -1.9585632e+01
   2.1700000e+03  -1.9497145e+01
   2.1800000e+03  -1.9000740e+01
   2.1900000e+03  -1.8201417e+01
   2.2000000e+03  -2.0036395e+01
   2.2100000e+03  -1.8892175e+01
   2.2200000e+03  -1.9117500e+01
   2.2300000e+03  -1.8774825e+01
   2.2400000e+03  -2.0479954e+01
   2.2500000e+03  -1.9782686e+01
   2.2600000e+03  -1.9220901e+01
   2.2700000e+03  -1.9305751e+01
   2.2800000e+03  -1.9068367e+01
   2.2900000e+03  -1.9627839e+01
   2.3000000e+03  -2.0243363e+01
   2.3100000e+03  -1.9328999e+01
   2.3200000e+03  -1.9832391e+01
   2.3300000e+03  -1.9532714e+01
   2.3400000e+03  -1.9624827e+01
   2.3500000e+03  -2.0288186e+01
   2.3600000e+03  -2.0782208e+01
   2.3700000e+03  -1.9998038e+01
   2.3800000e+03  -2.0475646e+01
   2.3900000e+03  -2.0510296e+01
   2.4000000e+03  -2.0022645e+01
   2.4100000e+03  -2.0420432e+01
   2.4200000e+03  -1.9263128e+01
   2.4300000e+03  -1.9325115e+01
   2.4400000e+03  -1.9439477e+01
   2.4500000e+03  -1.8894020e+01
   2.4600000e+03  -1.9868968e+01
   2.4700000e+03  -1.9478710e+01
   2.4800000e+03  -1.9339532e+01
   2.4900000e+03  -1.8990573e+01
   2.5000000e+03  -1.8552376e+01
   2.5100000e+03  -1.9349731e+01
   2.5200000e+03  -1.9865345e+01
   2.5300000e+03  -1.9404232e+01
   2.5400000e+03  -1.9019794e+01
   2.5500000e+03  -1.8150668e+01
   2.5600000e+03  -2.0508492e+01
   2.5700000e+03  -1.9811060e+01
   2.5800000e+03  -1.8552692e+01
   2.5900000e+03  -1.8000994e+01
   2.6000000e+03  -1.7489210e+01
   2.6100000e+03  -1.7422413e+01
   2.6200000e+03  -1.7775605e+01
   2.6300000e+03  -1.8116939e+01
   2.6400000e+03  -1.8198462e+01
   2.6500000e+03  -1.8206697e+01
   2.6600000e+03  -1.7517497e+01
   2.6700000e+03  -1.7803496e+01
   2.6800000e+03  -1.8905124e+01
   2.6900000e+03  -1.6719928e+01
   2.7000000e+03  -1.8523404e+01
   2.7100000e+03  -1.8549012e+01
   2.7200000e+03  -1.8250763e+01
   2.7300000e+03  -1.7940537e+01
   2.7400000e+03  -1.7108831e+01
   2.7500000e+03  -1.8011429e+01
   2.7600000e+03  -1.6535163e+01
   2.7700000e+03  -1.6733873e+01
   2.7800000e+03  -1.8213279e+01
   2.7900000e+03  -1.7647044e+01
   2.8000000e+03  -1.7658526e+01
   2.8100000e+03  -1.6349419e+01
   2.8200000e+03  -1.7760506e+01
   2.8300000e+03  -1.7264134e+01
   2.8400000e+03  -1.7113162e+01
   2.8500000e+03  -1.7361277e+01
   2.8600000e+03  -1.8429539e+01
   2.8700000e+03  -1.9536120e+01
   2.8800000e+03  -1.7720879e+01
   2.8900000e+03  -1.7739151e+01
   2.9000000e+03  -1.8800037e+01
   2.9100000e+03  -1.8074250e+01
   2.9200000e+03  -1.8128408e+01
   2.9300000e+03  -1.8801351e+01
   2.9400000e+03  -1.8212081e+01
   2.9500000e+03  -1.8538717e+01
   2.9600000e+03  -1.7851148e+01
   2.9700000e+03  -1.8731707e+01
   2.9800000e+03  -1.8528629e+01
   2.9900000e+03  -1.9756665e+01
   3.0000000e+03  -1.9190946e+01
   3.0100000e+03  -1.8915747e+01
   3.0200000e+03  -1.8259418e+01
   3.0300000e+03  -1.9116048e+01
   3.0400000e+03  -1.9073880e+01
   3.0500000e+03  -1.9624818e+01
   3.0600000e+03  -1.9116331e+01
   3.0700000e+03  -1.9376132e+01
   3.0800000e+03  -2.0187142e+01
   3.0900000e+03  -1.9301737e+01
   3.1000000e+03  -1.9124254e+01
   3.1100000e+03  -1.8906501e+01
   3.1200000e+03  -1.8967206e+01
   3.1300000e+03  -1.8314609e+01
   3.1400000e+03  -1.8894340e+01
   3.1500000e+03  -1.9067762e+01
   3.1600000e+03  -1.9010930e+01
   3.1700000e+03  -1.9564528e+01
   3.1800000e+03  -1.8448393e+01
   3.1900000e+03  -1.8333580e+01
   3.2000000e+03  -1.8116157e+01
   3.2100000e+03  -1.7795164e+01
   3.2200000e+03  -1.7458845e+01
   3.2300000e+03  -1.7645843e+01
   3.2400000e+03  -1.9963115e+01
   3.2500000e+03  -1.9540110e+01
   3.2600000e+03  -1.9966805e+01
   3.2700000e+03  -1.9210258e+01
   3.2800000e+03  -2.0124190e+01
   3.2900000e+03  -1.9649602e+01
   3.3000000e+03  -1.9690006e+01
   3.3100000e+03  -1.9339647e+01
   3.3200000e+03  -1.9446494e+01
   3.3300000e+03  -1.9546686e+01
   3.3400000e+03  -2.0289077e+01
   3.3500000e+03  -1.9058774e+01
   3.3600000e+03  -1.9764484e+01
   3.3700000e+03  -1.9811108e+01
   3.3800000e+03  -2.0275147e+01
   3.3900000e+03  -1.9891929e+01
   3.4000000e+03  -2.0426814e+01
   3.4100000e+03  -2.0557448e+01
   3.4200000e+03  -1.9401262e+01
   3.4300000e+03  -2.0382017e+01
   3.4400000e+03  -2.0651414e+01
   3.4500000e+03  -2.0256670e+01
   3.4600000e+03  -2.0024263e+01
   3.4700000e+03  -2.0225702e+01
   3.4800000e+03  -1.9363769e+01
   3.4900000e+03  -1.9797094e+01
