   0.0000000e+00   3.6528032e-03
   1.0000000e+01  -3.9876755e-04
   2.0000000e+01   1.2293169e-02
   3.0000000e+01   8.2361560e-03
   4.0000000e+01   1.3350329e-01
   5.0000000e+01   5.5805282e-01
   6.0000000e+01   1.1836963e+00
   7.0000000e+01   1.8748885e+00
   8.0000000e+01   2.0019900e+00
   9.0000000e+01   2.1438661e+00
   1.0000000e+02   2.4814408e+00
   1.1000000e+02   2.4631203e+00
   1.2000000e+02   2.4726211e+00
   1.3000000e+02   2.3687870e+00
   1.4000000e+02   2.4750787e+00
   1.5000000e+02   2.3079285e+00
   1.6000000e+02   2.3565544e+00
   1.7000000e+02   2.3037500e+00
   1.8000000e+02   2.2423387e+00
   1.9000000e+02   2.2174473e+00
   2.0000000e+02   2.1231334e+00
   2.1000000e+02   2.2770944e+00
   2.2000000e+02   2.1396885e+00
   2.3000000e+02   2.2059651e+00
   2.4000000e+02   2.1761115e+00
   2.5000000e+02   2.0527005e+00
   2.6000000e+02   2.0620834e+00
   2.7000000e+02   2.2233972e+00
   2.8000000e+02   1.9451698e+00
   2.9000000e+02   2.0411686e+00
   3.0000000e+02   2.0730689e+00
   3.1000000e+02   1.9575958e+00
   3.2000000e+02   1.9860403e+00
   3.3000000e+02   1.9618970e+00
   3.4000000e+02   1.7674822e+00
   3.5000000e+02   2.0885652e+00
   3.6000000e+02   1.9901576e+00
   3.7000000e+02   1.9785554e+00
   3.8000000e+02   2.0281260e+00
   3.9000000e+02   1.8052852e+00
   4.0000000e+02   2.0015022e+00
   4.1000000e+02   1.8760237e+00
   4.2000000e+02   1.9962532e+00
   4.3000000e+02   1.9565867e+00
   4.4000000e+02   1.9195906e+00
   4.5000000e+02   1.8835133e+00
   4.6000000e+02   1.8114015e+00
   4.7000000e+02   1.9446589e+00
   4.8000000e+02   1.9467993e+00
   4.9000000e+02   1.6847342e+00
   5.0000000e+02   1.9691016e+00
   5.1000000e+02   1.9166198e+00
   5.2000000e+02   1.7543155e+00
   5.3000000e+02   1.7605743e+00
   5.4000000e+02   1.8543099e+00
   5.5000000e+02   2.0190023e+00
   5.6000000e+02   1.9749677e+00
   5.7000000e+02   1.8577007e+00
   5.8000000e+02   1.8379587e+00
   5.9000000e+02   1.8992360e+00
   6.0000000e+02   1.9702767e+00
   6.1000000e+02   1.7213235e+00
   6.2000000e+02   2.0873323e+00
   6.3000000e+02   2.1584243e+00
   6.4000000e+02   2.1763463e+00
   6.5000000e+02   2.2503027e+00
   6.6000000e+02   2.2186120e+00
   6.7000000e+02   2.2626246e+00
   6.8000000e+02   2.2569100e+00
   6.9000000e+02   2.1283397e+00
   7.0000000e+02   2.2770705e+00
   7.1000000e+02   2.3190274e+00
   7.2000000e+02   2.2000871e+00
   7.3000000e+02   2.0481198e+00
   7.4000000e+02   2.1937961e+00
   7.5000000e+02   2.3388797e+00
   7.6000000e+02   2.2942024e+00
   7.7000000e+02   2.3431893e+00
   7.8000000e+02   2.3429239e+00
   7.9000000e+02   1.9537088e+00
   8.0000000e+02   2.0428534e+00
   8.1000000e+02   2.2537083e+00
   8.2000000e+02   2.2789873e+00
   8.3000000e+02   2.2260220e+00
   8.4000000e+02   2.3271590e+00
   8.5000000e+02   2.1980247e+00
   8.6000000e+02   2.1374860e+00
   8.7000000e+02   2.3226825e+00
   8.8000000e+02   2.2474086e+00
   8.9000000e+02   2.2251389e+00
   9.0000000e+02   2.3507381e+00
   9.1000000e+02   2.4190704e+00
   9.2000000e+02   2.3671381e+00
   9.3000000e+02   2.2964177e+00
   9.4000000e+02   2.2885586e+00
   9.5000000e+02   2.3765698e+00
   9.6000000e+02   2.2619833e+00
   9.7000000e+02   2.4360573e+00
   9.8000000e+02   2.3071500e+00
   9.9000000e+02   2.4019168e+00
   1.0000000e+03   2.3715681e+00
   1.0100000e+03   2.3822917e+00
   1.0200000e+03   2.4681559e+00
   1.0300000e+03   2.4393035e+00
   1.0400000e+03   2.4617266e+00
   1.0500000e+03   2.5143131e+00
   1.0600000e+03   2.5158575e+00
   1.0700000e+03   2.4518738e+00
   1.0800000e+03   2.5004038e+00
   1.0900000e+03   2.5565988e+00
   1.1000000e+03   2.5542479e+00
   1.1100000e+03   2.5140588e+00
   1.1200000e+03   2.5149618e+00
   1.1300000e+03   2.5360798e+00
   1.1400000e+03   2.4825095e+00
   1.1500000e+03   2.5261989e+00
   1.1600000e+03   2.5262947e+00
   1.1700000e+03   2.4893712e+00
   1.1800000e+03   2.5382232e+00
   1.1900000e+03   2.5008738e+00
   1.2000000e+03   2.5717405e+00
   1.2100000e+03   2.5193809e+00
   1.2200000e+03   2.4977794e+00
   1.2300000e+03   2.5668906e+00
   1.2400000e+03   2.5310571e+00
   1.2500000e+03   2.5291326e+00
   1.2600000e+03   2.5557898e+00
   1.2700000e+03   2.5708385e+00
   1.2800000e+03   2.5687488e+00
   1.2900000e+03   2.4787276e+00
   1.3000000e+03   2.5033405e+00
   1.3100000e+03   2.5490700e+00
   1.3200000e+03   2.5353721e+00
   1.3300000e+03   2.5098088e+00
   1.3400000e+03   2.5659747e+00
   1.3500000e+03   2.5942452e+00
   1.3600000e+03   2.5603916e+00
   1.3700000e+03   2.5774441e+00
   1.3800000e+03   2.6214121e+00
   1.3900000e+03   2.6386087e+00
   1.4000000e+03   2.5908720e+00
   1.4100000e+03   2.6538400e+00
   1.4200000e+03   2.6129218e+00
   1.4300000e+03   2.5037363e+00
   1.4400000e+03   2.4777088e+00
   1.4500000e+03   2.5486886e+00
   1.4600000e+03   2.6231788e+00
   1.4700000e+03   2.5912260e+00
   1.4800000e+03   2.5888055e+00
   1.4900000e+03   2.5749760e+00
   1.5000000e+03   2.5532144e+00
   1.5100000e+03   2.5704539e+00
   1.5200000e+03   2.5213486e+00
   1.5300000e+03   2.5312401e+00
   1.5400000e+03   2.5345737e+00
   1.5500000e+03   2.4751914e+00
   1.5600000e+03   2.5395976e+00
   1.5700000e+03   2.5020086e+00
   1.5800000e+03   2.5185987e+00
   1.5900000e+03   2.5645314e+00
   1.6000000e+03   2.4808199e+00
   1.6100000e+03   2.4409897e+00
   1.6200000e+03   2.5090451e+00
   1.6300000e+03   2.4979597e+00
   1.6400000e+03   2.5341598e+00
   1.6500000e+03   2.5339867e+00
   1.6600000e+03   2.5141903e+00
   1.6700000e+03   2.3861662e+00
   1.6800000e+03   2.3974164e+00
   1.6900000e+03   2.3397005e+00
   1.7000000e+03   2.3551665e+00
   1.7100000e+03   2.4612591e+00
   1.7200000e+03   2.4557671e+00
   1.7300000e+03   2.2151467e+00
   1.7400000e+03   2.3220421e+00
   1.7500000e+03   2.4372047e+00
   1.7600000e+03   2.4318123e+00
   1.7700000e+03   2.3998064e+00
   1.7800000e+03   2.3751899e+00
   1.7900000e+03   2.2988747e+00
   1.8000000e+03   2.4069471e+00
   1.8100000e+03   2.4751291e+00
   1.8200000e+03   2.4449375e+00
   1.8300000e+03   2.4738868e+00
   1.8400000e+03   2.3185106e+00
   1.8500000e+03   2.4420656e+00
   1.8600000e+03   2.4726426e+00
   1.8700000e+03   2.4362283e+00
   1.8800000e+03   2.2299869e+00
   1.8900000e+03   2.3145051e+00
   1.9000000e+03   2.3854001e+00
   1.9100000e+03   2.3413271e+00
   1.9200000e+03   2.3846296e+00
   1.9300000e+03   2.4183421e+00
   1.9400000e+03   2.2921261e+00
   1.9500000e+03   2.3522867e+00
   1.9600000e+03   2.3525714e+00
   1.9700000e+03   2.4114702e+00
   1.9800000e+03   2.3347393e+00
   1.9900000e+03   2.3325638e+00
   2.0000000e+03   2.3792591e+00
   2.0100000e+03   2.2840088e+00
   2.0200000e+03   2.3842326e+00
   2.0300000e+03   2.4279897e+00
   2.0400000e+03   2.3953140e+00
   2.0500000e+03   2.3869455e+00
   2.0600000e+03   2.3759317e+00
   2.0700000e+03   2.3926041e+00
   2.0800000e+03   2.4036994e+00
   2.0900000e+03   2.3697441e+00
   2.1000000e+03   2.4268872e+00
   2.1100000e+03   2.4215707e+00
   2.1200000e+03   2.3833630e+00
   2.1300000e+03   2.2434799e+00
   2.1400000e+03   2.3337868e+00
   2.1500000e+03   2.4273503e+00
   2.1600000e+03   2.3909183e+00
   2.1700000e+03   2.4442437e+00
   2.1800000e+03   2.4440779e+00
   2.1900000e+03   2.4478863e+00
   2.2000000e+03   2.4511610e+00
   2.2100000e+03   2.4079035e+00
   2.2200000e+03   2.1986313e+00
   2.2300000e+03   2.1291597e+00
   2.2400000e+03   2.4204760e+00
   2.2500000e+03   2.4055992e+00
   2.2600000e+03   2.3144058e+00
   2.2700000e+03   2.4129197e+00
   2.2800000e+03   2.4649829e+00
   2.2900000e+03   2.3693810e+00
   2.3000000e+03   2.4442575e+00
   2.3100000e+03   2.4429330e+00
   2.3200000e+03   2.3958788e+00
   2.3300000e+03   2.3332951e+00
   2.3400000e+03   2.3730559e+00
   2.3500000e+03   2.4157873e+00
   2.3600000e+03   2.4124338e+00
   2.3700000e+03   2.2730309e+00
   2.3800000e+03   2.4446182e+00
   2.3900000e+03   2.4099772e+00
   2.4000000e+03   2.3993716e+00
   2.4100000e+03   2.4545098e+00
   2.4200000e+03   2.3737494e+00
   2.4300000e+03   2.4303098e+00
   2.4400000e+03   2.4381801e+00
   2.4500000e+03   2.4096447e+00
   2.4600000e+03   2.4887621e+00
   2.4700000e+03   2.4036811e+00
   2.4800000e+03   2.4369059e+00
   2.4900000e+03   2.4773419e+00
   2.5000000e+03   2.3959375e+00
   2.5100000e+03   2.4579118e+00
   2.5200000e+03   2.4270261e+00
   2.5300000e+03   2.4371154e+00
   2.5400000e+03   2.4057530e+00
   2.5500000e+03   2.2799361e+00
   2.5600000e+03   2.4569027e+00
   2.5700000e+03   2.4768017e+00
   2.5800000e+03   2.4694578e+00
   2.5900000e+03   2.3876070e+00
   2.6000000e+03   2.4769198e+00
   2.6100000e+03   2.4296409e+00
   2.6200000e+03   2.4184176e+00
   2.6300000e+03   2.4197893e+00
   2.6400000e+03   2.4608871e+00
   2.6500000e+03   2.4667387e+00
   2.6600000e+03   2.2625420e+00
   2.6700000e+03   2.4233143e+00
   2.6800000e+03   2.3976289e+00
   2.6900000e+03   2.3844186e+00
   2.7000000e+03   2.4067774e+00
   2.7100000e+03   2.3877658e+00
   2.7200000e+03   2.3254020e+00
   2.7300000e+03   2.3919803e+00
   2.7400000e+03   2.3983806e+00
   2.7500000e+03   2.4070694e+00
   2.7600000e+03   2.4274828e+00
   2.7700000e+03   2.3923509e+00
   2.7800000e+03   2.4410058e+00
   2.7900000e+03   2.4197533e+00
   2.8000000e+03   2.4297332e+00
   2.8100000e+03   2.4369361e+00
   2.8200000e+03   2.4519521e+00
   2.8300000e+03   2.4872203e+00
   2.8400000e+03   2.3510557e+00
   2.8500000e+03   2.0633464e+00
   2.8600000e+03   2.4046020e+00
   2.8700000e+03   2.3686648e+00
   2.8800000e+03   2.2077672e+00
   2.8900000e+03   2.3719825e+00
   2.9000000e+03   2.3680721e+00
   2.9100000e+03   2.3479238e+00
   2.9200000e+03   2.2710051e+00
   2.9300000e+03   2.3942343e+00
   2.9400000e+03   2.4563023e+00
   2.9500000e+03   2.0610217e+00
   2.9600000e+03   2.2823235e+00
   2.9700000e+03   2.4098446e+00
   2.9800000e+03   2.4191701e+00
   2.9900000e+03   2.3609196e+00
   3.0000000e+03   2.2440255e+00
   3.0100000e+03   2.3103092e+00
   3.0200000e+03   2.4179349e+00
   3.0300000e+03   2.3990312e+00
   3.0400000e+03   2.3985709e+00
   3.0500000e+03   2.3586193e+00
   3.0600000e+03   2.4038552e+00
   3.0700000e+03   2.3890216e+00
   3.0800000e+03   2.1932721e+00
   3.0900000e+03   2.3274631e+00
   3.1000000e+03   2.3547593e+00
   3.1100000e+03   2.3374744e+00
   3.1200000e+03   2.1392584e+00
   3.1300000e+03   2.2870916e+00
   3.1400000e+03   2.4056791e+00
   3.1500000e+03   2.4177212e+00
   3.1600000e+03   2.3405221e+00
   3.1700000e+03   2.1138069e+00
   3.1800000e+03   2.3692751e+00
   3.1900000e+03   2.2683142e+00
   3.2000000e+03   2.3957463e+00
   3.2100000e+03   2.3125724e+00
   3.2200000e+03   2.2738274e+00
   3.2300000e+03   2.3765802e+00
   3.2400000e+03   2.3277028e+00
   3.2500000e+03   2.2593828e+00
   3.2600000e+03   2.1175831e+00
   3.2700000e+03   2.3621816e+00
   3.2800000e+03   2.0838701e+00
   3.2900000e+03   2.2971849e+00
   3.3000000e+03   2.2843016e+00
   3.3100000e+03   2.2837578e+00
   3.3200000e+03   2.2329077e+00
   3.3300000e+03   2.2362115e+00
   3.3400000e+03   2.2876275e+00
   3.3500000e+03   2.3300610e+00
   3.3600000e+03   2.3200786e+00
   3.3700000e+03   2.2576414e+00
   3.3800000e+03   2.3465395e+00
   3.3900000e+03   2.3249724e+00
   3.4000000e+03   2.2290582e+00
   3.4100000e+03   2.3401766e+00
   3.4200000e+03   2.2509204e+00
   3.4300000e+03   2.3119711e+00
   3.4400000e+03   2.1416858e+00
   3.4500000e+03   2.2507362e+00
   3.4600000e+03   2.2347758e+00
   3.4700000e+03   2.2997873e+00
   3.4800000e+03   2.3191102e+00
   3.4900000e+03   2.3341094e+00
