   0.0000000e+00   1.7393187e+01
   1.0000000e+01   1.7387951e+01
   2.0000000e+01   1.7389446e+01
   3.0000000e+01   1.7388458e+01
   4.0000000e+01   1.7373366e+01
   5.0000000e+01   1.7373842e+01
   6.0000000e+01   1.7366203e+01
   7.0000000e+01   1.7342813e+01
   8.0000000e+01   1.7296299e+01
   9.0000000e+01   1.7103597e+01
   1.0000000e+02   1.6325423e+01
   1.1000000e+02   1.5817714e+01
   1.2000000e+02   1.5417516e+01
   1.3000000e+02   1.5003976e+01
   1.4000000e+02   1.4742874e+01
   1.5000000e+02   1.4362224e+01
   1.6000000e+02   1.4236980e+01
   1.7000000e+02   1.3913708e+01
   1.8000000e+02   1.3733470e+01
   1.9000000e+02   1.3576353e+01
   2.0000000e+02   1.3457808e+01
   2.1000000e+02   1.3469168e+01
   2.2000000e+02   1.3289762e+01
   2.3000000e+02   1.3197896e+01
   2.4000000e+02   1.3044702e+01
   2.5000000e+02   1.3073710e+01
   2.6000000e+02   1.2910849e+01
   2.7000000e+02   1.2969089e+01
   2.8000000e+02   1.2954030e+01
   2.9000000e+02   1.2938199e+01
   3.0000000e+02   1.2790028e+01
   3.1000000e+02   1.2870655e+01
   3.2000000e+02   1.2772829e+01
   3.3000000e+02   1.2704644e+01
   3.4000000e+02   1.2669520e+01
   3.5000000e+02   1.2758866e+01
   3.6000000e+02   1.2737760e+01
   3.7000000e+02   1.2623985e+01
   3.8000000e+02   1.2559270e+01
   3.9000000e+02   1.2579130e+01
   4.0000000e+02   1.2563499e+01
   4.1000000e+02   1.2340929e+01
   4.2000000e+02   1.2417342e+01
   4.3000000e+02   1.2330111e+01
   4.4000000e+02   1.2496889e+01
   4.5000000e+02   1.2330076e+01
   4.6000000e+02   1.2394908e+01
   4.7000000e+02   1.2399969e+01
   4.8000000e+02   1.2407508e+01
   4.9000000e+02   1.2476244e+01
   5.0000000e+02   1.2507699e+01
   5.1000000e+02   1.2391239e+01
   5.2000000e+02   1.2261156e+01
   5.3000000e+02   1.2434488e+01
   5.4000000e+02   1.2373458e+01
   5.5000000e+02   1.2442721e+01
   5.6000000e+02   1.2428522e+01
   5.7000000e+02   1.2355336e+01
   5.8000000e+02   1.2358012e+01
   5.9000000e+02   1.2465408e+01
   6.0000000e+02   1.2309900e+01
   6.1000000e+02   1.2301065e+01
   6.2000000e+02   1.2370414e+01
   6.3000000e+02   1.2542210e+01
   6.4000000e+02   1.2480951e+01
   6.5000000e+02   1.2327261e+01
   6.6000000e+02   1.2508076e+01
   6.7000000e+02   1.2383934e+01
   6.8000000e+02   1.2422285e+01
   6.9000000e+02   1.2444304e+01
   7.0000000e+02   1.2315372e+01
   7.1000000e+02   1.2419212e+01
   7.2000000e+02   1.2297023e+01
   7.3000000e+02   1.2326707e+01
   7.4000000e+02   1.2321946e+01
   7.5000000e+02   1.2343769e+01
   7.6000000e+02   1.2444029e+01
   7.7000000e+02   1.2299070e+01
   7.8000000e+02   1.2445649e+01
   7.9000000e+02   1.2378426e+01
   8.0000000e+02   1.2392847e+01
   8.1000000e+02   1.2316440e+01
   8.2000000e+02   1.2484821e+01
   8.3000000e+02   1.2530898e+01
   8.4000000e+02   1.2425479e+01
   8.5000000e+02   1.2400308e+01
   8.6000000e+02   1.2521224e+01
   8.7000000e+02   1.2399957e+01
   8.8000000e+02   1.2276345e+01
   8.9000000e+02   1.2236518e+01
   9.0000000e+02   1.2396245e+01
   9.1000000e+02   1.2294557e+01
   9.2000000e+02   1.2501108e+01
   9.3000000e+02   1.2399856e+01
   9.4000000e+02   1.2444782e+01
   9.5000000e+02   1.2563809e+01
   9.6000000e+02   1.2493520e+01
   9.7000000e+02   1.2510687e+01
   9.8000000e+02   1.2475662e+01
   9.9000000e+02   1.2552440e+01
   1.0000000e+03   1.2365121e+01
   1.0100000e+03   1.2466682e+01
   1.0200000e+03   1.2473666e+01
   1.0300000e+03   1.2462534e+01
   1.0400000e+03   1.2517686e+01
   1.0500000e+03   1.2447569e+01
   1.0600000e+03   1.2384856e+01
   1.0700000e+03   1.2335611e+01
   1.0800000e+03   1.2513463e+01
   1.0900000e+03   1.2332764e+01
   1.1000000e+03   1.2314360e+01
   1.1100000e+03   1.2358071e+01
   1.1200000e+03   1.2334649e+01
   1.1300000e+03   1.2486328e+01
   1.1400000e+03   1.2559599e+01
   1.1500000e+03   1.2557611e+01
   1.1600000e+03   1.2656091e+01
   1.1700000e+03   1.2443635e+01
   1.1800000e+03   1.2569913e+01
   1.1900000e+03   1.2506356e+01
   1.2000000e+03   1.2490612e+01
   1.2100000e+03   1.2300078e+01
   1.2200000e+03   1.2454107e+01
   1.2300000e+03   1.2563093e+01
   1.2400000e+03   1.2475906e+01
   1.2500000e+03   1.2456017e+01
   1.2600000e+03   1.2555960e+01
   1.2700000e+03   1.2411549e+01
   1.2800000e+03   1.2625988e+01
   1.2900000e+03   1.2442811e+01
   1.3000000e+03   1.2633667e+01
   1.3100000e+03   1.2543976e+01
   1.3200000e+03   1.2603682e+01
   1.3300000e+03   1.2637674e+01
   1.3400000e+03   1.2533882e+01
   1.3500000e+03   1.2457010e+01
   1.3600000e+03   1.2414535e+01
   1.3700000e+03   1.2358452e+01
   1.3800000e+03   1.2370539e+01
   1.3900000e+03   1.2512407e+01
   1.4000000e+03   1.2424950e+01
   1.4100000e+03   1.2383108e+01
   1.4200000e+03   1.2270387e+01
   1.4300000e+03   1.2441885e+01
   1.4400000e+03   1.2440459e+01
   1.4500000e+03   1.2324360e+01
   1.4600000e+03   1.2396522e+01
   1.4700000e+03   1.2498678e+01
   1.4800000e+03   1.2324555e+01
   1.4900000e+03   1.2382770e+01
   1.5000000e+03   1.2396283e+01
   1.5100000e+03   1.2389218e+01
   1.5200000e+03   1.2271788e+01
   1.5300000e+03   1.2333189e+01
   1.5400000e+03   1.2341925e+01
   1.5500000e+03   1.2466383e+01
   1.5600000e+03   1.2532686e+01
   1.5700000e+03   1.2559093e+01
   1.5800000e+03   1.2391954e+01
   1.5900000e+03   1.2471143e+01
   1.6000000e+03   1.2225634e+01
   1.6100000e+03   1.2361234e+01
   1.6200000e+03   1.2284227e+01
   1.6300000e+03   1.2309903e+01
   1.6400000e+03   1.2201434e+01
   1.6500000e+03   1.2349480e+01
   1.6600000e+03   1.2362832e+01
   1.6700000e+03   1.2336676e+01
   1.6800000e+03   1.2473474e+01
   1.6900000e+03   1.2525729e+01
   1.7000000e+03   1.2358574e+01
   1.7100000e+03   1.2325385e+01
   1.7200000e+03   1.2362710e+01
   1.7300000e+03   1.2369539e+01
   1.7400000e+03   1.2509757e+01
   1.7500000e+03   1.2532677e+01
   1.7600000e+03   1.2454914e+01
   1.7700000e+03   1.2435472e+01
   1.7800000e+03   1.2473750e+01
   1.7900000e+03   1.2553551e+01
   1.8000000e+03   1.2380957e+01
   1.8100000e+03   1.2611622e+01
   1.8200000e+03   1.2475932e+01
   1.8300000e+03   1.2376065e+01
   1.8400000e+03   1.2454271e+01
   1.8500000e+03   1.2341745e+01
   1.8600000e+03   1.2496385e+01
   1.8700000e+03   1.2341037e+01
   1.8800000e+03   1.2498587e+01
   1.8900000e+03   1.2392693e+01
   1.9000000e+03   1.2402868e+01
   1.9100000e+03   1.2436261e+01
   1.9200000e+03   1.2459660e+01
   1.9300000e+03   1.2330241e+01
   1.9400000e+03   1.2324490e+01
   1.9500000e+03   1.2356432e+01
   1.9600000e+03   1.2492316e+01
   1.9700000e+03   1.2424952e+01
   1.9800000e+03   1.2256378e+01
   1.9900000e+03   1.2376346e+01
   2.0000000e+03   1.2355166e+01
   2.0100000e+03   1.2394360e+01
   2.0200000e+03   1.2547324e+01
   2.0300000e+03   1.2567855e+01
   2.0400000e+03   1.2441587e+01
   2.0500000e+03   1.2405618e+01
   2.0600000e+03   1.2424606e+01
   2.0700000e+03   1.2279415e+01
   2.0800000e+03   1.2482720e+01
   2.0900000e+03   1.2324572e+01
   2.1000000e+03   1.2533838e+01
   2.1100000e+03   1.2507363e+01
   2.1200000e+03   1.2342208e+01
   2.1300000e+03   1.2402848e+01
   2.1400000e+03   1.2493914e+01
   2.1500000e+03   1.2298657e+01
   2.1600000e+03   1.2486454e+01
   2.1700000e+03   1.2388273e+01
   2.1800000e+03   1.2514503e+01
   2.1900000e+03   1.2448252e+01
   2.2000000e+03   1.2442061e+01
   2.2100000e+03   1.2448312e+01
   2.2200000e+03   1.2397978e+01
   2.2300000e+03   1.2478203e+01
   2.2400000e+03   1.2398086e+01
   2.2500000e+03   1.2467655e+01
   2.2600000e+03   1.2356367e+01
   2.2700000e+03   1.2462333e+01
   2.2800000e+03   1.2612536e+01
   2.2900000e+03   1.2595749e+01
   2.3000000e+03   1.2572983e+01
   2.3100000e+03   1.2366481e+01
   2.3200000e+03   1.2575562e+01
   2.3300000e+03   1.2578395e+01
   2.3400000e+03   1.2597964e+01
   2.3500000e+03   1.2719744e+01
   2.3600000e+03   1.2623600e+01
   2.3700000e+03   1.2597255e+01
   2.3800000e+03   1.2547813e+01
   2.3900000e+03   1.2540037e+01
   2.4000000e+03   1.2562997e+01
   2.4100000e+03   1.2600759e+01
   2.4200000e+03   1.2526470e+01
   2.4300000e+03   1.2457040e+01
   2.4400000e+03   1.2402647e+01
   2.4500000e+03   1.2488963e+01
   2.4600000e+03   1.2415440e+01
   2.4700000e+03   1.2429234e+01
   2.4800000e+03   1.2465839e+01
   2.4900000e+03   1.2464150e+01
   2.5000000e+03   1.2355341e+01
   2.5100000e+03   1.2402367e+01
   2.5200000e+03   1.2376439e+01
   2.5300000e+03   1.2411858e+01
   2.5400000e+03   1.2467085e+01
   2.5500000e+03   1.2389172e+01
   2.5600000e+03   1.2560438e+01
   2.5700000e+03   1.2526682e+01
   2.5800000e+03   1.2318435e+01
   2.5900000e+03   1.2537081e+01
   2.6000000e+03   1.2394062e+01
   2.6100000e+03   1.2485647e+01
   2.6200000e+03   1.2399927e+01
   2.6300000e+03   1.2488979e+01
   2.6400000e+03   1.2614186e+01
   2.6500000e+03   1.2471542e+01
   2.6600000e+03   1.2431673e+01
   2.6700000e+03   1.2462980e+01
   2.6800000e+03   1.2450503e+01
   2.6900000e+03   1.2355127e+01
   2.7000000e+03   1.2400072e+01
   2.7100000e+03   1.2440168e+01
   2.7200000e+03   1.2641600e+01
   2.7300000e+03   1.2494049e+01
   2.7400000e+03   1.2473311e+01
   2.7500000e+03   1.2507706e+01
   2.7600000e+03   1.2430132e+01
   2.7700000e+03   1.2569030e+01
   2.7800000e+03   1.2547833e+01
   2.7900000e+03   1.2408390e+01
   2.8000000e+03   1.2525734e+01
   2.8100000e+03   1.2336339e+01
   2.8200000e+03   1.2526950e+01
   2.8300000e+03   1.2466661e+01
   2.8400000e+03   1.2429851e+01
   2.8500000e+03   1.2391750e+01
   2.8600000e+03   1.2598732e+01
   2.8700000e+03   1.2423714e+01
   2.8800000e+03   1.2446531e+01
   2.8900000e+03   1.2377727e+01
   2.9000000e+03   1.2366530e+01
   2.9100000e+03   1.2512025e+01
   2.9200000e+03   1.2522975e+01
   2.9300000e+03   1.2573778e+01
   2.9400000e+03   1.2530967e+01
   2.9500000e+03   1.2612409e+01
   2.9600000e+03   1.2622953e+01
   2.9700000e+03   1.2469224e+01
   2.9800000e+03   1.2548489e+01
   2.9900000e+03   1.2404811e+01
   3.0000000e+03   1.2451304e+01
   3.0100000e+03   1.2557567e+01
   3.0200000e+03   1.2449762e+01
   3.0300000e+03   1.2543888e+01
   3.0400000e+03   1.2609865e+01
   3.0500000e+03   1.2537607e+01
   3.0600000e+03   1.2554417e+01
   3.0700000e+03   1.2524619e+01
   3.0800000e+03   1.2709338e+01
   3.0900000e+03   1.2746648e+01
   3.1000000e+03   1.2516453e+01
   3.1100000e+03   1.2463957e+01
   3.1200000e+03   1.2594685e+01
   3.1300000e+03   1.2569585e+01
   3.1400000e+03   1.2540800e+01
   3.1500000e+03   1.2495529e+01
   3.1600000e+03   1.2566514e+01
   3.1700000e+03   1.2430984e+01
   3.1800000e+03   1.2447743e+01
   3.1900000e+03   1.2510613e+01
   3.2000000e+03   1.2507577e+01
   3.2100000e+03   1.2479214e+01
   3.2200000e+03   1.2556216e+01
   3.2300000e+03   1.2459540e+01
   3.2400000e+03   1.2495119e+01
   3.2500000e+03   1.2403999e+01
   3.2600000e+03   1.2402579e+01
   3.2700000e+03   1.2343431e+01
   3.2800000e+03   1.2428675e+01
   3.2900000e+03   1.2288072e+01
   3.3000000e+03   1.2472041e+01
   3.3100000e+03   1.2404485e+01
   3.3200000e+03   1.2421757e+01
   3.3300000e+03   1.2507465e+01
   3.3400000e+03   1.2298686e+01
   3.3500000e+03   1.2355322e+01
   3.3600000e+03   1.2391211e+01
   3.3700000e+03   1.2401747e+01
   3.3800000e+03   1.2447818e+01
   3.3900000e+03   1.2453742e+01
   3.4000000e+03   1.2213390e+01
   3.4100000e+03   1.2311810e+01
   3.4200000e+03   1.2221847e+01
   3.4300000e+03   1.2373665e+01
   3.4400000e+03   1.2334100e+01
   3.4500000e+03   1.2397086e+01
   3.4600000e+03   1.2418828e+01
   3.4700000e+03   1.2391739e+01
   3.4800000e+03   1.2293007e+01
   3.4900000e+03   1.2284925e+01
