   0.0000000e+00   1.8179753e+01
   1.0000000e+01   1.8179857e+01
   2.0000000e+01   1.8194809e+01
   3.0000000e+01   1.8177115e+01
   4.0000000e+01   1.8235351e+01
   5.0000000e+01   2.2885204e+03
   6.0000000e+01   2.2885298e+03
   7.0000000e+01   2.2885071e+03
   8.0000000e+01   6.7006151e+01
   9.0000000e+01   5.7672053e+02
   1.0000000e+02   3.2141273e+01
   1.1000000e+02   5.5448733e+01
   1.2000000e+02   2.0851714e+01
   1.3000000e+02   3.9564485e+01
   1.4000000e+02   5.4641365e+01
   1.5000000e+02   4.3519716e+01
   1.6000000e+02   5.2420685e+01
   1.7000000e+02   3.9973981e+01
   1.8000000e+02   4.9315250e+01
   1.9000000e+02   4.0877522e+01
   2.0000000e+02   4.2348949e+01
   2.1000000e+02   4.4461876e+01
   2.2000000e+02   3.8123990e+01
   2.3000000e+02   3.4845563e+01
   2.4000000e+02   3.5857723e+01
   2.5000000e+02   3.5452063e+01
   2.6000000e+02   3.9599856e+01
   2.7000000e+02   3.8096626e+01
   2.8000000e+02   3.4317940e+01
   2.9000000e+02   3.3352649e+01
   3.0000000e+02   3.3253735e+01
   3.1000000e+02   3.5071502e+01
   3.2000000e+02   3.2046262e+01
   3.3000000e+02   2.8538492e+01
   3.4000000e+02   3.1445650e+01
   3.5000000e+02   3.3204575e+01
   3.6000000e+02   2.9864635e+01
   3.7000000e+02   2.9086806e+01
   3.8000000e+02   2.9532741e+01
   3.9000000e+02   2.9910089e+01
   4.0000000e+02   3.1849721e+01
   4.1000000e+02   3.2663332e+01
   4.2000000e+02   3.1067633e+01
   4.3000000e+02   3.1155597e+01
   4.4000000e+02   3.5151772e+01
   4.5000000e+02   3.1697541e+01
   4.6000000e+02   3.2763788e+01
   4.7000000e+02   3.3626834e+01
   4.8000000e+02   3.3933678e+01
   4.9000000e+02   3.4497342e+01
   5.0000000e+02   3.7273578e+01
   5.1000000e+02   3.1450094e+01
   5.2000000e+02   3.3564412e+01
   5.3000000e+02   3.2394823e+01
   5.4000000e+02   3.7154946e+01
   5.5000000e+02   3.6363652e+01
   5.6000000e+02   2.5149013e+01
   5.7000000e+02   2.9261593e+01
   5.8000000e+02   3.6442242e+01
   5.9000000e+02   3.4804422e+01
   6.0000000e+02   3.2333942e+01
   6.1000000e+02   3.9240092e+01
   6.2000000e+02   3.5147682e+01
   6.3000000e+02   3.5607815e+01
   6.4000000e+02   3.1930762e+01
   6.5000000e+02   3.2848649e+01
   6.6000000e+02   3.5683051e+01
   6.7000000e+02   3.3550455e+01
   6.8000000e+02   3.0920435e+01
   6.9000000e+02   3.7465521e+01
   7.0000000e+02   3.7349603e+01
   7.1000000e+02   3.2635628e+01
   7.2000000e+02   3.2640098e+01
   7.3000000e+02   3.4541944e+01
   7.4000000e+02   4.1362838e+01
   7.5000000e+02   3.4476162e+01
   7.6000000e+02   4.2442449e+01
   7.7000000e+02   3.3099324e+01
   7.8000000e+02   3.6004754e+01
   7.9000000e+02   3.6406786e+01
   8.0000000e+02   3.6561015e+01
   8.1000000e+02   4.0402162e+01
   8.2000000e+02   3.9016042e+01
   8.3000000e+02   4.3597940e+01
   8.4000000e+02   4.0808892e+01
   8.5000000e+02   3.9864269e+01
   8.6000000e+02   3.8515820e+01
   8.7000000e+02   3.0654365e+01
   8.8000000e+02   3.9229143e+01
   8.9000000e+02   3.1813611e+01
   9.0000000e+02   3.6195109e+01
   9.1000000e+02   6.3438355e+01
   9.2000000e+02   3.5199088e+01
   9.3000000e+02   3.9078483e+01
   9.4000000e+02   3.9409857e+01
   9.5000000e+02   3.8451318e+01
   9.6000000e+02   3.9583310e+01
   9.7000000e+02   3.6877628e+01
   9.8000000e+02   3.4111050e+01
   9.9000000e+02   3.9243061e+01
   1.0000000e+03   4.1384268e+01
   1.0100000e+03   3.9998236e+01
   1.0200000e+03   4.1646859e+01
   1.0300000e+03   6.8152251e+01
   1.0400000e+03   4.0566745e+01
   1.0500000e+03   3.4958083e+01
   1.0600000e+03   4.3628802e+01
   1.0700000e+03   3.4838894e+01
   1.0800000e+03   3.5905470e+01
   1.0900000e+03   3.6887951e+01
   1.1000000e+03   4.0084023e+01
   1.1100000e+03   3.3609481e+01
   1.1200000e+03   4.5303613e+01
   1.1300000e+03   3.8397650e+01
   1.1400000e+03   3.8636696e+01
   1.1500000e+03   1.2451505e+02
   1.1600000e+03   3.9222570e+01
   1.1700000e+03   2.7323855e+01
   1.1800000e+03   2.9286200e+01
   1.1900000e+03   4.0707323e+01
   1.2000000e+03   4.7444342e+01
   1.2100000e+03   3.9262799e+01
   1.2200000e+03   4.4750409e+01
   1.2300000e+03   3.9683579e+01
   1.2400000e+03   4.0619865e+01
   1.2500000e+03   4.5180402e+01
   1.2600000e+03   3.8454121e+01
   1.2700000e+03   3.7329044e+01
   1.2800000e+03   3.5352849e+01
   1.2900000e+03   4.7715138e+01
   1.3000000e+03   4.0261120e+01
   1.3100000e+03   3.9012841e+01
   1.3200000e+03   4.3183429e+01
   1.3300000e+03   3.5222909e+01
   1.3400000e+03   3.5810184e+01
   1.3500000e+03   3.7665108e+01
   1.3600000e+03   3.4889805e+01
   1.3700000e+03   3.3025362e+01
   1.3800000e+03   3.1626412e+01
   1.3900000e+03   4.9950792e+01
   1.4000000e+03   5.0479416e+01
   1.4100000e+03   3.1193775e+01
   1.4200000e+03   4.0498872e+01
   1.4300000e+03   2.8586766e+01
   1.4400000e+03   2.2874388e+01
   1.4500000e+03   2.2950799e+01
   1.4600000e+03   2.4240592e+01
   1.4700000e+03   2.8625338e+01
   1.4800000e+03   2.5880235e+01
   1.4900000e+03   2.5598311e+01
   1.5000000e+03   2.8131561e+01
   1.5100000e+03   2.6583515e+01
   1.5200000e+03   3.5004121e+01
   1.5300000e+03   4.3665362e+01
   1.5400000e+03   4.1470469e+01
   1.5500000e+03   3.9095232e+01
   1.5600000e+03   3.5451626e+01
   1.5700000e+03   3.7285806e+01
   1.5800000e+03   4.0133392e+01
   1.5900000e+03   4.2325405e+01
   1.6000000e+03   3.5458477e+01
   1.6100000e+03   3.2190615e+01
   1.6200000e+03   2.9676821e+01
   1.6300000e+03   3.7386202e+01
   1.6400000e+03   4.6424414e+01
   1.6500000e+03   3.4589662e+01
   1.6600000e+03   3.9105136e+01
   1.6700000e+03   4.9735383e+01
   1.6800000e+03   3.8668871e+01
   1.6900000e+03   3.5850597e+01
   1.7000000e+03   3.9837165e+01
   1.7100000e+03   3.6769864e+01
   1.7200000e+03   3.5446683e+01
   1.7300000e+03   3.6071477e+01
   1.7400000e+03   3.5826039e+01
   1.7500000e+03   2.5810489e+01
   1.7600000e+03   3.3866315e+01
   1.7700000e+03   3.0122512e+01
   1.7800000e+03   3.5534532e+01
   1.7900000e+03   3.5059068e+01
   1.8000000e+03   3.9139008e+01
   1.8100000e+03   3.4902614e+01
   1.8200000e+03   3.5142413e+01
   1.8300000e+03   3.3584826e+01
   1.8400000e+03   2.5053884e+01
   1.8500000e+03   2.2598485e+01
   1.8600000e+03   3.5182120e+01
   1.8700000e+03   2.9600081e+01
   1.8800000e+03   2.4988895e+01
   1.8900000e+03   3.7855400e+01
   1.9000000e+03   3.5243931e+01
   1.9100000e+03   5.2516888e+01
   1.9200000e+03   4.0136720e+01
   1.9300000e+03   3.7303961e+01
   1.9400000e+03   3.8655545e+01
   1.9500000e+03   3.6461231e+01
   1.9600000e+03   3.4698035e+01
   1.9700000e+03   4.2212057e+01
   1.9800000e+03   3.5509855e+01
   1.9900000e+03   3.6760908e+01
   2.0000000e+03   3.5821564e+01
   2.0100000e+03   3.3887832e+01
   2.0200000e+03   3.5349719e+01
   2.0300000e+03   5.4051969e+01
   2.0400000e+03   3.5714924e+01
   2.0500000e+03   3.5562974e+01
   2.0600000e+03   3.3701360e+01
   2.0700000e+03   3.7939438e+01
   2.0800000e+03   3.6480649e+01
   2.0900000e+03   3.6180353e+01
   2.1000000e+03   4.5465082e+01
   2.1100000e+03   3.7154672e+01
   2.1200000e+03   3.7121849e+01
   2.1300000e+03   3.9951146e+01
   2.1400000e+03   4.4988706e+01
   2.1500000e+03   3.9033092e+01
   2.1600000e+03   4.1042707e+01
   2.1700000e+03   3.8006036e+01
   2.1800000e+03   4.6015210e+01
   2.1900000e+03   3.4848381e+01
   2.2000000e+03   3.3392457e+01
   2.2100000e+03   4.2106089e+01
   2.2200000e+03   3.9796020e+01
   2.2300000e+03   4.0050427e+01
   2.2400000e+03   3.7681305e+01
   2.2500000e+03   3.2994173e+01
   2.2600000e+03   3.2562172e+01
   2.2700000e+03   3.7112871e+01
   2.2800000e+03   3.9486127e+01
   2.2900000e+03   3.3997964e+01
   2.3000000e+03   3.7576402e+01
   2.3100000e+03   3.8240135e+01
   2.3200000e+03   3.6081840e+01
   2.3300000e+03   5.7531083e+01
   2.3400000e+03   4.0330416e+01
   2.3500000e+03   3.7290068e+01
   2.3600000e+03   4.0562808e+01
   2.3700000e+03   3.9599312e+01
   2.3800000e+03   3.9660008e+01
   2.3900000e+03   3.5549276e+01
   2.4000000e+03   3.5940319e+01
   2.4100000e+03   3.4842824e+01
   2.4200000e+03   5.1375039e+01
   2.4300000e+03   3.5004847e+01
   2.4400000e+03   3.4076879e+01
   2.4500000e+03   2.2766972e+01
   2.4600000e+03   3.4739402e+01
   2.4700000e+03   2.0751563e+01
   2.4800000e+03   2.0356306e+01
   2.4900000e+03   2.5713644e+01
   2.5000000e+03   2.9420333e+01
   2.5100000e+03   3.6614145e+01
   2.5200000e+03   4.0163505e+01
   2.5300000e+03   2.7406615e+01
   2.5400000e+03   2.0604180e+01
   2.5500000e+03   1.9949974e+01
   2.5600000e+03   2.1472836e+01
   2.5700000e+03   2.1997517e+01
   2.5800000e+03   3.4827302e+01
   2.5900000e+03   3.5024176e+01
   2.6000000e+03   3.7476768e+01
   2.6100000e+03   3.5318478e+01
   2.6200000e+03   3.5930042e+01
   2.6300000e+03   3.6002699e+01
   2.6400000e+03   3.6605999e+01
   2.6500000e+03   3.5139937e+01
   2.6600000e+03   3.6941452e+01
   2.6700000e+03   3.5366377e+01
   2.6800000e+03   3.6546296e+01
   2.6900000e+03   2.1140211e+01
   2.7000000e+03   2.1098995e+01
   2.7100000e+03   2.0099148e+01
   2.7200000e+03   2.0276057e+01
   2.7300000e+03   2.0687712e+01
   2.7400000e+03   2.1129405e+01
   2.7500000e+03   2.8111852e+01
   2.7600000e+03   2.0738100e+01
   2.7700000e+03   3.6421438e+01
   2.7800000e+03   3.7348658e+01
   2.7900000e+03   3.6392550e+01
   2.8000000e+03   3.7219404e+01
   2.8100000e+03   3.7132067e+01
   2.8200000e+03   3.6044475e+01
   2.8300000e+03   4.9989979e+01
   2.8400000e+03   3.1607982e+01
   2.8500000e+03   3.9385131e+01
   2.8600000e+03   3.6410600e+01
   2.8700000e+03   4.6445478e+01
   2.8800000e+03   3.7844940e+01
   2.8900000e+03   3.5489727e+01
   2.9000000e+03   3.7849404e+01
   2.9100000e+03   3.9762249e+01
   2.9200000e+03   3.8682193e+01
   2.9300000e+03   3.5446466e+01
   2.9400000e+03   3.3548890e+01
   2.9500000e+03   3.2938178e+01
   2.9600000e+03   3.6111159e+01
   2.9700000e+03   3.9408246e+01
   2.9800000e+03   3.8516741e+01
   2.9900000e+03   3.6249605e+01
   3.0000000e+03   4.1260655e+01
   3.0100000e+03   3.7838023e+01
   3.0200000e+03   3.6542604e+01
   3.0300000e+03   4.2016237e+01
   3.0400000e+03   4.0632611e+01
   3.0500000e+03   4.2049398e+01
   3.0600000e+03   4.0330657e+01
   3.0700000e+03   4.0455283e+01
   3.0800000e+03   3.8694277e+01
   3.0900000e+03   4.0700184e+01
   3.1000000e+03   3.5334067e+01
   3.1100000e+03   3.9013183e+01
   3.1200000e+03   3.7035826e+01
   3.1300000e+03   3.8176768e+01
   3.1400000e+03   3.6122189e+01
   3.1500000e+03   3.7968530e+01
   3.1600000e+03   4.0891726e+01
   3.1700000e+03   3.4407205e+01
   3.1800000e+03   3.5462901e+01
   3.1900000e+03   3.5947652e+01
   3.2000000e+03   3.7772933e+01
   3.2100000e+03   3.4644495e+01
   3.2200000e+03   3.8706263e+01
   3.2300000e+03   3.9692331e+01
   3.2400000e+03   3.1196255e+01
   3.2500000e+03   3.5955720e+01
   3.2600000e+03   3.3936615e+01
   3.2700000e+03   3.4621214e+01
   3.2800000e+03   3.5156154e+01
   3.2900000e+03   3.8140902e+01
   3.3000000e+03   3.8690926e+01
   3.3100000e+03   3.7069696e+01
   3.3200000e+03   3.2613169e+01
   3.3300000e+03   3.6468607e+01
   3.3400000e+03   4.0428947e+01
   3.3500000e+03   2.5676499e+01
   3.3600000e+03   2.4332038e+01
   3.3700000e+03   2.2619417e+01
   3.3800000e+03   2.6520301e+01
   3.3900000e+03   2.1103250e+01
   3.4000000e+03   2.0919533e+01
   3.4100000e+03   2.0888380e+01
   3.4200000e+03   2.0736011e+01
   3.4300000e+03   2.1036880e+01
   3.4400000e+03   2.0597503e+01
   3.4500000e+03   2.0819862e+01
   3.4600000e+03   2.0803501e+01
   3.4700000e+03   2.0525349e+01
   3.4800000e+03   2.0450133e+01
   3.4900000e+03   2.0792674e+01
