   0.0000000e+00   1.7019424e+01
   1.0000000e+01   1.7000278e+01
   2.0000000e+01   1.7013431e+01
   3.0000000e+01   1.7016807e+01
   4.0000000e+01   1.7007584e+01
   5.0000000e+01   1.7215443e+01
   6.0000000e+01   1.7380319e+01
   7.0000000e+01   1.7939726e+01
   8.0000000e+01   1.8293109e+01
   9.0000000e+01   1.7936415e+01
   1.0000000e+02   1.8511543e+01
   1.1000000e+02   1.8205081e+01
   1.2000000e+02   1.8577873e+01
   1.3000000e+02   1.8585563e+01
   1.4000000e+02   1.8315419e+01
   1.5000000e+02   1.8747806e+01
   1.6000000e+02   1.8455259e+01
   1.7000000e+02   1.8560863e+01
   1.8000000e+02   1.8747607e+01
   1.9000000e+02   1.8055297e+01
   2.0000000e+02   1.8253749e+01
   2.1000000e+02   1.8532575e+01
   2.2000000e+02   1.8505775e+01
   2.3000000e+02   1.8573691e+01
   2.4000000e+02   1.8477721e+01
   2.5000000e+02   1.8471656e+01
   2.6000000e+02   1.8634361e+01
   2.7000000e+02   1.8598781e+01
   2.8000000e+02   1.8658694e+01
   2.9000000e+02   1.8591178e+01
   3.0000000e+02   1.7190503e+01
   3.1000000e+02   1.8671119e+01
   3.2000000e+02   1.8549730e+01
   3.3000000e+02   1.8510043e+01
   3.4000000e+02   1.8635958e+01
   3.5000000e+02   1.8274152e+01
   3.6000000e+02   1.8426035e+01
   3.7000000e+02   1.8163869e+01
   3.8000000e+02   1.8302549e+01
   3.9000000e+02   1.8554304e+01
   4.0000000e+02   1.8565889e+01
   4.1000000e+02   1.8607178e+01
   4.2000000e+02   1.8771929e+01
   4.3000000e+02   1.8486639e+01
   4.4000000e+02   1.8235047e+01
   4.5000000e+02   1.8653169e+01
   4.6000000e+02   1.8350023e+01
   4.7000000e+02   1.8695524e+01
   4.8000000e+02   1.8433704e+01
   4.9000000e+02   1.8504512e+01
   5.0000000e+02   1.8597968e+01
   5.1000000e+02   1.7870548e+01
   5.2000000e+02   1.8450218e+01
   5.3000000e+02   1.8579647e+01
   5.4000000e+02   1.8443274e+01
   5.5000000e+02   1.8415449e+01
   5.6000000e+02   1.8368157e+01
   5.7000000e+02   1.8008856e+01
   5.8000000e+02   1.8400245e+01
   5.9000000e+02   1.8095889e+01
   6.0000000e+02   1.8479686e+01
   6.1000000e+02   1.8155760e+01
   6.2000000e+02   1.8147166e+01
   6.3000000e+02   1.8191842e+01
   6.4000000e+02   1.8181235e+01
   6.5000000e+02   1.8396052e+01
   6.6000000e+02   1.7968978e+01
   6.7000000e+02   1.7707837e+01
   6.8000000e+02   1.8223560e+01
   6.9000000e+02   1.8132971e+01
   7.0000000e+02   1.8047900e+01
   7.1000000e+02   1.8264136e+01
   7.2000000e+02   1.7905418e+01
   7.3000000e+02   1.8319765e+01
   7.4000000e+02   1.8298458e+01
   7.5000000e+02   1.8299079e+01
   7.6000000e+02   1.8350193e+01
   7.7000000e+02   1.7921927e+01
   7.8000000e+02   1.8307302e+01
   7.9000000e+02   1.8507190e+01
   8.0000000e+02   1.8447424e+01
   8.1000000e+02   1.8385540e+01
   8.2000000e+02   1.8139848e+01
   8.3000000e+02   1.8501203e+01
   8.4000000e+02   1.8358343e+01
   8.5000000e+02   1.8002446e+01
   8.6000000e+02   1.7815151e+01
   8.7000000e+02   1.8080318e+01
   8.8000000e+02   1.7940941e+01
   8.9000000e+02   1.8208244e+01
   9.0000000e+02   1.8280088e+01
   9.1000000e+02   1.8256821e+01
   9.2000000e+02   1.8292786e+01
   9.3000000e+02   1.7344474e+01
   9.4000000e+02   1.7482171e+01
   9.5000000e+02   1.8412882e+01
   9.6000000e+02   1.8104271e+01
   9.7000000e+02   1.8459874e+01
   9.8000000e+02   1.8163157e+01
   9.9000000e+02   1.7329383e+01
   1.0000000e+03   1.8187710e+01
   1.0100000e+03   1.7154160e+01
   1.0200000e+03   1.8007090e+01
   1.0300000e+03   1.7916946e+01
   1.0400000e+03   1.7233482e+01
   1.0500000e+03   1.8279049e+01
   1.0600000e+03   1.8097066e+01
   1.0700000e+03   1.8514668e+01
   1.0800000e+03   1.8130326e+01
   1.0900000e+03   1.7288098e+01
   1.1000000e+03   1.8251732e+01
   1.1100000e+03   1.7862046e+01
   1.1200000e+03   1.7827209e+01
   1.1300000e+03   1.8142133e+01
   1.1400000e+03   1.7514787e+01
   1.1500000e+03   1.7543909e+01
   1.1600000e+03   1.8104032e+01
   1.1700000e+03   1.7806929e+01
   1.1800000e+03   1.8183259e+01
   1.1900000e+03   1.8110610e+01
   1.2000000e+03   1.7625722e+01
   1.2100000e+03   1.7839756e+01
   1.2200000e+03   1.7960858e+01
   1.2300000e+03   1.7959027e+01
   1.2400000e+03   1.8512706e+01
   1.2500000e+03   1.7531758e+01
   1.2600000e+03   1.8456266e+01
   1.2700000e+03   1.8073899e+01
   1.2800000e+03   1.7442122e+01
   1.2900000e+03   1.8148077e+01
   1.3000000e+03   1.7146521e+01
   1.3100000e+03   1.7923319e+01
   1.3200000e+03   1.8151634e+01
   1.3300000e+03   1.7638920e+01
   1.3400000e+03   1.8130753e+01
   1.3500000e+03   1.7903098e+01
   1.3600000e+03   1.7275411e+01
   1.3700000e+03   1.7758166e+01
   1.3800000e+03   1.6908789e+01
   1.3900000e+03   1.8343350e+01
   1.4000000e+03   1.7851681e+01
   1.4100000e+03   1.8028894e+01
   1.4200000e+03   1.8452890e+01
   1.4300000e+03   1.8456375e+01
   1.4400000e+03   1.8458633e+01
   1.4500000e+03   1.8434082e+01
   1.4600000e+03   1.7968497e+01
   1.4700000e+03   1.8435587e+01
   1.4800000e+03   1.8423886e+01
   1.4900000e+03   1.8726195e+01
   1.5000000e+03   1.8616754e+01
   1.5100000e+03   1.8567898e+01
   1.5200000e+03   1.8564461e+01
   1.5300000e+03   1.8517065e+01
   1.5400000e+03   1.8637534e+01
   1.5500000e+03   1.8531038e+01
   1.5600000e+03   1.8547927e+01
   1.5700000e+03   1.8599851e+01
   1.5800000e+03   1.8733806e+01
   1.5900000e+03   1.8627844e+01
   1.6000000e+03   1.8604863e+01
   1.6100000e+03   1.8337451e+01
   1.6200000e+03   1.8619648e+01
   1.6300000e+03   1.8530390e+01
   1.6400000e+03   1.8554548e+01
   1.6500000e+03   1.8526308e+01
   1.6600000e+03   1.8620852e+01
   1.6700000e+03   1.8615474e+01
   1.6800000e+03   1.8613971e+01
   1.6900000e+03   1.8809964e+01
   1.7000000e+03   1.8666106e+01
   1.7100000e+03   1.8542615e+01
   1.7200000e+03   1.8694608e+01
   1.7300000e+03   1.8477798e+01
   1.7400000e+03   1.8724816e+01
   1.7500000e+03   1.8586975e+01
   1.7600000e+03   1.8573462e+01
   1.7700000e+03   1.8507809e+01
   1.7800000e+03   1.8560655e+01
   1.7900000e+03   1.8650619e+01
   1.8000000e+03   1.8753616e+01
   1.8100000e+03   1.8584789e+01
   1.8200000e+03   1.8545074e+01
   1.8300000e+03   1.8558959e+01
   1.8400000e+03   1.8537356e+01
   1.8500000e+03   1.8404412e+01
   1.8600000e+03   1.8259389e+01
   1.8700000e+03   1.8511541e+01
   1.8800000e+03   1.8605140e+01
   1.8900000e+03   1.8397183e+01
   1.9000000e+03   1.8614011e+01
   1.9100000e+03   1.8458350e+01
   1.9200000e+03   1.8507007e+01
   1.9300000e+03   1.8616349e+01
   1.9400000e+03   1.8517689e+01
   1.9500000e+03   1.8432663e+01
   1.9600000e+03   1.8578852e+01
   1.9700000e+03   1.8516926e+01
   1.9800000e+03   1.8625726e+01
   1.9900000e+03   1.8515461e+01
   2.0000000e+03   1.8637557e+01
   2.0100000e+03   1.8608149e+01
   2.0200000e+03   1.8029606e+01
   2.0300000e+03   1.8623449e+01
   2.0400000e+03   1.8600966e+01
   2.0500000e+03   1.8594682e+01
   2.0600000e+03   1.8678991e+01
   2.0700000e+03   1.8586890e+01
   2.0800000e+03   1.8768457e+01
   2.0900000e+03   1.8643578e+01
   2.1000000e+03   1.8454874e+01
   2.1100000e+03   1.8745284e+01
   2.1200000e+03   1.8546796e+01
   2.1300000e+03   1.8667343e+01
   2.1400000e+03   1.8629876e+01
   2.1500000e+03   1.8515417e+01
   2.1600000e+03   1.8569199e+01
   2.1700000e+03   1.8676355e+01
   2.1800000e+03   1.8544910e+01
   2.1900000e+03   1.8574002e+01
   2.2000000e+03   1.8577278e+01
   2.2100000e+03   1.8657397e+01
   2.2200000e+03   1.8590246e+01
   2.2300000e+03   1.8591968e+01
   2.2400000e+03   1.8706154e+01
   2.2500000e+03   1.8633986e+01
   2.2600000e+03   1.8409611e+01
   2.2700000e+03   1.8477783e+01
   2.2800000e+03   1.8630305e+01
   2.2900000e+03   1.8666176e+01
   2.3000000e+03   1.8562486e+01
   2.3100000e+03   1.8503171e+01
   2.3200000e+03   1.8526379e+01
   2.3300000e+03   1.8340587e+01
   2.3400000e+03   1.8537645e+01
   2.3500000e+03   1.8476244e+01
   2.3600000e+03   1.8427423e+01
   2.3700000e+03   1.8588122e+01
   2.3800000e+03   1.8322522e+01
   2.3900000e+03   1.8448394e+01
   2.4000000e+03   1.8474203e+01
   2.4100000e+03   1.8481119e+01
   2.4200000e+03   1.8288961e+01
   2.4300000e+03   1.8642006e+01
   2.4400000e+03   1.8353199e+01
   2.4500000e+03   1.8301911e+01
   2.4600000e+03   1.8455542e+01
   2.4700000e+03   1.8354174e+01
   2.4800000e+03   1.8584588e+01
   2.4900000e+03   1.8331603e+01
   2.5000000e+03   1.8326243e+01
   2.5100000e+03   1.8463182e+01
   2.5200000e+03   1.8280095e+01
   2.5300000e+03   1.8528434e+01
   2.5400000e+03   1.8454839e+01
   2.5500000e+03   1.8335687e+01
   2.5600000e+03   1.8525035e+01
   2.5700000e+03   1.8447519e+01
   2.5800000e+03   1.8524142e+01
   2.5900000e+03   1.8531790e+01
   2.6000000e+03   1.8078746e+01
   2.6100000e+03   1.8414018e+01
   2.6200000e+03   1.7637251e+01
   2.6300000e+03   1.8338277e+01
   2.6400000e+03   1.8538067e+01
   2.6500000e+03   1.8328881e+01
   2.6600000e+03   1.8563713e+01
   2.6700000e+03   1.8717343e+01
   2.6800000e+03   1.8511893e+01
   2.6900000e+03   1.8559682e+01
   2.7000000e+03   1.8107395e+01
   2.7100000e+03   1.8486716e+01
   2.7200000e+03   1.8522910e+01
   2.7300000e+03   1.8410206e+01
   2.7400000e+03   1.8486665e+01
   2.7500000e+03   1.8503013e+01
   2.7600000e+03   1.8419746e+01
   2.7700000e+03   1.8522618e+01
   2.7800000e+03   1.8671492e+01
   2.7900000e+03   1.8390206e+01
   2.8000000e+03   1.8510610e+01
   2.8100000e+03   1.8128528e+01
   2.8200000e+03   1.8489927e+01
   2.8300000e+03   1.8419203e+01
   2.8400000e+03   1.8412409e+01
   2.8500000e+03   1.8448204e+01
   2.8600000e+03   1.7648721e+01
   2.8700000e+03   1.8205918e+01
   2.8800000e+03   1.8718829e+01
   2.8900000e+03   1.8603372e+01
   2.9000000e+03   1.8555390e+01
   2.9100000e+03   1.8642625e+01
   2.9200000e+03   1.7924408e+01
   2.9300000e+03   1.8711678e+01
   2.9400000e+03   1.8635305e+01
   2.9500000e+03   1.8689890e+01
   2.9600000e+03   1.8265692e+01
   2.9700000e+03   1.8419497e+01
   2.9800000e+03   1.8458056e+01
   2.9900000e+03   1.7767700e+01
   3.0000000e+03   1.8034555e+01
   3.0100000e+03   1.8049140e+01
   3.0200000e+03   1.8307422e+01
   3.0300000e+03   1.8631822e+01
   3.0400000e+03   1.8502629e+01
   3.0500000e+03   1.8052006e+01
   3.0600000e+03   1.8528328e+01
   3.0700000e+03   1.8367345e+01
   3.0800000e+03   1.8487232e+01
   3.0900000e+03   1.8074428e+01
   3.1000000e+03   1.8436297e+01
   3.1100000e+03   1.8498801e+01
   3.1200000e+03   1.8159906e+01
   3.1300000e+03   1.8500823e+01
   3.1400000e+03   1.8550797e+01
   3.1500000e+03   1.8651215e+01
   3.1600000e+03   1.8472391e+01
   3.1700000e+03   1.8711600e+01
   3.1800000e+03   1.8312556e+01
   3.1900000e+03   1.8612397e+01
   3.2000000e+03   1.8420702e+01
   3.2100000e+03   1.8421000e+01
   3.2200000e+03   1.8064146e+01
   3.2300000e+03   1.8461375e+01
   3.2400000e+03   1.8268872e+01
   3.2500000e+03   1.8601376e+01
   3.2600000e+03   1.8626315e+01
   3.2700000e+03   1.8625344e+01
   3.2800000e+03   1.8042070e+01
   3.2900000e+03   1.8565893e+01
   3.3000000e+03   1.8636506e+01
   3.3100000e+03   1.8444135e+01
   3.3200000e+03   1.8190495e+01
   3.3300000e+03   1.8679787e+01
   3.3400000e+03   1.6858000e+01
   3.3500000e+03   1.8318792e+01
   3.3600000e+03   1.8534054e+01
   3.3700000e+03   1.8281134e+01
   3.3800000e+03   1.8651678e+01
   3.3900000e+03   1.7807844e+01
   3.4000000e+03   1.8149984e+01
   3.4100000e+03   1.8746665e+01
   3.4200000e+03   1.7629736e+01
   3.4300000e+03   1.8389545e+01
   3.4400000e+03   1.8264885e+01
   3.4500000e+03   1.8372823e+01
   3.4600000e+03   1.8626862e+01
   3.4700000e+03   1.8357636e+01
   3.4800000e+03   1.8697531e+01
   3.4900000e+03   1.8583346e+01
