   0.0000000e+00   2.6606119e-03
   1.0000000e+01   7.1756027e-03
   2.0000000e+01   1.0295930e-02
   3.0000000e+01   3.9678785e-03
   4.0000000e+01   1.1396570e-02
   5.0000000e+01   7.9254533e-03
   6.0000000e+01   3.1860894e-02
   7.0000000e+01   3.6098812e-02
   8.0000000e+01   2.1105748e-01
   9.0000000e+01   8.6017742e-01
   1.0000000e+02   2.2127297e+00
   1.1000000e+02   3.5073749e+00
   1.2000000e+02   5.0586588e+00
   1.3000000e+02   4.5056724e+00
   1.4000000e+02   5.6117708e+00
   1.5000000e+02   6.0684675e+00
   1.6000000e+02   6.3501658e+00
   1.7000000e+02   5.8699564e+00
   1.8000000e+02   4.3371673e+00
   1.9000000e+02   1.4760100e+00
   2.0000000e+02   4.5379119e+00
   2.1000000e+02   5.5802862e+00
   2.2000000e+02   5.5468797e+00
   2.3000000e+02   7.1841799e+00
   2.4000000e+02   5.6135674e+00
   2.5000000e+02   5.9831219e+00
   2.6000000e+02   5.8231843e+00
   2.7000000e+02   6.5731007e+00
   2.8000000e+02   7.3027240e+00
   2.9000000e+02   7.5449581e+00
   3.0000000e+02   6.5382745e+00
   3.1000000e+02   6.1180346e+00
   3.2000000e+02   6.4801273e+00
   3.3000000e+02   6.4129949e+00
   3.4000000e+02   6.2393872e+00
   3.5000000e+02   6.9559051e+00
   3.6000000e+02   5.4342541e+00
   3.7000000e+02   6.4341726e+00
   3.8000000e+02   6.1141375e+00
   3.9000000e+02   6.3922482e+00
   4.0000000e+02   6.6362700e+00
   4.1000000e+02   7.2000199e+00
   4.2000000e+02   6.9228652e+00
   4.3000000e+02   7.4670844e+00
   4.4000000e+02   6.4243330e+00
   4.5000000e+02   7.6811037e+00
   4.6000000e+02   7.2777079e+00
   4.7000000e+02   6.3465061e+00
   4.8000000e+02   5.6288888e+00
   4.9000000e+02   6.4957671e+00
   5.0000000e+02   6.4031836e+00
   5.1000000e+02   7.1377071e+00
   5.2000000e+02   6.5351915e+00
   5.3000000e+02   7.3295957e+00
   5.4000000e+02   6.7649013e+00
   5.5000000e+02   7.2147730e+00
   5.6000000e+02   6.1526470e+00
   5.7000000e+02   6.6929279e+00
   5.8000000e+02   7.3362240e+00
   5.9000000e+02   7.1179488e+00
   6.0000000e+02   8.1098681e+00
   6.1000000e+02   7.6927457e+00
   6.2000000e+02   7.8877697e+00
   6.3000000e+02   6.2018481e+00
   6.4000000e+02   7.2512546e+00
   6.5000000e+02   6.4769476e+00
   6.6000000e+02   6.5134643e+00
   6.7000000e+02   5.4989759e+00
   6.8000000e+02   5.7509856e+00
   6.9000000e+02   6.6335744e+00
   7.0000000e+02   5.8764557e+00
   7.1000000e+02   5.4729606e+00
   7.2000000e+02   6.0541496e+00
   7.3000000e+02   5.7363696e+00
   7.4000000e+02   6.1580814e+00
   7.5000000e+02   6.8072727e+00
   7.6000000e+02   7.3125124e+00
   7.7000000e+02   6.8883201e+00
   7.8000000e+02   6.0721591e+00
   7.9000000e+02   6.3928113e+00
   8.0000000e+02   6.6809277e+00
   8.1000000e+02   6.1309125e+00
   8.2000000e+02   6.3128459e+00
   8.3000000e+02   6.1783921e+00
   8.4000000e+02   6.5191062e+00
   8.5000000e+02   6.8921404e+00
   8.6000000e+02   5.5820143e+00
   8.7000000e+02   6.9162585e+00
   8.8000000e+02   7.2975702e+00
   8.9000000e+02   7.0139911e+00
   9.0000000e+02   6.5527024e+00
   9.1000000e+02   7.0631722e+00
   9.2000000e+02   6.3232184e+00
   9.3000000e+02   6.6851024e+00
   9.4000000e+02   6.1105650e+00
   9.5000000e+02   7.0093518e+00
   9.6000000e+02   6.3094610e+00
   9.7000000e+02   6.6638081e+00
   9.8000000e+02   6.8130789e+00
   9.9000000e+02   6.2882005e+00
   1.0000000e+03   6.6058957e+00
   1.0100000e+03   6.5470132e+00
   1.0200000e+03   6.4144765e+00
   1.0300000e+03   6.0845117e+00
   1.0400000e+03   6.2671402e+00
   1.0500000e+03   5.6090078e+00
   1.0600000e+03   6.1234443e+00
   1.0700000e+03   5.8595612e+00
   1.0800000e+03   6.3458575e+00
   1.0900000e+03   6.9397029e+00
   1.1000000e+03   5.7740305e+00
   1.1100000e+03   6.2781876e+00
   1.1200000e+03   5.8172542e+00
   1.1300000e+03   6.0692991e+00
   1.1400000e+03   6.5220486e+00
   1.1500000e+03   6.5641763e+00
   1.1600000e+03   6.1627912e+00
   1.1700000e+03   6.4061838e+00
   1.1800000e+03   6.2937453e+00
   1.1900000e+03   6.3288828e+00
   1.2000000e+03   6.3947901e+00
   1.2100000e+03   6.3784265e+00
   1.2200000e+03   6.3015662e+00
   1.2300000e+03   6.8784745e+00
   1.2400000e+03   5.8268067e+00
   1.2500000e+03   5.7456251e+00
   1.2600000e+03   6.2131701e+00
   1.2700000e+03   5.8540069e+00
   1.2800000e+03   6.0673468e+00
   1.2900000e+03   6.8296935e+00
   1.3000000e+03   7.6670871e+00
   1.3100000e+03   6.4599230e+00
   1.3200000e+03   6.0304454e+00
   1.3300000e+03   7.9491724e+00
   1.3400000e+03   6.8769971e+00
   1.3500000e+03   6.1494800e+00
   1.3600000e+03   6.6488610e+00
   1.3700000e+03   7.0260777e+00
   1.3800000e+03   7.8763633e+00
   1.3900000e+03   8.0280824e+00
   1.4000000e+03   6.7699864e+00
   1.4100000e+03   6.0138448e+00
   1.4200000e+03   3.6286972e+00
   1.4300000e+03   2.3259513e+00
   1.4400000e+03   3.6726803e+00
   1.4500000e+03   4.9408047e+00
   1.4600000e+03   2.2115344e+00
   1.4700000e+03   2.9379833e+00
   1.4800000e+03   5.2371410e+00
   1.4900000e+03   6.6231538e+00
   1.5000000e+03   6.8936921e+00
   1.5100000e+03   5.6872294e+00
   1.5200000e+03   6.3658583e+00
   1.5300000e+03   5.9504886e+00
   1.5400000e+03   6.1972868e+00
   1.5500000e+03   6.7272482e+00
   1.5600000e+03   7.5811678e+00
   1.5700000e+03   7.3773296e+00
   1.5800000e+03   7.6763995e+00
   1.5900000e+03   7.8142961e+00
   1.6000000e+03   7.8477762e+00
   1.6100000e+03   7.3225722e+00
   1.6200000e+03   7.6472462e+00
   1.6300000e+03   6.9272098e+00
   1.6400000e+03   8.2157877e+00
   1.6500000e+03   7.3819907e+00
   1.6600000e+03   7.7518157e+00
   1.6700000e+03   8.8498848e+00
   1.6800000e+03   7.7282772e+00
   1.6900000e+03   8.5209602e+00
   1.7000000e+03   8.5436529e+00
   1.7100000e+03   7.7594866e+00
   1.7200000e+03   7.6301487e+00
   1.7300000e+03   8.0681360e+00
   1.7400000e+03   7.6179743e+00
   1.7500000e+03   7.3839268e+00
   1.7600000e+03   7.0480156e+00
   1.7700000e+03   6.9092068e+00
   1.7800000e+03   5.2021024e+00
   1.7900000e+03   5.4393771e+00
   1.8000000e+03   6.7679455e+00
   1.8100000e+03   6.1695103e+00
   1.8200000e+03   6.7378644e+00
   1.8300000e+03   6.8060321e+00
   1.8400000e+03   7.0443786e+00
   1.8500000e+03   7.0441439e+00
   1.8600000e+03   6.2104578e+00
   1.8700000e+03   5.8889676e+00
   1.8800000e+03   5.6524499e+00
   1.8900000e+03   6.2845649e+00
   1.9000000e+03   6.4609086e+00
   1.9100000e+03   6.2711748e+00
   1.9200000e+03   6.3227740e+00
   1.9300000e+03   5.6788758e+00
   1.9400000e+03   5.6020031e+00
   1.9500000e+03   5.6325298e+00
   1.9600000e+03   5.1368450e+00
   1.9700000e+03   5.5757135e+00
   1.9800000e+03   4.3895105e+00
   1.9900000e+03   5.0737763e+00
   2.0000000e+03   5.4332299e+00
   2.0100000e+03   5.5874253e+00
   2.0200000e+03   5.8810000e+00
   2.0300000e+03   6.7220772e+00
   2.0400000e+03   5.9390068e+00
   2.0500000e+03   5.4500002e+00
   2.0600000e+03   6.3007264e+00
   2.0700000e+03   5.7169633e+00
   2.0800000e+03   4.8538117e+00
   2.0900000e+03   6.0627534e+00
   2.1000000e+03   5.1408316e+00
   2.1100000e+03   5.9705049e+00
   2.1200000e+03   6.1723943e+00
   2.1300000e+03   6.4673542e+00
   2.1400000e+03   5.7353854e+00
   2.1500000e+03   6.9183771e+00
   2.1600000e+03   6.6266339e+00
   2.1700000e+03   7.2914404e+00
   2.1800000e+03   6.1813067e+00
   2.1900000e+03   5.9257494e+00
   2.2000000e+03   5.0522959e+00
   2.2100000e+03   5.3201722e+00
   2.2200000e+03   5.3215452e+00
   2.2300000e+03   6.5316493e+00
   2.2400000e+03   6.1735144e+00
   2.2500000e+03   5.7049509e+00
   2.2600000e+03   6.3418516e+00
   2.2700000e+03   6.1616860e+00
   2.2800000e+03   3.3154013e+00
   2.2900000e+03   4.8150148e+00
   2.3000000e+03   6.2688456e+00
   2.3100000e+03   7.6714773e+00
   2.3200000e+03   9.3981749e+00
   2.3300000e+03   9.2708649e+00
   2.3400000e+03   8.7242293e+00
   2.3500000e+03   9.7538823e+00
   2.3600000e+03   9.5179615e+00
   2.3700000e+03   9.9488693e+00
   2.3800000e+03   9.3228450e+00
   2.3900000e+03   1.0093019e+01
   2.4000000e+03   9.8328512e+00
   2.4100000e+03   9.5405118e+00
   2.4200000e+03   9.3641519e+00
   2.4300000e+03   9.0352541e+00
   2.4400000e+03   8.8384062e+00
   2.4500000e+03   8.3988500e+00
   2.4600000e+03   7.6576746e+00
   2.4700000e+03   8.0928609e+00
   2.4800000e+03   7.8069705e+00
   2.4900000e+03   8.3775266e+00
   2.5000000e+03   7.3469601e+00
   2.5100000e+03   6.6684295e+00
   2.5200000e+03   7.2550322e+00
   2.5300000e+03   7.0787496e+00
   2.5400000e+03   6.4624458e+00
   2.5500000e+03   7.1984228e+00
   2.5600000e+03   6.6597850e+00
   2.5700000e+03   6.8700939e+00
   2.5800000e+03   7.1915859e+00
   2.5900000e+03   7.3663713e+00
   2.6000000e+03   7.1621934e+00
   2.6100000e+03   6.4053396e+00
   2.6200000e+03   6.6671667e+00
   2.6300000e+03   6.9682189e+00
   2.6400000e+03   6.9801048e+00
   2.6500000e+03   7.2749296e+00
   2.6600000e+03   7.3390354e+00
   2.6700000e+03   7.1672320e+00
   2.6800000e+03   6.7678370e+00
   2.6900000e+03   7.2798398e+00
   2.7000000e+03   6.5368707e+00
   2.7100000e+03   7.0287922e+00
   2.7200000e+03   7.0954202e+00
   2.7300000e+03   7.4725540e+00
   2.7400000e+03   6.5812877e+00
   2.7500000e+03   6.5752037e+00
   2.7600000e+03   7.8461098e+00
   2.7700000e+03   7.1495231e+00
   2.7800000e+03   8.4725373e+00
   2.7900000e+03   7.4163340e+00
   2.8000000e+03   7.8256759e+00
   2.8100000e+03   7.7200542e+00
   2.8200000e+03   8.0719883e+00
   2.8300000e+03   7.7810327e+00
   2.8400000e+03   7.6255824e+00
   2.8500000e+03   7.8646137e+00
   2.8600000e+03   7.4523439e+00
   2.8700000e+03   8.3416672e+00
   2.8800000e+03   8.2642042e+00
   2.8900000e+03   7.8578824e+00
   2.9000000e+03   7.3928762e+00
   2.9100000e+03   7.3623203e+00
   2.9200000e+03   7.1165924e+00
   2.9300000e+03   7.3900275e+00
   2.9400000e+03   7.1796579e+00
   2.9500000e+03   7.3355442e+00
   2.9600000e+03   8.0784747e+00
   2.9700000e+03   7.1602643e+00
   2.9800000e+03   7.0966371e+00
   2.9900000e+03   6.8105087e+00
   3.0000000e+03   7.3294081e+00
   3.0100000e+03   7.2260813e+00
   3.0200000e+03   6.3898582e+00
   3.0300000e+03   6.7962007e+00
   3.0400000e+03   6.6420527e+00
   3.0500000e+03   6.4859359e+00
   3.0600000e+03   6.9333493e+00
   3.0700000e+03   6.0977965e+00
   3.0800000e+03   6.8244287e+00
   3.0900000e+03   7.1648777e+00
   3.1000000e+03   6.4825164e+00
   3.1100000e+03   6.8758043e+00
   3.1200000e+03   6.3566367e+00
   3.1300000e+03   6.9525316e+00
   3.1400000e+03   6.1507945e+00
   3.1500000e+03   6.6190053e+00
   3.1600000e+03   6.3744318e+00
   3.1700000e+03   6.0206613e+00
   3.1800000e+03   6.4319602e+00
   3.1900000e+03   7.1957238e+00
   3.2000000e+03   5.6412649e+00
   3.2100000e+03   6.4758532e+00
   3.2200000e+03   6.8940492e+00
   3.2300000e+03   7.1575943e+00
   3.2400000e+03   7.1752997e+00
   3.2500000e+03   5.8518335e+00
   3.2600000e+03   6.8759262e+00
   3.2700000e+03   6.2724515e+00
   3.2800000e+03   6.4989546e+00
   3.2900000e+03   6.5844891e+00
   3.3000000e+03   6.0537474e+00
   3.3100000e+03   5.5496340e+00
   3.3200000e+03   6.6008420e+00
   3.3300000e+03   6.4479780e+00
   3.3400000e+03   5.5918923e+00
   3.3500000e+03   5.2859276e+00
   3.3600000e+03   6.8734342e+00
   3.3700000e+03   5.8417458e+00
   3.3800000e+03   6.0731541e+00
   3.3900000e+03   6.2314620e+00
   3.4000000e+03   5.9924848e+00
   3.4100000e+03   6.0297740e+00
   3.4200000e+03   6.7568795e+00
   3.4300000e+03   7.0826853e+00
   3.4400000e+03   5.9121213e+00
   3.4500000e+03   5.7828309e+00
   3.4600000e+03   6.6764313e+00
   3.4700000e+03   6.0092364e+00
   3.4800000e+03   5.7930557e+00
   3.4900000e+03   6.1417050e+00
