   0.0000000e+00   1.7998730e+01
   1.0000000e+01   1.8015918e+01
   2.0000000e+01   1.8549473e+01
   3.0000000e+01   1.9392644e+01
   4.0000000e+01   2.0442127e+01
   5.0000000e+01   2.1529629e+01
   6.0000000e+01   2.2647928e+01
   7.0000000e+01   2.3695523e+01
   8.0000000e+01   2.4692352e+01
   9.0000000e+01   2.5606583e+01
   1.0000000e+02   2.6528344e+01
   1.1000000e+02   2.7257659e+01
   1.2000000e+02   2.7958547e+01
   1.3000000e+02   2.8563414e+01
   1.4000000e+02   2.9120028e+01
   1.5000000e+02   2.9632460e+01
   1.6000000e+02   3.0088322e+01
   1.7000000e+02   3.0508914e+01
   1.8000000e+02   3.0874506e+01
   1.9000000e+02   3.1258436e+01
   2.0000000e+02   3.1588927e+01
   2.1000000e+02   3.1871889e+01
   2.2000000e+02   3.2140510e+01
   2.3000000e+02   3.2384892e+01
   2.4000000e+02   3.2600244e+01
   2.5000000e+02   3.2797007e+01
   2.6000000e+02   3.2984396e+01
   2.7000000e+02   3.3154885e+01
   2.8000000e+02   3.3317482e+01
   2.9000000e+02   3.3470023e+01
   3.0000000e+02   3.3606744e+01
   3.1000000e+02   3.3732595e+01
   3.2000000e+02   3.3854446e+01
   3.3000000e+02   3.3960005e+01
   3.4000000e+02   3.4065099e+01
   3.5000000e+02   3.4163032e+01
   3.6000000e+02   3.4251618e+01
   3.7000000e+02   3.4346297e+01
   3.8000000e+02   3.4403126e+01
   3.9000000e+02   3.4494146e+01
   4.0000000e+02   3.4558006e+01
   4.1000000e+02   3.4611421e+01
   4.2000000e+02   3.4660791e+01
   4.3000000e+02   3.4719975e+01
   4.4000000e+02   3.4768055e+01
   4.5000000e+02   3.4811237e+01
   4.6000000e+02   3.4873360e+01
   4.7000000e+02   3.4920291e+01
   4.8000000e+02   3.4969238e+01
   4.9000000e+02   3.5012075e+01
   5.0000000e+02   3.5046407e+01
   5.1000000e+02   3.5080522e+01
   5.2000000e+02   3.5106724e+01
   5.3000000e+02   3.5122777e+01
   5.4000000e+02   3.5150903e+01
   5.5000000e+02   3.5192133e+01
   5.6000000e+02   3.5213644e+01
   5.7000000e+02   3.5250554e+01
   5.8000000e+02   3.5294099e+01
   5.9000000e+02   3.5301225e+01
   6.0000000e+02   3.5329236e+01
   6.1000000e+02   3.5343193e+01
   6.2000000e+02   3.5380050e+01
   6.3000000e+02   3.5397107e+01
   6.4000000e+02   3.5405642e+01
   6.5000000e+02   3.5423831e+01
   6.6000000e+02   3.5465687e+01
   6.7000000e+02   3.5489717e+01
   6.8000000e+02   3.5503696e+01
   6.9000000e+02   3.5505966e+01
   7.0000000e+02   3.5534767e+01
   7.1000000e+02   3.5539008e+01
   7.2000000e+02   3.5559983e+01
   7.3000000e+02   3.5559609e+01
   7.4000000e+02   3.5585019e+01
   7.5000000e+02   3.5584865e+01
   7.6000000e+02   3.5591921e+01
   7.7000000e+02   3.5648330e+01
   7.8000000e+02   3.5648558e+01
   7.9000000e+02   3.5645098e+01
   8.0000000e+02   3.5671144e+01
   8.1000000e+02   3.5675314e+01
   8.2000000e+02   3.5701360e+01
   8.3000000e+02   3.5716598e+01
   8.4000000e+02   3.5705529e+01
   8.5000000e+02   3.5709736e+01
   8.6000000e+02   3.5706312e+01
   8.7000000e+02   3.5723306e+01
   8.8000000e+02   3.5739712e+01
   8.9000000e+02   3.5748425e+01
   9.0000000e+02   3.5745372e+01
   9.1000000e+02   3.5771054e+01
   9.2000000e+02   3.5783515e+01
   9.3000000e+02   3.5789021e+01
   9.4000000e+02   3.5813979e+01
   9.5000000e+02   3.5834890e+01
   9.6000000e+02   3.5852493e+01
   9.7000000e+02   3.5882266e+01
   9.8000000e+02   3.5867987e+01
   9.9000000e+02   3.5896933e+01
   1.0000000e+03   3.5924807e+01
   1.0100000e+03   3.5946590e+01
   1.0200000e+03   3.5936244e+01
   1.0300000e+03   3.5962473e+01
   1.0400000e+03   3.5970405e+01
   1.0500000e+03   3.5936930e+01
   1.0600000e+03   3.5887763e+01
   1.0700000e+03   3.5901919e+01
   1.0800000e+03   3.5882454e+01
   1.0900000e+03   3.5870931e+01
   1.1000000e+03   3.5892153e+01
   1.1100000e+03   3.5879909e+01
   1.1200000e+03   3.5889223e+01
   1.1300000e+03   3.5916788e+01
   1.1400000e+03   3.5910518e+01
   1.1500000e+03   3.5931487e+01
   1.1600000e+03   3.5936846e+01
   1.1700000e+03   3.5946280e+01
   1.1800000e+03   3.5978964e+01
   1.1900000e+03   3.5972367e+01
   1.2000000e+03   3.5982041e+01
   1.2100000e+03   3.5993516e+01
   1.2200000e+03   3.5998169e+01
   1.2300000e+03   3.5982901e+01
   1.2400000e+03   3.5996169e+01
   1.2500000e+03   3.5993363e+01
   1.2600000e+03   3.6013564e+01
   1.2700000e+03   3.6014470e+01
   1.2800000e+03   3.6028917e+01
   1.2900000e+03   3.6024174e+01
   1.3000000e+03   3.6043929e+01
   1.3100000e+03   3.6041817e+01
   1.3200000e+03   3.6065453e+01
   1.3300000e+03   3.6069599e+01
   1.3400000e+03   3.6104525e+01
   1.3500000e+03   3.6115182e+01
   1.3600000e+03   3.6124192e+01
   1.3700000e+03   3.6144038e+01
   1.3800000e+03   3.6151162e+01
   1.3900000e+03   3.6154094e+01
   1.4000000e+03   3.6164920e+01
   1.4100000e+03   3.6161809e+01
   1.4200000e+03   3.6159492e+01
   1.4300000e+03   3.6173141e+01
   1.4400000e+03   3.6187282e+01
   1.4500000e+03   3.6201699e+01
   1.4600000e+03   3.6202181e+01
   1.4700000e+03   3.6216250e+01
   1.4800000e+03   3.6187734e+01
   1.4900000e+03   3.6221577e+01
   1.5000000e+03   3.6220560e+01
   1.5100000e+03   3.6235157e+01
   1.5200000e+03   3.6248385e+01
   1.5300000e+03   3.6252125e+01
   1.5400000e+03   3.6252427e+01
   1.5500000e+03   3.6258341e+01
   1.5600000e+03   3.6264011e+01
   1.5700000e+03   3.6275460e+01
   1.5800000e+03   3.6298092e+01
   1.5900000e+03   3.6295872e+01
   1.6000000e+03   3.6309423e+01
   1.6100000e+03   3.6316260e+01
   1.6200000e+03   3.6336142e+01
   1.6300000e+03   3.6347806e+01
   1.6400000e+03   3.6342318e+01
   1.6500000e+03   3.6374425e+01
   1.6600000e+03   3.6358559e+01
   1.6700000e+03   3.6387615e+01
   1.6800000e+03   3.6397981e+01
   1.6900000e+03   3.6385694e+01
   1.7000000e+03   3.6400890e+01
   1.7100000e+03   3.6397995e+01
   1.7200000e+03   3.6406848e+01
   1.7300000e+03   3.6420939e+01
   1.7400000e+03   3.6429264e+01
   1.7500000e+03   3.6418134e+01
   1.7600000e+03   3.6433220e+01
   1.7700000e+03   3.6443250e+01
   1.7800000e+03   3.6462647e+01
   1.7900000e+03   3.6468894e+01
   1.8000000e+03   3.6471731e+01
   1.8100000e+03   3.6485063e+01
   1.8200000e+03   3.6480119e+01
   1.8300000e+03   3.6486941e+01
   1.8400000e+03   3.6504034e+01
   1.8500000e+03   3.6527802e+01
   1.8600000e+03   3.6521592e+01
   1.8700000e+03   3.6514002e+01
   1.8800000e+03   3.6518758e+01
   1.8900000e+03   3.6514880e+01
   1.9000000e+03   3.6525137e+01
   1.9100000e+03   3.6538265e+01
   1.9200000e+03   3.6549518e+01
   1.9300000e+03   3.6542640e+01
   1.9400000e+03   3.6541623e+01
   1.9500000e+03   3.6557055e+01
   1.9600000e+03   3.6576490e+01
   1.9700000e+03   3.6577488e+01
   1.9800000e+03   3.6583917e+01
   1.9900000e+03   3.6599976e+01
   2.0000000e+03   3.6609489e+01
   2.0100000e+03   3.6592728e+01
   2.0200000e+03   3.6629920e+01
   2.0300000e+03   3.6634424e+01
   2.0400000e+03   3.6651236e+01
   2.0500000e+03   3.6655849e+01
   2.0600000e+03   3.6661759e+01
   2.0700000e+03   3.6671234e+01
   2.0800000e+03   3.6678033e+01
   2.0900000e+03   3.6677711e+01
   2.1000000e+03   3.6690021e+01
   2.1100000e+03   3.6704000e+01
   2.1200000e+03   3.6699836e+01
   2.1300000e+03   3.6702431e+01
   2.1400000e+03   3.6715412e+01
   2.1500000e+03   3.6707239e+01
   2.1600000e+03   3.6707805e+01
   2.1700000e+03   3.6713199e+01
   2.1800000e+03   3.6717009e+01
   2.1900000e+03   3.6722990e+01
   2.2000000e+03   3.6734123e+01
   2.2100000e+03   3.6725129e+01
   2.2200000e+03   3.6724566e+01
   2.2300000e+03   3.6712006e+01
   2.2400000e+03   3.6713123e+01
   2.2500000e+03   3.6718261e+01
   2.2600000e+03   3.6718344e+01
   2.2700000e+03   3.6732044e+01
   2.2800000e+03   3.6723940e+01
   2.2900000e+03   3.6723747e+01
   2.3000000e+03   3.6750030e+01
   2.3100000e+03   3.6753597e+01
   2.3200000e+03   3.6739011e+01
   2.3300000e+03   3.6751820e+01
   2.3400000e+03   3.6753887e+01
   2.3500000e+03   3.6750251e+01
   2.3600000e+03   3.6770484e+01
   2.3700000e+03   3.6774519e+01
   2.3800000e+03   3.6779396e+01
   2.3900000e+03   3.6789893e+01
   2.4000000e+03   3.6799297e+01
   2.4100000e+03   3.6795301e+01
   2.4200000e+03   3.6811021e+01
   2.4300000e+03   3.6820940e+01
   2.4400000e+03   3.6831877e+01
   2.4500000e+03   3.6838864e+01
   2.4600000e+03   3.6848756e+01
   2.4700000e+03   3.6845310e+01
   2.4800000e+03   3.6849224e+01
   2.4900000e+03   3.6855540e+01
   2.5000000e+03   3.6854280e+01
   2.5100000e+03   3.6854534e+01
   2.5200000e+03   3.6859673e+01
   2.5300000e+03   3.6853697e+01
   2.5400000e+03   3.6845044e+01
   2.5500000e+03   3.6854282e+01
   2.5600000e+03   3.6861622e+01
   2.5700000e+03   3.6864196e+01
   2.5800000e+03   3.6859697e+01
   2.5900000e+03   3.6853446e+01
   2.6000000e+03   3.6848986e+01
   2.6100000e+03   3.6860624e+01
   2.6200000e+03   3.6861131e+01
   2.6300000e+03   3.6885724e+01
   2.6400000e+03   3.6879615e+01
   2.6500000e+03   3.6895065e+01
   2.6600000e+03   3.6898774e+01
   2.6700000e+03   3.6903536e+01
   2.6800000e+03   3.6901603e+01
   2.6900000e+03   3.6918228e+01
   2.7000000e+03   3.6915514e+01
   2.7100000e+03   3.6932703e+01
   2.7200000e+03   3.6934057e+01
   2.7300000e+03   3.6917142e+01
   2.7400000e+03   3.6939616e+01
   2.7500000e+03   3.6927093e+01
   2.7600000e+03   3.6937131e+01
   2.7700000e+03   3.6928766e+01
   2.7800000e+03   3.6943052e+01
   2.7900000e+03   3.6953571e+01
   2.8000000e+03   3.6962914e+01
   2.8100000e+03   3.6952183e+01
   2.8200000e+03   3.6960948e+01
   2.8300000e+03   3.6963867e+01
   2.8400000e+03   3.6980159e+01
   2.8500000e+03   3.6971903e+01
   2.8600000e+03   3.6982408e+01
   2.8700000e+03   3.6977319e+01
   2.8800000e+03   3.6988016e+01
   2.8900000e+03   3.6990946e+01
   2.9000000e+03   3.6992977e+01
   2.9100000e+03   3.6992233e+01
   2.9200000e+03   3.6999751e+01
   2.9300000e+03   3.7022679e+01
   2.9400000e+03   3.7018599e+01
   2.9500000e+03   3.7020365e+01
   2.9600000e+03   3.7029476e+01
   2.9700000e+03   3.7038407e+01
   2.9800000e+03   3.7037087e+01
   2.9900000e+03   3.7025911e+01
   3.0000000e+03   3.7032107e+01
   3.0100000e+03   3.7038949e+01
   3.0200000e+03   3.7037800e+01
   3.0300000e+03   3.7058063e+01
   3.0400000e+03   3.7060692e+01
   3.0500000e+03   3.7053885e+01
   3.0600000e+03   3.7060223e+01
   3.0700000e+03   3.7067377e+01
   3.0800000e+03   3.7067807e+01
   3.0900000e+03   3.7095535e+01
   3.1000000e+03   3.7086569e+01
   3.1100000e+03   3.7091897e+01
   3.1200000e+03   3.7084972e+01
   3.1300000e+03   3.7083711e+01
   3.1400000e+03   3.7108699e+01
   3.1500000e+03   3.7100406e+01
   3.1600000e+03   3.7098810e+01
   3.1700000e+03   3.7097635e+01
   3.1800000e+03   3.7110842e+01
   3.1900000e+03   3.7107508e+01
   3.2000000e+03   3.7099049e+01
   3.2100000e+03   3.7102787e+01
   3.2200000e+03   3.7112188e+01
   3.2300000e+03   3.7111735e+01
   3.2400000e+03   3.7116105e+01
   3.2500000e+03   3.7119936e+01
   3.2600000e+03   3.7132277e+01
   3.2700000e+03   3.7118464e+01
   3.2800000e+03   3.7129833e+01
   3.2900000e+03   3.7130438e+01
   3.3000000e+03   3.7130608e+01
   3.3100000e+03   3.7134849e+01
   3.3200000e+03   3.7126499e+01
   3.3300000e+03   3.7138038e+01
   3.3400000e+03   3.7136804e+01
   3.3500000e+03   3.7133145e+01
   3.3600000e+03   3.7153106e+01
   3.3700000e+03   3.7141933e+01
   3.3800000e+03   3.7144238e+01
   3.3900000e+03   3.7147886e+01
   3.4000000e+03   3.7151055e+01
   3.4100000e+03   3.7140803e+01
   3.4200000e+03   3.7139243e+01
   3.4300000e+03   3.7145449e+01
   3.4400000e+03   3.7151953e+01
   3.4500000e+03   3.7151679e+01
   3.4600000e+03   3.7158762e+01
   3.4700000e+03   3.7151177e+01
   3.4800000e+03   3.7170082e+01
   3.4900000e+03   3.7151143e+01
