   0.0000000e+00   1.8443733e+01
   1.0000000e+01   1.8478081e+01
   2.0000000e+01   2.0284643e+01
   3.0000000e+01   2.2854484e+01
   4.0000000e+01   2.4942297e+01
   5.0000000e+01   2.6557362e+01
   6.0000000e+01   2.7829048e+01
   7.0000000e+01   2.8806821e+01
   8.0000000e+01   2.9573168e+01
   9.0000000e+01   3.0191755e+01
   1.0000000e+02   3.0675326e+01
   1.1000000e+02   3.1085352e+01
   1.2000000e+02   3.1434598e+01
   1.3000000e+02   3.1698310e+01
   1.4000000e+02   3.1929299e+01
   1.5000000e+02   3.2134553e+01
   1.6000000e+02   3.2288830e+01
   1.7000000e+02   3.2427773e+01
   1.8000000e+02   3.2545618e+01
   1.9000000e+02   3.2677767e+01
   2.0000000e+02   3.2774747e+01
   2.1000000e+02   3.2843110e+01
   2.2000000e+02   3.2889659e+01
   2.3000000e+02   3.2955087e+01
   2.4000000e+02   3.2952402e+01
   2.5000000e+02   3.3098513e+01
   2.6000000e+02   3.3159968e+01
   2.7000000e+02   3.3193338e+01
   2.8000000e+02   3.3202133e+01
   2.9000000e+02   3.3285119e+01
   3.0000000e+02   3.3324376e+01
   3.1000000e+02   3.3404037e+01
   3.2000000e+02   3.3421126e+01
   3.3000000e+02   3.3445040e+01
   3.4000000e+02   3.3482914e+01
   3.5000000e+02   3.3532852e+01
   3.6000000e+02   3.3578934e+01
   3.7000000e+02   3.3587420e+01
   3.8000000e+02   3.3585490e+01
   3.9000000e+02   3.3669030e+01
   4.0000000e+02   3.3683296e+01
   4.1000000e+02   3.3693746e+01
   4.2000000e+02   3.3677502e+01
   4.3000000e+02   3.3723243e+01
   4.4000000e+02   3.3767478e+01
   4.5000000e+02   3.3804753e+01
   4.6000000e+02   3.3791678e+01
   4.7000000e+02   3.3862445e+01
   4.8000000e+02   3.3881706e+01
   4.9000000e+02   3.3890277e+01
   5.0000000e+02   3.3905890e+01
   5.1000000e+02   3.3888349e+01
   5.2000000e+02   3.3896968e+01
   5.3000000e+02   3.3920587e+01
   5.4000000e+02   3.3910776e+01
   5.5000000e+02   3.3938102e+01
   5.6000000e+02   3.3984568e+01
   5.7000000e+02   3.3976922e+01
   5.8000000e+02   3.3993761e+01
   5.9000000e+02   3.3983742e+01
   6.0000000e+02   3.4011558e+01
   6.1000000e+02   3.4006778e+01
   6.2000000e+02   3.4062206e+01
   6.3000000e+02   3.4008159e+01
   6.4000000e+02   3.4073193e+01
   6.5000000e+02   3.4095979e+01
   6.6000000e+02   3.4100840e+01
   6.7000000e+02   3.4142509e+01
   6.8000000e+02   3.4156276e+01
   6.9000000e+02   3.4175243e+01
   7.0000000e+02   3.4185100e+01
   7.1000000e+02   3.4179056e+01
   7.2000000e+02   3.4188624e+01
   7.3000000e+02   3.4133140e+01
   7.4000000e+02   3.4201345e+01
   7.5000000e+02   3.4208050e+01
   7.6000000e+02   3.4206884e+01
   7.7000000e+02   3.4182419e+01
   7.8000000e+02   3.4182190e+01
   7.9000000e+02   3.4195189e+01
   8.0000000e+02   3.4252139e+01
   8.1000000e+02   3.4239166e+01
   8.2000000e+02   3.4241695e+01
   8.3000000e+02   3.4213052e+01
   8.4000000e+02   3.4228721e+01
   8.5000000e+02   3.4180569e+01
   8.6000000e+02   3.4261974e+01
   8.7000000e+02   3.4204677e+01
   8.8000000e+02   3.4246030e+01
   8.9000000e+02   3.4249039e+01
   9.0000000e+02   3.4216027e+01
   9.1000000e+02   3.4305539e+01
   9.2000000e+02   3.4314359e+01
   9.3000000e+02   3.4312327e+01
   9.4000000e+02   3.4317200e+01
   9.5000000e+02   3.4341797e+01
   9.6000000e+02   3.4397377e+01
   9.7000000e+02   3.4389925e+01
   9.8000000e+02   3.4331958e+01
   9.9000000e+02   3.4349971e+01
   1.0000000e+03   3.4359137e+01
   1.0100000e+03   3.4385753e+01
   1.0200000e+03   3.4381336e+01
   1.0300000e+03   3.4384741e+01
   1.0400000e+03   3.4332554e+01
   1.0500000e+03   3.4246439e+01
   1.0600000e+03   3.4260305e+01
   1.0700000e+03   3.4196053e+01
   1.0800000e+03   3.4253845e+01
   1.0900000e+03   3.4095954e+01
   1.1000000e+03   3.4162261e+01
   1.1100000e+03   3.4265930e+01
   1.1200000e+03   3.4296979e+01
   1.1300000e+03   3.4284115e+01
   1.1400000e+03   3.4263202e+01
   1.1500000e+03   3.4306610e+01
   1.1600000e+03   3.4308776e+01
   1.1700000e+03   3.4275240e+01
   1.1800000e+03   3.4282137e+01
   1.1900000e+03   3.4302510e+01
   1.2000000e+03   3.4296880e+01
   1.2100000e+03   3.4367132e+01
   1.2200000e+03   3.4332010e+01
   1.2300000e+03   3.4359930e+01
   1.2400000e+03   3.4325663e+01
   1.2500000e+03   3.4325825e+01
   1.2600000e+03   3.4354746e+01
   1.2700000e+03   3.4379430e+01
   1.2800000e+03   3.4440994e+01
   1.2900000e+03   3.4429615e+01
   1.3000000e+03   3.4393616e+01
   1.3100000e+03   3.4370696e+01
   1.3200000e+03   3.4408543e+01
   1.3300000e+03   3.4455218e+01
   1.3400000e+03   3.4412240e+01
   1.3500000e+03   3.4478238e+01
   1.3600000e+03   3.4484975e+01
   1.3700000e+03   3.4412264e+01
   1.3800000e+03   3.4513129e+01
   1.3900000e+03   3.4455028e+01
   1.4000000e+03   3.4430208e+01
   1.4100000e+03   3.4496361e+01
   1.4200000e+03   3.4468207e+01
   1.4300000e+03   3.4535142e+01
   1.4400000e+03   3.4499241e+01
   1.4500000e+03   3.4494478e+01
   1.4600000e+03   3.4550967e+01
   1.4700000e+03   3.4564143e+01
   1.4800000e+03   3.4516839e+01
   1.4900000e+03   3.4523532e+01
   1.5000000e+03   3.4516340e+01
   1.5100000e+03   3.4581022e+01
   1.5200000e+03   3.4523865e+01
   1.5300000e+03   3.4516409e+01
   1.5400000e+03   3.4540714e+01
   1.5500000e+03   3.4551667e+01
   1.5600000e+03   3.4548203e+01
   1.5700000e+03   3.4573157e+01
   1.5800000e+03   3.4595367e+01
   1.5900000e+03   3.4567085e+01
   1.6000000e+03   3.4636430e+01
   1.6100000e+03   3.4582705e+01
   1.6200000e+03   3.4638505e+01
   1.6300000e+03   3.4619559e+01
   1.6400000e+03   3.4621148e+01
   1.6500000e+03   3.4689648e+01
   1.6600000e+03   3.4676043e+01
   1.6700000e+03   3.4649603e+01
   1.6800000e+03   3.4672100e+01
   1.6900000e+03   3.4675336e+01
   1.7000000e+03   3.4712268e+01
   1.7100000e+03   3.4668229e+01
   1.7200000e+03   3.4711837e+01
   1.7300000e+03   3.4710179e+01
   1.7400000e+03   3.4714861e+01
   1.7500000e+03   3.4738224e+01
   1.7600000e+03   3.4749678e+01
   1.7700000e+03   3.4702585e+01
   1.7800000e+03   3.4756296e+01
   1.7900000e+03   3.4754554e+01
   1.8000000e+03   3.4730883e+01
   1.8100000e+03   3.4745837e+01
   1.8200000e+03   3.4804419e+01
   1.8300000e+03   3.4789999e+01
   1.8400000e+03   3.4796834e+01
   1.8500000e+03   3.4790472e+01
   1.8600000e+03   3.4804822e+01
   1.8700000e+03   3.4810246e+01
   1.8800000e+03   3.4838548e+01
   1.8900000e+03   3.4792614e+01
   1.9000000e+03   3.4789861e+01
   1.9100000e+03   3.4827691e+01
   1.9200000e+03   3.4845132e+01
   1.9300000e+03   3.4818132e+01
   1.9400000e+03   3.4839738e+01
   1.9500000e+03   3.4857937e+01
   1.9600000e+03   3.4855464e+01
   1.9700000e+03   3.4888000e+01
   1.9800000e+03   3.4873187e+01
   1.9900000e+03   3.4929946e+01
   2.0000000e+03   3.4899028e+01
   2.0100000e+03   3.4933427e+01
   2.0200000e+03   3.4923375e+01
   2.0300000e+03   3.4962391e+01
   2.0400000e+03   3.4966433e+01
   2.0500000e+03   3.4973795e+01
   2.0600000e+03   3.4991139e+01
   2.0700000e+03   3.4978008e+01
   2.0800000e+03   3.4992586e+01
   2.0900000e+03   3.4988151e+01
   2.1000000e+03   3.5005507e+01
   2.1100000e+03   3.5001913e+01
   2.1200000e+03   3.4999571e+01
   2.1300000e+03   3.4979092e+01
   2.1400000e+03   3.4968101e+01
   2.1500000e+03   3.4975224e+01
   2.1600000e+03   3.4985845e+01
   2.1700000e+03   3.4990334e+01
   2.1800000e+03   3.5001233e+01
   2.1900000e+03   3.4998998e+01
   2.2000000e+03   3.5008549e+01
   2.2100000e+03   3.4978063e+01
   2.2200000e+03   3.4979783e+01
   2.2300000e+03   3.4980228e+01
   2.2400000e+03   3.4993914e+01
   2.2500000e+03   3.4980552e+01
   2.2600000e+03   3.4985434e+01
   2.2700000e+03   3.5002126e+01
   2.2800000e+03   3.4980985e+01
   2.2900000e+03   3.4989474e+01
   2.3000000e+03   3.5018084e+01
   2.3100000e+03   3.5028283e+01
   2.3200000e+03   3.5018014e+01
   2.3300000e+03   3.5001598e+01
   2.3400000e+03   3.5012808e+01
   2.3500000e+03   3.5017163e+01
   2.3600000e+03   3.5033544e+01
   2.3700000e+03   3.5044440e+01
   2.3800000e+03   3.5054808e+01
   2.3900000e+03   3.5052983e+01
   2.4000000e+03   3.5064231e+01
   2.4100000e+03   3.5072566e+01
   2.4200000e+03   3.5086484e+01
   2.4300000e+03   3.5095733e+01
   2.4400000e+03   3.5092522e+01
   2.4500000e+03   3.5103861e+01
   2.4600000e+03   3.5086124e+01
   2.4700000e+03   3.5091583e+01
   2.4800000e+03   3.5087735e+01
   2.4900000e+03   3.5087664e+01
   2.5000000e+03   3.5096455e+01
   2.5100000e+03   3.5102421e+01
   2.5200000e+03   3.5107568e+01
   2.5300000e+03   3.5110493e+01
   2.5400000e+03   3.5084691e+01
   2.5500000e+03   3.5085946e+01
   2.5600000e+03   3.5072050e+01
   2.5700000e+03   3.5079884e+01
   2.5800000e+03   3.5066010e+01
   2.5900000e+03   3.5065461e+01
   2.6000000e+03   3.5061906e+01
   2.6100000e+03   3.5072650e+01
   2.6200000e+03   3.5091436e+01
   2.6300000e+03   3.5111043e+01
   2.6400000e+03   3.5154044e+01
   2.6500000e+03   3.5135707e+01
   2.6600000e+03   3.5134852e+01
   2.6700000e+03   3.5130484e+01
   2.6800000e+03   3.5132202e+01
   2.6900000e+03   3.5130806e+01
   2.7000000e+03   3.5143166e+01
   2.7100000e+03   3.5151702e+01
   2.7200000e+03   3.5150088e+01
   2.7300000e+03   3.5158733e+01
   2.7400000e+03   3.5163652e+01
   2.7500000e+03   3.5143341e+01
   2.7600000e+03   3.5148597e+01
   2.7700000e+03   3.5141589e+01
   2.7800000e+03   3.5137165e+01
   2.7900000e+03   3.5162323e+01
   2.8000000e+03   3.5165056e+01
   2.8100000e+03   3.5151109e+01
   2.8200000e+03   3.5180679e+01
   2.8300000e+03   3.5187942e+01
   2.8400000e+03   3.5201520e+01
   2.8500000e+03   3.5205358e+01
   2.8600000e+03   3.5216109e+01
   2.8700000e+03   3.5204158e+01
   2.8800000e+03   3.5218071e+01
   2.8900000e+03   3.5232885e+01
   2.9000000e+03   3.5232863e+01
   2.9100000e+03   3.5224580e+01
   2.9200000e+03   3.5232338e+01
   2.9300000e+03   3.5250506e+01
   2.9400000e+03   3.5249618e+01
   2.9500000e+03   3.5242477e+01
   2.9600000e+03   3.5235840e+01
   2.9700000e+03   3.5231536e+01
   2.9800000e+03   3.5231813e+01
   2.9900000e+03   3.5229757e+01
   3.0000000e+03   3.5247842e+01
   3.0100000e+03   3.5238019e+01
   3.0200000e+03   3.5261996e+01
   3.0300000e+03   3.5257850e+01
   3.0400000e+03   3.5281728e+01
   3.0500000e+03   3.5257549e+01
   3.0600000e+03   3.5272349e+01
   3.0700000e+03   3.5276545e+01
   3.0800000e+03   3.5284515e+01
   3.0900000e+03   3.5304065e+01
   3.1000000e+03   3.5268356e+01
   3.1100000e+03   3.5284658e+01
   3.1200000e+03   3.5281377e+01
   3.1300000e+03   3.5269834e+01
   3.1400000e+03   3.5275218e+01
   3.1500000e+03   3.5256175e+01
   3.1600000e+03   3.5274678e+01
   3.1700000e+03   3.5290862e+01
   3.1800000e+03   3.5280792e+01
   3.1900000e+03   3.5291843e+01
   3.2000000e+03   3.5256414e+01
   3.2100000e+03   3.5307673e+01
   3.2200000e+03   3.5297902e+01
   3.2300000e+03   3.5293565e+01
   3.2400000e+03   3.5278753e+01
   3.2500000e+03   3.5297668e+01
   3.2600000e+03   3.5295409e+01
   3.2700000e+03   3.5296193e+01
   3.2800000e+03   3.5303013e+01
   3.2900000e+03   3.5307045e+01
   3.3000000e+03   3.5304703e+01
   3.3100000e+03   3.5313520e+01
   3.3200000e+03   3.5301501e+01
   3.3300000e+03   3.5302551e+01
   3.3400000e+03   3.5288294e+01
   3.3500000e+03   3.5304274e+01
   3.3600000e+03   3.5319243e+01
   3.3700000e+03   3.5293660e+01
   3.3800000e+03   3.5338913e+01
   3.3900000e+03   3.5310589e+01
   3.4000000e+03   3.5323128e+01
   3.4100000e+03   3.5329991e+01
   3.4200000e+03   3.5334596e+01
   3.4300000e+03   3.5355202e+01
   3.4400000e+03   3.5331566e+01
   3.4500000e+03   3.5311189e+01
   3.4600000e+03   3.5318056e+01
   3.4700000e+03   3.5330332e+01
   3.4800000e+03   3.5331908e+01
   3.4900000e+03   3.5338749e+01
