   0.0000000e+00  -1.0740714e-03
   1.0000000e+01   4.7787297e-03
   2.0000000e+01   6.4698677e-03
   3.0000000e+01   1.2886596e-02
   4.0000000e+01   1.3618892e-02
   5.0000000e+01   4.2098190e-03
   6.0000000e+01   8.5429054e-03
   7.0000000e+01  -1.0127615e-02
   8.0000000e+01  -8.5287316e-03
   9.0000000e+01   7.1591377e-05
   1.0000000e+02   6.4540207e-03
   1.1000000e+02  -1.3718995e-03
   1.2000000e+02   1.1211223e-02
   1.3000000e+02   1.0962613e-03
   1.4000000e+02  -7.9070845e-03
   1.5000000e+02   1.3492372e-02
   1.6000000e+02   1.5921023e-02
   1.7000000e+02  -6.2107262e-03
   1.8000000e+02   6.1168623e-03
   1.9000000e+02  -4.1587688e-03
   2.0000000e+02   8.6166273e-03
   2.1000000e+02  -2.3201690e-03
   2.2000000e+02   4.0886045e-03
   2.3000000e+02   8.4717591e-03
   2.4000000e+02   1.8759516e-03
   2.5000000e+02  -2.0330579e-03
   2.6000000e+02   3.1087078e-03
   2.7000000e+02   1.6002675e-02
   2.8000000e+02   9.4779860e-03
   2.9000000e+02   2.5766407e-03
   3.0000000e+02   8.1899376e-03
   3.1000000e+02   1.2712694e-02
   3.2000000e+02   1.2120005e-02
   3.3000000e+02   2.0471638e-03
   3.4000000e+02   6.3091463e-03
   3.5000000e+02  -2.9717013e-04
   3.6000000e+02   1.5109754e-02
   3.7000000e+02  -2.7626070e-03
   3.8000000e+02  -1.4152370e-02
   3.9000000e+02   4.7183818e-03
   4.0000000e+02  -5.4202154e-03
   4.1000000e+02   2.5631634e-04
   4.2000000e+02  -7.3588201e-03
   4.3000000e+02  -7.3851165e-03
   4.4000000e+02  -9.9059595e-03
   4.5000000e+02  -1.4407617e-02
   4.6000000e+02  -1.4926526e-02
   4.7000000e+02  -4.3112194e-04
   4.8000000e+02  -6.6080470e-03
   4.9000000e+02   2.5586412e-03
   5.0000000e+02   2.6745757e-03
   5.1000000e+02  -1.4649838e-02
   5.2000000e+02  -1.3448678e-02
   5.3000000e+02  -2.0047077e-02
   5.4000000e+02  -1.3730544e-02
   5.5000000e+02  -7.6984489e-03
   5.6000000e+02   4.0153825e-03
   5.7000000e+02  -8.7151448e-03
   5.8000000e+02   5.2007362e-04
   5.9000000e+02  -2.9752139e-03
   6.0000000e+02  -1.1204039e-02
   6.1000000e+02  -8.9202229e-03
   6.2000000e+02  -1.1446206e-02
   6.3000000e+02  -1.5173347e-02
   6.4000000e+02  -1.5009987e-02
   6.5000000e+02  -1.6964526e-02
   6.6000000e+02  -3.4147035e-03
   6.7000000e+02   2.5014704e-03
   6.8000000e+02  -1.9348275e-02
   6.9000000e+02  -1.4000999e-02
   7.0000000e+02  -5.1971207e-04
   7.1000000e+02  -8.7722240e-03
   7.2000000e+02  -3.9175737e-03
   7.3000000e+02  -2.5248366e-02
   7.4000000e+02  -1.7069563e-02
   7.5000000e+02  -1.7372589e-02
   7.6000000e+02  -1.4730670e-02
   7.7000000e+02   9.4731128e-04
   7.8000000e+02  -8.9042127e-03
   7.9000000e+02  -8.0771681e-03
   8.0000000e+02  -7.1553089e-03
   8.1000000e+02  -1.4201521e-02
   8.2000000e+02  -1.2384071e-02
   8.3000000e+02  -3.9944650e-03
   8.4000000e+02  -1.6298276e-02
   8.5000000e+02  -3.5703718e-03
   8.6000000e+02  -5.8067854e-03
   8.7000000e+02  -1.1391910e-03
   8.8000000e+02  -7.9246771e-03
   8.9000000e+02  -1.0092545e-02
   9.0000000e+02  -2.2796721e-02
   9.1000000e+02   4.7321546e-03
   9.2000000e+02  -2.0534048e-02
   9.3000000e+02  -1.0632582e-02
   9.4000000e+02  -1.6314270e-02
   9.5000000e+02  -6.6498265e-03
   9.6000000e+02  -1.2314339e-03
   9.7000000e+02  -1.9409134e-02
   9.8000000e+02  -1.2934372e-02
   9.9000000e+02  -9.4493799e-03
   1.0000000e+03  -1.7019605e-02
   1.0100000e+03  -5.1924071e-03
   1.0200000e+03  -2.4142009e-02
   1.0300000e+03  -2.5980587e-02
   1.0400000e+03  -3.2590060e-03
   1.0500000e+03  -1.5631369e-02
   1.0600000e+03  -1.7135563e-02
   1.0700000e+03  -6.8337130e-03
   1.0800000e+03  -1.8144550e-02
   1.0900000e+03  -4.4736574e-03
   1.1000000e+03  -4.6462760e-04
   1.1100000e+03  -1.5523768e-02
   1.1200000e+03  -2.7706451e-02
   1.1300000e+03   8.8968493e-03
   1.1400000e+03  -1.0566616e-02
   1.1500000e+03  -2.5748245e-03
   1.1600000e+03  -1.0421823e-02
   1.1700000e+03  -6.2468625e-03
   1.1800000e+03  -1.2474107e-03
   1.1900000e+03  -8.8125414e-03
   1.2000000e+03  -4.1660707e-03
   1.2100000e+03  -1.4794647e-02
   1.2200000e+03  -1.4175752e-02
   1.2300000e+03  -9.1974130e-03
   1.2400000e+03   2.6151109e-04
   1.2500000e+03  -5.2438672e-03
   1.2600000e+03  -2.3359017e-03
   1.2700000e+03   1.4216776e-02
   1.2800000e+03   4.0464498e-03
   1.2900000e+03   5.4899390e-03
   1.3000000e+03  -7.2538244e-03
   1.3100000e+03  -6.5012530e-04
   1.3200000e+03   7.2048088e-03
   1.3300000e+03   1.0094166e-03
   1.3400000e+03   9.5202325e-03
   1.3500000e+03   1.3202772e-03
   1.3600000e+03   1.0934753e-02
   1.3700000e+03   2.8823050e-02
   1.3800000e+03   1.3692672e-02
   1.3900000e+03   6.0116281e-03
   1.4000000e+03   1.3368733e-02
   1.4100000e+03  -1.6904407e-03
   1.4200000e+03   3.6146650e-03
   1.4300000e+03   1.9198124e-02
   1.4400000e+03   4.8475178e-03
   1.4500000e+03   1.3429489e-02
   1.4600000e+03   4.5636506e-05
   1.4700000e+03   2.2722768e-02
   1.4800000e+03   7.0788626e-03
   1.4900000e+03   1.8845561e-02
   1.5000000e+03   2.1327046e-02
   1.5100000e+03   2.6234537e-02
   1.5200000e+03   2.0842620e-02
   1.5300000e+03   2.0118407e-02
   1.5400000e+03   2.1606784e-02
   1.5500000e+03   2.5149911e-02
   1.5600000e+03   3.0902913e-02
   1.5700000e+03   1.6199346e-02
   1.5800000e+03   2.1199004e-02
   1.5900000e+03   2.6246098e-02
   1.6000000e+03   2.3728006e-02
   1.6100000e+03   8.9323726e-03
   1.6200000e+03   2.5106062e-02
   1.6300000e+03   2.8290836e-02
   1.6400000e+03   2.9165469e-02
   1.6500000e+03   3.0369341e-02
   1.6600000e+03   2.3865740e-02
   1.6700000e+03   2.4906369e-02
   1.6800000e+03   4.1216951e-02
   1.6900000e+03   2.2480410e-02
   1.7000000e+03   3.0356628e-02
   1.7100000e+03   2.1095088e-02
   1.7200000e+03   1.9659589e-02
   1.7300000e+03   2.3128942e-02
   1.7400000e+03   3.3196760e-02
   1.7500000e+03   2.1206515e-02
   1.7600000e+03   2.6182522e-02
   1.7700000e+03   3.4222011e-02
   1.7800000e+03   3.9150615e-02
   1.7900000e+03   3.7975986e-02
   1.8000000e+03   2.8316839e-02
   1.8100000e+03   4.3286826e-02
   1.8200000e+03   4.0747873e-02
   1.8300000e+03   4.2494447e-02
   1.8400000e+03   4.4691623e-02
   1.8500000e+03   5.0139219e-02
   1.8600000e+03   3.6162443e-02
   1.8700000e+03   2.5296621e-02
   1.8800000e+03   3.5077111e-02
   1.8900000e+03   4.1796954e-02
   1.9000000e+03   3.1028776e-02
   1.9100000e+03   3.1268740e-02
   1.9200000e+03   4.5292928e-02
   1.9300000e+03   4.2092769e-02
   1.9400000e+03   4.7709208e-02
   1.9500000e+03   4.3515770e-02
   1.9600000e+03   3.9117350e-02
   1.9700000e+03   3.9734000e-02
   1.9800000e+03   4.5635091e-02
   1.9900000e+03   5.3419469e-02
   2.0000000e+03   3.8953111e-02
   2.0100000e+03   2.8445885e-02
   2.0200000e+03   3.9198837e-02
   2.0300000e+03   3.6844081e-02
   2.0400000e+03   4.9243123e-02
   2.0500000e+03   5.0236464e-02
   2.0600000e+03   5.6911822e-02
   2.0700000e+03   5.1775351e-02
   2.0800000e+03   4.8999374e-02
   2.0900000e+03   5.2845596e-02
   2.1000000e+03   5.1036400e-02
   2.1100000e+03   6.7726701e-02
   2.1200000e+03   6.3583594e-02
   2.1300000e+03   5.2557372e-02
   2.1400000e+03   5.2960621e-02
   2.1500000e+03   6.6919551e-02
   2.1600000e+03   6.1314444e-02
   2.1700000e+03   6.0706381e-02
   2.1800000e+03   5.9677142e-02
   2.1900000e+03   7.1865724e-02
   2.2000000e+03   5.6999026e-02
   2.2100000e+03   6.8004415e-02
   2.2200000e+03   5.7046470e-02
   2.2300000e+03   5.9261778e-02
   2.2400000e+03   4.8019204e-02
   2.2500000e+03   5.4970586e-02
   2.2600000e+03   5.6924952e-02
   2.2700000e+03   6.2770154e-02
   2.2800000e+03   4.6862655e-02
   2.2900000e+03   5.1856763e-02
   2.3000000e+03   5.0608235e-02
   2.3100000e+03   5.7162170e-02
   2.3200000e+03   5.2262942e-02
   2.3300000e+03   5.0987783e-02
   2.3400000e+03   5.7731495e-02
   2.3500000e+03   4.5667397e-02
   2.3600000e+03   6.4338723e-02
   2.3700000e+03   5.3899769e-02
   2.3800000e+03   5.8994609e-02
   2.3900000e+03   7.1539053e-02
   2.4000000e+03   7.7909121e-02
   2.4100000e+03   7.2304053e-02
   2.4200000e+03   6.4204887e-02
   2.4300000e+03   7.7855578e-02
   2.4400000e+03   6.8427883e-02
   2.4500000e+03   7.2292087e-02
   2.4600000e+03   6.0364417e-02
   2.4700000e+03   6.3899422e-02
   2.4800000e+03   6.6209627e-02
   2.4900000e+03   7.2339534e-02
   2.5000000e+03   6.9418394e-02
   2.5100000e+03   6.0064843e-02
   2.5200000e+03   7.2392874e-02
   2.5300000e+03   7.1408263e-02
   2.5400000e+03   5.7108078e-02
   2.5500000e+03   7.1212494e-02
   2.5600000e+03   7.0844766e-02
   2.5700000e+03   7.8137254e-02
   2.5800000e+03   6.8410066e-02
   2.5900000e+03   8.0767853e-02
   2.6000000e+03   7.8279791e-02
   2.6100000e+03   7.8288793e-02
   2.6200000e+03   7.6150671e-02
   2.6300000e+03   1.0517552e-01
   2.6400000e+03   8.4674120e-02
   2.6500000e+03   7.8733958e-02
   2.6600000e+03   8.4223291e-02
   2.6700000e+03   8.6408855e-02
   2.6800000e+03   7.6791309e-02
   2.6900000e+03   8.9727324e-02
   2.7000000e+03   7.5889672e-02
   2.7100000e+03   8.8591422e-02
   2.7200000e+03   6.9753706e-02
   2.7300000e+03   5.7591744e-02
   2.7400000e+03   7.5741299e-02
   2.7500000e+03   7.4890134e-02
   2.7600000e+03   7.8475606e-02
   2.7700000e+03   7.4590694e-02
   2.7800000e+03   6.4128036e-02
   2.7900000e+03   8.8363176e-02
   2.8000000e+03   8.9688908e-02
   2.8100000e+03   7.3994866e-02
   2.8200000e+03   8.3143888e-02
   2.8300000e+03   8.3947618e-02
   2.8400000e+03   8.8618570e-02
   2.8500000e+03   8.3155992e-02
   2.8600000e+03   8.7660852e-02
   2.8700000e+03   7.6326277e-02
   2.8800000e+03   8.6133661e-02
   2.8900000e+03   8.1587414e-02
   2.9000000e+03   8.3782044e-02
   2.9100000e+03   8.3218630e-02
   2.9200000e+03   6.5736463e-02
   2.9300000e+03   9.4185734e-02
   2.9400000e+03   8.3936598e-02
   2.9500000e+03   8.0686335e-02
   2.9600000e+03   9.2305670e-02
   2.9700000e+03   8.9242183e-02
   2.9800000e+03   8.0828712e-02
   2.9900000e+03   8.4411189e-02
   3.0000000e+03   8.7620102e-02
   3.0100000e+03   7.5081439e-02
   3.0200000e+03   8.7154675e-02
   3.0300000e+03   8.8429976e-02
   3.0400000e+03   8.1950127e-02
   3.0500000e+03   6.9927424e-02
   3.0600000e+03   8.3266765e-02
   3.0700000e+03   8.8358786e-02
   3.0800000e+03   8.2038927e-02
   3.0900000e+03   1.0289927e-01
   3.1000000e+03   9.7383139e-02
   3.1100000e+03   8.8142157e-02
   3.1200000e+03   9.1113780e-02
   3.1300000e+03   8.0129040e-02
   3.1400000e+03   1.1217858e-01
   3.1500000e+03   8.5146809e-02
   3.1600000e+03   8.5594619e-02
   3.1700000e+03   8.3287436e-02
   3.1800000e+03   9.3100988e-02
   3.1900000e+03   1.1028704e-01
   3.2000000e+03   7.8898920e-02
   3.2100000e+03   8.6687024e-02
   3.2200000e+03   9.2609649e-02
   3.2300000e+03   8.3211803e-02
   3.2400000e+03   9.5373884e-02
   3.2500000e+03   1.0737607e-01
   3.2600000e+03   9.9366002e-02
   3.2700000e+03   9.8663330e-02
   3.2800000e+03   1.1113710e-01
   3.2900000e+03   1.1366717e-01
   3.3000000e+03   9.6090020e-02
   3.3100000e+03   1.0755262e-01
   3.3200000e+03   1.0862063e-01
   3.3300000e+03   1.1247046e-01
   3.3400000e+03   9.7061208e-02
   3.3500000e+03   9.8831855e-02
   3.3600000e+03   1.1071233e-01
   3.3700000e+03   9.9520145e-02
   3.3800000e+03   1.0718043e-01
   3.3900000e+03   1.0538918e-01
   3.4000000e+03   1.0981984e-01
   3.4100000e+03   9.4167001e-02
   3.4200000e+03   1.1215071e-01
   3.4300000e+03   1.0508063e-01
   3.4400000e+03   9.5910779e-02
   3.4500000e+03   1.0029710e-01
   3.4600000e+03   1.0614554e-01
   3.4700000e+03   9.9760627e-02
   3.4800000e+03   1.0509005e-01
   3.4900000e+03   1.0506632e-01
