   0.0000000e+00   2.2913921e+03
   1.0000000e+01   2.2913980e+03
   2.0000000e+01   2.2913997e+03
   3.0000000e+01   2.2914061e+03
   4.0000000e+01   2.2914068e+03
   5.0000000e+01   2.2913974e+03
   6.0000000e+01   2.2914018e+03
   7.0000000e+01   2.2913831e+03
   8.0000000e+01   2.2913847e+03
   9.0000000e+01   2.2913933e+03
   1.0000000e+02   2.2913997e+03
   1.1000000e+02   2.2913918e+03
   1.2000000e+02   2.2914044e+03
   1.3000000e+02   2.2913943e+03
   1.4000000e+02   2.2913853e+03
   1.5000000e+02   2.2914067e+03
   1.6000000e+02   2.2914091e+03
   1.7000000e+02   2.2913870e+03
   1.8000000e+02   2.2913993e+03
   1.9000000e+02   2.2913891e+03
   2.0000000e+02   2.2914018e+03
   2.1000000e+02   2.2913909e+03
   2.2000000e+02   2.2913973e+03
   2.3000000e+02   2.2914017e+03
   2.4000000e+02   2.2913951e+03
   2.5000000e+02   2.2913912e+03
   2.6000000e+02   2.2913963e+03
   2.7000000e+02   2.2914092e+03
   2.8000000e+02   2.2914027e+03
   2.9000000e+02   2.2913958e+03
   3.0000000e+02   2.2914014e+03
   3.1000000e+02   2.2914059e+03
   3.2000000e+02   2.2914053e+03
   3.3000000e+02   2.2913953e+03
   3.4000000e+02   2.2913995e+03
   3.5000000e+02   2.2913929e+03
   3.6000000e+02   2.2914083e+03
   3.7000000e+02   2.2913905e+03
   3.8000000e+02   2.2913791e+03
   3.9000000e+02   2.2913979e+03
   4.0000000e+02   2.2913878e+03
   4.1000000e+02   2.2913935e+03
   4.2000000e+02   2.2913859e+03
   4.3000000e+02   2.2913858e+03
   4.4000000e+02   2.2913833e+03
   4.5000000e+02   2.2913788e+03
   4.6000000e+02   2.2913783e+03
   4.7000000e+02   2.2913928e+03
   4.8000000e+02   2.2913866e+03
   4.9000000e+02   2.2913958e+03
   5.0000000e+02   2.2913959e+03
   5.1000000e+02   2.2913786e+03
   5.2000000e+02   2.2913798e+03
   5.3000000e+02   2.2913732e+03
   5.4000000e+02   2.2913795e+03
   5.5000000e+02   2.2913855e+03
   5.6000000e+02   2.2913972e+03
   5.7000000e+02   2.2913845e+03
   5.8000000e+02   2.2913937e+03
   5.9000000e+02   2.2913902e+03
   6.0000000e+02   2.2913820e+03
   6.1000000e+02   2.2913843e+03
   6.2000000e+02   2.2913818e+03
   6.3000000e+02   2.2913780e+03
   6.4000000e+02   2.2913782e+03
   6.5000000e+02   2.2913763e+03
   6.6000000e+02   2.2913898e+03
   6.7000000e+02   2.2913957e+03
   6.8000000e+02   2.2913739e+03
   6.9000000e+02   2.2913792e+03
   7.0000000e+02   2.2913927e+03
   7.1000000e+02   2.2913844e+03
   7.2000000e+02   2.2913893e+03
   7.3000000e+02   2.2913680e+03
   7.4000000e+02   2.2913761e+03
   7.5000000e+02   2.2913758e+03
   7.6000000e+02   2.2913785e+03
   7.7000000e+02   2.2913942e+03
   7.8000000e+02   2.2913843e+03
   7.9000000e+02   2.2913851e+03
   8.0000000e+02   2.2913861e+03
   8.1000000e+02   2.2913790e+03
   8.2000000e+02   2.2913808e+03
   8.3000000e+02   2.2913892e+03
   8.4000000e+02   2.2913769e+03
   8.5000000e+02   2.2913896e+03
   8.6000000e+02   2.2913874e+03
   8.7000000e+02   2.2913921e+03
   8.8000000e+02   2.2913853e+03
   8.9000000e+02   2.2913831e+03
   9.0000000e+02   2.2913704e+03
   9.1000000e+02   2.2913980e+03
   9.2000000e+02   2.2913727e+03
   9.3000000e+02   2.2913826e+03
   9.4000000e+02   2.2913769e+03
   9.5000000e+02   2.2913866e+03
   9.6000000e+02   2.2913920e+03
   9.7000000e+02   2.2913738e+03
   9.8000000e+02   2.2913803e+03
   9.9000000e+02   2.2913838e+03
   1.0000000e+03   2.2913762e+03
   1.0100000e+03   2.2913880e+03
   1.0200000e+03   2.2913691e+03
   1.0300000e+03   2.2913672e+03
   1.0400000e+03   2.2913900e+03
   1.0500000e+03   2.2913776e+03
   1.0600000e+03   2.2913761e+03
   1.0700000e+03   2.2913864e+03
   1.0800000e+03   2.2913751e+03
   1.0900000e+03   2.2913887e+03
   1.1000000e+03   2.2913928e+03
   1.1100000e+03   2.2913777e+03
   1.1200000e+03   2.2913655e+03
   1.1300000e+03   2.2914021e+03
   1.1400000e+03   2.2913827e+03
   1.1500000e+03   2.2913906e+03
   1.1600000e+03   2.2913828e+03
   1.1700000e+03   2.2913870e+03
   1.1800000e+03   2.2913920e+03
   1.1900000e+03   2.2913844e+03
   1.2000000e+03   2.2913891e+03
   1.2100000e+03   2.2913784e+03
   1.2200000e+03   2.2913790e+03
   1.2300000e+03   2.2913840e+03
   1.2400000e+03   2.2913935e+03
   1.2500000e+03   2.2913880e+03
   1.2600000e+03   2.2913909e+03
   1.2700000e+03   2.2914074e+03
   1.2800000e+03   2.2913973e+03
   1.2900000e+03   2.2913987e+03
   1.3000000e+03   2.2913860e+03
   1.3100000e+03   2.2913926e+03
   1.3200000e+03   2.2914004e+03
   1.3300000e+03   2.2913942e+03
   1.3400000e+03   2.2914027e+03
   1.3500000e+03   2.2913945e+03
   1.3600000e+03   2.2914042e+03
   1.3700000e+03   2.2914220e+03
   1.3800000e+03   2.2914069e+03
   1.3900000e+03   2.2913992e+03
   1.4000000e+03   2.2914066e+03
   1.4100000e+03   2.2913915e+03
   1.4200000e+03   2.2913968e+03
   1.4300000e+03   2.2914124e+03
   1.4400000e+03   2.2913981e+03
   1.4500000e+03   2.2914066e+03
   1.4600000e+03   2.2913933e+03
   1.4700000e+03   2.2914159e+03
   1.4800000e+03   2.2914003e+03
   1.4900000e+03   2.2914121e+03
   1.5000000e+03   2.2914145e+03
   1.5100000e+03   2.2914195e+03
   1.5200000e+03   2.2914141e+03
   1.5300000e+03   2.2914133e+03
   1.5400000e+03   2.2914148e+03
   1.5500000e+03   2.2914184e+03
   1.5600000e+03   2.2914241e+03
   1.5700000e+03   2.2914094e+03
   1.5800000e+03   2.2914144e+03
   1.5900000e+03   2.2914195e+03
   1.6000000e+03   2.2914169e+03
   1.6100000e+03   2.2914022e+03
   1.6200000e+03   2.2914183e+03
   1.6300000e+03   2.2914215e+03
   1.6400000e+03   2.2914224e+03
   1.6500000e+03   2.2914236e+03
   1.6600000e+03   2.2914171e+03
   1.6700000e+03   2.2914181e+03
   1.6800000e+03   2.2914344e+03
   1.6900000e+03   2.2914157e+03
   1.7000000e+03   2.2914236e+03
   1.7100000e+03   2.2914143e+03
   1.7200000e+03   2.2914129e+03
   1.7300000e+03   2.2914163e+03
   1.7400000e+03   2.2914264e+03
   1.7500000e+03   2.2914144e+03
   1.7600000e+03   2.2914194e+03
   1.7700000e+03   2.2914274e+03
   1.7800000e+03   2.2914324e+03
   1.7900000e+03   2.2914312e+03
   1.8000000e+03   2.2914215e+03
   1.8100000e+03   2.2914365e+03
   1.8200000e+03   2.2914340e+03
   1.8300000e+03   2.2914357e+03
   1.8400000e+03   2.2914379e+03
   1.8500000e+03   2.2914434e+03
   1.8600000e+03   2.2914294e+03
   1.8700000e+03   2.2914185e+03
   1.8800000e+03   2.2914283e+03
   1.8900000e+03   2.2914350e+03
   1.9000000e+03   2.2914242e+03
   1.9100000e+03   2.2914245e+03
   1.9200000e+03   2.2914385e+03
   1.9300000e+03   2.2914353e+03
   1.9400000e+03   2.2914409e+03
   1.9500000e+03   2.2914367e+03
   1.9600000e+03   2.2914323e+03
   1.9700000e+03   2.2914330e+03
   1.9800000e+03   2.2914389e+03
   1.9900000e+03   2.2914466e+03
   2.0000000e+03   2.2914322e+03
   2.0100000e+03   2.2914217e+03
   2.0200000e+03   2.2914324e+03
   2.0300000e+03   2.2914301e+03
   2.0400000e+03   2.2914425e+03
   2.0500000e+03   2.2914435e+03
   2.0600000e+03   2.2914501e+03
   2.0700000e+03   2.2914450e+03
   2.0800000e+03   2.2914422e+03
   2.0900000e+03   2.2914461e+03
   2.1000000e+03   2.2914443e+03
   2.1100000e+03   2.2914609e+03
   2.1200000e+03   2.2914568e+03
   2.1300000e+03   2.2914458e+03
   2.1400000e+03   2.2914462e+03
   2.1500000e+03   2.2914601e+03
   2.1600000e+03   2.2914545e+03
   2.1700000e+03   2.2914539e+03
   2.1800000e+03   2.2914529e+03
   2.1900000e+03   2.2914651e+03
   2.2000000e+03   2.2914502e+03
   2.2100000e+03   2.2914612e+03
   2.2200000e+03   2.2914503e+03
   2.2300000e+03   2.2914525e+03
   2.2400000e+03   2.2914412e+03
   2.2500000e+03   2.2914482e+03
   2.2600000e+03   2.2914501e+03
   2.2700000e+03   2.2914560e+03
   2.2800000e+03   2.2914401e+03
   2.2900000e+03   2.2914451e+03
   2.3000000e+03   2.2914438e+03
   2.3100000e+03   2.2914504e+03
   2.3200000e+03   2.2914455e+03
   2.3300000e+03   2.2914442e+03
   2.3400000e+03   2.2914509e+03
   2.3500000e+03   2.2914389e+03
   2.3600000e+03   2.2914576e+03
   2.3700000e+03   2.2914471e+03
   2.3800000e+03   2.2914522e+03
   2.3900000e+03   2.2914648e+03
   2.4000000e+03   2.2914711e+03
   2.4100000e+03   2.2914655e+03
   2.4200000e+03   2.2914574e+03
   2.4300000e+03   2.2914711e+03
   2.4400000e+03   2.2914616e+03
   2.4500000e+03   2.2914655e+03
   2.4600000e+03   2.2914536e+03
   2.4700000e+03   2.2914571e+03
   2.4800000e+03   2.2914594e+03
   2.4900000e+03   2.2914656e+03
   2.5000000e+03   2.2914626e+03
   2.5100000e+03   2.2914533e+03
   2.5200000e+03   2.2914656e+03
   2.5300000e+03   2.2914646e+03
   2.5400000e+03   2.2914503e+03
   2.5500000e+03   2.2914644e+03
   2.5600000e+03   2.2914641e+03
   2.5700000e+03   2.2914714e+03
   2.5800000e+03   2.2914616e+03
   2.5900000e+03   2.2914740e+03
   2.6000000e+03   2.2914715e+03
   2.6100000e+03   2.2914715e+03
   2.6200000e+03   2.2914694e+03
   2.6300000e+03   2.2914984e+03
   2.6400000e+03   2.2914779e+03
   2.6500000e+03   2.2914720e+03
   2.6600000e+03   2.2914774e+03
   2.6700000e+03   2.2914796e+03
   2.6800000e+03   2.2914700e+03
   2.6900000e+03   2.2914829e+03
   2.7000000e+03   2.2914691e+03
   2.7100000e+03   2.2914818e+03
   2.7200000e+03   2.2914630e+03
   2.7300000e+03   2.2914508e+03
   2.7400000e+03   2.2914690e+03
   2.7500000e+03   2.2914681e+03
   2.7600000e+03   2.2914717e+03
   2.7700000e+03   2.2914678e+03
   2.7800000e+03   2.2914573e+03
   2.7900000e+03   2.2914816e+03
   2.8000000e+03   2.2914829e+03
   2.8100000e+03   2.2914672e+03
   2.8200000e+03   2.2914764e+03
   2.8300000e+03   2.2914772e+03
   2.8400000e+03   2.2914818e+03
   2.8500000e+03   2.2914764e+03
   2.8600000e+03   2.2914809e+03
   2.8700000e+03   2.2914695e+03
   2.8800000e+03   2.2914794e+03
   2.8900000e+03   2.2914748e+03
   2.9000000e+03   2.2914770e+03
   2.9100000e+03   2.2914764e+03
   2.9200000e+03   2.2914590e+03
   2.9300000e+03   2.2914874e+03
   2.9400000e+03   2.2914772e+03
   2.9500000e+03   2.2914739e+03
   2.9600000e+03   2.2914855e+03
   2.9700000e+03   2.2914825e+03
   2.9800000e+03   2.2914740e+03
   2.9900000e+03   2.2914776e+03
   3.0000000e+03   2.2914808e+03
   3.0100000e+03   2.2914683e+03
   3.0200000e+03   2.2914804e+03
   3.0300000e+03   2.2914816e+03
   3.0400000e+03   2.2914752e+03
   3.0500000e+03   2.2914631e+03
   3.0600000e+03   2.2914765e+03
   3.0700000e+03   2.2914816e+03
   3.0800000e+03   2.2914753e+03
   3.0900000e+03   2.2914961e+03
   3.1000000e+03   2.2914906e+03
   3.1100000e+03   2.2914814e+03
   3.1200000e+03   2.2914843e+03
   3.1300000e+03   2.2914733e+03
   3.1400000e+03   2.2915054e+03
   3.1500000e+03   2.2914784e+03
   3.1600000e+03   2.2914788e+03
   3.1700000e+03   2.2914765e+03
   3.1800000e+03   2.2914863e+03
   3.1900000e+03   2.2915035e+03
   3.2000000e+03   2.2914721e+03
   3.2100000e+03   2.2914799e+03
   3.2200000e+03   2.2914858e+03
   3.2300000e+03   2.2914764e+03
   3.2400000e+03   2.2914886e+03
   3.2500000e+03   2.2915006e+03
   3.2600000e+03   2.2914926e+03
   3.2700000e+03   2.2914919e+03
   3.2800000e+03   2.2915044e+03
   3.2900000e+03   2.2915069e+03
   3.3000000e+03   2.2914893e+03
   3.3100000e+03   2.2915008e+03
   3.3200000e+03   2.2915018e+03
   3.3300000e+03   2.2915057e+03
   3.3400000e+03   2.2914903e+03
   3.3500000e+03   2.2914920e+03
   3.3600000e+03   2.2915039e+03
   3.3700000e+03   2.2914927e+03
   3.3800000e+03   2.2915004e+03
   3.3900000e+03   2.2914986e+03
   3.4000000e+03   2.2915030e+03
   3.4100000e+03   2.2914874e+03
   3.4200000e+03   2.2915054e+03
   3.4300000e+03   2.2914983e+03
   3.4400000e+03   2.2914891e+03
   3.4500000e+03   2.2914935e+03
   3.4600000e+03   2.2914994e+03
   3.4700000e+03   2.2914930e+03
   3.4800000e+03   2.2914983e+03
   3.4900000e+03   2.2914983e+03
