   0.0000000e+00   2.2497201e-03
   1.0000000e+01   3.3383968e-02
   2.0000000e+01   5.8683123e-01
   3.0000000e+01   1.2631992e+00
   4.0000000e+01   1.7389731e+00
   5.0000000e+01   2.1667968e+00
   6.0000000e+01   2.7945669e+00
   7.0000000e+01   3.3189910e+00
   8.0000000e+01   3.6966991e+00
   9.0000000e+01   4.0804993e+00
   1.0000000e+02   4.5571549e+00
   1.1000000e+02   5.0308544e+00
   1.2000000e+02   5.5954316e+00
   1.3000000e+02   6.1488860e+00
   1.4000000e+02   6.6161750e+00
   1.5000000e+02   7.0640433e+00
   1.6000000e+02   7.4658585e+00
   1.7000000e+02   7.8112113e+00
   1.8000000e+02   8.1219027e+00
   1.9000000e+02   8.3943980e+00
   2.0000000e+02   8.6392770e+00
   2.1000000e+02   8.8819668e+00
   2.2000000e+02   9.0608310e+00
   2.3000000e+02   9.2393491e+00
   2.4000000e+02   9.3757421e+00
   2.5000000e+02   9.5511801e+00
   2.6000000e+02   9.6826507e+00
   2.7000000e+02   9.7897644e+00
   2.8000000e+02   9.9206596e+00
   2.9000000e+02   1.0005336e+01
   3.0000000e+02   1.0119584e+01
   3.1000000e+02   1.0201391e+01
   3.2000000e+02   1.0310705e+01
   3.3000000e+02   1.0358684e+01
   3.4000000e+02   1.0445516e+01
   3.5000000e+02   1.0507509e+01
   3.6000000e+02   1.0590290e+01
   3.7000000e+02   1.0634354e+01
   3.8000000e+02   1.0672778e+01
   3.9000000e+02   1.0743939e+01
   4.0000000e+02   1.0790572e+01
   4.1000000e+02   1.0839838e+01
   4.2000000e+02   1.0907070e+01
   4.3000000e+02   1.0938129e+01
   4.4000000e+02   1.0999682e+01
   4.5000000e+02   1.1046139e+01
   4.6000000e+02   1.1095193e+01
   4.7000000e+02   1.1149966e+01
   4.8000000e+02   1.1187909e+01
   4.9000000e+02   1.1238469e+01
   5.0000000e+02   1.1274912e+01
   5.1000000e+02   1.1310820e+01
   5.2000000e+02   1.1331087e+01
   5.3000000e+02   1.1365330e+01
   5.4000000e+02   1.1362321e+01
   5.5000000e+02   1.1420518e+01
   5.6000000e+02   1.1448171e+01
   5.7000000e+02   1.1493662e+01
   5.8000000e+02   1.1514158e+01
   5.9000000e+02   1.1538330e+01
   6.0000000e+02   1.1579706e+01
   6.1000000e+02   1.1640303e+01
   6.2000000e+02   1.1652406e+01
   6.3000000e+02   1.1717808e+01
   6.4000000e+02   1.1751126e+01
   6.5000000e+02   1.1792900e+01
   6.6000000e+02   1.1809723e+01
   6.7000000e+02   1.1850482e+01
   6.8000000e+02   1.1882994e+01
   6.9000000e+02   1.1919208e+01
   7.0000000e+02   1.1951939e+01
   7.1000000e+02   1.1994292e+01
   7.2000000e+02   1.2013422e+01
   7.3000000e+02   1.2031398e+01
   7.4000000e+02   1.2076998e+01
   7.5000000e+02   1.2092847e+01
   7.6000000e+02   1.2075076e+01
   7.7000000e+02   1.2104407e+01
   7.8000000e+02   1.2126268e+01
   7.9000000e+02   1.2143399e+01
   8.0000000e+02   1.2155981e+01
   8.1000000e+02   1.2145842e+01
   8.2000000e+02   1.2156731e+01
   8.3000000e+02   1.2178655e+01
   8.4000000e+02   1.2196813e+01
   8.5000000e+02   1.2227401e+01
   8.6000000e+02   1.2243428e+01
   8.7000000e+02   1.2244771e+01
   8.8000000e+02   1.2263723e+01
   8.9000000e+02   1.2311549e+01
   9.0000000e+02   1.2321711e+01
   9.1000000e+02   1.2321322e+01
   9.2000000e+02   1.2333561e+01
   9.3000000e+02   1.2339863e+01
   9.4000000e+02   1.2365762e+01
   9.5000000e+02   1.2362248e+01
   9.6000000e+02   1.2372039e+01
   9.7000000e+02   1.2371641e+01
   9.8000000e+02   1.2374155e+01
   9.9000000e+02   1.2403713e+01
   1.0000000e+03   1.2416813e+01
   1.0100000e+03   1.2403082e+01
   1.0200000e+03   1.2422411e+01
   1.0300000e+03   1.2441644e+01
   1.0400000e+03   1.2444516e+01
   1.0500000e+03   1.2451162e+01
   1.0600000e+03   1.2468459e+01
   1.0700000e+03   1.2497163e+01
   1.0800000e+03   1.2479623e+01
   1.0900000e+03   1.2493377e+01
   1.1000000e+03   1.2516120e+01
   1.1100000e+03   1.2530094e+01
   1.1200000e+03   1.2524944e+01
   1.1300000e+03   1.2551390e+01
   1.1400000e+03   1.2562586e+01
   1.1500000e+03   1.2552344e+01
   1.1600000e+03   1.2576193e+01
   1.1700000e+03   1.2582010e+01
   1.1800000e+03   1.2594423e+01
   1.1900000e+03   1.2616112e+01
   1.2000000e+03   1.2622864e+01
   1.2100000e+03   1.2626250e+01
   1.2200000e+03   1.2627042e+01
   1.2300000e+03   1.2628495e+01
   1.2400000e+03   1.2641611e+01
   1.2500000e+03   1.2647535e+01
   1.2600000e+03   1.2661865e+01
   1.2700000e+03   1.2682788e+01
   1.2800000e+03   1.2697891e+01
   1.2900000e+03   1.2693885e+01
   1.3000000e+03   1.2707924e+01
   1.3100000e+03   1.2710221e+01
   1.3200000e+03   1.2721789e+01
   1.3300000e+03   1.2742506e+01
   1.3400000e+03   1.2749315e+01
   1.3500000e+03   1.2752590e+01
   1.3600000e+03   1.2751349e+01
   1.3700000e+03   1.2772279e+01
   1.3800000e+03   1.2795145e+01
   1.3900000e+03   1.2793546e+01
   1.4000000e+03   1.2798884e+01
   1.4100000e+03   1.2810766e+01
   1.4200000e+03   1.2826785e+01
   1.4300000e+03   1.2831485e+01
   1.4400000e+03   1.2845727e+01
   1.4500000e+03   1.2846965e+01
   1.4600000e+03   1.2880517e+01
   1.4700000e+03   1.2881988e+01
   1.4800000e+03   1.2899002e+01
   1.4900000e+03   1.2937616e+01
   1.5000000e+03   1.2930156e+01
   1.5100000e+03   1.2937986e+01
   1.5200000e+03   1.2965112e+01
   1.5300000e+03   1.2960612e+01
   1.5400000e+03   1.2960456e+01
   1.5500000e+03   1.2969655e+01
   1.5600000e+03   1.2976299e+01
   1.5700000e+03   1.2976063e+01
   1.5800000e+03   1.2974734e+01
   1.5900000e+03   1.2968626e+01
   1.6000000e+03   1.2956290e+01
   1.6100000e+03   1.2990439e+01
   1.6200000e+03   1.2998666e+01
   1.6300000e+03   1.3009595e+01
   1.6400000e+03   1.3001555e+01
   1.6500000e+03   1.3013389e+01
   1.6600000e+03   1.3038304e+01
   1.6700000e+03   1.3042957e+01
   1.6800000e+03   1.3060354e+01
   1.6900000e+03   1.3061861e+01
   1.7000000e+03   1.3055038e+01
   1.7100000e+03   1.3070036e+01
   1.7200000e+03   1.3079188e+01
   1.7300000e+03   1.3085437e+01
   1.7400000e+03   1.3097417e+01
   1.7500000e+03   1.3090230e+01
   1.7600000e+03   1.3093122e+01
   1.7700000e+03   1.3104436e+01
   1.7800000e+03   1.3114542e+01
   1.7900000e+03   1.3110929e+01
   1.8000000e+03   1.3125745e+01
   1.8100000e+03   1.3106204e+01
   1.8200000e+03   1.3131927e+01
   1.8300000e+03   1.3139022e+01
   1.8400000e+03   1.3144533e+01
   1.8500000e+03   1.3162048e+01
   1.8600000e+03   1.3139325e+01
   1.8700000e+03   1.3160851e+01
   1.8800000e+03   1.3138296e+01
   1.8900000e+03   1.3156264e+01
   1.9000000e+03   1.3169979e+01
   1.9100000e+03   1.3173027e+01
   1.9200000e+03   1.3190927e+01
   1.9300000e+03   1.3180785e+01
   1.9400000e+03   1.3193892e+01
   1.9500000e+03   1.3201616e+01
   1.9600000e+03   1.3201967e+01
   1.9700000e+03   1.3221165e+01
   1.9800000e+03   1.3226804e+01
   1.9900000e+03   1.3231068e+01
   2.0000000e+03   1.3232484e+01
   2.0100000e+03   1.3248955e+01
   2.0200000e+03   1.3234202e+01
   2.0300000e+03   1.3242854e+01
   2.0400000e+03   1.3236088e+01
   2.0500000e+03   1.3218232e+01
   2.0600000e+03   1.3249475e+01
   2.0700000e+03   1.3245930e+01
   2.0800000e+03   1.3241871e+01
   2.0900000e+03   1.3241906e+01
   2.1000000e+03   1.3251314e+01
   2.1100000e+03   1.3241482e+01
   2.1200000e+03   1.3252204e+01
   2.1300000e+03   1.3251239e+01
   2.1400000e+03   1.3260479e+01
   2.1500000e+03   1.3267415e+01
   2.1600000e+03   1.3285750e+01
   2.1700000e+03   1.3277786e+01
   2.1800000e+03   1.3270085e+01
   2.1900000e+03   1.3272833e+01
   2.2000000e+03   1.3252280e+01
   2.2100000e+03   1.3298109e+01
   2.2200000e+03   1.3290273e+01
   2.2300000e+03   1.3297120e+01
   2.2400000e+03   1.3298896e+01
   2.2500000e+03   1.3315008e+01
   2.2600000e+03   1.3308169e+01
   2.2700000e+03   1.3323557e+01
   2.2800000e+03   1.3309942e+01
   2.2900000e+03   1.3327815e+01
   2.3000000e+03   1.3330737e+01
   2.3100000e+03   1.3345572e+01
   2.3200000e+03   1.3352831e+01
   2.3300000e+03   1.3349313e+01
   2.3400000e+03   1.3367760e+01
   2.3500000e+03   1.3377609e+01
   2.3600000e+03   1.3383329e+01
   2.3700000e+03   1.3396437e+01
   2.3800000e+03   1.3394752e+01
   2.3900000e+03   1.3403902e+01
   2.4000000e+03   1.3412488e+01
   2.4100000e+03   1.3402096e+01
   2.4200000e+03   1.3398705e+01
   2.4300000e+03   1.3408693e+01
   2.4400000e+03   1.3405685e+01
   2.4500000e+03   1.3422797e+01
   2.4600000e+03   1.3424340e+01
   2.4700000e+03   1.3406548e+01
   2.4800000e+03   1.3421509e+01
   2.4900000e+03   1.3406599e+01
   2.5000000e+03   1.3411449e+01
   2.5100000e+03   1.3425044e+01
   2.5200000e+03   1.3415761e+01
   2.5300000e+03   1.3415416e+01
   2.5400000e+03   1.3416596e+01
   2.5500000e+03   1.3433235e+01
   2.5600000e+03   1.3448249e+01
   2.5700000e+03   1.3430865e+01
   2.5800000e+03   1.3432959e+01
   2.5900000e+03   1.3469903e+01
   2.6000000e+03   1.3455176e+01
   2.6100000e+03   1.3461709e+01
   2.6200000e+03   1.3455265e+01
   2.6300000e+03   1.3469640e+01
   2.6400000e+03   1.3462169e+01
   2.6500000e+03   1.3497133e+01
   2.6600000e+03   1.3493521e+01
   2.6700000e+03   1.3498069e+01
   2.6800000e+03   1.3500920e+01
   2.6900000e+03   1.3509422e+01
   2.7000000e+03   1.3517251e+01
   2.7100000e+03   1.3521242e+01
   2.7200000e+03   1.3509827e+01
   2.7300000e+03   1.3519266e+01
   2.7400000e+03   1.3543592e+01
   2.7500000e+03   1.3526436e+01
   2.7600000e+03   1.3528007e+01
   2.7700000e+03   1.3550410e+01
   2.7800000e+03   1.3532236e+01
   2.7900000e+03   1.3559657e+01
   2.8000000e+03   1.3543283e+01
   2.8100000e+03   1.3553274e+01
   2.8200000e+03   1.3540378e+01
   2.8300000e+03   1.3535817e+01
   2.8400000e+03   1.3556509e+01
   2.8500000e+03   1.3536201e+01
   2.8600000e+03   1.3541390e+01
   2.8700000e+03   1.3532900e+01
   2.8800000e+03   1.3543901e+01
   2.8900000e+03   1.3570497e+01
   2.9000000e+03   1.3543600e+01
   2.9100000e+03   1.3554607e+01
   2.9200000e+03   1.3563196e+01
   2.9300000e+03   1.3576759e+01
   2.9400000e+03   1.3583854e+01
   2.9500000e+03   1.3576357e+01
   2.9600000e+03   1.3577207e+01
   2.9700000e+03   1.3588152e+01
   2.9800000e+03   1.3589063e+01
   2.9900000e+03   1.3608761e+01
   3.0000000e+03   1.3587359e+01
   3.0100000e+03   1.3607170e+01
   3.0200000e+03   1.3592291e+01
   3.0300000e+03   1.3606578e+01
   3.0400000e+03   1.3610575e+01
   3.0500000e+03   1.3601948e+01
   3.0600000e+03   1.3597818e+01
   3.0700000e+03   1.3606908e+01
   3.0800000e+03   1.3612934e+01
   3.0900000e+03   1.3606369e+01
   3.1000000e+03   1.3624298e+01
   3.1100000e+03   1.3618952e+01
   3.1200000e+03   1.3627355e+01
   3.1300000e+03   1.3636646e+01
   3.1400000e+03   1.3629587e+01
   3.1500000e+03   1.3620562e+01
   3.1600000e+03   1.3628351e+01
   3.1700000e+03   1.3643182e+01
   3.1800000e+03   1.3644943e+01
   3.1900000e+03   1.3651705e+01
   3.2000000e+03   1.3649085e+01
   3.2100000e+03   1.3658117e+01
   3.2200000e+03   1.3645946e+01
   3.2300000e+03   1.3665241e+01
   3.2400000e+03   1.3705893e+01
   3.2500000e+03   1.3681469e+01
   3.2600000e+03   1.3695129e+01
   3.2700000e+03   1.3691045e+01
   3.2800000e+03   1.3694849e+01
   3.2900000e+03   1.3678420e+01
   3.3000000e+03   1.3702448e+01
   3.3100000e+03   1.3695655e+01
   3.3200000e+03   1.3711475e+01
   3.3300000e+03   1.3705549e+01
   3.3400000e+03   1.3707905e+01
   3.3500000e+03   1.3711492e+01
   3.3600000e+03   1.3694866e+01
   3.3700000e+03   1.3695413e+01
   3.3800000e+03   1.3696233e+01
   3.3900000e+03   1.3702922e+01
   3.4000000e+03   1.3716713e+01
   3.4100000e+03   1.3732230e+01
   3.4200000e+03   1.3729442e+01
   3.4300000e+03   1.3746077e+01
   3.4400000e+03   1.3737851e+01
   3.4500000e+03   1.3760483e+01
   3.4600000e+03   1.3763087e+01
   3.4700000e+03   1.3784197e+01
   3.4800000e+03   1.3785353e+01
   3.4900000e+03   1.3770624e+01
