   0.0000000e+00   1.6493894e-03
   1.0000000e+01   2.3619275e-03
   2.0000000e+01   9.6763963e-02
   3.0000000e+01   3.1612265e-01
   4.0000000e+01   5.8190997e-01
   5.0000000e+01   8.4749056e-01
   6.0000000e+01   1.1303324e+00
   7.0000000e+01   1.3875228e+00
   8.0000000e+01   1.6669702e+00
   9.0000000e+01   1.9307434e+00
   1.0000000e+02   2.1935427e+00
   1.1000000e+02   2.4065480e+00
   1.2000000e+02   2.6029742e+00
   1.3000000e+02   2.7427089e+00
   1.4000000e+02   2.9087015e+00
   1.5000000e+02   3.0820538e+00
   1.6000000e+02   3.2328441e+00
   1.7000000e+02   3.3621268e+00
   1.8000000e+02   3.4881444e+00
   1.9000000e+02   3.6205167e+00
   2.0000000e+02   3.7198993e+00
   2.1000000e+02   3.8023958e+00
   2.2000000e+02   3.8864445e+00
   2.3000000e+02   3.9675901e+00
   2.4000000e+02   4.0312626e+00
   2.5000000e+02   4.0919248e+00
   2.6000000e+02   4.1440755e+00
   2.7000000e+02   4.2145659e+00
   2.8000000e+02   4.2620736e+00
   2.9000000e+02   4.3093848e+00
   3.0000000e+02   4.3515945e+00
   3.1000000e+02   4.4050322e+00
   3.2000000e+02   4.4444964e+00
   3.3000000e+02   4.4749025e+00
   3.4000000e+02   4.5143276e+00
   3.5000000e+02   4.5481400e+00
   3.6000000e+02   4.5891550e+00
   3.7000000e+02   4.6076703e+00
   3.8000000e+02   4.6191289e+00
   3.9000000e+02   4.6510643e+00
   4.0000000e+02   4.6758829e+00
   4.1000000e+02   4.7007743e+00
   4.2000000e+02   4.7194972e+00
   4.3000000e+02   4.7557755e+00
   4.4000000e+02   4.7547053e+00
   4.5000000e+02   4.7840494e+00
   4.6000000e+02   4.7934897e+00
   4.7000000e+02   4.8277846e+00
   4.8000000e+02   4.8421627e+00
   4.9000000e+02   4.8651538e+00
   5.0000000e+02   4.8776947e+00
   5.1000000e+02   4.8930212e+00
   5.2000000e+02   4.9056597e+00
   5.3000000e+02   4.9038718e+00
   5.4000000e+02   4.9173014e+00
   5.5000000e+02   4.9444510e+00
   5.6000000e+02   4.9611279e+00
   5.7000000e+02   4.9728154e+00
   5.8000000e+02   5.0034656e+00
   5.9000000e+02   4.9984263e+00
   6.0000000e+02   5.0041169e+00
   6.1000000e+02   5.0284056e+00
   6.2000000e+02   5.0301063e+00
   6.3000000e+02   5.0473638e+00
   6.4000000e+02   5.0509145e+00
   6.5000000e+02   5.0748637e+00
   6.6000000e+02   5.0871711e+00
   6.7000000e+02   5.1110217e+00
   6.8000000e+02   5.1198503e+00
   6.9000000e+02   5.1267691e+00
   7.0000000e+02   5.1351124e+00
   7.1000000e+02   5.1343200e+00
   7.2000000e+02   5.1395980e+00
   7.3000000e+02   5.1401445e+00
   7.4000000e+02   5.1473689e+00
   7.5000000e+02   5.1640808e+00
   7.6000000e+02   5.1675237e+00
   7.7000000e+02   5.1936369e+00
   7.8000000e+02   5.1832390e+00
   7.9000000e+02   5.2028441e+00
   8.0000000e+02   5.2072478e+00
   8.1000000e+02   5.2103127e+00
   8.2000000e+02   5.2191066e+00
   8.3000000e+02   5.2312915e+00
   8.4000000e+02   5.2334920e+00
   8.5000000e+02   5.2474531e+00
   8.6000000e+02   5.2495339e+00
   8.7000000e+02   5.2517112e+00
   8.8000000e+02   5.2546795e+00
   8.9000000e+02   5.2634961e+00
   9.0000000e+02   5.2541685e+00
   9.1000000e+02   5.2833906e+00
   9.2000000e+02   5.2821376e+00
   9.3000000e+02   5.3087333e+00
   9.4000000e+02   5.2898599e+00
   9.5000000e+02   5.3191056e+00
   9.6000000e+02   5.3283702e+00
   9.7000000e+02   5.3388607e+00
   9.8000000e+02   5.3403530e+00
   9.9000000e+02   5.3474647e+00
   1.0000000e+03   5.3534934e+00
   1.0100000e+03   5.3769225e+00
   1.0200000e+03   5.3618323e+00
   1.0300000e+03   5.3682766e+00
   1.0400000e+03   5.3892401e+00
   1.0500000e+03   5.3877086e+00
   1.0600000e+03   5.3797708e+00
   1.0700000e+03   5.3823134e+00
   1.0800000e+03   5.3898773e+00
   1.0900000e+03   5.4003956e+00
   1.1000000e+03   5.4133218e+00
   1.1100000e+03   5.4055528e+00
   1.1200000e+03   5.3962643e+00
   1.1300000e+03   5.4317813e+00
   1.1400000e+03   5.4247435e+00
   1.1500000e+03   5.4438823e+00
   1.1600000e+03   5.4370620e+00
   1.1700000e+03   5.4447601e+00
   1.1800000e+03   5.4769083e+00
   1.1900000e+03   5.4584522e+00
   1.2000000e+03   5.4744786e+00
   1.2100000e+03   5.4618344e+00
   1.2200000e+03   5.4762451e+00
   1.2300000e+03   5.4693420e+00
   1.2400000e+03   5.4751457e+00
   1.2500000e+03   5.4866279e+00
   1.2600000e+03   5.4915930e+00
   1.2700000e+03   5.4989769e+00
   1.2800000e+03   5.4844903e+00
   1.2900000e+03   5.4905480e+00
   1.3000000e+03   5.4835120e+00
   1.3100000e+03   5.5139456e+00
   1.3200000e+03   5.5110677e+00
   1.3300000e+03   5.5196527e+00
   1.3400000e+03   5.5457563e+00
   1.3500000e+03   5.5302078e+00
   1.3600000e+03   5.5432521e+00
   1.3700000e+03   5.5681867e+00
   1.3800000e+03   5.5576102e+00
   1.3900000e+03   5.5453324e+00
   1.4000000e+03   5.5565191e+00
   1.4100000e+03   5.5413594e+00
   1.4200000e+03   5.5443269e+00
   1.4300000e+03   5.5671487e+00
   1.4400000e+03   5.5655209e+00
   1.4500000e+03   5.5588603e+00
   1.4600000e+03   5.5623510e+00
   1.4700000e+03   5.5855976e+00
   1.4800000e+03   5.5770663e+00
   1.4900000e+03   5.6004594e+00
   1.5000000e+03   5.5888044e+00
   1.5100000e+03   5.5941075e+00
   1.5200000e+03   5.6104976e+00
   1.5300000e+03   5.5907218e+00
   1.5400000e+03   5.6065032e+00
   1.5500000e+03   5.6198796e+00
   1.5600000e+03   5.6182275e+00
   1.5700000e+03   5.6404390e+00
   1.5800000e+03   5.6388603e+00
   1.5900000e+03   5.6278362e+00
   1.6000000e+03   5.6480178e+00
   1.6100000e+03   5.6413102e+00
   1.6200000e+03   5.6431853e+00
   1.6300000e+03   5.6676938e+00
   1.6400000e+03   5.6651423e+00
   1.6500000e+03   5.6766186e+00
   1.6600000e+03   5.6760358e+00
   1.6700000e+03   5.6860420e+00
   1.6800000e+03   5.7090048e+00
   1.6900000e+03   5.6824811e+00
   1.7000000e+03   5.6837719e+00
   1.7100000e+03   5.6826905e+00
   1.7200000e+03   5.6821810e+00
   1.7300000e+03   5.6915921e+00
   1.7400000e+03   5.6981705e+00
   1.7500000e+03   5.7079225e+00
   1.7600000e+03   5.7058698e+00
   1.7700000e+03   5.7167140e+00
   1.7800000e+03   5.7139439e+00
   1.7900000e+03   5.7188810e+00
   1.8000000e+03   5.7222137e+00
   1.8100000e+03   5.7299344e+00
   1.8200000e+03   5.7420202e+00
   1.8300000e+03   5.7297567e+00
   1.8400000e+03   5.7456708e+00
   1.8500000e+03   5.7584110e+00
   1.8600000e+03   5.7521265e+00
   1.8700000e+03   5.7608414e+00
   1.8800000e+03   5.7638070e+00
   1.8900000e+03   5.7730462e+00
   1.9000000e+03   5.7575621e+00
   1.9100000e+03   5.7761614e+00
   1.9200000e+03   5.7866272e+00
   1.9300000e+03   5.7782795e+00
   1.9400000e+03   5.7941087e+00
   1.9500000e+03   5.7857107e+00
   1.9600000e+03   5.7839042e+00
   1.9700000e+03   5.7893029e+00
   1.9800000e+03   5.7807992e+00
   1.9900000e+03   5.8095241e+00
   2.0000000e+03   5.7990615e+00
   2.0100000e+03   5.7887930e+00
   2.0200000e+03   5.8014976e+00
   2.0300000e+03   5.8111373e+00
   2.0400000e+03   5.8154531e+00
   2.0500000e+03   5.8362874e+00
   2.0600000e+03   5.8348804e+00
   2.0700000e+03   5.8363883e+00
   2.0800000e+03   5.8363423e+00
   2.0900000e+03   5.8367092e+00
   2.1000000e+03   5.8526340e+00
   2.1100000e+03   5.8545441e+00
   2.1200000e+03   5.8561024e+00
   2.1300000e+03   5.8663502e+00
   2.1400000e+03   5.8677128e+00
   2.1500000e+03   5.8629030e+00
   2.1600000e+03   5.8572415e+00
   2.1700000e+03   5.8670886e+00
   2.1800000e+03   5.8744093e+00
   2.1900000e+03   5.8885459e+00
   2.2000000e+03   5.8734901e+00
   2.2100000e+03   5.8867856e+00
   2.2200000e+03   5.8822896e+00
   2.2300000e+03   5.8938233e+00
   2.2400000e+03   5.8891805e+00
   2.2500000e+03   5.8846829e+00
   2.2600000e+03   5.8852289e+00
   2.2700000e+03   5.9027909e+00
   2.2800000e+03   5.9086739e+00
   2.2900000e+03   5.8999342e+00
   2.3000000e+03   5.8983668e+00
   2.3100000e+03   5.9183723e+00
   2.3200000e+03   5.9144605e+00
   2.3300000e+03   5.9057209e+00
   2.3400000e+03   5.9147403e+00
   2.3500000e+03   5.9027464e+00
   2.3600000e+03   5.9271529e+00
   2.3700000e+03   5.9118408e+00
   2.3800000e+03   5.9181626e+00
   2.3900000e+03   5.9361767e+00
   2.4000000e+03   5.9304559e+00
   2.4100000e+03   5.9428057e+00
   2.4200000e+03   5.9437094e+00
   2.4300000e+03   5.9535191e+00
   2.4400000e+03   5.9412688e+00
   2.4500000e+03   5.9596557e+00
   2.4600000e+03   5.9611252e+00
   2.4700000e+03   5.9560209e+00
   2.4800000e+03   5.9590593e+00
   2.4900000e+03   5.9788451e+00
   2.5000000e+03   5.9773389e+00
   2.5100000e+03   5.9752867e+00
   2.5200000e+03   5.9670966e+00
   2.5300000e+03   5.9776722e+00
   2.5400000e+03   5.9557517e+00
   2.5500000e+03   5.9660261e+00
   2.5600000e+03   5.9863867e+00
   2.5700000e+03   5.9827581e+00
   2.5800000e+03   5.9842077e+00
   2.5900000e+03   5.9769566e+00
   2.6000000e+03   5.9768282e+00
   2.6100000e+03   5.9784491e+00
   2.6200000e+03   5.9858900e+00
   2.6300000e+03   6.0027027e+00
   2.6400000e+03   6.0071402e+00
   2.6500000e+03   6.0045392e+00
   2.6600000e+03   6.0147582e+00
   2.6700000e+03   6.0080347e+00
   2.6800000e+03   6.0160059e+00
   2.6900000e+03   6.0129782e+00
   2.7000000e+03   6.0130011e+00
   2.7100000e+03   6.0354817e+00
   2.7200000e+03   6.0246145e+00
   2.7300000e+03   6.0234233e+00
   2.7400000e+03   6.0235457e+00
   2.7500000e+03   6.0258775e+00
   2.7600000e+03   6.0367309e+00
   2.7700000e+03   6.0305718e+00
   2.7800000e+03   6.0279479e+00
   2.7900000e+03   6.0392891e+00
   2.8000000e+03   6.0307371e+00
   2.8100000e+03   6.0334971e+00
   2.8200000e+03   6.0352127e+00
   2.8300000e+03   6.0462479e+00
   2.8400000e+03   6.0433458e+00
   2.8500000e+03   6.0511502e+00
   2.8600000e+03   6.0477007e+00
   2.8700000e+03   6.0437038e+00
   2.8800000e+03   6.0379087e+00
   2.8900000e+03   6.0482634e+00
   2.9000000e+03   6.0537818e+00
   2.9100000e+03   6.0523369e+00
   2.9200000e+03   6.0484027e+00
   2.9300000e+03   6.0667649e+00
   2.9400000e+03   6.0577865e+00
   2.9500000e+03   6.0634990e+00
   2.9600000e+03   6.0761852e+00
   2.9700000e+03   6.0750675e+00
   2.9800000e+03   6.0795032e+00
   2.9900000e+03   6.0688827e+00
   3.0000000e+03   6.0670739e+00
   3.0100000e+03   6.0709989e+00
   3.0200000e+03   6.1016966e+00
   3.0300000e+03   6.0921956e+00
   3.0400000e+03   6.0948575e+00
   3.0500000e+03   6.0789621e+00
   3.0600000e+03   6.0987686e+00
   3.0700000e+03   6.0983925e+00
   3.0800000e+03   6.1076014e+00
   3.0900000e+03   6.1229736e+00
   3.1000000e+03   6.1321349e+00
   3.1100000e+03   6.1091319e+00
   3.1200000e+03   6.1399844e+00
   3.1300000e+03   6.1216235e+00
   3.1400000e+03   6.1455343e+00
   3.1500000e+03   6.1221326e+00
   3.1600000e+03   6.1267500e+00
   3.1700000e+03   6.1271766e+00
   3.1800000e+03   6.1331594e+00
   3.1900000e+03   6.1517159e+00
   3.2000000e+03   6.1311475e+00
   3.2100000e+03   6.1453208e+00
   3.2200000e+03   6.1345222e+00
   3.2300000e+03   6.1460687e+00
   3.2400000e+03   6.1611116e+00
   3.2500000e+03   6.1631436e+00
   3.2600000e+03   6.1423919e+00
   3.2700000e+03   6.1503408e+00
   3.2800000e+03   6.1618504e+00
   3.2900000e+03   6.1670794e+00
   3.3000000e+03   6.1672523e+00
   3.3100000e+03   6.1724690e+00
   3.3200000e+03   6.1640160e+00
   3.3300000e+03   6.1627687e+00
   3.3400000e+03   6.1608271e+00
   3.3500000e+03   6.1665881e+00
   3.3600000e+03   6.1891037e+00
   3.3700000e+03   6.1773316e+00
   3.3800000e+03   6.1824349e+00
   3.3900000e+03   6.1939778e+00
   3.4000000e+03   6.1863350e+00
   3.4100000e+03   6.1787274e+00
   3.4200000e+03   6.1886909e+00
   3.4300000e+03   6.1954347e+00
   3.4400000e+03   6.1837818e+00
   3.4500000e+03   6.1858122e+00
   3.4600000e+03   6.1874420e+00
   3.4700000e+03   6.1829962e+00
   3.4800000e+03   6.1977481e+00
   3.4900000e+03   6.1947348e+00
