   0.0000000e+00  -9.6572458e-03
   1.0000000e+01   1.0351307e-02
   2.0000000e+01   6.2297473e-03
   3.0000000e+01   1.4281252e-02
   4.0000000e+01   1.6220567e-02
   5.0000000e+01   3.4815794e-03
   6.0000000e+01   4.3158264e-03
   7.0000000e+01   4.4619383e-04
   8.0000000e+01   1.5516136e-02
   9.0000000e+01   2.5919265e-02
   1.0000000e+02   4.8242467e-02
   1.1000000e+02   6.0604468e-02
   1.2000000e+02   8.2361263e-02
   1.3000000e+02   9.4846826e-02
   1.4000000e+02   1.1908486e-01
   1.5000000e+02   1.6157267e-01
   1.6000000e+02   2.0591230e-01
   1.7000000e+02   2.3019777e-01
   1.8000000e+02   2.7490329e-01
   1.9000000e+02   3.1903171e-01
   2.0000000e+02   3.6579173e-01
   2.1000000e+02   4.1921678e-01
   2.2000000e+02   4.6890259e-01
   2.3000000e+02   5.1200363e-01
   2.4000000e+02   5.6183757e-01
   2.5000000e+02   6.0629020e-01
   2.6000000e+02   6.5815544e-01
   2.7000000e+02   7.1701471e-01
   2.8000000e+02   7.7250002e-01
   2.9000000e+02   8.1871731e-01
   3.0000000e+02   8.8387165e-01
   3.1000000e+02   9.2906131e-01
   3.2000000e+02   9.7278677e-01
   3.3000000e+02   1.0188761e+00
   3.4000000e+02   1.0756435e+00
   3.5000000e+02   1.1363380e+00
   3.6000000e+02   1.1737211e+00
   3.7000000e+02   1.2279216e+00
   3.8000000e+02   1.2824598e+00
   3.9000000e+02   1.3213409e+00
   4.0000000e+02   1.3792938e+00
   4.1000000e+02   1.4392068e+00
   4.2000000e+02   1.4854889e+00
   4.3000000e+02   1.5307398e+00
   4.4000000e+02   1.5821891e+00
   4.5000000e+02   1.6267501e+00
   4.6000000e+02   1.6818140e+00
   4.7000000e+02   1.7222521e+00
   4.8000000e+02   1.7630905e+00
   4.9000000e+02   1.8055374e+00
   5.0000000e+02   1.8603895e+00
   5.1000000e+02   1.9049682e+00
   5.2000000e+02   1.9421050e+00
   5.3000000e+02   1.9829176e+00
   5.4000000e+02   2.0155660e+00
   5.5000000e+02   2.0596944e+00
   5.6000000e+02   2.1015008e+00
   5.7000000e+02   2.1506491e+00
   5.8000000e+02   2.1826843e+00
   5.9000000e+02   2.2124052e+00
   6.0000000e+02   2.2492916e+00
   6.1000000e+02   2.3106717e+00
   6.2000000e+02   2.3314562e+00
   6.3000000e+02   2.3854064e+00
   6.4000000e+02   2.4289890e+00
   6.5000000e+02   2.4681319e+00
   6.6000000e+02   2.4978478e+00
   6.7000000e+02   2.5498634e+00
   6.8000000e+02   2.5824400e+00
   6.9000000e+02   2.6347326e+00
   7.0000000e+02   2.6758663e+00
   7.1000000e+02   2.7267097e+00
   7.2000000e+02   2.7557397e+00
   7.3000000e+02   2.7882364e+00
   7.4000000e+02   2.8187348e+00
   7.5000000e+02   2.8534841e+00
   7.6000000e+02   2.8719067e+00
   7.7000000e+02   2.9019653e+00
   7.8000000e+02   2.9325913e+00
   7.9000000e+02   2.9589069e+00
   8.0000000e+02   2.9778531e+00
   8.1000000e+02   3.0021209e+00
   8.2000000e+02   3.0179701e+00
   8.3000000e+02   3.0456479e+00
   8.4000000e+02   3.0713773e+00
   8.5000000e+02   3.0973776e+00
   8.6000000e+02   3.1063724e+00
   8.7000000e+02   3.1417584e+00
   8.8000000e+02   3.1444437e+00
   8.9000000e+02   3.1829767e+00
   9.0000000e+02   3.2022581e+00
   9.1000000e+02   3.2275608e+00
   9.2000000e+02   3.2537982e+00
   9.3000000e+02   3.2703408e+00
   9.4000000e+02   3.2879078e+00
   9.5000000e+02   3.3095916e+00
   9.6000000e+02   3.3326638e+00
   9.7000000e+02   3.3526309e+00
   9.8000000e+02   3.3623426e+00
   9.9000000e+02   3.3882283e+00
   1.0000000e+03   3.4021398e+00
   1.0100000e+03   3.4306415e+00
   1.0200000e+03   3.4587042e+00
   1.0300000e+03   3.4681560e+00
   1.0400000e+03   3.4944281e+00
   1.0500000e+03   3.5201103e+00
   1.0600000e+03   3.5333940e+00
   1.0700000e+03   3.5600381e+00
   1.0800000e+03   3.5657155e+00
   1.0900000e+03   3.5784340e+00
   1.1000000e+03   3.6048487e+00
   1.1100000e+03   3.6210286e+00
   1.1200000e+03   3.6371219e+00
   1.1300000e+03   3.6568587e+00
   1.1400000e+03   3.6711620e+00
   1.1500000e+03   3.6902164e+00
   1.1600000e+03   3.6902103e+00
   1.1700000e+03   3.7127383e+00
   1.1800000e+03   3.7278061e+00
   1.1900000e+03   3.7552385e+00
   1.2000000e+03   3.7687602e+00
   1.2100000e+03   3.7867518e+00
   1.2200000e+03   3.7905587e+00
   1.2300000e+03   3.8107648e+00
   1.2400000e+03   3.8288545e+00
   1.2500000e+03   3.8436216e+00
   1.2600000e+03   3.8576142e+00
   1.2700000e+03   3.8717793e+00
   1.2800000e+03   3.8847012e+00
   1.2900000e+03   3.8963921e+00
   1.3000000e+03   3.9269791e+00
   1.3100000e+03   3.9161090e+00
   1.3200000e+03   3.9439719e+00
   1.3300000e+03   3.9544593e+00
   1.3400000e+03   3.9731265e+00
   1.3500000e+03   3.9824447e+00
   1.3600000e+03   4.0006241e+00
   1.3700000e+03   4.0154907e+00
   1.3800000e+03   4.0161169e+00
   1.3900000e+03   4.0302339e+00
   1.4000000e+03   4.0353878e+00
   1.4100000e+03   4.0607897e+00
   1.4200000e+03   4.0725528e+00
   1.4300000e+03   4.0851579e+00
   1.4400000e+03   4.0909653e+00
   1.4500000e+03   4.0993848e+00
   1.4600000e+03   4.1364675e+00
   1.4700000e+03   4.1460463e+00
   1.4800000e+03   4.1553444e+00
   1.4900000e+03   4.1649200e+00
   1.5000000e+03   4.1819123e+00
   1.5100000e+03   4.1900413e+00
   1.5200000e+03   4.2102342e+00
   1.5300000e+03   4.2163339e+00
   1.5400000e+03   4.2210336e+00
   1.5500000e+03   4.2303127e+00
   1.5600000e+03   4.2379389e+00
   1.5700000e+03   4.2462589e+00
   1.5800000e+03   4.2534749e+00
   1.5900000e+03   4.2598029e+00
   1.6000000e+03   4.2767323e+00
   1.6100000e+03   4.2910558e+00
   1.6200000e+03   4.2926472e+00
   1.6300000e+03   4.2958080e+00
   1.6400000e+03   4.3166068e+00
   1.6500000e+03   4.3317809e+00
   1.6600000e+03   4.3411856e+00
   1.6700000e+03   4.3398661e+00
   1.6800000e+03   4.3477014e+00
   1.6900000e+03   4.3471406e+00
   1.7000000e+03   4.3719406e+00
   1.7100000e+03   4.3729615e+00
   1.7200000e+03   4.3840433e+00
   1.7300000e+03   4.3926584e+00
   1.7400000e+03   4.4049734e+00
   1.7500000e+03   4.4090559e+00
   1.7600000e+03   4.4233038e+00
   1.7700000e+03   4.4388774e+00
   1.7800000e+03   4.4338089e+00
   1.7900000e+03   4.4560635e+00
   1.8000000e+03   4.4569025e+00
   1.8100000e+03   4.4660966e+00
   1.8200000e+03   4.4790923e+00
   1.8300000e+03   4.4721436e+00
   1.8400000e+03   4.4855646e+00
   1.8500000e+03   4.4932880e+00
   1.8600000e+03   4.5011224e+00
   1.8700000e+03   4.5101161e+00
   1.8800000e+03   4.5181199e+00
   1.8900000e+03   4.5429475e+00
   1.9000000e+03   4.5399020e+00
   1.9100000e+03   4.5522247e+00
   1.9200000e+03   4.5582552e+00
   1.9300000e+03   4.5637491e+00
   1.9400000e+03   4.5698009e+00
   1.9500000e+03   4.5847588e+00
   1.9600000e+03   4.5802580e+00
   1.9700000e+03   4.6003146e+00
   1.9800000e+03   4.6101642e+00
   1.9900000e+03   4.6059104e+00
   2.0000000e+03   4.6184356e+00
   2.0100000e+03   4.6248755e+00
   2.0200000e+03   4.6266420e+00
   2.0300000e+03   4.6386059e+00
   2.0400000e+03   4.6428785e+00
   2.0500000e+03   4.6304185e+00
   2.0600000e+03   4.6623918e+00
   2.0700000e+03   4.6613593e+00
   2.0800000e+03   4.6591156e+00
   2.0900000e+03   4.6774142e+00
   2.1000000e+03   4.6716443e+00
   2.1100000e+03   4.6651965e+00
   2.1200000e+03   4.6799408e+00
   2.1300000e+03   4.6778116e+00
   2.1400000e+03   4.6929104e+00
   2.1500000e+03   4.7063784e+00
   2.1600000e+03   4.7165481e+00
   2.1700000e+03   4.6985750e+00
   2.1800000e+03   4.7271035e+00
   2.1900000e+03   4.7338053e+00
   2.2000000e+03   4.7239420e+00
   2.2100000e+03   4.7375668e+00
   2.2200000e+03   4.7458464e+00
   2.2300000e+03   4.7504396e+00
   2.2400000e+03   4.7582411e+00
   2.2500000e+03   4.7573848e+00
   2.2600000e+03   4.7606582e+00
   2.2700000e+03   4.7699364e+00
   2.2800000e+03   4.7746989e+00
   2.2900000e+03   4.7760803e+00
   2.3000000e+03   4.7744037e+00
   2.3100000e+03   4.7815059e+00
   2.3200000e+03   4.7948373e+00
   2.3300000e+03   4.8090897e+00
   2.3400000e+03   4.8228393e+00
   2.3500000e+03   4.8369333e+00
   2.3600000e+03   4.8491745e+00
   2.3700000e+03   4.8709479e+00
   2.3800000e+03   4.8717908e+00
   2.3900000e+03   4.8904962e+00
   2.4000000e+03   4.8910644e+00
   2.4100000e+03   4.8942214e+00
   2.4200000e+03   4.8949625e+00
   2.4300000e+03   4.8930164e+00
   2.4400000e+03   4.8957614e+00
   2.4500000e+03   4.9118634e+00
   2.4600000e+03   4.9131879e+00
   2.4700000e+03   4.8982492e+00
   2.4800000e+03   4.9017806e+00
   2.4900000e+03   4.8999192e+00
   2.5000000e+03   4.9101265e+00
   2.5100000e+03   4.9083513e+00
   2.5200000e+03   4.8969084e+00
   2.5300000e+03   4.9034948e+00
   2.5400000e+03   4.9254876e+00
   2.5500000e+03   4.9133762e+00
   2.5600000e+03   4.9195034e+00
   2.5700000e+03   4.9153773e+00
   2.5800000e+03   4.9103234e+00
   2.5900000e+03   4.9251633e+00
   2.6000000e+03   4.9137765e+00
   2.6100000e+03   4.9291493e+00
   2.6200000e+03   4.9335138e+00
   2.6300000e+03   4.9170387e+00
   2.6400000e+03   4.9273018e+00
   2.6500000e+03   4.9369084e+00
   2.6600000e+03   4.9316482e+00
   2.6700000e+03   4.9427066e+00
   2.6800000e+03   4.9444266e+00
   2.6900000e+03   4.9398261e+00
   2.7000000e+03   4.9458736e+00
   2.7100000e+03   4.9510548e+00
   2.7200000e+03   4.9494806e+00
   2.7300000e+03   4.9522978e+00
   2.7400000e+03   4.9701296e+00
   2.7500000e+03   4.9521327e+00
   2.7600000e+03   4.9636556e+00
   2.7700000e+03   4.9559732e+00
   2.7800000e+03   4.9746241e+00
   2.7900000e+03   4.9738510e+00
   2.8000000e+03   4.9848407e+00
   2.8100000e+03   4.9907579e+00
   2.8200000e+03   4.9795998e+00
   2.8300000e+03   4.9879428e+00
   2.8400000e+03   4.9956383e+00
   2.8500000e+03   4.9948012e+00
   2.8600000e+03   4.9824696e+00
   2.8700000e+03   4.9993305e+00
   2.8800000e+03   4.9960959e+00
   2.8900000e+03   5.0109012e+00
   2.9000000e+03   5.0128961e+00
   2.9100000e+03   5.0152140e+00
   2.9200000e+03   5.0271122e+00
   2.9300000e+03   5.0280805e+00
   2.9400000e+03   5.0313071e+00
   2.9500000e+03   5.0339145e+00
   2.9600000e+03   5.0377762e+00
   2.9700000e+03   5.0404946e+00
   2.9800000e+03   5.0321689e+00
   2.9900000e+03   5.0342400e+00
   3.0000000e+03   5.0394637e+00
   3.0100000e+03   5.0515872e+00
   3.0200000e+03   5.0497540e+00
   3.0300000e+03   5.0475237e+00
   3.0400000e+03   5.0473948e+00
   3.0500000e+03   5.0474756e+00
   3.0600000e+03   5.0419233e+00
   3.0700000e+03   5.0580251e+00
   3.0800000e+03   5.0523158e+00
   3.0900000e+03   5.0530900e+00
   3.1000000e+03   5.0605418e+00
   3.1100000e+03   5.0630079e+00
   3.1200000e+03   5.0654740e+00
   3.1300000e+03   5.0718408e+00
   3.1400000e+03   5.0649514e+00
   3.1500000e+03   5.0669429e+00
   3.1600000e+03   5.0590831e+00
   3.1700000e+03   5.0779703e+00
   3.1800000e+03   5.0674978e+00
   3.1900000e+03   5.0727002e+00
   3.2000000e+03   5.0793015e+00
   3.2100000e+03   5.0780116e+00
   3.2200000e+03   5.0777539e+00
   3.2300000e+03   5.0761835e+00
   3.2400000e+03   5.0859868e+00
   3.2500000e+03   5.0920889e+00
   3.2600000e+03   5.0883028e+00
   3.2700000e+03   5.0978186e+00
   3.2800000e+03   5.0963402e+00
   3.2900000e+03   5.0910935e+00
   3.3000000e+03   5.1042363e+00
   3.3100000e+03   5.1036240e+00
   3.3200000e+03   5.1043277e+00
   3.3300000e+03   5.1099058e+00
   3.3400000e+03   5.1118198e+00
   3.3500000e+03   5.1138203e+00
   3.3600000e+03   5.1180805e+00
   3.3700000e+03   5.1123929e+00
   3.3800000e+03   5.1065183e+00
   3.3900000e+03   5.1134953e+00
   3.4000000e+03   5.1151571e+00
   3.4100000e+03   5.1308082e+00
   3.4200000e+03   5.1226809e+00
   3.4300000e+03   5.1249001e+00
   3.4400000e+03   5.1228431e+00
   3.4500000e+03   5.1237163e+00
   3.4600000e+03   5.1295784e+00
   3.4700000e+03   5.1293791e+00
   3.4800000e+03   5.1353982e+00
   3.4900000e+03   5.1311714e+00
