   0.0000000e+00   1.8146676e+01
   1.0000000e+01   1.8174567e+01
   2.0000000e+01   1.8353732e+01
   3.0000000e+01   1.8619029e+01
   4.0000000e+01   1.8968364e+01
   5.0000000e+01   1.9371090e+01
   6.0000000e+01   1.9880845e+01
   7.0000000e+01   2.0421354e+01
   8.0000000e+01   2.0905733e+01
   9.0000000e+01   2.1318843e+01
   1.0000000e+02   2.1716390e+01
   1.1000000e+02   2.2062014e+01
   1.2000000e+02   2.2374352e+01
   1.3000000e+02   2.2674135e+01
   1.4000000e+02   2.3006336e+01
   1.5000000e+02   2.3298852e+01
   1.6000000e+02   2.3515304e+01
   1.7000000e+02   2.3737160e+01
   1.8000000e+02   2.3955508e+01
   1.9000000e+02   2.4185705e+01
   2.0000000e+02   2.4376932e+01
   2.1000000e+02   2.4547296e+01
   2.2000000e+02   2.4723839e+01
   2.3000000e+02   2.4870510e+01
   2.4000000e+02   2.5010478e+01
   2.5000000e+02   2.5131243e+01
   2.6000000e+02   2.5257290e+01
   2.7000000e+02   2.5364451e+01
   2.8000000e+02   2.5480471e+01
   2.9000000e+02   2.5579431e+01
   3.0000000e+02   2.5677380e+01
   3.1000000e+02   2.5770926e+01
   3.2000000e+02   2.5836737e+01
   3.3000000e+02   2.5928861e+01
   3.4000000e+02   2.6001633e+01
   3.5000000e+02   2.6070241e+01
   3.6000000e+02   2.6128355e+01
   3.7000000e+02   2.6193271e+01
   3.8000000e+02   2.6251840e+01
   3.9000000e+02   2.6295773e+01
   4.0000000e+02   2.6357042e+01
   4.1000000e+02   2.6410814e+01
   4.2000000e+02   2.6464401e+01
   4.3000000e+02   2.6492088e+01
   4.4000000e+02   2.6542978e+01
   4.5000000e+02   2.6588406e+01
   4.6000000e+02   2.6621239e+01
   4.7000000e+02   2.6686751e+01
   4.8000000e+02   2.6717195e+01
   4.9000000e+02   2.6758910e+01
   5.0000000e+02   2.6800746e+01
   5.1000000e+02   2.6839743e+01
   5.2000000e+02   2.6869274e+01
   5.3000000e+02   2.6905451e+01
   5.4000000e+02   2.6932825e+01
   5.5000000e+02   2.6971146e+01
   5.6000000e+02   2.7003246e+01
   5.7000000e+02   2.7029749e+01
   5.8000000e+02   2.7059508e+01
   5.9000000e+02   2.7083975e+01
   6.0000000e+02   2.7108656e+01
   6.1000000e+02   2.7154683e+01
   6.2000000e+02   2.7184313e+01
   6.3000000e+02   2.7237229e+01
   6.4000000e+02   2.7273168e+01
   6.5000000e+02   2.7304006e+01
   6.6000000e+02   2.7333073e+01
   6.7000000e+02   2.7370028e+01
   6.8000000e+02   2.7407231e+01
   6.9000000e+02   2.7439860e+01
   7.0000000e+02   2.7470607e+01
   7.1000000e+02   2.7516985e+01
   7.2000000e+02   2.7536627e+01
   7.3000000e+02   2.7567767e+01
   7.4000000e+02   2.7590709e+01
   7.5000000e+02   2.7618335e+01
   7.6000000e+02   2.7625137e+01
   7.7000000e+02   2.7646953e+01
   7.8000000e+02   2.7657598e+01
   7.9000000e+02   2.7667872e+01
   8.0000000e+02   2.7685319e+01
   8.1000000e+02   2.7706443e+01
   8.2000000e+02   2.7715521e+01
   8.3000000e+02   2.7741874e+01
   8.4000000e+02   2.7756169e+01
   8.5000000e+02   2.7777175e+01
   8.6000000e+02   2.7793015e+01
   8.7000000e+02   2.7794132e+01
   8.8000000e+02   2.7814284e+01
   8.9000000e+02   2.7829341e+01
   9.0000000e+02   2.7855403e+01
   9.1000000e+02   2.7878477e+01
   9.2000000e+02   2.7891439e+01
   9.3000000e+02   2.7910178e+01
   9.4000000e+02   2.7911764e+01
   9.5000000e+02   2.7912840e+01
   9.6000000e+02   2.7944049e+01
   9.7000000e+02   2.7949401e+01
   9.8000000e+02   2.7951002e+01
   9.9000000e+02   2.7971896e+01
   1.0000000e+03   2.7977901e+01
   1.0100000e+03   2.7992886e+01
   1.0200000e+03   2.8004904e+01
   1.0300000e+03   2.8018898e+01
   1.0400000e+03   2.8035807e+01
   1.0500000e+03   2.8040171e+01
   1.0600000e+03   2.8044173e+01
   1.0700000e+03   2.8076863e+01
   1.0800000e+03   2.8071236e+01
   1.0900000e+03   2.8073527e+01
   1.1000000e+03   2.8088740e+01
   1.1100000e+03   2.8094701e+01
   1.1200000e+03   2.8100807e+01
   1.1300000e+03   2.8122493e+01
   1.1400000e+03   2.8132339e+01
   1.1500000e+03   2.8145067e+01
   1.1600000e+03   2.8140002e+01
   1.1700000e+03   2.8157333e+01
   1.1800000e+03   2.8174608e+01
   1.1900000e+03   2.8186236e+01
   1.2000000e+03   2.8181278e+01
   1.2100000e+03   2.8196860e+01
   1.2200000e+03   2.8193515e+01
   1.2300000e+03   2.8208999e+01
   1.2400000e+03   2.8221920e+01
   1.2500000e+03   2.8224410e+01
   1.2600000e+03   2.8248436e+01
   1.2700000e+03   2.8246649e+01
   1.2800000e+03   2.8268460e+01
   1.2900000e+03   2.8270423e+01
   1.3000000e+03   2.8289557e+01
   1.3100000e+03   2.8298068e+01
   1.3200000e+03   2.8300469e+01
   1.3300000e+03   2.8312273e+01
   1.3400000e+03   2.8327378e+01
   1.3500000e+03   2.8337100e+01
   1.3600000e+03   2.8345973e+01
   1.3700000e+03   2.8346264e+01
   1.3800000e+03   2.8336999e+01
   1.3900000e+03   2.8348732e+01
   1.4000000e+03   2.8366731e+01
   1.4100000e+03   2.8383013e+01
   1.4200000e+03   2.8396545e+01
   1.4300000e+03   2.8409304e+01
   1.4400000e+03   2.8415076e+01
   1.4500000e+03   2.8429423e+01
   1.4600000e+03   2.8438004e+01
   1.4700000e+03   2.8453963e+01
   1.4800000e+03   2.8458147e+01
   1.4900000e+03   2.8475022e+01
   1.5000000e+03   2.8470761e+01
   1.5100000e+03   2.8488957e+01
   1.5200000e+03   2.8499373e+01
   1.5300000e+03   2.8509115e+01
   1.5400000e+03   2.8517465e+01
   1.5500000e+03   2.8513584e+01
   1.5600000e+03   2.8523234e+01
   1.5700000e+03   2.8530814e+01
   1.5800000e+03   2.8535228e+01
   1.5900000e+03   2.8534392e+01
   1.6000000e+03   2.8542484e+01
   1.6100000e+03   2.8544998e+01
   1.6200000e+03   2.8549568e+01
   1.6300000e+03   2.8562135e+01
   1.6400000e+03   2.8564189e+01
   1.6500000e+03   2.8571227e+01
   1.6600000e+03   2.8583105e+01
   1.6700000e+03   2.8574667e+01
   1.6800000e+03   2.8581766e+01
   1.6900000e+03   2.8589714e+01
   1.7000000e+03   2.8602872e+01
   1.7100000e+03   2.8599060e+01
   1.7200000e+03   2.8620420e+01
   1.7300000e+03   2.8620019e+01
   1.7400000e+03   2.8636398e+01
   1.7500000e+03   2.8638388e+01
   1.7600000e+03   2.8639908e+01
   1.7700000e+03   2.8639758e+01
   1.7800000e+03   2.8649661e+01
   1.7900000e+03   2.8655004e+01
   1.8000000e+03   2.8670549e+01
   1.8100000e+03   2.8676011e+01
   1.8200000e+03   2.8678356e+01
   1.8300000e+03   2.8677655e+01
   1.8400000e+03   2.8694214e+01
   1.8500000e+03   2.8682813e+01
   1.8600000e+03   2.8703014e+01
   1.8700000e+03   2.8704829e+01
   1.8800000e+03   2.8702442e+01
   1.8900000e+03   2.8720457e+01
   1.9000000e+03   2.8730761e+01
   1.9100000e+03   2.8725082e+01
   1.9200000e+03   2.8729238e+01
   1.9300000e+03   2.8736539e+01
   1.9400000e+03   2.8739567e+01
   1.9500000e+03   2.8753977e+01
   1.9600000e+03   2.8756857e+01
   1.9700000e+03   2.8756799e+01
   1.9800000e+03   2.8756478e+01
   1.9900000e+03   2.8772705e+01
   2.0000000e+03   2.8784697e+01
   2.0100000e+03   2.8781905e+01
   2.0200000e+03   2.8784810e+01
   2.0300000e+03   2.8788659e+01
   2.0400000e+03   2.8791298e+01
   2.0500000e+03   2.8775923e+01
   2.0600000e+03   2.8785415e+01
   2.0700000e+03   2.8810130e+01
   2.0800000e+03   2.8792960e+01
   2.0900000e+03   2.8800349e+01
   2.1000000e+03   2.8799669e+01
   2.1100000e+03   2.8792110e+01
   2.1200000e+03   2.8813433e+01
   2.1300000e+03   2.8816143e+01
   2.1400000e+03   2.8830004e+01
   2.1500000e+03   2.8825696e+01
   2.1600000e+03   2.8838794e+01
   2.1700000e+03   2.8822535e+01
   2.1800000e+03   2.8837107e+01
   2.1900000e+03   2.8853881e+01
   2.2000000e+03   2.8848443e+01
   2.2100000e+03   2.8844291e+01
   2.2200000e+03   2.8850914e+01
   2.2300000e+03   2.8851113e+01
   2.2400000e+03   2.8848527e+01
   2.2500000e+03   2.8861465e+01
   2.2600000e+03   2.8873223e+01
   2.2700000e+03   2.8884515e+01
   2.2800000e+03   2.8876150e+01
   2.2900000e+03   2.8875685e+01
   2.3000000e+03   2.8887577e+01
   2.3100000e+03   2.8891191e+01
   2.3200000e+03   2.8898009e+01
   2.3300000e+03   2.8912868e+01
   2.3400000e+03   2.8934350e+01
   2.3500000e+03   2.8950660e+01
   2.3600000e+03   2.8949960e+01
   2.3700000e+03   2.8973215e+01
   2.3800000e+03   2.8970606e+01
   2.3900000e+03   2.8985065e+01
   2.4000000e+03   2.8984711e+01
   2.4100000e+03   2.8988309e+01
   2.4200000e+03   2.8983071e+01
   2.4300000e+03   2.9003886e+01
   2.4400000e+03   2.8991679e+01
   2.4500000e+03   2.8995507e+01
   2.4600000e+03   2.9011990e+01
   2.4700000e+03   2.8997828e+01
   2.4800000e+03   2.8987781e+01
   2.4900000e+03   2.8983403e+01
   2.5000000e+03   2.9004351e+01
   2.5100000e+03   2.9000518e+01
   2.5200000e+03   2.9003619e+01
   2.5300000e+03   2.9005801e+01
   2.5400000e+03   2.9016635e+01
   2.5500000e+03   2.9012637e+01
   2.5600000e+03   2.9015511e+01
   2.5700000e+03   2.9021980e+01
   2.5800000e+03   2.9016266e+01
   2.5900000e+03   2.9028721e+01
   2.6000000e+03   2.9033946e+01
   2.6100000e+03   2.9034752e+01
   2.6200000e+03   2.9051959e+01
   2.6300000e+03   2.9037878e+01
   2.6400000e+03   2.9039579e+01
   2.6500000e+03   2.9061307e+01
   2.6600000e+03   2.9055619e+01
   2.6700000e+03   2.9068680e+01
   2.6800000e+03   2.9075675e+01
   2.6900000e+03   2.9064208e+01
   2.7000000e+03   2.9084006e+01
   2.7100000e+03   2.9082494e+01
   2.7200000e+03   2.9089430e+01
   2.7300000e+03   2.9094529e+01
   2.7400000e+03   2.9112945e+01
   2.7500000e+03   2.9096662e+01
   2.7600000e+03   2.9101913e+01
   2.7700000e+03   2.9103008e+01
   2.7800000e+03   2.9122238e+01
   2.7900000e+03   2.9126294e+01
   2.8000000e+03   2.9127799e+01
   2.8100000e+03   2.9119895e+01
   2.8200000e+03   2.9121440e+01
   2.8300000e+03   2.9130423e+01
   2.8400000e+03   2.9134856e+01
   2.8500000e+03   2.9132186e+01
   2.8600000e+03   2.9129348e+01
   2.8700000e+03   2.9127728e+01
   2.8800000e+03   2.9134163e+01
   2.8900000e+03   2.9147962e+01
   2.9000000e+03   2.9152242e+01
   2.9100000e+03   2.9159831e+01
   2.9200000e+03   2.9166145e+01
   2.9300000e+03   2.9162053e+01
   2.9400000e+03   2.9181113e+01
   2.9500000e+03   2.9180259e+01
   2.9600000e+03   2.9180422e+01
   2.9700000e+03   2.9187260e+01
   2.9800000e+03   2.9187484e+01
   2.9900000e+03   2.9200111e+01
   3.0000000e+03   2.9201169e+01
   3.0100000e+03   2.9203341e+01
   3.0200000e+03   2.9204735e+01
   3.0300000e+03   2.9204586e+01
   3.0400000e+03   2.9202850e+01
   3.0500000e+03   2.9206376e+01
   3.0600000e+03   2.9212114e+01
   3.0700000e+03   2.9220309e+01
   3.0800000e+03   2.9210039e+01
   3.0900000e+03   2.9225283e+01
   3.1000000e+03   2.9230622e+01
   3.1100000e+03   2.9222965e+01
   3.1200000e+03   2.9246323e+01
   3.1300000e+03   2.9241625e+01
   3.1400000e+03   2.9228114e+01
   3.1500000e+03   2.9250540e+01
   3.1600000e+03   2.9257430e+01
   3.1700000e+03   2.9252542e+01
   3.1800000e+03   2.9252930e+01
   3.1900000e+03   2.9264763e+01
   3.2000000e+03   2.9262825e+01
   3.2100000e+03   2.9274178e+01
   3.2200000e+03   2.9265192e+01
   3.2300000e+03   2.9278104e+01
   3.2400000e+03   2.9276593e+01
   3.2500000e+03   2.9307009e+01
   3.2600000e+03   2.9298422e+01
   3.2700000e+03   2.9300989e+01
   3.2800000e+03   2.9299060e+01
   3.2900000e+03   2.9303952e+01
   3.3000000e+03   2.9308058e+01
   3.3100000e+03   2.9316638e+01
   3.3200000e+03   2.9308148e+01
   3.3300000e+03   2.9310707e+01
   3.3400000e+03   2.9319042e+01
   3.3500000e+03   2.9320341e+01
   3.3600000e+03   2.9324806e+01
   3.3700000e+03   2.9324206e+01
   3.3800000e+03   2.9320663e+01
   3.3900000e+03   2.9333572e+01
   3.4000000e+03   2.9314778e+01
   3.4100000e+03   2.9332863e+01
   3.4200000e+03   2.9355337e+01
   3.4300000e+03   2.9343070e+01
   3.4400000e+03   2.9356876e+01
   3.4500000e+03   2.9381864e+01
   3.4600000e+03   2.9350937e+01
   3.4700000e+03   2.9353955e+01
   3.4800000e+03   2.9377625e+01
   3.4900000e+03   2.9373424e+01
