   0.0000000e+00  -7.9815419e-03
   1.0000000e+01   2.7048109e-03
   2.0000000e+01   1.6570329e-02
   3.0000000e+01   7.2314575e-02
   4.0000000e+01   1.2557597e-01
   5.0000000e+01   1.8332346e-01
   6.0000000e+01   2.6952086e-01
   7.0000000e+01   3.5840898e-01
   8.0000000e+01   4.9372588e-01
   9.0000000e+01   6.5189512e-01
   1.0000000e+02   8.4552032e-01
   1.1000000e+02   9.9792320e-01
   1.2000000e+02   1.1805661e+00
   1.3000000e+02   1.3203886e+00
   1.4000000e+02   1.4471007e+00
   1.5000000e+02   1.5967086e+00
   1.6000000e+02   1.7068366e+00
   1.7000000e+02   1.7933653e+00
   1.8000000e+02   1.8766345e+00
   1.9000000e+02   1.9593242e+00
   2.0000000e+02   2.0358662e+00
   2.1000000e+02   2.0969001e+00
   2.2000000e+02   2.1710673e+00
   2.3000000e+02   2.2372367e+00
   2.4000000e+02   2.2757321e+00
   2.5000000e+02   2.3320525e+00
   2.6000000e+02   2.3657323e+00
   2.7000000e+02   2.4224010e+00
   2.8000000e+02   2.4507418e+00
   2.9000000e+02   2.5112938e+00
   3.0000000e+02   2.5597944e+00
   3.1000000e+02   2.6051832e+00
   3.2000000e+02   2.6236245e+00
   3.3000000e+02   2.6614672e+00
   3.4000000e+02   2.6770935e+00
   3.5000000e+02   2.6947399e+00
   3.6000000e+02   2.7226058e+00
   3.7000000e+02   2.7554888e+00
   3.8000000e+02   2.7826957e+00
   3.9000000e+02   2.8216060e+00
   4.0000000e+02   2.8388132e+00
   4.1000000e+02   2.8382756e+00
   4.2000000e+02   2.8530842e+00
   4.3000000e+02   2.8752851e+00
   4.4000000e+02   2.9204928e+00
   4.5000000e+02   2.9487098e+00
   4.6000000e+02   2.9699602e+00
   4.7000000e+02   2.9885562e+00
   4.8000000e+02   2.9587559e+00
   4.9000000e+02   3.0028266e+00
   5.0000000e+02   3.0179257e+00
   5.1000000e+02   3.0085116e+00
   5.2000000e+02   3.0362025e+00
   5.3000000e+02   3.0270090e+00
   5.4000000e+02   3.0543347e+00
   5.5000000e+02   3.0567572e+00
   5.6000000e+02   3.0827063e+00
   5.7000000e+02   3.1156906e+00
   5.8000000e+02   3.1054241e+00
   5.9000000e+02   3.1161112e+00
   6.0000000e+02   3.1363829e+00
   6.1000000e+02   3.1239132e+00
   6.2000000e+02   3.1158991e+00
   6.3000000e+02   3.1528398e+00
   6.4000000e+02   3.1681927e+00
   6.5000000e+02   3.1611681e+00
   6.6000000e+02   3.1882947e+00
   6.7000000e+02   3.2177229e+00
   6.8000000e+02   3.2108307e+00
   6.9000000e+02   3.2536126e+00
   7.0000000e+02   3.2610394e+00
   7.1000000e+02   3.2699616e+00
   7.2000000e+02   3.2886616e+00
   7.3000000e+02   3.2598312e+00
   7.4000000e+02   3.3121699e+00
   7.5000000e+02   3.3214971e+00
   7.6000000e+02   3.3180043e+00
   7.7000000e+02   3.3089858e+00
   7.8000000e+02   3.3228644e+00
   7.9000000e+02   3.3015484e+00
   8.0000000e+02   3.3577697e+00
   8.1000000e+02   3.3582935e+00
   8.2000000e+02   3.3786614e+00
   8.3000000e+02   3.3760559e+00
   8.4000000e+02   3.3518905e+00
   8.5000000e+02   3.4024113e+00
   8.6000000e+02   3.3901541e+00
   8.7000000e+02   3.4112997e+00
   8.8000000e+02   3.4124208e+00
   8.9000000e+02   3.4226342e+00
   9.0000000e+02   3.4146847e+00
   9.1000000e+02   3.4513381e+00
   9.2000000e+02   3.4519340e+00
   9.3000000e+02   3.4737002e+00
   9.4000000e+02   3.4700719e+00
   9.5000000e+02   3.4803828e+00
   9.6000000e+02   3.4942824e+00
   9.7000000e+02   3.5242103e+00
   9.8000000e+02   3.5231602e+00
   9.9000000e+02   3.5543307e+00
   1.0000000e+03   3.5152686e+00
   1.0100000e+03   3.5398782e+00
   1.0200000e+03   3.5085836e+00
   1.0300000e+03   3.5339987e+00
   1.0400000e+03   3.5230692e+00
   1.0500000e+03   3.5078911e+00
   1.0600000e+03   3.5154400e+00
   1.0700000e+03   3.5246921e+00
   1.0800000e+03   3.5269449e+00
   1.0900000e+03   3.5279923e+00
   1.1000000e+03   3.4932908e+00
   1.1100000e+03   3.5160412e+00
   1.1200000e+03   3.5250130e+00
   1.1300000e+03   3.6024252e+00
   1.1400000e+03   3.5572226e+00
   1.1500000e+03   3.5486305e+00
   1.1600000e+03   3.5364837e+00
   1.1700000e+03   3.5488155e+00
   1.1800000e+03   3.5174014e+00
   1.1900000e+03   3.5326895e+00
   1.2000000e+03   3.5376331e+00
   1.2100000e+03   3.5358442e+00
   1.2200000e+03   3.5546649e+00
   1.2300000e+03   3.5773555e+00
   1.2400000e+03   3.6106845e+00
   1.2500000e+03   3.6110789e+00
   1.2600000e+03   3.6199806e+00
   1.2700000e+03   3.6324598e+00
   1.2800000e+03   3.6464011e+00
   1.2900000e+03   3.6156971e+00
   1.3000000e+03   3.6296971e+00
   1.3100000e+03   3.6275574e+00
   1.3200000e+03   3.6478008e+00
   1.3300000e+03   3.6459890e+00
   1.3400000e+03   3.6455279e+00
   1.3500000e+03   3.6452245e+00
   1.3600000e+03   3.6527331e+00
   1.3700000e+03   3.6705263e+00
   1.3800000e+03   3.6761250e+00
   1.3900000e+03   3.7128557e+00
   1.4000000e+03   3.7023184e+00
   1.4100000e+03   3.7074912e+00
   1.4200000e+03   3.6896510e+00
   1.4300000e+03   3.7055598e+00
   1.4400000e+03   3.7319090e+00
   1.4500000e+03   3.7268601e+00
   1.4600000e+03   3.7576387e+00
   1.4700000e+03   3.7716601e+00
   1.4800000e+03   3.7617327e+00
   1.4900000e+03   3.7950918e+00
   1.5000000e+03   3.7582224e+00
   1.5100000e+03   3.7783289e+00
   1.5200000e+03   3.7834062e+00
   1.5300000e+03   3.8052287e+00
   1.5400000e+03   3.7937430e+00
   1.5500000e+03   3.7962660e+00
   1.5600000e+03   3.7946122e+00
   1.5700000e+03   3.7685230e+00
   1.5800000e+03   3.7923763e+00
   1.5900000e+03   3.7977568e+00
   1.6000000e+03   3.7756474e+00
   1.6100000e+03   3.7786438e+00
   1.6200000e+03   3.7893070e+00
   1.6300000e+03   3.7685234e+00
   1.6400000e+03   3.8205355e+00
   1.6500000e+03   3.8183826e+00
   1.6600000e+03   3.8231169e+00
   1.6700000e+03   3.8384513e+00
   1.6800000e+03   3.8526526e+00
   1.6900000e+03   3.8545390e+00
   1.7000000e+03   3.8787196e+00
   1.7100000e+03   3.8783307e+00
   1.7200000e+03   3.8738904e+00
   1.7300000e+03   3.8833111e+00
   1.7400000e+03   3.9012245e+00
   1.7500000e+03   3.9172284e+00
   1.7600000e+03   3.9112434e+00
   1.7700000e+03   3.9047593e+00
   1.7800000e+03   3.9177073e+00
   1.7900000e+03   3.9214935e+00
   1.8000000e+03   3.9264477e+00
   1.8100000e+03   3.9156813e+00
   1.8200000e+03   3.9344838e+00
   1.8300000e+03   3.9612777e+00
   1.8400000e+03   3.9903843e+00
   1.8500000e+03   3.9888042e+00
   1.8600000e+03   3.9587024e+00
   1.8700000e+03   3.9794471e+00
   1.8800000e+03   3.9770986e+00
   1.8900000e+03   3.9872717e+00
   1.9000000e+03   4.0029806e+00
   1.9100000e+03   4.0033356e+00
   1.9200000e+03   4.0066455e+00
   1.9300000e+03   3.9839568e+00
   1.9400000e+03   3.9900927e+00
   1.9500000e+03   4.0369355e+00
   1.9600000e+03   4.0150159e+00
   1.9700000e+03   4.0144095e+00
   1.9800000e+03   4.0179182e+00
   1.9900000e+03   4.0556864e+00
   2.0000000e+03   4.0306504e+00
   2.0100000e+03   4.0707650e+00
   2.0200000e+03   4.0402549e+00
   2.0300000e+03   4.0279435e+00
   2.0400000e+03   4.0754905e+00
   2.0500000e+03   4.0931086e+00
   2.0600000e+03   4.0889263e+00
   2.0700000e+03   4.0522949e+00
   2.0800000e+03   4.0829927e+00
   2.0900000e+03   4.0822043e+00
   2.1000000e+03   4.0895919e+00
   2.1100000e+03   4.1136942e+00
   2.1200000e+03   4.0930636e+00
   2.1300000e+03   4.0714224e+00
   2.1400000e+03   4.0970574e+00
   2.1500000e+03   4.1114284e+00
   2.1600000e+03   4.1180122e+00
   2.1700000e+03   4.1274064e+00
   2.1800000e+03   4.1139310e+00
   2.1900000e+03   4.1202224e+00
   2.2000000e+03   4.1072322e+00
   2.2100000e+03   4.1434240e+00
   2.2200000e+03   4.1393859e+00
   2.2300000e+03   4.1460767e+00
   2.2400000e+03   4.1206265e+00
   2.2500000e+03   4.1350784e+00
   2.2600000e+03   4.1016464e+00
   2.2700000e+03   4.1395665e+00
   2.2800000e+03   4.1697248e+00
   2.2900000e+03   4.1212205e+00
   2.3000000e+03   4.1485443e+00
   2.3100000e+03   4.1278884e+00
   2.3200000e+03   4.1607242e+00
   2.3300000e+03   4.1810993e+00
   2.3400000e+03   4.1704809e+00
   2.3500000e+03   4.1885231e+00
   2.3600000e+03   4.1685751e+00
   2.3700000e+03   4.1765929e+00
   2.3800000e+03   4.1383111e+00
   2.3900000e+03   4.1764520e+00
   2.4000000e+03   4.1695699e+00
   2.4100000e+03   4.1791582e+00
   2.4200000e+03   4.1800628e+00
   2.4300000e+03   4.2086035e+00
   2.4400000e+03   4.2088224e+00
   2.4500000e+03   4.2198308e+00
   2.4600000e+03   4.2187594e+00
   2.4700000e+03   4.2529409e+00
   2.4800000e+03   4.2441951e+00
   2.4900000e+03   4.2304870e+00
   2.5000000e+03   4.2525537e+00
   2.5100000e+03   4.2523486e+00
   2.5200000e+03   4.2429951e+00
   2.5300000e+03   4.2089739e+00
   2.5400000e+03   4.2353375e+00
   2.5500000e+03   4.2363767e+00
   2.5600000e+03   4.2447384e+00
   2.5700000e+03   4.2753117e+00
   2.5800000e+03   4.2485665e+00
   2.5900000e+03   4.2316013e+00
   2.6000000e+03   4.2423355e+00
   2.6100000e+03   4.2652209e+00
   2.6200000e+03   4.2770598e+00
   2.6300000e+03   4.2975860e+00
   2.6400000e+03   4.2964810e+00
   2.6500000e+03   4.3008108e+00
   2.6600000e+03   4.2796083e+00
   2.6700000e+03   4.3315799e+00
   2.6800000e+03   4.2931060e+00
   2.6900000e+03   4.3268216e+00
   2.7000000e+03   4.3226847e+00
   2.7100000e+03   4.3424125e+00
   2.7200000e+03   4.3368507e+00
   2.7300000e+03   4.3176324e+00
   2.7400000e+03   4.3159060e+00
   2.7500000e+03   4.3166223e+00
   2.7600000e+03   4.2969797e+00
   2.7700000e+03   4.2945125e+00
   2.7800000e+03   4.3223923e+00
   2.7900000e+03   4.3238066e+00
   2.8000000e+03   4.3277262e+00
   2.8100000e+03   4.3115382e+00
   2.8200000e+03   4.3238863e+00
   2.8300000e+03   4.3580417e+00
   2.8400000e+03   4.3373423e+00
   2.8500000e+03   4.3735787e+00
   2.8600000e+03   4.3826052e+00
   2.8700000e+03   4.3762938e+00
   2.8800000e+03   4.3637917e+00
   2.8900000e+03   4.3817819e+00
   2.9000000e+03   4.3390061e+00
   2.9100000e+03   4.3615941e+00
   2.9200000e+03   4.3798415e+00
   2.9300000e+03   4.3702580e+00
   2.9400000e+03   4.4040233e+00
   2.9500000e+03   4.4060435e+00
   2.9600000e+03   4.4085732e+00
   2.9700000e+03   4.3704800e+00
   2.9800000e+03   4.4109697e+00
   2.9900000e+03   4.4329227e+00
   3.0000000e+03   4.4137811e+00
   3.0100000e+03   4.3758824e+00
   3.0200000e+03   4.4244019e+00
   3.0300000e+03   4.4329168e+00
   3.0400000e+03   4.4545296e+00
   3.0500000e+03   4.4326122e+00
   3.0600000e+03   4.4357984e+00
   3.0700000e+03   4.4273341e+00
   3.0800000e+03   4.4441769e+00
   3.0900000e+03   4.4607181e+00
   3.1000000e+03   4.4525569e+00
   3.1100000e+03   4.4417804e+00
   3.1200000e+03   4.4354571e+00
   3.1300000e+03   4.4441157e+00
   3.1400000e+03   4.4560322e+00
   3.1500000e+03   4.4432387e+00
   3.1600000e+03   4.4293739e+00
   3.1700000e+03   4.4272590e+00
   3.1800000e+03   4.4637497e+00
   3.1900000e+03   4.4282509e+00
   3.2000000e+03   4.4367796e+00
   3.2100000e+03   4.4602089e+00
   3.2200000e+03   4.4632651e+00
   3.2300000e+03   4.4477861e+00
   3.2400000e+03   4.4455121e+00
   3.2500000e+03   4.4500879e+00
   3.2600000e+03   4.4639785e+00
   3.2700000e+03   4.4857989e+00
   3.2800000e+03   4.4832236e+00
   3.2900000e+03   4.4808320e+00
   3.3000000e+03   4.4793875e+00
   3.3100000e+03   4.4866887e+00
   3.3200000e+03   4.4736065e+00
   3.3300000e+03   4.4707405e+00
   3.3400000e+03   4.4556259e+00
   3.3500000e+03   4.4671690e+00
   3.3600000e+03   4.4686779e+00
   3.3700000e+03   4.4968702e+00
   3.3800000e+03   4.5236983e+00
   3.3900000e+03   4.5280885e+00
   3.4000000e+03   4.5308367e+00
   3.4100000e+03   4.5315405e+00
   3.4200000e+03   4.5387401e+00
   3.4300000e+03   4.5087510e+00
   3.4400000e+03   4.5091029e+00
   3.4500000e+03   4.5046653e+00
   3.4600000e+03   4.5206226e+00
   3.4700000e+03   4.5408964e+00
   3.4800000e+03   4.5265478e+00
   3.4900000e+03   4.5230696e+00
