   0.0000000e+00  -3.2151918e-03
   1.0000000e+01   3.1132654e-02
   2.0000000e+01   1.8376946e+00
   3.0000000e+01   4.4075355e+00
   4.0000000e+01   6.4953488e+00
   5.0000000e+01   8.1104132e+00
   6.0000000e+01   9.3820999e+00
   7.0000000e+01   1.0359872e+01
   8.0000000e+01   1.1126219e+01
   9.0000000e+01   1.1744806e+01
   1.0000000e+02   1.2228377e+01
   1.1000000e+02   1.2638403e+01
   1.2000000e+02   1.2987649e+01
   1.3000000e+02   1.3251362e+01
   1.4000000e+02   1.3482350e+01
   1.5000000e+02   1.3687604e+01
   1.6000000e+02   1.3841881e+01
   1.7000000e+02   1.3980824e+01
   1.8000000e+02   1.4098669e+01
   1.9000000e+02   1.4230818e+01
   2.0000000e+02   1.4327799e+01
   2.1000000e+02   1.4396162e+01
   2.2000000e+02   1.4442711e+01
   2.3000000e+02   1.4508139e+01
   2.4000000e+02   1.4505454e+01
   2.5000000e+02   1.4651565e+01
   2.6000000e+02   1.4713019e+01
   2.7000000e+02   1.4746389e+01
   2.8000000e+02   1.4755185e+01
   2.9000000e+02   1.4838171e+01
   3.0000000e+02   1.4877428e+01
   3.1000000e+02   1.4957089e+01
   3.2000000e+02   1.4974177e+01
   3.3000000e+02   1.4998091e+01
   3.4000000e+02   1.5035965e+01
   3.5000000e+02   1.5085903e+01
   3.6000000e+02   1.5131986e+01
   3.7000000e+02   1.5140471e+01
   3.8000000e+02   1.5138541e+01
   3.9000000e+02   1.5222081e+01
   4.0000000e+02   1.5236348e+01
   4.1000000e+02   1.5246797e+01
   4.2000000e+02   1.5230553e+01
   4.3000000e+02   1.5276294e+01
   4.4000000e+02   1.5320530e+01
   4.5000000e+02   1.5357805e+01
   4.6000000e+02   1.5344730e+01
   4.7000000e+02   1.5415497e+01
   4.8000000e+02   1.5434757e+01
   4.9000000e+02   1.5443328e+01
   5.0000000e+02   1.5458941e+01
   5.1000000e+02   1.5441400e+01
   5.2000000e+02   1.5450019e+01
   5.3000000e+02   1.5473639e+01
   5.4000000e+02   1.5463828e+01
   5.5000000e+02   1.5491154e+01
   5.6000000e+02   1.5537619e+01
   5.7000000e+02   1.5529974e+01
   5.8000000e+02   1.5546812e+01
   5.9000000e+02   1.5536793e+01
   6.0000000e+02   1.5564610e+01
   6.1000000e+02   1.5559830e+01
   6.2000000e+02   1.5615258e+01
   6.3000000e+02   1.5561210e+01
   6.4000000e+02   1.5626244e+01
   6.5000000e+02   1.5649030e+01
   6.6000000e+02   1.5653892e+01
   6.7000000e+02   1.5695560e+01
   6.8000000e+02   1.5709328e+01
   6.9000000e+02   1.5728294e+01
   7.0000000e+02   1.5738151e+01
   7.1000000e+02   1.5732108e+01
   7.2000000e+02   1.5741676e+01
   7.3000000e+02   1.5686191e+01
   7.4000000e+02   1.5754396e+01
   7.5000000e+02   1.5761101e+01
   7.6000000e+02   1.5759935e+01
   7.7000000e+02   1.5735470e+01
   7.8000000e+02   1.5735242e+01
   7.9000000e+02   1.5748241e+01
   8.0000000e+02   1.5805191e+01
   8.1000000e+02   1.5792218e+01
   8.2000000e+02   1.5794746e+01
   8.3000000e+02   1.5766103e+01
   8.4000000e+02   1.5781772e+01
   8.5000000e+02   1.5733621e+01
   8.6000000e+02   1.5815025e+01
   8.7000000e+02   1.5757729e+01
   8.8000000e+02   1.5799081e+01
   8.9000000e+02   1.5802090e+01
   9.0000000e+02   1.5769079e+01
   9.1000000e+02   1.5858591e+01
   9.2000000e+02   1.5867411e+01
   9.3000000e+02   1.5865379e+01
   9.4000000e+02   1.5870251e+01
   9.5000000e+02   1.5894849e+01
   9.6000000e+02   1.5950428e+01
   9.7000000e+02   1.5942977e+01
   9.8000000e+02   1.5885009e+01
   9.9000000e+02   1.5903022e+01
   1.0000000e+03   1.5912189e+01
   1.0100000e+03   1.5938804e+01
   1.0200000e+03   1.5934387e+01
   1.0300000e+03   1.5937793e+01
   1.0400000e+03   1.5885605e+01
   1.0500000e+03   1.5799491e+01
   1.0600000e+03   1.5813356e+01
   1.0700000e+03   1.5749104e+01
   1.0800000e+03   1.5806896e+01
   1.0900000e+03   1.5649006e+01
   1.1000000e+03   1.5715312e+01
   1.1100000e+03   1.5818981e+01
   1.1200000e+03   1.5850030e+01
   1.1300000e+03   1.5837167e+01
   1.1400000e+03   1.5816253e+01
   1.1500000e+03   1.5859661e+01
   1.1600000e+03   1.5861828e+01
   1.1700000e+03   1.5828291e+01
   1.1800000e+03   1.5835188e+01
   1.1900000e+03   1.5855562e+01
   1.2000000e+03   1.5849932e+01
   1.2100000e+03   1.5920184e+01
   1.2200000e+03   1.5885062e+01
   1.2300000e+03   1.5912982e+01
   1.2400000e+03   1.5878715e+01
   1.2500000e+03   1.5878876e+01
   1.2600000e+03   1.5907797e+01
   1.2700000e+03   1.5932481e+01
   1.2800000e+03   1.5994046e+01
   1.2900000e+03   1.5982666e+01
   1.3000000e+03   1.5946668e+01
   1.3100000e+03   1.5923747e+01
   1.3200000e+03   1.5961594e+01
   1.3300000e+03   1.6008270e+01
   1.3400000e+03   1.5965291e+01
   1.3500000e+03   1.6031289e+01
   1.3600000e+03   1.6038026e+01
   1.3700000e+03   1.5965315e+01
   1.3800000e+03   1.6066180e+01
   1.3900000e+03   1.6008080e+01
   1.4000000e+03   1.5983259e+01
   1.4100000e+03   1.6049412e+01
   1.4200000e+03   1.6021259e+01
   1.4300000e+03   1.6088193e+01
   1.4400000e+03   1.6052292e+01
   1.4500000e+03   1.6047529e+01
   1.4600000e+03   1.6104018e+01
   1.4700000e+03   1.6117195e+01
   1.4800000e+03   1.6069891e+01
   1.4900000e+03   1.6076583e+01
   1.5000000e+03   1.6069392e+01
   1.5100000e+03   1.6134074e+01
   1.5200000e+03   1.6076917e+01
   1.5300000e+03   1.6069461e+01
   1.5400000e+03   1.6093766e+01
   1.5500000e+03   1.6104718e+01
   1.5600000e+03   1.6101254e+01
   1.5700000e+03   1.6126208e+01
   1.5800000e+03   1.6148418e+01
   1.5900000e+03   1.6120136e+01
   1.6000000e+03   1.6189482e+01
   1.6100000e+03   1.6135757e+01
   1.6200000e+03   1.6191557e+01
   1.6300000e+03   1.6172611e+01
   1.6400000e+03   1.6174200e+01
   1.6500000e+03   1.6242699e+01
   1.6600000e+03   1.6229094e+01
   1.6700000e+03   1.6202655e+01
   1.6800000e+03   1.6225151e+01
   1.6900000e+03   1.6228387e+01
   1.7000000e+03   1.6265320e+01
   1.7100000e+03   1.6221280e+01
   1.7200000e+03   1.6264888e+01
   1.7300000e+03   1.6263231e+01
   1.7400000e+03   1.6267912e+01
   1.7500000e+03   1.6291276e+01
   1.7600000e+03   1.6302729e+01
   1.7700000e+03   1.6255636e+01
   1.7800000e+03   1.6309348e+01
   1.7900000e+03   1.6307605e+01
   1.8000000e+03   1.6283934e+01
   1.8100000e+03   1.6298888e+01
   1.8200000e+03   1.6357471e+01
   1.8300000e+03   1.6343050e+01
   1.8400000e+03   1.6349885e+01
   1.8500000e+03   1.6343524e+01
   1.8600000e+03   1.6357873e+01
   1.8700000e+03   1.6363297e+01
   1.8800000e+03   1.6391599e+01
   1.8900000e+03   1.6345665e+01
   1.9000000e+03   1.6342912e+01
   1.9100000e+03   1.6380743e+01
   1.9200000e+03   1.6398184e+01
   1.9300000e+03   1.6371184e+01
   1.9400000e+03   1.6392790e+01
   1.9500000e+03   1.6410988e+01
   1.9600000e+03   1.6408515e+01
   1.9700000e+03   1.6441052e+01
   1.9800000e+03   1.6426238e+01
   1.9900000e+03   1.6482998e+01
   2.0000000e+03   1.6452079e+01
   2.0100000e+03   1.6486478e+01
   2.0200000e+03   1.6476427e+01
   2.0300000e+03   1.6515442e+01
   2.0400000e+03   1.6519484e+01
   2.0500000e+03   1.6526846e+01
   2.0600000e+03   1.6544191e+01
   2.0700000e+03   1.6531059e+01
   2.0800000e+03   1.6545637e+01
   2.0900000e+03   1.6541202e+01
   2.1000000e+03   1.6558558e+01
   2.1100000e+03   1.6554965e+01
   2.1200000e+03   1.6552622e+01
   2.1300000e+03   1.6532144e+01
   2.1400000e+03   1.6521153e+01
   2.1500000e+03   1.6528276e+01
   2.1600000e+03   1.6538897e+01
   2.1700000e+03   1.6543385e+01
   2.1800000e+03   1.6554285e+01
   2.1900000e+03   1.6552050e+01
   2.2000000e+03   1.6561601e+01
   2.2100000e+03   1.6531114e+01
   2.2200000e+03   1.6532835e+01
   2.2300000e+03   1.6533280e+01
   2.2400000e+03   1.6546965e+01
   2.2500000e+03   1.6533603e+01
   2.2600000e+03   1.6538485e+01
   2.2700000e+03   1.6555177e+01
   2.2800000e+03   1.6534036e+01
   2.2900000e+03   1.6542525e+01
   2.3000000e+03   1.6571136e+01
   2.3100000e+03   1.6581334e+01
   2.3200000e+03   1.6571066e+01
   2.3300000e+03   1.6554649e+01
   2.3400000e+03   1.6565859e+01
   2.3500000e+03   1.6570214e+01
   2.3600000e+03   1.6586596e+01
   2.3700000e+03   1.6597492e+01
   2.3800000e+03   1.6607860e+01
   2.3900000e+03   1.6606035e+01
   2.4000000e+03   1.6617282e+01
   2.4100000e+03   1.6625618e+01
   2.4200000e+03   1.6639535e+01
   2.4300000e+03   1.6648785e+01
   2.4400000e+03   1.6645574e+01
   2.4500000e+03   1.6656913e+01
   2.4600000e+03   1.6639175e+01
   2.4700000e+03   1.6644634e+01
   2.4800000e+03   1.6640786e+01
   2.4900000e+03   1.6640715e+01
   2.5000000e+03   1.6649506e+01
   2.5100000e+03   1.6655472e+01
   2.5200000e+03   1.6660620e+01
   2.5300000e+03   1.6663545e+01
   2.5400000e+03   1.6637742e+01
   2.5500000e+03   1.6638998e+01
   2.5600000e+03   1.6625102e+01
   2.5700000e+03   1.6632935e+01
   2.5800000e+03   1.6619061e+01
   2.5900000e+03   1.6618512e+01
   2.6000000e+03   1.6614958e+01
   2.6100000e+03   1.6625701e+01
   2.6200000e+03   1.6644488e+01
   2.6300000e+03   1.6664094e+01
   2.6400000e+03   1.6707096e+01
   2.6500000e+03   1.6688758e+01
   2.6600000e+03   1.6687903e+01
   2.6700000e+03   1.6683535e+01
   2.6800000e+03   1.6685254e+01
   2.6900000e+03   1.6683857e+01
   2.7000000e+03   1.6696217e+01
   2.7100000e+03   1.6704753e+01
   2.7200000e+03   1.6703139e+01
   2.7300000e+03   1.6711784e+01
   2.7400000e+03   1.6716703e+01
   2.7500000e+03   1.6696393e+01
   2.7600000e+03   1.6701649e+01
   2.7700000e+03   1.6694641e+01
   2.7800000e+03   1.6690217e+01
   2.7900000e+03   1.6715375e+01
   2.8000000e+03   1.6718107e+01
   2.8100000e+03   1.6704161e+01
   2.8200000e+03   1.6733730e+01
   2.8300000e+03   1.6740994e+01
   2.8400000e+03   1.6754571e+01
   2.8500000e+03   1.6758409e+01
   2.8600000e+03   1.6769160e+01
   2.8700000e+03   1.6757210e+01
   2.8800000e+03   1.6771123e+01
   2.8900000e+03   1.6785937e+01
   2.9000000e+03   1.6785914e+01
   2.9100000e+03   1.6777631e+01
   2.9200000e+03   1.6785389e+01
   2.9300000e+03   1.6803557e+01
   2.9400000e+03   1.6802669e+01
   2.9500000e+03   1.6795529e+01
   2.9600000e+03   1.6788892e+01
   2.9700000e+03   1.6784588e+01
   2.9800000e+03   1.6784864e+01
   2.9900000e+03   1.6782808e+01
   3.0000000e+03   1.6800893e+01
   3.0100000e+03   1.6791070e+01
   3.0200000e+03   1.6815048e+01
   3.0300000e+03   1.6810901e+01
   3.0400000e+03   1.6834780e+01
   3.0500000e+03   1.6810600e+01
   3.0600000e+03   1.6825400e+01
   3.0700000e+03   1.6829597e+01
   3.0800000e+03   1.6837566e+01
   3.0900000e+03   1.6857116e+01
   3.1000000e+03   1.6821408e+01
   3.1100000e+03   1.6837710e+01
   3.1200000e+03   1.6834429e+01
   3.1300000e+03   1.6822886e+01
   3.1400000e+03   1.6828270e+01
   3.1500000e+03   1.6809226e+01
   3.1600000e+03   1.6827730e+01
   3.1700000e+03   1.6843914e+01
   3.1800000e+03   1.6833843e+01
   3.1900000e+03   1.6844894e+01
   3.2000000e+03   1.6809466e+01
   3.2100000e+03   1.6860724e+01
   3.2200000e+03   1.6850954e+01
   3.2300000e+03   1.6846616e+01
   3.2400000e+03   1.6831805e+01
   3.2500000e+03   1.6850719e+01
   3.2600000e+03   1.6848461e+01
   3.2700000e+03   1.6849244e+01
   3.2800000e+03   1.6856064e+01
   3.2900000e+03   1.6860096e+01
   3.3000000e+03   1.6857754e+01
   3.3100000e+03   1.6866571e+01
   3.3200000e+03   1.6854552e+01
   3.3300000e+03   1.6855602e+01
   3.3400000e+03   1.6841346e+01
   3.3500000e+03   1.6857326e+01
   3.3600000e+03   1.6872294e+01
   3.3700000e+03   1.6846712e+01
   3.3800000e+03   1.6891965e+01
   3.3900000e+03   1.6863640e+01
   3.4000000e+03   1.6876179e+01
   3.4100000e+03   1.6883043e+01
   3.4200000e+03   1.6887647e+01
   3.4300000e+03   1.6908254e+01
   3.4400000e+03   1.6884617e+01
   3.4500000e+03   1.6864241e+01
   3.4600000e+03   1.6871107e+01
   3.4700000e+03   1.6883383e+01
   3.4800000e+03   1.6884960e+01
   3.4900000e+03   1.6891800e+01
