   0.0000000e+00   1.7470830e+01
   1.0000000e+01   1.7462985e+01
   2.0000000e+01   1.7459791e+01
   3.0000000e+01   1.7456469e+01
   4.0000000e+01   1.7465605e+01
   5.0000000e+01   1.7469578e+01
   6.0000000e+01   1.7462055e+01
   7.0000000e+01   1.7459578e+01
   8.0000000e+01   1.7455847e+01
   9.0000000e+01   1.7471824e+01
   1.0000000e+02   1.7457241e+01
   1.1000000e+02   1.7464499e+01
   1.2000000e+02   1.7474422e+01
   1.3000000e+02   1.7468107e+01
   1.4000000e+02   1.7485388e+01
   1.5000000e+02   1.7509085e+01
   1.6000000e+02   1.7520243e+01
   1.7000000e+02   1.7527358e+01
   1.8000000e+02   1.7558384e+01
   1.9000000e+02   1.7574673e+01
   2.0000000e+02   1.7597543e+01
   2.1000000e+02   1.7630795e+01
   2.2000000e+02   1.7662862e+01
   2.3000000e+02   1.7689502e+01
   2.4000000e+02   1.7723344e+01
   2.5000000e+02   1.7745071e+01
   2.6000000e+02   1.7774217e+01
   2.7000000e+02   1.7795508e+01
   2.8000000e+02   1.7824101e+01
   2.9000000e+02   1.7860365e+01
   3.0000000e+02   1.7898868e+01
   3.1000000e+02   1.7935962e+01
   3.2000000e+02   1.7951634e+01
   3.3000000e+02   1.7986846e+01
   3.4000000e+02   1.8010698e+01
   3.5000000e+02   1.8039874e+01
   3.6000000e+02   1.8060808e+01
   3.7000000e+02   1.8095091e+01
   3.8000000e+02   1.8134587e+01
   3.9000000e+02   1.8158414e+01
   4.0000000e+02   1.8195761e+01
   4.1000000e+02   1.8230198e+01
   4.2000000e+02   1.8263292e+01
   4.3000000e+02   1.8285843e+01
   4.4000000e+02   1.8309495e+01
   4.5000000e+02   1.8336926e+01
   4.6000000e+02   1.8348423e+01
   4.7000000e+02   1.8385417e+01
   4.8000000e+02   1.8394047e+01
   4.9000000e+02   1.8413103e+01
   5.0000000e+02   1.8431587e+01
   5.1000000e+02   1.8458115e+01
   5.2000000e+02   1.8477427e+01
   5.3000000e+02   1.8511554e+01
   5.4000000e+02   1.8529622e+01
   5.5000000e+02   1.8554312e+01
   5.6000000e+02   1.8575054e+01
   5.7000000e+02   1.8598973e+01
   5.8000000e+02   1.8631970e+01
   5.9000000e+02   1.8631803e+01
   6.0000000e+02   1.8643450e+01
   6.1000000e+02   1.8676836e+01
   6.2000000e+02   1.8674219e+01
   6.3000000e+02   1.8702025e+01
   6.4000000e+02   1.8741949e+01
   6.5000000e+02   1.8754237e+01
   6.6000000e+02   1.8789323e+01
   6.7000000e+02   1.8830271e+01
   6.8000000e+02   1.8864279e+01
   6.9000000e+02   1.8907592e+01
   7.0000000e+02   1.8922574e+01
   7.1000000e+02   1.8960728e+01
   7.2000000e+02   1.8993273e+01
   7.3000000e+02   1.9004479e+01
   7.4000000e+02   1.9008584e+01
   7.5000000e+02   1.9022975e+01
   7.6000000e+02   1.9035394e+01
   7.7000000e+02   1.9052277e+01
   7.8000000e+02   1.9059295e+01
   7.9000000e+02   1.9065243e+01
   8.0000000e+02   1.9084679e+01
   8.1000000e+02   1.9099707e+01
   8.2000000e+02   1.9104449e+01
   8.3000000e+02   1.9120805e+01
   8.4000000e+02   1.9131733e+01
   8.5000000e+02   1.9144324e+01
   8.6000000e+02   1.9144753e+01
   8.7000000e+02   1.9150747e+01
   8.8000000e+02   1.9149959e+01
   8.9000000e+02   1.9162815e+01
   9.0000000e+02   1.9165897e+01
   9.1000000e+02   1.9180805e+01
   9.2000000e+02   1.9186217e+01
   9.3000000e+02   1.9191889e+01
   9.4000000e+02   1.9193951e+01
   9.5000000e+02   1.9214741e+01
   9.6000000e+02   1.9233677e+01
   9.7000000e+02   1.9230261e+01
   9.8000000e+02   1.9231874e+01
   9.9000000e+02   1.9252237e+01
   1.0000000e+03   1.9244380e+01
   1.0100000e+03   1.9261337e+01
   1.0200000e+03   1.9277159e+01
   1.0300000e+03   1.9291263e+01
   1.0400000e+03   1.9312942e+01
   1.0500000e+03   1.9325221e+01
   1.0600000e+03   1.9331341e+01
   1.0700000e+03   1.9345048e+01
   1.0800000e+03   1.9331264e+01
   1.0900000e+03   1.9329632e+01
   1.1000000e+03   1.9346587e+01
   1.1100000e+03   1.9356305e+01
   1.1200000e+03   1.9354345e+01
   1.1300000e+03   1.9354877e+01
   1.1400000e+03   1.9373841e+01
   1.1500000e+03   1.9384120e+01
   1.1600000e+03   1.9372061e+01
   1.1700000e+03   1.9388602e+01
   1.1800000e+03   1.9402769e+01
   1.1900000e+03   1.9410316e+01
   1.2000000e+03   1.9407173e+01
   1.2100000e+03   1.9430528e+01
   1.2200000e+03   1.9433415e+01
   1.2300000e+03   1.9441605e+01
   1.2400000e+03   1.9455323e+01
   1.2500000e+03   1.9454588e+01
   1.2600000e+03   1.9469765e+01
   1.2700000e+03   1.9469817e+01
   1.2800000e+03   1.9479286e+01
   1.2900000e+03   1.9487059e+01
   1.3000000e+03   1.9500783e+01
   1.3100000e+03   1.9497309e+01
   1.3200000e+03   1.9509695e+01
   1.3300000e+03   1.9502820e+01
   1.3400000e+03   1.9506920e+01
   1.3500000e+03   1.9516951e+01
   1.3600000e+03   1.9530994e+01
   1.3700000e+03   1.9560026e+01
   1.3800000e+03   1.9558568e+01
   1.3900000e+03   1.9569235e+01
   1.4000000e+03   1.9576021e+01
   1.4100000e+03   1.9582699e+01
   1.4200000e+03   1.9586836e+01
   1.4300000e+03   1.9599002e+01
   1.4400000e+03   1.9599259e+01
   1.4500000e+03   1.9614647e+01
   1.4600000e+03   1.9632334e+01
   1.4700000e+03   1.9636833e+01
   1.4800000e+03   1.9629695e+01
   1.4900000e+03   1.9640912e+01
   1.5000000e+03   1.9648667e+01
   1.5100000e+03   1.9662606e+01
   1.5200000e+03   1.9663836e+01
   1.5300000e+03   1.9666703e+01
   1.5400000e+03   1.9660984e+01
   1.5500000e+03   1.9667500e+01
   1.5600000e+03   1.9668653e+01
   1.5700000e+03   1.9683015e+01
   1.5800000e+03   1.9686769e+01
   1.5900000e+03   1.9700757e+01
   1.6000000e+03   1.9699413e+01
   1.6100000e+03   1.9710521e+01
   1.6200000e+03   1.9707713e+01
   1.6300000e+03   1.9706013e+01
   1.6400000e+03   1.9719439e+01
   1.6500000e+03   1.9722594e+01
   1.6600000e+03   1.9741750e+01
   1.6700000e+03   1.9740428e+01
   1.6800000e+03   1.9740864e+01
   1.6900000e+03   1.9732887e+01
   1.7000000e+03   1.9745224e+01
   1.7100000e+03   1.9752735e+01
   1.7200000e+03   1.9750631e+01
   1.7300000e+03   1.9759264e+01
   1.7400000e+03   1.9771141e+01
   1.7500000e+03   1.9767585e+01
   1.7600000e+03   1.9779082e+01
   1.7700000e+03   1.9784029e+01
   1.7800000e+03   1.9790072e+01
   1.7900000e+03   1.9798702e+01
   1.8000000e+03   1.9802091e+01
   1.8100000e+03   1.9800646e+01
   1.8200000e+03   1.9817839e+01
   1.8300000e+03   1.9813193e+01
   1.8400000e+03   1.9822935e+01
   1.8500000e+03   1.9821406e+01
   1.8600000e+03   1.9830183e+01
   1.8700000e+03   1.9838964e+01
   1.8800000e+03   1.9843741e+01
   1.8900000e+03   1.9861669e+01
   1.9000000e+03   1.9856996e+01
   1.9100000e+03   1.9873052e+01
   1.9200000e+03   1.9873534e+01
   1.9300000e+03   1.9871162e+01
   1.9400000e+03   1.9861239e+01
   1.9500000e+03   1.9882484e+01
   1.9600000e+03   1.9885388e+01
   1.9700000e+03   1.9900390e+01
   1.9800000e+03   1.9896591e+01
   1.9900000e+03   1.9892559e+01
   2.0000000e+03   1.9902794e+01
   2.0100000e+03   1.9909248e+01
   2.0200000e+03   1.9907079e+01
   2.0300000e+03   1.9910265e+01
   2.0400000e+03   1.9915473e+01
   2.0500000e+03   1.9903450e+01
   2.0600000e+03   1.9924139e+01
   2.0700000e+03   1.9927043e+01
   2.0800000e+03   1.9942171e+01
   2.0900000e+03   1.9950315e+01
   2.1000000e+03   1.9950556e+01
   2.1100000e+03   1.9950350e+01
   2.1200000e+03   1.9961419e+01
   2.1300000e+03   1.9959980e+01
   2.1400000e+03   1.9965149e+01
   2.1500000e+03   1.9972854e+01
   2.1600000e+03   1.9964279e+01
   2.1700000e+03   1.9971984e+01
   2.1800000e+03   2.0007756e+01
   2.1900000e+03   2.0021886e+01
   2.2000000e+03   2.0013855e+01
   2.2100000e+03   2.0015462e+01
   2.2200000e+03   2.0004530e+01
   2.2300000e+03   2.0010523e+01
   2.2400000e+03   2.0004673e+01
   2.2500000e+03   2.0011923e+01
   2.2600000e+03   2.0010802e+01
   2.2700000e+03   2.0029831e+01
   2.2800000e+03   2.0023947e+01
   2.2900000e+03   2.0022088e+01
   2.3000000e+03   2.0017396e+01
   2.3100000e+03   2.0037024e+01
   2.3200000e+03   2.0051079e+01
   2.3300000e+03   2.0083895e+01
   2.3400000e+03   2.0112732e+01
   2.3500000e+03   2.0135891e+01
   2.3600000e+03   2.0155107e+01
   2.3700000e+03   2.0189436e+01
   2.3800000e+03   2.0196071e+01
   2.3900000e+03   2.0199297e+01
   2.4000000e+03   2.0205425e+01
   2.4100000e+03   2.0198397e+01
   2.4200000e+03   2.0200530e+01
   2.4300000e+03   2.0214562e+01
   2.4400000e+03   2.0194613e+01
   2.4500000e+03   2.0202642e+01
   2.4600000e+03   2.0193314e+01
   2.4700000e+03   2.0175795e+01
   2.4800000e+03   2.0168678e+01
   2.4900000e+03   2.0154999e+01
   2.5000000e+03   2.0169166e+01
   2.5100000e+03   2.0167619e+01
   2.5200000e+03   2.0167270e+01
   2.5300000e+03   2.0168080e+01
   2.5400000e+03   2.0177148e+01
   2.5500000e+03   2.0164547e+01
   2.5600000e+03   2.0178332e+01
   2.5700000e+03   2.0160530e+01
   2.5800000e+03   2.0144578e+01
   2.5900000e+03   2.0157134e+01
   2.6000000e+03   2.0144332e+01
   2.6100000e+03   2.0137732e+01
   2.6200000e+03   2.0144886e+01
   2.6300000e+03   2.0130459e+01
   2.6400000e+03   2.0128004e+01
   2.6500000e+03   2.0145740e+01
   2.6600000e+03   2.0137920e+01
   2.6700000e+03   2.0140200e+01
   2.6800000e+03   2.0145399e+01
   2.6900000e+03   2.0150286e+01
   2.7000000e+03   2.0149397e+01
   2.7100000e+03   2.0139996e+01
   2.7200000e+03   2.0137955e+01
   2.7300000e+03   2.0135219e+01
   2.7400000e+03   2.0137802e+01
   2.7500000e+03   2.0123007e+01
   2.7600000e+03   2.0119267e+01
   2.7700000e+03   2.0119444e+01
   2.7800000e+03   2.0119141e+01
   2.7900000e+03   2.0115586e+01
   2.8000000e+03   2.0124980e+01
   2.8100000e+03   2.0136702e+01
   2.8200000e+03   2.0114630e+01
   2.8300000e+03   2.0128552e+01
   2.8400000e+03   2.0133485e+01
   2.8500000e+03   2.0130098e+01
   2.8600000e+03   2.0133027e+01
   2.8700000e+03   2.0147842e+01
   2.8800000e+03   2.0155950e+01
   2.8900000e+03   2.0181445e+01
   2.9000000e+03   2.0170704e+01
   2.9100000e+03   2.0178355e+01
   2.9200000e+03   2.0178698e+01
   2.9300000e+03   2.0187544e+01
   2.9400000e+03   2.0186145e+01
   2.9500000e+03   2.0188295e+01
   2.9600000e+03   2.0178499e+01
   2.9700000e+03   2.0182845e+01
   2.9800000e+03   2.0167551e+01
   2.9900000e+03   2.0187000e+01
   3.0000000e+03   2.0179727e+01
   3.0100000e+03   2.0185392e+01
   3.0200000e+03   2.0179848e+01
   3.0300000e+03   2.0187342e+01
   3.0400000e+03   2.0178642e+01
   3.0500000e+03   2.0188684e+01
   3.0600000e+03   2.0176401e+01
   3.0700000e+03   2.0180494e+01
   3.0800000e+03   2.0179173e+01
   3.0900000e+03   2.0171147e+01
   3.1000000e+03   2.0177457e+01
   3.1100000e+03   2.0174138e+01
   3.1200000e+03   2.0181474e+01
   3.1300000e+03   2.0184381e+01
   3.1400000e+03   2.0175391e+01
   3.1500000e+03   2.0166963e+01
   3.1600000e+03   2.0169278e+01
   3.1700000e+03   2.0170372e+01
   3.1800000e+03   2.0165435e+01
   3.1900000e+03   2.0165553e+01
   3.2000000e+03   2.0177034e+01
   3.2100000e+03   2.0182227e+01
   3.2200000e+03   2.0187065e+01
   3.2300000e+03   2.0183869e+01
   3.2400000e+03   2.0193232e+01
   3.2500000e+03   2.0184060e+01
   3.2600000e+03   2.0182582e+01
   3.2700000e+03   2.0189108e+01
   3.2800000e+03   2.0178592e+01
   3.2900000e+03   2.0171480e+01
   3.3000000e+03   2.0184654e+01
   3.3100000e+03   2.0167362e+01
   3.3200000e+03   2.0178491e+01
   3.3300000e+03   2.0181302e+01
   3.3400000e+03   2.0190170e+01
   3.3500000e+03   2.0185921e+01
   3.3600000e+03   2.0195519e+01
   3.3700000e+03   2.0182637e+01
   3.3800000e+03   2.0183466e+01
   3.3900000e+03   2.0190691e+01
   3.4000000e+03   2.0184713e+01
   3.4100000e+03   2.0181869e+01
   3.4200000e+03   2.0187158e+01
   3.4300000e+03   2.0201428e+01
   3.4400000e+03   2.0187089e+01
   3.4500000e+03   2.0205337e+01
   3.4600000e+03   2.0218162e+01
   3.4700000e+03   2.0204527e+01
   3.4800000e+03   2.0224690e+01
   3.4900000e+03   2.0215589e+01
