   0.0000000e+00   1.7387814e+01
   1.0000000e+01   1.7390616e+01
   2.0000000e+01   1.7383831e+01
   3.0000000e+01   1.7390640e+01
   4.0000000e+01   1.7410986e+01
   5.0000000e+01   1.7440236e+01
   6.0000000e+01   1.7476841e+01
   7.0000000e+01   1.7512198e+01
   8.0000000e+01   1.7571526e+01
   9.0000000e+01   1.7631927e+01
   1.0000000e+02   1.7710905e+01
   1.1000000e+02   1.7762321e+01
   1.2000000e+02   1.7818975e+01
   1.3000000e+02   1.7868272e+01
   1.4000000e+02   1.7917216e+01
   1.5000000e+02   1.7978896e+01
   1.6000000e+02   1.8038864e+01
   1.7000000e+02   1.8100025e+01
   1.8000000e+02   1.8171845e+01
   1.9000000e+02   1.8236590e+01
   2.0000000e+02   1.8278010e+01
   2.1000000e+02   1.8343335e+01
   2.2000000e+02   1.8406276e+01
   2.3000000e+02   1.8467236e+01
   2.4000000e+02   1.8521810e+01
   2.5000000e+02   1.8589371e+01
   2.6000000e+02   1.8647932e+01
   2.7000000e+02   1.8707490e+01
   2.8000000e+02   1.8751191e+01
   2.9000000e+02   1.8802348e+01
   3.0000000e+02   1.8867172e+01
   3.1000000e+02   1.8912877e+01
   3.2000000e+02   1.8974946e+01
   3.3000000e+02   1.9002424e+01
   3.4000000e+02   1.9049612e+01
   3.5000000e+02   1.9089549e+01
   3.6000000e+02   1.9149691e+01
   3.7000000e+02   1.9194920e+01
   3.8000000e+02   1.9227738e+01
   3.9000000e+02   1.9284567e+01
   4.0000000e+02   1.9312004e+01
   4.1000000e+02   1.9355740e+01
   4.2000000e+02   1.9399085e+01
   4.3000000e+02   1.9435462e+01
   4.4000000e+02   1.9461044e+01
   4.5000000e+02   1.9483746e+01
   4.6000000e+02   1.9519171e+01
   4.7000000e+02   1.9550545e+01
   4.8000000e+02   1.9581881e+01
   4.9000000e+02   1.9625096e+01
   5.0000000e+02   1.9653197e+01
   5.1000000e+02   1.9687104e+01
   5.2000000e+02   1.9718778e+01
   5.3000000e+02   1.9758928e+01
   5.4000000e+02   1.9792552e+01
   5.5000000e+02   1.9819540e+01
   5.6000000e+02   1.9861052e+01
   5.7000000e+02   1.9875550e+01
   5.8000000e+02   1.9905815e+01
   5.9000000e+02   1.9926481e+01
   6.0000000e+02   1.9938210e+01
   6.1000000e+02   1.9957000e+01
   6.2000000e+02   1.9983495e+01
   6.3000000e+02   1.9993382e+01
   6.4000000e+02   2.0015244e+01
   6.5000000e+02   2.0028365e+01
   6.6000000e+02   2.0054835e+01
   6.7000000e+02   2.0071101e+01
   6.8000000e+02   2.0074160e+01
   6.9000000e+02   2.0087583e+01
   7.0000000e+02   2.0112395e+01
   7.1000000e+02   2.0120635e+01
   7.2000000e+02   2.0136351e+01
   7.3000000e+02   2.0137825e+01
   7.4000000e+02   2.0159198e+01
   7.5000000e+02   2.0175720e+01
   7.6000000e+02   2.0185425e+01
   7.7000000e+02   2.0209982e+01
   7.8000000e+02   2.0226659e+01
   7.9000000e+02   2.0243996e+01
   8.0000000e+02   2.0258139e+01
   8.1000000e+02   2.0267465e+01
   8.2000000e+02   2.0273501e+01
   8.3000000e+02   2.0308415e+01
   8.4000000e+02   2.0316411e+01
   8.5000000e+02   2.0331332e+01
   8.6000000e+02   2.0340135e+01
   8.7000000e+02   2.0350424e+01
   8.8000000e+02   2.0357336e+01
   8.9000000e+02   2.0367795e+01
   9.0000000e+02   2.0378363e+01
   9.1000000e+02   2.0393296e+01
   9.2000000e+02   2.0396904e+01
   9.3000000e+02   2.0400403e+01
   9.4000000e+02   2.0408350e+01
   9.5000000e+02   2.0423539e+01
   9.6000000e+02   2.0445795e+01
   9.7000000e+02   2.0436162e+01
   9.8000000e+02   2.0449700e+01
   9.9000000e+02   2.0465166e+01
   1.0000000e+03   2.0470052e+01
   1.0100000e+03   2.0477326e+01
   1.0200000e+03   2.0498558e+01
   1.0300000e+03   2.0508723e+01
   1.0400000e+03   2.0540389e+01
   1.0500000e+03   2.0549506e+01
   1.0600000e+03   2.0565632e+01
   1.0700000e+03   2.0587864e+01
   1.0800000e+03   2.0575068e+01
   1.0900000e+03   2.0602515e+01
   1.1000000e+03   2.0608524e+01
   1.1100000e+03   2.0607915e+01
   1.1200000e+03   2.0598837e+01
   1.1300000e+03   2.0629111e+01
   1.1400000e+03   2.0636644e+01
   1.1500000e+03   2.0646103e+01
   1.1600000e+03   2.0648297e+01
   1.1700000e+03   2.0655781e+01
   1.1800000e+03   2.0666470e+01
   1.1900000e+03   2.0672978e+01
   1.2000000e+03   2.0677002e+01
   1.2100000e+03   2.0672664e+01
   1.2200000e+03   2.0679698e+01
   1.2300000e+03   2.0694313e+01
   1.2400000e+03   2.0696425e+01
   1.2500000e+03   2.0689642e+01
   1.2600000e+03   2.0707817e+01
   1.2700000e+03   2.0719385e+01
   1.2800000e+03   2.0718294e+01
   1.2900000e+03   2.0722977e+01
   1.3000000e+03   2.0720092e+01
   1.3100000e+03   2.0748049e+01
   1.3200000e+03   2.0770170e+01
   1.3300000e+03   2.0771365e+01
   1.3400000e+03   2.0785490e+01
   1.3500000e+03   2.0790511e+01
   1.3600000e+03   2.0798723e+01
   1.3700000e+03   2.0816769e+01
   1.3800000e+03   2.0800844e+01
   1.3900000e+03   2.0803586e+01
   1.4000000e+03   2.0809705e+01
   1.4100000e+03   2.0808171e+01
   1.4200000e+03   2.0818785e+01
   1.4300000e+03   2.0832630e+01
   1.4400000e+03   2.0825673e+01
   1.4500000e+03   2.0829647e+01
   1.4600000e+03   2.0843795e+01
   1.4700000e+03   2.0858529e+01
   1.4800000e+03   2.0845348e+01
   1.4900000e+03   2.0865553e+01
   1.5000000e+03   2.0870309e+01
   1.5100000e+03   2.0882800e+01
   1.5200000e+03   2.0879781e+01
   1.5300000e+03   2.0882648e+01
   1.5400000e+03   2.0887353e+01
   1.5500000e+03   2.0898676e+01
   1.5600000e+03   2.0912762e+01
   1.5700000e+03   2.0901689e+01
   1.5800000e+03   2.0908672e+01
   1.5900000e+03   2.0921235e+01
   1.6000000e+03   2.0932666e+01
   1.6100000e+03   2.0926406e+01
   1.6200000e+03   2.0948194e+01
   1.6300000e+03   2.0957479e+01
   1.6400000e+03   2.0961867e+01
   1.6500000e+03   2.0958554e+01
   1.6600000e+03   2.0965377e+01
   1.6700000e+03   2.0960128e+01
   1.6800000e+03   2.0969717e+01
   1.6900000e+03   2.0968828e+01
   1.7000000e+03   2.0965260e+01
   1.7100000e+03   2.0948667e+01
   1.7200000e+03   2.0952323e+01
   1.7300000e+03   2.0967774e+01
   1.7400000e+03   2.0981080e+01
   1.7500000e+03   2.0978354e+01
   1.7600000e+03   2.0972825e+01
   1.7700000e+03   2.0981379e+01
   1.7800000e+03   2.0989945e+01
   1.7900000e+03   2.0977301e+01
   1.8000000e+03   2.0995456e+01
   1.8100000e+03   2.1006435e+01
   1.8200000e+03   2.1005817e+01
   1.8300000e+03   2.1013664e+01
   1.8400000e+03   2.1005541e+01
   1.8500000e+03   2.1010672e+01
   1.8600000e+03   2.1005762e+01
   1.8700000e+03   2.1003848e+01
   1.8800000e+03   2.1017237e+01
   1.8900000e+03   2.1014461e+01
   1.9000000e+03   2.1011904e+01
   1.9100000e+03   2.1012260e+01
   1.9200000e+03   2.1017426e+01
   1.9300000e+03   2.1024104e+01
   1.9400000e+03   2.1020063e+01
   1.9500000e+03   2.1028544e+01
   1.9600000e+03   2.1029048e+01
   1.9700000e+03   2.1039783e+01
   1.9800000e+03   2.1040287e+01
   1.9900000e+03   2.1050097e+01
   2.0000000e+03   2.1039379e+01
   2.0100000e+03   2.1036957e+01
   2.0200000e+03   2.1051774e+01
   2.0300000e+03   2.1054723e+01
   2.0400000e+03   2.1065530e+01
   2.0500000e+03   2.1066738e+01
   2.0600000e+03   2.1069031e+01
   2.0700000e+03   2.1069385e+01
   2.0800000e+03   2.1076052e+01
   2.0900000e+03   2.1074105e+01
   2.1000000e+03   2.1079419e+01
   2.1100000e+03   2.1095684e+01
   2.1200000e+03   2.1091691e+01
   2.1300000e+03   2.1092936e+01
   2.1400000e+03   2.1082266e+01
   2.1500000e+03   2.1086472e+01
   2.1600000e+03   2.1108341e+01
   2.1700000e+03   2.1097842e+01
   2.1800000e+03   2.1104948e+01
   2.1900000e+03   2.1122821e+01
   2.2000000e+03   2.1123007e+01
   2.2100000e+03   2.1137953e+01
   2.2200000e+03   2.1147565e+01
   2.2300000e+03   2.1147784e+01
   2.2400000e+03   2.1135724e+01
   2.2500000e+03   2.1143715e+01
   2.2600000e+03   2.1149817e+01
   2.2700000e+03   2.1147283e+01
   2.2800000e+03   2.1127720e+01
   2.2900000e+03   2.1143957e+01
   2.3000000e+03   2.1127110e+01
   2.3100000e+03   2.1146236e+01
   2.3200000e+03   2.1145093e+01
   2.3300000e+03   2.1153229e+01
   2.3400000e+03   2.1156946e+01
   2.3500000e+03   2.1147933e+01
   2.3600000e+03   2.1151797e+01
   2.3700000e+03   2.1148948e+01
   2.3800000e+03   2.1149729e+01
   2.3900000e+03   2.1163388e+01
   2.4000000e+03   2.1170615e+01
   2.4100000e+03   2.1166561e+01
   2.4200000e+03   2.1168624e+01
   2.4300000e+03   2.1176605e+01
   2.4400000e+03   2.1168492e+01
   2.4500000e+03   2.1175581e+01
   2.4600000e+03   2.1166176e+01
   2.4700000e+03   2.1166383e+01
   2.4800000e+03   2.1170123e+01
   2.4900000e+03   2.1180466e+01
   2.5000000e+03   2.1166921e+01
   2.5100000e+03   2.1167641e+01
   2.5200000e+03   2.1175170e+01
   2.5300000e+03   2.1179290e+01
   2.5400000e+03   2.1180000e+01
   2.5500000e+03   2.1191224e+01
   2.5600000e+03   2.1195200e+01
   2.5700000e+03   2.1198969e+01
   2.5800000e+03   2.1182832e+01
   2.5900000e+03   2.1202411e+01
   2.6000000e+03   2.1195802e+01
   2.6100000e+03   2.1186549e+01
   2.6200000e+03   2.1187296e+01
   2.6300000e+03   2.1195353e+01
   2.6400000e+03   2.1197487e+01
   2.6500000e+03   2.1192797e+01
   2.6600000e+03   2.1196328e+01
   2.6700000e+03   2.1211575e+01
   2.6800000e+03   2.1212854e+01
   2.6900000e+03   2.1214679e+01
   2.7000000e+03   2.1210305e+01
   2.7100000e+03   2.1219184e+01
   2.7200000e+03   2.1216160e+01
   2.7300000e+03   2.1202931e+01
   2.7400000e+03   2.1208377e+01
   2.7500000e+03   2.1215574e+01
   2.7600000e+03   2.1229693e+01
   2.7700000e+03   2.1226760e+01
   2.7800000e+03   2.1230378e+01
   2.7900000e+03   2.1245912e+01
   2.8000000e+03   2.1246597e+01
   2.8100000e+03   2.1240338e+01
   2.8200000e+03   2.1241363e+01
   2.8300000e+03   2.1234604e+01
   2.8400000e+03   2.1245813e+01
   2.8500000e+03   2.1242064e+01
   2.8600000e+03   2.1238143e+01
   2.8700000e+03   2.1237608e+01
   2.8800000e+03   2.1231337e+01
   2.8900000e+03   2.1244262e+01
   2.9000000e+03   2.1230353e+01
   2.9100000e+03   2.1233533e+01
   2.9200000e+03   2.1234450e+01
   2.9300000e+03   2.1256558e+01
   2.9400000e+03   2.1250336e+01
   2.9500000e+03   2.1246805e+01
   2.9600000e+03   2.1253272e+01
   2.9700000e+03   2.1260483e+01
   2.9800000e+03   2.1257524e+01
   2.9900000e+03   2.1259838e+01
   3.0000000e+03   2.1264042e+01
   3.0100000e+03   2.1257331e+01
   3.0200000e+03   2.1263570e+01
   3.0300000e+03   2.1268858e+01
   3.0400000e+03   2.1255558e+01
   3.0500000e+03   2.1256982e+01
   3.0600000e+03   2.1259247e+01
   3.0700000e+03   2.1267664e+01
   3.0800000e+03   2.1256529e+01
   3.0900000e+03   2.1278418e+01
   3.1000000e+03   2.1275336e+01
   3.1100000e+03   2.1261998e+01
   3.1200000e+03   2.1264691e+01
   3.1300000e+03   2.1266882e+01
   3.1400000e+03   2.1285759e+01
   3.1500000e+03   2.1277807e+01
   3.1600000e+03   2.1282667e+01
   3.1700000e+03   2.1279623e+01
   3.1800000e+03   2.1293257e+01
   3.1900000e+03   2.1308155e+01
   3.2000000e+03   2.1291935e+01
   3.2100000e+03   2.1301745e+01
   3.2200000e+03   2.1304343e+01
   3.2300000e+03   2.1303420e+01
   3.2400000e+03   2.1311788e+01
   3.2500000e+03   2.1319148e+01
   3.2600000e+03   2.1312463e+01
   3.2700000e+03   2.1314182e+01
   3.2800000e+03   2.1319703e+01
   3.2900000e+03   2.1328647e+01
   3.3000000e+03   2.1320952e+01
   3.3100000e+03   2.1334744e+01
   3.3200000e+03   2.1333213e+01
   3.3300000e+03   2.1346541e+01
   3.3400000e+03   2.1338116e+01
   3.3500000e+03   2.1339262e+01
   3.3600000e+03   2.1348410e+01
   3.3700000e+03   2.1342626e+01
   3.3800000e+03   2.1330154e+01
   3.3900000e+03   2.1333857e+01
   3.4000000e+03   2.1344477e+01
   3.4100000e+03   2.1332223e+01
   3.4200000e+03   2.1335963e+01
   3.4300000e+03   2.1339020e+01
   3.4400000e+03   2.1334744e+01
   3.4500000e+03   2.1331920e+01
   3.4600000e+03   2.1345587e+01
   3.4700000e+03   2.1331411e+01
   3.4800000e+03   2.1340182e+01
   3.4900000e+03   2.1342715e+01
