   0.0000000e+00   1.8248165e+01
   1.0000000e+01   1.8261869e+01
   2.0000000e+01   1.9504982e+01
   3.0000000e+01   2.1727060e+01
   4.0000000e+01   2.3975841e+01
   5.0000000e+01   2.6189016e+01
   6.0000000e+01   2.8063669e+01
   7.0000000e+01   2.9725524e+01
   8.0000000e+01   3.1234873e+01
   9.0000000e+01   3.2503362e+01
   1.0000000e+02   3.3661452e+01
   1.1000000e+02   3.4514354e+01
   1.2000000e+02   3.5273740e+01
   1.3000000e+02   3.5921030e+01
   1.4000000e+02   3.6471983e+01
   1.5000000e+02   3.6928893e+01
   1.6000000e+02   3.7337194e+01
   1.7000000e+02   3.7674949e+01
   1.8000000e+02   3.8003931e+01
   1.9000000e+02   3.8268694e+01
   2.0000000e+02   3.8515509e+01
   2.1000000e+02   3.8687588e+01
   2.2000000e+02   3.8850700e+01
   2.3000000e+02   3.8993180e+01
   2.4000000e+02   3.9132793e+01
   2.5000000e+02   3.9247578e+01
   2.6000000e+02   3.9363993e+01
   2.7000000e+02   3.9443373e+01
   2.8000000e+02   3.9546785e+01
   2.9000000e+02   3.9586968e+01
   3.0000000e+02   3.9691302e+01
   3.1000000e+02   3.9805764e+01
   3.2000000e+02   3.9779755e+01
   3.3000000e+02   3.9862225e+01
   3.4000000e+02   3.9964937e+01
   3.5000000e+02   3.9918361e+01
   3.6000000e+02   3.9990335e+01
   3.7000000e+02   4.0049495e+01
   3.8000000e+02   4.0155612e+01
   3.9000000e+02   3.9994838e+01
   4.0000000e+02   4.0170054e+01
   4.1000000e+02   4.0221152e+01
   4.2000000e+02   4.0326441e+01
   4.3000000e+02   4.0318696e+01
   4.4000000e+02   4.0430657e+01
   4.5000000e+02   4.0515909e+01
   4.6000000e+02   4.0376491e+01
   4.7000000e+02   4.0409774e+01
   4.8000000e+02   4.0426420e+01
   4.9000000e+02   4.0438123e+01
   5.0000000e+02   4.0545045e+01
   5.1000000e+02   4.0467357e+01
   5.2000000e+02   4.0448867e+01
   5.3000000e+02   4.0540102e+01
   5.4000000e+02   4.0406886e+01
   5.5000000e+02   4.0487712e+01
   5.6000000e+02   4.0299244e+01
   5.7000000e+02   4.0363955e+01
   5.8000000e+02   4.0603744e+01
   5.9000000e+02   4.0448728e+01
   6.0000000e+02   4.0579831e+01
   6.1000000e+02   4.0516194e+01
   6.2000000e+02   4.0477169e+01
   6.3000000e+02   4.0522341e+01
   6.4000000e+02   4.0609955e+01
   6.5000000e+02   4.0624422e+01
   6.6000000e+02   4.0494889e+01
   6.7000000e+02   4.0561099e+01
   6.8000000e+02   4.0419268e+01
   6.9000000e+02   4.0541125e+01
   7.0000000e+02   4.0342421e+01
   7.1000000e+02   4.0531048e+01
   7.2000000e+02   4.0437563e+01
   7.3000000e+02   4.0496990e+01
   7.4000000e+02   4.0633007e+01
   7.5000000e+02   4.0547371e+01
   7.6000000e+02   4.0610097e+01
   7.7000000e+02   4.0366815e+01
   7.8000000e+02   4.0362950e+01
   7.9000000e+02   4.0457734e+01
   8.0000000e+02   4.0630311e+01
   8.1000000e+02   4.0548299e+01
   8.2000000e+02   4.0525121e+01
   8.3000000e+02   4.0592586e+01
   8.4000000e+02   4.0600662e+01
   8.5000000e+02   4.0787621e+01
   8.6000000e+02   4.0649410e+01
   8.7000000e+02   4.0581758e+01
   8.8000000e+02   4.0580814e+01
   8.9000000e+02   4.0667467e+01
   9.0000000e+02   4.0671702e+01
   9.1000000e+02   4.0543816e+01
   9.2000000e+02   4.0664212e+01
   9.3000000e+02   4.0850864e+01
   9.4000000e+02   4.0873664e+01
   9.5000000e+02   4.0924482e+01
   9.6000000e+02   4.0893366e+01
   9.7000000e+02   4.0933233e+01
   9.8000000e+02   4.0736723e+01
   9.9000000e+02   4.0913969e+01
   1.0000000e+03   4.0931719e+01
   1.0100000e+03   4.0883628e+01
   1.0200000e+03   4.0959014e+01
   1.0300000e+03   4.0849437e+01
   1.0400000e+03   4.0857789e+01
   1.0500000e+03   4.0757631e+01
   1.0600000e+03   4.0858473e+01
   1.0700000e+03   4.0534078e+01
   1.0800000e+03   4.0421926e+01
   1.0900000e+03   4.0616668e+01
   1.1000000e+03   4.0556410e+01
   1.1100000e+03   4.0617424e+01
   1.1200000e+03   4.0758548e+01
   1.1300000e+03   4.0556389e+01
   1.1400000e+03   4.0725195e+01
   1.1500000e+03   4.0579211e+01
   1.1600000e+03   4.0588640e+01
   1.1700000e+03   4.0601900e+01
   1.1800000e+03   4.0596936e+01
   1.1900000e+03   4.0787688e+01
   1.2000000e+03   4.0745948e+01
   1.2100000e+03   4.0762375e+01
   1.2200000e+03   4.0844292e+01
   1.2300000e+03   4.0640641e+01
   1.2400000e+03   4.0669768e+01
   1.2500000e+03   4.0724715e+01
   1.2600000e+03   4.0773018e+01
   1.2700000e+03   4.0744823e+01
   1.2800000e+03   4.0852405e+01
   1.2900000e+03   4.0828362e+01
   1.3000000e+03   4.0863034e+01
   1.3100000e+03   4.0923208e+01
   1.3200000e+03   4.0919468e+01
   1.3300000e+03   4.0946097e+01
   1.3400000e+03   4.0954053e+01
   1.3500000e+03   4.0847612e+01
   1.3600000e+03   4.1001816e+01
   1.3700000e+03   4.0893847e+01
   1.3800000e+03   4.1091165e+01
   1.3900000e+03   4.1083177e+01
   1.4000000e+03   4.1095546e+01
   1.4100000e+03   4.0876996e+01
   1.4200000e+03   4.1028555e+01
   1.4300000e+03   4.1145771e+01
   1.4400000e+03   4.1186208e+01
   1.4500000e+03   4.1150797e+01
   1.4600000e+03   4.1206949e+01
   1.4700000e+03   4.1171192e+01
   1.4800000e+03   4.1090308e+01
   1.4900000e+03   4.1089917e+01
   1.5000000e+03   4.1155941e+01
   1.5100000e+03   4.1294084e+01
   1.5200000e+03   4.1189553e+01
   1.5300000e+03   4.1217816e+01
   1.5400000e+03   4.1087228e+01
   1.5500000e+03   4.1259906e+01
   1.5600000e+03   4.1200111e+01
   1.5700000e+03   4.1178562e+01
   1.5800000e+03   4.1140423e+01
   1.5900000e+03   4.1200248e+01
   1.6000000e+03   4.1207605e+01
   1.6100000e+03   4.1305981e+01
   1.6200000e+03   4.1309870e+01
   1.6300000e+03   4.1198558e+01
   1.6400000e+03   4.1437342e+01
   1.6500000e+03   4.1219836e+01
   1.6600000e+03   4.1422839e+01
   1.6700000e+03   4.1406101e+01
   1.6800000e+03   4.1502976e+01
   1.6900000e+03   4.1416457e+01
   1.7000000e+03   4.1284587e+01
   1.7100000e+03   4.1456874e+01
   1.7200000e+03   4.1359136e+01
   1.7300000e+03   4.1388160e+01
   1.7400000e+03   4.1412124e+01
   1.7500000e+03   4.1457839e+01
   1.7600000e+03   4.1554866e+01
   1.7700000e+03   4.1517374e+01
   1.7800000e+03   4.1549632e+01
   1.7900000e+03   4.1632402e+01
   1.8000000e+03   4.1593430e+01
   1.8100000e+03   4.1606475e+01
   1.8200000e+03   4.1719211e+01
   1.8300000e+03   4.1717826e+01
   1.8400000e+03   4.1678738e+01
   1.8500000e+03   4.1767809e+01
   1.8600000e+03   4.1648972e+01
   1.8700000e+03   4.1805857e+01
   1.8800000e+03   4.1750631e+01
   1.8900000e+03   4.1637293e+01
   1.9000000e+03   4.1502351e+01
   1.9100000e+03   4.1735526e+01
   1.9200000e+03   4.1760582e+01
   1.9300000e+03   4.1800521e+01
   1.9400000e+03   4.1924869e+01
   1.9500000e+03   4.1854159e+01
   1.9600000e+03   4.1845797e+01
   1.9700000e+03   4.2027779e+01
   1.9800000e+03   4.2034859e+01
   1.9900000e+03   4.1856457e+01
   2.0000000e+03   4.1803698e+01
   2.0100000e+03   4.1939399e+01
   2.0200000e+03   4.2024556e+01
   2.0300000e+03   4.1969091e+01
   2.0400000e+03   4.1944949e+01
   2.0500000e+03   4.2013804e+01
   2.0600000e+03   4.2101656e+01
   2.0700000e+03   4.2098598e+01
   2.0800000e+03   4.2144644e+01
   2.0900000e+03   4.2186327e+01
   2.1000000e+03   4.2157256e+01
   2.1100000e+03   4.2143241e+01
   2.1200000e+03   4.2284172e+01
   2.1300000e+03   4.2297652e+01
   2.1400000e+03   4.2075812e+01
   2.1500000e+03   4.2266566e+01
   2.1600000e+03   4.2237162e+01
   2.1700000e+03   4.2135140e+01
   2.1800000e+03   4.2144836e+01
   2.1900000e+03   4.2215041e+01
   2.2000000e+03   4.2108739e+01
   2.2100000e+03   4.2255765e+01
   2.2200000e+03   4.2191635e+01
   2.2300000e+03   4.2279711e+01
   2.2400000e+03   4.2142558e+01
   2.2500000e+03   4.2060936e+01
   2.2600000e+03   4.2147073e+01
   2.2700000e+03   4.2142544e+01
   2.2800000e+03   4.2202819e+01
   2.2900000e+03   4.2126112e+01
   2.3000000e+03   4.2267378e+01
   2.3100000e+03   4.2303391e+01
   2.3200000e+03   4.2247784e+01
   2.3300000e+03   4.2268932e+01
   2.3400000e+03   4.2256914e+01
   2.3500000e+03   4.2281673e+01
   2.3600000e+03   4.2235744e+01
   2.3700000e+03   4.2349410e+01
   2.3800000e+03   4.2275262e+01
   2.3900000e+03   4.2379237e+01
   2.4000000e+03   4.2392227e+01
   2.4100000e+03   4.2385980e+01
   2.4200000e+03   4.2333749e+01
   2.4300000e+03   4.2432605e+01
   2.4400000e+03   4.2397182e+01
   2.4500000e+03   4.2484716e+01
   2.4600000e+03   4.2426236e+01
   2.4700000e+03   4.2378315e+01
   2.4800000e+03   4.2382891e+01
   2.4900000e+03   4.2442066e+01
   2.5000000e+03   4.2325496e+01
   2.5100000e+03   4.2441519e+01
   2.5200000e+03   4.2401915e+01
   2.5300000e+03   4.2384845e+01
   2.5400000e+03   4.2447284e+01
   2.5500000e+03   4.2445127e+01
   2.5600000e+03   4.2356638e+01
   2.5700000e+03   4.2416177e+01
   2.5800000e+03   4.2383552e+01
   2.5900000e+03   4.2361441e+01
   2.6000000e+03   4.2401495e+01
   2.6100000e+03   4.2444628e+01
   2.6200000e+03   4.2408587e+01
   2.6300000e+03   4.2479139e+01
   2.6400000e+03   4.2510966e+01
   2.6500000e+03   4.2523617e+01
   2.6600000e+03   4.2522768e+01
   2.6700000e+03   4.2467130e+01
   2.6800000e+03   4.2483138e+01
   2.6900000e+03   4.2543488e+01
   2.7000000e+03   4.2542149e+01
   2.7100000e+03   4.2503192e+01
   2.7200000e+03   4.2530187e+01
   2.7300000e+03   4.2537187e+01
   2.7400000e+03   4.2574757e+01
   2.7500000e+03   4.2512816e+01
   2.7600000e+03   4.2592938e+01
   2.7700000e+03   4.2495187e+01
   2.7800000e+03   4.2566828e+01
   2.7900000e+03   4.2529178e+01
   2.8000000e+03   4.2598168e+01
   2.8100000e+03   4.2633336e+01
   2.8200000e+03   4.2627533e+01
   2.8300000e+03   4.2627032e+01
   2.8400000e+03   4.2634392e+01
   2.8500000e+03   4.2612559e+01
   2.8600000e+03   4.2668404e+01
   2.8700000e+03   4.2662659e+01
   2.8800000e+03   4.2676934e+01
   2.8900000e+03   4.2688474e+01
   2.9000000e+03   4.2666438e+01
   2.9100000e+03   4.2646181e+01
   2.9200000e+03   4.2685888e+01
   2.9300000e+03   4.2661498e+01
   2.9400000e+03   4.2703508e+01
   2.9500000e+03   4.2655564e+01
   2.9600000e+03   4.2718189e+01
   2.9700000e+03   4.2699843e+01
   2.9800000e+03   4.2675154e+01
   2.9900000e+03   4.2696260e+01
   3.0000000e+03   4.2686766e+01
   3.0100000e+03   4.2726026e+01
   3.0200000e+03   4.2735776e+01
   3.0300000e+03   4.2740053e+01
   3.0400000e+03   4.2722699e+01
   3.0500000e+03   4.2705940e+01
   3.0600000e+03   4.2724955e+01
   3.0700000e+03   4.2757945e+01
   3.0800000e+03   4.2744303e+01
   3.0900000e+03   4.2766448e+01
   3.1000000e+03   4.2710776e+01
   3.1100000e+03   4.2728106e+01
   3.1200000e+03   4.2706011e+01
   3.1300000e+03   4.2758540e+01
   3.1400000e+03   4.2646787e+01
   3.1500000e+03   4.2738616e+01
   3.1600000e+03   4.2748828e+01
   3.1700000e+03   4.2767629e+01
   3.1800000e+03   4.2792118e+01
   3.1900000e+03   4.2786757e+01
   3.2000000e+03   4.2739989e+01
   3.2100000e+03   4.2791137e+01
   3.2200000e+03   4.2767587e+01
   3.2300000e+03   4.2720388e+01
   3.2400000e+03   4.2743118e+01
   3.2500000e+03   4.2702678e+01
   3.2600000e+03   4.2768742e+01
   3.2700000e+03   4.2722772e+01
   3.2800000e+03   4.2765176e+01
   3.2900000e+03   4.2791420e+01
   3.3000000e+03   4.2743481e+01
   3.3100000e+03   4.2693009e+01
   3.3200000e+03   4.2778878e+01
   3.3300000e+03   4.2748832e+01
   3.3400000e+03   4.2734896e+01
   3.3500000e+03   4.2795476e+01
   3.3600000e+03   4.2713446e+01
   3.3700000e+03   4.2721845e+01
   3.3800000e+03   4.2748193e+01
   3.3900000e+03   4.2765667e+01
   3.4000000e+03   4.2687350e+01
   3.4100000e+03   4.2685091e+01
   3.4200000e+03   4.2640872e+01
   3.4300000e+03   4.2768007e+01
   3.4400000e+03   4.2708669e+01
   3.4500000e+03   4.2721104e+01
   3.4600000e+03   4.2745400e+01
   3.4700000e+03   4.2729909e+01
   3.4800000e+03   4.2768919e+01
   3.4900000e+03   4.2718528e+01
