   0.0000000e+00   1.7699943e+01
   1.0000000e+01   1.7682118e+01
   2.0000000e+01   1.7673354e+01
   3.0000000e+01   1.7689530e+01
   4.0000000e+01   1.7717002e+01
   5.0000000e+01   1.7710993e+01
   6.0000000e+01   1.7748036e+01
   7.0000000e+01   1.7776428e+01
   8.0000000e+01   1.7815635e+01
   9.0000000e+01   1.7859458e+01
   1.0000000e+02   1.7904755e+01
   1.1000000e+02   1.7948213e+01
   1.2000000e+02   1.7984355e+01
   1.3000000e+02   1.8039073e+01
   1.4000000e+02   1.8086280e+01
   1.5000000e+02   1.8145234e+01
   1.6000000e+02   1.8185622e+01
   1.7000000e+02   1.8213383e+01
   1.8000000e+02   1.8260865e+01
   1.9000000e+02   1.8295705e+01
   2.0000000e+02   1.8320881e+01
   2.1000000e+02   1.8360843e+01
   2.2000000e+02   1.8396834e+01
   2.3000000e+02   1.8416036e+01
   2.4000000e+02   1.8444291e+01
   2.5000000e+02   1.8455799e+01
   2.6000000e+02   1.8480985e+01
   2.7000000e+02   1.8498089e+01
   2.8000000e+02   1.8530377e+01
   2.9000000e+02   1.8542962e+01
   3.0000000e+02   1.8572630e+01
   3.1000000e+02   1.8601818e+01
   3.2000000e+02   1.8612379e+01
   3.3000000e+02   1.8635975e+01
   3.4000000e+02   1.8635230e+01
   3.5000000e+02   1.8651867e+01
   3.6000000e+02   1.8672791e+01
   3.7000000e+02   1.8700100e+01
   3.8000000e+02   1.8718935e+01
   3.9000000e+02   1.8727213e+01
   4.0000000e+02   1.8766166e+01
   4.1000000e+02   1.8782267e+01
   4.2000000e+02   1.8797721e+01
   4.3000000e+02   1.8810059e+01
   4.4000000e+02   1.8824656e+01
   4.5000000e+02   1.8833524e+01
   4.6000000e+02   1.8845480e+01
   4.7000000e+02   1.8853241e+01
   4.8000000e+02   1.8851664e+01
   4.9000000e+02   1.8872800e+01
   5.0000000e+02   1.8882234e+01
   5.1000000e+02   1.8886027e+01
   5.2000000e+02   1.8914144e+01
   5.3000000e+02   1.8941998e+01
   5.4000000e+02   1.8950785e+01
   5.5000000e+02   1.8961553e+01
   5.6000000e+02   1.8984144e+01
   5.7000000e+02   1.8989969e+01
   5.8000000e+02   1.8998146e+01
   5.9000000e+02   1.8998907e+01
   6.0000000e+02   1.9015187e+01
   6.1000000e+02   1.9028855e+01
   6.2000000e+02   1.9014414e+01
   6.3000000e+02   1.9045690e+01
   6.4000000e+02   1.9073778e+01
   6.5000000e+02   1.9094641e+01
   6.6000000e+02   1.9123690e+01
   6.7000000e+02   1.9164626e+01
   6.8000000e+02   1.9205348e+01
   6.9000000e+02   1.9221062e+01
   7.0000000e+02   1.9234649e+01
   7.1000000e+02   1.9279980e+01
   7.2000000e+02   1.9290031e+01
   7.3000000e+02   1.9296598e+01
   7.4000000e+02   1.9295602e+01
   7.5000000e+02   1.9305354e+01
   7.6000000e+02   1.9298297e+01
   7.7000000e+02   1.9305904e+01
   7.8000000e+02   1.9319875e+01
   7.9000000e+02   1.9311682e+01
   8.0000000e+02   1.9320451e+01
   8.1000000e+02   1.9334316e+01
   8.2000000e+02   1.9337203e+01
   8.3000000e+02   1.9347066e+01
   8.4000000e+02   1.9342229e+01
   8.5000000e+02   1.9348791e+01
   8.6000000e+02   1.9354552e+01
   8.7000000e+02   1.9356140e+01
   8.8000000e+02   1.9344225e+01
   8.9000000e+02   1.9353834e+01
   9.0000000e+02   1.9353439e+01
   9.1000000e+02   1.9356291e+01
   9.2000000e+02   1.9361703e+01
   9.3000000e+02   1.9368069e+01
   9.4000000e+02   1.9362481e+01
   9.5000000e+02   1.9378864e+01
   9.6000000e+02   1.9408691e+01
   9.7000000e+02   1.9389514e+01
   9.8000000e+02   1.9389737e+01
   9.9000000e+02   1.9397117e+01
   1.0000000e+03   1.9388101e+01
   1.0100000e+03   1.9400884e+01
   1.0200000e+03   1.9412996e+01
   1.0300000e+03   1.9424084e+01
   1.0400000e+03   1.9440662e+01
   1.0500000e+03   1.9454794e+01
   1.0600000e+03   1.9451642e+01
   1.0700000e+03   1.9472301e+01
   1.0800000e+03   1.9447625e+01
   1.0900000e+03   1.9449238e+01
   1.1000000e+03   1.9454371e+01
   1.1100000e+03   1.9451339e+01
   1.1200000e+03   1.9459578e+01
   1.1300000e+03   1.9451302e+01
   1.1400000e+03   1.9468411e+01
   1.1500000e+03   1.9471272e+01
   1.1600000e+03   1.9462922e+01
   1.1700000e+03   1.9476681e+01
   1.1800000e+03   1.9485284e+01
   1.1900000e+03   1.9489818e+01
   1.2000000e+03   1.9491079e+01
   1.2100000e+03   1.9498208e+01
   1.2200000e+03   1.9502022e+01
   1.2300000e+03   1.9521104e+01
   1.2400000e+03   1.9529491e+01
   1.2500000e+03   1.9523193e+01
   1.2600000e+03   1.9534661e+01
   1.2700000e+03   1.9538654e+01
   1.2800000e+03   1.9546964e+01
   1.2900000e+03   1.9548941e+01
   1.3000000e+03   1.9557798e+01
   1.3100000e+03   1.9552470e+01
   1.3200000e+03   1.9570882e+01
   1.3300000e+03   1.9552650e+01
   1.3400000e+03   1.9557909e+01
   1.3500000e+03   1.9572807e+01
   1.3600000e+03   1.9590093e+01
   1.3700000e+03   1.9594790e+01
   1.3800000e+03   1.9600284e+01
   1.3900000e+03   1.9611414e+01
   1.4000000e+03   1.9611479e+01
   1.4100000e+03   1.9605874e+01
   1.4200000e+03   1.9621368e+01
   1.4300000e+03   1.9634692e+01
   1.4400000e+03   1.9638424e+01
   1.4500000e+03   1.9645469e+01
   1.4600000e+03   1.9665474e+01
   1.4700000e+03   1.9675534e+01
   1.4800000e+03   1.9664457e+01
   1.4900000e+03   1.9678686e+01
   1.5000000e+03   1.9672305e+01
   1.5100000e+03   1.9679523e+01
   1.5200000e+03   1.9682143e+01
   1.5300000e+03   1.9689877e+01
   1.5400000e+03   1.9692037e+01
   1.5500000e+03   1.9689979e+01
   1.5600000e+03   1.9696925e+01
   1.5700000e+03   1.9700627e+01
   1.5800000e+03   1.9701600e+01
   1.5900000e+03   1.9719759e+01
   1.6000000e+03   1.9719806e+01
   1.6100000e+03   1.9724425e+01
   1.6200000e+03   1.9734130e+01
   1.6300000e+03   1.9727565e+01
   1.6400000e+03   1.9731952e+01
   1.6500000e+03   1.9730936e+01
   1.6600000e+03   1.9746153e+01
   1.6700000e+03   1.9743209e+01
   1.6800000e+03   1.9749901e+01
   1.6900000e+03   1.9737985e+01
   1.7000000e+03   1.9752407e+01
   1.7100000e+03   1.9763626e+01
   1.7200000e+03   1.9758973e+01
   1.7300000e+03   1.9764826e+01
   1.7400000e+03   1.9781800e+01
   1.7500000e+03   1.9776391e+01
   1.7600000e+03   1.9789973e+01
   1.7700000e+03   1.9797237e+01
   1.7800000e+03   1.9782657e+01
   1.7900000e+03   1.9802177e+01
   1.8000000e+03   1.9806030e+01
   1.8100000e+03   1.9807365e+01
   1.8200000e+03   1.9817376e+01
   1.8300000e+03   1.9806242e+01
   1.8400000e+03   1.9817605e+01
   1.8500000e+03   1.9838321e+01
   1.8600000e+03   1.9829952e+01
   1.8700000e+03   1.9845915e+01
   1.8800000e+03   1.9846753e+01
   1.8900000e+03   1.9859352e+01
   1.9000000e+03   1.9863252e+01
   1.9100000e+03   1.9870039e+01
   1.9200000e+03   1.9869132e+01
   1.9300000e+03   1.9855406e+01
   1.9400000e+03   1.9861007e+01
   1.9500000e+03   1.9864180e+01
   1.9600000e+03   1.9868938e+01
   1.9700000e+03   1.9876989e+01
   1.9800000e+03   1.9887323e+01
   1.9900000e+03   1.9884218e+01
   2.0000000e+03   1.9886807e+01
   2.0100000e+03   1.9896736e+01
   2.0200000e+03   1.9902909e+01
   2.0300000e+03   1.9901924e+01
   2.0400000e+03   1.9898096e+01
   2.0500000e+03   1.9897426e+01
   2.0600000e+03   1.9912323e+01
   2.0700000e+03   1.9917312e+01
   2.0800000e+03   1.9929197e+01
   2.0900000e+03   1.9937109e+01
   2.1000000e+03   1.9939667e+01
   2.1100000e+03   1.9927181e+01
   2.1200000e+03   1.9939177e+01
   2.1300000e+03   1.9942604e+01
   2.1400000e+03   1.9948931e+01
   2.1500000e+03   1.9959880e+01
   2.1600000e+03   1.9951768e+01
   2.1700000e+03   1.9963875e+01
   2.1800000e+03   2.0001269e+01
   2.1900000e+03   2.0009839e+01
   2.2000000e+03   1.9991614e+01
   2.2100000e+03   2.0008048e+01
   2.2200000e+03   1.9988081e+01
   2.2300000e+03   1.9998013e+01
   2.2400000e+03   1.9989614e+01
   2.2500000e+03   1.9992231e+01
   2.2600000e+03   1.9991110e+01
   2.2700000e+03   1.9999018e+01
   2.2800000e+03   2.0013753e+01
   2.2900000e+03   1.9995445e+01
   2.3000000e+03   2.0000715e+01
   2.3100000e+03   2.0022428e+01
   2.3200000e+03   2.0055249e+01
   2.3300000e+03   2.0088297e+01
   2.3400000e+03   2.0114122e+01
   2.3500000e+03   2.0137744e+01
   2.3600000e+03   2.0151633e+01
   2.3700000e+03   2.0208662e+01
   2.3800000e+03   2.0202326e+01
   2.3900000e+03   2.0205551e+01
   2.4000000e+03   2.0202414e+01
   2.4100000e+03   2.0198397e+01
   2.4200000e+03   2.0203773e+01
   2.4300000e+03   2.0205528e+01
   2.4400000e+03   2.0179788e+01
   2.4500000e+03   2.0183879e+01
   2.4600000e+03   2.0182195e+01
   2.4700000e+03   2.0161201e+01
   2.4800000e+03   2.0150147e+01
   2.4900000e+03   2.0148281e+01
   2.5000000e+03   2.0151793e+01
   2.5100000e+03   2.0157890e+01
   2.5200000e+03   2.0156615e+01
   2.5300000e+03   2.0157887e+01
   2.5400000e+03   2.0162786e+01
   2.5500000e+03   2.0150185e+01
   2.5600000e+03   2.0154241e+01
   2.5700000e+03   2.0143156e+01
   2.5800000e+03   2.0131837e+01
   2.5900000e+03   2.0140687e+01
   2.6000000e+03   2.0134603e+01
   2.6100000e+03   2.0135184e+01
   2.6200000e+03   2.0132840e+01
   2.6300000e+03   2.0118645e+01
   2.6400000e+03   2.0120591e+01
   2.6500000e+03   2.0122111e+01
   2.6600000e+03   2.0127727e+01
   2.6700000e+03   2.0133251e+01
   2.6800000e+03   2.0141461e+01
   2.6900000e+03   2.0132449e+01
   2.7000000e+03   2.0134108e+01
   2.7100000e+03   2.0136753e+01
   2.7200000e+03   2.0128457e+01
   2.7300000e+03   2.0117845e+01
   2.7400000e+03   2.0127377e+01
   2.7500000e+03   2.0112351e+01
   2.7600000e+03   2.0107453e+01
   2.7700000e+03   2.0105313e+01
   2.7800000e+03   2.0096902e+01
   2.7900000e+03   2.0103772e+01
   2.8000000e+03   2.0117798e+01
   2.8100000e+03   2.0114000e+01
   2.8200000e+03   2.0105364e+01
   2.8300000e+03   2.0119286e+01
   2.8400000e+03   2.0127462e+01
   2.8500000e+03   2.0121064e+01
   2.8600000e+03   2.0124688e+01
   2.8700000e+03   2.0147842e+01
   2.8800000e+03   2.0160352e+01
   2.8900000e+03   2.0171253e+01
   2.9000000e+03   2.0170009e+01
   2.9100000e+03   2.0172100e+01
   2.9200000e+03   2.0169664e+01
   2.9300000e+03   2.0186386e+01
   2.9400000e+03   2.0178733e+01
   2.9500000e+03   2.0185284e+01
   2.9600000e+03   2.0171550e+01
   2.9700000e+03   2.0175896e+01
   2.9800000e+03   2.0164771e+01
   2.9900000e+03   2.0168237e+01
   3.0000000e+03   2.0162122e+01
   3.0100000e+03   2.0170335e+01
   3.0200000e+03   2.0168730e+01
   3.0300000e+03   2.0167652e+01
   3.0400000e+03   2.0171924e+01
   3.0500000e+03   2.0185441e+01
   3.0600000e+03   2.0178023e+01
   3.0700000e+03   2.0169375e+01
   3.0800000e+03   2.0165043e+01
   3.0900000e+03   2.0159564e+01
   3.1000000e+03   2.0162401e+01
   3.1100000e+03   2.0166494e+01
   3.1200000e+03   2.0168966e+01
   3.1300000e+03   2.0167240e+01
   3.1400000e+03   2.0169137e+01
   3.1500000e+03   2.0151675e+01
   3.1600000e+03   2.0153989e+01
   3.1700000e+03   2.0168519e+01
   3.1800000e+03   2.0153852e+01
   3.1900000e+03   2.0155129e+01
   3.2000000e+03   2.0165220e+01
   3.2100000e+03   2.0179216e+01
   3.2200000e+03   2.0188455e+01
   3.2300000e+03   2.0175067e+01
   3.2400000e+03   2.0184198e+01
   3.2500000e+03   2.0179659e+01
   3.2600000e+03   2.0173084e+01
   3.2700000e+03   2.0170345e+01
   3.2800000e+03   2.0169790e+01
   3.2900000e+03   2.0161519e+01
   3.3000000e+03   2.0176315e+01
   3.3100000e+03   2.0174774e+01
   3.3200000e+03   2.0171542e+01
   3.3300000e+03   2.0162539e+01
   3.3400000e+03   2.0178820e+01
   3.3500000e+03   2.0179667e+01
   3.3600000e+03   2.0185558e+01
   3.3700000e+03   2.0184490e+01
   3.3800000e+03   2.0174432e+01
   3.3900000e+03   2.0182352e+01
   3.4000000e+03   2.0183555e+01
   3.4100000e+03   2.0180943e+01
   3.4200000e+03   2.0188780e+01
   3.4300000e+03   2.0187993e+01
   3.4400000e+03   2.0189637e+01
   3.4500000e+03   2.0200705e+01
   3.4600000e+03   2.0213066e+01
   3.4700000e+03   2.0212403e+01
   3.4800000e+03   2.0216120e+01
   3.4900000e+03   2.0222538e+01
