   0.0000000e+00  -3.0928433e-02
   1.0000000e+01   2.9770573e-01
   2.0000000e+01   2.7124371e+00
   3.0000000e+01   5.2556625e+00
   4.0000000e+01   7.3623925e+00
   5.0000000e+01   9.0967155e+00
   6.0000000e+01   1.0559580e+01
   7.0000000e+01   1.1795980e+01
   8.0000000e+01   1.2823869e+01
   9.0000000e+01   1.3662244e+01
   1.0000000e+02   1.4413753e+01
   1.1000000e+02   1.4987703e+01
   1.2000000e+02   1.5462906e+01
   1.3000000e+02   1.5856082e+01
   1.4000000e+02   1.6199221e+01
   1.5000000e+02   1.6493967e+01
   1.6000000e+02   1.6750034e+01
   1.7000000e+02   1.6957309e+01
   1.8000000e+02   1.7172764e+01
   1.9000000e+02   1.7357708e+01
   2.0000000e+02   1.7524899e+01
   2.1000000e+02   1.7676943e+01
   2.2000000e+02   1.7809776e+01
   2.3000000e+02   1.7894598e+01
   2.4000000e+02   1.7993335e+01
   2.5000000e+02   1.8065332e+01
   2.6000000e+02   1.8139140e+01
   2.7000000e+02   1.8198383e+01
   2.8000000e+02   1.8270044e+01
   2.9000000e+02   1.8315258e+01
   3.0000000e+02   1.8380004e+01
   3.1000000e+02   1.8431960e+01
   3.2000000e+02   1.8481108e+01
   3.3000000e+02   1.8522091e+01
   3.4000000e+02   1.8541196e+01
   3.5000000e+02   1.8567584e+01
   3.6000000e+02   1.8595221e+01
   3.7000000e+02   1.8633695e+01
   3.8000000e+02   1.8649703e+01
   3.9000000e+02   1.8642793e+01
   4.0000000e+02   1.8654412e+01
   4.1000000e+02   1.8677764e+01
   4.2000000e+02   1.8692500e+01
   4.3000000e+02   1.8732670e+01
   4.4000000e+02   1.8764345e+01
   4.5000000e+02   1.8784233e+01
   4.6000000e+02   1.8822885e+01
   4.7000000e+02   1.8849434e+01
   4.8000000e+02   1.8882303e+01
   4.9000000e+02   1.8909917e+01
   5.0000000e+02   1.8922380e+01
   5.1000000e+02   1.8932263e+01
   5.2000000e+02   1.8936880e+01
   5.3000000e+02   1.8946024e+01
   5.4000000e+02   1.8926854e+01
   5.5000000e+02   1.8917381e+01
   5.6000000e+02   1.8922265e+01
   5.7000000e+02   1.8942578e+01
   5.8000000e+02   1.8963609e+01
   5.9000000e+02   1.8990567e+01
   6.0000000e+02   1.9007710e+01
   6.1000000e+02   1.9034136e+01
   6.2000000e+02   1.9071448e+01
   6.3000000e+02   1.9090339e+01
   6.4000000e+02   1.9099032e+01
   6.5000000e+02   1.9087406e+01
   6.6000000e+02   1.9092486e+01
   6.7000000e+02   1.9099225e+01
   6.8000000e+02   1.9102563e+01
   6.9000000e+02   1.9098640e+01
   7.0000000e+02   1.9106527e+01
   7.1000000e+02   1.9114627e+01
   7.2000000e+02   1.9120178e+01
   7.3000000e+02   1.9120025e+01
   7.4000000e+02   1.9134087e+01
   7.5000000e+02   1.9145269e+01
   7.6000000e+02   1.9132635e+01
   7.7000000e+02   1.9124388e+01
   7.8000000e+02   1.9127868e+01
   7.9000000e+02   1.9129612e+01
   8.0000000e+02   1.9149172e+01
   8.1000000e+02   1.9147762e+01
   8.2000000e+02   1.9138067e+01
   8.3000000e+02   1.9160524e+01
   8.4000000e+02   1.9165341e+01
   8.5000000e+02   1.9194351e+01
   8.6000000e+02   1.9211864e+01
   8.7000000e+02   1.9233479e+01
   8.8000000e+02   1.9255490e+01
   8.9000000e+02   1.9282025e+01
   9.0000000e+02   1.9295308e+01
   9.1000000e+02   1.9312011e+01
   9.2000000e+02   1.9332141e+01
   9.3000000e+02   1.9324956e+01
   9.4000000e+02   1.9316956e+01
   9.5000000e+02   1.9322580e+01
   9.6000000e+02   1.9333899e+01
   9.7000000e+02   1.9318694e+01
   9.8000000e+02   1.9310254e+01
   9.9000000e+02   1.9325483e+01
   1.0000000e+03   1.9323457e+01
   1.0100000e+03   1.9337161e+01
   1.0200000e+03   1.9334712e+01
   1.0300000e+03   1.9326018e+01
   1.0400000e+03   1.9311553e+01
   1.0500000e+03   1.9325218e+01
   1.0600000e+03   1.9342398e+01
   1.0700000e+03   1.9374327e+01
   1.0800000e+03   1.9369891e+01
   1.0900000e+03   1.9392894e+01
   1.1000000e+03   1.9412293e+01
   1.1100000e+03   1.9404985e+01
   1.1200000e+03   1.9416045e+01
   1.1300000e+03   1.9435933e+01
   1.1400000e+03   1.9445687e+01
   1.1500000e+03   1.9455107e+01
   1.1600000e+03   1.9445077e+01
   1.1700000e+03   1.9458145e+01
   1.1800000e+03   1.9467513e+01
   1.1900000e+03   1.9481310e+01
   1.2000000e+03   1.9484827e+01
   1.2100000e+03   1.9513022e+01
   1.2200000e+03   1.9502646e+01
   1.2300000e+03   1.9499076e+01
   1.2400000e+03   1.9496385e+01
   1.2500000e+03   1.9480854e+01
   1.2600000e+03   1.9495316e+01
   1.2700000e+03   1.9514960e+01
   1.2800000e+03   1.9518344e+01
   1.2900000e+03   1.9545119e+01
   1.3000000e+03   1.9560430e+01
   1.3100000e+03   1.9559978e+01
   1.3200000e+03   1.9582858e+01
   1.3300000e+03   1.9592046e+01
   1.3400000e+03   1.9601999e+01
   1.3500000e+03   1.9613453e+01
   1.3600000e+03   1.9611308e+01
   1.3700000e+03   1.9608408e+01
   1.3800000e+03   1.9609480e+01
   1.3900000e+03   1.9621104e+01
   1.4000000e+03   1.9650552e+01
   1.4100000e+03   1.9670099e+01
   1.4200000e+03   1.9688743e+01
   1.4300000e+03   1.9675872e+01
   1.4400000e+03   1.9676352e+01
   1.4500000e+03   1.9691021e+01
   1.4600000e+03   1.9710910e+01
   1.4700000e+03   1.9722848e+01
   1.4800000e+03   1.9730182e+01
   1.4900000e+03   1.9751683e+01
   1.5000000e+03   1.9736302e+01
   1.5100000e+03   1.9749090e+01
   1.5200000e+03   1.9754398e+01
   1.5300000e+03   1.9769288e+01
   1.5400000e+03   1.9779610e+01
   1.5500000e+03   1.9798997e+01
   1.5600000e+03   1.9796941e+01
   1.5700000e+03   1.9802629e+01
   1.5800000e+03   1.9805635e+01
   1.5900000e+03   1.9788864e+01
   1.6000000e+03   1.9789365e+01
   1.6100000e+03   1.9816225e+01
   1.6200000e+03   1.9817564e+01
   1.6300000e+03   1.9829559e+01
   1.6400000e+03   1.9841842e+01
   1.6500000e+03   1.9840616e+01
   1.6600000e+03   1.9865136e+01
   1.6700000e+03   1.9854044e+01
   1.6800000e+03   1.9871781e+01
   1.6900000e+03   1.9890586e+01
   1.7000000e+03   1.9896562e+01
   1.7100000e+03   1.9900528e+01
   1.7200000e+03   1.9906203e+01
   1.7300000e+03   1.9910361e+01
   1.7400000e+03   1.9918845e+01
   1.7500000e+03   1.9901686e+01
   1.7600000e+03   1.9911163e+01
   1.7700000e+03   1.9902133e+01
   1.7800000e+03   1.9909667e+01
   1.7900000e+03   1.9915870e+01
   1.8000000e+03   1.9924895e+01
   1.8100000e+03   1.9913454e+01
   1.8200000e+03   1.9924203e+01
   1.8300000e+03   1.9923964e+01
   1.8400000e+03   1.9929667e+01
   1.8500000e+03   1.9922471e+01
   1.8600000e+03   1.9923583e+01
   1.8700000e+03   1.9920598e+01
   1.8800000e+03   1.9908441e+01
   1.8900000e+03   1.9902833e+01
   1.9000000e+03   1.9911448e+01
   1.9100000e+03   1.9907872e+01
   1.9200000e+03   1.9911079e+01
   1.9300000e+03   1.9921044e+01
   1.9400000e+03   1.9954787e+01
   1.9500000e+03   1.9966787e+01
   1.9600000e+03   1.9969413e+01
   1.9700000e+03   1.9991900e+01
   1.9800000e+03   1.9993403e+01
   1.9900000e+03   2.0003104e+01
   2.0000000e+03   1.9992213e+01
   2.0100000e+03   1.9973963e+01
   2.0200000e+03   1.9958624e+01
   2.0300000e+03   1.9943764e+01
   2.0400000e+03   1.9955715e+01
   2.0500000e+03   1.9928868e+01
   2.0600000e+03   1.9929618e+01
   2.0700000e+03   1.9939532e+01
   2.0800000e+03   1.9930718e+01
   2.0900000e+03   1.9930752e+01
   2.1000000e+03   1.9926890e+01
   2.1100000e+03   1.9930104e+01
   2.1200000e+03   1.9944399e+01
   2.1300000e+03   1.9948906e+01
   2.1400000e+03   1.9946016e+01
   2.1500000e+03   1.9957233e+01
   2.1600000e+03   1.9955181e+01
   2.1700000e+03   1.9941348e+01
   2.1800000e+03   1.9927093e+01
   2.1900000e+03   1.9926180e+01
   2.2000000e+03   1.9924662e+01
   2.2100000e+03   1.9940816e+01
   2.2200000e+03   1.9943507e+01
   2.2300000e+03   1.9962150e+01
   2.2400000e+03   1.9959588e+01
   2.2500000e+03   1.9981744e+01
   2.2600000e+03   1.9987928e+01
   2.2700000e+03   2.0004127e+01
   2.2800000e+03   2.0002898e+01
   2.2900000e+03   2.0003348e+01
   2.3000000e+03   2.0026972e+01
   2.3100000e+03   2.0022810e+01
   2.3200000e+03   2.0012488e+01
   2.3300000e+03   1.9994648e+01
   2.3400000e+03   1.9996579e+01
   2.3500000e+03   1.9989286e+01
   2.3600000e+03   2.0001572e+01
   2.3700000e+03   2.0003894e+01
   2.3800000e+03   1.9981725e+01
   2.3900000e+03   1.9980341e+01
   2.4000000e+03   1.9977485e+01
   2.4100000e+03   1.9964427e+01
   2.4200000e+03   1.9968118e+01
   2.4300000e+03   1.9973715e+01
   2.4400000e+03   1.9964123e+01
   2.4500000e+03   1.9968600e+01
   2.4600000e+03   1.9961252e+01
   2.4700000e+03   1.9970217e+01
   2.4800000e+03   1.9966182e+01
   2.4900000e+03   1.9981654e+01
   2.5000000e+03   2.0000591e+01
   2.5100000e+03   2.0015693e+01
   2.5200000e+03   1.9995084e+01
   2.5300000e+03   2.0010453e+01
   2.5400000e+03   2.0015041e+01
   2.5500000e+03   2.0036811e+01
   2.5600000e+03   2.0067894e+01
   2.5700000e+03   2.0084777e+01
   2.5800000e+03   2.0082076e+01
   2.5900000e+03   2.0096922e+01
   2.6000000e+03   2.0092764e+01
   2.6100000e+03   2.0108363e+01
   2.6200000e+03   2.0125640e+01
   2.6300000e+03   2.0125349e+01
   2.6400000e+03   2.0129312e+01
   2.6500000e+03   2.0169284e+01
   2.6600000e+03   2.0164786e+01
   2.6700000e+03   2.0161563e+01
   2.6800000e+03   2.0150051e+01
   2.6900000e+03   2.0162596e+01
   2.7000000e+03   2.0178115e+01
   2.7100000e+03   2.0190960e+01
   2.7200000e+03   2.0191003e+01
   2.7300000e+03   2.0202430e+01
   2.7400000e+03   2.0222271e+01
   2.7500000e+03   2.0194754e+01
   2.7600000e+03   2.0202917e+01
   2.7700000e+03   2.0197171e+01
   2.7800000e+03   2.0200744e+01
   2.7900000e+03   2.0178581e+01
   2.8000000e+03   2.0174152e+01
   2.8100000e+03   2.0180664e+01
   2.8200000e+03   2.0178324e+01
   2.8300000e+03   2.0151480e+01
   2.8400000e+03   2.0181373e+01
   2.8500000e+03   2.0182370e+01
   2.8600000e+03   2.0172044e+01
   2.8700000e+03   2.0177042e+01
   2.8800000e+03   2.0178864e+01
   2.8900000e+03   2.0209841e+01
   2.9000000e+03   2.0182892e+01
   2.9100000e+03   2.0174475e+01
   2.9200000e+03   2.0188472e+01
   2.9300000e+03   2.0206046e+01
   2.9400000e+03   2.0198297e+01
   2.9500000e+03   2.0200637e+01
   2.9600000e+03   2.0194424e+01
   2.9700000e+03   2.0217592e+01
   2.9800000e+03   2.0220546e+01
   2.9900000e+03   2.0232376e+01
   3.0000000e+03   2.0235701e+01
   3.0100000e+03   2.0251058e+01
   3.0200000e+03   2.0252440e+01
   3.0300000e+03   2.0240226e+01
   3.0400000e+03   2.0233041e+01
   3.0500000e+03   2.0238584e+01
   3.0600000e+03   2.0229700e+01
   3.0700000e+03   2.0250342e+01
   3.0800000e+03   2.0250638e+01
   3.0900000e+03   2.0268020e+01
   3.1000000e+03   2.0267164e+01
   3.1100000e+03   2.0257983e+01
   3.1200000e+03   2.0265421e+01
   3.1300000e+03   2.0269643e+01
   3.1400000e+03   2.0276972e+01
   3.1500000e+03   2.0293276e+01
   3.1600000e+03   2.0305339e+01
   3.1700000e+03   2.0324854e+01
   3.1800000e+03   2.0322962e+01
   3.1900000e+03   2.0333322e+01
   3.2000000e+03   2.0335727e+01
   3.2100000e+03   2.0343334e+01
   3.2200000e+03   2.0325324e+01
   3.2300000e+03   2.0337664e+01
   3.2400000e+03   2.0351873e+01
   3.2500000e+03   2.0348095e+01
   3.2600000e+03   2.0366902e+01
   3.2700000e+03   2.0361934e+01
   3.2800000e+03   2.0363892e+01
   3.2900000e+03   2.0369196e+01
   3.3000000e+03   2.0392385e+01
   3.3100000e+03   2.0383815e+01
   3.3200000e+03   2.0383597e+01
   3.3300000e+03   2.0393189e+01
   3.3400000e+03   2.0385969e+01
   3.3500000e+03   2.0377241e+01
   3.3600000e+03   2.0364592e+01
   3.3700000e+03   2.0370599e+01
   3.3800000e+03   2.0364812e+01
   3.3900000e+03   2.0383294e+01
   3.4000000e+03   2.0394947e+01
   3.4100000e+03   2.0389649e+01
   3.4200000e+03   2.0402130e+01
   3.4300000e+03   2.0442558e+01
   3.4400000e+03   2.0449637e+01
   3.4500000e+03   2.0471210e+01
   3.4600000e+03   2.0477894e+01
   3.4700000e+03   2.0482023e+01
   3.4800000e+03   2.0497283e+01
   3.4900000e+03   2.0489934e+01
