   0.0000000e+00   2.2921538e+03
   1.0000000e+01   2.2921615e+03
   2.0000000e+01   2.2921625e+03
   3.0000000e+01   2.2921673e+03
   4.0000000e+01   2.2921611e+03
   5.0000000e+01   2.2921446e+03
   6.0000000e+01   2.2921489e+03
   7.0000000e+01   2.2921535e+03
   8.0000000e+01   2.2921499e+03
   9.0000000e+01   2.2921534e+03
   1.0000000e+02   2.2921387e+03
   1.1000000e+02   2.2921460e+03
   1.2000000e+02   2.2921374e+03
   1.3000000e+02   2.2921216e+03
   1.4000000e+02   2.2921191e+03
   1.5000000e+02   2.2921375e+03
   1.6000000e+02   2.2921286e+03
   1.7000000e+02   2.2921186e+03
   1.8000000e+02   2.2921328e+03
   1.9000000e+02   2.2921217e+03
   2.0000000e+02   2.2921188e+03
   2.1000000e+02   2.2921328e+03
   2.2000000e+02   2.2921391e+03
   2.3000000e+02   2.2921251e+03
   2.4000000e+02   2.2921353e+03
   2.5000000e+02   2.2921217e+03
   2.6000000e+02   2.2921309e+03
   2.7000000e+02   2.2921218e+03
   2.8000000e+02   2.2921322e+03
   2.9000000e+02   2.2921216e+03
   3.0000000e+02   2.2921301e+03
   3.1000000e+02   2.2921286e+03
   3.2000000e+02   2.2921320e+03
   3.3000000e+02   2.2921328e+03
   3.4000000e+02   2.2921305e+03
   3.5000000e+02   2.2921299e+03
   3.6000000e+02   2.2921273e+03
   3.7000000e+02   2.2921272e+03
   3.8000000e+02   2.2921313e+03
   3.9000000e+02   2.2921119e+03
   4.0000000e+02   2.2921253e+03
   4.1000000e+02   2.2921291e+03
   4.2000000e+02   2.2921307e+03
   4.3000000e+02   2.2921277e+03
   4.4000000e+02   2.2921299e+03
   4.5000000e+02   2.2921305e+03
   4.6000000e+02   2.2921267e+03
   4.7000000e+02   2.2921296e+03
   4.8000000e+02   2.2921256e+03
   4.9000000e+02   2.2921266e+03
   5.0000000e+02   2.2921381e+03
   5.1000000e+02   2.2921307e+03
   5.2000000e+02   2.2921276e+03
   5.3000000e+02   2.2921344e+03
   5.4000000e+02   2.2921232e+03
   5.5000000e+02   2.2921162e+03
   5.6000000e+02   2.2921285e+03
   5.7000000e+02   2.2921267e+03
   5.8000000e+02   2.2921385e+03
   5.9000000e+02   2.2921283e+03
   6.0000000e+02   2.2921154e+03
   6.1000000e+02   2.2921338e+03
   6.2000000e+02   2.2921081e+03
   6.3000000e+02   2.2921363e+03
   6.4000000e+02   2.2921274e+03
   6.5000000e+02   2.2921171e+03
   6.6000000e+02   2.2921114e+03
   6.7000000e+02   2.2921143e+03
   6.8000000e+02   2.2921151e+03
   6.9000000e+02   2.2921011e+03
   7.0000000e+02   2.2921032e+03
   7.1000000e+02   2.2921115e+03
   7.2000000e+02   2.2920942e+03
   7.3000000e+02   2.2920849e+03
   7.4000000e+02   2.2920794e+03
   7.5000000e+02   2.2920826e+03
   7.6000000e+02   2.2920617e+03
   7.7000000e+02   2.2920572e+03
   7.8000000e+02   2.2920542e+03
   7.9000000e+02   2.2920428e+03
   8.0000000e+02   2.2920490e+03
   8.1000000e+02   2.2920498e+03
   8.2000000e+02   2.2920241e+03
   8.3000000e+02   2.2920409e+03
   8.4000000e+02   2.2920347e+03
   8.5000000e+02   2.2920433e+03
   8.6000000e+02   2.2920352e+03
   8.7000000e+02   2.2920365e+03
   8.8000000e+02   2.2920318e+03
   8.9000000e+02   2.2920504e+03
   9.0000000e+02   2.2920433e+03
   9.1000000e+02   2.2920515e+03
   9.2000000e+02   2.2920508e+03
   9.3000000e+02   2.2920456e+03
   9.4000000e+02   2.2920438e+03
   9.5000000e+02   2.2920499e+03
   9.6000000e+02   2.2920717e+03
   9.7000000e+02   2.2920481e+03
   9.8000000e+02   2.2920458e+03
   9.9000000e+02   2.2920614e+03
   1.0000000e+03   2.2920413e+03
   1.0100000e+03   2.2920539e+03
   1.0200000e+03   2.2920666e+03
   1.0300000e+03   2.2920670e+03
   1.0400000e+03   2.2920623e+03
   1.0500000e+03   2.2920690e+03
   1.0600000e+03   2.2920718e+03
   1.0700000e+03   2.2920934e+03
   1.0800000e+03   2.2920654e+03
   1.0900000e+03   2.2920569e+03
   1.1000000e+03   2.2920709e+03
   1.1100000e+03   2.2920699e+03
   1.1200000e+03   2.2920693e+03
   1.1300000e+03   2.2920739e+03
   1.1400000e+03   2.2920810e+03
   1.1500000e+03   2.2920838e+03
   1.1600000e+03   2.2920574e+03
   1.1700000e+03   2.2920759e+03
   1.1800000e+03   2.2920764e+03
   1.1900000e+03   2.2920820e+03
   1.2000000e+03   2.2920755e+03
   1.2100000e+03   2.2920785e+03
   1.2200000e+03   2.2920711e+03
   1.2300000e+03   2.2920851e+03
   1.2400000e+03   2.2920781e+03
   1.2500000e+03   2.2920690e+03
   1.2600000e+03   2.2920773e+03
   1.2700000e+03   2.2920805e+03
   1.2800000e+03   2.2920791e+03
   1.2900000e+03   2.2920856e+03
   1.3000000e+03   2.2920956e+03
   1.3100000e+03   2.2920745e+03
   1.3200000e+03   2.2920868e+03
   1.3300000e+03   2.2920744e+03
   1.3400000e+03   2.2920765e+03
   1.3500000e+03   2.2920874e+03
   1.3600000e+03   2.2920895e+03
   1.3700000e+03   2.2920923e+03
   1.3800000e+03   2.2920823e+03
   1.3900000e+03   2.2920778e+03
   1.4000000e+03   2.2920789e+03
   1.4100000e+03   2.2920846e+03
   1.4200000e+03   2.2920966e+03
   1.4300000e+03   2.2920937e+03
   1.4400000e+03   2.2920857e+03
   1.4500000e+03   2.2920836e+03
   1.4600000e+03   2.2920927e+03
   1.4700000e+03   2.2920974e+03
   1.4800000e+03   2.2920885e+03
   1.4900000e+03   2.2921021e+03
   1.5000000e+03   2.2920876e+03
   1.5100000e+03   2.2920939e+03
   1.5200000e+03   2.2920936e+03
   1.5300000e+03   2.2920942e+03
   1.5400000e+03   2.2920979e+03
   1.5500000e+03   2.2920895e+03
   1.5600000e+03   2.2920872e+03
   1.5700000e+03   2.2920953e+03
   1.5800000e+03   2.2920896e+03
   1.5900000e+03   2.2920942e+03
   1.6000000e+03   2.2920907e+03
   1.6100000e+03   2.2921081e+03
   1.6200000e+03   2.2921054e+03
   1.6300000e+03   2.2920967e+03
   1.6400000e+03   2.2921007e+03
   1.6500000e+03   2.2920965e+03
   1.6600000e+03   2.2921152e+03
   1.6700000e+03   2.2921001e+03
   1.6800000e+03   2.2921023e+03
   1.6900000e+03   2.2920922e+03
   1.7000000e+03   2.2921004e+03
   1.7100000e+03   2.2921163e+03
   1.7200000e+03   2.2921113e+03
   1.7300000e+03   2.2921007e+03
   1.7400000e+03   2.2921196e+03
   1.7500000e+03   2.2921042e+03
   1.7600000e+03   2.2921144e+03
   1.7700000e+03   2.2921100e+03
   1.7800000e+03   2.2921042e+03
   1.7900000e+03   2.2921214e+03
   1.8000000e+03   2.2921234e+03
   1.8100000e+03   2.2921153e+03
   1.8200000e+03   2.2921230e+03
   1.8300000e+03   2.2921104e+03
   1.8400000e+03   2.2921172e+03
   1.8500000e+03   2.2921232e+03
   1.8600000e+03   2.2921227e+03
   1.8700000e+03   2.2921360e+03
   1.8800000e+03   2.2921162e+03
   1.8900000e+03   2.2921329e+03
   1.9000000e+03   2.2921382e+03
   1.9100000e+03   2.2921392e+03
   1.9200000e+03   2.2921375e+03
   1.9300000e+03   2.2921230e+03
   1.9400000e+03   2.2921352e+03
   1.9500000e+03   2.2921449e+03
   1.9600000e+03   2.2921295e+03
   1.9700000e+03   2.2921558e+03
   1.9800000e+03   2.2921534e+03
   1.9900000e+03   2.2921492e+03
   2.0000000e+03   2.2921479e+03
   2.0100000e+03   2.2921501e+03
   2.0200000e+03   2.2921481e+03
   2.0300000e+03   2.2921462e+03
   2.0400000e+03   2.2921429e+03
   2.0500000e+03   2.2921178e+03
   2.0600000e+03   2.2921444e+03
   2.0700000e+03   2.2921563e+03
   2.0800000e+03   2.2921568e+03
   2.0900000e+03   2.2921556e+03
   2.1000000e+03   2.2921511e+03
   2.1100000e+03   2.2921323e+03
   2.1200000e+03   2.2921448e+03
   2.1300000e+03   2.2921496e+03
   2.1400000e+03   2.2921587e+03
   2.1500000e+03   2.2921620e+03
   2.1600000e+03   2.2921552e+03
   2.1700000e+03   2.2921392e+03
   2.1800000e+03   2.2921609e+03
   2.1900000e+03   2.2921739e+03
   2.2000000e+03   2.2921561e+03
   2.2100000e+03   2.2921722e+03
   2.2200000e+03   2.2921627e+03
   2.2300000e+03   2.2921645e+03
   2.2400000e+03   2.2921621e+03
   2.2500000e+03   2.2921730e+03
   2.2600000e+03   2.2921619e+03
   2.2700000e+03   2.2921727e+03
   2.2800000e+03   2.2921730e+03
   2.2900000e+03   2.2921591e+03
   2.3000000e+03   2.2921657e+03
   2.3100000e+03   2.2921651e+03
   2.3200000e+03   2.2921712e+03
   2.3300000e+03   2.2921760e+03
   2.3400000e+03   2.2921735e+03
   2.3500000e+03   2.2921731e+03
   2.3600000e+03   2.2921695e+03
   2.3700000e+03   2.2921816e+03
   2.3800000e+03   2.2921604e+03
   2.3900000e+03   2.2921662e+03
   2.4000000e+03   2.2921615e+03
   2.4100000e+03   2.2921497e+03
   2.4200000e+03   2.2921449e+03
   2.4300000e+03   2.2921554e+03
   2.4400000e+03   2.2921348e+03
   2.4500000e+03   2.2921516e+03
   2.4600000e+03   2.2921564e+03
   2.4700000e+03   2.2921347e+03
   2.4800000e+03   2.2921249e+03
   2.4900000e+03   2.2921231e+03
   2.5000000e+03   2.2921465e+03
   2.5100000e+03   2.2921372e+03
   2.5200000e+03   2.2921271e+03
   2.5300000e+03   2.2921278e+03
   2.5400000e+03   2.2921462e+03
   2.5500000e+03   2.2921295e+03
   2.5600000e+03   2.2921548e+03
   2.5700000e+03   2.2921392e+03
   2.5800000e+03   2.2921334e+03
   2.5900000e+03   2.2921492e+03
   2.6000000e+03   2.2921343e+03
   2.6100000e+03   2.2921372e+03
   2.6200000e+03   2.2921537e+03
   2.6300000e+03   2.2921393e+03
   2.6400000e+03   2.2921417e+03
   2.6500000e+03   2.2921648e+03
   2.6600000e+03   2.2921582e+03
   2.6700000e+03   2.2921590e+03
   2.6800000e+03   2.2921610e+03
   2.6900000e+03   2.2921530e+03
   2.7000000e+03   2.2921589e+03
   2.7100000e+03   2.2921577e+03
   2.7200000e+03   2.2921596e+03
   2.7300000e+03   2.2921623e+03
   2.7400000e+03   2.2921835e+03
   2.7500000e+03   2.2921567e+03
   2.7600000e+03   2.2921512e+03
   2.7700000e+03   2.2921610e+03
   2.7800000e+03   2.2921689e+03
   2.7900000e+03   2.2921643e+03
   2.8000000e+03   2.2921699e+03
   2.8100000e+03   2.2921715e+03
   2.8200000e+03   2.2921611e+03
   2.8300000e+03   2.2921727e+03
   2.8400000e+03   2.2921841e+03
   2.8500000e+03   2.2921744e+03
   2.8600000e+03   2.2921671e+03
   2.8700000e+03   2.2921747e+03
   2.8800000e+03   2.2921684e+03
   2.8900000e+03   2.2921962e+03
   2.9000000e+03   2.2921754e+03
   2.9100000e+03   2.2921839e+03
   2.9200000e+03   2.2921918e+03
   2.9300000e+03   2.2921950e+03
   2.9400000e+03   2.2922017e+03
   2.9500000e+03   2.2921915e+03
   2.9600000e+03   2.2921905e+03
   2.9700000e+03   2.2921958e+03
   2.9800000e+03   2.2921743e+03
   2.9900000e+03   2.2921890e+03
   3.0000000e+03   2.2921902e+03
   3.0100000e+03   2.2921953e+03
   3.0200000e+03   2.2921904e+03
   3.0300000e+03   2.2921848e+03
   3.0400000e+03   2.2921787e+03
   3.0500000e+03   2.2921981e+03
   3.0600000e+03   2.2921882e+03
   3.0700000e+03   2.2921926e+03
   3.0800000e+03   2.2921914e+03
   3.0900000e+03   2.2921982e+03
   3.1000000e+03   2.2922064e+03
   3.1100000e+03   2.2922076e+03
   3.1200000e+03   2.2922101e+03
   3.1300000e+03   2.2922131e+03
   3.1400000e+03   2.2922028e+03
   3.1500000e+03   2.2922036e+03
   3.1600000e+03   2.2922054e+03
   3.1700000e+03   2.2922120e+03
   3.1800000e+03   2.2922011e+03
   3.1900000e+03   2.2922089e+03
   3.2000000e+03   2.2922092e+03
   3.2100000e+03   2.2922273e+03
   3.2200000e+03   2.2922124e+03
   3.2300000e+03   2.2922130e+03
   3.2400000e+03   2.2922315e+03
   3.2500000e+03   2.2922214e+03
   3.2600000e+03   2.2922262e+03
   3.2700000e+03   2.2922231e+03
   3.2800000e+03   2.2922207e+03
   3.2900000e+03   2.2922083e+03
   3.3000000e+03   2.2922320e+03
   3.3100000e+03   2.2922169e+03
   3.3200000e+03   2.2922236e+03
   3.3300000e+03   2.2922255e+03
   3.3400000e+03   2.2922417e+03
   3.3500000e+03   2.2922286e+03
   3.3600000e+03   2.2922319e+03
   3.3700000e+03   2.2922249e+03
   3.3800000e+03   2.2922185e+03
   3.3900000e+03   2.2922356e+03
   3.4000000e+03   2.2922285e+03
   3.4100000e+03   2.2922261e+03
   3.4200000e+03   2.2922332e+03
   3.4300000e+03   2.2922321e+03
   3.4400000e+03   2.2922255e+03
   3.4500000e+03   2.2922419e+03
   3.4600000e+03   2.2922466e+03
   3.4700000e+03   2.2922287e+03
   3.4800000e+03   2.2922462e+03
   3.4900000e+03   2.2922456e+03
