   0.0000000e+00   6.8233454e-04
   1.0000000e+01   7.2282508e-03
   2.0000000e+01   1.4827286e-03
   3.0000000e+01   7.4446110e-03
   4.0000000e+01   3.3499052e-03
   5.0000000e+01  -1.1244137e-02
   6.0000000e+01  -1.6675935e-02
   7.0000000e+01   1.9657860e-03
   8.0000000e+01  -8.3548307e-04
   9.0000000e+01   7.4782546e-04
   1.0000000e+02  -1.4990711e-02
   1.1000000e+02  -1.2376676e-02
   1.2000000e+02  -1.3132232e-02
   1.3000000e+02  -2.8728094e-02
   1.4000000e+02  -4.1158498e-02
   1.5000000e+02  -1.4219574e-02
   1.6000000e+02  -1.6061139e-02
   1.7000000e+02  -1.9623044e-02
   1.8000000e+02  -1.0188882e-02
   1.9000000e+02  -1.4790511e-02
   2.0000000e+02  -1.4205758e-02
   2.1000000e+02   8.5957972e-03
   2.2000000e+02   2.1393389e-02
   2.3000000e+02   2.1108547e-02
   2.4000000e+02   2.5007359e-02
   2.5000000e+02   4.0001569e-02
   2.6000000e+02   6.2876457e-02
   2.7000000e+02   6.5599231e-02
   2.8000000e+02   9.7204971e-02
   2.9000000e+02   1.0631364e-01
   3.0000000e+02   1.3576213e-01
   3.1000000e+02   1.5846516e-01
   3.2000000e+02   1.8736169e-01
   3.3000000e+02   2.0934293e-01
   3.4000000e+02   2.3945710e-01
   3.5000000e+02   2.6538180e-01
   3.6000000e+02   2.9605770e-01
   3.7000000e+02   3.2708868e-01
   3.8000000e+02   3.7678725e-01
   3.9000000e+02   3.9574008e-01
   4.0000000e+02   4.4769713e-01
   4.1000000e+02   4.9349680e-01
   4.2000000e+02   5.3888036e-01
   4.3000000e+02   5.8740747e-01
   4.4000000e+02   6.3517816e-01
   4.5000000e+02   6.7396900e-01
   4.6000000e+02   7.3324324e-01
   4.7000000e+02   7.8089693e-01
   4.8000000e+02   8.2779115e-01
   4.9000000e+02   8.7142452e-01
   5.0000000e+02   9.2399224e-01
   5.1000000e+02   9.7370082e-01
   5.2000000e+02   1.0268608e+00
   5.3000000e+02   1.0797560e+00
   5.4000000e+02   1.1263359e+00
   5.5000000e+02   1.1765189e+00
   5.6000000e+02   1.2436207e+00
   5.7000000e+02   1.3016067e+00
   5.8000000e+02   1.3475693e+00
   5.9000000e+02   1.4046603e+00
   6.0000000e+02   1.4645144e+00
   6.1000000e+02   1.5405286e+00
   6.2000000e+02   1.5833422e+00
   6.3000000e+02   1.6630440e+00
   6.4000000e+02   1.7186979e+00
   6.5000000e+02   1.7814958e+00
   6.6000000e+02   1.8485325e+00
   6.7000000e+02   1.9191061e+00
   6.8000000e+02   1.9866819e+00
   6.9000000e+02   2.0552113e+00
   7.0000000e+02   2.1225383e+00
   7.1000000e+02   2.1875294e+00
   7.2000000e+02   2.2418182e+00
   7.3000000e+02   2.3148606e+00
   7.4000000e+02   2.3648234e+00
   7.5000000e+02   2.4245953e+00
   7.6000000e+02   2.4594659e+00
   7.7000000e+02   2.5212591e+00
   7.8000000e+02   2.5729647e+00
   7.9000000e+02   2.6203579e+00
   8.0000000e+02   2.6645474e+00
   8.1000000e+02   2.7103530e+00
   8.2000000e+02   2.7590834e+00
   8.3000000e+02   2.8087594e+00
   8.4000000e+02   2.8631995e+00
   8.5000000e+02   2.9054070e+00
   8.6000000e+02   2.9426462e+00
   8.7000000e+02   2.9916906e+00
   8.8000000e+02   3.0295628e+00
   8.9000000e+02   3.0900848e+00
   9.0000000e+02   3.1207071e+00
   9.1000000e+02   3.1851252e+00
   9.2000000e+02   3.2201550e+00
   9.3000000e+02   3.2663208e+00
   9.4000000e+02   3.2986973e+00
   9.5000000e+02   3.3520835e+00
   9.6000000e+02   3.4043102e+00
   9.7000000e+02   3.4379264e+00
   9.8000000e+02   3.4765614e+00
   9.9000000e+02   3.5258115e+00
   1.0000000e+03   3.5545281e+00
   1.0100000e+03   3.5999124e+00
   1.0200000e+03   3.6476333e+00
   1.0300000e+03   3.6846142e+00
   1.0400000e+03   3.7238333e+00
   1.0500000e+03   3.7781932e+00
   1.0600000e+03   3.8102101e+00
   1.0700000e+03   3.8602078e+00
   1.0800000e+03   3.8813813e+00
   1.0900000e+03   3.9253217e+00
   1.1000000e+03   3.9674532e+00
   1.1100000e+03   3.9975035e+00
   1.1200000e+03   4.0286230e+00
   1.1300000e+03   4.0573703e+00
   1.1400000e+03   4.1077457e+00
   1.1500000e+03   4.1469103e+00
   1.1600000e+03   4.1580048e+00
   1.1700000e+03   4.1994833e+00
   1.1800000e+03   4.2314237e+00
   1.1900000e+03   4.2678585e+00
   1.2000000e+03   4.2977898e+00
   1.2100000e+03   4.3386620e+00
   1.2200000e+03   4.3660512e+00
   1.2300000e+03   4.4063599e+00
   1.2400000e+03   4.4311425e+00
   1.2500000e+03   4.4646269e+00
   1.2600000e+03   4.4917880e+00
   1.2700000e+03   4.5346105e+00
   1.2800000e+03   4.5669421e+00
   1.2900000e+03   4.5968871e+00
   1.3000000e+03   4.6251391e+00
   1.3100000e+03   4.6445601e+00
   1.3200000e+03   4.6811850e+00
   1.3300000e+03   4.7043774e+00
   1.3400000e+03   4.7285771e+00
   1.3500000e+03   4.7628509e+00
   1.3600000e+03   4.7914162e+00
   1.3700000e+03   4.8189823e+00
   1.3800000e+03   4.8417959e+00
   1.3900000e+03   4.8630652e+00
   1.4000000e+03   4.8827748e+00
   1.4100000e+03   4.9153184e+00
   1.4200000e+03   4.9462524e+00
   1.4300000e+03   4.9727117e+00
   1.4400000e+03   5.0046270e+00
   1.4500000e+03   5.0222820e+00
   1.4600000e+03   5.0669544e+00
   1.4700000e+03   5.0894640e+00
   1.4800000e+03   5.1042986e+00
   1.4900000e+03   5.1533763e+00
   1.5000000e+03   5.1590295e+00
   1.5100000e+03   5.1865587e+00
   1.5200000e+03   5.2081171e+00
   1.5300000e+03   5.2216040e+00
   1.5400000e+03   5.2500959e+00
   1.5500000e+03   5.2692997e+00
   1.5600000e+03   5.2838487e+00
   1.5700000e+03   5.3030180e+00
   1.5800000e+03   5.3166949e+00
   1.5900000e+03   5.3364151e+00
   1.6000000e+03   5.3422370e+00
   1.6100000e+03   5.3833424e+00
   1.6200000e+03   5.4027196e+00
   1.6300000e+03   5.4109590e+00
   1.6400000e+03   5.4324270e+00
   1.6500000e+03   5.4510487e+00
   1.6600000e+03   5.4800771e+00
   1.6700000e+03   5.4926184e+00
   1.6800000e+03   5.5103769e+00
   1.6900000e+03   5.5209038e+00
   1.7000000e+03   5.5385140e+00
   1.7100000e+03   5.5707152e+00
   1.7200000e+03   5.5753164e+00
   1.7300000e+03   5.6010126e+00
   1.7400000e+03   5.6246296e+00
   1.7500000e+03   5.6296309e+00
   1.7600000e+03   5.6524066e+00
   1.7700000e+03   5.6721178e+00
   1.7800000e+03   5.6809126e+00
   1.7900000e+03   5.7052176e+00
   1.8000000e+03   5.7194502e+00
   1.8100000e+03   5.7381010e+00
   1.8200000e+03   5.7593936e+00
   1.8300000e+03   5.7586890e+00
   1.8400000e+03   5.7727854e+00
   1.8500000e+03   5.7992037e+00
   1.8600000e+03   5.8031021e+00
   1.8700000e+03   5.8240918e+00
   1.8800000e+03   5.8337015e+00
   1.8900000e+03   5.8568798e+00
   1.9000000e+03   5.8794693e+00
   1.9100000e+03   5.8899282e+00
   1.9200000e+03   5.9031085e+00
   1.9300000e+03   5.9039769e+00
   1.9400000e+03   5.9215655e+00
   1.9500000e+03   5.9425063e+00
   1.9600000e+03   5.9442458e+00
   1.9700000e+03   5.9705090e+00
   1.9800000e+03   5.9801141e+00
   1.9900000e+03   5.9892574e+00
   2.0000000e+03   6.0015344e+00
   2.0100000e+03   6.0183549e+00
   2.0200000e+03   6.0388198e+00
   2.0300000e+03   6.0389923e+00
   2.0400000e+03   6.0573421e+00
   2.0500000e+03   6.0432836e+00
   2.0600000e+03   6.0779820e+00
   2.0700000e+03   6.0919571e+00
   2.0800000e+03   6.1070312e+00
   2.0900000e+03   6.1149148e+00
   2.1000000e+03   6.1218503e+00
   2.1100000e+03   6.1327259e+00
   2.1200000e+03   6.1368295e+00
   2.1300000e+03   6.1497087e+00
   2.1400000e+03   6.1700948e+00
   2.1500000e+03   6.1810037e+00
   2.1600000e+03   6.1906967e+00
   2.1700000e+03   6.1919101e+00
   2.1800000e+03   6.2247819e+00
   2.1900000e+03   6.2545567e+00
   2.2000000e+03   6.2331667e+00
   2.2100000e+03   6.2511568e+00
   2.2200000e+03   6.2594240e+00
   2.2300000e+03   6.2743973e+00
   2.2400000e+03   6.2699533e+00
   2.2500000e+03   6.2873333e+00
   2.2600000e+03   6.2949873e+00
   2.2700000e+03   6.2975576e+00
   2.2800000e+03   6.3173159e+00
   2.2900000e+03   6.3143097e+00
   2.3000000e+03   6.3216375e+00
   2.3100000e+03   6.3372687e+00
   2.3200000e+03   6.3512718e+00
   2.3300000e+03   6.3897364e+00
   2.3400000e+03   6.4101575e+00
   2.3500000e+03   6.4230752e+00
   2.3600000e+03   6.4528370e+00
   2.3700000e+03   6.4798836e+00
   2.3800000e+03   6.4908795e+00
   2.3900000e+03   6.5007853e+00
   2.4000000e+03   6.5059682e+00
   2.4100000e+03   6.5162740e+00
   2.4200000e+03   6.5193217e+00
   2.4300000e+03   6.5307634e+00
   2.4400000e+03   6.5295809e+00
   2.4500000e+03   6.5401183e+00
   2.4600000e+03   6.5432868e+00
   2.4700000e+03   6.5336800e+00
   2.4800000e+03   6.5362826e+00
   2.4900000e+03   6.5330396e+00
   2.5000000e+03   6.5464610e+00
   2.5100000e+03   6.5472272e+00
   2.5200000e+03   6.5454952e+00
   2.5300000e+03   6.5550707e+00
   2.5400000e+03   6.5546436e+00
   2.5500000e+03   6.5492439e+00
   2.5600000e+03   6.5733607e+00
   2.5700000e+03   6.5607032e+00
   2.5800000e+03   6.5625805e+00
   2.5900000e+03   6.5709347e+00
   2.6000000e+03   6.5676432e+00
   2.6100000e+03   6.5799909e+00
   2.6200000e+03   6.5838867e+00
   2.6300000e+03   6.5780536e+00
   2.6400000e+03   6.5869153e+00
   2.6500000e+03   6.6068900e+00
   2.6600000e+03   6.5921775e+00
   2.6700000e+03   6.6115248e+00
   2.6800000e+03   6.6118574e+00
   2.6900000e+03   6.6218020e+00
   2.7000000e+03   6.6211476e+00
   2.7100000e+03   6.6332427e+00
   2.7200000e+03   6.6293635e+00
   2.7300000e+03   6.6328684e+00
   2.7400000e+03   6.6423636e+00
   2.7500000e+03   6.6373184e+00
   2.7600000e+03   6.6414382e+00
   2.7700000e+03   6.6427678e+00
   2.7800000e+03   6.6570033e+00
   2.7900000e+03   6.6518474e+00
   2.8000000e+03   6.6685874e+00
   2.8100000e+03   6.6668803e+00
   2.8200000e+03   6.6610478e+00
   2.8300000e+03   6.6790679e+00
   2.8400000e+03   6.6849046e+00
   2.8500000e+03   6.6882222e+00
   2.8600000e+03   6.6886019e+00
   2.8700000e+03   6.6918209e+00
   2.8800000e+03   6.7019744e+00
   2.8900000e+03   6.7266760e+00
   2.9000000e+03   6.7238222e+00
   2.9100000e+03   6.7321351e+00
   2.9200000e+03   6.7393985e+00
   2.9300000e+03   6.7456718e+00
   2.9400000e+03   6.7611213e+00
   2.9500000e+03   6.7533417e+00
   2.9600000e+03   6.7511980e+00
   2.9700000e+03   6.7603721e+00
   2.9800000e+03   6.7569057e+00
   2.9900000e+03   6.7693557e+00
   3.0000000e+03   6.7764161e+00
   3.0100000e+03   6.7695999e+00
   3.0200000e+03   6.7735379e+00
   3.0300000e+03   6.7717728e+00
   3.0400000e+03   6.7792578e+00
   3.0500000e+03   6.7867214e+00
   3.0600000e+03   6.7784101e+00
   3.0700000e+03   6.7817948e+00
   3.0800000e+03   6.7855547e+00
   3.0900000e+03   6.7888655e+00
   3.1000000e+03   6.7935359e+00
   3.1100000e+03   6.8019962e+00
   3.1200000e+03   6.7970752e+00
   3.1300000e+03   6.8128903e+00
   3.1400000e+03   6.8030135e+00
   3.1500000e+03   6.8103080e+00
   3.1600000e+03   6.8109980e+00
   3.1700000e+03   6.8176250e+00
   3.1800000e+03   6.8062476e+00
   3.1900000e+03   6.8102875e+00
   3.2000000e+03   6.8157240e+00
   3.2100000e+03   6.8352000e+00
   3.2200000e+03   6.8300978e+00
   3.2300000e+03   6.8255310e+00
   3.2400000e+03   6.8443148e+00
   3.2500000e+03   6.8444080e+00
   3.2600000e+03   6.8517022e+00
   3.2700000e+03   6.8459751e+00
   3.2800000e+03   6.8484212e+00
   3.2900000e+03   6.8471055e+00
   3.3000000e+03   6.8556114e+00
   3.3100000e+03   6.8513090e+00
   3.3200000e+03   6.8683912e+00
   3.3300000e+03   6.8608098e+00
   3.3400000e+03   6.8786386e+00
   3.3500000e+03   6.8757909e+00
   3.3600000e+03   6.8705851e+00
   3.3700000e+03   6.8743660e+00
   3.3800000e+03   6.8728849e+00
   3.3900000e+03   6.8793884e+00
   3.4000000e+03   6.8835849e+00
   3.4100000e+03   6.8832907e+00
   3.4200000e+03   6.8906341e+00
   3.4300000e+03   6.8886970e+00
   3.4400000e+03   6.8933337e+00
   3.4500000e+03   6.9008954e+00
   3.4600000e+03   6.8979810e+00
   3.4700000e+03   6.8936295e+00
   3.4800000e+03   6.9077122e+00
   3.4900000e+03   6.9122591e+00
