   0.0000000e+00   1.7366686e+01
   1.0000000e+01   1.7364381e+01
   2.0000000e+01   1.7367347e+01
   3.0000000e+01   1.7367192e+01
   4.0000000e+01   1.7372911e+01
   5.0000000e+01   1.7356656e+01
   6.0000000e+01   1.7366565e+01
   7.0000000e+01   1.7353634e+01
   8.0000000e+01   1.7358410e+01
   9.0000000e+01   1.7374710e+01
   1.0000000e+02   1.7379412e+01
   1.1000000e+02   1.7377908e+01
   1.2000000e+02   1.7398362e+01
   1.3000000e+02   1.7381509e+01
   1.4000000e+02   1.7382181e+01
   1.5000000e+02   1.7398616e+01
   1.6000000e+02   1.7404286e+01
   1.7000000e+02   1.7393741e+01
   1.8000000e+02   1.7414990e+01
   1.9000000e+02   1.7401537e+01
   2.0000000e+02   1.7418376e+01
   2.1000000e+02   1.7406669e+01
   2.2000000e+02   1.7411849e+01
   2.3000000e+02   1.7413657e+01
   2.4000000e+02   1.7409773e+01
   2.5000000e+02   1.7412622e+01
   2.6000000e+02   1.7419003e+01
   2.7000000e+02   1.7425920e+01
   2.8000000e+02   1.7445520e+01
   2.9000000e+02   1.7437299e+01
   3.0000000e+02   1.7446014e+01
   3.1000000e+02   1.7445805e+01
   3.2000000e+02   1.7452230e+01
   3.3000000e+02   1.7449561e+01
   3.4000000e+02   1.7454789e+01
   3.5000000e+02   1.7445328e+01
   3.6000000e+02   1.7462602e+01
   3.7000000e+02   1.7457283e+01
   3.8000000e+02   1.7456717e+01
   3.9000000e+02   1.7476019e+01
   4.0000000e+02   1.7482602e+01
   4.1000000e+02   1.7489259e+01
   4.2000000e+02   1.7498312e+01
   4.3000000e+02   1.7502709e+01
   4.4000000e+02   1.7514634e+01
   4.5000000e+02   1.7496979e+01
   4.6000000e+02   1.7502978e+01
   4.7000000e+02   1.7510493e+01
   4.8000000e+02   1.7512165e+01
   4.9000000e+02   1.7522953e+01
   5.0000000e+02   1.7527888e+01
   5.1000000e+02   1.7529818e+01
   5.2000000e+02   1.7549012e+01
   5.3000000e+02   1.7564626e+01
   5.4000000e+02   1.7569526e+01
   5.5000000e+02   1.7577527e+01
   5.6000000e+02   1.7597760e+01
   5.7000000e+02   1.7588839e+01
   5.8000000e+02   1.7607554e+01
   5.9000000e+02   1.7605742e+01
   6.0000000e+02   1.7600548e+01
   6.1000000e+02   1.7598018e+01
   6.2000000e+02   1.7599030e+01
   6.3000000e+02   1.7608472e+01
   6.4000000e+02   1.7611342e+01
   6.5000000e+02   1.7607079e+01
   6.6000000e+02   1.7614103e+01
   6.7000000e+02   1.7604403e+01
   6.8000000e+02   1.7607004e+01
   6.9000000e+02   1.7607455e+01
   7.0000000e+02   1.7613050e+01
   7.1000000e+02   1.7617361e+01
   7.2000000e+02   1.7614307e+01
   7.3000000e+02   1.7606731e+01
   7.4000000e+02   1.7616078e+01
   7.5000000e+02   1.7614296e+01
   7.6000000e+02   1.7609398e+01
   7.7000000e+02   1.7631684e+01
   7.8000000e+02   1.7620078e+01
   7.9000000e+02   1.7628631e+01
   8.0000000e+02   1.7631662e+01
   8.1000000e+02   1.7641241e+01
   8.2000000e+02   1.7631505e+01
   8.3000000e+02   1.7640729e+01
   8.4000000e+02   1.7632958e+01
   8.5000000e+02   1.7643502e+01
   8.6000000e+02   1.7646753e+01
   8.7000000e+02   1.7651958e+01
   8.8000000e+02   1.7644030e+01
   8.9000000e+02   1.7641282e+01
   9.0000000e+02   1.7643517e+01
   9.1000000e+02   1.7651520e+01
   9.2000000e+02   1.7632620e+01
   9.3000000e+02   1.7642859e+01
   9.4000000e+02   1.7642467e+01
   9.5000000e+02   1.7631924e+01
   9.6000000e+02   1.7633340e+01
   9.7000000e+02   1.7613240e+01
   9.8000000e+02   1.7625649e+01
   9.9000000e+02   1.7627920e+01
   1.0000000e+03   1.7622139e+01
   1.0100000e+03   1.7621074e+01
   1.0200000e+03   1.7625643e+01
   1.0300000e+03   1.7633974e+01
   1.0400000e+03   1.7656198e+01
   1.0500000e+03   1.7666961e+01
   1.0600000e+03   1.7681501e+01
   1.0700000e+03   1.7693804e+01
   1.0800000e+03   1.7683067e+01
   1.0900000e+03   1.7698973e+01
   1.1000000e+03   1.7698498e+01
   1.1100000e+03   1.7684193e+01
   1.1200000e+03   1.7684610e+01
   1.1300000e+03   1.7713099e+01
   1.1400000e+03   1.7701618e+01
   1.1500000e+03   1.7705296e+01
   1.1600000e+03   1.7700997e+01
   1.1700000e+03   1.7703393e+01
   1.1800000e+03   1.7705056e+01
   1.1900000e+03   1.7704384e+01
   1.2000000e+03   1.7715381e+01
   1.2100000e+03   1.7704765e+01
   1.2200000e+03   1.7712281e+01
   1.2300000e+03   1.7710452e+01
   1.2400000e+03   1.7709784e+01
   1.2500000e+03   1.7704145e+01
   1.2600000e+03   1.7703795e+01
   1.2700000e+03   1.7710982e+01
   1.2800000e+03   1.7697355e+01
   1.2900000e+03   1.7703906e+01
   1.3000000e+03   1.7695908e+01
   1.3100000e+03   1.7723702e+01
   1.3200000e+03   1.7751680e+01
   1.3300000e+03   1.7743363e+01
   1.3400000e+03   1.7757058e+01
   1.3500000e+03   1.7748630e+01
   1.3600000e+03   1.7746186e+01
   1.3700000e+03   1.7755226e+01
   1.3800000e+03   1.7746919e+01
   1.3900000e+03   1.7743170e+01
   1.4000000e+03   1.7749072e+01
   1.4100000e+03   1.7746373e+01
   1.4200000e+03   1.7757246e+01
   1.4300000e+03   1.7759289e+01
   1.4400000e+03   1.7745352e+01
   1.4500000e+03   1.7751193e+01
   1.4600000e+03   1.7763288e+01
   1.4700000e+03   1.7769935e+01
   1.4800000e+03   1.7761595e+01
   1.4900000e+03   1.7773728e+01
   1.5000000e+03   1.7765498e+01
   1.5100000e+03   1.7777094e+01
   1.5200000e+03   1.7765015e+01
   1.5300000e+03   1.7773460e+01
   1.5400000e+03   1.7778641e+01
   1.5500000e+03   1.7784887e+01
   1.5600000e+03   1.7792975e+01
   1.5700000e+03   1.7780248e+01
   1.5800000e+03   1.7783536e+01
   1.5900000e+03   1.7783366e+01
   1.6000000e+03   1.7792041e+01
   1.6100000e+03   1.7792264e+01
   1.6200000e+03   1.7804360e+01
   1.6300000e+03   1.7806707e+01
   1.6400000e+03   1.7801822e+01
   1.6500000e+03   1.7806160e+01
   1.6600000e+03   1.7799075e+01
   1.6700000e+03   1.7807506e+01
   1.6800000e+03   1.7808765e+01
   1.6900000e+03   1.7797429e+01
   1.7000000e+03   1.7782944e+01
   1.7100000e+03   1.7780697e+01
   1.7200000e+03   1.7774150e+01
   1.7300000e+03   1.7779198e+01
   1.7400000e+03   1.7780934e+01
   1.7500000e+03   1.7772863e+01
   1.7600000e+03   1.7779388e+01
   1.7700000e+03   1.7783323e+01
   1.7800000e+03   1.7780075e+01
   1.7900000e+03   1.7776449e+01
   1.8000000e+03   1.7789314e+01
   1.8100000e+03   1.7796608e+01
   1.8200000e+03   1.7799006e+01
   1.8300000e+03   1.7792716e+01
   1.8400000e+03   1.7785035e+01
   1.8500000e+03   1.7788555e+01
   1.8600000e+03   1.7778526e+01
   1.8700000e+03   1.7774055e+01
   1.8800000e+03   1.7774250e+01
   1.8900000e+03   1.7783999e+01
   1.9000000e+03   1.7767045e+01
   1.9100000e+03   1.7776686e+01
   1.9200000e+03   1.7775831e+01
   1.9300000e+03   1.7780903e+01
   1.9400000e+03   1.7780797e+01
   1.9500000e+03   1.7784890e+01
   1.9600000e+03   1.7774951e+01
   1.9700000e+03   1.7786644e+01
   1.9800000e+03   1.7784828e+01
   1.9900000e+03   1.7792808e+01
   2.0000000e+03   1.7774170e+01
   2.0100000e+03   1.7776383e+01
   2.0200000e+03   1.7787759e+01
   2.0300000e+03   1.7779111e+01
   2.0400000e+03   1.7790180e+01
   2.0500000e+03   1.7786052e+01
   2.0600000e+03   1.7792297e+01
   2.0700000e+03   1.7788243e+01
   2.0800000e+03   1.7787268e+01
   2.0900000e+03   1.7791582e+01
   2.1000000e+03   1.7788092e+01
   2.1100000e+03   1.7803009e+01
   2.1200000e+03   1.7798772e+01
   2.1300000e+03   1.7787720e+01
   2.1400000e+03   1.7765879e+01
   2.1500000e+03   1.7779381e+01
   2.1600000e+03   1.7782278e+01
   2.1700000e+03   1.7791943e+01
   2.1800000e+03   1.7785143e+01
   2.1900000e+03   1.7806082e+01
   2.2000000e+03   1.7815320e+01
   2.2100000e+03   1.7830307e+01
   2.2200000e+03   1.7846212e+01
   2.2300000e+03   1.7837844e+01
   2.2400000e+03   1.7832018e+01
   2.2500000e+03   1.7824248e+01
   2.2600000e+03   1.7815745e+01
   2.2700000e+03   1.7814133e+01
   2.2800000e+03   1.7812851e+01
   2.2900000e+03   1.7809405e+01
   2.3000000e+03   1.7796225e+01
   2.3100000e+03   1.7814940e+01
   2.3200000e+03   1.7811937e+01
   2.3300000e+03   1.7807794e+01
   2.3400000e+03   1.7823126e+01
   2.3500000e+03   1.7815249e+01
   2.3600000e+03   1.7820052e+01
   2.3700000e+03   1.7813017e+01
   2.3800000e+03   1.7808231e+01
   2.3900000e+03   1.7809626e+01
   2.4000000e+03   1.7820355e+01
   2.4100000e+03   1.7807470e+01
   2.4200000e+03   1.7820679e+01
   2.4300000e+03   1.7814293e+01
   2.4400000e+03   1.7811495e+01
   2.4500000e+03   1.7801429e+01
   2.4600000e+03   1.7795711e+01
   2.4700000e+03   1.7801489e+01
   2.4800000e+03   1.7799901e+01
   2.4900000e+03   1.7796348e+01
   2.5000000e+03   1.7798779e+01
   2.5100000e+03   1.7782791e+01
   2.5200000e+03   1.7802410e+01
   2.5300000e+03   1.7805149e+01
   2.5400000e+03   1.7802611e+01
   2.5500000e+03   1.7816884e+01
   2.5600000e+03   1.7810427e+01
   2.5700000e+03   1.7818384e+01
   2.5800000e+03   1.7814735e+01
   2.5900000e+03   1.7805126e+01
   2.6000000e+03   1.7807550e+01
   2.6100000e+03   1.7807554e+01
   2.6200000e+03   1.7792521e+01
   2.6300000e+03   1.7811973e+01
   2.6400000e+03   1.7789047e+01
   2.6500000e+03   1.7793163e+01
   2.6600000e+03   1.7806917e+01
   2.6700000e+03   1.7808978e+01
   2.6800000e+03   1.7808867e+01
   2.6900000e+03   1.7807680e+01
   2.7000000e+03   1.7809096e+01
   2.7100000e+03   1.7818000e+01
   2.7200000e+03   1.7805684e+01
   2.7300000e+03   1.7791953e+01
   2.7400000e+03   1.7808787e+01
   2.7500000e+03   1.7805097e+01
   2.7600000e+03   1.7820648e+01
   2.7700000e+03   1.7821420e+01
   2.7800000e+03   1.7822960e+01
   2.7900000e+03   1.7835056e+01
   2.8000000e+03   1.7838992e+01
   2.8100000e+03   1.7829234e+01
   2.8200000e+03   1.7823996e+01
   2.8300000e+03   1.7833928e+01
   2.8400000e+03   1.7826137e+01
   2.8500000e+03   1.7825395e+01
   2.8600000e+03   1.7828658e+01
   2.8700000e+03   1.7808858e+01
   2.8800000e+03   1.7812316e+01
   2.8900000e+03   1.7802069e+01
   2.9000000e+03   1.7801582e+01
   2.9100000e+03   1.7815447e+01
   2.9200000e+03   1.7809636e+01
   2.9300000e+03   1.7836449e+01
   2.9400000e+03   1.7823943e+01
   2.9500000e+03   1.7829453e+01
   2.9600000e+03   1.7843366e+01
   2.9700000e+03   1.7824836e+01
   2.9800000e+03   1.7826277e+01
   2.9900000e+03   1.7831615e+01
   3.0000000e+03   1.7832582e+01
   3.0100000e+03   1.7826780e+01
   3.0200000e+03   1.7817023e+01
   3.0300000e+03   1.7821166e+01
   3.0400000e+03   1.7812469e+01
   3.0500000e+03   1.7799275e+01
   3.0600000e+03   1.7810599e+01
   3.0700000e+03   1.7813470e+01
   3.0800000e+03   1.7816461e+01
   3.0900000e+03   1.7813115e+01
   3.1000000e+03   1.7814665e+01
   3.1100000e+03   1.7797343e+01
   3.1200000e+03   1.7791921e+01
   3.1300000e+03   1.7790637e+01
   3.1400000e+03   1.7813282e+01
   3.1500000e+03   1.7809484e+01
   3.1600000e+03   1.7819000e+01
   3.1700000e+03   1.7823142e+01
   3.1800000e+03   1.7822658e+01
   3.1900000e+03   1.7840384e+01
   3.2000000e+03   1.7820636e+01
   3.2100000e+03   1.7836508e+01
   3.2200000e+03   1.7833544e+01
   3.2300000e+03   1.7831458e+01
   3.2400000e+03   1.7834976e+01
   3.2500000e+03   1.7848391e+01
   3.2600000e+03   1.7853987e+01
   3.2700000e+03   1.7840626e+01
   3.2800000e+03   1.7846163e+01
   3.2900000e+03   1.7861631e+01
   3.3000000e+03   1.7857859e+01
   3.3100000e+03   1.7866817e+01
   3.3200000e+03   1.7867835e+01
   3.3300000e+03   1.7873543e+01
   3.3400000e+03   1.7875769e+01
   3.3500000e+03   1.7875758e+01
   3.3600000e+03   1.7874721e+01
   3.3700000e+03   1.7868456e+01
   3.3800000e+03   1.7860590e+01
   3.3900000e+03   1.7868249e+01
   3.4000000e+03   1.7863118e+01
   3.4100000e+03   1.7853614e+01
   3.4200000e+03   1.7859453e+01
   3.4300000e+03   1.7852307e+01
   3.4400000e+03   1.7852661e+01
   3.4500000e+03   1.7852845e+01
   3.4600000e+03   1.7852859e+01
   3.4700000e+03   1.7849782e+01
   3.4800000e+03   1.7847903e+01
   3.4900000e+03   1.7852996e+01
