   0.0000000e+00   1.8081571e+01
   1.0000000e+01   1.8107111e+01
   2.0000000e+01   1.8789754e+01
   3.0000000e+01   1.9527077e+01
   4.0000000e+01   1.9936920e+01
   5.0000000e+01   2.0197539e+01
   6.0000000e+01   2.0399436e+01
   7.0000000e+01   2.0461805e+01
   8.0000000e+01   2.0510569e+01
   9.0000000e+01   2.0603707e+01
   1.0000000e+02   2.0656791e+01
   1.1000000e+02   2.0668953e+01
   1.2000000e+02   2.0714358e+01
   1.3000000e+02   2.0695931e+01
   1.4000000e+02   2.0698221e+01
   1.5000000e+02   2.0766706e+01
   1.6000000e+02   2.0748977e+01
   1.7000000e+02   2.0743090e+01
   1.8000000e+02   2.0765671e+01
   1.9000000e+02   2.0787215e+01
   2.0000000e+02   2.0822992e+01
   2.1000000e+02   2.0834701e+01
   2.2000000e+02   2.0842644e+01
   2.3000000e+02   2.0850235e+01
   2.4000000e+02   2.0859327e+01
   2.5000000e+02   2.0852676e+01
   2.6000000e+02   2.0874549e+01
   2.7000000e+02   2.0865472e+01
   2.8000000e+02   2.0884787e+01
   2.9000000e+02   2.0865477e+01
   3.0000000e+02   2.0926022e+01
   3.1000000e+02   2.0968640e+01
   3.2000000e+02   2.0948657e+01
   3.3000000e+02   2.0989978e+01
   3.4000000e+02   2.0976904e+01
   3.5000000e+02   2.1005896e+01
   3.6000000e+02   2.1019184e+01
   3.7000000e+02   2.1046981e+01
   3.8000000e+02   2.1063778e+01
   3.9000000e+02   2.1088114e+01
   4.0000000e+02   2.1040747e+01
   4.1000000e+02   2.1084419e+01
   4.2000000e+02   2.1074696e+01
   4.3000000e+02   2.1055008e+01
   4.4000000e+02   2.1112497e+01
   4.5000000e+02   2.1119660e+01
   4.6000000e+02   2.1147860e+01
   4.7000000e+02   2.1178265e+01
   4.8000000e+02   2.1183405e+01
   4.9000000e+02   2.1158749e+01
   5.0000000e+02   2.1151403e+01
   5.1000000e+02   2.1166056e+01
   5.2000000e+02   2.1237035e+01
   5.3000000e+02   2.1172524e+01
   5.4000000e+02   2.1183890e+01
   5.5000000e+02   2.1216169e+01
   5.6000000e+02   2.1205559e+01
   5.7000000e+02   2.1194351e+01
   5.8000000e+02   2.1229905e+01
   5.9000000e+02   2.1207964e+01
   6.0000000e+02   2.1251618e+01
   6.1000000e+02   2.1248169e+01
   6.2000000e+02   2.1226498e+01
   6.3000000e+02   2.1269700e+01
   6.4000000e+02   2.1275108e+01
   6.5000000e+02   2.1270395e+01
   6.6000000e+02   2.1296374e+01
   6.7000000e+02   2.1286703e+01
   6.8000000e+02   2.1278420e+01
   6.9000000e+02   2.1328624e+01
   7.0000000e+02   2.1340682e+01
   7.1000000e+02   2.1357939e+01
   7.2000000e+02   2.1372018e+01
   7.3000000e+02   2.1380664e+01
   7.4000000e+02   2.1342774e+01
   7.5000000e+02   2.1359742e+01
   7.6000000e+02   2.1368281e+01
   7.7000000e+02   2.1398829e+01
   7.8000000e+02   2.1411093e+01
   7.9000000e+02   2.1390232e+01
   8.0000000e+02   2.1402509e+01
   8.1000000e+02   2.1408818e+01
   8.2000000e+02   2.1412534e+01
   8.3000000e+02   2.1422192e+01
   8.4000000e+02   2.1437585e+01
   8.5000000e+02   2.1435832e+01
   8.6000000e+02   2.1417784e+01
   8.7000000e+02   2.1452128e+01
   8.8000000e+02   2.1451399e+01
   8.9000000e+02   2.1445651e+01
   9.0000000e+02   2.1447185e+01
   9.1000000e+02   2.1473211e+01
   9.2000000e+02   2.1454370e+01
   9.3000000e+02   2.1468973e+01
   9.4000000e+02   2.1493804e+01
   9.5000000e+02   2.1478667e+01
   9.6000000e+02   2.1511315e+01
   9.7000000e+02   2.1511640e+01
   9.8000000e+02   2.1525398e+01
   9.9000000e+02   2.1524422e+01
   1.0000000e+03   2.1526989e+01
   1.0100000e+03   2.1555080e+01
   1.0200000e+03   2.1524003e+01
   1.0300000e+03   2.1538324e+01
   1.0400000e+03   2.1536875e+01
   1.0500000e+03   2.1525855e+01
   1.0600000e+03   2.1516980e+01
   1.0700000e+03   2.1541738e+01
   1.0800000e+03   2.1533580e+01
   1.0900000e+03   2.1536711e+01
   1.1000000e+03   2.1545029e+01
   1.1100000e+03   2.1542570e+01
   1.1200000e+03   2.1525169e+01
   1.1300000e+03   2.1565599e+01
   1.1400000e+03   2.1551609e+01
   1.1500000e+03   2.1543245e+01
   1.1600000e+03   2.1569499e+01
   1.1700000e+03   2.1571425e+01
   1.1800000e+03   2.1557350e+01
   1.1900000e+03   2.1571488e+01
   1.2000000e+03   2.1582449e+01
   1.2100000e+03   2.1561919e+01
   1.2200000e+03   2.1561544e+01
   1.2300000e+03   2.1584245e+01
   1.2400000e+03   2.1584042e+01
   1.2500000e+03   2.1576802e+01
   1.2600000e+03   2.1608613e+01
   1.2700000e+03   2.1607448e+01
   1.2800000e+03   2.1605895e+01
   1.2900000e+03   2.1635792e+01
   1.3000000e+03   2.1616020e+01
   1.3100000e+03   2.1626835e+01
   1.3200000e+03   2.1618401e+01
   1.3300000e+03   2.1606639e+01
   1.3400000e+03   2.1629545e+01
   1.3500000e+03   2.1632712e+01
   1.3600000e+03   2.1647859e+01
   1.3700000e+03   2.1666354e+01
   1.3800000e+03   2.1657843e+01
   1.3900000e+03   2.1672383e+01
   1.4000000e+03   2.1631996e+01
   1.4100000e+03   2.1671642e+01
   1.4200000e+03   2.1678779e+01
   1.4300000e+03   2.1680352e+01
   1.4400000e+03   2.1691214e+01
   1.4500000e+03   2.1677140e+01
   1.4600000e+03   2.1680174e+01
   1.4700000e+03   2.1709702e+01
   1.4800000e+03   2.1703240e+01
   1.4900000e+03   2.1700065e+01
   1.5000000e+03   2.1696952e+01
   1.5100000e+03   2.1683062e+01
   1.5200000e+03   2.1691843e+01
   1.5300000e+03   2.1712752e+01
   1.5400000e+03   2.1708200e+01
   1.5500000e+03   2.1728538e+01
   1.5600000e+03   2.1737524e+01
   1.5700000e+03   2.1715817e+01
   1.5800000e+03   2.1719094e+01
   1.5900000e+03   2.1730492e+01
   1.6000000e+03   2.1730348e+01
   1.6100000e+03   2.1729413e+01
   1.6200000e+03   2.1734298e+01
   1.6300000e+03   2.1733168e+01
   1.6400000e+03   2.1759066e+01
   1.6500000e+03   2.1754830e+01
   1.6600000e+03   2.1751007e+01
   1.6700000e+03   2.1745530e+01
   1.6800000e+03   2.1770612e+01
   1.6900000e+03   2.1793087e+01
   1.7000000e+03   2.1803170e+01
   1.7100000e+03   2.1804862e+01
   1.7200000e+03   2.1804121e+01
   1.7300000e+03   2.1816785e+01
   1.7400000e+03   2.1840028e+01
   1.7500000e+03   2.1828052e+01
   1.7600000e+03   2.1838255e+01
   1.7700000e+03   2.1841714e+01
   1.7800000e+03   2.1856751e+01
   1.7900000e+03   2.1847817e+01
   1.8000000e+03   2.1822472e+01
   1.8100000e+03   2.1866058e+01
   1.8200000e+03   2.1843928e+01
   1.8300000e+03   2.1882534e+01
   1.8400000e+03   2.1885288e+01
   1.8500000e+03   2.1861270e+01
   1.8600000e+03   2.1870936e+01
   1.8700000e+03   2.1874113e+01
   1.8800000e+03   2.1885410e+01
   1.8900000e+03   2.1886799e+01
   1.9000000e+03   2.1896966e+01
   1.9100000e+03   2.1912587e+01
   1.9200000e+03   2.1913354e+01
   1.9300000e+03   2.1903837e+01
   1.9400000e+03   2.1900724e+01
   1.9500000e+03   2.1903184e+01
   1.9600000e+03   2.1924736e+01
   1.9700000e+03   2.1933150e+01
   1.9800000e+03   2.1945449e+01
   1.9900000e+03   2.1957102e+01
   2.0000000e+03   2.1948937e+01
   2.0100000e+03   2.1951605e+01
   2.0200000e+03   2.1960165e+01
   2.0300000e+03   2.1971207e+01
   2.0400000e+03   2.1967203e+01
   2.0500000e+03   2.1996164e+01
   2.0600000e+03   2.1988742e+01
   2.0700000e+03   2.1974062e+01
   2.0800000e+03   2.1979567e+01
   2.0900000e+03   2.1988723e+01
   2.1000000e+03   2.2001665e+01
   2.1100000e+03   2.2001959e+01
   2.1200000e+03   2.1998201e+01
   2.1300000e+03   2.2002682e+01
   2.1400000e+03   2.2005435e+01
   2.1500000e+03   2.2029527e+01
   2.1600000e+03   2.2042821e+01
   2.1700000e+03   2.2028631e+01
   2.1800000e+03   2.2039432e+01
   2.1900000e+03   2.2063071e+01
   2.2000000e+03   2.2034348e+01
   2.2100000e+03   2.2043038e+01
   2.2200000e+03   2.2039461e+01
   2.2300000e+03   2.2032279e+01
   2.2400000e+03   2.2038499e+01
   2.2500000e+03   2.2047408e+01
   2.2600000e+03   2.2023440e+01
   2.2700000e+03   2.2059530e+01
   2.2800000e+03   2.2065654e+01
   2.2900000e+03   2.2073089e+01
   2.3000000e+03   2.2059031e+01
   2.3100000e+03   2.2086005e+01
   2.3200000e+03   2.2095038e+01
   2.3300000e+03   2.2089060e+01
   2.3400000e+03   2.2069648e+01
   2.3500000e+03   2.2042835e+01
   2.3600000e+03   2.2086011e+01
   2.3700000e+03   2.2103052e+01
   2.3800000e+03   2.2099670e+01
   2.3900000e+03   2.2107536e+01
   2.4000000e+03   2.2120076e+01
   2.4100000e+03   2.2092899e+01
   2.4200000e+03   2.2105136e+01
   2.4300000e+03   2.2153811e+01
   2.4400000e+03   2.2157961e+01
   2.4500000e+03   2.2144000e+01
   2.4600000e+03   2.2125122e+01
   2.4700000e+03   2.2148223e+01
   2.4800000e+03   2.2166297e+01
   2.4900000e+03   2.2179174e+01
   2.5000000e+03   2.2149916e+01
   2.5100000e+03   2.2160117e+01
   2.5200000e+03   2.2195157e+01
   2.5300000e+03   2.2196036e+01
   2.5400000e+03   2.2153734e+01
   2.5500000e+03   2.2172811e+01
   2.5600000e+03   2.2195283e+01
   2.5700000e+03   2.2156731e+01
   2.5800000e+03   2.2172983e+01
   2.5900000e+03   2.2194626e+01
   2.6000000e+03   2.2181548e+01
   2.6100000e+03   2.2216932e+01
   2.6200000e+03   2.2208197e+01
   2.6300000e+03   2.2206998e+01
   2.6400000e+03   2.2248439e+01
   2.6500000e+03   2.2246528e+01
   2.6600000e+03   2.2286358e+01
   2.6700000e+03   2.2256272e+01
   2.6800000e+03   2.2248531e+01
   2.6900000e+03   2.2239025e+01
   2.7000000e+03   2.2297316e+01
   2.7100000e+03   2.2266648e+01
   2.7200000e+03   2.2260389e+01
   2.7300000e+03   2.2252491e+01
   2.7400000e+03   2.2269493e+01
   2.7500000e+03   2.2290788e+01
   2.7600000e+03   2.2303969e+01
   2.7700000e+03   2.2274448e+01
   2.7800000e+03   2.2254710e+01
   2.7900000e+03   2.2290808e+01
   2.8000000e+03   2.2298892e+01
   2.8100000e+03   2.2309055e+01
   2.8200000e+03   2.2301524e+01
   2.8300000e+03   2.2315581e+01
   2.8400000e+03   2.2306432e+01
   2.8500000e+03   2.2336675e+01
   2.8600000e+03   2.2337613e+01
   2.8700000e+03   2.2354651e+01
   2.8800000e+03   2.2351622e+01
   2.8900000e+03   2.2316212e+01
   2.9000000e+03   2.2363818e+01
   2.9100000e+03   2.2360984e+01
   2.9200000e+03   2.2323288e+01
   2.9300000e+03   2.2353930e+01
   2.9400000e+03   2.2372915e+01
   2.9500000e+03   2.2352971e+01
   2.9600000e+03   2.2382784e+01
   2.9700000e+03   2.2352765e+01
   2.9800000e+03   2.2386338e+01
   2.9900000e+03   2.2383101e+01
   3.0000000e+03   2.2384989e+01
   3.0100000e+03   2.2358401e+01
   3.0200000e+03   2.2385905e+01
   3.0300000e+03   2.2432340e+01
   3.0400000e+03   2.2419978e+01
   3.0500000e+03   2.2414234e+01
   3.0600000e+03   2.2397076e+01
   3.0700000e+03   2.2390919e+01
   3.0800000e+03   2.2430659e+01
   3.0900000e+03   2.2410911e+01
   3.1000000e+03   2.2398122e+01
   3.1100000e+03   2.2421557e+01
   3.1200000e+03   2.2409682e+01
   3.1300000e+03   2.2417651e+01
   3.1400000e+03   2.2477660e+01
   3.1500000e+03   2.2417467e+01
   3.1600000e+03   2.2462086e+01
   3.1700000e+03   2.2390613e+01
   3.1800000e+03   2.2416487e+01
   3.1900000e+03   2.2441081e+01
   3.2000000e+03   2.2436205e+01
   3.2100000e+03   2.2421268e+01
   3.2200000e+03   2.2423863e+01
   3.2300000e+03   2.2403752e+01
   3.2400000e+03   2.2382519e+01
   3.2500000e+03   2.2446976e+01
   3.2600000e+03   2.2443534e+01
   3.2700000e+03   2.2434849e+01
   3.2800000e+03   2.2469956e+01
   3.2900000e+03   2.2449299e+01
   3.3000000e+03   2.2444849e+01
   3.3100000e+03   2.2472035e+01
   3.3200000e+03   2.2492006e+01
   3.3300000e+03   2.2478273e+01
   3.3400000e+03   2.2473092e+01
   3.3500000e+03   2.2479786e+01
   3.3600000e+03   2.2462801e+01
   3.3700000e+03   2.2461415e+01
   3.3800000e+03   2.2484558e+01
   3.3900000e+03   2.2482709e+01
   3.4000000e+03   2.2541865e+01
   3.4100000e+03   2.2496103e+01
   3.4200000e+03   2.2505849e+01
   3.4300000e+03   2.2486017e+01
   3.4400000e+03   2.2510874e+01
   3.4500000e+03   2.2486784e+01
   3.4600000e+03   2.2514770e+01
   3.4700000e+03   2.2502689e+01
   3.4800000e+03   2.2526477e+01
   3.4900000e+03   2.2563914e+01
