   0.0000000e+00   1.8481912e+01
   1.0000000e+01   1.8603272e+01
   2.0000000e+01   1.9460061e+01
   3.0000000e+01   2.0214431e+01
   4.0000000e+01   2.0792533e+01
   5.0000000e+01   2.1246252e+01
   6.0000000e+01   2.1641374e+01
   7.0000000e+01   2.2030978e+01
   8.0000000e+01   2.2357934e+01
   9.0000000e+01   2.2645013e+01
   1.0000000e+02   2.2923090e+01
   1.1000000e+02   2.3159992e+01
   1.2000000e+02   2.3387254e+01
   1.3000000e+02   2.3572217e+01
   1.4000000e+02   2.3748753e+01
   1.5000000e+02   2.3905784e+01
   1.6000000e+02   2.4037164e+01
   1.7000000e+02   2.4191747e+01
   1.8000000e+02   2.4314920e+01
   1.9000000e+02   2.4432660e+01
   2.0000000e+02   2.4508933e+01
   2.1000000e+02   2.4585139e+01
   2.2000000e+02   2.4661776e+01
   2.3000000e+02   2.4712482e+01
   2.4000000e+02   2.4755578e+01
   2.5000000e+02   2.4820777e+01
   2.6000000e+02   2.4874197e+01
   2.7000000e+02   2.4902509e+01
   2.8000000e+02   2.4960914e+01
   2.9000000e+02   2.4993495e+01
   3.0000000e+02   2.5018846e+01
   3.1000000e+02   2.5051791e+01
   3.2000000e+02   2.5079130e+01
   3.3000000e+02   2.5124272e+01
   3.4000000e+02   2.5120994e+01
   3.5000000e+02   2.5131541e+01
   3.6000000e+02   2.5147042e+01
   3.7000000e+02   2.5183652e+01
   3.8000000e+02   2.5199844e+01
   3.9000000e+02   2.5195853e+01
   4.0000000e+02   2.5221673e+01
   4.1000000e+02   2.5216698e+01
   4.2000000e+02   2.5229529e+01
   4.3000000e+02   2.5221042e+01
   4.4000000e+02   2.5244321e+01
   4.5000000e+02   2.5254984e+01
   4.6000000e+02   2.5263875e+01
   4.7000000e+02   2.5286581e+01
   4.8000000e+02   2.5297234e+01
   4.9000000e+02   2.5319866e+01
   5.0000000e+02   2.5349998e+01
   5.1000000e+02   2.5351926e+01
   5.2000000e+02   2.5376886e+01
   5.3000000e+02   2.5374608e+01
   5.4000000e+02   2.5381731e+01
   5.5000000e+02   2.5408810e+01
   5.6000000e+02   2.5420898e+01
   5.7000000e+02   2.5434759e+01
   5.8000000e+02   2.5459490e+01
   5.9000000e+02   2.5475233e+01
   6.0000000e+02   2.5478049e+01
   6.1000000e+02   2.5528526e+01
   6.2000000e+02   2.5537222e+01
   6.3000000e+02   2.5556101e+01
   6.4000000e+02   2.5578034e+01
   6.5000000e+02   2.5566504e+01
   6.6000000e+02   2.5559886e+01
   6.7000000e+02   2.5562553e+01
   6.8000000e+02   2.5588984e+01
   6.9000000e+02   2.5583170e+01
   7.0000000e+02   2.5594376e+01
   7.1000000e+02   2.5600265e+01
   7.2000000e+02   2.5601960e+01
   7.3000000e+02   2.5610566e+01
   7.4000000e+02   2.5623407e+01
   7.5000000e+02   2.5640020e+01
   7.6000000e+02   2.5621477e+01
   7.7000000e+02   2.5624431e+01
   7.8000000e+02   2.5622879e+01
   7.9000000e+02   2.5613809e+01
   8.0000000e+02   2.5632672e+01
   8.1000000e+02   2.5628250e+01
   8.2000000e+02   2.5595620e+01
   8.3000000e+02   2.5625945e+01
   8.4000000e+02   2.5604999e+01
   8.5000000e+02   2.5656475e+01
   8.6000000e+02   2.5655289e+01
   8.7000000e+02   2.5669085e+01
   8.8000000e+02   2.5651244e+01
   8.9000000e+02   2.5669328e+01
   9.0000000e+02   2.5678155e+01
   9.1000000e+02   2.5673615e+01
   9.2000000e+02   2.5693979e+01
   9.3000000e+02   2.5705843e+01
   9.4000000e+02   2.5700977e+01
   9.5000000e+02   2.5715425e+01
   9.6000000e+02   2.5713046e+01
   9.7000000e+02   2.5701352e+01
   9.8000000e+02   2.5700881e+01
   9.9000000e+02   2.5732653e+01
   1.0000000e+03   2.5701330e+01
   1.0100000e+03   2.5720264e+01
   1.0200000e+03   2.5730926e+01
   1.0300000e+03   2.5723282e+01
   1.0400000e+03   2.5735388e+01
   1.0500000e+03   2.5730772e+01
   1.0600000e+03   2.5737088e+01
   1.0700000e+03   2.5782756e+01
   1.0800000e+03   2.5764670e+01
   1.0900000e+03   2.5768579e+01
   1.1000000e+03   2.5780598e+01
   1.1100000e+03   2.5803628e+01
   1.1200000e+03   2.5805137e+01
   1.1300000e+03   2.5798290e+01
   1.1400000e+03   2.5802396e+01
   1.1500000e+03   2.5817918e+01
   1.1600000e+03   2.5811689e+01
   1.1700000e+03   2.5830210e+01
   1.1800000e+03   2.5828164e+01
   1.1900000e+03   2.5843274e+01
   1.2000000e+03   2.5838305e+01
   1.2100000e+03   2.5854613e+01
   1.2200000e+03   2.5839737e+01
   1.2300000e+03   2.5840275e+01
   1.2400000e+03   2.5849076e+01
   1.2500000e+03   2.5859868e+01
   1.2600000e+03   2.5847303e+01
   1.2700000e+03   2.5869019e+01
   1.2800000e+03   2.5869677e+01
   1.2900000e+03   2.5894229e+01
   1.3000000e+03   2.5894739e+01
   1.3100000e+03   2.5882758e+01
   1.3200000e+03   2.5906136e+01
   1.3300000e+03   2.5908057e+01
   1.3400000e+03   2.5916974e+01
   1.3500000e+03   2.5924183e+01
   1.3600000e+03   2.5908647e+01
   1.3700000e+03   2.5891885e+01
   1.3800000e+03   2.5923390e+01
   1.3900000e+03   2.5931463e+01
   1.4000000e+03   2.5947889e+01
   1.4100000e+03   2.5974809e+01
   1.4200000e+03   2.5965327e+01
   1.4300000e+03   2.5988485e+01
   1.4400000e+03   2.5993349e+01
   1.4500000e+03   2.5996206e+01
   1.4600000e+03   2.5987293e+01
   1.4700000e+03   2.6003058e+01
   1.4800000e+03   2.5989508e+01
   1.4900000e+03   2.6017253e+01
   1.5000000e+03   2.6009986e+01
   1.5100000e+03   2.6002185e+01
   1.5200000e+03   2.6016082e+01
   1.5300000e+03   2.6024464e+01
   1.5400000e+03   2.6036981e+01
   1.5500000e+03   2.6022952e+01
   1.5600000e+03   2.6041611e+01
   1.5700000e+03   2.6038840e+01
   1.5800000e+03   2.6041652e+01
   1.5900000e+03   2.6045191e+01
   1.6000000e+03   2.6022194e+01
   1.6100000e+03   2.6050983e+01
   1.6200000e+03   2.6054412e+01
   1.6300000e+03   2.6061248e+01
   1.6400000e+03   2.6060772e+01
   1.6500000e+03   2.6044784e+01
   1.6600000e+03   2.6049316e+01
   1.6700000e+03   2.6077726e+01
   1.6800000e+03   2.6076547e+01
   1.6900000e+03   2.6064236e+01
   1.7000000e+03   2.6088256e+01
   1.7100000e+03   2.6073144e+01
   1.7200000e+03   2.6074969e+01
   1.7300000e+03   2.6094383e+01
   1.7400000e+03   2.6114257e+01
   1.7500000e+03   2.6115330e+01
   1.7600000e+03   2.6110172e+01
   1.7700000e+03   2.6102648e+01
   1.7800000e+03   2.6106584e+01
   1.7900000e+03   2.6119313e+01
   1.8000000e+03   2.6128674e+01
   1.8100000e+03   2.6113412e+01
   1.8200000e+03   2.6115071e+01
   1.8300000e+03   2.6105151e+01
   1.8400000e+03   2.6110461e+01
   1.8500000e+03   2.6136359e+01
   1.8600000e+03   2.6116978e+01
   1.8700000e+03   2.6126401e+01
   1.8800000e+03   2.6127694e+01
   1.8900000e+03   2.6115339e+01
   1.9000000e+03   2.6149861e+01
   1.9100000e+03   2.6130114e+01
   1.9200000e+03   2.6150178e+01
   1.9300000e+03   2.6167634e+01
   1.9400000e+03   2.6169287e+01
   1.9500000e+03   2.6149401e+01
   1.9600000e+03   2.6173947e+01
   1.9700000e+03   2.6187022e+01
   1.9800000e+03   2.6199141e+01
   1.9900000e+03   2.6190064e+01
   2.0000000e+03   2.6177432e+01
   2.0100000e+03   2.6153897e+01
   2.0200000e+03   2.6184919e+01
   2.0300000e+03   2.6187395e+01
   2.0400000e+03   2.6209163e+01
   2.0500000e+03   2.6164260e+01
   2.0600000e+03   2.6174696e+01
   2.0700000e+03   2.6180809e+01
   2.0800000e+03   2.6186407e+01
   2.0900000e+03   2.6195657e+01
   2.1000000e+03   2.6146591e+01
   2.1100000e+03   2.6157215e+01
   2.1200000e+03   2.6125137e+01
   2.1300000e+03   2.6164488e+01
   2.1400000e+03   2.6141980e+01
   2.1500000e+03   2.6149642e+01
   2.1600000e+03   2.6145262e+01
   2.1700000e+03   2.6122510e+01
   2.1800000e+03   2.6138962e+01
   2.1900000e+03   2.6165687e+01
   2.2000000e+03   2.6110466e+01
   2.2100000e+03   2.6141327e+01
   2.2200000e+03   2.6151192e+01
   2.2300000e+03   2.6154157e+01
   2.2400000e+03   2.6200870e+01
   2.2500000e+03   2.6135503e+01
   2.2600000e+03   2.6172405e+01
   2.2700000e+03   2.6172437e+01
   2.2800000e+03   2.6194463e+01
   2.2900000e+03   2.6144460e+01
   2.3000000e+03   2.6180576e+01
   2.3100000e+03   2.6185811e+01
   2.3200000e+03   2.6205779e+01
   2.3300000e+03   2.6205009e+01
   2.3400000e+03   2.6165260e+01
   2.3500000e+03   2.6158572e+01
   2.3600000e+03   2.6161788e+01
   2.3700000e+03   2.6163906e+01
   2.3800000e+03   2.6164746e+01
   2.3900000e+03   2.6130859e+01
   2.4000000e+03   2.6130734e+01
   2.4100000e+03   2.6185031e+01
   2.4200000e+03   2.6146140e+01
   2.4300000e+03   2.6159177e+01
   2.4400000e+03   2.6164908e+01
   2.4500000e+03   2.6149163e+01
   2.4600000e+03   2.6197024e+01
   2.4700000e+03   2.6137435e+01
   2.4800000e+03   2.6161231e+01
   2.4900000e+03   2.6179651e+01
   2.5000000e+03   2.6191438e+01
   2.5100000e+03   2.6215473e+01
   2.5200000e+03   2.6192087e+01
   2.5300000e+03   2.6189436e+01
   2.5400000e+03   2.6211128e+01
   2.5500000e+03   2.6209884e+01
   2.5600000e+03   2.6222903e+01
   2.5700000e+03   2.6248050e+01
   2.5800000e+03   2.6230341e+01
   2.5900000e+03   2.6243981e+01
   2.6000000e+03   2.6233553e+01
   2.6100000e+03   2.6238047e+01
   2.6200000e+03   2.6190559e+01
   2.6300000e+03   2.6268367e+01
   2.6400000e+03   2.6243808e+01
   2.6500000e+03   2.6275270e+01
   2.6600000e+03   2.6302050e+01
   2.6700000e+03   2.6265384e+01
   2.6800000e+03   2.6282303e+01
   2.6900000e+03   2.6300986e+01
   2.7000000e+03   2.6289966e+01
   2.7100000e+03   2.6267484e+01
   2.7200000e+03   2.6305771e+01
   2.7300000e+03   2.6281164e+01
   2.7400000e+03   2.6312530e+01
   2.7500000e+03   2.6323388e+01
   2.7600000e+03   2.6306768e+01
   2.7700000e+03   2.6274460e+01
   2.7800000e+03   2.6298579e+01
   2.7900000e+03   2.6320155e+01
   2.8000000e+03   2.6314061e+01
   2.8100000e+03   2.6301069e+01
   2.8200000e+03   2.6289486e+01
   2.8300000e+03   2.6337195e+01
   2.8400000e+03   2.6324133e+01
   2.8500000e+03   2.6323989e+01
   2.8600000e+03   2.6320683e+01
   2.8700000e+03   2.6343017e+01
   2.8800000e+03   2.6327353e+01
   2.8900000e+03   2.6338424e+01
   2.9000000e+03   2.6334423e+01
   2.9100000e+03   2.6362534e+01
   2.9200000e+03   2.6377388e+01
   2.9300000e+03   2.6330207e+01
   2.9400000e+03   2.6364753e+01
   2.9500000e+03   2.6366200e+01
   2.9600000e+03   2.6353924e+01
   2.9700000e+03   2.6382895e+01
   2.9800000e+03   2.6361235e+01
   2.9900000e+03   2.6387487e+01
   3.0000000e+03   2.6367124e+01
   3.0100000e+03   2.6349491e+01
   3.0200000e+03   2.6362868e+01
   3.0300000e+03   2.6375158e+01
   3.0400000e+03   2.6385856e+01
   3.0500000e+03   2.6393078e+01
   3.0600000e+03   2.6371188e+01
   3.0700000e+03   2.6366505e+01
   3.0800000e+03   2.6368416e+01
   3.0900000e+03   2.6376099e+01
   3.1000000e+03   2.6378228e+01
   3.1100000e+03   2.6428830e+01
   3.1200000e+03   2.6374621e+01
   3.1300000e+03   2.6389490e+01
   3.1400000e+03   2.6413260e+01
   3.1500000e+03   2.6428836e+01
   3.1600000e+03   2.6391978e+01
   3.1700000e+03   2.6431304e+01
   3.1800000e+03   2.6438142e+01
   3.1900000e+03   2.6373531e+01
   3.2000000e+03   2.6418119e+01
   3.2100000e+03   2.6422592e+01
   3.2200000e+03   2.6419341e+01
   3.2300000e+03   2.6401420e+01
   3.2400000e+03   2.6469930e+01
   3.2500000e+03   2.6436162e+01
   3.2600000e+03   2.6472699e+01
   3.2700000e+03   2.6429435e+01
   3.2800000e+03   2.6392256e+01
   3.2900000e+03   2.6459817e+01
   3.3000000e+03   2.6463473e+01
   3.3100000e+03   2.6463093e+01
   3.3200000e+03   2.6482912e+01
   3.3300000e+03   2.6467511e+01
   3.3400000e+03   2.6450531e+01
   3.3500000e+03   2.6492373e+01
   3.3600000e+03   2.6476350e+01
   3.3700000e+03   2.6483810e+01
   3.3800000e+03   2.6468050e+01
   3.3900000e+03   2.6494583e+01
   3.4000000e+03   2.6446256e+01
   3.4100000e+03   2.6465541e+01
   3.4200000e+03   2.6497980e+01
   3.4300000e+03   2.6523916e+01
   3.4400000e+03   2.6475569e+01
   3.4500000e+03   2.6545538e+01
   3.4600000e+03   2.6509691e+01
   3.4700000e+03   2.6500049e+01
   3.4800000e+03   2.6516183e+01
   3.4900000e+03   2.6542373e+01
