   0.0000000e+00  -9.0029226e-03
   1.0000000e+01   4.7018487e-03
   2.0000000e+01   1.2478147e+00
   3.0000000e+01   3.4698929e+00
   4.0000000e+01   5.7186735e+00
   5.0000000e+01   7.9318487e+00
   6.0000000e+01   9.8065013e+00
   7.0000000e+01   1.1468357e+01
   8.0000000e+01   1.2977706e+01
   9.0000000e+01   1.4246195e+01
   1.0000000e+02   1.5404284e+01
   1.1000000e+02   1.6257186e+01
   1.2000000e+02   1.7016573e+01
   1.3000000e+02   1.7663863e+01
   1.4000000e+02   1.8214816e+01
   1.5000000e+02   1.8671726e+01
   1.6000000e+02   1.9080026e+01
   1.7000000e+02   1.9417781e+01
   1.8000000e+02   1.9746763e+01
   1.9000000e+02   2.0011526e+01
   2.0000000e+02   2.0258341e+01
   2.1000000e+02   2.0430420e+01
   2.2000000e+02   2.0593533e+01
   2.3000000e+02   2.0736013e+01
   2.4000000e+02   2.0875625e+01
   2.5000000e+02   2.0990411e+01
   2.6000000e+02   2.1106826e+01
   2.7000000e+02   2.1186205e+01
   2.8000000e+02   2.1289618e+01
   2.9000000e+02   2.1329801e+01
   3.0000000e+02   2.1434134e+01
   3.1000000e+02   2.1548597e+01
   3.2000000e+02   2.1522588e+01
   3.3000000e+02   2.1605058e+01
   3.4000000e+02   2.1707770e+01
   3.5000000e+02   2.1661193e+01
   3.6000000e+02   2.1733167e+01
   3.7000000e+02   2.1792327e+01
   3.8000000e+02   2.1898445e+01
   3.9000000e+02   2.1737670e+01
   4.0000000e+02   2.1912887e+01
   4.1000000e+02   2.1963984e+01
   4.2000000e+02   2.2069274e+01
   4.3000000e+02   2.2061529e+01
   4.4000000e+02   2.2173489e+01
   4.5000000e+02   2.2258741e+01
   4.6000000e+02   2.2119324e+01
   4.7000000e+02   2.2152606e+01
   4.8000000e+02   2.2169252e+01
   4.9000000e+02   2.2180955e+01
   5.0000000e+02   2.2287877e+01
   5.1000000e+02   2.2210189e+01
   5.2000000e+02   2.2191700e+01
   5.3000000e+02   2.2282934e+01
   5.4000000e+02   2.2149719e+01
   5.5000000e+02   2.2230544e+01
   5.6000000e+02   2.2042077e+01
   5.7000000e+02   2.2106788e+01
   5.8000000e+02   2.2346576e+01
   5.9000000e+02   2.2191561e+01
   6.0000000e+02   2.2322664e+01
   6.1000000e+02   2.2259027e+01
   6.2000000e+02   2.2220001e+01
   6.3000000e+02   2.2265174e+01
   6.4000000e+02   2.2352787e+01
   6.5000000e+02   2.2367254e+01
   6.6000000e+02   2.2237721e+01
   6.7000000e+02   2.2303931e+01
   6.8000000e+02   2.2162101e+01
   6.9000000e+02   2.2283958e+01
   7.0000000e+02   2.2085254e+01
   7.1000000e+02   2.2273880e+01
   7.2000000e+02   2.2180395e+01
   7.3000000e+02   2.2239823e+01
   7.4000000e+02   2.2375840e+01
   7.5000000e+02   2.2290203e+01
   7.6000000e+02   2.2352929e+01
   7.7000000e+02   2.2109648e+01
   7.8000000e+02   2.2105782e+01
   7.9000000e+02   2.2200566e+01
   8.0000000e+02   2.2373144e+01
   8.1000000e+02   2.2291131e+01
   8.2000000e+02   2.2267954e+01
   8.3000000e+02   2.2335418e+01
   8.4000000e+02   2.2343494e+01
   8.5000000e+02   2.2530454e+01
   8.6000000e+02   2.2392243e+01
   8.7000000e+02   2.2324591e+01
   8.8000000e+02   2.2323647e+01
   8.9000000e+02   2.2410300e+01
   9.0000000e+02   2.2414535e+01
   9.1000000e+02   2.2286648e+01
   9.2000000e+02   2.2407045e+01
   9.3000000e+02   2.2593696e+01
   9.4000000e+02   2.2616496e+01
   9.5000000e+02   2.2667314e+01
   9.6000000e+02   2.2636199e+01
   9.7000000e+02   2.2676066e+01
   9.8000000e+02   2.2479556e+01
   9.9000000e+02   2.2656802e+01
   1.0000000e+03   2.2674551e+01
   1.0100000e+03   2.2626460e+01
   1.0200000e+03   2.2701846e+01
   1.0300000e+03   2.2592270e+01
   1.0400000e+03   2.2600621e+01
   1.0500000e+03   2.2500464e+01
   1.0600000e+03   2.2601306e+01
   1.0700000e+03   2.2276911e+01
   1.0800000e+03   2.2164758e+01
   1.0900000e+03   2.2359501e+01
   1.1000000e+03   2.2299242e+01
   1.1100000e+03   2.2360256e+01
   1.1200000e+03   2.2501381e+01
   1.1300000e+03   2.2299221e+01
   1.1400000e+03   2.2468028e+01
   1.1500000e+03   2.2322043e+01
   1.1600000e+03   2.2331473e+01
   1.1700000e+03   2.2344732e+01
   1.1800000e+03   2.2339768e+01
   1.1900000e+03   2.2530520e+01
   1.2000000e+03   2.2488780e+01
   1.2100000e+03   2.2505207e+01
   1.2200000e+03   2.2587124e+01
   1.2300000e+03   2.2383474e+01
   1.2400000e+03   2.2412601e+01
   1.2500000e+03   2.2467547e+01
   1.2600000e+03   2.2515851e+01
   1.2700000e+03   2.2487655e+01
   1.2800000e+03   2.2595237e+01
   1.2900000e+03   2.2571194e+01
   1.3000000e+03   2.2605867e+01
   1.3100000e+03   2.2666041e+01
   1.3200000e+03   2.2662300e+01
   1.3300000e+03   2.2688929e+01
   1.3400000e+03   2.2696885e+01
   1.3500000e+03   2.2590444e+01
   1.3600000e+03   2.2744649e+01
   1.3700000e+03   2.2636680e+01
   1.3800000e+03   2.2833998e+01
   1.3900000e+03   2.2826009e+01
   1.4000000e+03   2.2838378e+01
   1.4100000e+03   2.2619828e+01
   1.4200000e+03   2.2771387e+01
   1.4300000e+03   2.2888603e+01
   1.4400000e+03   2.2929040e+01
   1.4500000e+03   2.2893629e+01
   1.4600000e+03   2.2949781e+01
   1.4700000e+03   2.2914024e+01
   1.4800000e+03   2.2833141e+01
   1.4900000e+03   2.2832749e+01
   1.5000000e+03   2.2898773e+01
   1.5100000e+03   2.3036916e+01
   1.5200000e+03   2.2932385e+01
   1.5300000e+03   2.2960648e+01
   1.5400000e+03   2.2830060e+01
   1.5500000e+03   2.3002738e+01
   1.5600000e+03   2.2942944e+01
   1.5700000e+03   2.2921394e+01
   1.5800000e+03   2.2883256e+01
   1.5900000e+03   2.2943080e+01
   1.6000000e+03   2.2950437e+01
   1.6100000e+03   2.3048813e+01
   1.6200000e+03   2.3052703e+01
   1.6300000e+03   2.2941391e+01
   1.6400000e+03   2.3180174e+01
   1.6500000e+03   2.2962669e+01
   1.6600000e+03   2.3165672e+01
   1.6700000e+03   2.3148933e+01
   1.6800000e+03   2.3245808e+01
   1.6900000e+03   2.3159289e+01
   1.7000000e+03   2.3027420e+01
   1.7100000e+03   2.3199707e+01
   1.7200000e+03   2.3101969e+01
   1.7300000e+03   2.3130992e+01
   1.7400000e+03   2.3154957e+01
   1.7500000e+03   2.3200672e+01
   1.7600000e+03   2.3297699e+01
   1.7700000e+03   2.3260206e+01
   1.7800000e+03   2.3292465e+01
   1.7900000e+03   2.3375234e+01
   1.8000000e+03   2.3336262e+01
   1.8100000e+03   2.3349308e+01
   1.8200000e+03   2.3462044e+01
   1.8300000e+03   2.3460658e+01
   1.8400000e+03   2.3421570e+01
   1.8500000e+03   2.3510642e+01
   1.8600000e+03   2.3391804e+01
   1.8700000e+03   2.3548689e+01
   1.8800000e+03   2.3493464e+01
   1.8900000e+03   2.3380125e+01
   1.9000000e+03   2.3245183e+01
   1.9100000e+03   2.3478359e+01
   1.9200000e+03   2.3503414e+01
   1.9300000e+03   2.3543354e+01
   1.9400000e+03   2.3667701e+01
   1.9500000e+03   2.3596992e+01
   1.9600000e+03   2.3588629e+01
   1.9700000e+03   2.3770612e+01
   1.9800000e+03   2.3777691e+01
   1.9900000e+03   2.3599289e+01
   2.0000000e+03   2.3546531e+01
   2.0100000e+03   2.3682231e+01
   2.0200000e+03   2.3767388e+01
   2.0300000e+03   2.3711923e+01
   2.0400000e+03   2.3687782e+01
   2.0500000e+03   2.3756636e+01
   2.0600000e+03   2.3844489e+01
   2.0700000e+03   2.3841430e+01
   2.0800000e+03   2.3887476e+01
   2.0900000e+03   2.3929159e+01
   2.1000000e+03   2.3900089e+01
   2.1100000e+03   2.3886073e+01
   2.1200000e+03   2.4027004e+01
   2.1300000e+03   2.4040484e+01
   2.1400000e+03   2.3818644e+01
   2.1500000e+03   2.4009399e+01
   2.1600000e+03   2.3979995e+01
   2.1700000e+03   2.3877973e+01
   2.1800000e+03   2.3887668e+01
   2.1900000e+03   2.3957873e+01
   2.2000000e+03   2.3851572e+01
   2.2100000e+03   2.3998597e+01
   2.2200000e+03   2.3934467e+01
   2.2300000e+03   2.4022543e+01
   2.2400000e+03   2.3885390e+01
   2.2500000e+03   2.3803769e+01
   2.2600000e+03   2.3889906e+01
   2.2700000e+03   2.3885377e+01
   2.2800000e+03   2.3945651e+01
   2.2900000e+03   2.3868945e+01
   2.3000000e+03   2.4010210e+01
   2.3100000e+03   2.4046224e+01
   2.3200000e+03   2.3990617e+01
   2.3300000e+03   2.4011765e+01
   2.3400000e+03   2.3999746e+01
   2.3500000e+03   2.4024505e+01
   2.3600000e+03   2.3978577e+01
   2.3700000e+03   2.4092243e+01
   2.3800000e+03   2.4018094e+01
   2.3900000e+03   2.4122069e+01
   2.4000000e+03   2.4135059e+01
   2.4100000e+03   2.4128813e+01
   2.4200000e+03   2.4076582e+01
   2.4300000e+03   2.4175437e+01
   2.4400000e+03   2.4140014e+01
   2.4500000e+03   2.4227548e+01
   2.4600000e+03   2.4169068e+01
   2.4700000e+03   2.4121147e+01
   2.4800000e+03   2.4125723e+01
   2.4900000e+03   2.4184899e+01
   2.5000000e+03   2.4068328e+01
   2.5100000e+03   2.4184352e+01
   2.5200000e+03   2.4144748e+01
   2.5300000e+03   2.4127678e+01
   2.5400000e+03   2.4190117e+01
   2.5500000e+03   2.4187959e+01
   2.5600000e+03   2.4099471e+01
   2.5700000e+03   2.4159010e+01
   2.5800000e+03   2.4126385e+01
   2.5900000e+03   2.4104274e+01
   2.6000000e+03   2.4144327e+01
   2.6100000e+03   2.4187461e+01
   2.6200000e+03   2.4151420e+01
   2.6300000e+03   2.4221972e+01
   2.6400000e+03   2.4253799e+01
   2.6500000e+03   2.4266449e+01
   2.6600000e+03   2.4265600e+01
   2.6700000e+03   2.4209963e+01
   2.6800000e+03   2.4225970e+01
   2.6900000e+03   2.4286321e+01
   2.7000000e+03   2.4284981e+01
   2.7100000e+03   2.4246024e+01
   2.7200000e+03   2.4273019e+01
   2.7300000e+03   2.4280019e+01
   2.7400000e+03   2.4317590e+01
   2.7500000e+03   2.4255649e+01
   2.7600000e+03   2.4335771e+01
   2.7700000e+03   2.4238020e+01
   2.7800000e+03   2.4309661e+01
   2.7900000e+03   2.4272011e+01
   2.8000000e+03   2.4341000e+01
   2.8100000e+03   2.4376168e+01
   2.8200000e+03   2.4370365e+01
   2.8300000e+03   2.4369865e+01
   2.8400000e+03   2.4377225e+01
   2.8500000e+03   2.4355392e+01
   2.8600000e+03   2.4411236e+01
   2.8700000e+03   2.4405492e+01
   2.8800000e+03   2.4419767e+01
   2.8900000e+03   2.4431307e+01
   2.9000000e+03   2.4409270e+01
   2.9100000e+03   2.4389013e+01
   2.9200000e+03   2.4428720e+01
   2.9300000e+03   2.4404330e+01
   2.9400000e+03   2.4446341e+01
   2.9500000e+03   2.4398396e+01
   2.9600000e+03   2.4461021e+01
   2.9700000e+03   2.4442675e+01
   2.9800000e+03   2.4417986e+01
   2.9900000e+03   2.4439092e+01
   3.0000000e+03   2.4429598e+01
   3.0100000e+03   2.4468859e+01
   3.0200000e+03   2.4478608e+01
   3.0300000e+03   2.4482885e+01
   3.0400000e+03   2.4465532e+01
   3.0500000e+03   2.4448773e+01
   3.0600000e+03   2.4467787e+01
   3.0700000e+03   2.4500777e+01
   3.0800000e+03   2.4487135e+01
   3.0900000e+03   2.4509280e+01
   3.1000000e+03   2.4453609e+01
   3.1100000e+03   2.4470939e+01
   3.1200000e+03   2.4448843e+01
   3.1300000e+03   2.4501372e+01
   3.1400000e+03   2.4389619e+01
   3.1500000e+03   2.4481449e+01
   3.1600000e+03   2.4491661e+01
   3.1700000e+03   2.4510461e+01
   3.1800000e+03   2.4534950e+01
   3.1900000e+03   2.4529590e+01
   3.2000000e+03   2.4482821e+01
   3.2100000e+03   2.4533969e+01
   3.2200000e+03   2.4510420e+01
   3.2300000e+03   2.4463221e+01
   3.2400000e+03   2.4485950e+01
   3.2500000e+03   2.4445511e+01
   3.2600000e+03   2.4511574e+01
   3.2700000e+03   2.4465605e+01
   3.2800000e+03   2.4508008e+01
   3.2900000e+03   2.4534252e+01
   3.3000000e+03   2.4486313e+01
   3.3100000e+03   2.4435841e+01
   3.3200000e+03   2.4521710e+01
   3.3300000e+03   2.4491664e+01
   3.3400000e+03   2.4477728e+01
   3.3500000e+03   2.4538308e+01
   3.3600000e+03   2.4456279e+01
   3.3700000e+03   2.4464677e+01
   3.3800000e+03   2.4491026e+01
   3.3900000e+03   2.4508500e+01
   3.4000000e+03   2.4430182e+01
   3.4100000e+03   2.4427923e+01
   3.4200000e+03   2.4383704e+01
   3.4300000e+03   2.4510839e+01
   3.4400000e+03   2.4451501e+01
   3.4500000e+03   2.4463936e+01
   3.4600000e+03   2.4488232e+01
   3.4700000e+03   2.4472742e+01
   3.4800000e+03   2.4511752e+01
   3.4900000e+03   2.4461361e+01
