   0.0000000e+00   1.7787677e+01
   1.0000000e+01   1.7805364e+01
   2.0000000e+01   1.7802635e+01
   3.0000000e+01   1.7803492e+01
   4.0000000e+01   1.7799397e+01
   5.0000000e+01   1.7787354e+01
   6.0000000e+01   1.7792134e+01
   7.0000000e+01   1.7803815e+01
   8.0000000e+01   1.7815403e+01
   9.0000000e+01   1.7845301e+01
   1.0000000e+02   1.7849985e+01
   1.1000000e+02   1.7882073e+01
   1.2000000e+02   1.7919842e+01
   1.3000000e+02   1.7957854e+01
   1.4000000e+02   1.8005527e+01
   1.5000000e+02   1.8067038e+01
   1.6000000e+02   1.8122742e+01
   1.7000000e+02   1.8185541e+01
   1.8000000e+02   1.8249960e+01
   1.9000000e+02   1.8314265e+01
   2.0000000e+02   1.8395118e+01
   2.1000000e+02   1.8481703e+01
   2.2000000e+02   1.8557588e+01
   2.3000000e+02   1.8621320e+01
   2.4000000e+02   1.8708248e+01
   2.5000000e+02   1.8780516e+01
   2.6000000e+02   1.8870627e+01
   2.7000000e+02   1.8933871e+01
   2.8000000e+02   1.9026898e+01
   2.9000000e+02   1.9109265e+01
   3.0000000e+02   1.9191547e+01
   3.1000000e+02   1.9277748e+01
   3.2000000e+02   1.9350428e+01
   3.3000000e+02   1.9425932e+01
   3.4000000e+02   1.9487073e+01
   3.5000000e+02   1.9568361e+01
   3.6000000e+02   1.9642572e+01
   3.7000000e+02   1.9720609e+01
   3.8000000e+02   1.9792261e+01
   3.9000000e+02   1.9858691e+01
   4.0000000e+02   1.9933520e+01
   4.1000000e+02   2.0007294e+01
   4.2000000e+02   2.0079260e+01
   4.3000000e+02   2.0138147e+01
   4.4000000e+02   2.0201141e+01
   4.5000000e+02   2.0274392e+01
   4.6000000e+02   2.0335205e+01
   4.7000000e+02   2.0392057e+01
   4.8000000e+02   2.0447686e+01
   4.9000000e+02   2.0515110e+01
   5.0000000e+02   2.0561813e+01
   5.1000000e+02   2.0624649e+01
   5.2000000e+02   2.0676112e+01
   5.3000000e+02   2.0734024e+01
   5.4000000e+02   2.0776138e+01
   5.5000000e+02   2.0839907e+01
   5.6000000e+02   2.0901124e+01
   5.7000000e+02   2.0933793e+01
   5.8000000e+02   2.0992652e+01
   5.9000000e+02   2.1041559e+01
   6.0000000e+02   2.1080263e+01
   6.1000000e+02   2.1146679e+01
   6.2000000e+02   2.1183414e+01
   6.3000000e+02   2.1242637e+01
   6.4000000e+02   2.1298907e+01
   6.5000000e+02   2.1347269e+01
   6.6000000e+02   2.1402410e+01
   6.7000000e+02   2.1469878e+01
   6.8000000e+02   2.1520469e+01
   6.9000000e+02   2.1572014e+01
   7.0000000e+02   2.1629533e+01
   7.1000000e+02   2.1689577e+01
   7.2000000e+02   2.1730838e+01
   7.3000000e+02   2.1770009e+01
   7.4000000e+02   2.1806721e+01
   7.5000000e+02   2.1851842e+01
   7.6000000e+02   2.1870938e+01
   7.7000000e+02   2.1906978e+01
   7.8000000e+02   2.1943122e+01
   7.9000000e+02   2.1972185e+01
   8.0000000e+02   2.1998743e+01
   8.1000000e+02   2.2032466e+01
   8.2000000e+02   2.2051535e+01
   8.3000000e+02   2.2096527e+01
   8.4000000e+02   2.2126853e+01
   8.5000000e+02   2.2156292e+01
   8.6000000e+02   2.2172677e+01
   8.7000000e+02   2.2198310e+01
   8.8000000e+02   2.2218566e+01
   8.9000000e+02   2.2246881e+01
   9.0000000e+02   2.2276315e+01
   9.1000000e+02   2.2308293e+01
   9.2000000e+02   2.2327564e+01
   9.3000000e+02   2.2347787e+01
   9.4000000e+02   2.2373426e+01
   9.5000000e+02   2.2400171e+01
   9.6000000e+02   2.2436625e+01
   9.7000000e+02   2.2441542e+01
   9.8000000e+02   2.2464882e+01
   9.9000000e+02   2.2500447e+01
   1.0000000e+03   2.2516884e+01
   1.0100000e+03   2.2539111e+01
   1.0200000e+03   2.2567834e+01
   1.0300000e+03   2.2592300e+01
   1.0400000e+03   2.2623626e+01
   1.0500000e+03   2.2645810e+01
   1.0600000e+03   2.2664394e+01
   1.0700000e+03   2.2704874e+01
   1.0800000e+03   2.2715860e+01
   1.0900000e+03   2.2716775e+01
   1.1000000e+03   2.2742696e+01
   1.1100000e+03   2.2764865e+01
   1.1200000e+03   2.2784637e+01
   1.1300000e+03   2.2808972e+01
   1.1400000e+03   2.2825106e+01
   1.1500000e+03   2.2840671e+01
   1.1600000e+03   2.2854300e+01
   1.1700000e+03   2.2873795e+01
   1.1800000e+03   2.2894160e+01
   1.1900000e+03   2.2913701e+01
   1.2000000e+03   2.2934139e+01
   1.2100000e+03   2.2947717e+01
   1.2200000e+03   2.2963536e+01
   1.2300000e+03   2.2988107e+01
   1.2400000e+03   2.3004094e+01
   1.2500000e+03   2.3014222e+01
   1.2600000e+03   2.3039288e+01
   1.2700000e+03   2.3053897e+01
   1.2800000e+03   2.3080435e+01
   1.2900000e+03   2.3101353e+01
   1.3000000e+03   2.3121273e+01
   1.3100000e+03   2.3120814e+01
   1.3200000e+03   2.3149334e+01
   1.3300000e+03   2.3155649e+01
   1.3400000e+03   2.3167593e+01
   1.3500000e+03   2.3188451e+01
   1.3600000e+03   2.3195517e+01
   1.3700000e+03   2.3215679e+01
   1.3800000e+03   2.3229704e+01
   1.3900000e+03   2.3236410e+01
   1.4000000e+03   2.3257959e+01
   1.4100000e+03   2.3274781e+01
   1.4200000e+03   2.3302237e+01
   1.4300000e+03   2.3320601e+01
   1.4400000e+03   2.3333562e+01
   1.4500000e+03   2.3341970e+01
   1.4600000e+03   2.3369302e+01
   1.4700000e+03   2.3381179e+01
   1.4800000e+03   2.3401783e+01
   1.4900000e+03   2.3414349e+01
   1.5000000e+03   2.3425775e+01
   1.5100000e+03   2.3441977e+01
   1.5200000e+03   2.3458679e+01
   1.5300000e+03   2.3465001e+01
   1.5400000e+03   2.3477086e+01
   1.5500000e+03   2.3479886e+01
   1.5600000e+03   2.3498357e+01
   1.5700000e+03   2.3496272e+01
   1.5800000e+03   2.3515489e+01
   1.5900000e+03   2.3529199e+01
   1.6000000e+03   2.3540563e+01
   1.6100000e+03   2.3560872e+01
   1.6200000e+03   2.3574702e+01
   1.6300000e+03   2.3573009e+01
   1.6400000e+03   2.3588236e+01
   1.6500000e+03   2.3592073e+01
   1.6600000e+03   2.3610011e+01
   1.6700000e+03   2.3607538e+01
   1.6800000e+03   2.3627834e+01
   1.6900000e+03   2.3639283e+01
   1.7000000e+03   2.3644881e+01
   1.7100000e+03   2.3665992e+01
   1.7200000e+03   2.3667821e+01
   1.7300000e+03   2.3675039e+01
   1.7400000e+03   2.3694958e+01
   1.7500000e+03   2.3701575e+01
   1.7600000e+03   2.3726426e+01
   1.7700000e+03   2.3722580e+01
   1.7800000e+03   2.3729296e+01
   1.7900000e+03   2.3752674e+01
   1.8000000e+03   2.3765982e+01
   1.8100000e+03   2.3769852e+01
   1.8200000e+03   2.3791143e+01
   1.8300000e+03   2.3785820e+01
   1.8400000e+03   2.3799222e+01
   1.8500000e+03   2.3809475e+01
   1.8600000e+03   2.3820531e+01
   1.8700000e+03   2.3828819e+01
   1.8800000e+03   2.3827114e+01
   1.8900000e+03   2.3851676e+01
   1.9000000e+03   2.3873341e+01
   1.9100000e+03   2.3871331e+01
   1.9200000e+03   2.3882894e+01
   1.9300000e+03   2.3886533e+01
   1.9400000e+03   2.3894885e+01
   1.9500000e+03   2.3897124e+01
   1.9600000e+03   2.3909946e+01
   1.9700000e+03   2.3922355e+01
   1.9800000e+03   2.3928266e+01
   1.9900000e+03   2.3932098e+01
   2.0000000e+03   2.3948069e+01
   2.0100000e+03   2.3959118e+01
   2.0200000e+03   2.3958111e+01
   2.0300000e+03   2.3970058e+01
   2.0400000e+03   2.3968553e+01
   2.0500000e+03   2.3974118e+01
   2.0600000e+03   2.3991040e+01
   2.0700000e+03   2.3995319e+01
   2.0800000e+03   2.4010393e+01
   2.0900000e+03   2.4008581e+01
   2.1000000e+03   2.4021519e+01
   2.1100000e+03   2.4016696e+01
   2.1200000e+03   2.4022185e+01
   2.1300000e+03   2.4036681e+01
   2.1400000e+03   2.4042985e+01
   2.1500000e+03   2.4059204e+01
   2.1600000e+03   2.4055739e+01
   2.1700000e+03   2.4068495e+01
   2.1800000e+03   2.4091211e+01
   2.1900000e+03   2.4107829e+01
   2.2000000e+03   2.4102828e+01
   2.2100000e+03   2.4111585e+01
   2.2200000e+03   2.4118006e+01
   2.2300000e+03   2.4130210e+01
   2.2400000e+03   2.4122534e+01
   2.2500000e+03   2.4129297e+01
   2.2600000e+03   2.4130257e+01
   2.2700000e+03   2.4140907e+01
   2.2800000e+03   2.4147279e+01
   2.2900000e+03   2.4147273e+01
   2.3000000e+03   2.4154370e+01
   2.3100000e+03   2.4166079e+01
   2.3200000e+03   2.4182161e+01
   2.3300000e+03   2.4214627e+01
   2.3400000e+03   2.4236204e+01
   2.3500000e+03   2.4261587e+01
   2.3600000e+03   2.4271963e+01
   2.3700000e+03   2.4311014e+01
   2.3800000e+03   2.4325934e+01
   2.3900000e+03   2.4330302e+01
   2.4000000e+03   2.4338024e+01
   2.4100000e+03   2.4335175e+01
   2.4200000e+03   2.4339608e+01
   2.4300000e+03   2.4354051e+01
   2.4400000e+03   2.4333713e+01
   2.4500000e+03   2.4344482e+01
   2.4600000e+03   2.4350189e+01
   2.4700000e+03   2.4336889e+01
   2.4800000e+03   2.4329568e+01
   2.4900000e+03   2.4321708e+01
   2.5000000e+03   2.4335824e+01
   2.5100000e+03   2.4347668e+01
   2.5200000e+03   2.4344782e+01
   2.5300000e+03   2.4340049e+01
   2.5400000e+03   2.4360855e+01
   2.5500000e+03   2.4342530e+01
   2.5600000e+03   2.4357188e+01
   2.5700000e+03   2.4351914e+01
   2.5800000e+03   2.4338790e+01
   2.5900000e+03   2.4352915e+01
   2.6000000e+03   2.4342699e+01
   2.6100000e+03   2.4357126e+01
   2.6200000e+03   2.4358714e+01
   2.6300000e+03   2.4352419e+01
   2.6400000e+03   2.4356435e+01
   2.6500000e+03   2.4361411e+01
   2.6600000e+03   2.4369545e+01
   2.6700000e+03   2.4374125e+01
   2.6800000e+03   2.4379996e+01
   2.6900000e+03   2.4376326e+01
   2.7000000e+03   2.4380748e+01
   2.7100000e+03   2.4380845e+01
   2.7200000e+03   2.4384119e+01
   2.7300000e+03   2.4381855e+01
   2.7400000e+03   2.4395275e+01
   2.7500000e+03   2.4380998e+01
   2.7600000e+03   2.4383734e+01
   2.7700000e+03   2.4390140e+01
   2.7800000e+03   2.4396763e+01
   2.7900000e+03   2.4399222e+01
   2.8000000e+03   2.4407195e+01
   2.8100000e+03   2.4403179e+01
   2.8200000e+03   2.4411193e+01
   2.8300000e+03   2.4408907e+01
   2.8400000e+03   2.4411053e+01
   2.8500000e+03   2.4415986e+01
   2.8600000e+03   2.4415443e+01
   2.8700000e+03   2.4437125e+01
   2.8800000e+03   2.4448203e+01
   2.8900000e+03   2.4456524e+01
   2.9000000e+03   2.4462900e+01
   2.9100000e+03   2.4460599e+01
   2.9200000e+03   2.4476172e+01
   2.9300000e+03   2.4484984e+01
   2.9400000e+03   2.4483821e+01
   2.9500000e+03   2.4482271e+01
   2.9600000e+03   2.4483819e+01
   2.9700000e+03   2.4484226e+01
   2.9800000e+03   2.4483990e+01
   2.9900000e+03   2.4484904e+01
   3.0000000e+03   2.4491043e+01
   3.0100000e+03   2.4501301e+01
   3.0200000e+03   2.4494625e+01
   3.0300000e+03   2.4489398e+01
   3.0400000e+03   2.4484885e+01
   3.0500000e+03   2.4504350e+01
   3.0600000e+03   2.4501806e+01
   3.0700000e+03   2.4503576e+01
   3.0800000e+03   2.4509644e+01
   3.0900000e+03   2.4505802e+01
   3.1000000e+03   2.4513934e+01
   3.1100000e+03   2.4511320e+01
   3.1200000e+03   2.4513090e+01
   3.1300000e+03   2.4520370e+01
   3.1400000e+03   2.4508876e+01
   3.1500000e+03   2.4520095e+01
   3.1600000e+03   2.4518939e+01
   3.1700000e+03   2.4518183e+01
   3.1800000e+03   2.4520649e+01
   3.1900000e+03   2.4522151e+01
   3.2000000e+03   2.4525743e+01
   3.2100000e+03   2.4543376e+01
   3.2200000e+03   2.4540812e+01
   3.2300000e+03   2.4530937e+01
   3.2400000e+03   2.4544648e+01
   3.2500000e+03   2.4552125e+01
   3.2600000e+03   2.4550883e+01
   3.2700000e+03   2.4546308e+01
   3.2800000e+03   2.4551293e+01
   3.2900000e+03   2.4544670e+01
   3.3000000e+03   2.4560792e+01
   3.3100000e+03   2.4548413e+01
   3.3200000e+03   2.4569883e+01
   3.3300000e+03   2.4556762e+01
   3.3400000e+03   2.4575517e+01
   3.3500000e+03   2.4578668e+01
   3.3600000e+03   2.4572538e+01
   3.3700000e+03   2.4564321e+01
   3.3800000e+03   2.4569993e+01
   3.3900000e+03   2.4573960e+01
   3.4000000e+03   2.4582080e+01
   3.4100000e+03   2.4579709e+01
   3.4200000e+03   2.4589823e+01
   3.4300000e+03   2.4592500e+01
   3.4400000e+03   2.4580293e+01
   3.4500000e+03   2.4593625e+01
   3.4600000e+03   2.4606170e+01
   3.4700000e+03   2.4594434e+01
   3.4800000e+03   2.4603674e+01
   3.4900000e+03   2.4615375e+01
