   0.0000000e+00   1.7742283e+01
   1.0000000e+01   1.7742995e+01
   2.0000000e+01   1.7775901e+01
   3.0000000e+01   1.8108064e+01
   4.0000000e+01   1.8751712e+01
   5.0000000e+01   1.9471596e+01
   6.0000000e+01   2.0195148e+01
   7.0000000e+01   2.0855204e+01
   8.0000000e+01   2.1454095e+01
   9.0000000e+01   2.2009804e+01
   1.0000000e+02   2.2567564e+01
   1.1000000e+02   2.2984162e+01
   1.2000000e+02   2.3360776e+01
   1.3000000e+02   2.3675447e+01
   1.4000000e+02   2.3929881e+01
   1.5000000e+02   2.4169228e+01
   1.6000000e+02   2.4400823e+01
   1.7000000e+02   2.4584872e+01
   1.8000000e+02   2.4791488e+01
   1.9000000e+02   2.4948594e+01
   2.0000000e+02   2.5085953e+01
   2.1000000e+02   2.5159656e+01
   2.2000000e+02   2.5305009e+01
   2.3000000e+02   2.5426012e+01
   2.4000000e+02   2.5529592e+01
   2.5000000e+02   2.5632010e+01
   2.6000000e+02   2.5714644e+01
   2.7000000e+02   2.5799417e+01
   2.8000000e+02   2.5879030e+01
   2.9000000e+02   2.5942542e+01
   3.0000000e+02   2.6005807e+01
   3.1000000e+02   2.6071043e+01
   3.2000000e+02   2.6117282e+01
   3.3000000e+02   2.6185600e+01
   3.4000000e+02   2.6212445e+01
   3.5000000e+02   2.6266643e+01
   3.6000000e+02   2.6326865e+01
   3.7000000e+02   2.6333796e+01
   3.8000000e+02   2.6402344e+01
   3.9000000e+02   2.6456047e+01
   4.0000000e+02   2.6487686e+01
   4.1000000e+02   2.6527689e+01
   4.2000000e+02   2.6589184e+01
   4.3000000e+02   2.6623947e+01
   4.4000000e+02   2.6644990e+01
   4.5000000e+02   2.6651196e+01
   4.6000000e+02   2.6708733e+01
   4.7000000e+02   2.6728392e+01
   4.8000000e+02   2.6719228e+01
   4.9000000e+02   2.6761018e+01
   5.0000000e+02   2.6819796e+01
   5.1000000e+02   2.6859933e+01
   5.2000000e+02   2.6880583e+01
   5.3000000e+02   2.6930146e+01
   5.4000000e+02   2.6950662e+01
   5.5000000e+02   2.6984614e+01
   5.6000000e+02   2.7028163e+01
   5.7000000e+02   2.7011719e+01
   5.8000000e+02   2.7018539e+01
   5.9000000e+02   2.7070152e+01
   6.0000000e+02   2.7093086e+01
   6.1000000e+02   2.7095181e+01
   6.2000000e+02   2.7111608e+01
   6.3000000e+02   2.7124424e+01
   6.4000000e+02   2.7136939e+01
   6.5000000e+02   2.7138236e+01
   6.6000000e+02   2.7168681e+01
   6.7000000e+02   2.7212004e+01
   6.8000000e+02   2.7199622e+01
   6.9000000e+02   2.7230452e+01
   7.0000000e+02   2.7238993e+01
   7.1000000e+02   2.7237744e+01
   7.2000000e+02   2.7256581e+01
   7.3000000e+02   2.7261499e+01
   7.4000000e+02   2.7283425e+01
   7.5000000e+02   2.7266467e+01
   7.6000000e+02   2.7289691e+01
   7.7000000e+02   2.7303503e+01
   7.8000000e+02   2.7298670e+01
   7.9000000e+02   2.7321190e+01
   8.0000000e+02   2.7349512e+01
   8.1000000e+02   2.7371207e+01
   8.2000000e+02   2.7373522e+01
   8.3000000e+02   2.7396936e+01
   8.4000000e+02   2.7425363e+01
   8.5000000e+02   2.7416485e+01
   8.6000000e+02   2.7408432e+01
   8.7000000e+02   2.7423948e+01
   8.8000000e+02   2.7423453e+01
   8.9000000e+02   2.7421648e+01
   9.0000000e+02   2.7451480e+01
   9.1000000e+02   2.7459414e+01
   9.2000000e+02   2.7453793e+01
   9.3000000e+02   2.7475911e+01
   9.4000000e+02   2.7451359e+01
   9.5000000e+02   2.7500279e+01
   9.6000000e+02   2.7508817e+01
   9.7000000e+02   2.7490040e+01
   9.8000000e+02   2.7507175e+01
   9.9000000e+02   2.7519091e+01
   1.0000000e+03   2.7504845e+01
   1.0100000e+03   2.7541298e+01
   1.0200000e+03   2.7561474e+01
   1.0300000e+03   2.7587681e+01
   1.0400000e+03   2.7610401e+01
   1.0500000e+03   2.7620380e+01
   1.0600000e+03   2.7658032e+01
   1.0700000e+03   2.7647909e+01
   1.0800000e+03   2.7654522e+01
   1.0900000e+03   2.7662697e+01
   1.1000000e+03   2.7659005e+01
   1.1100000e+03   2.7652648e+01
   1.1200000e+03   2.7654211e+01
   1.1300000e+03   2.7687053e+01
   1.1400000e+03   2.7685795e+01
   1.1500000e+03   2.7719581e+01
   1.1600000e+03   2.7702665e+01
   1.1700000e+03   2.7700899e+01
   1.1800000e+03   2.7709680e+01
   1.1900000e+03   2.7737772e+01
   1.2000000e+03   2.7759025e+01
   1.2100000e+03   2.7728257e+01
   1.2200000e+03   2.7761474e+01
   1.2300000e+03   2.7770933e+01
   1.2400000e+03   2.7775333e+01
   1.2500000e+03   2.7771584e+01
   1.2600000e+03   2.7780670e+01
   1.2700000e+03   2.7777211e+01
   1.2800000e+03   2.7752891e+01
   1.2900000e+03   2.7780320e+01
   1.3000000e+03   2.7811041e+01
   1.3100000e+03   2.7827546e+01
   1.3200000e+03   2.7853666e+01
   1.3300000e+03   2.7881308e+01
   1.3400000e+03   2.7901092e+01
   1.3500000e+03   2.7914822e+01
   1.3600000e+03   2.7902969e+01
   1.3700000e+03   2.7928030e+01
   1.3800000e+03   2.7914047e+01
   1.3900000e+03   2.7945065e+01
   1.4000000e+03   2.7932512e+01
   1.4100000e+03   2.7934668e+01
   1.4200000e+03   2.7955795e+01
   1.4300000e+03   2.7975070e+01
   1.4400000e+03   2.7943317e+01
   1.4500000e+03   2.7964056e+01
   1.4600000e+03   2.7985243e+01
   1.4700000e+03   2.8002182e+01
   1.4800000e+03   2.8019217e+01
   1.4900000e+03   2.8025031e+01
   1.5000000e+03   2.8005145e+01
   1.5100000e+03   2.8006975e+01
   1.5200000e+03   2.8006276e+01
   1.5300000e+03   2.8010964e+01
   1.5400000e+03   2.8015869e+01
   1.5500000e+03   2.8046439e+01
   1.5600000e+03   2.8071933e+01
   1.5700000e+03   2.8055642e+01
   1.5800000e+03   2.8060509e+01
   1.5900000e+03   2.8090011e+01
   1.6000000e+03   2.8103207e+01
   1.6100000e+03   2.8096988e+01
   1.6200000e+03   2.8114034e+01
   1.6300000e+03   2.8120269e+01
   1.6400000e+03   2.8135667e+01
   1.6500000e+03   2.8138815e+01
   1.6600000e+03   2.8155713e+01
   1.6700000e+03   2.8130260e+01
   1.6800000e+03   2.8160024e+01
   1.6900000e+03   2.8155461e+01
   1.7000000e+03   2.8136969e+01
   1.7100000e+03   2.8135432e+01
   1.7200000e+03   2.8132625e+01
   1.7300000e+03   2.8120838e+01
   1.7400000e+03   2.8136587e+01
   1.7500000e+03   2.8139629e+01
   1.7600000e+03   2.8164722e+01
   1.7700000e+03   2.8199666e+01
   1.7800000e+03   2.8180810e+01
   1.7900000e+03   2.8166179e+01
   1.8000000e+03   2.8206982e+01
   1.8100000e+03   2.8199952e+01
   1.8200000e+03   2.8210376e+01
   1.8300000e+03   2.8225301e+01
   1.8400000e+03   2.8216311e+01
   1.8500000e+03   2.8191743e+01
   1.8600000e+03   2.8225959e+01
   1.8700000e+03   2.8223828e+01
   1.8800000e+03   2.8228161e+01
   1.8900000e+03   2.8232071e+01
   1.9000000e+03   2.8233670e+01
   1.9100000e+03   2.8205049e+01
   1.9200000e+03   2.8226968e+01
   1.9300000e+03   2.8248320e+01
   1.9400000e+03   2.8263392e+01
   1.9500000e+03   2.8274116e+01
   1.9600000e+03   2.8258750e+01
   1.9700000e+03   2.8280222e+01
   1.9800000e+03   2.8303947e+01
   1.9900000e+03   2.8307255e+01
   2.0000000e+03   2.8297527e+01
   2.0100000e+03   2.8299950e+01
   2.0200000e+03   2.8317198e+01
   2.0300000e+03   2.8295984e+01
   2.0400000e+03   2.8319596e+01
   2.0500000e+03   2.8329074e+01
   2.0600000e+03   2.8353886e+01
   2.0700000e+03   2.8332853e+01
   2.0800000e+03   2.8317632e+01
   2.0900000e+03   2.8352258e+01
   2.1000000e+03   2.8344431e+01
   2.1100000e+03   2.8377143e+01
   2.1200000e+03   2.8386052e+01
   2.1300000e+03   2.8379471e+01
   2.1400000e+03   2.8356685e+01
   2.1500000e+03   2.8366842e+01
   2.1600000e+03   2.8374540e+01
   2.1700000e+03   2.8388024e+01
   2.1800000e+03   2.8379448e+01
   2.1900000e+03   2.8423873e+01
   2.2000000e+03   2.8402215e+01
   2.2100000e+03   2.8426719e+01
   2.2200000e+03   2.8427070e+01
   2.2300000e+03   2.8456257e+01
   2.2400000e+03   2.8429563e+01
   2.2500000e+03   2.8426464e+01
   2.2600000e+03   2.8412293e+01
   2.2700000e+03   2.8409087e+01
   2.2800000e+03   2.8405747e+01
   2.2900000e+03   2.8419118e+01
   2.3000000e+03   2.8422845e+01
   2.3100000e+03   2.8415174e+01
   2.3200000e+03   2.8425764e+01
   2.3300000e+03   2.8436605e+01
   2.3400000e+03   2.8456161e+01
   2.3500000e+03   2.8461923e+01
   2.3600000e+03   2.8471738e+01
   2.3700000e+03   2.8460631e+01
   2.3800000e+03   2.8473133e+01
   2.3900000e+03   2.8482332e+01
   2.4000000e+03   2.8485603e+01
   2.4100000e+03   2.8489162e+01
   2.4200000e+03   2.8477417e+01
   2.4300000e+03   2.8496610e+01
   2.4400000e+03   2.8471309e+01
   2.4500000e+03   2.8513985e+01
   2.4600000e+03   2.8489470e+01
   2.4700000e+03   2.8487836e+01
   2.4800000e+03   2.8490861e+01
   2.4900000e+03   2.8493549e+01
   2.5000000e+03   2.8506763e+01
   2.5100000e+03   2.8486327e+01
   2.5200000e+03   2.8498174e+01
   2.5300000e+03   2.8511003e+01
   2.5400000e+03   2.8527340e+01
   2.5500000e+03   2.8531363e+01
   2.5600000e+03   2.8526346e+01
   2.5700000e+03   2.8519975e+01
   2.5800000e+03   2.8521878e+01
   2.5900000e+03   2.8519026e+01
   2.6000000e+03   2.8492460e+01
   2.6100000e+03   2.8486027e+01
   2.6200000e+03   2.8495045e+01
   2.6300000e+03   2.8497762e+01
   2.6400000e+03   2.8496662e+01
   2.6500000e+03   2.8499130e+01
   2.6600000e+03   2.8526088e+01
   2.6700000e+03   2.8533417e+01
   2.6800000e+03   2.8535376e+01
   2.6900000e+03   2.8519718e+01
   2.7000000e+03   2.8530545e+01
   2.7100000e+03   2.8542584e+01
   2.7200000e+03   2.8534292e+01
   2.7300000e+03   2.8542072e+01
   2.7400000e+03   2.8547251e+01
   2.7500000e+03   2.8539228e+01
   2.7600000e+03   2.8564058e+01
   2.7700000e+03   2.8568040e+01
   2.7800000e+03   2.8559911e+01
   2.7900000e+03   2.8597179e+01
   2.8000000e+03   2.8570274e+01
   2.8100000e+03   2.8583366e+01
   2.8200000e+03   2.8586454e+01
   2.8300000e+03   2.8578131e+01
   2.8400000e+03   2.8568805e+01
   2.8500000e+03   2.8588299e+01
   2.8600000e+03   2.8572911e+01
   2.8700000e+03   2.8567322e+01
   2.8800000e+03   2.8556954e+01
   2.8900000e+03   2.8570023e+01
   2.9000000e+03   2.8580805e+01
   2.9100000e+03   2.8588101e+01
   2.9200000e+03   2.8591770e+01
   2.9300000e+03   2.8605225e+01
   2.9400000e+03   2.8599274e+01
   2.9500000e+03   2.8609100e+01
   2.9600000e+03   2.8607019e+01
   2.9700000e+03   2.8617629e+01
   2.9800000e+03   2.8630321e+01
   2.9900000e+03   2.8629402e+01
   3.0000000e+03   2.8619096e+01
   3.0100000e+03   2.8625072e+01
   3.0200000e+03   2.8645292e+01
   3.0300000e+03   2.8629166e+01
   3.0400000e+03   2.8635954e+01
   3.0500000e+03   2.8623346e+01
   3.0600000e+03   2.8658237e+01
   3.0700000e+03   2.8645680e+01
   3.0800000e+03   2.8635080e+01
   3.0900000e+03   2.8668545e+01
   3.1000000e+03   2.8646634e+01
   3.1100000e+03   2.8655913e+01
   3.1200000e+03   2.8645485e+01
   3.1300000e+03   2.8639846e+01
   3.1400000e+03   2.8657907e+01
   3.1500000e+03   2.8682189e+01
   3.1600000e+03   2.8665639e+01
   3.1700000e+03   2.8691808e+01
   3.1800000e+03   2.8709027e+01
   3.1900000e+03   2.8728652e+01
   3.2000000e+03   2.8704266e+01
   3.2100000e+03   2.8712631e+01
   3.2200000e+03   2.8731301e+01
   3.2300000e+03   2.8711077e+01
   3.2400000e+03   2.8711114e+01
   3.2500000e+03   2.8752211e+01
   3.2600000e+03   2.8736378e+01
   3.2700000e+03   2.8720617e+01
   3.2800000e+03   2.8733455e+01
   3.2900000e+03   2.8761416e+01
   3.3000000e+03   2.8735615e+01
   3.3100000e+03   2.8771608e+01
   3.3200000e+03   2.8775834e+01
   3.3300000e+03   2.8767237e+01
   3.3400000e+03   2.8772659e+01
   3.3500000e+03   2.8770580e+01
   3.3600000e+03   2.8768863e+01
   3.3700000e+03   2.8758062e+01
   3.3800000e+03   2.8766361e+01
   3.3900000e+03   2.8746824e+01
   3.4000000e+03   2.8744042e+01
   3.4100000e+03   2.8724975e+01
   3.4200000e+03   2.8751904e+01
   3.4300000e+03   2.8751033e+01
   3.4400000e+03   2.8739431e+01
   3.4500000e+03   2.8743061e+01
   3.4600000e+03   2.8733192e+01
   3.4700000e+03   2.8721870e+01
   3.4800000e+03   2.8741614e+01
   3.4900000e+03   2.8741142e+01
