   0.0000000e+00   1.7330371e+01
   1.0000000e+01   1.7322292e+01
   2.0000000e+01   1.7313294e+01
   3.0000000e+01   1.7328081e+01
   4.0000000e+01   1.7331879e+01
   5.0000000e+01   1.7317742e+01
   6.0000000e+01   1.7315791e+01
   7.0000000e+01   1.7316331e+01
   8.0000000e+01   1.7303312e+01
   9.0000000e+01   1.7319756e+01
   1.0000000e+02   1.7308886e+01
   1.1000000e+02   1.7313359e+01
   1.2000000e+02   1.7307727e+01
   1.3000000e+02   1.7289802e+01
   1.4000000e+02   1.7288975e+01
   1.5000000e+02   1.7295494e+01
   1.6000000e+02   1.7291562e+01
   1.7000000e+02   1.7285677e+01
   1.8000000e+02   1.7293258e+01
   1.9000000e+02   1.7284939e+01
   2.0000000e+02   1.7301081e+01
   2.1000000e+02   1.7309498e+01
   2.2000000e+02   1.7308603e+01
   2.3000000e+02   1.7305764e+01
   2.4000000e+02   1.7309433e+01
   2.5000000e+02   1.7304002e+01
   2.6000000e+02   1.7303671e+01
   2.7000000e+02   1.7288749e+01
   2.8000000e+02   1.7297619e+01
   2.9000000e+02   1.7288158e+01
   3.0000000e+02   1.7308104e+01
   3.1000000e+02   1.7302959e+01
   3.2000000e+02   1.7304940e+01
   3.3000000e+02   1.7311147e+01
   3.4000000e+02   1.7315277e+01
   3.5000000e+02   1.7310107e+01
   3.6000000e+02   1.7314568e+01
   3.7000000e+02   1.7326583e+01
   3.8000000e+02   1.7337312e+01
   3.9000000e+02   1.7343510e+01
   4.0000000e+02   1.7339089e+01
   4.1000000e+02   1.7342903e+01
   4.2000000e+02   1.7360001e+01
   4.3000000e+02   1.7351689e+01
   4.4000000e+02   1.7357248e+01
   4.5000000e+02   1.7351964e+01
   4.6000000e+02   1.7357898e+01
   4.7000000e+02   1.7344772e+01
   4.8000000e+02   1.7331120e+01
   4.9000000e+02   1.7330922e+01
   5.0000000e+02   1.7341992e+01
   5.1000000e+02   1.7324895e+01
   5.2000000e+02   1.7336794e+01
   5.3000000e+02   1.7358879e+01
   5.4000000e+02   1.7354675e+01
   5.5000000e+02   1.7344097e+01
   5.6000000e+02   1.7351162e+01
   5.7000000e+02   1.7341206e+01
   5.8000000e+02   1.7355663e+01
   5.9000000e+02   1.7328099e+01
   6.0000000e+02   1.7329310e+01
   6.1000000e+02   1.7334173e+01
   6.2000000e+02   1.7304854e+01
   6.3000000e+02   1.7332457e+01
   6.4000000e+02   1.7355244e+01
   6.5000000e+02   1.7361045e+01
   6.6000000e+02   1.7376435e+01
   6.7000000e+02   1.7414643e+01
   6.8000000e+02   1.7432438e+01
   6.9000000e+02   1.7443531e+01
   7.0000000e+02   1.7448316e+01
   7.1000000e+02   1.7490693e+01
   7.2000000e+02   1.7497508e+01
   7.3000000e+02   1.7492942e+01
   7.4000000e+02   1.7469891e+01
   7.5000000e+02   1.7469442e+01
   7.6000000e+02   1.7454482e+01
   7.7000000e+02   1.7462100e+01
   7.8000000e+02   1.7449858e+01
   7.9000000e+02   1.7455350e+01
   8.0000000e+02   1.7448810e+01
   8.1000000e+02   1.7438320e+01
   8.2000000e+02   1.7427282e+01
   8.3000000e+02   1.7432516e+01
   8.4000000e+02   1.7424654e+01
   8.5000000e+02   1.7428672e+01
   8.6000000e+02   1.7412154e+01
   8.7000000e+02   1.7408406e+01
   8.8000000e+02   1.7381846e+01
   8.9000000e+02   1.7392166e+01
   9.0000000e+02   1.7383876e+01
   9.1000000e+02   1.7385572e+01
   9.2000000e+02   1.7362668e+01
   9.3000000e+02   1.7371831e+01
   9.4000000e+02   1.7369948e+01
   9.5000000e+02   1.7376839e+01
   9.6000000e+02   1.7380479e+01
   9.7000000e+02   1.7369397e+01
   9.8000000e+02   1.7351510e+01
   9.9000000e+02   1.7360063e+01
   1.0000000e+03   1.7335942e+01
   1.0100000e+03   1.7352692e+01
   1.0200000e+03   1.7360877e+01
   1.0300000e+03   1.7361769e+01
   1.0400000e+03   1.7376980e+01
   1.0500000e+03   1.7378367e+01
   1.0600000e+03   1.7372424e+01
   1.0700000e+03   1.7371526e+01
   1.0800000e+03   1.7355166e+01
   1.0900000e+03   1.7342155e+01
   1.1000000e+03   1.7352172e+01
   1.1100000e+03   1.7335669e+01
   1.1200000e+03   1.7338350e+01
   1.1300000e+03   1.7321934e+01
   1.1400000e+03   1.7333499e+01
   1.1500000e+03   1.7330097e+01
   1.1600000e+03   1.7313374e+01
   1.1700000e+03   1.7325299e+01
   1.1800000e+03   1.7326952e+01
   1.1900000e+03   1.7310829e+01
   1.2000000e+03   1.7316736e+01
   1.2100000e+03   1.7324807e+01
   1.2200000e+03   1.7311213e+01
   1.2300000e+03   1.7316167e+01
   1.2400000e+03   1.7331534e+01
   1.2500000e+03   1.7304793e+01
   1.2600000e+03   1.7304440e+01
   1.2700000e+03   1.7324228e+01
   1.2800000e+03   1.7310263e+01
   1.2900000e+03   1.7317120e+01
   1.3000000e+03   1.7315080e+01
   1.3100000e+03   1.7311369e+01
   1.3200000e+03   1.7321687e+01
   1.3300000e+03   1.7299475e+01
   1.3400000e+03   1.7294528e+01
   1.3500000e+03   1.7314328e+01
   1.3600000e+03   1.7334200e+01
   1.3700000e+03   1.7341923e+01
   1.3800000e+03   1.7326996e+01
   1.3900000e+03   1.7330253e+01
   1.4000000e+03   1.7324281e+01
   1.4100000e+03   1.7312165e+01
   1.4200000e+03   1.7318167e+01
   1.4300000e+03   1.7332445e+01
   1.4400000e+03   1.7332702e+01
   1.4500000e+03   1.7338831e+01
   1.4600000e+03   1.7352836e+01
   1.4700000e+03   1.7347128e+01
   1.4800000e+03   1.7339280e+01
   1.4900000e+03   1.7338676e+01
   1.5000000e+03   1.7333445e+01
   1.5100000e+03   1.7330460e+01
   1.5200000e+03   1.7334478e+01
   1.5300000e+03   1.7328993e+01
   1.5400000e+03   1.7320477e+01
   1.5500000e+03   1.7320969e+01
   1.5600000e+03   1.7311211e+01
   1.5700000e+03   1.7319796e+01
   1.5800000e+03   1.7317753e+01
   1.5900000e+03   1.7330606e+01
   1.6000000e+03   1.7329492e+01
   1.6100000e+03   1.7328316e+01
   1.6200000e+03   1.7323645e+01
   1.6300000e+03   1.7315906e+01
   1.6400000e+03   1.7312640e+01
   1.6500000e+03   1.7313711e+01
   1.6600000e+03   1.7333602e+01
   1.6700000e+03   1.7317650e+01
   1.6800000e+03   1.7309960e+01
   1.6900000e+03   1.7301271e+01
   1.7000000e+03   1.7315722e+01
   1.7100000e+03   1.7311175e+01
   1.7200000e+03   1.7304191e+01
   1.7300000e+03   1.7314466e+01
   1.7400000e+03   1.7321026e+01
   1.7500000e+03   1.7320249e+01
   1.7600000e+03   1.7322249e+01
   1.7700000e+03   1.7312579e+01
   1.7800000e+03   1.7301917e+01
   1.7900000e+03   1.7303831e+01
   1.8000000e+03   1.7307691e+01
   1.8100000e+03   1.7313905e+01
   1.8200000e+03   1.7320221e+01
   1.8300000e+03   1.7318583e+01
   1.8400000e+03   1.7310931e+01
   1.8500000e+03   1.7318222e+01
   1.8600000e+03   1.7319123e+01
   1.8700000e+03   1.7321885e+01
   1.8800000e+03   1.7320403e+01
   1.8900000e+03   1.7329777e+01
   1.9000000e+03   1.7332524e+01
   1.9100000e+03   1.7338629e+01
   1.9200000e+03   1.7345613e+01
   1.9300000e+03   1.7331163e+01
   1.9400000e+03   1.7325863e+01
   1.9500000e+03   1.7350170e+01
   1.9600000e+03   1.7337292e+01
   1.9700000e+03   1.7351164e+01
   1.9800000e+03   1.7348286e+01
   1.9900000e+03   1.7342621e+01
   2.0000000e+03   1.7350323e+01
   2.0100000e+03   1.7352843e+01
   2.0200000e+03   1.7349277e+01
   2.0300000e+03   1.7346664e+01
   2.0400000e+03   1.7331220e+01
   2.0500000e+03   1.7332870e+01
   2.0600000e+03   1.7327367e+01
   2.0700000e+03   1.7335617e+01
   2.0800000e+03   1.7350312e+01
   2.0900000e+03   1.7350347e+01
   2.1000000e+03   1.7351750e+01
   2.1100000e+03   1.7340399e+01
   2.1200000e+03   1.7340115e+01
   2.1300000e+03   1.7342155e+01
   2.1400000e+03   1.7337119e+01
   2.1500000e+03   1.7346930e+01
   2.1600000e+03   1.7339730e+01
   2.1700000e+03   1.7365097e+01
   2.1800000e+03   1.7394443e+01
   2.1900000e+03   1.7388173e+01
   2.2000000e+03   1.7374320e+01
   2.2100000e+03   1.7374770e+01
   2.2200000e+03   1.7374495e+01
   2.2300000e+03   1.7364481e+01
   2.2400000e+03   1.7364887e+01
   2.2500000e+03   1.7374242e+01
   2.2600000e+03   1.7381476e+01
   2.2700000e+03   1.7386848e+01
   2.2800000e+03   1.7380951e+01
   2.2900000e+03   1.7367480e+01
   2.3000000e+03   1.7374386e+01
   2.3100000e+03   1.7374322e+01
   2.3200000e+03   1.7400944e+01
   2.3300000e+03   1.7440099e+01
   2.3400000e+03   1.7464587e+01
   2.3500000e+03   1.7491278e+01
   2.3600000e+03   1.7513089e+01
   2.3700000e+03   1.7552134e+01
   2.3800000e+03   1.7559016e+01
   2.3900000e+03   1.7553195e+01
   2.4000000e+03   1.7548426e+01
   2.4100000e+03   1.7538365e+01
   2.4200000e+03   1.7542359e+01
   2.4300000e+03   1.7531816e+01
   2.4400000e+03   1.7503698e+01
   2.4500000e+03   1.7491315e+01
   2.4600000e+03   1.7484985e+01
   2.4700000e+03   1.7468820e+01
   2.4800000e+03   1.7447991e+01
   2.4900000e+03   1.7443568e+01
   2.5000000e+03   1.7450569e+01
   2.5100000e+03   1.7462019e+01
   2.5200000e+03   1.7447508e+01
   2.5300000e+03   1.7450873e+01
   2.5400000e+03   1.7443015e+01
   2.5500000e+03   1.7429225e+01
   2.5600000e+03   1.7437004e+01
   2.5700000e+03   1.7414055e+01
   2.5800000e+03   1.7403871e+01
   2.5900000e+03   1.7413901e+01
   2.6000000e+03   1.7408732e+01
   2.6100000e+03   1.7408851e+01
   2.6200000e+03   1.7397679e+01
   2.6300000e+03   1.7394365e+01
   2.6400000e+03   1.7380064e+01
   2.6500000e+03   1.7400161e+01
   2.6600000e+03   1.7382340e+01
   2.6700000e+03   1.7384858e+01
   2.6800000e+03   1.7383335e+01
   2.6900000e+03   1.7385911e+01
   2.7000000e+03   1.7380377e+01
   2.7100000e+03   1.7373973e+01
   2.7200000e+03   1.7359622e+01
   2.7300000e+03   1.7364078e+01
   2.7400000e+03   1.7364345e+01
   2.7500000e+03   1.7342784e+01
   2.7600000e+03   1.7334624e+01
   2.7700000e+03   1.7336194e+01
   2.7800000e+03   1.7336819e+01
   2.7900000e+03   1.7334650e+01
   2.8000000e+03   1.7344528e+01
   2.8100000e+03   1.7332363e+01
   2.8200000e+03   1.7324405e+01
   2.8300000e+03   1.7334178e+01
   2.8400000e+03   1.7337033e+01
   2.8500000e+03   1.7322262e+01
   2.8600000e+03   1.7330538e+01
   2.8700000e+03   1.7359316e+01
   2.8800000e+03   1.7365121e+01
   2.8900000e+03   1.7366064e+01
   2.9000000e+03   1.7375265e+01
   2.9100000e+03   1.7370860e+01
   2.9200000e+03   1.7368882e+01
   2.9300000e+03   1.7366605e+01
   2.9400000e+03   1.7378204e+01
   2.9500000e+03   1.7366661e+01
   2.9600000e+03   1.7365433e+01
   2.9700000e+03   1.7364681e+01
   2.9800000e+03   1.7362122e+01
   2.9900000e+03   1.7356540e+01
   3.0000000e+03   1.7351805e+01
   3.0100000e+03   1.7354232e+01
   3.0200000e+03   1.7362142e+01
   3.0300000e+03   1.7358973e+01
   3.0400000e+03   1.7355361e+01
   3.0500000e+03   1.7366818e+01
   3.0600000e+03   1.7365420e+01
   3.0700000e+03   1.7350716e+01
   3.0800000e+03   1.7340802e+01
   3.0900000e+03   1.7341580e+01
   3.1000000e+03   1.7331652e+01
   3.1100000e+03   1.7341095e+01
   3.1200000e+03   1.7329178e+01
   3.1300000e+03   1.7336735e+01
   3.1400000e+03   1.7319133e+01
   3.1500000e+03   1.7314169e+01
   3.1600000e+03   1.7320203e+01
   3.1700000e+03   1.7314335e+01
   3.1800000e+03   1.7313565e+01
   3.1900000e+03   1.7320417e+01
   3.2000000e+03   1.7325192e+01
   3.2100000e+03   1.7343863e+01
   3.2200000e+03   1.7335942e+01
   3.2300000e+03   1.7331578e+01
   3.2400000e+03   1.7332372e+01
   3.2500000e+03   1.7333162e+01
   3.2600000e+03   1.7320536e+01
   3.2700000e+03   1.7313147e+01
   3.2800000e+03   1.7317234e+01
   3.2900000e+03   1.7294549e+01
   3.3000000e+03   1.7315415e+01
   3.3100000e+03   1.7307138e+01
   3.3200000e+03   1.7299719e+01
   3.3300000e+03   1.7298822e+01
   3.3400000e+03   1.7304692e+01
   3.3500000e+03   1.7316453e+01
   3.3600000e+03   1.7313304e+01
   3.3700000e+03   1.7315716e+01
   3.3800000e+03   1.7298901e+01
   3.3900000e+03   1.7313805e+01
   3.4000000e+03   1.7305723e+01
   3.4100000e+03   1.7307749e+01
   3.4200000e+03   1.7313282e+01
   3.4300000e+03   1.7312958e+01
   3.4400000e+03   1.7309266e+01
   3.4500000e+03   1.7313394e+01
   3.4600000e+03   1.7336697e+01
   3.4700000e+03   1.7332549e+01
   3.4800000e+03   1.7343240e+01
   3.4900000e+03   1.7337833e+01
