   0.0000000e+00   1.8050709e+01
   1.0000000e+01   1.8066272e+01
   2.0000000e+01   1.8222840e+01
   3.0000000e+01   1.8516844e+01
   4.0000000e+01   1.8926100e+01
   5.0000000e+01   1.9277813e+01
   6.0000000e+01   1.9570718e+01
   7.0000000e+01   1.9929963e+01
   8.0000000e+01   2.0235887e+01
   9.0000000e+01   2.0527290e+01
   1.0000000e+02   2.0908920e+01
   1.1000000e+02   2.1239573e+01
   1.2000000e+02   2.1513348e+01
   1.3000000e+02   2.1807948e+01
   1.4000000e+02   2.2063038e+01
   1.5000000e+02   2.2300705e+01
   1.6000000e+02   2.2490386e+01
   1.7000000e+02   2.2649558e+01
   1.8000000e+02   2.2812626e+01
   1.9000000e+02   2.2987808e+01
   2.0000000e+02   2.3159375e+01
   2.1000000e+02   2.3273867e+01
   2.2000000e+02   2.3407690e+01
   2.3000000e+02   2.3544609e+01
   2.4000000e+02   2.3643287e+01
   2.5000000e+02   2.3758120e+01
   2.6000000e+02   2.3857059e+01
   2.7000000e+02   2.3966219e+01
   2.8000000e+02   2.4035809e+01
   2.9000000e+02   2.4137517e+01
   3.0000000e+02   2.4232741e+01
   3.1000000e+02   2.4305699e+01
   3.2000000e+02   2.4383863e+01
   3.3000000e+02   2.4464059e+01
   3.4000000e+02   2.4537098e+01
   3.5000000e+02   2.4605225e+01
   3.6000000e+02   2.4646158e+01
   3.7000000e+02   2.4714241e+01
   3.8000000e+02   2.4781738e+01
   3.9000000e+02   2.4837368e+01
   4.0000000e+02   2.4868132e+01
   4.1000000e+02   2.4924111e+01
   4.2000000e+02   2.4976009e+01
   4.3000000e+02   2.5021665e+01
   4.4000000e+02   2.5068572e+01
   4.5000000e+02   2.5103385e+01
   4.6000000e+02   2.5169077e+01
   4.7000000e+02   2.5222433e+01
   4.8000000e+02   2.5263297e+01
   4.9000000e+02   2.5320362e+01
   5.0000000e+02   2.5333104e+01
   5.1000000e+02   2.5342168e+01
   5.2000000e+02   2.5364000e+01
   5.3000000e+02   2.5405564e+01
   5.4000000e+02   2.5454929e+01
   5.5000000e+02   2.5463568e+01
   5.6000000e+02   2.5511559e+01
   5.7000000e+02   2.5553879e+01
   5.8000000e+02   2.5597824e+01
   5.9000000e+02   2.5610086e+01
   6.0000000e+02   2.5646883e+01
   6.1000000e+02   2.5663733e+01
   6.2000000e+02   2.5718677e+01
   6.3000000e+02   2.5733585e+01
   6.4000000e+02   2.5771239e+01
   6.5000000e+02   2.5781988e+01
   6.6000000e+02   2.5837363e+01
   6.7000000e+02   2.5876822e+01
   6.8000000e+02   2.5873643e+01
   6.9000000e+02   2.5894832e+01
   7.0000000e+02   2.5910989e+01
   7.1000000e+02   2.5899598e+01
   7.2000000e+02   2.5968467e+01
   7.3000000e+02   2.5969473e+01
   7.4000000e+02   2.5998570e+01
   7.5000000e+02   2.5991040e+01
   7.6000000e+02   2.6018900e+01
   7.7000000e+02   2.6070749e+01
   7.8000000e+02   2.6102086e+01
   7.9000000e+02   2.6117259e+01
   8.0000000e+02   2.6099530e+01
   8.1000000e+02   2.6162724e+01
   8.2000000e+02   2.6160664e+01
   8.3000000e+02   2.6194933e+01
   8.4000000e+02   2.6201504e+01
   8.5000000e+02   2.6207362e+01
   8.6000000e+02   2.6227868e+01
   8.7000000e+02   2.6266440e+01
   8.8000000e+02   2.6285296e+01
   8.9000000e+02   2.6289940e+01
   9.0000000e+02   2.6288242e+01
   9.1000000e+02   2.6334888e+01
   9.2000000e+02   2.6347230e+01
   9.3000000e+02   2.6371444e+01
   9.4000000e+02   2.6387871e+01
   9.5000000e+02   2.6403900e+01
   9.6000000e+02   2.6446998e+01
   9.7000000e+02   2.6440411e+01
   9.8000000e+02   2.6467237e+01
   9.9000000e+02   2.6489299e+01
   1.0000000e+03   2.6476883e+01
   1.0100000e+03   2.6521202e+01
   1.0200000e+03   2.6508460e+01
   1.0300000e+03   2.6509357e+01
   1.0400000e+03   2.6525190e+01
   1.0500000e+03   2.6526427e+01
   1.0600000e+03   2.6571257e+01
   1.0700000e+03   2.6576326e+01
   1.0800000e+03   2.6588933e+01
   1.0900000e+03   2.6597347e+01
   1.1000000e+03   2.6621518e+01
   1.1100000e+03   2.6631737e+01
   1.1200000e+03   2.6626853e+01
   1.1300000e+03   2.6674466e+01
   1.1400000e+03   2.6661001e+01
   1.1500000e+03   2.6672942e+01
   1.1600000e+03   2.6683184e+01
   1.1700000e+03   2.6709281e+01
   1.1800000e+03   2.6732578e+01
   1.1900000e+03   2.6736057e+01
   1.2000000e+03   2.6751572e+01
   1.2100000e+03   2.6751633e+01
   1.2200000e+03   2.6751491e+01
   1.2300000e+03   2.6767407e+01
   1.2400000e+03   2.6762600e+01
   1.2500000e+03   2.6788092e+01
   1.2600000e+03   2.6791199e+01
   1.2700000e+03   2.6795797e+01
   1.2800000e+03   2.6806916e+01
   1.2900000e+03   2.6827231e+01
   1.3000000e+03   2.6825513e+01
   1.3100000e+03   2.6840422e+01
   1.3200000e+03   2.6832948e+01
   1.3300000e+03   2.6868906e+01
   1.3400000e+03   2.6894465e+01
   1.3500000e+03   2.6904985e+01
   1.3600000e+03   2.6919368e+01
   1.3700000e+03   2.6911067e+01
   1.3800000e+03   2.6911807e+01
   1.3900000e+03   2.6938479e+01
   1.4000000e+03   2.6941571e+01
   1.4100000e+03   2.6941426e+01
   1.4200000e+03   2.6945305e+01
   1.4300000e+03   2.6979103e+01
   1.4400000e+03   2.6981165e+01
   1.4500000e+03   2.6995477e+01
   1.4600000e+03   2.6980998e+01
   1.4700000e+03   2.6993808e+01
   1.4800000e+03   2.6999349e+01
   1.4900000e+03   2.7016219e+01
   1.5000000e+03   2.7019566e+01
   1.5100000e+03   2.7034752e+01
   1.5200000e+03   2.7020008e+01
   1.5300000e+03   2.7034140e+01
   1.5400000e+03   2.7031452e+01
   1.5500000e+03   2.7066194e+01
   1.5600000e+03   2.7063856e+01
   1.5700000e+03   2.7078167e+01
   1.5800000e+03   2.7093399e+01
   1.5900000e+03   2.7097605e+01
   1.6000000e+03   2.7107590e+01
   1.6100000e+03   2.7092157e+01
   1.6200000e+03   2.7108299e+01
   1.6300000e+03   2.7131805e+01
   1.6400000e+03   2.7141462e+01
   1.6500000e+03   2.7145304e+01
   1.6600000e+03   2.7164980e+01
   1.6700000e+03   2.7151473e+01
   1.6800000e+03   2.7165382e+01
   1.6900000e+03   2.7190739e+01
   1.7000000e+03   2.7201233e+01
   1.7100000e+03   2.7176446e+01
   1.7200000e+03   2.7197806e+01
   1.7300000e+03   2.7210408e+01
   1.7400000e+03   2.7222258e+01
   1.7500000e+03   2.7208729e+01
   1.7600000e+03   2.7217732e+01
   1.7700000e+03   2.7220713e+01
   1.7800000e+03   2.7267440e+01
   1.7900000e+03   2.7259010e+01
   1.8000000e+03   2.7257958e+01
   1.8100000e+03   2.7265653e+01
   1.8200000e+03   2.7263657e+01
   1.8300000e+03   2.7258571e+01
   1.8400000e+03   2.7290772e+01
   1.8500000e+03   2.7309914e+01
   1.8600000e+03   2.7302270e+01
   1.8700000e+03   2.7300367e+01
   1.8800000e+03   2.7312990e+01
   1.8900000e+03   2.7328872e+01
   1.9000000e+03   2.7333694e+01
   1.9100000e+03   2.7328524e+01
   1.9200000e+03   2.7342637e+01
   1.9300000e+03   2.7345134e+01
   1.9400000e+03   2.7366893e+01
   1.9500000e+03   2.7371182e+01
   1.9600000e+03   2.7358105e+01
   1.9700000e+03   2.7377984e+01
   1.9800000e+03   2.7388842e+01
   1.9900000e+03   2.7398596e+01
   2.0000000e+03   2.7399906e+01
   2.0100000e+03   2.7437542e+01
   2.0200000e+03   2.7404175e+01
   2.0300000e+03   2.7418614e+01
   2.0400000e+03   2.7433271e+01
   2.0500000e+03   2.7441146e+01
   2.0600000e+03   2.7459764e+01
   2.0700000e+03   2.7447460e+01
   2.0800000e+03   2.7443962e+01
   2.0900000e+03   2.7458595e+01
   2.1000000e+03   2.7464799e+01
   2.1100000e+03   2.7485803e+01
   2.1200000e+03   2.7486435e+01
   2.1300000e+03   2.7480539e+01
   2.1400000e+03   2.7500076e+01
   2.1500000e+03   2.7514843e+01
   2.1600000e+03   2.7510812e+01
   2.1700000e+03   2.7521545e+01
   2.1800000e+03   2.7533673e+01
   2.1900000e+03   2.7550060e+01
   2.2000000e+03   2.7524012e+01
   2.2100000e+03   2.7529668e+01
   2.2200000e+03   2.7547508e+01
   2.2300000e+03   2.7534380e+01
   2.2400000e+03   2.7536196e+01
   2.2500000e+03   2.7537237e+01
   2.2600000e+03   2.7543073e+01
   2.2700000e+03   2.7572309e+01
   2.2800000e+03   2.7557002e+01
   2.2900000e+03   2.7547602e+01
   2.3000000e+03   2.7576414e+01
   2.3100000e+03   2.7578861e+01
   2.3200000e+03   2.7575654e+01
   2.3300000e+03   2.7581671e+01
   2.3400000e+03   2.7579844e+01
   2.3500000e+03   2.7589982e+01
   2.3600000e+03   2.7611541e+01
   2.3700000e+03   2.7591911e+01
   2.3800000e+03   2.7592688e+01
   2.3900000e+03   2.7624674e+01
   2.4000000e+03   2.7611611e+01
   2.4100000e+03   2.7609651e+01
   2.4200000e+03   2.7602499e+01
   2.4300000e+03   2.7643336e+01
   2.4400000e+03   2.7633890e+01
   2.4500000e+03   2.7657964e+01
   2.4600000e+03   2.7653906e+01
   2.4700000e+03   2.7662164e+01
   2.4800000e+03   2.7677616e+01
   2.4900000e+03   2.7666041e+01
   2.5000000e+03   2.7674203e+01
   2.5100000e+03   2.7656053e+01
   2.5200000e+03   2.7688156e+01
   2.5300000e+03   2.7671084e+01
   2.5400000e+03   2.7680073e+01
   2.5500000e+03   2.7680877e+01
   2.5600000e+03   2.7699784e+01
   2.5700000e+03   2.7706062e+01
   2.5800000e+03   2.7694162e+01
   2.5900000e+03   2.7667610e+01
   2.6000000e+03   2.7690950e+01
   2.6100000e+03   2.7698087e+01
   2.6200000e+03   2.7706192e+01
   2.6300000e+03   2.7737668e+01
   2.6400000e+03   2.7731047e+01
   2.6500000e+03   2.7746170e+01
   2.6600000e+03   2.7741858e+01
   2.6700000e+03   2.7756325e+01
   2.6800000e+03   2.7745632e+01
   2.6900000e+03   2.7764701e+01
   2.7000000e+03   2.7767025e+01
   2.7100000e+03   2.7768719e+01
   2.7200000e+03   2.7774225e+01
   2.7300000e+03   2.7751873e+01
   2.7400000e+03   2.7784203e+01
   2.7500000e+03   2.7778244e+01
   2.7600000e+03   2.7793890e+01
   2.7700000e+03   2.7770038e+01
   2.7800000e+03   2.7760752e+01
   2.7900000e+03   2.7772513e+01
   2.8000000e+03   2.7800110e+01
   2.8100000e+03   2.7792048e+01
   2.8200000e+03   2.7792147e+01
   2.8300000e+03   2.7803372e+01
   2.8400000e+03   2.7793349e+01
   2.8500000e+03   2.7804346e+01
   2.8600000e+03   2.7817702e+01
   2.8700000e+03   2.7804518e+01
   2.8800000e+03   2.7800354e+01
   2.8900000e+03   2.7834136e+01
   2.9000000e+03   2.7810419e+01
   2.9100000e+03   2.7820251e+01
   2.9200000e+03   2.7816792e+01
   2.9300000e+03   2.7832327e+01
   2.9400000e+03   2.7831662e+01
   2.9500000e+03   2.7834594e+01
   2.9600000e+03   2.7848384e+01
   2.9700000e+03   2.7846580e+01
   2.9800000e+03   2.7849390e+01
   2.9900000e+03   2.7857211e+01
   3.0000000e+03   2.7855639e+01
   3.0100000e+03   2.7868061e+01
   3.0200000e+03   2.7871502e+01
   3.0300000e+03   2.7878368e+01
   3.0400000e+03   2.7884011e+01
   3.0500000e+03   2.7864493e+01
   3.0600000e+03   2.7884457e+01
   3.0700000e+03   2.7893744e+01
   3.0800000e+03   2.7891188e+01
   3.0900000e+03   2.7909954e+01
   3.1000000e+03   2.7904360e+01
   3.1100000e+03   2.7900074e+01
   3.1200000e+03   2.7906891e+01
   3.1300000e+03   2.7913440e+01
   3.1400000e+03   2.7933583e+01
   3.1500000e+03   2.7920158e+01
   3.1600000e+03   2.7910727e+01
   3.1700000e+03   2.7917362e+01
   3.1800000e+03   2.7932524e+01
   3.1900000e+03   2.7928011e+01
   3.2000000e+03   2.7925459e+01
   3.2100000e+03   2.7902087e+01
   3.2200000e+03   2.7914560e+01
   3.2300000e+03   2.7922154e+01
   3.2400000e+03   2.7923571e+01
   3.2500000e+03   2.7932036e+01
   3.2600000e+03   2.7944253e+01
   3.2700000e+03   2.7925950e+01
   3.2800000e+03   2.7939718e+01
   3.2900000e+03   2.7958960e+01
   3.3000000e+03   2.7933600e+01
   3.3100000e+03   2.7941788e+01
   3.3200000e+03   2.7942106e+01
   3.3300000e+03   2.7947764e+01
   3.3400000e+03   2.7937319e+01
   3.3500000e+03   2.7949269e+01
   3.3600000e+03   2.7957442e+01
   3.3700000e+03   2.7951003e+01
   3.3800000e+03   2.7972189e+01
   3.3900000e+03   2.7968279e+01
   3.4000000e+03   2.7971704e+01
   3.4100000e+03   2.7958604e+01
   3.4200000e+03   2.7982562e+01
   3.4300000e+03   2.7964440e+01
   3.4400000e+03   2.7964330e+01
   3.4500000e+03   2.7966123e+01
   3.4600000e+03   2.7979248e+01
   3.4700000e+03   2.7992069e+01
   3.4800000e+03   2.8002857e+01
   3.4900000e+03   2.7989274e+01
