   0.0000000e+00   1.8207930e+01
   1.0000000e+01   1.8311221e+01
   2.0000000e+01   1.8851019e+01
   3.0000000e+01   1.9498232e+01
   4.0000000e+01   2.0230496e+01
   5.0000000e+01   2.1095349e+01
   6.0000000e+01   2.1997599e+01
   7.0000000e+01   2.2814488e+01
   8.0000000e+01   2.3528378e+01
   9.0000000e+01   2.4151993e+01
   1.0000000e+02   2.4748806e+01
   1.1000000e+02   2.5209722e+01
   1.2000000e+02   2.5617994e+01
   1.3000000e+02   2.5993171e+01
   1.4000000e+02   2.6317224e+01
   1.5000000e+02   2.6632115e+01
   1.6000000e+02   2.6897867e+01
   1.7000000e+02   2.7140900e+01
   1.8000000e+02   2.7376973e+01
   1.9000000e+02   2.7573077e+01
   2.0000000e+02   2.7760482e+01
   2.1000000e+02   2.7928931e+01
   2.2000000e+02   2.8084910e+01
   2.3000000e+02   2.8208585e+01
   2.4000000e+02   2.8325124e+01
   2.5000000e+02   2.8448044e+01
   2.6000000e+02   2.8541746e+01
   2.7000000e+02   2.8634326e+01
   2.8000000e+02   2.8735510e+01
   2.9000000e+02   2.8809347e+01
   3.0000000e+02   2.8892062e+01
   3.1000000e+02   2.8957061e+01
   3.2000000e+02   2.9033934e+01
   3.3000000e+02   2.9096832e+01
   3.4000000e+02   2.9145953e+01
   3.5000000e+02   2.9203559e+01
   3.6000000e+02   2.9259206e+01
   3.7000000e+02   2.9308310e+01
   3.8000000e+02   2.9355451e+01
   3.9000000e+02   2.9386621e+01
   4.0000000e+02   2.9430945e+01
   4.1000000e+02   2.9471699e+01
   4.2000000e+02   2.9511122e+01
   4.3000000e+02   2.9546767e+01
   4.4000000e+02   2.9589243e+01
   4.5000000e+02   2.9627192e+01
   4.6000000e+02   2.9672332e+01
   4.7000000e+02   2.9717219e+01
   4.8000000e+02   2.9742524e+01
   4.9000000e+02   2.9774246e+01
   5.0000000e+02   2.9805860e+01
   5.1000000e+02   2.9840384e+01
   5.2000000e+02   2.9866847e+01
   5.3000000e+02   2.9890294e+01
   5.4000000e+02   2.9916443e+01
   5.5000000e+02   2.9933993e+01
   5.6000000e+02   2.9977253e+01
   5.7000000e+02   2.9984398e+01
   5.8000000e+02   3.0015910e+01
   5.9000000e+02   3.0040768e+01
   6.0000000e+02   3.0061478e+01
   6.1000000e+02   3.0097276e+01
   6.2000000e+02   3.0122233e+01
   6.3000000e+02   3.0163525e+01
   6.4000000e+02   3.0186282e+01
   6.5000000e+02   3.0207625e+01
   6.6000000e+02   3.0215725e+01
   6.7000000e+02   3.0235366e+01
   6.8000000e+02   3.0266500e+01
   6.9000000e+02   3.0282975e+01
   7.0000000e+02   3.0308132e+01
   7.1000000e+02   3.0325699e+01
   7.2000000e+02   3.0338403e+01
   7.3000000e+02   3.0369461e+01
   7.4000000e+02   3.0381097e+01
   7.5000000e+02   3.0396947e+01
   7.6000000e+02   3.0394551e+01
   7.7000000e+02   3.0411032e+01
   7.8000000e+02   3.0421879e+01
   7.9000000e+02   3.0412162e+01
   8.0000000e+02   3.0435300e+01
   8.1000000e+02   3.0441453e+01
   8.2000000e+02   3.0430313e+01
   8.3000000e+02   3.0453846e+01
   8.4000000e+02   3.0472234e+01
   8.5000000e+02   3.0493645e+01
   8.6000000e+02   3.0493841e+01
   8.7000000e+02   3.0500232e+01
   8.8000000e+02   3.0518956e+01
   8.9000000e+02   3.0539711e+01
   9.0000000e+02   3.0552169e+01
   9.1000000e+02   3.0560270e+01
   9.2000000e+02   3.0577099e+01
   9.3000000e+02   3.0575371e+01
   9.4000000e+02   3.0577870e+01
   9.5000000e+02   3.0586974e+01
   9.6000000e+02   3.0601356e+01
   9.7000000e+02   3.0602105e+01
   9.8000000e+02   3.0596130e+01
   9.9000000e+02   3.0605271e+01
   1.0000000e+03   3.0600936e+01
   1.0100000e+03   3.0620013e+01
   1.0200000e+03   3.0627872e+01
   1.0300000e+03   3.0633571e+01
   1.0400000e+03   3.0624054e+01
   1.0500000e+03   3.0638961e+01
   1.0600000e+03   3.0651901e+01
   1.0700000e+03   3.0680840e+01
   1.0800000e+03   3.0667655e+01
   1.0900000e+03   3.0677053e+01
   1.1000000e+03   3.0692917e+01
   1.1100000e+03   3.0697257e+01
   1.1200000e+03   3.0699677e+01
   1.1300000e+03   3.0723604e+01
   1.1400000e+03   3.0732279e+01
   1.1500000e+03   3.0729835e+01
   1.1600000e+03   3.0727076e+01
   1.1700000e+03   3.0754458e+01
   1.1800000e+03   3.0747833e+01
   1.1900000e+03   3.0765856e+01
   1.2000000e+03   3.0776509e+01
   1.2100000e+03   3.0776684e+01
   1.2200000e+03   3.0784129e+01
   1.2300000e+03   3.0791317e+01
   1.2400000e+03   3.0786771e+01
   1.2500000e+03   3.0785355e+01
   1.2600000e+03   3.0804964e+01
   1.2700000e+03   3.0814422e+01
   1.2800000e+03   3.0821729e+01
   1.2900000e+03   3.0833550e+01
   1.3000000e+03   3.0853327e+01
   1.3100000e+03   3.0849430e+01
   1.3200000e+03   3.0864671e+01
   1.3300000e+03   3.0861307e+01
   1.3400000e+03   3.0871100e+01
   1.3500000e+03   3.0877128e+01
   1.3600000e+03   3.0876116e+01
   1.3700000e+03   3.0903703e+01
   1.3800000e+03   3.0898130e+01
   1.3900000e+03   3.0899971e+01
   1.4000000e+03   3.0909670e+01
   1.4100000e+03   3.0909627e+01
   1.4200000e+03   3.0932072e+01
   1.4300000e+03   3.0951452e+01
   1.4400000e+03   3.0959963e+01
   1.4500000e+03   3.0967394e+01
   1.4600000e+03   3.0978018e+01
   1.4700000e+03   3.0994168e+01
   1.4800000e+03   3.0995590e+01
   1.4900000e+03   3.1015177e+01
   1.5000000e+03   3.1020101e+01
   1.5100000e+03   3.1039170e+01
   1.5200000e+03   3.1040617e+01
   1.5300000e+03   3.1042766e+01
   1.5400000e+03   3.1050867e+01
   1.5500000e+03   3.1049748e+01
   1.5600000e+03   3.1057998e+01
   1.5700000e+03   3.1071294e+01
   1.5800000e+03   3.1067671e+01
   1.5900000e+03   3.1074634e+01
   1.6000000e+03   3.1076744e+01
   1.6100000e+03   3.1091636e+01
   1.6200000e+03   3.1083123e+01
   1.6300000e+03   3.1093596e+01
   1.6400000e+03   3.1093581e+01
   1.6500000e+03   3.1115738e+01
   1.6600000e+03   3.1125523e+01
   1.6700000e+03   3.1133846e+01
   1.6800000e+03   3.1135424e+01
   1.6900000e+03   3.1137849e+01
   1.7000000e+03   3.1162901e+01
   1.7100000e+03   3.1176984e+01
   1.7200000e+03   3.1173068e+01
   1.7300000e+03   3.1170374e+01
   1.7400000e+03   3.1186944e+01
   1.7500000e+03   3.1185259e+01
   1.7600000e+03   3.1189986e+01
   1.7700000e+03   3.1192130e+01
   1.7800000e+03   3.1198340e+01
   1.7900000e+03   3.1203899e+01
   1.8000000e+03   3.1213674e+01
   1.8100000e+03   3.1206969e+01
   1.8200000e+03   3.1212978e+01
   1.8300000e+03   3.1218011e+01
   1.8400000e+03   3.1222607e+01
   1.8500000e+03   3.1231412e+01
   1.8600000e+03   3.1225194e+01
   1.8700000e+03   3.1227922e+01
   1.8800000e+03   3.1219578e+01
   1.8900000e+03   3.1234111e+01
   1.9000000e+03   3.1242097e+01
   1.9100000e+03   3.1241248e+01
   1.9200000e+03   3.1239432e+01
   1.9300000e+03   3.1247632e+01
   1.9400000e+03   3.1247672e+01
   1.9500000e+03   3.1259296e+01
   1.9600000e+03   3.1252310e+01
   1.9700000e+03   3.1283437e+01
   1.9800000e+03   3.1278989e+01
   1.9900000e+03   3.1287381e+01
   2.0000000e+03   3.1297969e+01
   2.0100000e+03   3.1296560e+01
   2.0200000e+03   3.1295560e+01
   2.0300000e+03   3.1293668e+01
   2.0400000e+03   3.1290797e+01
   2.0500000e+03   3.1268351e+01
   2.0600000e+03   3.1291119e+01
   2.0700000e+03   3.1290094e+01
   2.0800000e+03   3.1286264e+01
   2.0900000e+03   3.1295929e+01
   2.1000000e+03   3.1290894e+01
   2.1100000e+03   3.1293671e+01
   2.1200000e+03   3.1294766e+01
   2.1300000e+03   3.1292425e+01
   2.1400000e+03   3.1309005e+01
   2.1500000e+03   3.1316401e+01
   2.1600000e+03   3.1295304e+01
   2.1700000e+03   3.1301783e+01
   2.1800000e+03   3.1298665e+01
   2.1900000e+03   3.1309668e+01
   2.2000000e+03   3.1302408e+01
   2.2100000e+03   3.1308813e+01
   2.2200000e+03   3.1306478e+01
   2.2300000e+03   3.1315390e+01
   2.2400000e+03   3.1323816e+01
   2.2500000e+03   3.1321820e+01
   2.2600000e+03   3.1320940e+01
   2.2700000e+03   3.1332664e+01
   2.2800000e+03   3.1336471e+01
   2.2900000e+03   3.1331650e+01
   2.3000000e+03   3.1344891e+01
   2.3100000e+03   3.1343910e+01
   2.3200000e+03   3.1364470e+01
   2.3300000e+03   3.1370810e+01
   2.3400000e+03   3.1371150e+01
   2.3500000e+03   3.1371372e+01
   2.3600000e+03   3.1360816e+01
   2.3700000e+03   3.1377827e+01
   2.3800000e+03   3.1380497e+01
   2.3900000e+03   3.1386899e+01
   2.4000000e+03   3.1372560e+01
   2.4100000e+03   3.1389677e+01
   2.4200000e+03   3.1384680e+01
   2.4300000e+03   3.1391462e+01
   2.4400000e+03   3.1385014e+01
   2.4500000e+03   3.1395025e+01
   2.4600000e+03   3.1397714e+01
   2.4700000e+03   3.1392755e+01
   2.4800000e+03   3.1385024e+01
   2.4900000e+03   3.1393036e+01
   2.5000000e+03   3.1400409e+01
   2.5100000e+03   3.1406673e+01
   2.5200000e+03   3.1401055e+01
   2.5300000e+03   3.1403002e+01
   2.5400000e+03   3.1410144e+01
   2.5500000e+03   3.1402945e+01
   2.5600000e+03   3.1424383e+01
   2.5700000e+03   3.1435422e+01
   2.5800000e+03   3.1430180e+01
   2.5900000e+03   3.1438251e+01
   2.6000000e+03   3.1443005e+01
   2.6100000e+03   3.1442892e+01
   2.6200000e+03   3.1457308e+01
   2.6300000e+03   3.1458850e+01
   2.6400000e+03   3.1449771e+01
   2.6500000e+03   3.1479704e+01
   2.6600000e+03   3.1482969e+01
   2.6700000e+03   3.1490269e+01
   2.6800000e+03   3.1488307e+01
   2.6900000e+03   3.1486036e+01
   2.7000000e+03   3.1494327e+01
   2.7100000e+03   3.1491671e+01
   2.7200000e+03   3.1500426e+01
   2.7300000e+03   3.1509410e+01
   2.7400000e+03   3.1525262e+01
   2.7500000e+03   3.1524606e+01
   2.7600000e+03   3.1517924e+01
   2.7700000e+03   3.1519474e+01
   2.7800000e+03   3.1527886e+01
   2.7900000e+03   3.1533996e+01
   2.8000000e+03   3.1523577e+01
   2.8100000e+03   3.1526695e+01
   2.8200000e+03   3.1533738e+01
   2.8300000e+03   3.1522298e+01
   2.8400000e+03   3.1535891e+01
   2.8500000e+03   3.1541480e+01
   2.8600000e+03   3.1530853e+01
   2.8700000e+03   3.1534510e+01
   2.8800000e+03   3.1522591e+01
   2.8900000e+03   3.1537505e+01
   2.9000000e+03   3.1542234e+01
   2.9100000e+03   3.1538115e+01
   2.9200000e+03   3.1544873e+01
   2.9300000e+03   3.1552481e+01
   2.9400000e+03   3.1556140e+01
   2.9500000e+03   3.1555058e+01
   2.9600000e+03   3.1564390e+01
   2.9700000e+03   3.1573963e+01
   2.9800000e+03   3.1564101e+01
   2.9900000e+03   3.1578075e+01
   3.0000000e+03   3.1563084e+01
   3.0100000e+03   3.1570295e+01
   3.0200000e+03   3.1585210e+01
   3.0300000e+03   3.1584832e+01
   3.0400000e+03   3.1576223e+01
   3.0500000e+03   3.1575157e+01
   3.0600000e+03   3.1572630e+01
   3.0700000e+03   3.1581723e+01
   3.0800000e+03   3.1581562e+01
   3.0900000e+03   3.1586227e+01
   3.1000000e+03   3.1586970e+01
   3.1100000e+03   3.1597439e+01
   3.1200000e+03   3.1599885e+01
   3.1300000e+03   3.1605971e+01
   3.1400000e+03   3.1597992e+01
   3.1500000e+03   3.1609365e+01
   3.1600000e+03   3.1605695e+01
   3.1700000e+03   3.1606778e+01
   3.1800000e+03   3.1627565e+01
   3.1900000e+03   3.1628599e+01
   3.2000000e+03   3.1621394e+01
   3.2100000e+03   3.1640515e+01
   3.2200000e+03   3.1641176e+01
   3.2300000e+03   3.1639848e+01
   3.2400000e+03   3.1653238e+01
   3.2500000e+03   3.1651268e+01
   3.2600000e+03   3.1659890e+01
   3.2700000e+03   3.1655117e+01
   3.2800000e+03   3.1646774e+01
   3.2900000e+03   3.1656240e+01
   3.3000000e+03   3.1666066e+01
   3.3100000e+03   3.1664084e+01
   3.3200000e+03   3.1671200e+01
   3.3300000e+03   3.1665730e+01
   3.3400000e+03   3.1673130e+01
   3.3500000e+03   3.1667550e+01
   3.3600000e+03   3.1672921e+01
   3.3700000e+03   3.1675302e+01
   3.3800000e+03   3.1656869e+01
   3.3900000e+03   3.1678229e+01
   3.4000000e+03   3.1669334e+01
   3.4100000e+03   3.1679356e+01
   3.4200000e+03   3.1696966e+01
   3.4300000e+03   3.1686790e+01
   3.4400000e+03   3.1702170e+01
   3.4500000e+03   3.1711287e+01
   3.4600000e+03   3.1719393e+01
   3.4700000e+03   3.1724238e+01
   3.4800000e+03   3.1731124e+01
   3.4900000e+03   3.1738163e+01
