   0.0000000e+00   4.6087483e-04
   1.0000000e+01   7.0929732e-04
   2.0000000e+01  -8.1634440e-03
   3.0000000e+01   1.3500866e-02
   4.0000000e+01   2.0420293e-03
   5.0000000e+01   7.6103219e-03
   6.0000000e+01   2.8926787e-03
   7.0000000e+01   3.4279267e-03
   8.0000000e+01   1.4702417e-02
   9.0000000e+01   3.5873403e-02
   1.0000000e+02   7.1446155e-02
   1.1000000e+02   8.9904601e-02
   1.2000000e+02   1.1801298e-01
   1.3000000e+02   1.4131897e-01
   1.4000000e+02   1.7193149e-01
   1.5000000e+02   2.2108584e-01
   1.6000000e+02   2.5692510e-01
   1.7000000e+02   2.7028744e-01
   1.8000000e+02   3.0359709e-01
   1.9000000e+02   3.4329315e-01
   2.0000000e+02   3.7660089e-01
   2.1000000e+02   4.1502383e-01
   2.2000000e+02   4.4642281e-01
   2.3000000e+02   4.8350053e-01
   2.4000000e+02   5.0583890e-01
   2.5000000e+02   5.4001042e-01
   2.6000000e+02   5.7979868e-01
   2.7000000e+02   6.1339361e-01
   2.8000000e+02   6.4690304e-01
   2.9000000e+02   6.7998441e-01
   3.0000000e+02   7.1050065e-01
   3.1000000e+02   7.4161113e-01
   3.2000000e+02   7.7099868e-01
   3.3000000e+02   7.9176265e-01
   3.4000000e+02   8.2853542e-01
   3.5000000e+02   8.5225403e-01
   3.6000000e+02   8.8830322e-01
   3.7000000e+02   9.0270543e-01
   3.8000000e+02   9.1860975e-01
   3.9000000e+02   9.5575541e-01
   4.0000000e+02   9.7787390e-01
   4.1000000e+02   1.0077198e+00
   4.2000000e+02   1.0311444e+00
   4.3000000e+02   1.0561798e+00
   4.4000000e+02   1.0706455e+00
   4.5000000e+02   1.0931303e+00
   4.6000000e+02   1.1107197e+00
   4.7000000e+02   1.1453617e+00
   4.8000000e+02   1.1491201e+00
   4.9000000e+02   1.1863352e+00
   5.0000000e+02   1.2160792e+00
   5.1000000e+02   1.2286742e+00
   5.2000000e+02   1.2538775e+00
   5.3000000e+02   1.2768964e+00
   5.4000000e+02   1.2970953e+00
   5.5000000e+02   1.3296684e+00
   5.6000000e+02   1.3491831e+00
   5.7000000e+02   1.3678655e+00
   5.8000000e+02   1.3918930e+00
   5.9000000e+02   1.4151249e+00
   6.0000000e+02   1.4284857e+00
   6.1000000e+02   1.4431162e+00
   6.2000000e+02   1.4591977e+00
   6.3000000e+02   1.4785986e+00
   6.4000000e+02   1.4976950e+00
   6.5000000e+02   1.5015519e+00
   6.6000000e+02   1.5254922e+00
   6.7000000e+02   1.5373653e+00
   6.8000000e+02   1.5494688e+00
   6.9000000e+02   1.5619745e+00
   7.0000000e+02   1.5830961e+00
   7.1000000e+02   1.5950519e+00
   7.2000000e+02   1.6165752e+00
   7.3000000e+02   1.6087776e+00
   7.4000000e+02   1.6218213e+00
   7.5000000e+02   1.6355739e+00
   7.6000000e+02   1.6494600e+00
   7.7000000e+02   1.6670810e+00
   7.8000000e+02   1.6846990e+00
   7.9000000e+02   1.6943997e+00
   8.0000000e+02   1.7078583e+00
   8.1000000e+02   1.7206691e+00
   8.2000000e+02   1.7341275e+00
   8.3000000e+02   1.7470471e+00
   8.4000000e+02   1.7580632e+00
   8.5000000e+02   1.7678969e+00
   8.6000000e+02   1.7848194e+00
   8.7000000e+02   1.8006795e+00
   8.8000000e+02   1.8034255e+00
   8.9000000e+02   1.8182969e+00
   9.0000000e+02   1.8226150e+00
   9.1000000e+02   1.8463676e+00
   9.2000000e+02   1.8485873e+00
   9.3000000e+02   1.8643743e+00
   9.4000000e+02   1.8713999e+00
   9.5000000e+02   1.8891499e+00
   9.6000000e+02   1.9125822e+00
   9.7000000e+02   1.9006242e+00
   9.8000000e+02   1.9276160e+00
   9.9000000e+02   1.9259432e+00
   1.0000000e+03   1.9268922e+00
   1.0100000e+03   1.9450655e+00
   1.0200000e+03   1.9470777e+00
   1.0300000e+03   1.9637401e+00
   1.0400000e+03   2.0074821e+00
   1.0500000e+03   2.0040917e+00
   1.0600000e+03   2.0204628e+00
   1.0700000e+03   2.0396992e+00
   1.0800000e+03   2.0491407e+00
   1.0900000e+03   2.0615458e+00
   1.1000000e+03   2.0677919e+00
   1.1100000e+03   2.0755252e+00
   1.1200000e+03   2.0710744e+00
   1.1300000e+03   2.1036893e+00
   1.1400000e+03   2.1052037e+00
   1.1500000e+03   2.1091077e+00
   1.1600000e+03   2.1224268e+00
   1.1700000e+03   2.1306122e+00
   1.1800000e+03   2.1401512e+00
   1.1900000e+03   2.1401757e+00
   1.2000000e+03   2.1576423e+00
   1.2100000e+03   2.1438002e+00
   1.2200000e+03   2.1675245e+00
   1.2300000e+03   2.1782109e+00
   1.2400000e+03   2.1791663e+00
   1.2500000e+03   2.1818787e+00
   1.2600000e+03   2.1947377e+00
   1.2700000e+03   2.2081689e+00
   1.2800000e+03   2.2086991e+00
   1.2900000e+03   2.2136169e+00
   1.3000000e+03   2.2139740e+00
   1.3100000e+03   2.2442694e+00
   1.3200000e+03   2.2717359e+00
   1.3300000e+03   2.2676034e+00
   1.3400000e+03   2.2884578e+00
   1.3500000e+03   2.2932512e+00
   1.3600000e+03   2.2989210e+00
   1.3700000e+03   2.3049328e+00
   1.3800000e+03   2.3042868e+00
   1.3900000e+03   2.3019344e+00
   1.4000000e+03   2.3108383e+00
   1.4100000e+03   2.3127777e+00
   1.4200000e+03   2.3240952e+00
   1.4300000e+03   2.3305362e+00
   1.4400000e+03   2.3326105e+00
   1.4500000e+03   2.3419163e+00
   1.4600000e+03   2.3525998e+00
   1.4700000e+03   2.3513583e+00
   1.4800000e+03   2.3631892e+00
   1.4900000e+03   2.3727523e+00
   1.5000000e+03   2.3770480e+00
   1.5100000e+03   2.3893176e+00
   1.5200000e+03   2.3872230e+00
   1.5300000e+03   2.4002856e+00
   1.5400000e+03   2.4036041e+00
   1.5500000e+03   2.4177159e+00
   1.5600000e+03   2.4304225e+00
   1.5700000e+03   2.4239739e+00
   1.5800000e+03   2.4355956e+00
   1.5900000e+03   2.4426084e+00
   1.6000000e+03   2.4535841e+00
   1.6100000e+03   2.4561229e+00
   1.6200000e+03   2.4672702e+00
   1.6300000e+03   2.4855974e+00
   1.6400000e+03   2.4883665e+00
   1.6500000e+03   2.4818078e+00
   1.6600000e+03   2.4851615e+00
   1.6700000e+03   2.4850048e+00
   1.6800000e+03   2.5038673e+00
   1.6900000e+03   2.4988076e+00
   1.7000000e+03   2.4903727e+00
   1.7100000e+03   2.4950794e+00
   1.7200000e+03   2.5005916e+00
   1.7300000e+03   2.5088727e+00
   1.7400000e+03   2.5108378e+00
   1.7500000e+03   2.5078782e+00
   1.7600000e+03   2.5220350e+00
   1.7700000e+03   2.5296687e+00
   1.7800000e+03   2.5363880e+00
   1.7900000e+03   2.5364753e+00
   1.8000000e+03   2.5347217e+00
   1.8100000e+03   2.5508051e+00
   1.8200000e+03   2.5450904e+00
   1.8300000e+03   2.5550281e+00
   1.8400000e+03   2.5566280e+00
   1.8500000e+03   2.5749661e+00
   1.8600000e+03   2.5698209e+00
   1.8700000e+03   2.5544710e+00
   1.8800000e+03   2.5701860e+00
   1.8900000e+03   2.5743571e+00
   1.9000000e+03   2.5768943e+00
   1.9100000e+03   2.5844309e+00
   1.9200000e+03   2.5872842e+00
   1.9300000e+03   2.5928097e+00
   1.9400000e+03   2.5964098e+00
   1.9500000e+03   2.5849751e+00
   1.9600000e+03   2.5945135e+00
   1.9700000e+03   2.6029398e+00
   1.9800000e+03   2.5990432e+00
   1.9900000e+03   2.6125669e+00
   2.0000000e+03   2.6006828e+00
   2.0100000e+03   2.6075244e+00
   2.0200000e+03   2.6165611e+00
   2.0300000e+03   2.6130267e+00
   2.0400000e+03   2.6256944e+00
   2.0500000e+03   2.6329256e+00
   2.0600000e+03   2.6433273e+00
   2.0700000e+03   2.6471561e+00
   2.0800000e+03   2.6468783e+00
   2.0900000e+03   2.6488678e+00
   2.1000000e+03   2.6521013e+00
   2.1100000e+03   2.6611975e+00
   2.1200000e+03   2.6664666e+00
   2.1300000e+03   2.6561308e+00
   2.1400000e+03   2.6558761e+00
   2.1500000e+03   2.6603168e+00
   2.1600000e+03   2.6699253e+00
   2.1700000e+03   2.6798022e+00
   2.1800000e+03   2.6827442e+00
   2.1900000e+03   2.6999346e+00
   2.2000000e+03   2.6947929e+00
   2.2100000e+03   2.7206358e+00
   2.2200000e+03   2.7165894e+00
   2.2300000e+03   2.7290843e+00
   2.2400000e+03   2.7262804e+00
   2.2500000e+03   2.7370557e+00
   2.2600000e+03   2.7301918e+00
   2.2700000e+03   2.7292776e+00
   2.2800000e+03   2.7222080e+00
   2.2900000e+03   2.7236330e+00
   2.3000000e+03   2.7306305e+00
   2.3100000e+03   2.7393473e+00
   2.3200000e+03   2.7335708e+00
   2.3300000e+03   2.7380067e+00
   2.3400000e+03   2.7486745e+00
   2.3500000e+03   2.7424348e+00
   2.3600000e+03   2.7516286e+00
   2.3700000e+03   2.7508617e+00
   2.3800000e+03   2.7541916e+00
   2.3900000e+03   2.7632272e+00
   2.4000000e+03   2.7586472e+00
   2.4100000e+03   2.7684866e+00
   2.4200000e+03   2.7696246e+00
   2.4300000e+03   2.7759899e+00
   2.4400000e+03   2.7810729e+00
   2.4500000e+03   2.7812186e+00
   2.4600000e+03   2.7748181e+00
   2.4700000e+03   2.7734039e+00
   2.4800000e+03   2.7810836e+00
   2.4900000e+03   2.7881912e+00
   2.5000000e+03   2.7899228e+00
   2.5100000e+03   2.7783688e+00
   2.5200000e+03   2.7986407e+00
   2.5300000e+03   2.8041530e+00
   2.5400000e+03   2.7905040e+00
   2.5500000e+03   2.7927035e+00
   2.5600000e+03   2.7992297e+00
   2.5700000e+03   2.8041592e+00
   2.5800000e+03   2.7951913e+00
   2.5900000e+03   2.8092252e+00
   2.6000000e+03   2.8019169e+00
   2.6100000e+03   2.8077115e+00
   2.6200000e+03   2.7994262e+00
   2.6300000e+03   2.8232377e+00
   2.6400000e+03   2.8179617e+00
   2.6500000e+03   2.8174372e+00
   2.6600000e+03   2.8290766e+00
   2.6700000e+03   2.8399338e+00
   2.6800000e+03   2.8328756e+00
   2.6900000e+03   2.8444290e+00
   2.7000000e+03   2.8381991e+00
   2.7100000e+03   2.8452311e+00
   2.7200000e+03   2.8364153e+00
   2.7300000e+03   2.8312835e+00
   2.7400000e+03   2.8411330e+00
   2.7500000e+03   2.8441667e+00
   2.7600000e+03   2.8481052e+00
   2.7700000e+03   2.8641599e+00
   2.7800000e+03   2.8573596e+00
   2.7900000e+03   2.8673454e+00
   2.8000000e+03   2.8733575e+00
   2.8100000e+03   2.8647781e+00
   2.8200000e+03   2.8667306e+00
   2.8300000e+03   2.8708516e+00
   2.8400000e+03   2.8670144e+00
   2.8500000e+03   2.8662736e+00
   2.8600000e+03   2.8676770e+00
   2.8700000e+03   2.8625101e+00
   2.8800000e+03   2.8654977e+00
   2.8900000e+03   2.8740311e+00
   2.9000000e+03   2.8723870e+00
   2.9100000e+03   2.8686219e+00
   2.9200000e+03   2.8618968e+00
   2.9300000e+03   2.8833252e+00
   2.9400000e+03   2.8782565e+00
   2.9500000e+03   2.8784283e+00
   2.9600000e+03   2.8862899e+00
   2.9700000e+03   2.8858635e+00
   2.9800000e+03   2.8875337e+00
   2.9900000e+03   2.8877652e+00
   3.0000000e+03   2.8917405e+00
   3.0100000e+03   2.8977616e+00
   3.0200000e+03   2.8993735e+00
   3.0300000e+03   2.8933172e+00
   3.0400000e+03   2.8883452e+00
   3.0500000e+03   2.8930120e+00
   3.0600000e+03   2.8931945e+00
   3.0700000e+03   2.9048593e+00
   3.0800000e+03   2.9099279e+00
   3.0900000e+03   2.9223364e+00
   3.1000000e+03   2.9250416e+00
   3.1100000e+03   2.9123893e+00
   3.1200000e+03   2.9081367e+00
   3.1300000e+03   2.9133402e+00
   3.1400000e+03   2.9373241e+00
   3.1500000e+03   2.9254296e+00
   3.1600000e+03   2.9307558e+00
   3.1700000e+03   2.9249312e+00
   3.1800000e+03   2.9307007e+00
   3.1900000e+03   2.9437562e+00
   3.2000000e+03   2.9342404e+00
   3.2100000e+03   2.9384994e+00
   3.2200000e+03   2.9466566e+00
   3.2300000e+03   2.9390180e+00
   3.2400000e+03   2.9457703e+00
   3.2500000e+03   2.9663340e+00
   3.2600000e+03   2.9594131e+00
   3.2700000e+03   2.9541868e+00
   3.2800000e+03   2.9641106e+00
   3.2900000e+03   2.9693555e+00
   3.3000000e+03   2.9593401e+00
   3.3100000e+03   2.9708250e+00
   3.3200000e+03   2.9723035e+00
   3.3300000e+03   2.9856408e+00
   3.3400000e+03   2.9904087e+00
   3.3500000e+03   2.9924821e+00
   3.3600000e+03   2.9976991e+00
   3.3700000e+03   2.9791758e+00
   3.3800000e+03   2.9882313e+00
   3.3900000e+03   2.9829054e+00
   3.4000000e+03   2.9893646e+00
   3.4100000e+03   2.9754815e+00
   3.4200000e+03   2.9952010e+00
   3.4300000e+03   2.9848299e+00
   3.4400000e+03   2.9888875e+00
   3.4500000e+03   2.9832826e+00
   3.4600000e+03   2.9842227e+00
   3.4700000e+03   2.9786055e+00
   3.4800000e+03   2.9829823e+00
   3.4900000e+03   2.9889906e+00
