   0.0000000e+00   1.6036188e-03
   1.0000000e+01   2.3162185e-03
   2.0000000e+01   3.5222431e-02
   3.0000000e+01   3.6738501e-01
   4.0000000e+01   1.0110329e+00
   5.0000000e+01   1.7309167e+00
   6.0000000e+01   2.4544691e+00
   7.0000000e+01   3.1145255e+00
   8.0000000e+01   3.7134158e+00
   9.0000000e+01   4.2691248e+00
   1.0000000e+02   4.8268848e+00
   1.1000000e+02   5.2434832e+00
   1.2000000e+02   5.6200974e+00
   1.3000000e+02   5.9347676e+00
   1.4000000e+02   6.1892017e+00
   1.5000000e+02   6.4285488e+00
   1.6000000e+02   6.6601437e+00
   1.7000000e+02   6.8441932e+00
   1.8000000e+02   7.0508095e+00
   1.9000000e+02   7.2079155e+00
   2.0000000e+02   7.3452743e+00
   2.1000000e+02   7.4189773e+00
   2.2000000e+02   7.5643298e+00
   2.3000000e+02   7.6853332e+00
   2.4000000e+02   7.7889134e+00
   2.5000000e+02   7.8913310e+00
   2.6000000e+02   7.9739647e+00
   2.7000000e+02   8.0587384e+00
   2.8000000e+02   8.1383510e+00
   2.9000000e+02   8.2018629e+00
   3.0000000e+02   8.2651283e+00
   3.1000000e+02   8.3303636e+00
   3.2000000e+02   8.3766034e+00
   3.3000000e+02   8.4449206e+00
   3.4000000e+02   8.4717660e+00
   3.5000000e+02   8.5259642e+00
   3.6000000e+02   8.5861860e+00
   3.7000000e+02   8.5931174e+00
   3.8000000e+02   8.6616647e+00
   3.9000000e+02   8.7153683e+00
   4.0000000e+02   8.7470074e+00
   4.1000000e+02   8.7870105e+00
   4.2000000e+02   8.8485046e+00
   4.3000000e+02   8.8832679e+00
   4.4000000e+02   8.9043108e+00
   4.5000000e+02   8.9105168e+00
   4.6000000e+02   8.9680537e+00
   4.7000000e+02   8.9877133e+00
   4.8000000e+02   8.9785493e+00
   4.9000000e+02   9.0203386e+00
   5.0000000e+02   9.0791170e+00
   5.1000000e+02   9.1192540e+00
   5.2000000e+02   9.1399036e+00
   5.3000000e+02   9.1894673e+00
   5.4000000e+02   9.2099828e+00
   5.5000000e+02   9.2439353e+00
   5.6000000e+02   9.2874840e+00
   5.7000000e+02   9.2710396e+00
   5.8000000e+02   9.2778596e+00
   5.9000000e+02   9.3294726e+00
   6.0000000e+02   9.3524067e+00
   6.1000000e+02   9.3545016e+00
   6.2000000e+02   9.3709286e+00
   6.3000000e+02   9.3837453e+00
   6.4000000e+02   9.3962599e+00
   6.5000000e+02   9.3975571e+00
   6.6000000e+02   9.4280020e+00
   6.7000000e+02   9.4713253e+00
   6.8000000e+02   9.4589430e+00
   6.9000000e+02   9.4897734e+00
   7.0000000e+02   9.4983142e+00
   7.1000000e+02   9.4970646e+00
   7.2000000e+02   9.5159021e+00
   7.3000000e+02   9.5208196e+00
   7.4000000e+02   9.5427463e+00
   7.5000000e+02   9.5257884e+00
   7.6000000e+02   9.5490120e+00
   7.7000000e+02   9.5628243e+00
   7.8000000e+02   9.5579910e+00
   7.9000000e+02   9.5805112e+00
   8.0000000e+02   9.6088334e+00
   8.1000000e+02   9.6305282e+00
   8.2000000e+02   9.6328431e+00
   8.3000000e+02   9.6562566e+00
   8.4000000e+02   9.6846839e+00
   8.5000000e+02   9.6758061e+00
   8.6000000e+02   9.6677527e+00
   8.7000000e+02   9.6832692e+00
   8.8000000e+02   9.6827737e+00
   8.9000000e+02   9.6809692e+00
   9.0000000e+02   9.7108008e+00
   9.1000000e+02   9.7187348e+00
   9.2000000e+02   9.7131143e+00
   9.3000000e+02   9.7352319e+00
   9.4000000e+02   9.7106803e+00
   9.5000000e+02   9.7596002e+00
   9.6000000e+02   9.7681375e+00
   9.7000000e+02   9.7493614e+00
   9.8000000e+02   9.7664958e+00
   9.9000000e+02   9.7784117e+00
   1.0000000e+03   9.7641663e+00
   1.0100000e+03   9.8006188e+00
   1.0200000e+03   9.8207950e+00
   1.0300000e+03   9.8470021e+00
   1.0400000e+03   9.8697220e+00
   1.0500000e+03   9.8797012e+00
   1.0600000e+03   9.9173527e+00
   1.0700000e+03   9.9072304e+00
   1.0800000e+03   9.9138432e+00
   1.0900000e+03   9.9220179e+00
   1.1000000e+03   9.9183257e+00
   1.1100000e+03   9.9119687e+00
   1.1200000e+03   9.9135318e+00
   1.1300000e+03   9.9463737e+00
   1.1400000e+03   9.9451163e+00
   1.1500000e+03   9.9789018e+00
   1.1600000e+03   9.9619862e+00
   1.1700000e+03   9.9602200e+00
   1.1800000e+03   9.9690006e+00
   1.1900000e+03   9.9970933e+00
   1.2000000e+03   1.0018346e+01
   1.2100000e+03   9.9875780e+00
   1.2200000e+03   1.0020795e+01
   1.2300000e+03   1.0030254e+01
   1.2400000e+03   1.0034654e+01
   1.2500000e+03   1.0030905e+01
   1.2600000e+03   1.0039991e+01
   1.2700000e+03   1.0036532e+01
   1.2800000e+03   1.0012212e+01
   1.2900000e+03   1.0039641e+01
   1.3000000e+03   1.0070362e+01
   1.3100000e+03   1.0086867e+01
   1.3200000e+03   1.0112987e+01
   1.3300000e+03   1.0140629e+01
   1.3400000e+03   1.0160413e+01
   1.3500000e+03   1.0174143e+01
   1.3600000e+03   1.0162290e+01
   1.3700000e+03   1.0187351e+01
   1.3800000e+03   1.0173368e+01
   1.3900000e+03   1.0204386e+01
   1.4000000e+03   1.0191834e+01
   1.4100000e+03   1.0193989e+01
   1.4200000e+03   1.0215116e+01
   1.4300000e+03   1.0234391e+01
   1.4400000e+03   1.0202638e+01
   1.4500000e+03   1.0223377e+01
   1.4600000e+03   1.0244564e+01
   1.4700000e+03   1.0261503e+01
   1.4800000e+03   1.0278538e+01
   1.4900000e+03   1.0284352e+01
   1.5000000e+03   1.0264466e+01
   1.5100000e+03   1.0266297e+01
   1.5200000e+03   1.0265597e+01
   1.5300000e+03   1.0270285e+01
   1.5400000e+03   1.0275190e+01
   1.5500000e+03   1.0305760e+01
   1.5600000e+03   1.0331254e+01
   1.5700000e+03   1.0314963e+01
   1.5800000e+03   1.0319830e+01
   1.5900000e+03   1.0349332e+01
   1.6000000e+03   1.0362528e+01
   1.6100000e+03   1.0356309e+01
   1.6200000e+03   1.0373355e+01
   1.6300000e+03   1.0379590e+01
   1.6400000e+03   1.0394988e+01
   1.6500000e+03   1.0398136e+01
   1.6600000e+03   1.0415034e+01
   1.6700000e+03   1.0389581e+01
   1.6800000e+03   1.0419345e+01
   1.6900000e+03   1.0414782e+01
   1.7000000e+03   1.0396290e+01
   1.7100000e+03   1.0394753e+01
   1.7200000e+03   1.0391946e+01
   1.7300000e+03   1.0380159e+01
   1.7400000e+03   1.0395908e+01
   1.7500000e+03   1.0398950e+01
   1.7600000e+03   1.0424043e+01
   1.7700000e+03   1.0458987e+01
   1.7800000e+03   1.0440131e+01
   1.7900000e+03   1.0425500e+01
   1.8000000e+03   1.0466303e+01
   1.8100000e+03   1.0459273e+01
   1.8200000e+03   1.0469697e+01
   1.8300000e+03   1.0484622e+01
   1.8400000e+03   1.0475632e+01
   1.8500000e+03   1.0451064e+01
   1.8600000e+03   1.0485280e+01
   1.8700000e+03   1.0483149e+01
   1.8800000e+03   1.0487482e+01
   1.8900000e+03   1.0491393e+01
   1.9000000e+03   1.0492991e+01
   1.9100000e+03   1.0464370e+01
   1.9200000e+03   1.0486289e+01
   1.9300000e+03   1.0507641e+01
   1.9400000e+03   1.0522713e+01
   1.9500000e+03   1.0533437e+01
   1.9600000e+03   1.0518071e+01
   1.9700000e+03   1.0539543e+01
   1.9800000e+03   1.0563268e+01
   1.9900000e+03   1.0566576e+01
   2.0000000e+03   1.0556848e+01
   2.0100000e+03   1.0559271e+01
   2.0200000e+03   1.0576519e+01
   2.0300000e+03   1.0555305e+01
   2.0400000e+03   1.0578917e+01
   2.0500000e+03   1.0588395e+01
   2.0600000e+03   1.0613207e+01
   2.0700000e+03   1.0592174e+01
   2.0800000e+03   1.0576953e+01
   2.0900000e+03   1.0611579e+01
   2.1000000e+03   1.0603752e+01
   2.1100000e+03   1.0636464e+01
   2.1200000e+03   1.0645373e+01
   2.1300000e+03   1.0638792e+01
   2.1400000e+03   1.0616006e+01
   2.1500000e+03   1.0626163e+01
   2.1600000e+03   1.0633861e+01
   2.1700000e+03   1.0647345e+01
   2.1800000e+03   1.0638769e+01
   2.1900000e+03   1.0683194e+01
   2.2000000e+03   1.0661536e+01
   2.2100000e+03   1.0686040e+01
   2.2200000e+03   1.0686391e+01
   2.2300000e+03   1.0715578e+01
   2.2400000e+03   1.0688884e+01
   2.2500000e+03   1.0685785e+01
   2.2600000e+03   1.0671614e+01
   2.2700000e+03   1.0668408e+01
   2.2800000e+03   1.0665068e+01
   2.2900000e+03   1.0678439e+01
   2.3000000e+03   1.0682166e+01
   2.3100000e+03   1.0674495e+01
   2.3200000e+03   1.0685085e+01
   2.3300000e+03   1.0695926e+01
   2.3400000e+03   1.0715482e+01
   2.3500000e+03   1.0721244e+01
   2.3600000e+03   1.0731059e+01
   2.3700000e+03   1.0719952e+01
   2.3800000e+03   1.0732454e+01
   2.3900000e+03   1.0741653e+01
   2.4000000e+03   1.0744924e+01
   2.4100000e+03   1.0748483e+01
   2.4200000e+03   1.0736738e+01
   2.4300000e+03   1.0755931e+01
   2.4400000e+03   1.0730630e+01
   2.4500000e+03   1.0773306e+01
   2.4600000e+03   1.0748791e+01
   2.4700000e+03   1.0747157e+01
   2.4800000e+03   1.0750182e+01
   2.4900000e+03   1.0752870e+01
   2.5000000e+03   1.0766084e+01
   2.5100000e+03   1.0745648e+01
   2.5200000e+03   1.0757495e+01
   2.5300000e+03   1.0770324e+01
   2.5400000e+03   1.0786662e+01
   2.5500000e+03   1.0790684e+01
   2.5600000e+03   1.0785667e+01
   2.5700000e+03   1.0779296e+01
   2.5800000e+03   1.0781199e+01
   2.5900000e+03   1.0778347e+01
   2.6000000e+03   1.0751781e+01
   2.6100000e+03   1.0745348e+01
   2.6200000e+03   1.0754366e+01
   2.6300000e+03   1.0757083e+01
   2.6400000e+03   1.0755984e+01
   2.6500000e+03   1.0758452e+01
   2.6600000e+03   1.0785409e+01
   2.6700000e+03   1.0792738e+01
   2.6800000e+03   1.0794697e+01
   2.6900000e+03   1.0779039e+01
   2.7000000e+03   1.0789867e+01
   2.7100000e+03   1.0801905e+01
   2.7200000e+03   1.0793613e+01
   2.7300000e+03   1.0801393e+01
   2.7400000e+03   1.0806572e+01
   2.7500000e+03   1.0798549e+01
   2.7600000e+03   1.0823379e+01
   2.7700000e+03   1.0827361e+01
   2.7800000e+03   1.0819232e+01
   2.7900000e+03   1.0856500e+01
   2.8000000e+03   1.0829595e+01
   2.8100000e+03   1.0842687e+01
   2.8200000e+03   1.0845775e+01
   2.8300000e+03   1.0837452e+01
   2.8400000e+03   1.0828126e+01
   2.8500000e+03   1.0847620e+01
   2.8600000e+03   1.0832232e+01
   2.8700000e+03   1.0826643e+01
   2.8800000e+03   1.0816275e+01
   2.8900000e+03   1.0829344e+01
   2.9000000e+03   1.0840126e+01
   2.9100000e+03   1.0847422e+01
   2.9200000e+03   1.0851091e+01
   2.9300000e+03   1.0864546e+01
   2.9400000e+03   1.0858595e+01
   2.9500000e+03   1.0868421e+01
   2.9600000e+03   1.0866340e+01
   2.9700000e+03   1.0876950e+01
   2.9800000e+03   1.0889642e+01
   2.9900000e+03   1.0888723e+01
   3.0000000e+03   1.0878417e+01
   3.0100000e+03   1.0884393e+01
   3.0200000e+03   1.0904613e+01
   3.0300000e+03   1.0888487e+01
   3.0400000e+03   1.0895275e+01
   3.0500000e+03   1.0882667e+01
   3.0600000e+03   1.0917558e+01
   3.0700000e+03   1.0905001e+01
   3.0800000e+03   1.0894401e+01
   3.0900000e+03   1.0927866e+01
   3.1000000e+03   1.0905955e+01
   3.1100000e+03   1.0915234e+01
   3.1200000e+03   1.0904806e+01
   3.1300000e+03   1.0899167e+01
   3.1400000e+03   1.0917228e+01
   3.1500000e+03   1.0941510e+01
   3.1600000e+03   1.0924960e+01
   3.1700000e+03   1.0951129e+01
   3.1800000e+03   1.0968348e+01
   3.1900000e+03   1.0987973e+01
   3.2000000e+03   1.0963587e+01
   3.2100000e+03   1.0971952e+01
   3.2200000e+03   1.0990622e+01
   3.2300000e+03   1.0970398e+01
   3.2400000e+03   1.0970435e+01
   3.2500000e+03   1.1011532e+01
   3.2600000e+03   1.0995699e+01
   3.2700000e+03   1.0979938e+01
   3.2800000e+03   1.0992776e+01
   3.2900000e+03   1.1020737e+01
   3.3000000e+03   1.0994936e+01
   3.3100000e+03   1.1030929e+01
   3.3200000e+03   1.1035155e+01
   3.3300000e+03   1.1026558e+01
   3.3400000e+03   1.1031980e+01
   3.3500000e+03   1.1029901e+01
   3.3600000e+03   1.1028184e+01
   3.3700000e+03   1.1017383e+01
   3.3800000e+03   1.1025682e+01
   3.3900000e+03   1.1006145e+01
   3.4000000e+03   1.1003363e+01
   3.4100000e+03   1.0984296e+01
   3.4200000e+03   1.1011225e+01
   3.4300000e+03   1.1010354e+01
   3.4400000e+03   1.0998752e+01
   3.4500000e+03   1.1002382e+01
   3.4600000e+03   1.0992513e+01
   3.4700000e+03   1.0981191e+01
   3.4800000e+03   1.1000935e+01
   3.4900000e+03   1.1000463e+01
