   0.0000000e+00   5.0446452e-03
   1.0000000e+01  -3.0335486e-03
   2.0000000e+01  -1.2032296e-02
   3.0000000e+01   2.7551721e-03
   4.0000000e+01   6.5525654e-03
   5.0000000e+01  -7.5838619e-03
   6.0000000e+01  -9.5354745e-03
   7.0000000e+01  -8.9950370e-03
   8.0000000e+01  -2.2013571e-02
   9.0000000e+01  -5.5699970e-03
   1.0000000e+02  -1.6440123e-02
   1.1000000e+02  -1.1967433e-02
   1.2000000e+02  -1.7599122e-02
   1.3000000e+02  -3.5524113e-02
   1.4000000e+02  -3.6351101e-02
   1.5000000e+02  -2.9831698e-02
   1.6000000e+02  -3.3763790e-02
   1.7000000e+02  -3.9649239e-02
   1.8000000e+02  -3.2068016e-02
   1.9000000e+02  -4.0386808e-02
   2.0000000e+02  -2.4245501e-02
   2.1000000e+02  -1.5828274e-02
   2.2000000e+02  -1.6723065e-02
   2.3000000e+02  -1.9562036e-02
   2.4000000e+02  -1.5893468e-02
   2.5000000e+02  -2.1323599e-02
   2.6000000e+02  -2.1654905e-02
   2.7000000e+02  -3.6576546e-02
   2.8000000e+02  -2.7707261e-02
   2.9000000e+02  -3.7168057e-02
   3.0000000e+02  -1.7221924e-02
   3.1000000e+02  -2.2367077e-02
   3.2000000e+02  -2.0385722e-02
   3.3000000e+02  -1.4178801e-02
   3.4000000e+02  -1.0049129e-02
   3.5000000e+02  -1.5219034e-02
   3.6000000e+02  -1.0758058e-02
   3.7000000e+02   1.2564985e-03
   3.8000000e+02   1.1986166e-02
   3.9000000e+02   1.8183781e-02
   4.0000000e+02   1.3763314e-02
   4.1000000e+02   1.7577230e-02
   4.2000000e+02   3.4674523e-02
   4.3000000e+02   2.6362652e-02
   4.4000000e+02   3.1922395e-02
   4.5000000e+02   2.6637906e-02
   4.6000000e+02   3.2572024e-02
   4.7000000e+02   1.9446450e-02
   4.8000000e+02   5.7944399e-03
   4.9000000e+02   5.5961991e-03
   5.0000000e+02   1.6666280e-02
   5.1000000e+02  -4.3124536e-04
   5.2000000e+02   1.1468470e-02
   5.3000000e+02   3.3552954e-02
   5.4000000e+02   2.9349083e-02
   5.5000000e+02   1.8771472e-02
   5.6000000e+02   2.5835795e-02
   5.7000000e+02   1.5880342e-02
   5.8000000e+02   3.0337036e-02
   5.9000000e+02   2.7734637e-03
   6.0000000e+02   3.9839090e-03
   6.1000000e+02   8.8472204e-03
   6.2000000e+02  -2.0472456e-02
   6.3000000e+02   7.1314700e-03
   6.4000000e+02   2.9917943e-02
   6.5000000e+02   3.5718502e-02
   6.6000000e+02   5.1109115e-02
   6.7000000e+02   8.9316749e-02
   6.8000000e+02   1.0711189e-01
   6.9000000e+02   1.1820508e-01
   7.0000000e+02   1.2298975e-01
   7.1000000e+02   1.6536742e-01
   7.2000000e+02   1.7218244e-01
   7.3000000e+02   1.6761616e-01
   7.4000000e+02   1.4456480e-01
   7.5000000e+02   1.4411574e-01
   7.6000000e+02   1.2915581e-01
   7.7000000e+02   1.3677378e-01
   7.8000000e+02   1.2453189e-01
   7.9000000e+02   1.3002357e-01
   8.0000000e+02   1.2348351e-01
   8.1000000e+02   1.1299354e-01
   8.2000000e+02   1.0195558e-01
   8.3000000e+02   1.0719017e-01
   8.4000000e+02   9.9327871e-02
   8.5000000e+02   1.0334583e-01
   8.6000000e+02   8.6828324e-02
   8.7000000e+02   8.3079612e-02
   8.8000000e+02   5.6519823e-02
   8.9000000e+02   6.6840209e-02
   9.0000000e+02   5.8550164e-02
   9.1000000e+02   6.0246303e-02
   9.2000000e+02   3.7341936e-02
   9.3000000e+02   4.6504694e-02
   9.4000000e+02   4.4622350e-02
   9.5000000e+02   5.1512924e-02
   9.6000000e+02   5.5153136e-02
   9.7000000e+02   4.4070768e-02
   9.8000000e+02   2.6184109e-02
   9.9000000e+02   3.4737193e-02
   1.0000000e+03   1.0615807e-02
   1.0100000e+03   2.7366309e-02
   1.0200000e+03   3.5551067e-02
   1.0300000e+03   3.6442536e-02
   1.0400000e+03   5.1654236e-02
   1.0500000e+03   5.3041033e-02
   1.0600000e+03   4.7097502e-02
   1.0700000e+03   4.6199770e-02
   1.0800000e+03   2.9839479e-02
   1.0900000e+03   1.6828488e-02
   1.1000000e+03   2.6846000e-02
   1.1100000e+03   1.0343070e-02
   1.1200000e+03   1.3023928e-02
   1.1300000e+03  -3.3924870e-03
   1.1400000e+03   8.1730394e-03
   1.1500000e+03   4.7709101e-03
   1.1600000e+03  -1.1952075e-02
   1.1700000e+03  -2.7329998e-05
   1.1800000e+03   1.6257941e-03
   1.1900000e+03  -1.4496631e-02
   1.2000000e+03  -8.5899498e-03
   1.2100000e+03  -5.1938882e-04
   1.2200000e+03  -1.4112610e-02
   1.2300000e+03  -9.1594070e-03
   1.2400000e+03   6.2077311e-03
   1.2500000e+03  -2.0532964e-02
   1.2600000e+03  -2.0885862e-02
   1.2700000e+03  -1.0979394e-03
   1.2800000e+03  -1.5062691e-02
   1.2900000e+03  -8.2056346e-03
   1.3000000e+03  -1.0245706e-02
   1.3100000e+03  -1.3957442e-02
   1.3200000e+03  -3.6393456e-03
   1.3300000e+03  -2.5851179e-02
   1.3400000e+03  -3.0798182e-02
   1.3500000e+03  -1.0997713e-02
   1.3600000e+03   8.8736227e-03
   1.3700000e+03   1.6597329e-02
   1.3800000e+03   1.6700576e-03
   1.3900000e+03   4.9268291e-03
   1.4000000e+03  -1.0446969e-03
   1.4100000e+03  -1.3161229e-02
   1.4200000e+03  -7.1585732e-03
   1.4300000e+03   7.1188773e-03
   1.4400000e+03   7.3758252e-03
   1.4500000e+03   1.3505167e-02
   1.4600000e+03   2.7509906e-02
   1.4700000e+03   2.1801512e-02
   1.4800000e+03   1.3953978e-02
   1.4900000e+03   1.3350235e-02
   1.5000000e+03   8.1185183e-03
   1.5100000e+03   5.1342345e-03
   1.5200000e+03   9.1523934e-03
   1.5300000e+03   3.6668614e-03
   1.5400000e+03  -4.8493936e-03
   1.5500000e+03  -4.3571161e-03
   1.5600000e+03  -1.4114720e-02
   1.5700000e+03  -5.5301690e-03
   1.5800000e+03  -7.5731479e-03
   1.5900000e+03   5.2804205e-03
   1.6000000e+03   4.1661899e-03
   1.6100000e+03   2.9900367e-03
   1.6200000e+03  -1.6811557e-03
   1.6300000e+03  -9.4202286e-03
   1.6400000e+03  -1.2685981e-02
   1.6500000e+03  -1.1614639e-02
   1.6600000e+03   8.2754853e-03
   1.6700000e+03  -7.6764410e-03
   1.6800000e+03  -1.5365957e-02
   1.6900000e+03  -2.4055370e-02
   1.7000000e+03  -9.6042355e-03
   1.7100000e+03  -1.4151506e-02
   1.7200000e+03  -2.1135293e-02
   1.7300000e+03  -1.0860185e-02
   1.7400000e+03  -4.2999924e-03
   1.7500000e+03  -5.0768237e-03
   1.7600000e+03  -3.0766861e-03
   1.7700000e+03  -1.2747424e-02
   1.7800000e+03  -2.3408902e-02
   1.7900000e+03  -2.1495443e-02
   1.8000000e+03  -1.7634578e-02
   1.8100000e+03  -1.1421206e-02
   1.8200000e+03  -5.1055059e-03
   1.8300000e+03  -6.7425860e-03
   1.8400000e+03  -1.4394779e-02
   1.8500000e+03  -7.1039942e-03
   1.8600000e+03  -6.2027089e-03
   1.8700000e+03  -3.4407356e-03
   1.8800000e+03  -4.9231679e-03
   1.8900000e+03   4.4513178e-03
   1.9000000e+03   7.1976595e-03
   1.9100000e+03   1.3302717e-02
   1.9200000e+03   2.0286880e-02
   1.9300000e+03   5.8366081e-03
   1.9400000e+03   5.3699024e-04
   1.9500000e+03   2.4844303e-02
   1.9600000e+03   1.1966472e-02
   1.9700000e+03   2.5838230e-02
   1.9800000e+03   2.2959571e-02
   1.9900000e+03   1.7294819e-02
   2.0000000e+03   2.4997007e-02
   2.0100000e+03   2.7517012e-02
   2.0200000e+03   2.3950956e-02
   2.0300000e+03   2.1338370e-02
   2.0400000e+03   5.8941792e-03
   2.0500000e+03   7.5441981e-03
   2.0600000e+03   2.0404965e-03
   2.0700000e+03   1.0290596e-02
   2.0800000e+03   2.4986118e-02
   2.0900000e+03   2.5020781e-02
   2.1000000e+03   2.6423706e-02
   2.1100000e+03   1.5072789e-02
   2.1200000e+03   1.4788559e-02
   2.1300000e+03   1.6829394e-02
   2.1400000e+03   1.1793455e-02
   2.1500000e+03   2.1604306e-02
   2.1600000e+03   1.4404471e-02
   2.1700000e+03   3.9770830e-02
   2.1800000e+03   6.9117370e-02
   2.1900000e+03   6.2846494e-02
   2.2000000e+03   4.8994150e-02
   2.2100000e+03   4.9443702e-02
   2.2200000e+03   4.9168629e-02
   2.2300000e+03   3.9154834e-02
   2.2400000e+03   3.9560539e-02
   2.2500000e+03   4.8915982e-02
   2.2600000e+03   5.6150376e-02
   2.2700000e+03   6.1521697e-02
   2.2800000e+03   5.5625056e-02
   2.2900000e+03   4.2153578e-02
   2.3000000e+03   4.9060028e-02
   2.3100000e+03   4.8995714e-02
   2.3200000e+03   7.5618132e-02
   2.3300000e+03   1.1477318e-01
   2.3400000e+03   1.3926098e-01
   2.3500000e+03   1.6595151e-01
   2.3600000e+03   1.8776313e-01
   2.3700000e+03   2.2680790e-01
   2.3800000e+03   2.3368994e-01
   2.3900000e+03   2.2786891e-01
   2.4000000e+03   2.2310042e-01
   2.4100000e+03   2.1303906e-01
   2.4200000e+03   2.1703333e-01
   2.4300000e+03   2.0648963e-01
   2.4400000e+03   1.7837151e-01
   2.4500000e+03   1.6598937e-01
   2.4600000e+03   1.5965870e-01
   2.4700000e+03   1.4349422e-01
   2.4800000e+03   1.2266493e-01
   2.4900000e+03   1.1824158e-01
   2.5000000e+03   1.2524342e-01
   2.5100000e+03   1.3669331e-01
   2.5200000e+03   1.2218238e-01
   2.5300000e+03   1.2554734e-01
   2.5400000e+03   1.1768865e-01
   2.5500000e+03   1.0389878e-01
   2.5600000e+03   1.1167808e-01
   2.5700000e+03   8.8728923e-02
   2.5800000e+03   7.8545131e-02
   2.5900000e+03   8.8575158e-02
   2.6000000e+03   8.3406410e-02
   2.6100000e+03   8.3524536e-02
   2.6200000e+03   7.2353410e-02
   2.6300000e+03   6.9038653e-02
   2.6400000e+03   5.4737705e-02
   2.6500000e+03   7.4834516e-02
   2.6600000e+03   5.7013961e-02
   2.6700000e+03   5.9531482e-02
   2.6800000e+03   5.8008784e-02
   2.6900000e+03   6.0584975e-02
   2.7000000e+03   5.5051054e-02
   2.7100000e+03   4.8647096e-02
   2.7200000e+03   3.4296407e-02
   2.7300000e+03   3.8751509e-02
   2.7400000e+03   3.9018485e-02
   2.7500000e+03   1.7457929e-02
   2.7600000e+03   9.2979593e-03
   2.7700000e+03   1.0867899e-02
   2.7800000e+03   1.1493396e-02
   2.7900000e+03   9.3237399e-03
   2.8000000e+03   1.9202394e-02
   2.8100000e+03   7.0368239e-03
   2.8200000e+03  -9.2150641e-04
   2.8300000e+03   8.8523838e-03
   2.8400000e+03   1.1707195e-02
   2.8500000e+03  -3.0642721e-03
   2.8600000e+03   5.2117786e-03
   2.8700000e+03   3.3990047e-02
   2.8800000e+03   3.9795437e-02
   2.8900000e+03   4.0737653e-02
   2.9000000e+03   4.9938797e-02
   2.9100000e+03   4.5534372e-02
   2.9200000e+03   4.3556429e-02
   2.9300000e+03   4.1278714e-02
   2.9400000e+03   5.2878162e-02
   2.9500000e+03   4.1335102e-02
   2.9600000e+03   4.0106660e-02
   2.9700000e+03   3.9354960e-02
   2.9800000e+03   3.6795492e-02
   2.9900000e+03   3.1214387e-02
   3.0000000e+03   2.6478565e-02
   3.0100000e+03   2.8906301e-02
   3.0200000e+03   3.6815944e-02
   3.0300000e+03   3.3646770e-02
   3.0400000e+03   3.0034633e-02
   3.0500000e+03   4.1492245e-02
   3.0600000e+03   4.0093666e-02
   3.0700000e+03   2.5390329e-02
   3.0800000e+03   1.5475710e-02
   3.0900000e+03   1.6253492e-02
   3.1000000e+03   6.3264146e-03
   3.1100000e+03   1.5769107e-02
   3.1200000e+03   3.8516562e-03
   3.1300000e+03   1.1408738e-02
   3.1400000e+03  -6.1926227e-03
   3.1500000e+03  -1.1157256e-02
   3.1600000e+03  -5.1226617e-03
   3.1700000e+03  -1.0991188e-02
   3.1800000e+03  -1.1760717e-02
   3.1900000e+03  -4.9089928e-03
   3.2000000e+03  -1.3449031e-04
   3.2100000e+03   1.8536783e-02
   3.2200000e+03   1.0616040e-02
   3.2300000e+03   6.2523237e-03
   3.2400000e+03   7.0461017e-03
   3.2500000e+03   7.8364106e-03
   3.2600000e+03  -4.7899319e-03
   3.2700000e+03  -1.2178963e-02
   3.2800000e+03  -8.0919905e-03
   3.2900000e+03  -3.0776722e-02
   3.3000000e+03  -9.9106546e-03
   3.3100000e+03  -1.8187721e-02
   3.3200000e+03  -2.5607032e-02
   3.3300000e+03  -2.6503951e-02
   3.3400000e+03  -2.0633886e-02
   3.3500000e+03  -8.8725258e-03
   3.3600000e+03  -1.2022174e-02
   3.3700000e+03  -9.6100362e-03
   3.3800000e+03  -2.6424632e-02
   3.3900000e+03  -1.1520810e-02
   3.4000000e+03  -1.9602862e-02
   3.4100000e+03  -1.7577100e-02
   3.4200000e+03  -1.2043823e-02
   3.4300000e+03  -1.2368191e-02
   3.4400000e+03  -1.6060070e-02
   3.4500000e+03  -1.1932258e-02
   3.4600000e+03   1.1370541e-02
   3.4700000e+03   7.2232722e-03
   3.4800000e+03   1.7913964e-02
   3.4900000e+03   1.2506601e-02
