   0.0000000e+00   1.0000000e+02
   3.8461538e-01   6.5201465e+01
   7.6923077e-01   4.9868074e+01
   1.1538462e+00   4.1396509e+01
   1.5384615e+00   4.8653199e+01
   1.9230769e+00   4.1620879e+01
   2.3076923e+00   3.6430318e+01
   2.6923077e+00   2.0481928e+01
   3.0769231e+00   1.7544663e+01
   3.4615385e+00   8.5392284e+00
   3.8461538e+00   1.2746586e+01
   4.2307692e+00   1.1660777e+01
   4.6153846e+00   7.5015893e+00
   5.0000000e+00   1.3412817e+00
   5.3846154e+00   5.5750879e+00
   5.7692308e+00   7.1842927e+00
   6.1538462e+00   8.5850556e+00
   6.5384615e+00   9.7472924e+00
   6.9230769e+00   1.0016155e+01
   7.3076923e+00   8.8235294e+00
   7.6923077e+00   6.6071926e+00
   8.0769231e+00   5.0338690e+00
   8.4615385e+00   4.9586777e+00
   8.8461538e+00   4.0519418e+00
   9.2307692e+00   4.2432494e+00
   9.6153846e+00   2.0128290e+00
   1.0000000e+01   2.8047465e+00
