   0.0000000e+00   4.6988203e-03
   1.0000000e+01   4.8204142e-03
   2.0000000e+01  -8.9894090e-03
   3.0000000e+01  -1.0312413e-02
   4.0000000e+01  -1.4522919e-02
   5.0000000e+01  -1.3510077e-02
   6.0000000e+01  -7.7481283e-04
   7.0000000e+01   8.6828084e-01
   8.0000000e+01   2.1697504e+00
   9.0000000e+01   3.0703693e+00
   1.0000000e+02   4.5380742e+00
   1.1000000e+02   4.9503071e+00
   1.2000000e+02   5.1381574e+00
   1.3000000e+02   5.2491376e+00
   1.4000000e+02   5.0605742e+00
   1.5000000e+02   4.8826446e+00
   1.6000000e+02   4.7900700e+00
   1.7000000e+02   4.6551504e+00
   1.8000000e+02   4.4912445e+00
   1.9000000e+02   4.3773392e+00
   2.0000000e+02   4.2848425e+00
   2.1000000e+02   4.1726186e+00
   2.2000000e+02   4.0483665e+00
   2.3000000e+02   3.9129608e+00
   2.4000000e+02   3.7929914e+00
   2.5000000e+02   3.6807288e+00
   2.6000000e+02   3.6429789e+00
   2.7000000e+02   3.5821580e+00
   2.8000000e+02   3.6551288e+00
   2.9000000e+02   3.8088809e+00
   3.0000000e+02   3.7665656e+00
   3.1000000e+02   3.8572477e+00
   3.2000000e+02   3.9201817e+00
   3.3000000e+02   3.9304854e+00
   3.4000000e+02   3.9033298e+00
   3.5000000e+02   3.7960391e+00
   3.6000000e+02   3.7326414e+00
   3.7000000e+02   3.7385113e+00
   3.8000000e+02   3.7338211e+00
   3.9000000e+02   3.7320898e+00
   4.0000000e+02   3.6875916e+00
   4.1000000e+02   3.6607504e+00
   4.2000000e+02   3.7053720e+00
   4.3000000e+02   3.6965418e+00
   4.4000000e+02   3.7027616e+00
   4.5000000e+02   3.7574805e+00
   4.6000000e+02   3.7875225e+00
   4.7000000e+02   3.7919837e+00
   4.8000000e+02   3.7186053e+00
   4.9000000e+02   3.7489601e+00
   5.0000000e+02   3.7792165e+00
   5.1000000e+02   3.7354221e+00
   5.2000000e+02   3.6414181e+00
   5.3000000e+02   3.6086649e+00
