   0.0000000e+00   2.5455075e+01
   1.0000000e+01   2.5452699e+01
   2.0000000e+01   2.5452450e+01
   3.0000000e+01   2.5473931e+01
   4.0000000e+01   2.7274451e+01
   5.0000000e+01   3.0954870e+01
   6.0000000e+01   3.5879842e+01
   7.0000000e+01   3.8941573e+01
   8.0000000e+01   4.1191195e+01
   9.0000000e+01   4.2869428e+01
   1.0000000e+02   4.4816653e+01
   1.1000000e+02   4.6151075e+01
   1.2000000e+02   4.7114740e+01
   1.3000000e+02   4.8141841e+01
   1.4000000e+02   4.8994532e+01
   1.5000000e+02   4.8967702e+01
   1.6000000e+02   4.7701052e+01
   1.7000000e+02   4.6300263e+01
   1.8000000e+02   4.3916487e+01
   1.9000000e+02   4.1509224e+01
   2.0000000e+02   3.9934059e+01
   2.1000000e+02   3.8544328e+01
   2.2000000e+02   3.7486736e+01
   2.3000000e+02   3.6455678e+01
   2.4000000e+02   3.5641151e+01
   2.5000000e+02   3.4907268e+01
   2.6000000e+02   3.4245124e+01
   2.7000000e+02   3.3673688e+01
   2.8000000e+02   3.3115366e+01
   2.9000000e+02   3.2592629e+01
   3.0000000e+02   3.2203639e+01
   3.1000000e+02   3.1844202e+01
   3.2000000e+02   3.1474582e+01
   3.3000000e+02   3.1322507e+01
   3.4000000e+02   3.1164633e+01
   3.5000000e+02   3.1270711e+01
   3.6000000e+02   3.1533968e+01
   3.7000000e+02   3.2329047e+01
   3.8000000e+02   3.3164791e+01
   3.9000000e+02   3.3524313e+01
   4.0000000e+02   3.4103648e+01
   4.1000000e+02   3.4288039e+01
   4.2000000e+02   3.4547519e+01
   4.3000000e+02   3.4652138e+01
   4.4000000e+02   3.4591450e+01
   4.5000000e+02   3.4455634e+01
   4.6000000e+02   3.4442499e+01
   4.7000000e+02   3.4144190e+01
   4.8000000e+02   3.4134890e+01
   4.9000000e+02   3.3812935e+01
   5.0000000e+02   3.3780585e+01
   5.1000000e+02   3.3601423e+01
   5.2000000e+02   3.3247973e+01
   5.3000000e+02   3.3168063e+01
