   0.0000000e+00  -4.0890812e-03
   1.0000000e+01   6.8205791e-04
   2.0000000e+01   8.9453636e-04
   3.0000000e+01  -1.1978827e-02
   4.0000000e+01   3.5781578e+00
   5.0000000e+01   7.3718873e+00
   6.0000000e+01   1.0277601e+01
   7.0000000e+01   1.2020244e+01
   8.0000000e+01   1.3451717e+01
   9.0000000e+01   1.4887579e+01
   1.0000000e+02   1.6133897e+01
   1.1000000e+02   1.7302619e+01
   1.2000000e+02   1.8358056e+01
   1.3000000e+02   1.9017348e+01
   1.4000000e+02   1.9587738e+01
   1.5000000e+02   1.9205116e+01
   1.6000000e+02   1.8248549e+01
   1.7000000e+02   1.6436316e+01
   1.8000000e+02   1.4293504e+01
   1.9000000e+02   1.2520425e+01
   2.0000000e+02   1.1479326e+01
   2.1000000e+02   1.0356779e+01
   2.2000000e+02   9.5425839e+00
   2.3000000e+02   8.8889228e+00
   2.4000000e+02   8.2477612e+00
   2.5000000e+02   7.7617787e+00
   2.6000000e+02   7.3925695e+00
   2.7000000e+02   6.9756473e+00
   2.8000000e+02   6.4668088e+00
   2.9000000e+02   6.1167628e+00
   3.0000000e+02   5.8018927e+00
   3.1000000e+02   5.4983008e+00
   3.2000000e+02   5.2630230e+00
   3.3000000e+02   5.1601607e+00
   3.4000000e+02   5.0381960e+00
   3.5000000e+02   5.2060750e+00
   3.6000000e+02   5.3940361e+00
   3.7000000e+02   6.1353743e+00
   3.8000000e+02   6.8082120e+00
   3.9000000e+02   7.0441636e+00
   4.0000000e+02   7.6980522e+00
   4.1000000e+02   7.3783014e+00
   4.2000000e+02   7.9739381e+00
   4.3000000e+02   7.7511714e+00
   4.4000000e+02   7.6940577e+00
   4.5000000e+02   7.6670160e+00
   4.6000000e+02   7.5368788e+00
   4.7000000e+02   7.1286622e+00
   4.8000000e+02   7.2192028e+00
   4.9000000e+02   6.8766151e+00
   5.0000000e+02   6.9184420e+00
   5.1000000e+02   6.6246893e+00
   5.2000000e+02   6.3284600e+00
   5.3000000e+02   6.4455474e+00
