   0.0000000e+00  -2.7359222e-03
   1.0000000e+01   1.3069427e-03
   2.0000000e+01  -4.0644470e-02
   3.0000000e+01  -8.2076268e-01
   4.0000000e+01  -1.3521038e+00
   5.0000000e+01  -1.6393497e+00
   6.0000000e+01  -1.6383768e+00
   7.0000000e+01  -1.3886507e+00
   8.0000000e+01  -1.2230078e+00
   9.0000000e+01  -1.1758947e+00
   1.0000000e+02  -1.2043719e+00
   1.1000000e+02  -1.3717679e+00
   1.2000000e+02  -1.4490800e+00
   1.3000000e+02  -1.5143333e+00
   1.4000000e+02  -1.4973447e+00
   1.5000000e+02  -1.4613105e+00
   1.6000000e+02  -1.4218537e+00
   1.7000000e+02  -1.4307498e+00
   1.8000000e+02  -1.4124205e+00
   1.9000000e+02  -1.4043077e+00
   2.0000000e+02  -1.4261645e+00
   2.1000000e+02  -1.4549103e+00
   2.2000000e+02  -1.4737925e+00
   2.3000000e+02  -1.4944000e+00
   2.4000000e+02  -1.4920869e+00
   2.5000000e+02  -1.5185110e+00
   2.6000000e+02  -1.5030860e+00
   2.7000000e+02  -1.4572540e+00
   2.8000000e+02  -1.4068057e+00
   2.9000000e+02  -1.4423976e+00
   3.0000000e+02  -1.4546625e+00
   3.1000000e+02  -1.4683957e+00
   3.2000000e+02  -1.4575783e+00
   3.3000000e+02  -1.4520733e+00
   3.4000000e+02  -1.4987670e+00
   3.5000000e+02  -1.5181277e+00
   3.6000000e+02  -1.5053820e+00
   3.7000000e+02  -1.5059510e+00
   3.8000000e+02  -1.5189794e+00
   3.9000000e+02  -1.5068602e+00
   4.0000000e+02  -1.5148488e+00
   4.1000000e+02  -1.4926207e+00
   4.2000000e+02  -1.4586405e+00
   4.3000000e+02  -1.4790619e+00
   4.4000000e+02  -1.4739669e+00
   4.5000000e+02  -1.4455452e+00
   4.6000000e+02  -1.4481546e+00
   4.7000000e+02  -1.4702331e+00
   4.8000000e+02  -1.4670547e+00
   4.9000000e+02  -1.4432514e+00
   5.0000000e+02  -1.4574250e+00
   5.1000000e+02  -1.4767185e+00
   5.2000000e+02  -1.4764751e+00
   5.3000000e+02  -1.4537194e+00
