   0.0000000e+00   2.5088428e+01
   1.0000000e+01   2.5089741e+01
   2.0000000e+01   2.5083035e+01
   3.0000000e+01   2.5061855e+01
   4.0000000e+01   2.5027520e+01
   5.0000000e+01   2.4986724e+01
   6.0000000e+01   2.5060997e+01
   7.0000000e+01   2.5146840e+01
   8.0000000e+01   2.5219836e+01
   9.0000000e+01   2.5251850e+01
   1.0000000e+02   2.5295729e+01
   1.1000000e+02   2.5319518e+01
   1.2000000e+02   2.5338783e+01
   1.3000000e+02   2.5347153e+01
   1.4000000e+02   2.5281982e+01
   1.5000000e+02   2.5139282e+01
   1.6000000e+02   2.4992184e+01
   1.7000000e+02   2.4859917e+01
   1.8000000e+02   2.4746119e+01
   1.9000000e+02   2.4618195e+01
   2.0000000e+02   2.4499544e+01
   2.1000000e+02   2.4395566e+01
   2.2000000e+02   2.4283099e+01
   2.3000000e+02   2.4192254e+01
   2.4000000e+02   2.4104028e+01
   2.5000000e+02   2.4034166e+01
   2.6000000e+02   2.3941425e+01
   2.7000000e+02   2.3875059e+01
   2.8000000e+02   2.3786897e+01
   2.9000000e+02   2.3741835e+01
   3.0000000e+02   2.3686124e+01
   3.1000000e+02   2.3640935e+01
   3.2000000e+02   2.3588842e+01
   3.3000000e+02   2.3543275e+01
   3.4000000e+02   2.3500663e+01
   3.5000000e+02   2.3476779e+01
   3.6000000e+02   2.3430641e+01
   3.7000000e+02   2.3408842e+01
   3.8000000e+02   2.3366084e+01
   3.9000000e+02   2.3341830e+01
   4.0000000e+02   2.3326730e+01
   4.1000000e+02   2.3302331e+01
   4.2000000e+02   2.3279689e+01
   4.3000000e+02   2.3257440e+01
   4.4000000e+02   2.3226366e+01
   4.5000000e+02   2.3210164e+01
   4.6000000e+02   2.3194580e+01
   4.7000000e+02   2.3176171e+01
   4.8000000e+02   2.3158457e+01
   4.9000000e+02   2.3153911e+01
   5.0000000e+02   2.3143880e+01
   5.1000000e+02   2.3130678e+01
   5.2000000e+02   2.3110441e+01
   5.3000000e+02   2.3091694e+01
