   0.0000000e+00   2.5221727e+01
   1.0000000e+01   2.5213123e+01
   2.0000000e+01   2.5212875e+01
   3.0000000e+01   2.5225136e+01
   4.0000000e+01   2.5215020e+01
   5.0000000e+01   2.5224735e+01
   6.0000000e+01   2.5228891e+01
   7.0000000e+01   2.5221098e+01
   8.0000000e+01   2.5237362e+01
   9.0000000e+01   2.5245394e+01
   1.0000000e+02   2.5275667e+01
   1.1000000e+02   2.5278473e+01
   1.2000000e+02   2.5320567e+01
   1.3000000e+02   2.5337238e+01
   1.4000000e+02   2.5394045e+01
   1.5000000e+02   2.5432827e+01
   1.6000000e+02   2.5494204e+01
   1.7000000e+02   2.5553129e+01
   1.8000000e+02   2.5622223e+01
   1.9000000e+02   2.5683896e+01
   2.0000000e+02   2.5740322e+01
   2.1000000e+02   2.5790668e+01
   2.2000000e+02   2.5850522e+01
   2.3000000e+02   2.5886801e+01
   2.4000000e+02   2.5936302e+01
   2.5000000e+02   2.5982708e+01
   2.6000000e+02   2.6012733e+01
   2.7000000e+02   2.6039361e+01
   2.8000000e+02   2.6068438e+01
   2.9000000e+02   2.6083151e+01
   3.0000000e+02   2.6086548e+01
   3.1000000e+02   2.6098144e+01
   3.2000000e+02   2.6106309e+01
   3.3000000e+02   2.6101171e+01
   3.4000000e+02   2.6097370e+01
   3.5000000e+02   2.6108107e+01
   3.6000000e+02   2.6091343e+01
   3.7000000e+02   2.6093792e+01
   3.8000000e+02   2.6079712e+01
   3.9000000e+02   2.6063353e+01
   4.0000000e+02   2.6054973e+01
   4.1000000e+02   2.6053448e+01
   4.2000000e+02   2.6041001e+01
   4.3000000e+02   2.6025952e+01
   4.4000000e+02   2.6001179e+01
   4.5000000e+02   2.6006449e+01
   4.6000000e+02   2.5986066e+01
   4.7000000e+02   2.5985448e+01
   4.8000000e+02   2.5974002e+01
   4.9000000e+02   2.5967162e+01
   5.0000000e+02   2.5978819e+01
   5.1000000e+02   2.5961734e+01
   5.2000000e+02   2.5950768e+01
   5.3000000e+02   2.5943362e+01
