   0.0000000e+00  -5.3113643e-03
   1.0000000e+01   4.7655755e-03
   2.0000000e+01  -1.2972071e-01
   3.0000000e+01  -1.0038783e-01
   4.0000000e+01  -3.0566112e-01
   5.0000000e+01  -2.3204025e-01
   6.0000000e+01   1.4299278e-01
   7.0000000e+01   4.3517745e-01
   8.0000000e+01   5.5609697e-01
   9.0000000e+01   5.7657322e-01
   1.0000000e+02   6.1328943e-01
   1.1000000e+02   6.5297432e-01
   1.2000000e+02   7.4068544e-01
   1.3000000e+02   6.0476445e-01
   1.4000000e+02   1.5757448e-01
   1.5000000e+02  -3.4059288e-01
   1.6000000e+02  -6.9773726e-01
   1.7000000e+02  -9.4756689e-01
   1.8000000e+02  -1.1630230e+00
   1.9000000e+02  -1.3894141e+00
   2.0000000e+02  -1.5483519e+00
   2.1000000e+02  -1.6750577e+00
   2.2000000e+02  -1.7800017e+00
   2.3000000e+02  -1.8875616e+00
   2.4000000e+02  -1.9615419e+00
   2.5000000e+02  -2.0326210e+00
   2.6000000e+02  -2.1108864e+00
   2.7000000e+02  -2.1572056e+00
   2.8000000e+02  -2.2153986e+00
   2.9000000e+02  -2.2512539e+00
   3.0000000e+02  -2.2956860e+00
   3.1000000e+02  -2.3129455e+00
   3.2000000e+02  -2.3472818e+00
   3.3000000e+02  -2.3697705e+00
   3.4000000e+02  -2.3890691e+00
   3.5000000e+02  -2.3954032e+00
   3.6000000e+02  -2.4177662e+00
   3.7000000e+02  -2.4199326e+00
   3.8000000e+02  -2.4375242e+00
   3.9000000e+02  -2.4525476e+00
   4.0000000e+02  -2.4565617e+00
   4.1000000e+02  -2.4638711e+00
   4.2000000e+02  -2.4567084e+00
   4.3000000e+02  -2.4701864e+00
   4.4000000e+02  -2.4756201e+00
   4.5000000e+02  -2.4747254e+00
   4.6000000e+02  -2.4919357e+00
   4.7000000e+02  -2.4777617e+00
   4.8000000e+02  -2.5079667e+00
   4.9000000e+02  -2.4900931e+00
   5.0000000e+02  -2.4959684e+00
   5.1000000e+02  -2.5089453e+00
   5.2000000e+02  -2.5097746e+00
   5.3000000e+02  -2.5125800e+00
