   0.0000000e+00   5.6959221e-03
   1.0000000e+01   8.5857588e-03
   2.0000000e+01  -1.9528259e-02
   3.0000000e+01  -3.6417489e-01
   4.0000000e+01  -5.7424926e-01
   5.0000000e+01  -8.2900147e-01
   6.0000000e+01  -8.6196652e-01
   7.0000000e+01  -9.2311325e-01
   8.0000000e+01  -1.0318037e+00
   9.0000000e+01  -1.0867541e+00
   1.0000000e+02  -1.2745799e+00
   1.1000000e+02  -1.3177381e+00
   1.2000000e+02  -1.3153690e+00
   1.3000000e+02  -1.4173474e+00
   1.4000000e+02  -1.3777225e+00
   1.5000000e+02  -1.3888072e+00
   1.6000000e+02  -1.3585877e+00
   1.7000000e+02  -1.3418463e+00
   1.8000000e+02  -1.3373746e+00
   1.9000000e+02  -1.3165584e+00
   2.0000000e+02  -1.3305629e+00
   2.1000000e+02  -1.3387527e+00
   2.2000000e+02  -1.3319972e+00
   2.3000000e+02  -1.3348196e+00
   2.4000000e+02  -1.3447479e+00
   2.5000000e+02  -1.3471501e+00
   2.6000000e+02  -1.3520512e+00
   2.7000000e+02  -1.3452539e+00
   2.8000000e+02  -1.3652504e+00
   2.9000000e+02  -1.3768229e+00
   3.0000000e+02  -1.3729199e+00
   3.1000000e+02  -1.3783382e+00
   3.2000000e+02  -1.3806863e+00
   3.3000000e+02  -1.3694067e+00
   3.4000000e+02  -1.3893079e+00
   3.5000000e+02  -1.4052039e+00
   3.6000000e+02  -1.3915342e+00
   3.7000000e+02  -1.3988016e+00
   3.8000000e+02  -1.3942755e+00
   3.9000000e+02  -1.3983250e+00
   4.0000000e+02  -1.4231755e+00
   4.1000000e+02  -1.4270482e+00
   4.2000000e+02  -1.4136240e+00
   4.3000000e+02  -1.4259620e+00
   4.4000000e+02  -1.4238696e+00
   4.5000000e+02  -1.4162347e+00
   4.6000000e+02  -1.4137626e+00
   4.7000000e+02  -1.4028118e+00
   4.8000000e+02  -1.4047148e+00
   4.9000000e+02  -1.4028535e+00
   5.0000000e+02  -1.4112534e+00
   5.1000000e+02  -1.4069876e+00
   5.2000000e+02  -1.4039724e+00
   5.3000000e+02  -1.4052378e+00
