   0.0000000e+00  -5.9206640e-03
   1.0000000e+01   7.8079652e-03
   2.0000000e+01  -3.0015628e-03
   3.0000000e+01   2.8821276e-04
   4.0000000e+01  -1.2224297e-02
   5.0000000e+01  -1.3979180e-02
   6.0000000e+01   2.1506210e-01
   7.0000000e+01   2.2611818e+00
   8.0000000e+01   4.5052876e+00
   9.0000000e+01   6.5027813e+00
   1.0000000e+02   8.5625463e+00
   1.1000000e+02   9.1899265e+00
   1.2000000e+02   8.9908196e+00
   1.3000000e+02   8.6165087e+00
   1.4000000e+02   8.2224001e+00
   1.5000000e+02   7.8078751e+00
   1.6000000e+02   7.4016220e+00
   1.7000000e+02   7.0294992e+00
   1.8000000e+02   6.6936578e+00
   1.9000000e+02   6.3533002e+00
   2.0000000e+02   6.0498088e+00
   2.1000000e+02   5.7811364e+00
   2.2000000e+02   5.5355012e+00
   2.3000000e+02   5.3030113e+00
   2.4000000e+02   5.1100028e+00
   2.5000000e+02   4.9949133e+00
   2.6000000e+02   4.9220934e+00
   2.7000000e+02   5.0438542e+00
   2.8000000e+02   5.5256422e+00
   2.9000000e+02   5.9139779e+00
   3.0000000e+02   5.8600560e+00
   3.1000000e+02   5.8108666e+00
   3.2000000e+02   5.7677059e+00
   3.3000000e+02   5.8066619e+00
   3.4000000e+02   5.6075111e+00
   3.5000000e+02   5.3884380e+00
   3.6000000e+02   5.3295057e+00
   3.7000000e+02   5.2139667e+00
   3.8000000e+02   5.2333812e+00
   3.9000000e+02   5.4441458e+00
   4.0000000e+02   5.3150521e+00
   4.1000000e+02   5.3235965e+00
   4.2000000e+02   5.4287187e+00
   4.3000000e+02   5.4568461e+00
   4.4000000e+02   5.4967828e+00
   4.5000000e+02   5.5424525e+00
   4.6000000e+02   5.5742745e+00
   4.7000000e+02   5.5383485e+00
   4.8000000e+02   5.3861702e+00
   4.9000000e+02   5.4130305e+00
   5.0000000e+02   5.4324503e+00
   5.1000000e+02   5.2459954e+00
   5.2000000e+02   5.0396723e+00
   5.3000000e+02   5.0322173e+00
