   0.0000000e+00   2.5065783e+01
   1.0000000e+01   2.5076053e+01
   2.0000000e+01   2.5064551e+01
   3.0000000e+01   2.5068302e+01
   4.0000000e+01   2.5047025e+01
   5.0000000e+01   2.5054957e+01
   6.0000000e+01   2.5093291e+01
   7.0000000e+01   2.6153260e+01
   8.0000000e+01   2.7353069e+01
   9.0000000e+01   2.8623425e+01
   1.0000000e+02   3.0110961e+01
   1.1000000e+02   3.0519511e+01
   1.2000000e+02   3.0572803e+01
   1.3000000e+02   3.0570162e+01
   1.4000000e+02   3.0453262e+01
   1.5000000e+02   3.0386714e+01
   1.6000000e+02   3.0240940e+01
   1.7000000e+02   3.0063846e+01
   1.8000000e+02   2.9860519e+01
   1.9000000e+02   2.9679375e+01
   2.0000000e+02   2.9585761e+01
   2.1000000e+02   2.9433377e+01
   2.2000000e+02   2.9317201e+01
   2.3000000e+02   2.9184363e+01
   2.4000000e+02   2.9082582e+01
   2.5000000e+02   2.8999998e+01
   2.6000000e+02   2.8932617e+01
   2.7000000e+02   2.8979595e+01
   2.8000000e+02   2.9174771e+01
   2.9000000e+02   2.9313739e+01
   3.0000000e+02   2.9346565e+01
   3.1000000e+02   2.9331069e+01
   3.2000000e+02   2.9362042e+01
   3.3000000e+02   2.9382678e+01
   3.4000000e+02   2.9279267e+01
   3.5000000e+02   2.9170411e+01
   3.6000000e+02   2.9169304e+01
   3.7000000e+02   2.9106932e+01
   3.8000000e+02   2.9107988e+01
   3.9000000e+02   2.9218608e+01
   4.0000000e+02   2.9124275e+01
   4.1000000e+02   2.9137655e+01
   4.2000000e+02   2.9196958e+01
   4.3000000e+02   2.9190660e+01
   4.4000000e+02   2.9226513e+01
   4.5000000e+02   2.9257081e+01
   4.6000000e+02   2.9286648e+01
   4.7000000e+02   2.9263999e+01
   4.8000000e+02   2.9189737e+01
   4.9000000e+02   2.9221456e+01
   5.0000000e+02   2.9222750e+01
   5.1000000e+02   2.9136471e+01
   5.2000000e+02   2.9031017e+01
   5.3000000e+02   2.9039409e+01
