   0.0000000e+00   2.5079895e+01
   1.0000000e+01   2.5089972e+01
   2.0000000e+01   2.4955485e+01
   3.0000000e+01   2.4984818e+01
   4.0000000e+01   2.4779545e+01
   5.0000000e+01   2.4853166e+01
   6.0000000e+01   2.5228199e+01
   7.0000000e+01   2.5520384e+01
   8.0000000e+01   2.5641303e+01
   9.0000000e+01   2.5661779e+01
   1.0000000e+02   2.5698496e+01
   1.1000000e+02   2.5738180e+01
   1.2000000e+02   2.5825892e+01
   1.3000000e+02   2.5689971e+01
   1.4000000e+02   2.5242781e+01
   1.5000000e+02   2.4744613e+01
   1.6000000e+02   2.4387469e+01
   1.7000000e+02   2.4137639e+01
   1.8000000e+02   2.3922183e+01
   1.9000000e+02   2.3695792e+01
   2.0000000e+02   2.3536854e+01
   2.1000000e+02   2.3410148e+01
   2.2000000e+02   2.3305204e+01
   2.3000000e+02   2.3197645e+01
   2.4000000e+02   2.3123664e+01
   2.5000000e+02   2.3052585e+01
   2.6000000e+02   2.2974320e+01
   2.7000000e+02   2.2928001e+01
   2.8000000e+02   2.2869808e+01
   2.9000000e+02   2.2833952e+01
   3.0000000e+02   2.2789520e+01
   3.1000000e+02   2.2772261e+01
   3.2000000e+02   2.2737924e+01
   3.3000000e+02   2.2715436e+01
   3.4000000e+02   2.2696137e+01
   3.5000000e+02   2.2689803e+01
   3.6000000e+02   2.2667440e+01
   3.7000000e+02   2.2665274e+01
   3.8000000e+02   2.2647682e+01
   3.9000000e+02   2.2632659e+01
   4.0000000e+02   2.2628644e+01
   4.1000000e+02   2.2621335e+01
   4.2000000e+02   2.2628498e+01
   4.3000000e+02   2.2615020e+01
   4.4000000e+02   2.2609586e+01
   4.5000000e+02   2.2610481e+01
   4.6000000e+02   2.2593270e+01
   4.7000000e+02   2.2607444e+01
   4.8000000e+02   2.2577239e+01
   4.9000000e+02   2.2595113e+01
   5.0000000e+02   2.2589238e+01
   5.1000000e+02   2.2576261e+01
   5.2000000e+02   2.2575432e+01
   5.3000000e+02   2.2572626e+01
