   0.0000000e+00  -1.0341457e-03
   1.0000000e+01   1.0157315e-02
   2.0000000e+01  -4.1113361e-03
   3.0000000e+01  -8.8934856e-03
   4.0000000e+01  -2.4634650e-02
   5.0000000e+01  -1.7856271e-02
   6.0000000e+01  -3.6949803e-02
   7.0000000e+01  -1.9386667e-02
   8.0000000e+01   2.7678973e-04
   9.0000000e+01   3.2339292e-02
   1.0000000e+02   6.6164753e-02
   1.1000000e+02   9.5944238e-02
   1.2000000e+02   1.0407468e-01
   1.3000000e+02   1.1710060e-01
   1.4000000e+02   1.2599022e-01
   1.5000000e+02   1.2760657e-01
   1.6000000e+02   1.5431710e-01
   1.7000000e+02   1.4912477e-01
   1.8000000e+02   1.5727864e-01
   1.9000000e+02   1.6330316e-01
   2.0000000e+02   1.5554740e-01
   2.1000000e+02   1.4690972e-01
   2.2000000e+02   1.6172484e-01
   2.3000000e+02   1.5129761e-01
   2.4000000e+02   1.4738089e-01
   2.5000000e+02   1.4175440e-01
   2.6000000e+02   1.3271058e-01
   2.7000000e+02   1.2496929e-01
   2.8000000e+02   1.3359922e-01
   2.9000000e+02   1.2758013e-01
   3.0000000e+02   1.1902443e-01
   3.1000000e+02   1.3090978e-01
   3.2000000e+02   1.3755882e-01
   3.3000000e+02   1.4743613e-01
   3.4000000e+02   1.3725298e-01
   3.5000000e+02   1.4859369e-01
   3.6000000e+02   1.4379289e-01
   3.7000000e+02   1.4645318e-01
   3.8000000e+02   1.5373880e-01
   3.9000000e+02   1.5269381e-01
   4.0000000e+02   1.3849270e-01
   4.1000000e+02   1.4269737e-01
   4.2000000e+02   1.4364673e-01
   4.3000000e+02   1.2833186e-01
   4.4000000e+02   1.4010570e-01
   4.5000000e+02   1.4104042e-01
   4.6000000e+02   1.3036442e-01
   4.7000000e+02   1.3760735e-01
   4.8000000e+02   1.3363210e-01
   4.9000000e+02   1.3456798e-01
   5.0000000e+02   1.3171640e-01
   5.1000000e+02   1.3551390e-01
   5.2000000e+02   1.3045316e-01
   5.3000000e+02   1.3264885e-01
