   0.0000000e+00   2.5063938e+01
   1.0000000e+01   2.5060831e+01
   2.0000000e+01   2.4771138e+01
   3.0000000e+01   2.3127137e+01
   4.0000000e+01   2.2688234e+01
   5.0000000e+01   2.2391967e+01
   6.0000000e+01   2.2372826e+01
   7.0000000e+01   2.2435054e+01
   8.0000000e+01   2.2343559e+01
   9.0000000e+01   2.2149103e+01
   1.0000000e+02   2.2112721e+01
   1.1000000e+02   2.2126165e+01
   1.2000000e+02   2.2157675e+01
   1.3000000e+02   2.2249588e+01
   1.4000000e+02   2.2355613e+01
   1.5000000e+02   2.2423356e+01
   1.6000000e+02   2.2480190e+01
   1.7000000e+02   2.2496484e+01
   1.8000000e+02   2.2509513e+01
   1.9000000e+02   2.2516709e+01
   2.0000000e+02   2.2477493e+01
   2.1000000e+02   2.2460280e+01
   2.2000000e+02   2.2444848e+01
   2.3000000e+02   2.2419597e+01
   2.4000000e+02   2.2407810e+01
   2.5000000e+02   2.2390840e+01
   2.6000000e+02   2.2388708e+01
   2.7000000e+02   2.2374935e+01
   2.8000000e+02   2.2365323e+01
   2.9000000e+02   2.2360213e+01
   3.0000000e+02   2.2364120e+01
   3.1000000e+02   2.2363551e+01
   3.2000000e+02   2.2361894e+01
   3.3000000e+02   2.2367867e+01
   3.4000000e+02   2.2361588e+01
   3.5000000e+02   2.2347757e+01
   3.6000000e+02   2.2362827e+01
   3.7000000e+02   2.2352547e+01
   3.8000000e+02   2.2342512e+01
   3.9000000e+02   2.2337996e+01
   4.0000000e+02   2.2335548e+01
   4.1000000e+02   2.2353405e+01
   4.2000000e+02   2.2356438e+01
   4.3000000e+02   2.2362354e+01
   4.4000000e+02   2.2361442e+01
   4.5000000e+02   2.2385962e+01
   4.6000000e+02   2.2398378e+01
   4.7000000e+02   2.2403328e+01
   4.8000000e+02   2.2407897e+01
   4.9000000e+02   2.2409760e+01
   5.0000000e+02   2.2405513e+01
   5.1000000e+02   2.2422037e+01
   5.2000000e+02   2.2415113e+01
   5.3000000e+02   2.2429799e+01
