   0.0000000e+00   3.2501011e+01
   6.0546875e-01   3.2501011e+01
   1.2109375e+00   3.2155088e+01
   1.8164062e+00   3.2155088e+01
   2.4218750e+00   3.2349080e+01
   3.0273437e+00   3.2417666e+01
   3.6328125e+00   3.2417666e+01
   4.2382812e+00   3.2534785e+01
   4.8437500e+00   3.2534785e+01
   5.4492187e+00   3.2316596e+01
   6.0546875e+00   3.2123683e+01
   6.6601562e+00   3.2123683e+01
   7.2656250e+00   3.1998662e+01
   7.8710937e+00   3.1998662e+01
   8.4765625e+00   3.2127764e+01
   9.0820312e+00   3.2243499e+01
   9.6875000e+00   3.2243499e+01
   1.0292969e+01   3.2033646e+01
   1.0898437e+01   3.2098893e+01
   1.1503906e+01   3.2098893e+01
   1.2109375e+01   3.2283010e+01
   1.2714844e+01   3.2283010e+01
   1.3320312e+01   3.2222831e+01
   1.3925781e+01   3.2132865e+01
   1.4531250e+01   3.2132865e+01
   1.5136719e+01   3.2182111e+01
   1.5742187e+01   3.2182111e+01
   1.6347656e+01   3.2201677e+01
   1.6953125e+01   3.2275343e+01
   1.7558594e+01   3.2275343e+01
   1.8164062e+01   3.2499036e+01
   1.8769531e+01   3.2499036e+01
   1.9375000e+01   3.2448994e+01
   1.9980469e+01   3.2578271e+01
   2.0585937e+01   3.2578271e+01
   2.1191406e+01   3.2593421e+01
   2.1796875e+01   3.2393704e+01
   2.2402344e+01   3.2393704e+01
   2.3007812e+01   3.2432255e+01
   2.3613281e+01   3.2432255e+01
   2.4218750e+01   3.2507363e+01
   2.4824219e+01   3.2436777e+01
   2.5429687e+01   3.2436777e+01
   2.6035156e+01   3.2385412e+01
   2.6640625e+01   3.2385412e+01
   2.7246094e+01   3.2459165e+01
   2.7851562e+01   3.2461580e+01
   2.8457031e+01   3.2461580e+01
   2.9062500e+01   3.2461797e+01
   2.9667969e+01   3.2461797e+01
   3.0273437e+01   3.2950982e+01
   3.0878906e+01   3.2877856e+01
   3.1484375e+01   3.2877856e+01
   3.2089844e+01   3.2866187e+01
   3.2695312e+01   3.2996293e+01
   3.3300781e+01   3.2996293e+01
   3.3906250e+01   3.2837866e+01
   3.4511719e+01   3.2837866e+01
   3.5117187e+01   3.2665090e+01
   3.5722656e+01   3.2700917e+01
   3.6328125e+01   3.2700917e+01
   3.6933594e+01   3.2855966e+01
   3.7539062e+01   3.2855966e+01
   3.8144531e+01   3.2868236e+01
   3.8750000e+01   3.2841778e+01
   3.9355469e+01   3.2841778e+01
   3.9960937e+01   3.2881193e+01
   4.0566406e+01   3.2881193e+01
   4.1171875e+01   3.2990772e+01
   4.1777344e+01   3.3044920e+01
   4.2382812e+01   3.3044920e+01
   4.2988281e+01   3.2947534e+01
   4.3593750e+01   3.2935343e+01
   4.4199219e+01   3.2935343e+01
   4.4804687e+01   3.3040396e+01
   4.5410156e+01   3.3040396e+01
   4.6015625e+01   3.3105235e+01
   4.6621094e+01   3.3020527e+01
   4.7226562e+01   3.3020527e+01
   4.7832031e+01   3.2929949e+01
   4.8437500e+01   3.2929949e+01
   4.9042969e+01   3.2963567e+01
   4.9648437e+01   3.3107419e+01
   5.0253906e+01   3.3107419e+01
   5.0859375e+01   3.3177479e+01
   5.1464844e+01   3.3177479e+01
   5.2070312e+01   3.3065455e+01
   5.2675781e+01   3.3154691e+01
   5.3281250e+01   3.3154691e+01
   5.3886719e+01   3.3083469e+01
   5.4492187e+01   3.3106518e+01
   5.5097656e+01   3.3106518e+01
   5.5703125e+01   3.3189396e+01
   5.6308594e+01   3.3189396e+01
   5.6914062e+01   3.3180733e+01
   5.7519531e+01   3.3031691e+01
   5.8125000e+01   3.3031691e+01
   5.8730469e+01   3.3216628e+01
   5.9335937e+01   3.3216628e+01
   5.9941406e+01   3.3331506e+01
   6.0546875e+01   3.3320075e+01
   6.1152344e+01   3.3320075e+01
   6.1757812e+01   3.3356187e+01
   6.2363281e+01   3.3341176e+01
   6.2968750e+01   3.3341176e+01
   6.3574219e+01   3.3131412e+01
   6.4179687e+01   3.3131412e+01
   6.4785156e+01   3.2939740e+01
   6.5390625e+01   3.3049407e+01
   6.5996094e+01   3.3049407e+01
   6.6601562e+01   3.3098629e+01
   6.7207031e+01   3.3098629e+01
   6.7812500e+01   3.2928289e+01
   6.8417969e+01   3.2876043e+01
   6.9023437e+01   3.2876043e+01
   6.9628906e+01   3.2787273e+01
   7.0234375e+01   3.2787273e+01
   7.0839844e+01   3.2754794e+01
   7.1445312e+01   3.2910916e+01
   7.2050781e+01   3.2910916e+01
   7.2656250e+01   3.2867152e+01
   7.3261719e+01   3.2829863e+01
   7.3867187e+01   3.2829863e+01
   7.4472656e+01   3.2684401e+01
   7.5078125e+01   3.2684401e+01
   7.5683594e+01   3.2643752e+01
   7.6289062e+01   3.2676374e+01
   7.6894531e+01   3.2676374e+01
   7.7500000e+01   3.2442061e+01
   7.8105469e+01   3.2442061e+01
   7.8710937e+01   3.2403605e+01
   7.9316406e+01   3.2491312e+01
   7.9921875e+01   3.2491312e+01
   8.0527344e+01   3.2397093e+01
   8.1132812e+01   3.2397093e+01
   8.1738281e+01   3.2379533e+01
   8.2343750e+01   3.2485776e+01
   8.2949219e+01   3.2485776e+01
   8.3554687e+01   3.2436873e+01
   8.4160156e+01   3.2346280e+01
   8.4765625e+01   3.2346280e+01
   8.5371094e+01   3.2499396e+01
   8.5976562e+01   3.2499396e+01
   8.6582031e+01   3.2634523e+01
   8.7187500e+01   3.2577900e+01
   8.7792969e+01   3.2577900e+01
   8.8398437e+01   3.2467299e+01
   8.9003906e+01   3.2467299e+01
   8.9609375e+01   3.2422484e+01
   9.0214844e+01   3.2420124e+01
   9.0820312e+01   3.2420124e+01
   9.1425781e+01   3.2512445e+01
   9.2031250e+01   3.2512445e+01
   9.2636719e+01   3.2499914e+01
   9.3242187e+01   3.2435803e+01
   9.3847656e+01   3.2435803e+01
   9.4453125e+01   3.2445799e+01
   9.5058594e+01   3.2279302e+01
   9.5664062e+01   3.2279302e+01
   9.6269531e+01   3.2330063e+01
   9.6875000e+01   3.2330063e+01
   9.7480469e+01   3.2500029e+01
   9.8085937e+01   3.2428224e+01
   9.8691406e+01   3.2428224e+01
   9.9296875e+01   3.2558674e+01
   9.9902344e+01   3.2558674e+01
   1.0050781e+02   3.2372078e+01
   1.0111328e+02   3.2477059e+01
   1.0171875e+02   3.2477059e+01
   1.0232422e+02   3.2400360e+01
   1.0292969e+02   3.2400360e+01
   1.0353516e+02   3.2397471e+01
   1.0414062e+02   3.2295592e+01
   1.0474609e+02   3.2295592e+01
   1.0535156e+02   3.2317300e+01
   1.0595703e+02   3.2341782e+01
   1.0656250e+02   3.2341782e+01
   1.0716797e+02   3.2267593e+01
   1.0777344e+02   3.2267593e+01
   1.0837891e+02   3.2177813e+01
   1.0898437e+02   3.2219357e+01
   1.0958984e+02   3.2219357e+01
   1.1019531e+02   3.2329210e+01
   1.1080078e+02   3.2329210e+01
   1.1140625e+02   3.2338896e+01
   1.1201172e+02   3.2329799e+01
   1.1261719e+02   3.2329799e+01
   1.1322266e+02   3.2282669e+01
   1.1382812e+02   3.2264983e+01
   1.1443359e+02   3.2264983e+01
   1.1503906e+02   3.2333472e+01
   1.1564453e+02   3.2333472e+01
   1.1625000e+02   3.2292503e+01
   1.1685547e+02   3.2354464e+01
   1.1746094e+02   3.2354464e+01
   1.1806641e+02   3.2423293e+01
   1.1867187e+02   3.2423293e+01
   1.1927734e+02   3.2347340e+01
   1.1988281e+02   3.2322837e+01
   1.2048828e+02   3.2322837e+01
   1.2109375e+02   3.2377707e+01
   1.2169922e+02   3.2377707e+01
   1.2230469e+02   3.2178925e+01
   1.2291016e+02   3.2324324e+01
   1.2351562e+02   3.2324324e+01
   1.2412109e+02   3.2360733e+01
   1.2472656e+02   3.2365850e+01
   1.2533203e+02   3.2365850e+01
   1.2593750e+02   3.2357914e+01
   1.2654297e+02   3.2357914e+01
   1.2714844e+02   3.2389349e+01
   1.2775391e+02   3.2579195e+01
   1.2835937e+02   3.2579195e+01
   1.2896484e+02   3.2552048e+01
   1.2957031e+02   3.2552048e+01
   1.3017578e+02   3.2553945e+01
   1.3078125e+02   3.2453471e+01
   1.3138672e+02   3.2453471e+01
   1.3199219e+02   3.2446887e+01
   1.3259766e+02   3.2446887e+01
   1.3320312e+02   3.2404848e+01
   1.3380859e+02   3.2413388e+01
   1.3441406e+02   3.2413388e+01
   1.3501953e+02   3.2480525e+01
   1.3562500e+02   3.2351741e+01
   1.3623047e+02   3.2351741e+01
   1.3683594e+02   3.2433855e+01
   1.3744141e+02   3.2433855e+01
   1.3804687e+02   3.2409693e+01
   1.3865234e+02   3.2473514e+01
   1.3925781e+02   3.2473514e+01
   1.3986328e+02   3.2582219e+01
   1.4046875e+02   3.2582219e+01
   1.4107422e+02   3.2644168e+01
   1.4167969e+02   3.2576188e+01
   1.4228516e+02   3.2576188e+01
   1.4289062e+02   3.2457928e+01
   1.4349609e+02   3.2457928e+01
   1.4410156e+02   3.2426262e+01
   1.4470703e+02   3.2365015e+01
   1.4531250e+02   3.2365015e+01
   1.4591797e+02   3.2467389e+01
   1.4652344e+02   3.2644820e+01
   1.4712891e+02   3.2644820e+01
   1.4773437e+02   3.2711756e+01
   1.4833984e+02   3.2711756e+01
   1.4894531e+02   3.2678847e+01
   1.4955078e+02   3.2639459e+01
   1.5015625e+02   3.2639459e+01
   1.5076172e+02   3.2684378e+01
   1.5136719e+02   3.2684378e+01
   1.5197266e+02   3.2644820e+01
   1.5257812e+02   3.2635578e+01
   1.5318359e+02   3.2635578e+01
   1.5378906e+02   3.2659616e+01
   1.5439453e+02   3.2659616e+01
   1.5500000e+02   3.2553744e+01
   1.5560547e+02   3.2424864e+01
   1.5621094e+02   3.2424864e+01
   1.5681641e+02   3.2517376e+01
   1.5742187e+02   3.2493281e+01
   1.5802734e+02   3.2493281e+01
   1.5863281e+02   3.2616136e+01
   1.5923828e+02   3.2616136e+01
   1.5984375e+02   3.2609049e+01
   1.6044922e+02   3.2474489e+01
   1.6105469e+02   3.2474489e+01
   1.6166016e+02   3.2512620e+01
   1.6226562e+02   3.2512620e+01
   1.6287109e+02   3.2523784e+01
   1.6347656e+02   3.2589272e+01
   1.6408203e+02   3.2589272e+01
   1.6468750e+02   3.2366308e+01
   1.6529297e+02   3.2276478e+01
   1.6589844e+02   3.2276478e+01
   1.6650391e+02   3.2050729e+01
   1.6710937e+02   3.2050729e+01
   1.6771484e+02   3.2057420e+01
   1.6832031e+02   3.1951213e+01
   1.6892578e+02   3.1951213e+01
   1.6953125e+02   3.1920041e+01
   1.7013672e+02   3.1920041e+01
   1.7074219e+02   3.1735048e+01
   1.7134766e+02   3.1867962e+01
   1.7195312e+02   3.1867962e+01
   1.7255859e+02   3.1729241e+01
   1.7316406e+02   3.1729241e+01
   1.7376953e+02   3.1797905e+01
   1.7437500e+02   3.1862086e+01
   1.7498047e+02   3.1862086e+01
   1.7558594e+02   3.1830495e+01
   1.7619141e+02   3.1873280e+01
   1.7679687e+02   3.1873280e+01
   1.7740234e+02   3.1817261e+01
   1.7800781e+02   3.1817261e+01
   1.7861328e+02   3.1812413e+01
   1.7921875e+02   3.1899210e+01
   1.7982422e+02   3.1899210e+01
   1.8042969e+02   3.1848689e+01
   1.8103516e+02   3.1848689e+01
   1.8164062e+02   3.1790905e+01
   1.8224609e+02   3.1739062e+01
   1.8285156e+02   3.1739062e+01
   1.8345703e+02   3.1726367e+01
   1.8406250e+02   3.1726367e+01
   1.8466797e+02   3.1735977e+01
   1.8527344e+02   3.1680051e+01
   1.8587891e+02   3.1680051e+01
   1.8648437e+02   3.1668661e+01
   1.8708984e+02   3.1480680e+01
   1.8769531e+02   3.1480680e+01
   1.8830078e+02   3.1440906e+01
   1.8890625e+02   3.1440906e+01
   1.8951172e+02   3.1510517e+01
   1.9011719e+02   3.1677876e+01
   1.9072266e+02   3.1677876e+01
   1.9132812e+02   3.1583850e+01
   1.9193359e+02   3.1583850e+01
   1.9253906e+02   3.1705393e+01
   1.9314453e+02   3.1802982e+01
   1.9375000e+02   3.1802982e+01
   1.9435547e+02   3.1862897e+01
   1.9496094e+02   3.1862897e+01
   1.9556641e+02   3.1888723e+01
   1.9617187e+02   3.2098127e+01
   1.9677734e+02   3.2098127e+01
   1.9738281e+02   3.1991846e+01
   1.9798828e+02   3.1910734e+01
   1.9859375e+02   3.1910734e+01
   1.9919922e+02   3.1859460e+01
   1.9980469e+02   3.1859460e+01
   2.0041016e+02   3.1862839e+01
   2.0101562e+02   3.1688874e+01
   2.0162109e+02   3.1688874e+01
   2.0222656e+02   3.1718006e+01
   2.0283203e+02   3.1718006e+01
   2.0343750e+02   3.1702968e+01
   2.0404297e+02   3.1860788e+01
   2.0464844e+02   3.1860788e+01
   2.0525391e+02   3.1762470e+01
   2.0585937e+02   3.1762470e+01
   2.0646484e+02   3.1705112e+01
   2.0707031e+02   3.1617701e+01
   2.0767578e+02   3.1617701e+01
   2.0828125e+02   3.1575282e+01
   2.0888672e+02   3.1678983e+01
   2.0949219e+02   3.1678983e+01
   2.1009766e+02   3.1837249e+01
   2.1070312e+02   3.1837249e+01
   2.1130859e+02   3.1891838e+01
   2.1191406e+02   3.1909371e+01
   2.1251953e+02   3.1909371e+01
   2.1312500e+02   3.1942101e+01
   2.1373047e+02   3.1942101e+01
   2.1433594e+02   3.1889282e+01
   2.1494141e+02   3.1935789e+01
   2.1554687e+02   3.1935789e+01
   2.1615234e+02   3.2040437e+01
   2.1675781e+02   3.2176209e+01
   2.1736328e+02   3.2176209e+01
   2.1796875e+02   3.2169290e+01
   2.1857422e+02   3.2169290e+01
   2.1917969e+02   3.1957019e+01
   2.1978516e+02   3.2038740e+01
   2.2039062e+02   3.2038740e+01
   2.2099609e+02   3.2026526e+01
   2.2160156e+02   3.2026526e+01
   2.2220703e+02   3.2122152e+01
   2.2281250e+02   3.2106808e+01
   2.2341797e+02   3.2106808e+01
   2.2402344e+02   3.2055843e+01
   2.2462891e+02   3.2055843e+01
   2.2523437e+02   3.2131541e+01
   2.2583984e+02   3.2010564e+01
   2.2644531e+02   3.2010564e+01
   2.2705078e+02   3.2024218e+01
   2.2765625e+02   3.2086770e+01
   2.2826172e+02   3.2086770e+01
   2.2886719e+02   3.2168722e+01
   2.2947266e+02   3.2168722e+01
   2.3007812e+02   3.2149407e+01
   2.3068359e+02   3.2205789e+01
   2.3128906e+02   3.2205789e+01
   2.3189453e+02   3.2101834e+01
   2.3250000e+02   3.2101834e+01
   2.3310547e+02   3.2146160e+01
   2.3371094e+02   3.2431601e+01
   2.3431641e+02   3.2431601e+01
   2.3492187e+02   3.2614616e+01
   2.3552734e+02   3.2614616e+01
   2.3613281e+02   3.2399775e+01
   2.3673828e+02   3.2498034e+01
   2.3734375e+02   3.2498034e+01
   2.3794922e+02   3.2174457e+01
   2.3855469e+02   3.2080346e+01
   2.3916016e+02   3.2080346e+01
   2.3976562e+02   3.1897891e+01
   2.4037109e+02   3.1897891e+01
   2.4097656e+02   3.1791896e+01
   2.4158203e+02   3.1701400e+01
   2.4218750e+02   3.1701400e+01
   2.4279297e+02   3.1656564e+01
   2.4339844e+02   3.1656564e+01
   2.4400391e+02   3.1537483e+01
   2.4460937e+02   3.1579697e+01
   2.4521484e+02   3.1579697e+01
   2.4582031e+02   3.1547364e+01
   2.4642578e+02   3.1547364e+01
   2.4703125e+02   3.1942060e+01
   2.4763672e+02   3.1981896e+01
   2.4824219e+02   3.1981896e+01
   2.4884766e+02   3.1937748e+01
   2.4945312e+02   3.1880370e+01
   2.5005859e+02   3.1880370e+01
   2.5066406e+02   3.1681606e+01
   2.5126953e+02   3.1681606e+01
   2.5187500e+02   3.1615328e+01
   2.5248047e+02   3.1469692e+01
   2.5308594e+02   3.1469692e+01
   2.5369141e+02   3.1593486e+01
   2.5429687e+02   3.1593486e+01
   2.5490234e+02   3.1622663e+01
   2.5550781e+02   3.1566409e+01
   2.5611328e+02   3.1566409e+01
   2.5671875e+02   3.1695747e+01
   2.5732422e+02   3.1695747e+01
   2.5792969e+02   3.1854439e+01
   2.5853516e+02   3.1927013e+01
   2.5914062e+02   3.1927013e+01
   2.5974609e+02   3.2023518e+01
   2.6035156e+02   3.1905278e+01
   2.6095703e+02   3.1905278e+01
   2.6156250e+02   3.1963371e+01
   2.6216797e+02   3.1963371e+01
   2.6277344e+02   3.2067212e+01
   2.6337891e+02   3.2113921e+01
   2.6398437e+02   3.2113921e+01
   2.6458984e+02   3.2052641e+01
   2.6519531e+02   3.2052641e+01
   2.6580078e+02   3.2045608e+01
   2.6640625e+02   3.2167210e+01
   2.6701172e+02   3.2167210e+01
   2.6761719e+02   3.2268321e+01
   2.6822266e+02   3.2419376e+01
   2.6882812e+02   3.2419376e+01
   2.6943359e+02   3.2537628e+01
   2.7003906e+02   3.2537628e+01
   2.7064453e+02   3.2697074e+01
   2.7125000e+02   3.2720194e+01
   2.7185547e+02   3.2720194e+01
   2.7246094e+02   3.2727875e+01
   2.7306641e+02   3.2727875e+01
   2.7367187e+02   3.2830031e+01
   2.7427734e+02   3.2926577e+01
   2.7488281e+02   3.2926577e+01
   2.7548828e+02   3.3033603e+01
   2.7609375e+02   3.3033603e+01
   2.7669922e+02   3.3216363e+01
   2.7730469e+02   3.3328817e+01
   2.7791016e+02   3.3328817e+01
   2.7851562e+02   3.3308549e+01
   2.7912109e+02   3.3262754e+01
   2.7972656e+02   3.3262754e+01
   2.8033203e+02   3.3274208e+01
   2.8093750e+02   3.3274208e+01
   2.8154297e+02   3.3287172e+01
   2.8214844e+02   3.3100657e+01
   2.8275391e+02   3.3100657e+01
   2.8335937e+02   3.3072754e+01
   2.8396484e+02   3.3072754e+01
   2.8457031e+02   3.3040419e+01
   2.8517578e+02   3.3078372e+01
   2.8578125e+02   3.3078372e+01
   2.8638672e+02   3.3136113e+01
   2.8699219e+02   3.3136113e+01
   2.8759766e+02   3.3188563e+01
   2.8820312e+02   3.3175664e+01
   2.8880859e+02   3.3175664e+01
   2.8941406e+02   3.3042732e+01
   2.9001953e+02   3.2933635e+01
   2.9062500e+02   3.2933635e+01
   2.9123047e+02   3.3025587e+01
   2.9183594e+02   3.3025587e+01
   2.9244141e+02   3.3018971e+01
   2.9304687e+02   3.3005472e+01
   2.9365234e+02   3.3005472e+01
   2.9425781e+02   3.2913329e+01
   2.9486328e+02   3.2913329e+01
   2.9546875e+02   3.2998651e+01
   2.9607422e+02   3.2995757e+01
   2.9667969e+02   3.2995757e+01
   2.9728516e+02   3.3034204e+01
   2.9789062e+02   3.3034204e+01
   2.9849609e+02   3.3059473e+01
   2.9910156e+02   3.3031363e+01
   2.9970703e+02   3.3031363e+01
   3.0031250e+02   3.3118724e+01
   3.0091797e+02   3.3057747e+01
   3.0152344e+02   3.3057747e+01
   3.0212891e+02   3.2978723e+01
   3.0273437e+02   3.2978723e+01
   3.0333984e+02   3.2924989e+01
   3.0394531e+02   3.2993998e+01
   3.0455078e+02   3.2993998e+01
   3.0515625e+02   3.2870570e+01
   3.0576172e+02   3.2870570e+01
   3.0636719e+02   3.2873624e+01
   3.0697266e+02   3.2836281e+01
   3.0757812e+02   3.2836281e+01
   3.0818359e+02   3.2837966e+01
   3.0878906e+02   3.2837966e+01
   3.0939453e+02   3.2950871e+01
   3.1000000e+02   3.3103683e+01
   3.1060547e+02   3.3103683e+01
   3.1121094e+02   3.3184757e+01
   3.1181641e+02   3.2992602e+01
   3.1242187e+02   3.2992602e+01
   3.1302734e+02   3.3041074e+01
   3.1363281e+02   3.3041074e+01
   3.1423828e+02   3.2928237e+01
   3.1484375e+02   3.2923740e+01
   3.1544922e+02   3.2923740e+01
   3.1605469e+02   3.2860469e+01
   3.1666016e+02   3.2860469e+01
   3.1726562e+02   3.2704370e+01
   3.1787109e+02   3.2719006e+01
   3.1847656e+02   3.2719006e+01
   3.1908203e+02   3.2775365e+01
   3.1968750e+02   3.2936813e+01
   3.2029297e+02   3.2936813e+01
   3.2089844e+02   3.3176001e+01
   3.2150391e+02   3.3176001e+01
   3.2210937e+02   3.3120163e+01
   3.2271484e+02   3.3160084e+01
   3.2332031e+02   3.3160084e+01
   3.2392578e+02   3.3012282e+01
   3.2453125e+02   3.3012282e+01
   3.2513672e+02   3.3071687e+01
   3.2574219e+02   3.3257609e+01
   3.2634766e+02   3.3257609e+01
   3.2695312e+02   3.3078678e+01
   3.2755859e+02   3.3078678e+01
   3.2816406e+02   3.3213759e+01
   3.2876953e+02   3.3144306e+01
   3.2937500e+02   3.3144306e+01
   3.2998047e+02   3.3341329e+01
   3.3058594e+02   3.3345654e+01
   3.3119141e+02   3.3345654e+01
   3.3179687e+02   3.3394169e+01
   3.3240234e+02   3.3394169e+01
   3.3300781e+02   3.3245495e+01
   3.3361328e+02   3.3434812e+01
   3.3421875e+02   3.3434812e+01
   3.3482422e+02   3.3259208e+01
   3.3542969e+02   3.3259208e+01
   3.3603516e+02   3.3278262e+01
   3.3664062e+02   3.3188614e+01
   3.3724609e+02   3.3188614e+01
   3.3785156e+02   3.3411739e+01
   3.3845703e+02   3.3411739e+01
   3.3906250e+02   3.3375296e+01
   3.3966797e+02   3.3142461e+01
   3.4027344e+02   3.3142461e+01
   3.4087891e+02   3.3203973e+01
   3.4148437e+02   3.3266291e+01
   3.4208984e+02   3.3266291e+01
   3.4269531e+02   3.3276020e+01
   3.4330078e+02   3.3276020e+01
   3.4390625e+02   3.3078663e+01
   3.4451172e+02   3.3037060e+01
   3.4511719e+02   3.3037060e+01
   3.4572266e+02   3.3175075e+01
   3.4632812e+02   3.3175075e+01
   3.4693359e+02   3.3079327e+01
   3.4753906e+02   3.3049627e+01
   3.4814453e+02   3.3049627e+01
   3.4875000e+02   3.3117771e+01
   3.4935547e+02   3.3117771e+01
   3.4996094e+02   3.2969435e+01
   3.5056641e+02   3.3364718e+01
   3.5117187e+02   3.3364718e+01
   3.5177734e+02   3.3032237e+01
   3.5238281e+02   3.3065506e+01
   3.5298828e+02   3.3065506e+01
   3.5359375e+02   3.2924260e+01
   3.5419922e+02   3.2924260e+01
   3.5480469e+02   3.2900310e+01
   3.5541016e+02   3.3006788e+01
   3.5601562e+02   3.3006788e+01
   3.5662109e+02   3.3103500e+01
   3.5722656e+02   3.3103500e+01
   3.5783203e+02   3.3063977e+01
   3.5843750e+02   3.3176548e+01
   3.5904297e+02   3.3176548e+01
   3.5964844e+02   3.3074091e+01
   3.6025391e+02   3.3074091e+01
   3.6085937e+02   3.3046517e+01
   3.6146484e+02   3.3260378e+01
   3.6207031e+02   3.3260378e+01
   3.6267578e+02   3.3247491e+01
   3.6328125e+02   3.3350683e+01
   3.6388672e+02   3.3350683e+01
   3.6449219e+02   3.3354604e+01
   3.6509766e+02   3.3354604e+01
   3.6570312e+02   3.3428425e+01
   3.6630859e+02   3.3292487e+01
   3.6691406e+02   3.3292487e+01
   3.6751953e+02   3.3476335e+01
   3.6812500e+02   3.3476335e+01
   3.6873047e+02   3.3645380e+01
   3.6933594e+02   3.3793207e+01
   3.6994141e+02   3.3793207e+01
   3.7054687e+02   3.3782498e+01
   3.7115234e+02   3.3528298e+01
   3.7175781e+02   3.3528298e+01
   3.7236328e+02   3.3585541e+01
   3.7296875e+02   3.3585541e+01
   3.7357422e+02   3.3746585e+01
   3.7417969e+02   3.3816584e+01
   3.7478516e+02   3.3816584e+01
   3.7539062e+02   3.3643082e+01
   3.7599609e+02   3.3643082e+01
   3.7660156e+02   3.3631456e+01
   3.7720703e+02   3.3614181e+01
   3.7781250e+02   3.3614181e+01
   3.7841797e+02   3.3637447e+01
   3.7902344e+02   3.3637447e+01
   3.7962891e+02   3.3606626e+01
   3.8023437e+02   3.3601131e+01
   3.8083984e+02   3.3601131e+01
   3.8144531e+02   3.3493751e+01
   3.8205078e+02   3.3595759e+01
   3.8265625e+02   3.3595759e+01
   3.8326172e+02   3.3636650e+01
   3.8386719e+02   3.3636650e+01
   3.8447266e+02   3.3613015e+01
   3.8507812e+02   3.3715152e+01
   3.8568359e+02   3.3715152e+01
   3.8628906e+02   3.3770303e+01
   3.8689453e+02   3.3770303e+01
   3.8750000e+02   3.3912568e+01
   3.8810547e+02   3.3849147e+01
   3.8871094e+02   3.3849147e+01
   3.8931641e+02   3.3832425e+01
   3.8992187e+02   3.3832425e+01
   3.9052734e+02   3.3768646e+01
   3.9113281e+02   3.3802373e+01
   3.9173828e+02   3.3802373e+01
   3.9234375e+02   3.3845362e+01
   3.9294922e+02   3.3798651e+01
   3.9355469e+02   3.3798651e+01
   3.9416016e+02   3.3805556e+01
   3.9476562e+02   3.3805556e+01
   3.9537109e+02   3.3721807e+01
   3.9597656e+02   3.3933244e+01
   3.9658203e+02   3.3933244e+01
   3.9718750e+02   3.3849183e+01
   3.9779297e+02   3.3849183e+01
   3.9839844e+02   3.3915558e+01
   3.9900391e+02   3.3802053e+01
   3.9960937e+02   3.3802053e+01
   4.0021484e+02   3.3610172e+01
   4.0082031e+02   3.3610172e+01
   4.0142578e+02   3.3671107e+01
   4.0203125e+02   3.3613472e+01
   4.0263672e+02   3.3613472e+01
   4.0324219e+02   3.3701049e+01
   4.0384766e+02   3.3808186e+01
   4.0445312e+02   3.3808186e+01
   4.0505859e+02   3.3840621e+01
   4.0566406e+02   3.3840621e+01
   4.0626953e+02   3.3886318e+01
   4.0687500e+02   3.3733226e+01
   4.0748047e+02   3.3733226e+01
   4.0808594e+02   3.3807755e+01
   4.0869141e+02   3.3807755e+01
   4.0929687e+02   3.3646439e+01
   4.0990234e+02   3.3746885e+01
   4.1050781e+02   3.3746885e+01
   4.1111328e+02   3.3850386e+01
   4.1171875e+02   3.3850386e+01
   4.1232422e+02   3.4013073e+01
   4.1292969e+02   3.3938942e+01
   4.1353516e+02   3.3938942e+01
   4.1414062e+02   3.4066379e+01
   4.1474609e+02   3.4055103e+01
   4.1535156e+02   3.4055103e+01
   4.1595703e+02   3.4064022e+01
   4.1656250e+02   3.4064022e+01
   4.1716797e+02   3.4043195e+01
   4.1777344e+02   3.3986980e+01
   4.1837891e+02   3.3986980e+01
   4.1898437e+02   3.4023891e+01
   4.1958984e+02   3.4023891e+01
   4.2019531e+02   3.3890409e+01
   4.2080078e+02   3.3972528e+01
   4.2140625e+02   3.3972528e+01
   4.2201172e+02   3.3969337e+01
   4.2261719e+02   3.3981641e+01
   4.2322266e+02   3.3981641e+01
   4.2382812e+02   3.3898329e+01
   4.2443359e+02   3.3898329e+01
   4.2503906e+02   3.3811977e+01
   4.2564453e+02   3.3794018e+01
   4.2625000e+02   3.3794018e+01
   4.2685547e+02   3.3809151e+01
   4.2746094e+02   3.3809151e+01
   4.2806641e+02   3.4051710e+01
   4.2867187e+02   3.4149758e+01
   4.2927734e+02   3.4149758e+01
   4.2988281e+02   3.4047651e+01
   4.3048828e+02   3.4047651e+01
   4.3109375e+02   3.4153323e+01
   4.3169922e+02   3.4134091e+01
   4.3230469e+02   3.4134091e+01
   4.3291016e+02   3.3613443e+01
   4.3351562e+02   3.3048339e+01
   4.3412109e+02   3.3048339e+01
   4.3472656e+02   3.3524471e+01
   4.3533203e+02   3.3524471e+01
   4.3593750e+02   3.3639005e+01
   4.3654297e+02   3.3740445e+01
   4.3714844e+02   3.3740445e+01
   4.3775391e+02   3.3633766e+01
   4.3835937e+02   3.3633766e+01
   4.3896484e+02   3.3664237e+01
   4.3957031e+02   3.3658459e+01
   4.4017578e+02   3.3658459e+01
   4.4078125e+02   3.3909895e+01
   4.4138672e+02   3.3909895e+01
   4.4199219e+02   3.3674644e+01
   4.4259766e+02   3.3851498e+01
   4.4320312e+02   3.3851498e+01
   4.4380859e+02   3.3686482e+01
   4.4441406e+02   3.3732484e+01
   4.4501953e+02   3.3732484e+01
   4.4562500e+02   3.3938551e+01
   4.4623047e+02   3.3938551e+01
   4.4683594e+02   3.4111458e+01
   4.4744141e+02   3.3849164e+01
   4.4804687e+02   3.3849164e+01
   4.4865234e+02   3.4025961e+01
   4.4925781e+02   3.4025961e+01
   4.4986328e+02   3.3890356e+01
   4.5046875e+02   3.3896954e+01
   4.5107422e+02   3.3896954e+01
   4.5167969e+02   3.4161760e+01
   4.5228516e+02   3.4161760e+01
   4.5289062e+02   3.3988248e+01
   4.5349609e+02   3.4184968e+01
   4.5410156e+02   3.4184968e+01
   4.5470703e+02   3.4280675e+01
   4.5531250e+02   3.3979662e+01
   4.5591797e+02   3.3979662e+01
   4.5652344e+02   3.4089016e+01
   4.5712891e+02   3.4089016e+01
   4.5773437e+02   3.4153745e+01
   4.5833984e+02   3.3892360e+01
   4.5894531e+02   3.3892360e+01
   4.5955078e+02   3.3861845e+01
   4.6015625e+02   3.3861845e+01
   4.6076172e+02   3.3773495e+01
   4.6136719e+02   3.3601514e+01
   4.6197266e+02   3.3601514e+01
   4.6257812e+02   3.3723008e+01
   4.6318359e+02   3.3723008e+01
   4.6378906e+02   3.3863047e+01
   4.6439453e+02   3.3785483e+01
   4.6500000e+02   3.3785483e+01
   4.6560547e+02   3.3631633e+01
   4.6621094e+02   3.3640168e+01
   4.6681641e+02   3.3640168e+01
   4.6742187e+02   3.3589734e+01
   4.6802734e+02   3.3589734e+01
   4.6863281e+02   3.3629427e+01
   4.6923828e+02   3.3543973e+01
   4.6984375e+02   3.3543973e+01
   4.7044922e+02   3.3639082e+01
   4.7105469e+02   3.3639082e+01
   4.7166016e+02   3.3680058e+01
   4.7226562e+02   3.3725851e+01
   4.7287109e+02   3.3725851e+01
   4.7347656e+02   3.3554169e+01
   4.7408203e+02   3.3509528e+01
   4.7468750e+02   3.3509528e+01
   4.7529297e+02   3.3804827e+01
   4.7589844e+02   3.3804827e+01
   4.7650391e+02   3.3648742e+01
   4.7710937e+02   3.3437496e+01
   4.7771484e+02   3.3437496e+01
   4.7832031e+02   3.3686115e+01
   4.7892578e+02   3.3686115e+01
   4.7953125e+02   3.3555682e+01
   4.8013672e+02   3.3512930e+01
   4.8074219e+02   3.3512930e+01
   4.8134766e+02   3.3493985e+01
   4.8195312e+02   3.3493985e+01
   4.8255859e+02   3.3514155e+01
   4.8316406e+02   3.3388340e+01
   4.8376953e+02   3.3388340e+01
   4.8437500e+02   3.3221305e+01
   4.8498047e+02   3.3223722e+01
   4.8558594e+02   3.3223722e+01
   4.8619141e+02   3.3205354e+01
   4.8679687e+02   3.3205354e+01
   4.8740234e+02   3.2953914e+01
   4.8800781e+02   3.3061279e+01
   4.8861328e+02   3.3061279e+01
   4.8921875e+02   3.3161905e+01
   4.8982422e+02   3.3161905e+01
   4.9042969e+02   3.3232160e+01
   4.9103516e+02   3.3063789e+01
   4.9164062e+02   3.3063789e+01
   4.9224609e+02   3.3133022e+01
   4.9285156e+02   3.3133022e+01
   4.9345703e+02   3.3184810e+01
   4.9406250e+02   3.3235539e+01
   4.9466797e+02   3.3235539e+01
   4.9527344e+02   3.3346148e+01
   4.9587891e+02   3.3407443e+01
   4.9648437e+02   3.3407443e+01
   4.9708984e+02   3.3324753e+01
   4.9769531e+02   3.3324753e+01
   4.9830078e+02   3.3284156e+01
   4.9890625e+02   3.3147916e+01
   4.9951172e+02   3.3147916e+01
   5.0011719e+02   3.3091460e+01
   5.0072266e+02   3.3091460e+01
   5.0132812e+02   3.3128546e+01
   5.0193359e+02   3.3029131e+01
   5.0253906e+02   3.3029131e+01
   5.0314453e+02   3.3073075e+01
   5.0375000e+02   3.3073075e+01
   5.0435547e+02   3.2978955e+01
   5.0496094e+02   3.3084579e+01
   5.0556641e+02   3.3084579e+01
   5.0617187e+02   3.2996222e+01
   5.0677734e+02   3.2857404e+01
   5.0738281e+02   3.2857404e+01
   5.0798828e+02   3.2914939e+01
   5.0859375e+02   3.2914939e+01
   5.0919922e+02   3.2889290e+01
   5.0980469e+02   3.2936064e+01
   5.1041016e+02   3.2936064e+01
   5.1101562e+02   3.2916387e+01
   5.1162109e+02   3.2916387e+01
   5.1222656e+02   3.2863512e+01
   5.1283203e+02   3.2818125e+01
   5.1343750e+02   3.2818125e+01
   5.1404297e+02   3.2966001e+01
   5.1464844e+02   3.2966001e+01
   5.1525391e+02   3.2861953e+01
   5.1585937e+02   3.2851709e+01
   5.1646484e+02   3.2851709e+01
   5.1707031e+02   3.2945165e+01
   5.1767578e+02   3.3138144e+01
   5.1828125e+02   3.3138144e+01
   5.1888672e+02   3.3070847e+01
   5.1949219e+02   3.3070847e+01
   5.2009766e+02   3.3003046e+01
   5.2070312e+02   3.3056236e+01
   5.2130859e+02   3.3056236e+01
   5.2191406e+02   3.3004706e+01
   5.2251953e+02   3.3004706e+01
   5.2312500e+02   3.2864594e+01
   5.2373047e+02   3.3002197e+01
   5.2433594e+02   3.3002197e+01
   5.2494141e+02   3.2924248e+01
   5.2554687e+02   3.3033796e+01
   5.2615234e+02   3.3033796e+01
   5.2675781e+02   3.2975926e+01
   5.2736328e+02   3.2975926e+01
   5.2796875e+02   3.3065515e+01
   5.2857422e+02   3.3082605e+01
   5.2917969e+02   3.3082605e+01
   5.2978516e+02   3.3116347e+01
   5.3039062e+02   3.3116347e+01
   5.3099609e+02   3.2966812e+01
   5.3160156e+02   3.3105105e+01
   5.3220703e+02   3.3105105e+01
   5.3281250e+02   3.3208404e+01
   5.3341797e+02   3.3208404e+01
   5.3402344e+02   3.2956449e+01
   5.3462891e+02   3.2984817e+01
   5.3523437e+02   3.2984817e+01
   5.3583984e+02   3.3025546e+01
   5.3644531e+02   3.3213564e+01
   5.3705078e+02   3.3213564e+01
   5.3765625e+02   3.3138518e+01
   5.3826172e+02   3.3138518e+01
   5.3886719e+02   3.2996358e+01
   5.3947266e+02   3.3029816e+01
   5.4007812e+02   3.3029816e+01
   5.4068359e+02   3.2938338e+01
   5.4128906e+02   3.2938338e+01
   5.4189453e+02   3.3062326e+01
   5.4250000e+02   3.3038969e+01
   5.4310547e+02   3.3038969e+01
   5.4371094e+02   3.2962102e+01
   5.4431641e+02   3.2962102e+01
   5.4492187e+02   3.2908337e+01
   5.4552734e+02   3.2907425e+01
   5.4613281e+02   3.2907425e+01
   5.4673828e+02   3.2935888e+01
   5.4734375e+02   3.2789165e+01
   5.4794922e+02   3.2789165e+01
   5.4855469e+02   3.2913379e+01
   5.4916016e+02   3.2913379e+01
   5.4976562e+02   3.2926868e+01
   5.5037109e+02   3.2980074e+01
   5.5097656e+02   3.2980074e+01
   5.5158203e+02   3.3057770e+01
   5.5218750e+02   3.3057770e+01
   5.5279297e+02   3.3107067e+01
   5.5339844e+02   3.2686475e+01
   5.5400391e+02   3.2686475e+01
   5.5460937e+02   3.2828891e+01
   5.5521484e+02   3.2828891e+01
   5.5582031e+02   3.2748197e+01
   5.5642578e+02   3.2875494e+01
   5.5703125e+02   3.2875494e+01
   5.5763672e+02   3.2674251e+01
   5.5824219e+02   3.2764933e+01
   5.5884766e+02   3.2764933e+01
   5.5945312e+02   3.2762178e+01
   5.6005859e+02   3.2762178e+01
   5.6066406e+02   3.2824555e+01
   5.6126953e+02   3.2672949e+01
   5.6187500e+02   3.2672949e+01
   5.6248047e+02   3.2565196e+01
   5.6308594e+02   3.2565196e+01
   5.6369141e+02   3.2555190e+01
   5.6429687e+02   3.2719031e+01
   5.6490234e+02   3.2719031e+01
   5.6550781e+02   3.2587315e+01
   5.6611328e+02   3.2587315e+01
   5.6671875e+02   3.2471608e+01
   5.6732422e+02   3.2493237e+01
   5.6792969e+02   3.2493237e+01
   5.6853516e+02   3.2417018e+01
   5.6914062e+02   3.2490991e+01
   5.6974609e+02   3.2490991e+01
   5.7035156e+02   3.2516759e+01
   5.7095703e+02   3.2516759e+01
   5.7156250e+02   3.2597055e+01
   5.7216797e+02   3.2631399e+01
   5.7277344e+02   3.2631399e+01
   5.7337891e+02   3.2688008e+01
   5.7398437e+02   3.2688008e+01
   5.7458984e+02   3.2599090e+01
   5.7519531e+02   3.2577392e+01
   5.7580078e+02   3.2577392e+01
   5.7640625e+02   3.2692596e+01
   5.7701172e+02   3.2625881e+01
   5.7761719e+02   3.2625881e+01
   5.7822266e+02   3.2574940e+01
   5.7882812e+02   3.2574940e+01
   5.7943359e+02   3.2585351e+01
   5.8003906e+02   3.2530868e+01
   5.8064453e+02   3.2530868e+01
   5.8125000e+02   3.2508257e+01
   5.8185547e+02   3.2508257e+01
   5.8246094e+02   3.2528175e+01
   5.8306641e+02   3.2572593e+01
   5.8367187e+02   3.2572593e+01
   5.8427734e+02   3.2616381e+01
   5.8488281e+02   3.2616381e+01
   5.8548828e+02   3.2619327e+01
   5.8609375e+02   3.2616603e+01
   5.8669922e+02   3.2616603e+01
   5.8730469e+02   3.2643412e+01
   5.8791016e+02   3.2693034e+01
   5.8851562e+02   3.2693034e+01
   5.8912109e+02   3.2606636e+01
   5.8972656e+02   3.2606636e+01
   5.9033203e+02   3.2549029e+01
   5.9093750e+02   3.2555671e+01
   5.9154297e+02   3.2555671e+01
   5.9214844e+02   3.2498784e+01
   5.9275391e+02   3.2498784e+01
   5.9335937e+02   3.2464533e+01
   5.9396484e+02   3.2326290e+01
   5.9457031e+02   3.2326290e+01
   5.9517578e+02   3.2449968e+01
   5.9578125e+02   3.2449968e+01
   5.9638672e+02   3.2408845e+01
   5.9699219e+02   3.2370628e+01
   5.9759766e+02   3.2370628e+01
   5.9820312e+02   3.2331194e+01
   5.9880859e+02   3.2380349e+01
   5.9941406e+02   3.2380349e+01
   6.0001953e+02   3.2306602e+01
   6.0062500e+02   3.2306602e+01
   6.0123047e+02   3.2286443e+01
   6.0183594e+02   3.2356209e+01
   6.0244141e+02   3.2356209e+01
   6.0304687e+02   3.2428396e+01
   6.0365234e+02   3.2428396e+01
   6.0425781e+02   3.2411769e+01
   6.0486328e+02   3.2434732e+01
   6.0546875e+02   3.2434732e+01
   6.0607422e+02   3.2436370e+01
   6.0667969e+02   3.2436370e+01
   6.0728516e+02   3.2455979e+01
   6.0789062e+02   3.2528535e+01
   6.0849609e+02   3.2528535e+01
   6.0910156e+02   3.2482881e+01
   6.0970703e+02   3.2474236e+01
   6.1031250e+02   3.2474236e+01
   6.1091797e+02   3.2471534e+01
   6.1152344e+02   3.2471534e+01
   6.1212891e+02   3.2503188e+01
   6.1273437e+02   3.2640849e+01
   6.1333984e+02   3.2640849e+01
   6.1394531e+02   3.2567473e+01
   6.1455078e+02   3.2567473e+01
   6.1515625e+02   3.2664576e+01
   6.1576172e+02   3.2438887e+01
   6.1636719e+02   3.2438887e+01
   6.1697266e+02   3.2399568e+01
   6.1757812e+02   3.2399568e+01
   6.1818359e+02   3.2473596e+01
   6.1878906e+02   3.2471041e+01
   6.1939453e+02   3.2471041e+01
   6.2000000e+02   3.2510629e+01
   6.2060547e+02   3.2448530e+01
   6.2121094e+02   3.2448530e+01
   6.2181641e+02   3.2433455e+01
   6.2242187e+02   3.2433455e+01
   6.2302734e+02   3.2513870e+01
   6.2363281e+02   3.2494244e+01
   6.2423828e+02   3.2494244e+01
   6.2484375e+02   3.2360058e+01
   6.2544922e+02   3.2360058e+01
   6.2605469e+02   3.2465862e+01
   6.2666016e+02   3.2447109e+01
   6.2726562e+02   3.2447109e+01
   6.2787109e+02   3.2490661e+01
   6.2847656e+02   3.2531346e+01
   6.2908203e+02   3.2531346e+01
   6.2968750e+02   3.2427170e+01
   6.3029297e+02   3.2427170e+01
   6.3089844e+02   3.2423013e+01
   6.3150391e+02   3.2371029e+01
   6.3210937e+02   3.2371029e+01
   6.3271484e+02   3.2426825e+01
   6.3332031e+02   3.2426825e+01
   6.3392578e+02   3.2366242e+01
   6.3453125e+02   3.2359289e+01
   6.3513672e+02   3.2359289e+01
   6.3574219e+02   3.2403784e+01
   6.3634766e+02   3.2403784e+01
   6.3695312e+02   3.2518350e+01
   6.3755859e+02   3.2484108e+01
   6.3816406e+02   3.2484108e+01
   6.3876953e+02   3.2472455e+01
   6.3937500e+02   3.2348515e+01
   6.3998047e+02   3.2348515e+01
   6.4058594e+02   3.2305117e+01
   6.4119141e+02   3.2305117e+01
   6.4179687e+02   3.2332034e+01
   6.4240234e+02   3.2170572e+01
   6.4300781e+02   3.2170572e+01
   6.4361328e+02   3.2173027e+01
   6.4421875e+02   3.2173027e+01
   6.4482422e+02   3.2181438e+01
   6.4542969e+02   3.2118845e+01
   6.4603516e+02   3.2118845e+01
   6.4664062e+02   3.2113653e+01
   6.4724609e+02   3.2113653e+01
   6.4785156e+02   3.1979053e+01
   6.4845703e+02   3.2059926e+01
   6.4906250e+02   3.2059926e+01
   6.4966797e+02   3.2027471e+01
   6.5027344e+02   3.2093584e+01
   6.5087891e+02   3.2093584e+01
   6.5148437e+02   3.2017630e+01
   6.5208984e+02   3.2017630e+01
   6.5269531e+02   3.2090815e+01
   6.5330078e+02   3.2052792e+01
   6.5390625e+02   3.2052792e+01
   6.5451172e+02   3.2180245e+01
   6.5511719e+02   3.2180245e+01
   6.5572266e+02   3.2167338e+01
   6.5632812e+02   3.2294095e+01
   6.5693359e+02   3.2294095e+01
   6.5753906e+02   3.2259950e+01
   6.5814453e+02   3.2259950e+01
   6.5875000e+02   3.2090680e+01
   6.5935547e+02   3.2216330e+01
   6.5996094e+02   3.2216330e+01
   6.6056641e+02   3.1970913e+01
   6.6117187e+02   3.2074823e+01
   6.6177734e+02   3.2074823e+01
   6.6238281e+02   3.2101425e+01
   6.6298828e+02   3.2101425e+01
   6.6359375e+02   3.2137019e+01
   6.6419922e+02   3.2115207e+01
   6.6480469e+02   3.2115207e+01
   6.6541016e+02   3.2253159e+01
   6.6601562e+02   3.2253159e+01
   6.6662109e+02   3.2334850e+01
   6.6722656e+02   3.2233322e+01
   6.6783203e+02   3.2233322e+01
   6.6843750e+02   3.2349083e+01
   6.6904297e+02   3.2349083e+01
   6.6964844e+02   3.2361845e+01
   6.7025391e+02   3.2156792e+01
   6.7085937e+02   3.2156792e+01
   6.7146484e+02   3.2277096e+01
   6.7207031e+02   3.2199393e+01
   6.7267578e+02   3.2199393e+01
   6.7328125e+02   3.2248061e+01
   6.7388672e+02   3.2248061e+01
   6.7449219e+02   3.2161603e+01
   6.7509766e+02   3.2287075e+01
   6.7570312e+02   3.2287075e+01
   6.7630859e+02   3.2259896e+01
   6.7691406e+02   3.2259896e+01
   6.7751953e+02   3.2346622e+01
   6.7812500e+02   3.2262839e+01
   6.7873047e+02   3.2262839e+01
   6.7933594e+02   3.2320753e+01
   6.7994141e+02   3.2391258e+01
   6.8054687e+02   3.2391258e+01
   6.8115234e+02   3.2363670e+01
   6.8175781e+02   3.2363670e+01
   6.8236328e+02   3.2520929e+01
   6.8296875e+02   3.2476121e+01
   6.8357422e+02   3.2476121e+01
   6.8417969e+02   3.2282626e+01
   6.8478516e+02   3.2282626e+01
   6.8539062e+02   3.2204496e+01
   6.8599609e+02   3.2288757e+01
   6.8660156e+02   3.2288757e+01
   6.8720703e+02   3.2170695e+01
   6.8781250e+02   3.2170695e+01
   6.8841797e+02   3.2354935e+01
   6.8902344e+02   3.2359276e+01
   6.8962891e+02   3.2359276e+01
   6.9023437e+02   3.2208077e+01
   6.9083984e+02   3.2358523e+01
   6.9144531e+02   3.2358523e+01
   6.9205078e+02   3.2355122e+01
   6.9265625e+02   3.2355122e+01
   6.9326172e+02   3.2468859e+01
   6.9386719e+02   3.2262111e+01
   6.9447266e+02   3.2262111e+01
   6.9507812e+02   3.2219812e+01
   6.9568359e+02   3.2219812e+01
   6.9628906e+02   3.2325270e+01
   6.9689453e+02   3.2365733e+01
   6.9750000e+02   3.2365733e+01
   6.9810547e+02   3.2246091e+01
   6.9871094e+02   3.2246091e+01
   6.9931641e+02   3.2175888e+01
   6.9992187e+02   3.2140342e+01
   7.0052734e+02   3.2140342e+01
   7.0113281e+02   3.2225878e+01
   7.0173828e+02   3.2209635e+01
   7.0234375e+02   3.2209635e+01
   7.0294922e+02   3.2105509e+01
   7.0355469e+02   3.2105509e+01
   7.0416016e+02   3.2143107e+01
   7.0476562e+02   3.2242264e+01
   7.0537109e+02   3.2242264e+01
   7.0597656e+02   3.2141080e+01
   7.0658203e+02   3.2141080e+01
   7.0718750e+02   3.2176568e+01
   7.0779297e+02   3.2190901e+01
   7.0839844e+02   3.2190901e+01
   7.0900391e+02   3.2215084e+01
   7.0960937e+02   3.2215084e+01
   7.1021484e+02   3.2253389e+01
   7.1082031e+02   3.2145298e+01
   7.1142578e+02   3.2145298e+01
   7.1203125e+02   3.2220940e+01
   7.1263672e+02   3.2069830e+01
   7.1324219e+02   3.2069830e+01
   7.1384766e+02   3.2083235e+01
   7.1445312e+02   3.2083235e+01
   7.1505859e+02   3.2126569e+01
   7.1566406e+02   3.2101153e+01
   7.1626953e+02   3.2101153e+01
   7.1687500e+02   3.2058567e+01
   7.1748047e+02   3.2058567e+01
   7.1808594e+02   3.2122314e+01
   7.1869141e+02   3.2252655e+01
   7.1929687e+02   3.2252655e+01
   7.1990234e+02   3.2310340e+01
   7.2050781e+02   3.2310340e+01
   7.2111328e+02   3.2173575e+01
   7.2171875e+02   3.2205191e+01
   7.2232422e+02   3.2205191e+01
   7.2292969e+02   3.2125991e+01
   7.2353516e+02   3.2143633e+01
   7.2414062e+02   3.2143633e+01
   7.2474609e+02   3.2120434e+01
   7.2535156e+02   3.2120434e+01
   7.2595703e+02   3.2104120e+01
   7.2656250e+02   3.2181105e+01
   7.2716797e+02   3.2181105e+01
   7.2777344e+02   3.2111802e+01
   7.2837891e+02   3.2111802e+01
   7.2898437e+02   3.2189135e+01
   7.2958984e+02   3.2069151e+01
   7.3019531e+02   3.2069151e+01
   7.3080078e+02   3.2099142e+01
   7.3140625e+02   3.1876510e+01
   7.3201172e+02   3.1876510e+01
   7.3261719e+02   3.1890237e+01
   7.3322266e+02   3.1890237e+01
   7.3382812e+02   3.1788231e+01
   7.3443359e+02   3.1788418e+01
   7.3503906e+02   3.1788418e+01
   7.3564453e+02   3.1764947e+01
   7.3625000e+02   3.1764947e+01
   7.3685547e+02   3.1745924e+01
   7.3746094e+02   3.1731097e+01
   7.3806641e+02   3.1731097e+01
   7.3867187e+02   3.1631263e+01
   7.3927734e+02   3.1631263e+01
   7.3988281e+02   3.1685750e+01
   7.4048828e+02   3.1615341e+01
   7.4109375e+02   3.1615341e+01
   7.4169922e+02   3.1739511e+01
   7.4230469e+02   3.1733552e+01
   7.4291016e+02   3.1733552e+01
   7.4351562e+02   3.1731377e+01
   7.4412109e+02   3.1731377e+01
   7.4472656e+02   3.1538041e+01
   7.4533203e+02   3.1616585e+01
   7.4593750e+02   3.1616585e+01
   7.4654297e+02   3.1568999e+01
   7.4714844e+02   3.1568999e+01
   7.4775391e+02   3.1463287e+01
   7.4835937e+02   3.1598104e+01
   7.4896484e+02   3.1598104e+01
   7.4957031e+02   3.1606092e+01
   7.5017578e+02   3.1606092e+01
   7.5078125e+02   3.1424496e+01
   7.5138672e+02   3.1577279e+01
   7.5199219e+02   3.1577279e+01
   7.5259766e+02   3.1628673e+01
   7.5320312e+02   3.1737516e+01
   7.5380859e+02   3.1737516e+01
   7.5441406e+02   3.1672523e+01
   7.5501953e+02   3.1672523e+01
   7.5562500e+02   3.1653362e+01
   7.5623047e+02   3.1637670e+01
   7.5683594e+02   3.1637670e+01
   7.5744141e+02   3.1643335e+01
   7.5804687e+02   3.1643335e+01
   7.5865234e+02   3.1678987e+01
   7.5925781e+02   3.1694779e+01
   7.5986328e+02   3.1694779e+01
   7.6046875e+02   3.1683265e+01
   7.6107422e+02   3.1683265e+01
   7.6167969e+02   3.1634167e+01
   7.6228516e+02   3.1638192e+01
   7.6289062e+02   3.1638192e+01
   7.6349609e+02   3.1624609e+01
   7.6410156e+02   3.1747010e+01
   7.6470703e+02   3.1747010e+01
   7.6531250e+02   3.1701629e+01
   7.6591797e+02   3.1701629e+01
   7.6652344e+02   3.1840188e+01
   7.6712891e+02   3.1685538e+01
   7.6773437e+02   3.1685538e+01
   7.6833984e+02   3.1739517e+01
   7.6894531e+02   3.1739517e+01
   7.6955078e+02   3.1754520e+01
   7.7015625e+02   3.1685430e+01
   7.7076172e+02   3.1685430e+01
   7.7136719e+02   3.1643597e+01
   7.7197266e+02   3.1643597e+01
   7.7257812e+02   3.1740462e+01
   7.7318359e+02   3.1714784e+01
   7.7378906e+02   3.1714784e+01
   7.7439453e+02   3.1774510e+01
   7.7500000e+02   3.1812027e+01
   7.7560547e+02   3.1812027e+01
   7.7621094e+02   3.1818149e+01
   7.7681641e+02   3.1818149e+01
   7.7742187e+02   3.1693433e+01
   7.7802734e+02   3.1640385e+01
   7.7863281e+02   3.1640385e+01
   7.7923828e+02   3.1636663e+01
   7.7984375e+02   3.1636663e+01
   7.8044922e+02   3.1670346e+01
   7.8105469e+02   3.1656022e+01
   7.8166016e+02   3.1656022e+01
   7.8226562e+02   3.1563093e+01
   7.8287109e+02   3.1636380e+01
   7.8347656e+02   3.1636380e+01
   7.8408203e+02   3.1642856e+01
   7.8468750e+02   3.1642856e+01
   7.8529297e+02   3.1586479e+01
   7.8589844e+02   3.1626458e+01
   7.8650391e+02   3.1626458e+01
   7.8710937e+02   3.1608532e+01
   7.8771484e+02   3.1608532e+01
   7.8832031e+02   3.1704048e+01
   7.8892578e+02   3.1643642e+01
   7.8953125e+02   3.1643642e+01
   7.9013672e+02   3.1540936e+01
   7.9074219e+02   3.1540936e+01
   7.9134766e+02   3.1392333e+01
   7.9195312e+02   3.1431907e+01
   7.9255859e+02   3.1431907e+01
   7.9316406e+02   3.1416239e+01
   7.9376953e+02   3.1553285e+01
   7.9437500e+02   3.1553285e+01
   7.9498047e+02   3.1460339e+01
   7.9558594e+02   3.1460339e+01
   7.9619141e+02   3.1608087e+01
   7.9679687e+02   3.1652232e+01
   7.9740234e+02   3.1652232e+01
   7.9800781e+02   3.1782011e+01
   7.9861328e+02   3.1782011e+01
   7.9921875e+02   3.1614575e+01
   7.9982422e+02   3.1480553e+01
   8.0042969e+02   3.1480553e+01
   8.0103516e+02   3.1488899e+01
   8.0164062e+02   3.1488899e+01
   8.0224609e+02   3.1547745e+01
   8.0285156e+02   3.1521752e+01
   8.0345703e+02   3.1521752e+01
   8.0406250e+02   3.1747866e+01
   8.0466797e+02   3.1700726e+01
   8.0527344e+02   3.1700726e+01
   8.0587891e+02   3.1679639e+01
   8.0648437e+02   3.1679639e+01
   8.0708984e+02   3.1670494e+01
   8.0769531e+02   3.1603426e+01
   8.0830078e+02   3.1603426e+01
   8.0890625e+02   3.1610109e+01
   8.0951172e+02   3.1610109e+01
   8.1011719e+02   3.1669675e+01
   8.1072266e+02   3.1699689e+01
   8.1132812e+02   3.1699689e+01
   8.1193359e+02   3.1878453e+01
   8.1253906e+02   3.1878453e+01
   8.1314453e+02   3.1866999e+01
   8.1375000e+02   3.1964504e+01
   8.1435547e+02   3.1964504e+01
   8.1496094e+02   3.2130409e+01
   8.1556641e+02   3.2121520e+01
   8.1617187e+02   3.2121520e+01
   8.1677734e+02   3.2058835e+01
   8.1738281e+02   3.2058835e+01
   8.1798828e+02   3.1744256e+01
   8.1859375e+02   3.1864258e+01
   8.1919922e+02   3.1864258e+01
   8.1980469e+02   3.1838537e+01
   8.2041016e+02   3.1838537e+01
   8.2101562e+02   3.1653818e+01
   8.2162109e+02   3.1770952e+01
   8.2222656e+02   3.1770952e+01
   8.2283203e+02   3.1825331e+01
   8.2343750e+02   3.1825331e+01
   8.2404297e+02   3.1810940e+01
   8.2464844e+02   3.1827864e+01
   8.2525391e+02   3.1827864e+01
   8.2585937e+02   3.1815088e+01
   8.2646484e+02   3.1876476e+01
   8.2707031e+02   3.1876476e+01
   8.2767578e+02   3.1930216e+01
   8.2828125e+02   3.1930216e+01
   8.2888672e+02   3.1903463e+01
   8.2949219e+02   3.2016262e+01
   8.3009766e+02   3.2016262e+01
   8.3070312e+02   3.2187534e+01
   8.3130859e+02   3.2187534e+01
   8.3191406e+02   3.2107746e+01
   8.3251953e+02   3.2125217e+01
   8.3312500e+02   3.2125217e+01
   8.3373047e+02   3.2041440e+01
   8.3433594e+02   3.1830107e+01
   8.3494141e+02   3.1830107e+01
   8.3554687e+02   3.1955829e+01
   8.3615234e+02   3.1955829e+01
   8.3675781e+02   3.1960400e+01
   8.3736328e+02   3.1877414e+01
   8.3796875e+02   3.1877414e+01
   8.3857422e+02   3.1710634e+01
   8.3917969e+02   3.1710634e+01
   8.3978516e+02   3.1738613e+01
   8.4039062e+02   3.1832237e+01
   8.4099609e+02   3.1832237e+01
   8.4160156e+02   3.1932300e+01
   8.4220703e+02   3.1932300e+01
   8.4281250e+02   3.1828463e+01
   8.4341797e+02   3.1891620e+01
   8.4402344e+02   3.1891620e+01
   8.4462891e+02   3.1818442e+01
   8.4523437e+02   3.1853078e+01
   8.4583984e+02   3.1853078e+01
   8.4644531e+02   3.1818741e+01
   8.4705078e+02   3.1818741e+01
   8.4765625e+02   3.1801980e+01
   8.4826172e+02   3.1697332e+01
   8.4886719e+02   3.1697332e+01
   8.4947266e+02   3.1702433e+01
   8.5007812e+02   3.1702433e+01
   8.5068359e+02   3.1934743e+01
   8.5128906e+02   3.1733209e+01
   8.5189453e+02   3.1733209e+01
   8.5250000e+02   3.1904611e+01
   8.5310547e+02   3.1904611e+01
   8.5371094e+02   3.1905955e+01
   8.5431641e+02   3.1603204e+01
   8.5492187e+02   3.1603204e+01
   8.5552734e+02   3.1720712e+01
   8.5613281e+02   3.1261678e+01
   8.5673828e+02   3.1261678e+01
   8.5734375e+02   3.1014904e+01
   8.5794922e+02   3.1014904e+01
   8.5855469e+02   3.1133461e+01
   8.5916016e+02   3.1141969e+01
   8.5976562e+02   3.1141969e+01
   8.6037109e+02   3.0909448e+01
   8.6097656e+02   3.0909448e+01
   8.6158203e+02   3.0912663e+01
   8.6218750e+02   3.0963930e+01
   8.6279297e+02   3.0963930e+01
   8.6339844e+02   3.0830949e+01
   8.6400391e+02   3.0830949e+01
   8.6460937e+02   3.0728833e+01
   8.6521484e+02   3.0598471e+01
   8.6582031e+02   3.0598471e+01
   8.6642578e+02   3.0604588e+01
   8.6703125e+02   3.0663087e+01
   8.6763672e+02   3.0663087e+01
   8.6824219e+02   3.0587902e+01
   8.6884766e+02   3.0587902e+01
   8.6945312e+02   3.0495894e+01
   8.7005859e+02   3.0549946e+01
   8.7066406e+02   3.0549946e+01
   8.7126953e+02   3.0472704e+01
   8.7187500e+02   3.0472704e+01
   8.7248047e+02   3.0331912e+01
   8.7308594e+02   3.0599329e+01
   8.7369141e+02   3.0599329e+01
   8.7429687e+02   3.0741349e+01
   8.7490234e+02   3.0741349e+01
   8.7550781e+02   3.0761483e+01
   8.7611328e+02   3.0628570e+01
   8.7671875e+02   3.0628570e+01
   8.7732422e+02   3.0665649e+01
   8.7792969e+02   3.0535489e+01
   8.7853516e+02   3.0535489e+01
   8.7914062e+02   3.0218849e+01
   8.7974609e+02   3.0218849e+01
   8.8035156e+02   3.0108481e+01
   8.8095703e+02   3.0043692e+01
   8.8156250e+02   3.0043692e+01
   8.8216797e+02   2.9940847e+01
   8.8277344e+02   2.9940847e+01
   8.8337891e+02   2.9896641e+01
   8.8398437e+02   2.9939816e+01
   8.8458984e+02   2.9939816e+01
   8.8519531e+02   2.9818962e+01
   8.8580078e+02   2.9718733e+01
   8.8640625e+02   2.9718733e+01
   8.8701172e+02   2.9563435e+01
   8.8761719e+02   2.9563435e+01
   8.8822266e+02   2.9710070e+01
   8.8882812e+02   2.9667544e+01
   8.8943359e+02   2.9667544e+01
   8.9003906e+02   2.9624098e+01
   8.9064453e+02   2.9624098e+01
   8.9125000e+02   2.9866237e+01
   8.9185547e+02   2.9756457e+01
   8.9246094e+02   2.9756457e+01
   8.9306641e+02   2.9836805e+01
   8.9367187e+02   2.9836805e+01
   8.9427734e+02   2.9763620e+01
   8.9488281e+02   2.9678648e+01
   8.9548828e+02   2.9678648e+01
   8.9609375e+02   2.9735178e+01
   8.9669922e+02   2.9813126e+01
   8.9730469e+02   2.9813126e+01
   8.9791016e+02   2.9947905e+01
   8.9851562e+02   2.9947905e+01
   8.9912109e+02   2.9926387e+01
   8.9972656e+02   3.0260651e+01
   9.0033203e+02   3.0260651e+01
   9.0093750e+02   3.0149658e+01
   9.0154297e+02   3.0149658e+01
   9.0214844e+02   2.9984091e+01
   9.0275391e+02   2.9918365e+01
   9.0335937e+02   2.9918365e+01
   9.0396484e+02   2.9720066e+01
   9.0457031e+02   2.9720066e+01
   9.0517578e+02   2.9724810e+01
   9.0578125e+02   2.9642085e+01
   9.0638672e+02   2.9642085e+01
   9.0699219e+02   2.9929391e+01
   9.0759766e+02   3.0108036e+01
   9.0820312e+02   3.0108036e+01
   9.0880859e+02   3.0146281e+01
   9.0941406e+02   3.0146281e+01
   9.1001953e+02   3.0006256e+01
   9.1062500e+02   3.0121324e+01
   9.1123047e+02   3.0121324e+01
   9.1183594e+02   3.0029175e+01
   9.1244141e+02   3.0029175e+01
   9.1304687e+02   3.0237878e+01
   9.1365234e+02   2.9990794e+01
   9.1425781e+02   2.9990794e+01
   9.1486328e+02   2.9926757e+01
   9.1546875e+02   2.9926757e+01
   9.1607422e+02   2.9886641e+01
   9.1667969e+02   2.9832065e+01
   9.1728516e+02   2.9832065e+01
   9.1789062e+02   2.9937137e+01
   9.1849609e+02   2.9884930e+01
   9.1910156e+02   2.9884930e+01
   9.1970703e+02   2.9922923e+01
   9.2031250e+02   2.9922923e+01
   9.2091797e+02   2.9960486e+01
   9.2152344e+02   2.9887422e+01
   9.2212891e+02   2.9887422e+01
   9.2273437e+02   2.9880986e+01
   9.2333984e+02   2.9880986e+01
   9.2394531e+02   2.9859661e+01
   9.2455078e+02   2.9880365e+01
   9.2515625e+02   2.9880365e+01
   9.2576172e+02   2.9854778e+01
   9.2636719e+02   2.9854778e+01
   9.2697266e+02   2.9942048e+01
   9.2757812e+02   2.9826187e+01
   9.2818359e+02   2.9826187e+01
   9.2878906e+02   2.9808064e+01
   9.2939453e+02   2.9947937e+01
   9.3000000e+02   2.9947937e+01
   9.3060547e+02   2.9976351e+01
   9.3121094e+02   2.9976351e+01
   9.3181641e+02   3.0060554e+01
   9.3242187e+02   3.0011061e+01
   9.3302734e+02   3.0011061e+01
   9.3363281e+02   3.0033346e+01
   9.3423828e+02   3.0033346e+01
   9.3484375e+02   3.0106427e+01
   9.3544922e+02   3.0078391e+01
   9.3605469e+02   3.0078391e+01
   9.3666016e+02   2.9984821e+01
   9.3726562e+02   2.9913043e+01
   9.3787109e+02   2.9913043e+01
   9.3847656e+02   3.0046180e+01
   9.3908203e+02   3.0046180e+01
   9.3968750e+02   3.0233580e+01
   9.4029297e+02   3.0227088e+01
   9.4089844e+02   3.0227088e+01
   9.4150391e+02   3.0131953e+01
   9.4210937e+02   3.0131953e+01
   9.4271484e+02   3.0088202e+01
   9.4332031e+02   3.0227284e+01
   9.4392578e+02   3.0227284e+01
   9.4453125e+02   3.0297840e+01
   9.4513672e+02   3.0297840e+01
   9.4574219e+02   3.0557087e+01
   9.4634766e+02   3.0543608e+01
   9.4695312e+02   3.0543608e+01
   9.4755859e+02   3.0619477e+01
   9.4816406e+02   3.0643755e+01
   9.4876953e+02   3.0643755e+01
   9.4937500e+02   3.0635542e+01
   9.4998047e+02   3.0635542e+01
   9.5058594e+02   3.0734759e+01
   9.5119141e+02   3.0702179e+01
   9.5179687e+02   3.0702179e+01
   9.5240234e+02   3.0857680e+01
   9.5300781e+02   3.0857680e+01
   9.5361328e+02   3.0902561e+01
   9.5421875e+02   3.0697113e+01
   9.5482422e+02   3.0697113e+01
   9.5542969e+02   3.0789901e+01
   9.5603516e+02   3.0789901e+01
   9.5664062e+02   3.0894107e+01
   9.5724609e+02   3.0882408e+01
   9.5785156e+02   3.0882408e+01
   9.5845703e+02   3.0712140e+01
   9.5906250e+02   3.0789156e+01
   9.5966797e+02   3.0789156e+01
   9.6027344e+02   3.0808837e+01
   9.6087891e+02   3.0808837e+01
   9.6148437e+02   3.0899469e+01
   9.6208984e+02   3.0925229e+01
   9.6269531e+02   3.0925229e+01
   9.6330078e+02   3.0896791e+01
   9.6390625e+02   3.0896791e+01
   9.6451172e+02   3.0965747e+01
   9.6511719e+02   3.0998787e+01
   9.6572266e+02   3.0998787e+01
   9.6632812e+02   3.0918120e+01
   9.6693359e+02   3.0918120e+01
   9.6753906e+02   3.1158411e+01
   9.6814453e+02   3.1023826e+01
   9.6875000e+02   3.1023826e+01
   9.6935547e+02   3.1064102e+01
   9.6996094e+02   3.1074205e+01
   9.7056641e+02   3.1074205e+01
   9.7117187e+02   3.0915766e+01
   9.7177734e+02   3.0915766e+01
   9.7238281e+02   3.0938097e+01
   9.7298828e+02   3.0960116e+01
   9.7359375e+02   3.0960116e+01
   9.7419922e+02   3.0901825e+01
   9.7480469e+02   3.0901825e+01
   9.7541016e+02   3.0779031e+01
   9.7601562e+02   3.1025300e+01
   9.7662109e+02   3.1025300e+01
   9.7722656e+02   3.1051745e+01
   9.7783203e+02   3.1051745e+01
   9.7843750e+02   3.1377112e+01
   9.7904297e+02   3.1610087e+01
   9.7964844e+02   3.1610087e+01
   9.8025391e+02   3.1788008e+01
   9.8085937e+02   3.1872046e+01
   9.8146484e+02   3.1872046e+01
   9.8207031e+02   3.2081561e+01
   9.8267578e+02   3.2081561e+01
   9.8328125e+02   3.1929771e+01
   9.8388672e+02   3.2119777e+01
   9.8449219e+02   3.2119777e+01
   9.8509766e+02   3.2026621e+01
   9.8570312e+02   3.2026621e+01
   9.8630859e+02   3.2039060e+01
   9.8691406e+02   3.2016147e+01
   9.8751953e+02   3.2016147e+01
   9.8812500e+02   3.1973585e+01
   9.8873047e+02   3.1928660e+01
   9.8933594e+02   3.1928660e+01
   9.8994141e+02   3.1861216e+01
   9.9054687e+02   3.1861216e+01
   9.9115234e+02   3.1971934e+01
   9.9175781e+02   3.2012364e+01
   9.9236328e+02   3.2012364e+01
   9.9296875e+02   3.1917415e+01
   9.9357422e+02   3.1917415e+01
   9.9417969e+02   3.1932423e+01
   9.9478516e+02   3.1892456e+01
   9.9539062e+02   3.1892456e+01
   9.9599609e+02   3.1882737e+01
   9.9660156e+02   3.1882737e+01
   9.9720703e+02   3.1821168e+01
   9.9781250e+02   3.1721929e+01
   9.9841797e+02   3.1721929e+01
   9.9902344e+02   3.1749498e+01
   9.9962891e+02   3.1699680e+01
   1.0002344e+03   3.1699680e+01
   1.0008398e+03   3.1603211e+01
   1.0014453e+03   3.1603211e+01
   1.0020508e+03   3.1598192e+01
   1.0026562e+03   3.1589582e+01
   1.0032617e+03   3.1589582e+01
   1.0038672e+03   3.1654618e+01
   1.0044727e+03   3.1654618e+01
   1.0050781e+03   3.1518180e+01
   1.0056836e+03   3.1578434e+01
   1.0062891e+03   3.1578434e+01
   1.0068945e+03   3.1596139e+01
   1.0075000e+03   3.1596139e+01
   1.0081055e+03   3.1670883e+01
   1.0087109e+03   3.1474625e+01
   1.0093164e+03   3.1474625e+01
   1.0099219e+03   3.1542237e+01
   1.0105273e+03   3.1591180e+01
   1.0111328e+03   3.1591180e+01
   1.0117383e+03   3.1525797e+01
   1.0123437e+03   3.1525797e+01
   1.0129492e+03   3.1694377e+01
   1.0135547e+03   3.1578987e+01
   1.0141602e+03   3.1578987e+01
   1.0147656e+03   3.1542433e+01
   1.0153711e+03   3.1542433e+01
   1.0159766e+03   3.1589410e+01
   1.0165820e+03   3.1691975e+01
   1.0171875e+03   3.1691975e+01
   1.0177930e+03   3.1558775e+01
   1.0183984e+03   3.1558775e+01
   1.0190039e+03   3.1580047e+01
   1.0196094e+03   3.1617834e+01
   1.0202148e+03   3.1617834e+01
   1.0208203e+03   3.1488210e+01
   1.0214258e+03   3.1477213e+01
   1.0220312e+03   3.1477213e+01
   1.0226367e+03   3.1662064e+01
   1.0232422e+03   3.1662064e+01
   1.0238477e+03   3.1635704e+01
   1.0244531e+03   3.1591242e+01
   1.0250586e+03   3.1591242e+01
   1.0256641e+03   3.1614581e+01
   1.0262695e+03   3.1614581e+01
   1.0268750e+03   3.1606464e+01
   1.0274805e+03   3.1584388e+01
   1.0280859e+03   3.1584388e+01
   1.0286914e+03   3.1607089e+01
   1.0292969e+03   3.1607089e+01
   1.0299023e+03   3.1663142e+01
   1.0305078e+03   3.1784959e+01
   1.0311133e+03   3.1784959e+01
   1.0317187e+03   3.1691471e+01
   1.0323242e+03   3.1696637e+01
   1.0329297e+03   3.1696637e+01
   1.0335352e+03   3.1627780e+01
   1.0341406e+03   3.1627780e+01
   1.0347461e+03   3.1563768e+01
   1.0353516e+03   3.1628844e+01
   1.0359570e+03   3.1628844e+01
   1.0365625e+03   3.1651280e+01
   1.0371680e+03   3.1651280e+01
   1.0377734e+03   3.1698020e+01
   1.0383789e+03   3.1673008e+01
   1.0389844e+03   3.1673008e+01
   1.0395898e+03   3.1624080e+01
   1.0401953e+03   3.1624080e+01
   1.0408008e+03   3.1703904e+01
   1.0414062e+03   3.1740459e+01
   1.0420117e+03   3.1740459e+01
   1.0426172e+03   3.1665292e+01
   1.0432227e+03   3.1702983e+01
   1.0438281e+03   3.1702983e+01
   1.0444336e+03   3.1740820e+01
   1.0450391e+03   3.1740820e+01
   1.0456445e+03   3.1864255e+01
   1.0462500e+03   3.1807214e+01
   1.0468555e+03   3.1807214e+01
   1.0474609e+03   3.1647964e+01
   1.0480664e+03   3.1647964e+01
   1.0486719e+03   3.1628111e+01
   1.0492773e+03   3.1692337e+01
   1.0498828e+03   3.1692337e+01
   1.0504883e+03   3.1670516e+01
   1.0510937e+03   3.1596020e+01
   1.0516992e+03   3.1596020e+01
   1.0523047e+03   3.1678662e+01
   1.0529102e+03   3.1678662e+01
   1.0535156e+03   3.1652738e+01
   1.0541211e+03   3.1726297e+01
   1.0547266e+03   3.1726297e+01
   1.0553320e+03   3.1636700e+01
   1.0559375e+03   3.1636700e+01
   1.0565430e+03   3.1643930e+01
   1.0571484e+03   3.1723465e+01
   1.0577539e+03   3.1723465e+01
   1.0583594e+03   3.1684430e+01
   1.0589648e+03   3.1684430e+01
   1.0595703e+03   3.1651295e+01
   1.0601758e+03   3.1662515e+01
   1.0607812e+03   3.1662515e+01
   1.0613867e+03   3.1728374e+01
   1.0619922e+03   3.1780506e+01
   1.0625977e+03   3.1780506e+01
   1.0632031e+03   3.1759692e+01
   1.0638086e+03   3.1759692e+01
   1.0644141e+03   3.1682199e+01
   1.0650195e+03   3.1662969e+01
   1.0656250e+03   3.1662969e+01
   1.0662305e+03   3.1696087e+01
   1.0668359e+03   3.1696087e+01
   1.0674414e+03   3.1714882e+01
   1.0680469e+03   3.1605987e+01
   1.0686523e+03   3.1605987e+01
   1.0692578e+03   3.1666108e+01
   1.0698633e+03   3.1666108e+01
   1.0704687e+03   3.1600734e+01
   1.0710742e+03   3.1539428e+01
   1.0716797e+03   3.1539428e+01
   1.0722852e+03   3.1569458e+01
   1.0728906e+03   3.1729932e+01
   1.0734961e+03   3.1729932e+01
   1.0741016e+03   3.1753438e+01
   1.0747070e+03   3.1753438e+01
   1.0753125e+03   3.1755866e+01
   1.0759180e+03   3.1710714e+01
   1.0765234e+03   3.1710714e+01
   1.0771289e+03   3.1699747e+01
   1.0777344e+03   3.1699747e+01
   1.0783398e+03   3.1597005e+01
   1.0789453e+03   3.1368694e+01
   1.0795508e+03   3.1368694e+01
   1.0801562e+03   3.1446898e+01
   1.0807617e+03   3.1446898e+01
   1.0813672e+03   3.1486881e+01
   1.0819727e+03   3.1556059e+01
   1.0825781e+03   3.1556059e+01
   1.0831836e+03   3.1387534e+01
   1.0837891e+03   3.1567450e+01
   1.0843945e+03   3.1567450e+01
   1.0850000e+03   3.1544068e+01
   1.0856055e+03   3.1544068e+01
   1.0862109e+03   3.1637493e+01
   1.0868164e+03   3.1624544e+01
   1.0874219e+03   3.1624544e+01
   1.0880273e+03   3.1700507e+01
   1.0886328e+03   3.1700507e+01
   1.0892383e+03   3.1765346e+01
   1.0898437e+03   3.1830745e+01
   1.0904492e+03   3.1830745e+01
   1.0910547e+03   3.1901962e+01
   1.0916602e+03   3.1901962e+01
   1.0922656e+03   3.1905505e+01
   1.0928711e+03   3.1974127e+01
   1.0934766e+03   3.1974127e+01
   1.0940820e+03   3.2101900e+01
   1.0946875e+03   3.2067889e+01
   1.0952930e+03   3.2067889e+01
   1.0958984e+03   3.2106833e+01
   1.0965039e+03   3.2106833e+01
   1.0971094e+03   3.2250937e+01
   1.0977148e+03   3.2498688e+01
   1.0983203e+03   3.2498688e+01
   1.0989258e+03   3.2540500e+01
   1.0995312e+03   3.2540500e+01
   1.1001367e+03   3.1896581e+01
   1.1007422e+03   3.1389842e+01
   1.1013477e+03   3.1389842e+01
   1.1019531e+03   3.1096669e+01
   1.1025586e+03   3.0842045e+01
   1.1031641e+03   3.0842045e+01
   1.1037695e+03   3.0214258e+01
   1.1043750e+03   3.0214258e+01
   1.1049805e+03   3.0006155e+01
   1.1055859e+03   2.9663990e+01
   1.1061914e+03   2.9663990e+01
   1.1067969e+03   2.9469154e+01
   1.1074023e+03   2.9469154e+01
   1.1080078e+03   2.9331861e+01
   1.1086133e+03   2.8975624e+01
   1.1092187e+03   2.8975624e+01
   1.1098242e+03   2.8888485e+01
   1.1104297e+03   2.8888485e+01
   1.1110352e+03   2.8657371e+01
   1.1116406e+03   2.8552247e+01
   1.1122461e+03   2.8552247e+01
   1.1128516e+03   2.8209580e+01
   1.1134570e+03   2.8332803e+01
   1.1140625e+03   2.8332803e+01
   1.1146680e+03   2.8272433e+01
   1.1152734e+03   2.8272433e+01
   1.1158789e+03   2.8199572e+01
   1.1164844e+03   2.8205809e+01
   1.1170898e+03   2.8205809e+01
   1.1176953e+03   2.8094477e+01
   1.1183008e+03   2.8094477e+01
   1.1189062e+03   2.8105209e+01
   1.1195117e+03   2.7974374e+01
   1.1201172e+03   2.7974374e+01
   1.1207227e+03   2.7901988e+01
   1.1213281e+03   2.7901988e+01
   1.1219336e+03   2.7946063e+01
   1.1225391e+03   2.7870996e+01
   1.1231445e+03   2.7870996e+01
   1.1237500e+03   2.7844889e+01
   1.1243555e+03   2.7779884e+01
   1.1249609e+03   2.7779884e+01
   1.1255664e+03   2.7651427e+01
   1.1261719e+03   2.7651427e+01
   1.1267773e+03   2.7696441e+01
   1.1273828e+03   2.7724248e+01
   1.1279883e+03   2.7724248e+01
   1.1285937e+03   2.7569390e+01
   1.1291992e+03   2.7569390e+01
   1.1298047e+03   2.7560509e+01
   1.1304102e+03   2.7545257e+01
   1.1310156e+03   2.7545257e+01
   1.1316211e+03   2.7544925e+01
   1.1322266e+03   2.7544925e+01
   1.1328320e+03   2.7516033e+01
   1.1334375e+03   2.7459132e+01
   1.1340430e+03   2.7459132e+01
   1.1346484e+03   2.7453379e+01
   1.1352539e+03   2.7553503e+01
   1.1358594e+03   2.7553503e+01
   1.1364648e+03   2.7531069e+01
   1.1370703e+03   2.7531069e+01
   1.1376758e+03   2.7545329e+01
   1.1382812e+03   2.7352317e+01
   1.1388867e+03   2.7352317e+01
   1.1394922e+03   2.7223224e+01
   1.1400977e+03   2.7223224e+01
   1.1407031e+03   2.7218632e+01
   1.1413086e+03   2.7276340e+01
   1.1419141e+03   2.7276340e+01
   1.1425195e+03   2.7335354e+01
   1.1431250e+03   2.7335354e+01
   1.1437305e+03   2.7300323e+01
   1.1443359e+03   2.7322801e+01
   1.1449414e+03   2.7322801e+01
   1.1455469e+03   2.7154202e+01
   1.1461523e+03   2.7200079e+01
   1.1467578e+03   2.7200079e+01
   1.1473633e+03   2.7225411e+01
   1.1479687e+03   2.7225411e+01
   1.1485742e+03   2.7145736e+01
   1.1491797e+03   2.7219980e+01
   1.1497852e+03   2.7219980e+01
   1.1503906e+03   2.7078795e+01
   1.1509961e+03   2.7078795e+01
   1.1516016e+03   2.7121351e+01
   1.1522070e+03   2.6849140e+01
   1.1528125e+03   2.6849140e+01
   1.1534180e+03   2.6769031e+01
   1.1540234e+03   2.6892143e+01
   1.1546289e+03   2.6892143e+01
   1.1552344e+03   2.6865102e+01
   1.1558398e+03   2.6865102e+01
   1.1564453e+03   2.6804939e+01
   1.1570508e+03   2.6891574e+01
   1.1576562e+03   2.6891574e+01
   1.1582617e+03   2.6889701e+01
   1.1588672e+03   2.6889701e+01
   1.1594727e+03   2.6975292e+01
   1.1600781e+03   2.2628732e+01
   1.1606836e+03   2.2628732e+01
   1.1612891e+03   2.3440905e+01
   1.1618945e+03   2.3440905e+01
   1.1625000e+03   2.1358224e+01
   1.1631055e+03   2.1294863e+01
   1.1637109e+03   2.1294863e+01
   1.1643164e+03   2.1813835e+01
   1.1649219e+03   2.5895448e+01
   1.1655273e+03   2.5895448e+01
   1.1661328e+03   2.6497459e+01
   1.1667383e+03   2.6497459e+01
   1.1673437e+03   2.6459324e+01
   1.1679492e+03   2.7237689e+01
   1.1685547e+03   2.7237689e+01
   1.1691602e+03   2.7296475e+01
   1.1697656e+03   2.7296475e+01
   1.1703711e+03   2.7170971e+01
   1.1709766e+03   2.7056195e+01
   1.1715820e+03   2.7056195e+01
   1.1721875e+03   2.7122046e+01
   1.1727930e+03   2.7122046e+01
   1.1733984e+03   2.7412357e+01
   1.1740039e+03   2.7333215e+01
   1.1746094e+03   2.7333215e+01
   1.1752148e+03   2.7268919e+01
   1.1758203e+03   2.7164949e+01
   1.1764258e+03   2.7164949e+01
   1.1770312e+03   2.7206776e+01
   1.1776367e+03   2.7206776e+01
   1.1782422e+03   2.7343530e+01
   1.1788477e+03   2.7387835e+01
   1.1794531e+03   2.7387835e+01
   1.1800586e+03   2.7362012e+01
   1.1806641e+03   2.7362012e+01
   1.1812695e+03   2.7375419e+01
   1.1818750e+03   2.7406707e+01
   1.1824805e+03   2.7406707e+01
   1.1830859e+03   2.7364454e+01
   1.1836914e+03   2.7364454e+01
   1.1842969e+03   2.7336322e+01
   1.1849023e+03   2.7435443e+01
   1.1855078e+03   2.7435443e+01
   1.1861133e+03   2.7240161e+01
   1.1867187e+03   2.7398384e+01
   1.1873242e+03   2.7398384e+01
   1.1879297e+03   2.7332012e+01
   1.1885352e+03   2.7332012e+01
   1.1891406e+03   2.7409571e+01
   1.1897461e+03   2.7431753e+01
   1.1903516e+03   2.7431753e+01
   1.1909570e+03   2.7432796e+01
   1.1915625e+03   2.7432796e+01
   1.1921680e+03   2.7434012e+01
   1.1927734e+03   2.7399461e+01
   1.1933789e+03   2.7399461e+01
   1.1939844e+03   2.7445902e+01
   1.1945898e+03   2.7445902e+01
   1.1951953e+03   2.7285436e+01
   1.1958008e+03   2.7472772e+01
   1.1964062e+03   2.7472772e+01
   1.1970117e+03   2.7501436e+01
   1.1976172e+03   2.7613957e+01
   1.1982227e+03   2.7613957e+01
   1.1988281e+03   2.7518328e+01
   1.1994336e+03   2.7518328e+01
   1.2000391e+03   2.7489104e+01
   1.2006445e+03   2.7461092e+01
   1.2012500e+03   2.7461092e+01
   1.2018555e+03   2.7478616e+01
   1.2024609e+03   2.7478616e+01
   1.2030664e+03   2.7443926e+01
   1.2036719e+03   2.7380768e+01
   1.2042773e+03   2.7380768e+01
   1.2048828e+03   2.7215821e+01
   1.2054883e+03   2.7297683e+01
   1.2060937e+03   2.7297683e+01
   1.2066992e+03   2.7335535e+01
   1.2073047e+03   2.7335535e+01
   1.2079102e+03   2.7343890e+01
   1.2085156e+03   2.7272795e+01
   1.2091211e+03   2.7272795e+01
   1.2097266e+03   2.7330187e+01
   1.2103320e+03   2.7330187e+01
   1.2109375e+03   2.7408175e+01
   1.2115430e+03   2.7421960e+01
   1.2121484e+03   2.7421960e+01
   1.2127539e+03   2.7426574e+01
   1.2133594e+03   2.7426574e+01
   1.2139648e+03   2.7407903e+01
   1.2145703e+03   2.7397953e+01
   1.2151758e+03   2.7397953e+01
   1.2157812e+03   2.7210845e+01
   1.2163867e+03   2.7346565e+01
   1.2169922e+03   2.7346565e+01
   1.2175977e+03   2.7364497e+01
   1.2182031e+03   2.7364497e+01
   1.2188086e+03   2.7440302e+01
   1.2194141e+03   2.7656466e+01
   1.2200195e+03   2.7656466e+01
   1.2206250e+03   2.7827322e+01
   1.2212305e+03   2.7827322e+01
   1.2218359e+03   2.7885120e+01
   1.2224414e+03   2.7968163e+01
   1.2230469e+03   2.7968163e+01
   1.2236523e+03   2.7991913e+01
   1.2242578e+03   2.7991913e+01
   1.2248633e+03   2.7993146e+01
   1.2254687e+03   2.7860422e+01
   1.2260742e+03   2.7860422e+01
   1.2266797e+03   2.7971400e+01
   1.2272852e+03   2.7936324e+01
   1.2278906e+03   2.7936324e+01
   1.2284961e+03   2.7999938e+01
   1.2291016e+03   2.7999938e+01
   1.2297070e+03   2.8034415e+01
   1.2303125e+03   2.7955514e+01
   1.2309180e+03   2.7955514e+01
   1.2315234e+03   2.8093103e+01
   1.2321289e+03   2.8093103e+01
   1.2327344e+03   2.8118756e+01
   1.2333398e+03   2.8125285e+01
   1.2339453e+03   2.8125285e+01
   1.2345508e+03   2.8134294e+01
   1.2351562e+03   2.8134294e+01
   1.2357617e+03   2.8106867e+01
   1.2363672e+03   2.7453696e+01
   1.2369727e+03   2.7453696e+01
   1.2375781e+03   2.8311173e+01
   1.2381836e+03   2.8396524e+01
   1.2387891e+03   2.8396524e+01
   1.2393945e+03   2.8250809e+01
   1.2400000e+03   2.8250809e+01
   1.2406055e+03   2.8356578e+01
   1.2412109e+03   2.8387895e+01
   1.2418164e+03   2.8387895e+01
   1.2424219e+03   2.8331060e+01
   1.2430273e+03   2.8331060e+01
   1.2436328e+03   2.8405346e+01
   1.2442383e+03   2.8306675e+01
   1.2448437e+03   2.8306675e+01
   1.2454492e+03   2.8195307e+01
   1.2460547e+03   2.8195307e+01
   1.2466602e+03   2.8241194e+01
   1.2472656e+03   2.8183855e+01
   1.2478711e+03   2.8183855e+01
   1.2484766e+03   2.8228020e+01
   1.2490820e+03   2.8232307e+01
   1.2496875e+03   2.8232307e+01
   1.2502930e+03   2.8248275e+01
   1.2508984e+03   2.8248275e+01
   1.2515039e+03   2.8183321e+01
   1.2521094e+03   2.8218712e+01
   1.2527148e+03   2.8218712e+01
   1.2533203e+03   2.8245040e+01
   1.2539258e+03   2.8245040e+01
   1.2545312e+03   2.8167507e+01
   1.2551367e+03   2.8262753e+01
   1.2557422e+03   2.8262753e+01
   1.2563477e+03   2.8279044e+01
   1.2569531e+03   2.8321896e+01
   1.2575586e+03   2.8321896e+01
   1.2581641e+03   2.8137366e+01
   1.2587695e+03   2.8137366e+01
   1.2593750e+03   2.8233338e+01
   1.2599805e+03   2.8212797e+01
   1.2605859e+03   2.8212797e+01
   1.2611914e+03   2.8226500e+01
   1.2617969e+03   2.8226500e+01
   1.2624023e+03   2.8259368e+01
   1.2630078e+03   2.8314714e+01
   1.2636133e+03   2.8314714e+01
   1.2642187e+03   2.8386176e+01
   1.2648242e+03   2.8386176e+01
   1.2654297e+03   2.8312800e+01
   1.2660352e+03   2.8237154e+01
   1.2666406e+03   2.8237154e+01
   1.2672461e+03   2.8334534e+01
   1.2678516e+03   2.8309755e+01
   1.2684570e+03   2.8309755e+01
   1.2690625e+03   2.8137421e+01
   1.2696680e+03   2.8137421e+01
   1.2702734e+03   2.8168533e+01
   1.2708789e+03   2.8210247e+01
   1.2714844e+03   2.8210247e+01
   1.2720898e+03   2.8178040e+01
   1.2726953e+03   2.8178040e+01
   1.2733008e+03   2.8193868e+01
   1.2739062e+03   2.8239879e+01
   1.2745117e+03   2.8239879e+01
   1.2751172e+03   2.8220835e+01
   1.2757227e+03   2.8220835e+01
   1.2763281e+03   2.8252144e+01
   1.2769336e+03   2.8184165e+01
   1.2775391e+03   2.8184165e+01
   1.2781445e+03   2.8309763e+01
   1.2787500e+03   2.8422151e+01
   1.2793555e+03   2.8422151e+01
   1.2799609e+03   2.8393352e+01
   1.2805664e+03   2.8393352e+01
   1.2811719e+03   2.8333944e+01
   1.2817773e+03   2.8387377e+01
   1.2823828e+03   2.8387377e+01
   1.2829883e+03   2.8349727e+01
   1.2835937e+03   2.8349727e+01
   1.2841992e+03   2.8482273e+01
   1.2848047e+03   2.8375038e+01
   1.2854102e+03   2.8375038e+01
   1.2860156e+03   2.8281496e+01
   1.2866211e+03   2.8281496e+01
   1.2872266e+03   2.8274922e+01
   1.2878320e+03   2.8179484e+01
   1.2884375e+03   2.8179484e+01
   1.2890430e+03   2.8127747e+01
   1.2896484e+03   2.8135160e+01
   1.2902539e+03   2.8135160e+01
   1.2908594e+03   2.7983215e+01
   1.2914648e+03   2.7983215e+01
   1.2920703e+03   2.7997612e+01
   1.2926758e+03   2.8036354e+01
   1.2932812e+03   2.8036354e+01
   1.2938867e+03   2.8058823e+01
   1.2944922e+03   2.8058823e+01
   1.2950977e+03   2.8138925e+01
   1.2957031e+03   2.8201609e+01
   1.2963086e+03   2.8201609e+01
   1.2969141e+03   2.8253997e+01
   1.2975195e+03   2.8253997e+01
   1.2981250e+03   2.8064175e+01
   1.2987305e+03   2.8232306e+01
   1.2993359e+03   2.8232306e+01
   1.2999414e+03   2.8262956e+01
   1.3005469e+03   2.8227172e+01
   1.3011523e+03   2.8227172e+01
   1.3017578e+03   2.8222484e+01
   1.3023633e+03   2.8222484e+01
   1.3029687e+03   2.8162322e+01
   1.3035742e+03   2.8019736e+01
   1.3041797e+03   2.8019736e+01
   1.3047852e+03   2.7941879e+01
   1.3053906e+03   2.7941879e+01
   1.3059961e+03   2.7923519e+01
   1.3066016e+03   2.7448618e+01
   1.3072070e+03   2.7448618e+01
   1.3078125e+03   2.7657967e+01
   1.3084180e+03   2.7555871e+01
   1.3090234e+03   2.7555871e+01
   1.3096289e+03   2.7553960e+01
   1.3102344e+03   2.7553960e+01
   1.3108398e+03   2.7519986e+01
   1.3114453e+03   2.7500758e+01
   1.3120508e+03   2.7500758e+01
   1.3126562e+03   2.7566499e+01
   1.3132617e+03   2.7566499e+01
   1.3138672e+03   2.7469644e+01
   1.3144727e+03   2.7474294e+01
   1.3150781e+03   2.7474294e+01
   1.3156836e+03   2.7379982e+01
   1.3162891e+03   2.7379982e+01
   1.3168945e+03   2.7438483e+01
   1.3175000e+03   2.7340190e+01
   1.3181055e+03   2.7340190e+01
   1.3187109e+03   2.7322628e+01
   1.3193164e+03   2.7299312e+01
   1.3199219e+03   2.7299312e+01
   1.3205273e+03   2.7226337e+01
   1.3211328e+03   2.7226337e+01
   1.3217383e+03   2.7196679e+01
   1.3223437e+03   2.7200763e+01
   1.3229492e+03   2.7200763e+01
   1.3235547e+03   2.7210415e+01
   1.3241602e+03   2.7210415e+01
   1.3247656e+03   2.7171401e+01
   1.3253711e+03   2.7100684e+01
   1.3259766e+03   2.7100684e+01
   1.3265820e+03   2.7097094e+01
   1.3271875e+03   2.7097094e+01
   1.3277930e+03   2.7093571e+01
   1.3283984e+03   2.7062493e+01
   1.3290039e+03   2.7062493e+01
   1.3296094e+03   2.6997755e+01
   1.3302148e+03   2.7029880e+01
   1.3308203e+03   2.7029880e+01
   1.3314258e+03   2.6926819e+01
   1.3320312e+03   2.6926819e+01
   1.3326367e+03   2.7075817e+01
   1.3332422e+03   2.7012278e+01
   1.3338477e+03   2.7012278e+01
   1.3344531e+03   2.7000271e+01
   1.3350586e+03   2.7000271e+01
   1.3356641e+03   2.6952059e+01
   1.3362695e+03   2.6975472e+01
   1.3368750e+03   2.6975472e+01
   1.3374805e+03   2.6971429e+01
   1.3380859e+03   2.6971429e+01
   1.3386914e+03   2.6763834e+01
   1.3392969e+03   2.6913698e+01
   1.3399023e+03   2.6913698e+01
   1.3405078e+03   2.6843460e+01
   1.3411133e+03   2.6857080e+01
   1.3417187e+03   2.6857080e+01
   1.3423242e+03   2.6893916e+01
   1.3429297e+03   2.6893916e+01
   1.3435352e+03   2.6904991e+01
   1.3441406e+03   2.6770395e+01
   1.3447461e+03   2.6770395e+01
   1.3453516e+03   2.6868405e+01
   1.3459570e+03   2.6868405e+01
   1.3465625e+03   2.6865341e+01
   1.3471680e+03   2.6842374e+01
   1.3477734e+03   2.6842374e+01
   1.3483789e+03   2.6892257e+01
   1.3489844e+03   2.6892257e+01
   1.3495898e+03   2.6889252e+01
   1.3501953e+03   2.6866699e+01
   1.3508008e+03   2.6866699e+01
   1.3514062e+03   2.6889931e+01
   1.3520117e+03   2.6915223e+01
   1.3526172e+03   2.6915223e+01
   1.3532227e+03   2.6850960e+01
   1.3538281e+03   2.6850960e+01
   1.3544336e+03   2.6861173e+01
   1.3550391e+03   2.6796228e+01
   1.3556445e+03   2.6796228e+01
   1.3562500e+03   2.6795490e+01
   1.3568555e+03   2.6795490e+01
   1.3574609e+03   2.6773267e+01
   1.3580664e+03   2.6748100e+01
   1.3586719e+03   2.6748100e+01
   1.3592773e+03   2.6712200e+01
   1.3598828e+03   2.6772463e+01
   1.3604883e+03   2.6772463e+01
   1.3610937e+03   2.6755859e+01
   1.3616992e+03   2.6755859e+01
   1.3623047e+03   2.6755204e+01
   1.3629102e+03   2.6744564e+01
   1.3635156e+03   2.6744564e+01
   1.3641211e+03   2.6749057e+01
   1.3647266e+03   2.6749057e+01
   1.3653320e+03   2.6767838e+01
   1.3659375e+03   2.6686727e+01
   1.3665430e+03   2.6686727e+01
   1.3671484e+03   2.6685775e+01
   1.3677539e+03   2.6685775e+01
   1.3683594e+03   2.6733273e+01
   1.3689648e+03   2.6734284e+01
   1.3695703e+03   2.6734284e+01
   1.3701758e+03   2.6651184e+01
   1.3707812e+03   2.6659315e+01
   1.3713867e+03   2.6659315e+01
   1.3719922e+03   2.6633810e+01
   1.3725977e+03   2.6633810e+01
   1.3732031e+03   2.6764271e+01
   1.3738086e+03   2.6850090e+01
   1.3744141e+03   2.6850090e+01
   1.3750195e+03   2.6869190e+01
   1.3756250e+03   2.6869190e+01
   1.3762305e+03   2.6725744e+01
   1.3768359e+03   2.6658757e+01
   1.3774414e+03   2.6658757e+01
   1.3780469e+03   2.6614558e+01
   1.3786523e+03   2.6614558e+01
   1.3792578e+03   2.6561313e+01
   1.3798633e+03   2.6527705e+01
   1.3804687e+03   2.6527705e+01
   1.3810742e+03   2.6637175e+01
   1.3816797e+03   2.6608711e+01
   1.3822852e+03   2.6608711e+01
   1.3828906e+03   2.6441411e+01
   1.3834961e+03   2.6441411e+01
   1.3841016e+03   2.6504181e+01
   1.3847070e+03   2.6545640e+01
   1.3853125e+03   2.6545640e+01
   1.3859180e+03   2.6545616e+01
   1.3865234e+03   2.6545616e+01
   1.3871289e+03   2.6524013e+01
   1.3877344e+03   2.6510599e+01
   1.3883398e+03   2.6510599e+01
   1.3889453e+03   2.6535303e+01
   1.3895508e+03   2.6535303e+01
   1.3901562e+03   2.6578131e+01
   1.3907617e+03   2.6382711e+01
   1.3913672e+03   2.6382711e+01
   1.3919727e+03   2.6480390e+01
   1.3925781e+03   2.6419815e+01
   1.3931836e+03   2.6419815e+01
   1.3937891e+03   2.6350376e+01
   1.3943945e+03   2.6350376e+01
   1.3950000e+03   2.6445360e+01
   1.3956055e+03   2.6490854e+01
   1.3962109e+03   2.6490854e+01
   1.3968164e+03   2.6524936e+01
   1.3974219e+03   2.6524936e+01
   1.3980273e+03   2.6461293e+01
   1.3986328e+03   2.6426027e+01
   1.3992383e+03   2.6426027e+01
   1.3998437e+03   2.6456425e+01
   1.4004492e+03   2.6456425e+01
   1.4010547e+03   2.6412222e+01
   1.4016602e+03   2.6544069e+01
   1.4022656e+03   2.6544069e+01
   1.4028711e+03   2.6501919e+01
   1.4034766e+03   2.6567879e+01
   1.4040820e+03   2.6567879e+01
   1.4046875e+03   2.6530922e+01
   1.4052930e+03   2.6530922e+01
   1.4058984e+03   2.6514155e+01
   1.4065039e+03   2.6459363e+01
   1.4071094e+03   2.6459363e+01
   1.4077148e+03   2.6533081e+01
   1.4083203e+03   2.6533081e+01
   1.4089258e+03   2.6467756e+01
   1.4095312e+03   2.6482260e+01
   1.4101367e+03   2.6482260e+01
   1.4107422e+03   2.6393086e+01
   1.4113477e+03   2.6435955e+01
   1.4119531e+03   2.6435955e+01
   1.4125586e+03   2.6412163e+01
   1.4131641e+03   2.6412163e+01
   1.4137695e+03   2.6377602e+01
   1.4143750e+03   2.6413662e+01
   1.4149805e+03   2.6413662e+01
   1.4155859e+03   2.6389983e+01
   1.4161914e+03   2.6389983e+01
   1.4167969e+03   2.6365955e+01
   1.4174023e+03   2.6369462e+01
   1.4180078e+03   2.6369462e+01
   1.4186133e+03   2.6248864e+01
   1.4192187e+03   2.6248864e+01
   1.4198242e+03   2.6310883e+01
   1.4204297e+03   2.6323659e+01
   1.4210352e+03   2.6323659e+01
   1.4216406e+03   2.6333198e+01
   1.4222461e+03   2.6339340e+01
   1.4228516e+03   2.6339340e+01
   1.4234570e+03   2.6283738e+01
   1.4240625e+03   2.6283738e+01
   1.4246680e+03   2.6362560e+01
   1.4252734e+03   2.6265148e+01
   1.4258789e+03   2.6265148e+01
   1.4264844e+03   2.6290045e+01
   1.4270898e+03   2.6290045e+01
   1.4276953e+03   2.6326468e+01
   1.4283008e+03   2.6305680e+01
   1.4289062e+03   2.6305680e+01
   1.4295117e+03   2.6222145e+01
   1.4301172e+03   2.6222145e+01
   1.4307227e+03   2.6154911e+01
   1.4313281e+03   2.6069904e+01
   1.4319336e+03   2.6069904e+01
   1.4325391e+03   2.6083722e+01
   1.4331445e+03   2.5936046e+01
   1.4337500e+03   2.5936046e+01
   1.4343555e+03   2.6049412e+01
   1.4349609e+03   2.6049412e+01
   1.4355664e+03   2.6080926e+01
   1.4361719e+03   2.6014656e+01
   1.4367773e+03   2.6014656e+01
   1.4373828e+03   2.6021374e+01
   1.4379883e+03   2.6021374e+01
   1.4385937e+03   2.5908041e+01
   1.4391992e+03   2.5866999e+01
   1.4398047e+03   2.5866999e+01
   1.4404102e+03   2.5940653e+01
   1.4410156e+03   2.5940653e+01
   1.4416211e+03   2.5881105e+01
   1.4422266e+03   2.5862914e+01
   1.4428320e+03   2.5862914e+01
   1.4434375e+03   2.5856668e+01
   1.4440430e+03   2.5929506e+01
   1.4446484e+03   2.5929506e+01
   1.4452539e+03   2.5859126e+01
   1.4458594e+03   2.5859126e+01
   1.4464648e+03   2.5963634e+01
   1.4470703e+03   2.5923547e+01
   1.4476758e+03   2.5923547e+01
   1.4482812e+03   2.5933628e+01
   1.4488867e+03   2.5933628e+01
   1.4494922e+03   2.5943980e+01
   1.4500977e+03   2.5906326e+01
   1.4507031e+03   2.5906326e+01
   1.4513086e+03   2.5921075e+01
   1.4519141e+03   2.5921075e+01
   1.4525195e+03   2.5803884e+01
   1.4531250e+03   2.5805071e+01
   1.4537305e+03   2.5805071e+01
   1.4543359e+03   2.5825483e+01
   1.4549414e+03   2.5750107e+01
   1.4555469e+03   2.5750107e+01
   1.4561523e+03   2.5639144e+01
   1.4567578e+03   2.5639144e+01
   1.4573633e+03   2.5758007e+01
   1.4579687e+03   2.5801339e+01
   1.4585742e+03   2.5801339e+01
   1.4591797e+03   2.5797655e+01
   1.4597852e+03   2.5797655e+01
   1.4603906e+03   2.5879349e+01
   1.4609961e+03   2.5958881e+01
   1.4616016e+03   2.5958881e+01
   1.4622070e+03   2.5835127e+01
   1.4628125e+03   2.5828951e+01
   1.4634180e+03   2.5828951e+01
   1.4640234e+03   2.5820186e+01
   1.4646289e+03   2.5820186e+01
   1.4652344e+03   2.5837448e+01
   1.4658398e+03   2.5810038e+01
   1.4664453e+03   2.5810038e+01
   1.4670508e+03   2.5869098e+01
   1.4676562e+03   2.5869098e+01
   1.4682617e+03   2.5918741e+01
   1.4688672e+03   2.5890399e+01
   1.4694727e+03   2.5890399e+01
   1.4700781e+03   2.5822008e+01
   1.4706836e+03   2.5822008e+01
   1.4712891e+03   2.5874318e+01
   1.4718945e+03   2.6093954e+01
   1.4725000e+03   2.6093954e+01
   1.4731055e+03   2.6566051e+01
   1.4737109e+03   2.6883754e+01
   1.4743164e+03   2.6883754e+01
   1.4749219e+03   2.7126769e+01
   1.4755273e+03   2.7126769e+01
   1.4761328e+03   2.7363426e+01
   1.4767383e+03   2.7606616e+01
   1.4773437e+03   2.7606616e+01
   1.4779492e+03   2.7790733e+01
   1.4785547e+03   2.7790733e+01
   1.4791602e+03   2.7877948e+01
   1.4797656e+03   2.8020966e+01
   1.4803711e+03   2.8020966e+01
   1.4809766e+03   2.8122841e+01
   1.4815820e+03   2.8122841e+01
   1.4821875e+03   2.8158995e+01
   1.4827930e+03   2.8174680e+01
   1.4833984e+03   2.8174680e+01
   1.4840039e+03   2.8301433e+01
   1.4846094e+03   2.8402502e+01
   1.4852148e+03   2.8402502e+01
   1.4858203e+03   2.8507547e+01
   1.4864258e+03   2.8507547e+01
   1.4870312e+03   2.8454385e+01
   1.4876367e+03   2.8462962e+01
   1.4882422e+03   2.8462962e+01
   1.4888477e+03   2.8572498e+01
   1.4894531e+03   2.8572498e+01
   1.4900586e+03   2.8458169e+01
   1.4906641e+03   2.8532214e+01
   1.4912695e+03   2.8532214e+01
   1.4918750e+03   2.8644555e+01
   1.4924805e+03   2.8644555e+01
   1.4930859e+03   2.8731193e+01
   1.4936914e+03   2.8763507e+01
   1.4942969e+03   2.8763507e+01
   1.4949023e+03   2.8695453e+01
   1.4955078e+03   2.8784622e+01
   1.4961133e+03   2.8784622e+01
   1.4967187e+03   2.8707351e+01
   1.4973242e+03   2.8707351e+01
   1.4979297e+03   2.8736660e+01
   1.4985352e+03   2.8796878e+01
   1.4991406e+03   2.8796878e+01
   1.4997461e+03   2.8865473e+01
   1.5003516e+03   2.8865473e+01
   1.5009570e+03   2.8781643e+01
   1.5015625e+03   2.8853097e+01
   1.5021680e+03   2.8853097e+01
   1.5027734e+03   2.8851564e+01
   1.5033789e+03   2.8851564e+01
   1.5039844e+03   2.8893838e+01
   1.5045898e+03   2.8859124e+01
   1.5051953e+03   2.8859124e+01
   1.5058008e+03   2.8911904e+01
   1.5064062e+03   2.8879972e+01
   1.5070117e+03   2.8879972e+01
   1.5076172e+03   2.8942828e+01
   1.5082227e+03   2.8942828e+01
   1.5088281e+03   2.8947883e+01
   1.5094336e+03   2.9070750e+01
   1.5100391e+03   2.9070750e+01
   1.5106445e+03   2.8994844e+01
   1.5112500e+03   2.8994844e+01
   1.5118555e+03   2.8973372e+01
   1.5124609e+03   2.9063979e+01
   1.5130664e+03   2.9063979e+01
   1.5136719e+03   2.9088081e+01
   1.5142773e+03   2.9140433e+01
   1.5148828e+03   2.9140433e+01
   1.5154883e+03   2.9102662e+01
   1.5160937e+03   2.9102662e+01
   1.5166992e+03   2.9164745e+01
   1.5173047e+03   2.9145797e+01
   1.5179102e+03   2.9145797e+01
   1.5185156e+03   2.9117271e+01
   1.5191211e+03   2.9117271e+01
   1.5197266e+03   2.9066628e+01
   1.5203320e+03   2.9065685e+01
   1.5209375e+03   2.9065685e+01
   1.5215430e+03   2.8995547e+01
   1.5221484e+03   2.8995547e+01
   1.5227539e+03   2.8984198e+01
   1.5233594e+03   2.9140988e+01
   1.5239648e+03   2.9140988e+01
   1.5245703e+03   2.9161336e+01
   1.5251758e+03   2.9045525e+01
   1.5257812e+03   2.9045525e+01
   1.5263867e+03   2.9060426e+01
   1.5269922e+03   2.9060426e+01
   1.5275977e+03   2.9064344e+01
   1.5282031e+03   2.9131978e+01
   1.5288086e+03   2.9131978e+01
   1.5294141e+03   2.9097949e+01
   1.5300195e+03   2.9097949e+01
   1.5306250e+03   2.9059877e+01
   1.5312305e+03   2.9080526e+01
   1.5318359e+03   2.9080526e+01
   1.5324414e+03   2.9070911e+01
   1.5330469e+03   2.9070911e+01
   1.5336523e+03   2.9112211e+01
   1.5342578e+03   2.9174511e+01
   1.5348633e+03   2.9174511e+01
   1.5354687e+03   2.9031431e+01
   1.5360742e+03   2.9191855e+01
   1.5366797e+03   2.9191855e+01
   1.5372852e+03   2.9146439e+01
   1.5378906e+03   2.9146439e+01
   1.5384961e+03   2.9183842e+01
   1.5391016e+03   2.9267632e+01
   1.5397070e+03   2.9267632e+01
   1.5403125e+03   2.9223281e+01
   1.5409180e+03   2.9223281e+01
   1.5415234e+03   2.9232860e+01
   1.5421289e+03   2.9010806e+01
   1.5427344e+03   2.9010806e+01
   1.5433398e+03   2.8913383e+01
   1.5439453e+03   2.8913383e+01
   1.5445508e+03   2.8947005e+01
   1.5451562e+03   2.8985541e+01
   1.5457617e+03   2.8985541e+01
   1.5463672e+03   2.8970698e+01
   1.5469727e+03   2.9026491e+01
   1.5475781e+03   2.9026491e+01
   1.5481836e+03   2.9087358e+01
   1.5487891e+03   2.9087358e+01
   1.5493945e+03   2.9159368e+01
   1.5500000e+03   2.9072240e+01
   1.5506055e+03   2.9072240e+01
   1.5512109e+03   2.9131692e+01
   1.5518164e+03   2.9131692e+01
   1.5524219e+03   2.9249530e+01
   1.5530273e+03   2.9269758e+01
   1.5536328e+03   2.9269758e+01
   1.5542383e+03   2.9174750e+01
   1.5548437e+03   2.9174750e+01
   1.5554492e+03   2.9315626e+01
   1.5560547e+03   2.9276955e+01
   1.5566602e+03   2.9276955e+01
   1.5572656e+03   2.9194502e+01
   1.5578711e+03   2.9205495e+01
   1.5584766e+03   2.9205495e+01
   1.5590820e+03   2.9070006e+01
   1.5596875e+03   2.9070006e+01
   1.5602930e+03   2.9302490e+01
   1.5608984e+03   2.9132834e+01
   1.5615039e+03   2.9132834e+01
   1.5621094e+03   2.9212286e+01
   1.5627148e+03   2.9212286e+01
   1.5633203e+03   2.9194701e+01
   1.5639258e+03   2.9135159e+01
   1.5645312e+03   2.9135159e+01
   1.5651367e+03   2.9202637e+01
   1.5657422e+03   2.9146612e+01
   1.5663477e+03   2.9146612e+01
   1.5669531e+03   2.9157605e+01
   1.5675586e+03   2.9157605e+01
   1.5681641e+03   2.9093895e+01
   1.5687695e+03   2.9010391e+01
   1.5693750e+03   2.9010391e+01
   1.5699805e+03   2.8988113e+01
   1.5705859e+03   2.8988113e+01
   1.5711914e+03   2.8897111e+01
   1.5717969e+03   2.8906221e+01
   1.5724023e+03   2.8906221e+01
   1.5730078e+03   2.8982952e+01
   1.5736133e+03   2.8982952e+01
   1.5742187e+03   2.9035407e+01
   1.5748242e+03   2.8735657e+01
   1.5754297e+03   2.8735657e+01
   1.5760352e+03   2.8804940e+01
   1.5766406e+03   2.8892067e+01
   1.5772461e+03   2.8892067e+01
   1.5778516e+03   2.8608785e+01
   1.5784570e+03   2.8608785e+01
   1.5790625e+03   2.8647208e+01
   1.5796680e+03   2.8733424e+01
   1.5802734e+03   2.8733424e+01
   1.5808789e+03   2.8814804e+01
   1.5814844e+03   2.8814804e+01
   1.5820898e+03   2.8789210e+01
   1.5826953e+03   2.8683032e+01
   1.5833008e+03   2.8683032e+01
   1.5839062e+03   2.8802771e+01
   1.5845117e+03   2.8802771e+01
   1.5851172e+03   2.8801898e+01
   1.5857227e+03   2.8704721e+01
   1.5863281e+03   2.8704721e+01
   1.5869336e+03   2.8732568e+01
   1.5875391e+03   2.8790819e+01
   1.5881445e+03   2.8790819e+01
   1.5887500e+03   2.8699516e+01
   1.5893555e+03   2.8699516e+01
   1.5899609e+03   2.8665356e+01
   1.5905664e+03   2.8491016e+01
   1.5911719e+03   2.8491016e+01
   1.5917773e+03   2.8636350e+01
   1.5923828e+03   2.8636350e+01
   1.5929883e+03   2.8443838e+01
   1.5935937e+03   2.8495419e+01
   1.5941992e+03   2.8495419e+01
   1.5948047e+03   2.8046823e+01
   1.5954102e+03   2.8046823e+01
   1.5960156e+03   2.8007652e+01
   1.5966211e+03   2.8059231e+01
   1.5972266e+03   2.8059231e+01
   1.5978320e+03   2.8325938e+01
   1.5984375e+03   2.8229691e+01
   1.5990430e+03   2.8229691e+01
   1.5996484e+03   2.7794644e+01
   1.6002539e+03   2.7794644e+01
   1.6008594e+03   2.7403994e+01
   1.6014648e+03   2.7042156e+01
   1.6020703e+03   2.7042156e+01
   1.6026758e+03   2.6709525e+01
   1.6032812e+03   2.6709525e+01
   1.6038867e+03   2.6462995e+01
   1.6044922e+03   2.6363831e+01
   1.6050977e+03   2.6363831e+01
   1.6057031e+03   2.6141817e+01
   1.6063086e+03   2.6141817e+01
   1.6069141e+03   2.6078859e+01
   1.6075195e+03   2.5973101e+01
   1.6081250e+03   2.5973101e+01
   1.6087305e+03   2.5859290e+01
   1.6093359e+03   2.5647065e+01
   1.6099414e+03   2.5647065e+01
   1.6105469e+03   2.5471179e+01
   1.6111523e+03   2.5471179e+01
   1.6117578e+03   2.5420562e+01
   1.6123633e+03   2.5240274e+01
   1.6129687e+03   2.5240274e+01
   1.6135742e+03   2.5217959e+01
   1.6141797e+03   2.5217959e+01
   1.6147852e+03   2.5108611e+01
   1.6153906e+03   2.5109816e+01
   1.6159961e+03   2.5109816e+01
   1.6166016e+03   2.5041192e+01
   1.6172070e+03   2.4960315e+01
   1.6178125e+03   2.4960315e+01
   1.6184180e+03   2.4837490e+01
   1.6190234e+03   2.4837490e+01
   1.6196289e+03   2.4882532e+01
   1.6202344e+03   2.4893941e+01
   1.6208398e+03   2.4893941e+01
   1.6214453e+03   2.4859593e+01
   1.6220508e+03   2.4859593e+01
   1.6226562e+03   2.4848567e+01
   1.6232617e+03   2.4751769e+01
   1.6238672e+03   2.4751769e+01
   1.6244727e+03   2.4778218e+01
   1.6250781e+03   2.4778218e+01
   1.6256836e+03   2.4700391e+01
   1.6262891e+03   2.4580044e+01
   1.6268945e+03   2.4580044e+01
   1.6275000e+03   2.4618855e+01
   1.6281055e+03   2.4630889e+01
   1.6287109e+03   2.4630889e+01
   1.6293164e+03   2.4625019e+01
   1.6299219e+03   2.4625019e+01
   1.6305273e+03   2.4613784e+01
   1.6311328e+03   2.4392463e+01
   1.6317383e+03   2.4392463e+01
   1.6323437e+03   2.4464363e+01
   1.6329492e+03   2.4464363e+01
   1.6335547e+03   2.4392988e+01
   1.6341602e+03   2.4591164e+01
   1.6347656e+03   2.4591164e+01
   1.6353711e+03   2.4747032e+01
   1.6359766e+03   2.4747032e+01
   1.6365820e+03   2.4740087e+01
   1.6371875e+03   2.4718436e+01
   1.6377930e+03   2.4718436e+01
   1.6383984e+03   2.4834745e+01
   1.6390039e+03   2.4915588e+01
   1.6396094e+03   2.4915588e+01
   1.6402148e+03   2.5084822e+01
   1.6408203e+03   2.5084822e+01
   1.6414258e+03   2.5036157e+01
   1.6420312e+03   2.4968185e+01
   1.6426367e+03   2.4968185e+01
   1.6432422e+03   2.4928812e+01
   1.6438477e+03   2.4928812e+01
   1.6444531e+03   2.4869439e+01
   1.6450586e+03   2.4680518e+01
   1.6456641e+03   2.4680518e+01
   1.6462695e+03   2.4732441e+01
   1.6468750e+03   2.4732441e+01
   1.6474805e+03   2.4612470e+01
   1.6480859e+03   2.4594394e+01
   1.6486914e+03   2.4594394e+01
   1.6492969e+03   2.4663821e+01
   1.6499023e+03   2.4578692e+01
   1.6505078e+03   2.4578692e+01
   1.6511133e+03   2.4521791e+01
   1.6517187e+03   2.4521791e+01
   1.6523242e+03   2.4431426e+01
   1.6529297e+03   2.4529915e+01
   1.6535352e+03   2.4529915e+01
   1.6541406e+03   2.4565349e+01
   1.6547461e+03   2.4565349e+01
   1.6553516e+03   2.4601822e+01
   1.6559570e+03   2.4665078e+01
   1.6565625e+03   2.4665078e+01
   1.6571680e+03   2.4612448e+01
   1.6577734e+03   2.4612448e+01
   1.6583789e+03   2.4719130e+01
   1.6589844e+03   2.4602359e+01
   1.6595898e+03   2.4602359e+01
   1.6601953e+03   2.4733109e+01
   1.6608008e+03   2.4696950e+01
   1.6614062e+03   2.4696950e+01
   1.6620117e+03   2.4637666e+01
   1.6626172e+03   2.4637666e+01
   1.6632227e+03   2.4763353e+01
   1.6638281e+03   2.4698926e+01
   1.6644336e+03   2.4698926e+01
   1.6650391e+03   2.4631754e+01
   1.6656445e+03   2.4631754e+01
   1.6662500e+03   2.4637941e+01
   1.6668555e+03   2.4525918e+01
   1.6674609e+03   2.4525918e+01
   1.6680664e+03   2.4444725e+01
   1.6686719e+03   2.4456855e+01
   1.6692773e+03   2.4456855e+01
   1.6698828e+03   2.4483913e+01
   1.6704883e+03   2.4483913e+01
   1.6710937e+03   2.4534383e+01
   1.6716992e+03   2.4502438e+01
   1.6723047e+03   2.4502438e+01
   1.6729102e+03   2.4426770e+01
   1.6735156e+03   2.4426770e+01
   1.6741211e+03   2.4403106e+01
   1.6747266e+03   2.4458562e+01
   1.6753320e+03   2.4458562e+01
   1.6759375e+03   2.4446152e+01
   1.6765430e+03   2.4446152e+01
   1.6771484e+03   2.4394807e+01
   1.6777539e+03   2.4367054e+01
   1.6783594e+03   2.4367054e+01
   1.6789648e+03   2.4385208e+01
   1.6795703e+03   2.4402415e+01
   1.6801758e+03   2.4402415e+01
   1.6807812e+03   2.4495901e+01
   1.6813867e+03   2.4495901e+01
   1.6819922e+03   2.4474096e+01
   1.6825977e+03   2.4493793e+01
   1.6832031e+03   2.4493793e+01
   1.6838086e+03   2.4512040e+01
   1.6844141e+03   2.4512040e+01
   1.6850195e+03   2.4527571e+01
   1.6856250e+03   2.4421407e+01
   1.6862305e+03   2.4421407e+01
   1.6868359e+03   2.4489489e+01
   1.6874414e+03   2.4489489e+01
   1.6880469e+03   2.4521357e+01
   1.6886523e+03   2.4481080e+01
   1.6892578e+03   2.4481080e+01
   1.6898633e+03   2.4515663e+01
   1.6904687e+03   2.4564524e+01
   1.6910742e+03   2.4564524e+01
   1.6916797e+03   2.4641246e+01
   1.6922852e+03   2.4641246e+01
   1.6928906e+03   2.4567747e+01
   1.6934961e+03   2.4692780e+01
   1.6941016e+03   2.4692780e+01
   1.6947070e+03   2.4651278e+01
   1.6953125e+03   2.4651278e+01
   1.6959180e+03   2.4854139e+01
   1.6965234e+03   2.4680799e+01
   1.6971289e+03   2.4680799e+01
   1.6977344e+03   2.4711845e+01
   1.6983398e+03   2.4711845e+01
   1.6989453e+03   2.4845100e+01
   1.6995508e+03   2.4852221e+01
   1.7001562e+03   2.4852221e+01
   1.7007617e+03   2.4819545e+01
   1.7013672e+03   2.4889455e+01
   1.7019727e+03   2.4889455e+01
   1.7025781e+03   2.4873472e+01
   1.7031836e+03   2.4873472e+01
   1.7037891e+03   2.4983997e+01
   1.7043945e+03   2.5010859e+01
   1.7050000e+03   2.5010859e+01
   1.7056055e+03   2.4949184e+01
   1.7062109e+03   2.4949184e+01
   1.7068164e+03   2.5038287e+01
   1.7074219e+03   2.4997166e+01
   1.7080273e+03   2.4997166e+01
   1.7086328e+03   2.4997291e+01
   1.7092383e+03   2.4997291e+01
   1.7098437e+03   2.4815212e+01
   1.7104492e+03   2.4732863e+01
   1.7110547e+03   2.4732863e+01
   1.7116602e+03   2.4825409e+01
   1.7122656e+03   2.4822090e+01
   1.7128711e+03   2.4822090e+01
   1.7134766e+03   2.4757240e+01
   1.7140820e+03   2.4757240e+01
   1.7146875e+03   2.4605360e+01
   1.7152930e+03   2.4533337e+01
   1.7158984e+03   2.4533337e+01
   1.7165039e+03   2.4614629e+01
   1.7171094e+03   2.4614629e+01
   1.7177148e+03   2.4537709e+01
   1.7183203e+03   2.4383639e+01
   1.7189258e+03   2.4383639e+01
   1.7195312e+03   2.4459439e+01
   1.7201367e+03   2.4438298e+01
   1.7207422e+03   2.4438298e+01
   1.7213477e+03   2.4332877e+01
   1.7219531e+03   2.4332877e+01
   1.7225586e+03   2.4374502e+01
   1.7231641e+03   2.4381371e+01
   1.7237695e+03   2.4381371e+01
   1.7243750e+03   2.4431344e+01
   1.7249805e+03   2.4431344e+01
