   0.0000000e+00   9.7850997e-01
   6.0546875e-01   9.7714468e-01
   1.2109375e+00   9.7885171e-01
   1.8164062e+00   9.7782780e-01
   2.4218750e+00   9.7714539e-01
   3.0273437e+00   9.7714492e-01
   3.6328125e+00   9.7851032e-01
   4.2382812e+00   9.7646227e-01
   4.8437500e+00   9.7816953e-01
   5.4492187e+00   9.7851068e-01
   6.0546875e+00   9.8158216e-01
   6.6601562e+00   9.7885206e-01
   7.2656250e+00   9.7987585e-01
   7.8710937e+00   9.7748618e-01
   8.4765625e+00   9.8055814e-01
   9.0820312e+00   9.7851009e-01
   9.6875000e+00   9.7714445e-01
   1.0292969e+01   9.7953411e-01
   1.0898437e+01   9.7509663e-01
   1.1503906e+01   9.7612066e-01
   1.2109375e+01   9.8055802e-01
   1.2714844e+01   9.7885123e-01
   1.3320312e+01   9.7782626e-01
   1.3925781e+01   9.6963536e-01
   1.4531250e+01   9.7577880e-01
   1.5136719e+01   9.7885100e-01
   1.5742187e+01   9.7475466e-01
   1.6347656e+01   9.7748477e-01
   1.6953125e+01   9.7509557e-01
   1.7558594e+01   9.7202397e-01
   1.8164062e+01   9.7748500e-01
   1.8769531e+01   9.7543730e-01
   1.9375000e+01   9.7407249e-01
   1.9980469e+01   9.7953400e-01
   2.0585937e+01   9.7407237e-01
   2.1191406e+01   9.7543801e-01
   2.1796875e+01   9.7782744e-01
   2.2402344e+01   9.7441363e-01
   2.3007812e+01   9.7885053e-01
   2.3613281e+01   9.7577928e-01
   2.4218750e+01   9.7919226e-01
   2.4824219e+01   9.7953341e-01
   2.5429687e+01   9.8431286e-01
   2.6035156e+01   9.7748571e-01
   2.6640625e+01   9.7987420e-01
   2.7246094e+01   9.7646086e-01
   2.7851562e+01   9.7611960e-01
   2.8457031e+01   9.7611995e-01
   2.9062500e+01   9.7885064e-01
   2.9667969e+01   9.7748535e-01
   3.0273437e+01   9.7441316e-01
   3.0878906e+01   9.7816717e-01
   3.1484375e+01   9.7270649e-01
   3.2089844e+01   9.7577845e-01
   3.2695312e+01   9.7680259e-01
   3.3300781e+01   9.7475478e-01
   3.3906250e+01   9.7475419e-01
   3.4511719e+01   9.7202385e-01
   3.5117187e+01   9.7099982e-01
   3.5722656e+01   9.7270649e-01
   3.6328125e+01   9.7168270e-01
   3.6933594e+01   9.7407143e-01
   3.7539062e+01   9.7543660e-01
   3.8144531e+01   9.7611983e-01
   3.8750000e+01   9.7543695e-01
   3.9355469e+01   9.7816741e-01
   3.9960937e+01   9.7816788e-01
   4.0566406e+01   9.7509616e-01
   4.1171875e+01   9.8192189e-01
   4.1777344e+01   9.8158086e-01
   4.2382812e+01   9.7885029e-01
   4.2988281e+01   9.8158098e-01
   4.3593750e+01   9.8465318e-01
   4.4199219e+01   9.8021605e-01
   4.4804687e+01   9.8294651e-01
   4.5410156e+01   9.8192225e-01
   4.6015625e+01   9.8226375e-01
   4.6621094e+01   9.8260524e-01
   4.7226562e+01   9.8533547e-01
   4.7832031e+01   9.8158110e-01
   4.8437500e+01   9.8397006e-01
   4.9042969e+01   9.8158086e-01
   4.9648437e+01   9.8089846e-01
   5.0253906e+01   9.8533558e-01
   5.0859375e+01   9.8294627e-01
   5.1464844e+01   9.8909030e-01
   5.2070312e+01   9.8704261e-01
   5.2675781e+01   9.8840790e-01
   5.3281250e+01   9.8567697e-01
   5.3886719e+01   9.8601823e-01
   5.4492187e+01   9.8533558e-01
   5.5097656e+01   9.8874869e-01
   5.5703125e+01   9.8908995e-01
   5.6308594e+01   9.8738352e-01
   5.6914062e+01   9.8874904e-01
   5.7519531e+01   9.8567732e-01
   5.8125000e+01   9.9045524e-01
   5.8730469e+01   9.8874869e-01
   5.9335937e+01   9.8431132e-01
   5.9941406e+01   9.8704190e-01
   6.0546875e+01   9.8567744e-01
   6.1152344e+01   9.8567720e-01
   6.1757812e+01   9.8567732e-01
   6.2363281e+01   9.8567637e-01
   6.2968750e+01   9.8089869e-01
   6.3574219e+01   9.8260465e-01
   6.4179687e+01   9.8362832e-01
   6.4785156e+01   9.7884970e-01
   6.5390625e+01   9.7953270e-01
   6.5996094e+01   9.8226315e-01
   6.6601562e+01   9.8192225e-01
   6.7207031e+01   9.8601799e-01
   6.7812500e+01   9.8635949e-01
   6.8417969e+01   9.7885029e-01
   6.9023437e+01   9.8533582e-01
   6.9628906e+01   9.8260536e-01
   7.0234375e+01   9.8670170e-01
   7.0839844e+01   9.8704249e-01
   7.1445312e+01   9.8567768e-01
   7.2050781e+01   9.8397112e-01
   7.2656250e+01   9.8499420e-01
   7.3261719e+01   9.8465365e-01
   7.3867187e+01   9.8977307e-01
   7.4472656e+01   9.8635925e-01
   7.5078125e+01   9.8567708e-01
   7.5683594e+01   9.8943109e-01
   7.6289062e+01   9.8328706e-01
   7.6894531e+01   9.8874809e-01
   7.7500000e+01   9.8704107e-01
   7.8105469e+01   9.8533487e-01
   7.8710937e+01   9.8465223e-01
   7.9316406e+01   9.8192106e-01
   7.9921875e+01   9.8226245e-01
   8.0527344e+01   9.8123783e-01
   8.1132812e+01   9.8055578e-01
   8.1738281e+01   9.8021428e-01
   8.2343750e+01   9.8123771e-01
   8.2949219e+01   9.7850737e-01
   8.3554687e+01   9.7953093e-01
   8.4160156e+01   9.8055507e-01
   8.4765625e+01   9.8089562e-01
   8.5371094e+01   9.8021357e-01
   8.5976562e+01   9.7953045e-01
   8.6582031e+01   9.8260288e-01
   8.7187500e+01   9.8260300e-01
   8.7792969e+01   9.8055448e-01
   8.8398437e+01   9.8260182e-01
   8.9003906e+01   9.8226138e-01
   8.9609375e+01   9.8430919e-01
   9.0214844e+01   9.7816493e-01
   9.0820312e+01   9.8157779e-01
   9.1425781e+01   9.8191953e-01
   9.2031250e+01   9.8055460e-01
   9.2636719e+01   9.8055471e-01
   9.3242187e+01   9.7953034e-01
   9.3847656e+01   9.8123689e-01
   9.4453125e+01   9.7748182e-01
   9.5058594e+01   9.7714079e-01
   9.5664062e+01   9.7645791e-01
   9.6269531e+01   9.7782367e-01
   9.6875000e+01   9.7782367e-01
   9.7480469e+01   9.7952963e-01
   9.8085937e+01   9.7918801e-01
   9.8691406e+01   9.8089480e-01
   9.9296875e+01   9.7850584e-01
   9.9902344e+01   9.8021286e-01
   1.0050781e+02   9.8396722e-01
   1.0111328e+02   9.8191882e-01
   1.0171875e+02   9.8226067e-01
   1.0232422e+02   9.8567353e-01
   1.0292969e+02   9.8157803e-01
   1.0353516e+02   9.8464998e-01
   1.0414062e+02   9.8260134e-01
   1.0474609e+02   9.8430860e-01
   1.0535156e+02   9.8464927e-01
   1.0595703e+02   9.8703847e-01
   1.0656250e+02   9.8806284e-01
   1.0716797e+02   9.8533204e-01
   1.0777344e+02   9.8328434e-01
   1.0837891e+02   9.8396769e-01
   1.0898437e+02   9.8191847e-01
   1.0958984e+02   9.8533345e-01
   1.1019531e+02   9.8601456e-01
   1.1080078e+02   9.8499125e-01
   1.1140625e+02   9.9147594e-01
   1.1201172e+02   9.8669697e-01
   1.1261719e+02   9.9011089e-01
   1.1322266e+02   9.8601480e-01
   1.1382812e+02   9.8772052e-01
   1.1443359e+02   9.8703823e-01
   1.1503906e+02   9.8976856e-01
   1.1564453e+02   9.9011006e-01
   1.1625000e+02   9.8806190e-01
   1.1685547e+02   9.8771981e-01
   1.1746094e+02   9.8328210e-01
   1.1806641e+02   9.8635440e-01
   1.1867187e+02   9.8840209e-01
   1.1927734e+02   9.8771969e-01
   1.1988281e+02   9.8806036e-01
   1.2048828e+02   9.8806024e-01
   1.2109375e+02   9.8703610e-01
   1.2169922e+02   9.8601231e-01
   1.2230469e+02   9.9079093e-01
   1.2291016e+02   9.8601160e-01
   1.2351562e+02   9.8498746e-01
   1.2412109e+02   9.8908379e-01
   1.2472656e+02   9.8976667e-01
   1.2533203e+02   9.8805929e-01
   1.2593750e+02   9.8874217e-01
   1.2654297e+02   9.8703539e-01
   1.2714844e+02   9.8874182e-01
   1.2775391e+02   9.8908355e-01
   1.2835937e+02   9.8976536e-01
   1.2896484e+02   9.8840044e-01
   1.2957031e+02   9.8908249e-01
   1.3017578e+02   9.9215443e-01
   1.3078125e+02   9.8840020e-01
   1.3138672e+02   9.8840008e-01
   1.3199219e+02   9.8669318e-01
   1.3259766e+02   9.9010627e-01
   1.3320312e+02   9.9283660e-01
   1.3380859e+02   9.9113065e-01
   1.3441406e+02   9.9351924e-01
   1.3501953e+02   9.9454350e-01
   1.3562500e+02   9.9181293e-01
   1.3623047e+02   9.9590843e-01
   1.3683594e+02   9.9898097e-01
   1.3744141e+02   9.9727467e-01
   1.3804687e+02   9.9181317e-01
   1.3865234e+02   9.9351912e-01
   1.3925781e+02   9.9590867e-01
   1.3986328e+02   9.9556741e-01
   1.4046875e+02   9.9283731e-01
   1.4107422e+02   9.9624981e-01
   1.4167969e+02   9.9351960e-01
   1.4228516e+02   9.9283696e-01
   1.4289062e+02   9.9317846e-01
   1.4349609e+02   9.9317798e-01
   1.4410156e+02   9.9249558e-01
   1.4470703e+02   9.9283660e-01
   1.4531250e+02   9.8839913e-01
   1.4591797e+02   9.8601006e-01
   1.4652344e+02   9.8464407e-01
   1.4712891e+02   9.8293717e-01
   1.4773437e+02   9.8532624e-01
   1.4833984e+02   9.8396060e-01
   1.4894531e+02   9.8122980e-01
   1.4955078e+02   9.8259484e-01
   1.5015625e+02   9.7918140e-01
   1.5076172e+02   9.7747486e-01
   1.5136719e+02   9.7815797e-01
   1.5197266e+02   9.7542705e-01
   1.5257812e+02   9.7440303e-01
   1.5318359e+02   9.7679198e-01
   1.5378906e+02   9.7815714e-01
   1.5439453e+02   9.7576819e-01
   1.5500000e+02   9.7337854e-01
   1.5560547e+02   9.7576784e-01
   1.5621094e+02   9.7610863e-01
   1.5681641e+02   9.7815691e-01
   1.5742187e+02   9.7679174e-01
   1.5802734e+02   9.7644954e-01
   1.5863281e+02   9.7645025e-01
   1.5923828e+02   9.7679115e-01
   1.5984375e+02   9.7815679e-01
   1.6044922e+02   9.7918046e-01
   1.6105469e+02   9.8191114e-01
   1.6166016e+02   9.7781588e-01
   1.6226562e+02   9.7542670e-01
   1.6287109e+02   9.7849793e-01
   1.6347656e+02   9.7576784e-01
   1.6408203e+02   9.7610957e-01
   1.6468750e+02   9.7133144e-01
   1.6529297e+02   9.7542670e-01
   1.6589844e+02   9.7610981e-01
   1.6650391e+02   9.7918187e-01
   1.6710937e+02   9.7576831e-01
   1.6771484e+02   9.7713359e-01
   1.6832031e+02   9.7610993e-01
   1.6892578e+02   9.7781624e-01
   1.6953125e+02   9.7645048e-01
   1.7013672e+02   9.7576772e-01
   1.7074219e+02   9.7747415e-01
   1.7134766e+02   9.7713359e-01
   1.7195312e+02   9.7781588e-01
   1.7255859e+02   9.7747462e-01
   1.7316406e+02   9.7645001e-01
   1.7376953e+02   9.8191138e-01
   1.7437500e+02   9.7918057e-01
   1.7498047e+02   9.7952278e-01
   1.7558594e+02   9.8157023e-01
   1.7619141e+02   9.7918081e-01
   1.7679687e+02   9.8566703e-01
   1.7740234e+02   9.8327666e-01
   1.7800781e+02   9.8157059e-01
   1.7861328e+02   9.8191208e-01
   1.7921875e+02   9.8225311e-01
   1.7982422e+02   9.8464265e-01
   1.8042969e+02   9.8805574e-01
   1.8103516e+02   9.8259461e-01
   1.8164062e+02   9.8293563e-01
   1.8224609e+02   9.8395965e-01
   1.8285156e+02   9.8361875e-01
   1.8345703e+02   9.8600805e-01
   1.8406250e+02   9.8464289e-01
   1.8466797e+02   9.8703184e-01
   1.8527344e+02   9.8771483e-01
   1.8587891e+02   9.8771483e-01
   1.8648437e+02   9.8430139e-01
   1.8708984e+02   9.8737357e-01
   1.8769531e+02   9.8703172e-01
   1.8830078e+02   9.8327772e-01
   1.8890625e+02   9.9215230e-01
   1.8951172e+02   9.8532565e-01
   1.9011719e+02   9.8771460e-01
   1.9072266e+02   9.8976335e-01
   1.9132812e+02   9.9078678e-01
   1.9193359e+02   9.8737452e-01
   1.9253906e+02   9.9078773e-01
   1.9314453e+02   9.9181116e-01
   1.9375000e+02   9.8703290e-01
   1.9435547e+02   9.8976335e-01
   1.9496094e+02   9.8873992e-01
   1.9556641e+02   9.8771554e-01
   1.9617187e+02   9.8942244e-01
   1.9677734e+02   9.8873968e-01
   1.9738281e+02   9.8635026e-01
   1.9798828e+02   9.8805669e-01
   1.9859375e+02   9.8566714e-01
   1.9919922e+02   9.8498427e-01
   1.9980469e+02   9.8293634e-01
   2.0041016e+02   9.8600817e-01
   2.0101562e+02   9.8464289e-01
   2.0162109e+02   9.8327772e-01
   2.0222656e+02   9.8361910e-01
   2.0283203e+02   9.8396013e-01
   2.0343750e+02   9.8327820e-01
   2.0404297e+02   9.8396072e-01
   2.0464844e+02   9.8361934e-01
   2.0525391e+02   9.8362017e-01
   2.0585937e+02   9.8498391e-01
   2.0646484e+02   9.8327772e-01
   2.0707031e+02   9.8498486e-01
   2.0767578e+02   9.8361981e-01
   2.0828125e+02   9.8498486e-01
   2.0888672e+02   9.8361993e-01
   2.0949219e+02   9.8464360e-01
   2.1009766e+02   9.8430257e-01
   2.1070312e+02   9.8703278e-01
   2.1130859e+02   9.8157141e-01
   2.1191406e+02   9.8259555e-01
   2.1251953e+02   9.8361946e-01
   2.1312500e+02   9.8361887e-01
   2.1373047e+02   9.8430151e-01
   2.1433594e+02   9.8259508e-01
   2.1494141e+02   9.8293670e-01
   2.1554687e+02   9.8634990e-01
   2.1615234e+02   9.8293646e-01
   2.1675781e+02   9.8703255e-01
   2.1736328e+02   9.8396001e-01
   2.1796875e+02   9.8600876e-01
   2.1857422e+02   9.8771531e-01
   2.1917969e+02   9.8737428e-01
   2.1978516e+02   9.8805621e-01
   2.2039062e+02   9.8498474e-01
   2.2099609e+02   9.8942067e-01
   2.2160156e+02   9.8395954e-01
   2.2220703e+02   9.8532565e-01
   2.2281250e+02   9.8498356e-01
   2.2341797e+02   9.8361887e-01
   2.2402344e+02   9.8600781e-01
   2.2462891e+02   9.8259473e-01
   2.2523437e+02   9.8225335e-01
   2.2583984e+02   9.8396001e-01
   2.2644531e+02   9.8088854e-01
   2.2705078e+02   9.8361875e-01
   2.2765625e+02   9.8464230e-01
   2.2826172e+02   9.8293622e-01
   2.2886719e+02   9.8498356e-01
   2.2947266e+02   9.8259461e-01
   2.3007812e+02   9.8498356e-01
   2.3068359e+02   9.8225311e-01
   2.3128906e+02   9.8498308e-01
   2.3189453e+02   9.8157047e-01
   2.3250000e+02   9.8259402e-01
   2.3310547e+02   9.8191149e-01
   2.3371094e+02   9.8225252e-01
   2.3431641e+02   9.8464218e-01
   2.3492187e+02   9.8600699e-01
   2.3552734e+02   9.8395906e-01
   2.3613281e+02   9.8395906e-01
   2.3673828e+02   9.8498320e-01
   2.3734375e+02   9.8566573e-01
   2.3794922e+02   9.8703124e-01
   2.3855469e+02   9.8703077e-01
   2.3916016e+02   9.8737262e-01
   2.3976562e+02   9.9010260e-01
   2.4037109e+02   9.8600699e-01
   2.4097656e+02   9.8703101e-01
   2.4158203e+02   9.8669046e-01
   2.4218750e+02   9.8839629e-01
   2.4279297e+02   9.8873838e-01
   2.4339844e+02   9.8805550e-01
   2.4400391e+02   9.8942067e-01
   2.4460937e+02   9.9044374e-01
   2.4521484e+02   9.8737168e-01
   2.4582031e+02   9.8395954e-01
   2.4642578e+02   9.8532411e-01
   2.4703125e+02   9.8634766e-01
   2.4763672e+02   9.8464111e-01
   2.4824219e+02   9.8634766e-01
   2.4884766e+02   9.8464099e-01
   2.4945312e+02   9.8532328e-01
   2.5005859e+02   9.8771294e-01
   2.5066406e+02   9.8805396e-01
   2.5126953e+02   9.8429985e-01
   2.5187500e+02   9.8532387e-01
   2.5248047e+02   9.8361674e-01
   2.5308594e+02   9.8361674e-01
   2.5369141e+02   9.8361591e-01
   2.5429687e+02   9.8225051e-01
   2.5490234e+02   9.8088547e-01
   2.5550781e+02   9.7815490e-01
   2.5611328e+02   9.8054373e-01
   2.5671875e+02   9.8054279e-01
   2.5732422e+02   9.7678856e-01
   2.5792969e+02   9.8122625e-01
   2.5853516e+02   9.7678821e-01
   2.5914062e+02   9.8054279e-01
   2.5974609e+02   9.7815372e-01
   2.6035156e+02   9.7986026e-01
   2.6095703e+02   9.8020082e-01
   2.6156250e+02   9.7815278e-01
   2.6216797e+02   9.8054255e-01
   2.6277344e+02   9.7985944e-01
   2.6337891e+02   9.8088346e-01
   2.6398437e+02   9.8190771e-01
   2.6458984e+02   9.8054208e-01
   2.6519531e+02   9.7849369e-01
   2.6580078e+02   9.8156598e-01
   2.6640625e+02   9.7951711e-01
   2.6701172e+02   9.7815172e-01
   2.6761719e+02   9.8054066e-01
   2.6822266e+02   9.7473875e-01
   2.6882812e+02   9.7678703e-01
   2.6943359e+02   9.7917609e-01
   2.7003906e+02   9.7815266e-01
   2.7064453e+02   9.8054149e-01
   2.7125000e+02   9.7917633e-01
   2.7185547e+02   9.7508037e-01
   2.7246094e+02   9.7610427e-01
   2.7306641e+02   9.7781116e-01
   2.7367187e+02   9.7678679e-01
   2.7427734e+02   9.7917633e-01
   2.7488281e+02   9.7678726e-01
   2.7548828e+02   9.7917609e-01
   2.7609375e+02   9.7815219e-01
   2.7669922e+02   9.7473864e-01
   2.7730469e+02   9.7815242e-01
   2.7791016e+02   9.7917585e-01
   2.7851562e+02   9.7985908e-01
   2.7912109e+02   9.8122401e-01
   2.7972656e+02   9.8224897e-01
   2.8033203e+02   9.8020034e-01
   2.8093750e+02   9.8429607e-01
   2.8154297e+02   9.8532068e-01
   2.8214844e+02   9.8907443e-01
   2.8275391e+02   9.8975683e-01
   2.8335937e+02   9.8532009e-01
   2.8396484e+02   9.8702710e-01
   2.8457031e+02   9.9043995e-01
   2.8517578e+02   9.9248822e-01
   2.8578125e+02   9.8941664e-01
   2.8638672e+02   9.9453602e-01
   2.8699219e+02   9.8907490e-01
   2.8759766e+02   9.9009916e-01
   2.8820312e+02   9.9282925e-01
   2.8880859e+02   9.9487705e-01
   2.8941406e+02   9.9453638e-01
   2.9001953e+02   9.9282960e-01
   2.9062500e+02   9.9521866e-01
   2.9123047e+02   9.9590166e-01
   2.9183594e+02   9.9658430e-01
   2.9244141e+02   9.9351236e-01
   2.9304687e+02   9.9590178e-01
   2.9365234e+02   9.9692580e-01
   2.9425781e+02   9.9624363e-01
   2.9486328e+02   9.9453733e-01
   2.9546875e+02   9.9658430e-01
   2.9607422e+02   9.9248941e-01
   2.9667969e+02   9.9248905e-01
   2.9728516e+02   9.9180653e-01
   2.9789062e+02   9.9180629e-01
   2.9849609e+02   9.9214803e-01
   2.9910156e+02   9.9146503e-01
   2.9970703e+02   9.9556123e-01
   3.0031250e+02   9.9283031e-01
   3.0091797e+02   9.9590249e-01
   3.0152344e+02   9.9453757e-01
   3.0212891e+02   9.9317169e-01
   3.0273437e+02   9.9248953e-01
   3.0333984e+02   9.9317217e-01
   3.0394531e+02   9.9453780e-01
   3.0455078e+02   9.9556182e-01
   3.0515625e+02   9.9487954e-01
   3.0576172e+02   9.9453840e-01
   3.0636719e+02   9.9726908e-01
   3.0697266e+02   1.0000000e+00
   3.0757812e+02   9.9795136e-01
   3.0818359e+02   9.9692770e-01
   3.0878906e+02   9.9351450e-01
   3.0939453e+02   9.9522080e-01
   3.1000000e+02   9.9351438e-01
   3.1060547e+02   9.9487978e-01
   3.1121094e+02   9.9146515e-01
   3.1181641e+02   9.9556218e-01
   3.1242187e+02   9.9488037e-01
   3.1302734e+02   9.9487966e-01
   3.1363281e+02   9.9214933e-01
   3.1423828e+02   9.9658585e-01
   3.1484375e+02   9.9385564e-01
   3.1544922e+02   9.9249095e-01
   3.1605469e+02   9.8941818e-01
   3.1666016e+02   9.8941853e-01
   3.1726562e+02   9.9214862e-01
   3.1787109e+02   9.9556206e-01
   3.1847656e+02   9.9248976e-01
   3.1908203e+02   9.9078310e-01
   3.1968750e+02   9.9248953e-01
   3.2029297e+02   9.9487883e-01
   3.2089844e+02   9.9760951e-01
   3.2150391e+02   9.9249024e-01
   3.2210937e+02   9.9146646e-01
   3.2271484e+02   9.9010034e-01
   3.2332031e+02   9.9180701e-01
   3.2392578e+02   9.9351331e-01
   3.2453125e+02   9.9385457e-01
   3.2513672e+02   9.9248905e-01
   3.2574219e+02   9.9385457e-01
   3.2634766e+02   9.9010046e-01
   3.2695312e+02   9.9351331e-01
   3.2755859e+02   9.9283079e-01
   3.2816406e+02   9.9385421e-01
   3.2876953e+02   9.9283114e-01
   3.2937500e+02   9.9010011e-01
   3.2998047e+02   9.9146527e-01
   3.3058594e+02   9.9248929e-01
   3.3119141e+02   9.8907609e-01
   3.3179687e+02   9.9009963e-01
   3.3240234e+02   9.8805207e-01
   3.3300781e+02   9.9248893e-01
   3.3361328e+02   9.8839285e-01
   3.3421875e+02   9.9044054e-01
   3.3482422e+02   9.9044125e-01
   3.3542969e+02   9.8975837e-01
   3.3603516e+02   9.9044042e-01
   3.3664062e+02   9.8463875e-01
   3.3724609e+02   9.8668619e-01
   3.3785156e+02   9.8736919e-01
   3.3845703e+02   9.8532127e-01
   3.3906250e+02   9.8498013e-01
   3.3966797e+02   9.8259094e-01
   3.4027344e+02   9.8634588e-01
   3.4087891e+02   9.8293244e-01
   3.4148437e+02   9.8224956e-01
   3.4208984e+02   9.8122555e-01
   3.4269531e+02   9.8225051e-01
   3.4330078e+02   9.8156740e-01
   3.4390625e+02   9.8190866e-01
   3.4451172e+02   9.7849581e-01
   3.4511719e+02   9.7883683e-01
   3.4572266e+02   9.7849534e-01
   3.4632812e+02   9.7576489e-01
   3.4693359e+02   9.8020188e-01
   3.4753906e+02   9.7781223e-01
   3.4814453e+02   9.7644753e-01
   3.4875000e+02   9.7712994e-01
   3.4935547e+02   9.7303339e-01
   3.4996094e+02   9.7542269e-01
   3.5056641e+02   9.7269166e-01
   3.5117187e+02   9.7576371e-01
   3.5177734e+02   9.6825408e-01
   3.5238281e+02   9.7030200e-01
   3.5298828e+02   9.6893602e-01
   3.5359375e+02   9.6825361e-01
   3.5419922e+02   9.6825338e-01
   3.5480469e+02   9.6449904e-01
   3.5541016e+02   9.6245065e-01
   3.5601562e+02   9.6279191e-01
   3.5662109e+02   9.6108490e-01
   3.5722656e+02   9.5698883e-01
   3.5783203e+02   9.5903616e-01
   3.5843750e+02   9.5801261e-01
   3.5904297e+02   9.5664651e-01
   3.5964844e+02   9.5664640e-01
   3.6025391e+02   9.5459813e-01
   3.6085937e+02   9.5528041e-01
   3.6146484e+02   9.5323180e-01
   3.6207031e+02   9.5357352e-01
   3.6267578e+02   9.4879493e-01
   3.6328125e+02   9.5459731e-01
   3.6388672e+02   9.5084227e-01
   3.6449219e+02   9.5152526e-01
   3.6509766e+02   9.4981848e-01
   3.6570312e+02   9.4947734e-01
   3.6630859e+02   9.5050147e-01
   3.6691406e+02   9.4913620e-01
   3.6751953e+02   9.4572265e-01
   3.6812500e+02   9.4469828e-01
   3.6873047e+02   9.4606391e-01
   3.6933594e+02   9.4845321e-01
   3.6994141e+02   9.4503908e-01
   3.7054687e+02   9.4503885e-01
   3.7115234e+02   9.4742767e-01
   3.7175781e+02   9.4094348e-01
   3.7236328e+02   9.4503861e-01
   3.7296875e+02   9.4060129e-01
   3.7357422e+02   9.4230864e-01
   3.7417969e+02   9.4299035e-01
   3.7478516e+02   9.4230783e-01
   3.7539062e+02   9.4367310e-01
   3.7599609e+02   9.4094243e-01
   3.7660156e+02   9.4060047e-01
   3.7720703e+02   9.3821165e-01
   3.7781250e+02   9.3855221e-01
   3.7841797e+02   9.3752843e-01
   3.7902344e+02   9.4230666e-01
   3.7962891e+02   9.4333173e-01
   3.8023437e+02   9.4128311e-01
   3.8083984e+02   9.4606240e-01
   3.8144531e+02   9.4674469e-01
   3.8205078e+02   9.4196645e-01
   3.8265625e+02   9.4367240e-01
   3.8326172e+02   9.4264851e-01
   3.8386719e+02   9.4299023e-01
   3.8447266e+02   9.4230690e-01
   3.8507812e+02   9.3957727e-01
   3.8568359e+02   9.4435539e-01
   3.8628906e+02   9.4264967e-01
   3.8689453e+02   9.4264897e-01
   3.8750000e+02   9.4128288e-01
   3.8810547e+02   9.3889475e-01
   3.8871094e+02   9.4094208e-01
   3.8931641e+02   9.4094208e-01
   3.8992187e+02   9.3889452e-01
   3.9052734e+02   9.3991830e-01
   3.9113281e+02   9.3616408e-01
   3.9173828e+02   9.3718798e-01
   3.9234375e+02   9.3821130e-01
   3.9294922e+02   9.3684602e-01
   3.9355469e+02   9.3513948e-01
   3.9416016e+02   9.3616396e-01
   3.9476562e+02   9.3684614e-01
   3.9537109e+02   9.3479869e-01
   3.9597656e+02   9.3684614e-01
   3.9658203e+02   9.3343271e-01
   3.9718750e+02   9.3582154e-01
   3.9779297e+02   9.3275019e-01
   3.9839844e+02   9.3513914e-01
   3.9900391e+02   9.3548075e-01
   3.9960937e+02   9.3684660e-01
   4.0021484e+02   9.3718717e-01
   4.0082031e+02   9.3991842e-01
   4.0142578e+02   9.4196575e-01
   4.0203125e+02   9.3752936e-01
   4.0263672e+02   9.3752820e-01
   4.0324219e+02   9.3582189e-01
   4.0384766e+02   9.3411558e-01
   4.0445312e+02   9.3548063e-01
   4.0505859e+02   9.3548005e-01
   4.0566406e+02   9.3821025e-01
   4.0626953e+02   9.3718635e-01
   4.0687500e+02   9.3786888e-01
   4.0748047e+02   9.3172479e-01
   4.0808594e+02   9.3479671e-01
   4.0869141e+02   9.3445557e-01
   4.0929687e+02   9.3240719e-01
   4.0990234e+02   9.2899342e-01
   4.1050781e+02   9.2865286e-01
   4.1111328e+02   9.3206605e-01
   4.1171875e+02   9.2967676e-01
   4.1232422e+02   9.3274903e-01
   4.1292969e+02   9.3070123e-01
   4.1353516e+02   9.3308995e-01
   4.1414062e+02   9.3001732e-01
   4.1474609e+02   9.2899377e-01
   4.1535156e+02   9.3240708e-01
   4.1595703e+02   9.3206558e-01
   4.1656250e+02   9.3138306e-01
   4.1716797e+02   9.3343144e-01
   4.1777344e+02   9.3547831e-01
   4.1837891e+02   9.3377189e-01
   4.1898437e+02   9.3855070e-01
   4.1958984e+02   9.3581968e-01
   4.2019531e+02   9.3240742e-01
   4.2080078e+02   9.3377189e-01
   4.2140625e+02   9.3445452e-01
   4.2201172e+02   9.3616141e-01
   4.2261719e+02   9.3343028e-01
   4.2322266e+02   9.3650267e-01
   4.2382812e+02   9.3308925e-01
   4.2443359e+02   9.3138260e-01
   4.2503906e+02   9.3343028e-01
   4.2564453e+02   9.3411280e-01
   4.2625000e+02   9.3240592e-01
   4.2685547e+02   9.3206500e-01
   4.2746094e+02   9.3342935e-01
   4.2806641e+02   9.3377119e-01
   4.2867187e+02   9.2967537e-01
   4.2927734e+02   9.3069857e-01
   4.2988281e+02   9.3138121e-01
   4.3048828e+02   9.3035684e-01
   4.3109375e+02   9.3377061e-01
   4.3169922e+02   9.3684219e-01
   4.3230469e+02   9.3547691e-01
   4.3291016e+02   9.3479370e-01
   4.3351562e+02   9.3615885e-01
   4.3412109e+02   9.3752390e-01
   4.3472656e+02   9.3274555e-01
   4.3533203e+02   9.3342854e-01
   4.3593750e+02   9.3547541e-01
   4.3654297e+02   9.3615804e-01
   4.3714844e+02   9.3513403e-01
   4.3775391e+02   9.3923020e-01
   4.3835937e+02   9.3445209e-01
   4.3896484e+02   9.3615885e-01
   4.3957031e+02   9.3445220e-01
   4.4017578e+02   9.3513438e-01
   4.4078125e+02   9.3342807e-01
   4.4138672e+02   9.3069729e-01
   4.4199219e+02   9.3206292e-01
   4.4259766e+02   9.2762491e-01
   4.4320312e+02   9.2899111e-01
   4.4380859e+02   9.2796675e-01
   4.4441406e+02   9.3376910e-01
   4.4501953e+02   9.3206292e-01
   4.4562500e+02   9.3172131e-01
   4.4623047e+02   9.3240406e-01
   4.4683594e+02   9.2864950e-01
   4.4744141e+02   9.2899064e-01
   4.4804687e+02   9.3069695e-01
   4.4865234e+02   9.2898995e-01
   4.4925781e+02   9.2728341e-01
   4.4986328e+02   9.2967305e-01
   4.5046875e+02   9.2762479e-01
   4.5107422e+02   9.2796640e-01
   4.5167969e+02   9.2762456e-01
   4.5228516e+02   9.2660066e-01
   4.5289062e+02   9.2864880e-01
   4.5349609e+02   9.2625940e-01
   4.5410156e+02   9.3001466e-01
   4.5470703e+02   9.2796628e-01
   4.5531250e+02   9.3137947e-01
   4.5591797e+02   9.2967259e-01
   4.5652344e+02   9.3069706e-01
   4.5712891e+02   9.2967328e-01
   4.5773437e+02   9.2830743e-01
   4.5833984e+02   9.2898972e-01
   4.5894531e+02   9.2762479e-01
   4.5955078e+02   9.3240209e-01
   4.6015625e+02   9.2864788e-01
   4.6076172e+02   9.3103763e-01
   4.6136719e+02   9.2864811e-01
   4.6197266e+02   9.3206187e-01
   4.6257812e+02   9.2933098e-01
   4.6318359e+02   9.2898925e-01
   4.6378906e+02   9.3240290e-01
   4.6439453e+02   9.3479242e-01
   4.6500000e+02   9.3786400e-01
   4.6560547e+02   9.3786423e-01
   4.6621094e+02   9.3649930e-01
   4.6681641e+02   9.3376829e-01
   4.6742187e+02   9.3547436e-01
   4.6802734e+02   9.3445046e-01
   4.6863281e+02   9.3581585e-01
   4.6923828e+02   9.3786376e-01
   4.6984375e+02   9.4093522e-01
   4.7044922e+02   9.3581562e-01
   4.7105469e+02   9.3649814e-01
   4.7166016e+02   9.3888778e-01
   4.7226562e+02   9.3649814e-01
   4.7287109e+02   9.3888696e-01
   4.7347656e+02   9.3854605e-01
   4.7408203e+02   9.3649721e-01
   4.7468750e+02   9.3547355e-01
   4.7529297e+02   9.3820398e-01
   4.7589844e+02   9.3513194e-01
   4.7650391e+02   9.3888685e-01
   4.7710937e+02   9.3444954e-01
   4.7771484e+02   9.3513148e-01
   4.7832031e+02   9.3786283e-01
   4.7892578e+02   9.4093417e-01
   4.7953125e+02   9.4161669e-01
   4.8013672e+02   9.4161728e-01
   4.8074219e+02   9.3991028e-01
   4.8134766e+02   9.3752041e-01
   4.8195312e+02   9.4195795e-01
   4.8255859e+02   9.4195807e-01
   4.8316406e+02   9.3956774e-01
   4.8376953e+02   9.3820305e-01
   4.8437500e+02   9.4059268e-01
   4.8498047e+02   9.4127462e-01
   4.8558594e+02   9.4127392e-01
   4.8619141e+02   9.3990911e-01
   4.8679687e+02   9.4298022e-01
   4.8740234e+02   9.3990865e-01
   4.8800781e+02   9.3922613e-01
   4.8861328e+02   9.3547111e-01
   4.8921875e+02   9.3581283e-01
   4.8982422e+02   9.3615351e-01
   4.9042969e+02   9.3547169e-01
   4.9103516e+02   9.3376458e-01
   4.9164062e+02   9.3717869e-01
   4.9224609e+02   9.3274126e-01
   4.9285156e+02   9.3308217e-01
   4.9345703e+02   9.3274103e-01
   4.9406250e+02   9.3513043e-01
   4.9466797e+02   9.3513066e-01
   4.9527344e+02   9.3649582e-01
   4.9587891e+02   9.3513031e-01
   4.9648437e+02   9.3274126e-01
   4.9708984e+02   9.3240000e-01
   4.9769531e+02   9.3478940e-01
   4.9830078e+02   9.2830407e-01
   4.9890625e+02   9.3137553e-01
   4.9951172e+02   9.3171713e-01
   5.0011719e+02   9.2693845e-01
   5.0072266e+02   9.2932762e-01
   5.0132812e+02   9.3103427e-01
   5.0193359e+02   9.3137564e-01
   5.0253906e+02   9.3001049e-01
   5.0314453e+02   9.3103404e-01
   5.0375000e+02   9.2796258e-01
   5.0435547e+02   9.3103392e-01
   5.0496094e+02   9.3035105e-01
   5.0556641e+02   9.2898578e-01
   5.0617187e+02   9.2966853e-01
   5.0677734e+02   9.2932704e-01
   5.0738281e+02   9.2966911e-01
   5.0798828e+02   9.3001026e-01
   5.0859375e+02   9.3137530e-01
   5.0919922e+02   9.2796235e-01
   5.0980469e+02   9.3274103e-01
   5.1041016e+02   9.3376411e-01
   5.1101562e+02   9.3410677e-01
   5.1162109e+02   9.3239908e-01
   5.1222656e+02   9.3512973e-01
   5.1283203e+02   9.3239884e-01
   5.1343750e+02   9.3274022e-01
   5.1404297e+02   9.3410572e-01
   5.1464844e+02   9.3069231e-01
   5.1525391e+02   9.2693776e-01
   5.1585937e+02   9.2659661e-01
   5.1646484e+02   9.2659684e-01
   5.1707031e+02   9.2591363e-01
   5.1767578e+02   9.2454894e-01
   5.1828125e+02   9.2864440e-01
   5.1888672e+02   9.2693729e-01
   5.1949219e+02   9.2557225e-01
   5.2009766e+02   9.2420675e-01
   5.2070312e+02   9.1976991e-01
   5.2130859e+02   9.2215861e-01
   5.2191406e+02   9.2045220e-01
   5.2251953e+02   9.2454767e-01
   5.2312500e+02   9.2181712e-01
   5.2373047e+02   9.2420594e-01
   5.2433594e+02   9.2284090e-01
   5.2494141e+02   9.2386434e-01
   5.2554687e+02   9.2079254e-01
   5.2615234e+02   9.2079311e-01
   5.2675781e+02   9.2284125e-01
   5.2736328e+02   9.2659488e-01
   5.2796875e+02   9.2386387e-01
   5.2857422e+02   9.2625339e-01
   5.2917969e+02   9.2557121e-01
   5.2978516e+02   9.1908554e-01
   5.3039062e+02   9.2796038e-01
   5.3099609e+02   9.2386387e-01
   5.3160156e+02   9.2318147e-01
   5.3220703e+02   9.2522961e-01
   5.3281250e+02   9.2249907e-01
   5.3341797e+02   9.1908520e-01
   5.3402344e+02   9.2010944e-01
   5.3462891e+02   9.2283963e-01
   5.3523437e+02   9.2181551e-01
   5.3583984e+02   9.2079138e-01
   5.3644531e+02   9.2181574e-01
   5.3705078e+02   9.2283871e-01
   5.3765625e+02   9.2488765e-01
   5.3826172e+02   9.2249768e-01
   5.3886719e+02   9.2352157e-01
   5.3947266e+02   9.2556948e-01
   5.4007812e+02   9.2522787e-01
   5.4068359e+02   9.2215619e-01
   5.4128906e+02   9.2352123e-01
   5.4189453e+02   9.2625177e-01
   5.4250000e+02   9.2181389e-01
   5.4310547e+02   9.2283778e-01
   5.4371094e+02   9.2488604e-01
   5.4431641e+02   9.2522718e-01
   5.4492187e+02   9.2556832e-01
   5.4552734e+02   9.2113114e-01
   5.4613281e+02   9.2181435e-01
   5.4673828e+02   9.2317985e-01
   5.4734375e+02   9.2113172e-01
   5.4794922e+02   9.2420352e-01
   5.4855469e+02   9.2283813e-01
   5.4916016e+02   9.2318008e-01
   5.4976562e+02   9.2044954e-01
   5.5037109e+02   9.2386226e-01
   5.5097656e+02   9.2556902e-01
   5.5158203e+02   9.2113195e-01
   5.5218750e+02   9.2249699e-01
   5.5279297e+02   9.2147263e-01
   5.5339844e+02   9.1908335e-01
   5.5400391e+02   9.2215573e-01
   5.5460937e+02   9.2386203e-01
   5.5521484e+02   9.1908427e-01
   5.5582031e+02   9.2556913e-01
   5.5642578e+02   9.2386260e-01
   5.5703125e+02   9.2522799e-01
   5.5763672e+02   9.2829979e-01
   5.5824219e+02   9.2659222e-01
   5.5884766e+02   9.2454524e-01
   5.5945312e+02   9.2761669e-01
   5.6005859e+02   9.2727601e-01
   5.6066406e+02   9.2898254e-01
   5.6126953e+02   9.2556948e-01
   5.6187500e+02   9.2966471e-01
   5.6248047e+02   9.2591005e-01
   5.6308594e+02   9.2898196e-01
   5.6369141e+02   9.2727497e-01
   5.6429687e+02   9.2522753e-01
   5.6490234e+02   9.2488580e-01
   5.6550781e+02   9.2864035e-01
   5.6611328e+02   9.2488534e-01
   5.6671875e+02   9.2522660e-01
   5.6732422e+02   9.2761588e-01
   5.6792969e+02   9.2249629e-01
   5.6853516e+02   9.2522591e-01
   5.6914062e+02   9.2420224e-01
   5.6974609e+02   9.2454420e-01
   5.7035156e+02   9.2590889e-01
   5.7095703e+02   9.2488488e-01
   5.7156250e+02   9.2215457e-01
   5.7216797e+02   9.2590912e-01
   5.7277344e+02   9.2693313e-01
   5.7337891e+02   9.2590935e-01
   5.7398437e+02   9.2693255e-01
   5.7458984e+02   9.2624980e-01
   5.7519531e+02   9.2795656e-01
   5.7580078e+02   9.2181250e-01
   5.7640625e+02   9.2249537e-01
   5.7701172e+02   9.2147159e-01
   5.7761719e+02   9.2488453e-01
   5.7822266e+02   9.2078815e-01
   5.7882812e+02   9.2181193e-01
   5.7943359e+02   9.2010632e-01
   5.8003906e+02   9.1566799e-01
   5.8064453e+02   9.1430307e-01
   5.8125000e+02   9.1464490e-01
   5.8185547e+02   9.1361986e-01
   5.8246094e+02   9.1600902e-01
   5.8306641e+02   9.1225436e-01
   5.8367187e+02   9.1396146e-01
   5.8427734e+02   9.1430192e-01
   5.8488281e+02   9.1498490e-01
   5.8548828e+02   9.1122943e-01
   5.8609375e+02   9.0952336e-01
   5.8669922e+02   9.1259516e-01
   5.8730469e+02   9.1157081e-01
   5.8791016e+02   9.1361825e-01
   5.8851562e+02   9.1156989e-01
   5.8912109e+02   9.1088702e-01
   5.8972656e+02   9.1429973e-01
   5.9033203e+02   9.1156908e-01
   5.9093750e+02   9.1361744e-01
   5.9154297e+02   9.1737152e-01
   5.9214844e+02   9.1191034e-01
   5.9275391e+02   9.1259274e-01
   5.9335937e+02   9.1429904e-01
   5.9396484e+02   9.1020324e-01
   5.9457031e+02   9.0917946e-01
   5.9517578e+02   9.1293389e-01
   5.9578125e+02   9.1122633e-01
   5.9638672e+02   9.1156828e-01
   5.9699219e+02   9.1532235e-01
   5.9759766e+02   9.1395686e-01
   5.9820312e+02   9.1702888e-01
   5.9880859e+02   9.1498086e-01
   5.9941406e+02   9.1737014e-01
   6.0001953e+02   9.1498086e-01
   6.0062500e+02   9.1259136e-01
   6.0123047e+02   9.1839334e-01
   6.0183594e+02   9.1429685e-01
   6.0244141e+02   9.1600360e-01
   6.0304687e+02   9.1361433e-01
   6.0365234e+02   9.1293182e-01
   6.0425781e+02   9.1566200e-01
   6.0486328e+02   9.1395502e-01
   6.0546875e+02   9.1395525e-01
   6.0607422e+02   9.1190735e-01
   6.0667969e+02   9.0815281e-01
   6.0728516e+02   9.0815270e-01
   6.0789062e+02   9.0269187e-01
   6.0849609e+02   9.0269152e-01
   6.0910156e+02   9.0269164e-01
   6.0970703e+02   8.9962008e-01
   6.1031250e+02   9.0064363e-01
   6.1091797e+02   8.9996100e-01
   6.1152344e+02   8.9518268e-01
   6.1212891e+02   8.9723092e-01
   6.1273437e+02   8.9586463e-01
   6.1333984e+02   8.9620635e-01
   6.1394531e+02   8.9347502e-01
   6.1455078e+02   8.9449879e-01
   6.1515625e+02   8.9484028e-01
   6.1576172e+02   8.9415731e-01
   6.1636719e+02   8.9415742e-01
   6.1697266e+02   8.9483994e-01
   6.1757812e+02   8.9347479e-01
   6.1818359e+02   8.9176804e-01
   6.1878906e+02   8.9074380e-01
   6.1939453e+02   8.8937854e-01
   6.2000000e+02   8.8664847e-01
   6.2060547e+02   8.8460012e-01
   6.2121094e+02   8.8357577e-01
   6.2181641e+02   8.8664756e-01
   6.2242187e+02   8.8323440e-01
   6.2302734e+02   8.8221039e-01
   6.2363281e+02   8.8289303e-01
   6.2423828e+02   8.8357498e-01
   6.2484375e+02   8.8528161e-01
   6.2544922e+02   8.8050308e-01
   6.2605469e+02   8.8220960e-01
   6.2666016e+02   8.8357532e-01
   6.2726562e+02   8.8220960e-01
   6.2787109e+02   8.8698825e-01
   6.2847656e+02   8.8835385e-01
   6.2908203e+02   8.8630607e-01
   6.2968750e+02   8.8767133e-01
   6.3029297e+02   8.8698802e-01
   6.3089844e+02   8.8767099e-01
   6.3150391e+02   8.8528081e-01
   6.3210937e+02   8.8357395e-01
   6.3271484e+02   8.8289155e-01
   6.3332031e+02   8.8357429e-01
   6.3392578e+02   8.8220823e-01
   6.3453125e+02   8.7674753e-01
   6.3513672e+02   8.8323156e-01
   6.3574219e+02   8.8186595e-01
   6.3634766e+02   8.7777039e-01
   6.3695312e+02   8.8288984e-01
   6.3755859e+02   8.8254847e-01
   6.3816406e+02   8.8425465e-01
   6.3876953e+02   8.8015920e-01
   6.3937500e+02   8.8254858e-01
   6.3998047e+02   8.8288950e-01
   6.4058594e+02   8.8391407e-01
   6.4119141e+02   8.8493773e-01
   6.4179687e+02   8.8015955e-01
   6.4240234e+02   8.8357190e-01
   6.4300781e+02   8.7811063e-01
   6.4361328e+02   8.8459568e-01
   6.4421875e+02   8.8015784e-01
   6.4482422e+02   8.7947623e-01
   6.4542969e+02   8.7845144e-01
   6.4603516e+02   8.7947487e-01
   6.4664062e+02   8.7981670e-01
   6.4724609e+02   8.7879190e-01
   6.4785156e+02   8.8084059e-01
   6.4845703e+02   8.8254733e-01
   6.4906250e+02   8.8049887e-01
   6.4966797e+02   8.8254665e-01
   6.5027344e+02   8.8288836e-01
   6.5087891e+02   8.8459477e-01
   6.5148437e+02   8.8664266e-01
   6.5208984e+02   8.8391191e-01
   6.5269531e+02   8.8459431e-01
   6.5330078e+02   8.8459397e-01
   6.5390625e+02   8.8220562e-01
   6.5451172e+02   8.7947419e-01
   6.5511719e+02   8.7981522e-01
   6.5572266e+02   8.8015670e-01
   6.5632812e+02   8.8357042e-01
   6.5693359e+02   8.8357031e-01
   6.5753906e+02   8.8152265e-01
   6.5814453e+02   8.8118150e-01
   6.5875000e+02   8.8493591e-01
   6.5935547e+02   8.8220539e-01
   6.5996094e+02   8.8493591e-01
   6.6056641e+02   8.8322883e-01
   6.6117187e+02   8.8732495e-01
   6.6177734e+02   8.8698392e-01
   6.6238281e+02   8.8834918e-01
   6.6298828e+02   8.8698415e-01
   6.6359375e+02   8.8186436e-01
   6.6419922e+02   8.8425397e-01
   6.6480469e+02   8.8903227e-01
   6.6541016e+02   8.8869112e-01
   6.6601562e+02   8.8766792e-01
   6.6662109e+02   8.9005672e-01
   6.6722656e+02   8.9108141e-01
   6.6783203e+02   8.9039844e-01
   6.6843750e+02   8.8903375e-01
   6.6904297e+02   8.8903386e-01
   6.6964844e+02   8.8800997e-01
   6.7025391e+02   8.8835191e-01
   6.7085937e+02   8.8698563e-01
   6.7146484e+02   8.9210599e-01
   6.7207031e+02   8.9176530e-01
   6.7267578e+02   8.8937535e-01
   6.7328125e+02   8.9005832e-01
   6.7388672e+02   8.8562128e-01
   6.7449219e+02   8.9312999e-01
   6.7509766e+02   8.9313056e-01
   6.7570312e+02   8.9074095e-01
   6.7630859e+02   8.9483685e-01
   6.7691406e+02   8.9074152e-01
   6.7751953e+02   8.9108175e-01
   6.7812500e+02   8.9210633e-01
   6.7873047e+02   8.9278930e-01
   6.7933594e+02   8.9278965e-01
   6.7994141e+02   8.9381354e-01
   6.8054687e+02   8.9210713e-01
   6.8115234e+02   8.9074175e-01
   6.8175781e+02   8.9483811e-01
   6.8236328e+02   8.9415491e-01
   6.8296875e+02   8.9279067e-01
   6.8357422e+02   8.9347308e-01
   6.8417969e+02   8.9142495e-01
   6.8478516e+02   8.9176610e-01
   6.8539062e+02   8.9176598e-01
   6.8599609e+02   8.9005912e-01
   6.8660156e+02   8.8698688e-01
   6.8720703e+02   8.8596367e-01
   6.8781250e+02   8.9040083e-01
   6.8841797e+02   8.9449685e-01
   6.8902344e+02   8.9040095e-01
   6.8962891e+02   8.8937717e-01
   6.9023437e+02   8.8767054e-01
   6.9083984e+02   8.8630539e-01
   6.9144531e+02   8.8562298e-01
   6.9205078e+02   8.8494024e-01
   6.9265625e+02   8.8562298e-01
   6.9326172e+02   8.8664665e-01
   6.9386719e+02   8.8289223e-01
   6.9447266e+02   8.8186834e-01
   6.9507812e+02   8.8323394e-01
   6.9568359e+02   8.8562287e-01
   6.9628906e+02   8.8460000e-01
   6.9689453e+02   8.8562424e-01
   6.9750000e+02   8.8698927e-01
   6.9810547e+02   8.8596504e-01
   6.9871094e+02   8.8664847e-01
   6.9931641e+02   8.8903819e-01
   6.9992187e+02   8.8801373e-01
   7.0052734e+02   8.8767225e-01
   7.0113281e+02   8.8664801e-01
   7.0173828e+02   8.8391714e-01
   7.0234375e+02   8.8596550e-01
   7.0294922e+02   8.8698996e-01
   7.0355469e+02   8.8323576e-01
   7.0416016e+02   8.8733144e-01
   7.0476562e+02   8.8596561e-01
   7.0537109e+02   8.8664870e-01
   7.0597656e+02   8.8664892e-01
   7.0658203e+02   8.8630744e-01
   7.0718750e+02   8.8596584e-01
   7.0779297e+02   8.8528275e-01
   7.0839844e+02   8.8494206e-01
   7.0900391e+02   8.8528286e-01
   7.0960937e+02   8.9006152e-01
   7.1021484e+02   8.8562469e-01
   7.1082031e+02   8.8733110e-01
   7.1142578e+02   8.8460035e-01
   7.1203125e+02   8.8391783e-01
   7.1263672e+02   8.8391794e-01
   7.1324219e+02   8.8289428e-01
   7.1384766e+02   8.8562389e-01
   7.1445312e+02   8.8323497e-01
   7.1505859e+02   8.8152879e-01
   7.1566406e+02   8.8323474e-01
   7.1626953e+02   8.8221108e-01
   7.1687500e+02   8.8494229e-01
   7.1748047e+02   8.8528434e-01
   7.1808594e+02   8.8528355e-01
   7.1869141e+02   8.8323633e-01
   7.1929687e+02   8.8323599e-01
   7.1990234e+02   8.8187118e-01
   7.2050781e+02   8.8323633e-01
   7.2111328e+02   8.8835636e-01
   7.2171875e+02   8.8801499e-01
   7.2232422e+02   8.8801464e-01
   7.2292969e+02   8.8426000e-01
   7.2353516e+02   8.8630801e-01
   7.2414062e+02   8.8528400e-01
   7.2474609e+02   8.8801521e-01
   7.2535156e+02   8.8630835e-01
   7.2595703e+02   8.8938071e-01
   7.2656250e+02   8.8869751e-01
   7.2716797e+02   8.9074563e-01
   7.2777344e+02   8.8869762e-01
   7.2837891e+02   8.9006334e-01
   7.2898437e+02   8.8972185e-01
   7.2958984e+02   8.9074552e-01
   7.3019531e+02   8.9245307e-01
   7.3080078e+02   8.9347730e-01
   7.3140625e+02   8.9142906e-01
   7.3201172e+02   8.9177009e-01
   7.3261719e+02   8.9279433e-01
   7.3322266e+02   8.9211169e-01
   7.3382812e+02   8.9142872e-01
   7.3443359e+02   8.8801556e-01
   7.3503906e+02   8.8938037e-01
   7.3564453e+02   8.8869728e-01
   7.3625000e+02   8.8596709e-01
   7.3685547e+02   8.8630778e-01
   7.3746094e+02   8.8733213e-01
   7.3806641e+02   8.8323622e-01
   7.3867187e+02   8.8698984e-01
   7.3927734e+02   8.8460057e-01
   7.3988281e+02   8.8118741e-01
   7.4048828e+02   8.8016295e-01
   7.4109375e+02   8.7982147e-01
   7.4169922e+02   8.7743220e-01
   7.4230469e+02   8.7709049e-01
   7.4291016e+02   8.7196956e-01
   7.4351562e+02   8.7162841e-01
   7.4412109e+02   8.6821492e-01
   7.4472656e+02   8.6821503e-01
   7.4533203e+02   8.6889721e-01
   7.4593750e+02   8.6207045e-01
   7.4654297e+02   8.6172919e-01
   7.4714844e+02   8.5899889e-01
   7.4775391e+02   8.5763295e-01
   7.4835937e+02   8.6036325e-01
   7.4896484e+02   8.5660895e-01
   7.4957031e+02   8.5694975e-01
   7.5017578e+02   8.5694953e-01
   7.5078125e+02   8.5524323e-01
   7.5138672e+02   8.5285431e-01
   7.5199219e+02   8.5524357e-01
   7.5259766e+02   8.4978196e-01
   7.5320312e+02   8.4773396e-01
   7.5380859e+02   8.4875751e-01
   7.5441406e+02   8.4944003e-01
   7.5501953e+02   8.4909877e-01
   7.5562500e+02   8.4773295e-01
   7.5623047e+02   8.4363694e-01
   7.5683594e+02   8.4534402e-01
   7.5744141e+02   8.4602620e-01
   7.5804687e+02   8.4500254e-01
   7.5865234e+02   8.4193009e-01
   7.5925781e+02   8.3988275e-01
   7.5986328e+02   8.3988208e-01
   7.6046875e+02   8.4397775e-01
   7.6107422e+02   8.4329490e-01
   7.6167969e+02   8.4056393e-01
   7.6228516e+02   8.3988175e-01
   7.6289062e+02   8.3988119e-01
   7.6349609e+02   8.3578563e-01
   7.6410156e+02   8.3885763e-01
   7.6470703e+02   8.3919900e-01
   7.6531250e+02   8.3954082e-01
   7.6591797e+02   8.3988130e-01
   7.6652344e+02   8.3988141e-01
   7.6712891e+02   8.3578619e-01
   7.6773437e+02   8.3646871e-01
   7.6833984e+02   8.3919923e-01
   7.6894531e+02   8.4022267e-01
   7.6955078e+02   8.3612689e-01
   7.7015625e+02   8.3817489e-01
   7.7076172e+02   8.3715033e-01
   7.7136719e+02   8.3271340e-01
   7.7197266e+02   8.3714955e-01
   7.7257812e+02   8.3203044e-01
   7.7318359e+02   8.3271240e-01
   7.7378906e+02   8.3203022e-01
   7.7439453e+02   8.2964040e-01
   7.7500000e+02   8.2929892e-01
   7.7560547e+02   8.3168862e-01
   7.7621094e+02   8.3202999e-01
   7.7681641e+02   8.3032314e-01
   7.7742187e+02   8.3032325e-01
   7.7802734e+02   8.2895810e-01
   7.7863281e+02   8.2861607e-01
   7.7923828e+02   8.2895833e-01
   7.7984375e+02   8.2690977e-01
   7.8044922e+02   8.2383821e-01
   7.8105469e+02   8.2964040e-01
   7.8166016e+02   8.2861640e-01
   7.8226562e+02   8.3032314e-01
   7.8287109e+02   8.2827436e-01
   7.8347656e+02   8.3202899e-01
   7.8408203e+02   8.3237036e-01
   7.8468750e+02   8.3339436e-01
   7.8529297e+02   8.3134636e-01
   7.8589844e+02   8.3339436e-01
   7.8650391e+02   8.3271195e-01
   7.8710937e+02   8.3168818e-01
   7.8771484e+02   8.3749014e-01
   7.8832031e+02   8.3510054e-01
   7.8892578e+02   8.3851291e-01
   7.8953125e+02   8.3714810e-01
   7.9013672e+02   8.3202843e-01
   7.9074219e+02   8.3339380e-01
   7.9134766e+02   8.3475839e-01
   7.9195312e+02   8.3578273e-01
   7.9255859e+02   8.3578295e-01
   7.9316406e+02   8.3373372e-01
   7.9376953e+02   8.3407554e-01
   7.9437500e+02   8.3373339e-01
   7.9498047e+02   8.3680572e-01
   7.9558594e+02   8.3236858e-01
   7.9619141e+02   8.3270972e-01
   7.9679687e+02   8.3578217e-01
   7.9740234e+02   8.3714720e-01
   7.9800781e+02   8.3578206e-01
   7.9861328e+02   8.3475750e-01
   7.9921875e+02   8.3748802e-01
   7.9982422e+02   8.3680494e-01
   8.0042969e+02   8.3612254e-01
   8.0103516e+02   8.3646357e-01
   8.0164062e+02   8.3475694e-01
   8.0224609e+02   8.3305020e-01
   8.0285156e+02   8.3509842e-01
   8.0345703e+02   8.3305031e-01
   8.0406250e+02   8.3748757e-01
   8.0466797e+02   8.3714575e-01
   8.0527344e+02   8.3373283e-01
   8.0587891e+02   8.3407342e-01
   8.0648437e+02   8.3202576e-01
   8.0708984e+02   8.3339046e-01
   8.0769531e+02   8.3407331e-01
   8.0830078e+02   8.3304931e-01
   8.0890625e+02   8.3168372e-01
   8.0951172e+02   8.2929458e-01
   8.1011719e+02   8.3065961e-01
   8.1072266e+02   8.2997642e-01
   8.1132812e+02   8.3202409e-01
   8.1193359e+02   8.2929391e-01
   8.1253906e+02   8.3236579e-01
   8.1314453e+02   8.3202431e-01
   8.1375000e+02   8.3168260e-01
   8.1435547e+02   8.3646111e-01
   8.1496094e+02   8.3202375e-01
   8.1556641e+02   8.3407175e-01
   8.1617187e+02   8.3441256e-01
   8.1677734e+02   8.4089781e-01
   8.1738281e+02   8.3782615e-01
   8.1798828e+02   8.3509474e-01
   8.1859375e+02   8.3646056e-01
   8.1919922e+02   8.3646000e-01
   8.1980469e+02   8.3611840e-01
   8.2041016e+02   8.3577692e-01
   8.2101562e+02   8.3850699e-01
   8.2162109e+02   8.3543611e-01
   8.2222656e+02   8.3168071e-01
   8.2283203e+02   8.3577636e-01
   8.2343750e+02   8.3338689e-01
   8.2404297e+02   8.3202152e-01
   8.2464844e+02   8.3202085e-01
   8.2525391e+02   8.3202063e-01
   8.2585937e+02   8.3304507e-01
   8.2646484e+02   8.2860783e-01
   8.2707031e+02   8.3509262e-01
   8.2767578e+02   8.3065560e-01
   8.2828125e+02   8.3372759e-01
   8.2888672e+02   8.3611606e-01
   8.2949219e+02   8.3202130e-01
   8.3009766e+02   8.3338555e-01
   8.3070312e+02   8.3236144e-01
   8.3130859e+02   8.2997208e-01
   8.3191406e+02   8.3201996e-01
   8.3251953e+02   8.3201918e-01
   8.3312500e+02   8.3099552e-01
   8.3373047e+02   8.3167848e-01
   8.3433594e+02   8.2860649e-01
   8.3494141e+02   8.2963049e-01
   8.3554687e+02   8.2826446e-01
   8.3615234e+02   8.2621657e-01
   8.3675781e+02   8.2689909e-01
   8.3736328e+02   8.2724035e-01
   8.3796875e+02   8.2792220e-01
   8.3857422e+02   8.2758105e-01
   8.3917969e+02   8.2553295e-01
   8.3978516e+02   8.2655661e-01
   8.4039062e+02   8.2382588e-01
   8.4099609e+02   8.2519158e-01
   8.4160156e+02   8.2928678e-01
   8.4220703e+02   8.2519080e-01
   8.4281250e+02   8.2553184e-01
   8.4341797e+02   8.2792086e-01
   8.4402344e+02   8.2314270e-01
   8.4462891e+02   8.2314259e-01
   8.4523437e+02   8.2484899e-01
   8.4583984e+02   8.2621391e-01
   8.4644531e+02   8.2348362e-01
   8.4705078e+02   8.2518991e-01
   8.4765625e+02   8.2348373e-01
   8.4826172e+02   8.2314248e-01
   8.4886719e+02   8.2348362e-01
   8.4947266e+02   8.2348318e-01
   8.5007812e+02   8.1768036e-01
   8.5068359e+02   8.2109360e-01
   8.5128906e+02   8.1972857e-01
   8.5189453e+02   8.2143464e-01
   8.5250000e+02   8.2109360e-01
   8.5310547e+02   8.2075223e-01
   8.5371094e+02   8.2553083e-01
   8.5431641e+02   8.2416458e-01
   8.5492187e+02   8.2314081e-01
   8.5552734e+02   8.2416436e-01
   8.5613281e+02   8.2348174e-01
   8.5673828e+02   8.2757738e-01
   8.5734375e+02   8.2723568e-01
   8.5794922e+02   8.2518802e-01
   8.5855469e+02   8.2313937e-01
   8.5916016e+02   8.2382166e-01
   8.5976562e+02   8.2416325e-01
   8.6037109e+02   8.2177323e-01
   8.6097656e+02   8.2109038e-01
   8.6158203e+02   8.1733578e-01
   8.6218750e+02   8.1460428e-01
   8.6279297e+02   8.1596931e-01
   8.6339844e+02   8.1221415e-01
   8.6400391e+02   8.1084857e-01
   8.6460937e+02   8.0948255e-01
   8.6521484e+02   8.0880004e-01
   8.6582031e+02   8.0470385e-01
   8.6642578e+02   8.0538637e-01
   8.6703125e+02   7.9753548e-01
   8.6763672e+02   7.9924165e-01
   8.6824219e+02   7.9651148e-01
   8.6884766e+02   7.9719400e-01
   8.6945312e+02   7.9378000e-01
   8.7005859e+02   7.9548618e-01
   8.7066406e+02   7.9173224e-01
   8.7126953e+02   7.9173224e-01
   8.7187500e+02   7.9104929e-01
   8.7248047e+02   7.9036623e-01
   8.7308594e+02   7.9138945e-01
   8.7369141e+02   7.9309617e-01
   8.7429687e+02   7.8899955e-01
   8.7490234e+02   7.9070573e-01
   8.7550781e+02   7.8592759e-01
   8.7611328e+02   7.8763376e-01
   8.7671875e+02   7.8183098e-01
   8.7732422e+02   7.8490272e-01
   8.7792969e+02   7.8524420e-01
   8.7853516e+02   7.8148895e-01
   8.7914062e+02   7.7909961e-01
   8.7974609e+02   7.7841634e-01
   8.8035156e+02   7.7568563e-01
   8.8095703e+02   7.7568530e-01
   8.8156250e+02   7.7193083e-01
   8.8216797e+02   7.7568497e-01
   8.8277344e+02   7.7295394e-01
   8.8337891e+02   7.6851652e-01
   8.8398437e+02   7.7158794e-01
   8.8458984e+02   7.7056395e-01
   8.8519531e+02   7.6954029e-01
   8.8580078e+02   7.6817505e-01
   8.8640625e+02   7.6749199e-01
   8.8701172e+02   7.7022259e-01
   8.8761719e+02   7.6612631e-01
   8.8822266e+02   7.6339572e-01
   8.8882812e+02   7.6271310e-01
   8.8943359e+02   7.6305479e-01
   8.9003906e+02   7.6373665e-01
   8.9064453e+02   7.6168868e-01
   8.9125000e+02   7.6032387e-01
   8.9185547e+02   7.6203004e-01
   8.9246094e+02   7.6032300e-01
   8.9306641e+02   7.6202972e-01
   8.9367187e+02   7.5929902e-01
   8.9427734e+02   7.6237119e-01
   8.9488281e+02   7.6100562e-01
   8.9548828e+02   7.6237054e-01
   8.9609375e+02   7.6100530e-01
   8.9669922e+02   7.6168781e-01
   8.9730469e+02   7.6134623e-01
   8.9791016e+02   7.5793302e-01
   8.9851562e+02   7.5656713e-01
   8.9912109e+02   7.5793237e-01
   8.9972656e+02   7.5759144e-01
   9.0033203e+02   7.6032181e-01
   9.0093750e+02   7.5861575e-01
   9.0154297e+02   7.6032203e-01
   9.0214844e+02   7.5725040e-01
   9.0275391e+02   7.5861553e-01
   9.0335937e+02   7.5588483e-01
   9.0396484e+02   7.5827373e-01
   9.0457031e+02   7.5724964e-01
   9.0517578e+02   7.5520156e-01
   9.0578125e+02   7.5656723e-01
   9.0638672e+02   7.5588472e-01
   9.0699219e+02   7.5690892e-01
   9.0759766e+02   7.5554325e-01
   9.0820312e+02   7.5759057e-01
   9.0880859e+02   7.5622555e-01
   9.0941406e+02   7.5383632e-01
   9.1001953e+02   7.5724921e-01
   9.1062500e+02   7.5724888e-01
   9.1123047e+02   7.5622533e-01
   9.1183594e+02   7.5759035e-01
   9.1244141e+02   7.5520102e-01
   9.1304687e+02   7.5690784e-01
   9.1365234e+02   7.5724888e-01
   9.1425781e+02   7.6032073e-01
   9.1486328e+02   7.5861391e-01
   9.1546875e+02   7.5554238e-01
   9.1607422e+02   7.6032019e-01
   9.1667969e+02   7.5520080e-01
   9.1728516e+02   7.5520048e-01
   9.1789062e+02   7.5997958e-01
   9.1849609e+02   7.5895484e-01
   9.1910156e+02   7.6168554e-01
   9.1970703e+02   7.5929588e-01
   9.2031250e+02   7.6031954e-01
   9.2091797e+02   7.6270909e-01
   9.2152344e+02   7.6339117e-01
   9.2212891e+02   7.6134374e-01
   9.2273437e+02   7.6236783e-01
   9.2333984e+02   7.6134385e-01
   9.2394531e+02   7.5963638e-01
   9.2455078e+02   7.6236664e-01
   9.2515625e+02   7.5997785e-01
   9.2576172e+02   7.5792977e-01
   9.2636719e+02   7.5758852e-01
   9.2697266e+02   7.5963605e-01
   9.2757812e+02   7.5792945e-01
   9.2818359e+02   7.5895354e-01
   9.2878906e+02   7.5417444e-01
   9.2939453e+02   7.5690438e-01
   9.3000000e+02   7.5861185e-01
   9.3060547e+02   7.5724607e-01
   9.3121094e+02   7.5792912e-01
   9.3181641e+02   7.5792891e-01
   9.3242187e+02   7.6236599e-01
   9.3302734e+02   7.5724585e-01
   9.3363281e+02   7.5519789e-01
   9.3423828e+02   7.5826908e-01
   9.3484375e+02   7.5519702e-01
   9.3544922e+02   7.5314895e-01
   9.3605469e+02   7.5758624e-01
   9.3666016e+02   7.5451397e-01
   9.3726562e+02   7.5314819e-01
   9.3787109e+02   7.5075940e-01
   9.3847656e+02   7.5349010e-01
   9.3908203e+02   7.5314906e-01
   9.3968750e+02   7.5451397e-01
   9.4029297e+02   7.5587878e-01
   9.4089844e+02   7.5383092e-01
   9.4150391e+02   7.5451343e-01
   9.4210937e+02   7.5314852e-01
   9.4271484e+02   7.5485544e-01
   9.4332031e+02   7.5417239e-01
   9.4392578e+02   7.5348923e-01
   9.4453125e+02   7.5485523e-01
   9.4513672e+02   7.5246514e-01
   9.4574219e+02   7.5451278e-01
   9.4634766e+02   7.5485404e-01
   9.4695312e+02   7.5178285e-01
   9.4755859e+02   7.5144138e-01
   9.4816406e+02   7.5280629e-01
   9.4876953e+02   7.5110001e-01
   9.4937500e+02   7.5314787e-01
   9.4998047e+02   7.5280672e-01
   9.5058594e+02   7.5212421e-01
   9.5119141e+02   7.5621993e-01
   9.5179687e+02   7.5587878e-01
   9.5240234e+02   7.5758495e-01
   9.5300781e+02   7.5690265e-01
   9.5361328e+02   7.5621971e-01
   9.5421875e+02   7.5690244e-01
   9.5482422e+02   7.5690254e-01
   9.5542969e+02   7.6065700e-01
   9.5603516e+02   7.5553752e-01
   9.5664062e+02   7.5656140e-01
   9.5724609e+02   7.5656064e-01
   9.5785156e+02   7.5417228e-01
   9.5845703e+02   7.5895105e-01
   9.5906250e+02   7.5383092e-01
   9.5966797e+02   7.5587910e-01
   9.6027344e+02   7.5826865e-01
   9.6087891e+02   7.5724477e-01
   9.6148437e+02   7.5929252e-01
   9.6208984e+02   7.5792739e-01
   9.6269531e+02   7.5997547e-01
   9.6330078e+02   7.5895138e-01
   9.6390625e+02   7.5963432e-01
   9.6451172e+02   7.6099956e-01
   9.6511719e+02   7.5861055e-01
   9.6572266e+02   7.5758657e-01
   9.6632812e+02   7.6304796e-01
   9.6693359e+02   7.6441276e-01
   9.6753906e+02   7.6065863e-01
   9.6814453e+02   7.6270681e-01
   9.6875000e+02   7.6577876e-01
   9.6935547e+02   7.5997579e-01
   9.6996094e+02   7.6031748e-01
   9.7056641e+02   7.6236534e-01
   9.7117187e+02   7.6509593e-01
   9.7177734e+02   7.6270681e-01
   9.7238281e+02   7.6031748e-01
   9.7298828e+02   7.6134211e-01
   9.7359375e+02   7.6134146e-01
   9.7419922e+02   7.6100021e-01
   9.7480469e+02   7.6236523e-01
   9.7541016e+02   7.6202452e-01
   9.7601562e+02   7.6338976e-01
   9.7662109e+02   7.5895246e-01
   9.7722656e+02   7.6236545e-01
   9.7783203e+02   7.6236577e-01
   9.7843750e+02   7.5724596e-01
   9.7904297e+02   7.6270692e-01
   9.7964844e+02   7.6270714e-01
   9.8025391e+02   7.5929425e-01
   9.8085937e+02   7.6236621e-01
   9.8146484e+02   7.6339052e-01
   9.8207031e+02   7.6441504e-01
   9.8267578e+02   7.7090064e-01
   9.8328125e+02   7.7772728e-01
   9.8388672e+02   7.7431450e-01
   9.8449219e+02   7.8489627e-01
   9.8509766e+02   7.8967538e-01
   9.8570312e+02   7.9582106e-01
   9.8630859e+02   7.9991701e-01
   9.8691406e+02   8.1015788e-01
   9.8751953e+02   8.1869160e-01
   9.8812500e+02   8.2074025e-01
   9.8873047e+02   8.3029830e-01
   9.8933594e+02   8.3575940e-01
   9.8994141e+02   8.4292878e-01
   9.9054687e+02   8.4839033e-01
   9.9115234e+02   8.5419460e-01
   9.9175781e+02   8.5999708e-01
   9.9236328e+02   8.6989586e-01
   9.9296875e+02   8.7296852e-01
   9.9357422e+02   8.8184355e-01
   9.9417969e+02   8.8116184e-01
   9.9478516e+02   8.8935357e-01
   9.9539062e+02   8.8901323e-01
   9.9599609e+02   8.9447537e-01
   9.9660156e+02   8.9788839e-01
   9.9720703e+02   9.0198529e-01
   9.9781250e+02   9.0505751e-01
   9.9841797e+02   9.0642322e-01
   9.9902344e+02   9.0949498e-01
   9.9962891e+02   9.1427405e-01
   1.0002344e+03   9.1393337e-01
   1.0008398e+03   9.1325144e-01
   1.0014453e+03   9.2110216e-01
   1.0020508e+03   9.2417439e-01
   1.0026562e+03   9.2451576e-01
   1.0032617e+03   9.2417462e-01
   1.0038672e+03   9.2861210e-01
   1.0044727e+03   9.2963656e-01
   1.0050781e+03   9.3270845e-01
   1.0056836e+03   9.3134342e-01
   1.0062891e+03   9.3475656e-01
   1.0068945e+03   9.3646412e-01
   1.0075000e+03   9.3612298e-01
   1.0081055e+03   9.3782995e-01
   1.0087109e+03   9.3919509e-01
   1.0093164e+03   9.3680560e-01
   1.0099219e+03   9.3987772e-01
   1.0105273e+03   9.3919474e-01
   1.0111328e+03   9.3851223e-01
   1.0117383e+03   9.4397337e-01
   1.0123437e+03   9.3817144e-01
   1.0129492e+03   9.4192595e-01
   1.0135547e+03   9.4090149e-01
   1.0141602e+03   9.4363176e-01
   1.0147656e+03   9.4124228e-01
   1.0153711e+03   9.4090137e-01
   1.0159766e+03   9.4158388e-01
   1.0165820e+03   9.3953623e-01
   1.0171875e+03   9.4056023e-01
   1.0177930e+03   9.3817051e-01
   1.0183984e+03   9.4021874e-01
   1.0190039e+03   9.3544093e-01
   1.0196094e+03   9.3578195e-01
   1.0202148e+03   9.3509851e-01
   1.0208203e+03   9.4021898e-01
   1.0214258e+03   9.4329016e-01
   1.0220312e+03   9.3885325e-01
   1.0226367e+03   9.3953600e-01
   1.0232422e+03   9.3612263e-01
   1.0238477e+03   9.3646388e-01
   1.0244531e+03   9.3646377e-01
   1.0250586e+03   9.3987667e-01
   1.0256641e+03   9.3680467e-01
   1.0262695e+03   9.3851084e-01
   1.0268750e+03   9.3885209e-01
   1.0274805e+03   9.3816970e-01
   1.0280859e+03   9.4158237e-01
   1.0286914e+03   9.3885140e-01
   1.0292969e+03   9.4021711e-01
   1.0299023e+03   9.4363025e-01
   1.0305078e+03   9.3987563e-01
   1.0311133e+03   9.4362955e-01
   1.0317187e+03   9.3953425e-01
   1.0323242e+03   9.4089893e-01
   1.0329297e+03   9.4089963e-01
   1.0335352e+03   9.4363002e-01
   1.0341406e+03   9.4397186e-01
   1.0347461e+03   9.4328876e-01
   1.0353516e+03   9.4636041e-01
   1.0359570e+03   9.4499516e-01
   1.0365625e+03   9.4431241e-01
   1.0371680e+03   9.4362990e-01
   1.0377734e+03   9.4192339e-01
   1.0383789e+03   9.4226453e-01
   1.0389844e+03   9.4499481e-01
   1.0395898e+03   9.4363013e-01
   1.0401953e+03   9.4089881e-01
   1.0408008e+03   9.4021630e-01
   1.0414062e+03   9.4328841e-01
   1.0420117e+03   9.4328748e-01
   1.0426172e+03   9.4260532e-01
   1.0432227e+03   9.4089893e-01
   1.0438281e+03   9.4021572e-01
   1.0444336e+03   9.3919091e-01
   1.0450391e+03   9.3748510e-01
   1.0456445e+03   9.4738324e-01
   1.0462500e+03   9.4089800e-01
   1.0468555e+03   9.4055535e-01
   1.0474609e+03   9.3850805e-01
   1.0480664e+03   9.3680142e-01
   1.0486719e+03   9.3543652e-01
   1.0492773e+03   9.3611880e-01
   1.0498828e+03   9.3646028e-01
   1.0504883e+03   9.3919079e-01
   1.0510937e+03   9.3543652e-01
   1.0516992e+03   9.3646005e-01
   1.0523047e+03   9.3646121e-01
   1.0529102e+03   9.3373036e-01
   1.0535156e+03   9.3509503e-01
   1.0541211e+03   9.3509538e-01
   1.0547266e+03   9.3611938e-01
   1.0553320e+03   9.3543687e-01
   1.0559375e+03   9.3338829e-01
   1.0565430e+03   9.3680154e-01
   1.0571484e+03   9.3543629e-01
   1.0577539e+03   9.3611903e-01
   1.0583594e+03   9.3407057e-01
   1.0589648e+03   9.3441182e-01
   1.0595703e+03   9.3441182e-01
   1.0601758e+03   9.3816644e-01
   1.0607812e+03   9.3611798e-01
   1.0613867e+03   9.3919056e-01
   1.0619922e+03   9.3475261e-01
   1.0625977e+03   9.3850735e-01
   1.0632031e+03   9.3953053e-01
   1.0638086e+03   9.4021351e-01
   1.0644141e+03   9.3577603e-01
   1.0650195e+03   9.3509306e-01
   1.0656250e+03   9.3714128e-01
   1.0662305e+03   9.3679980e-01
   1.0668359e+03   9.3543443e-01
   1.0674414e+03   9.4089602e-01
   1.0680469e+03   9.3850537e-01
   1.0686523e+03   9.3679980e-01
   1.0692578e+03   9.3645750e-01
   1.0698633e+03   9.3440997e-01
   1.0704687e+03   9.3714001e-01
   1.0710742e+03   9.3611636e-01
   1.0716797e+03   9.3270346e-01
   1.0722852e+03   9.3475145e-01
   1.0728906e+03   9.3782310e-01
   1.0734961e+03   9.3679910e-01
   1.0741016e+03   9.3338609e-01
   1.0747070e+03   9.3748056e-01
   1.0753125e+03   9.3543292e-01
   1.0759180e+03   9.3577441e-01
   1.0765234e+03   9.3475041e-01
   1.0771289e+03   9.3611520e-01
   1.0777344e+03   9.3270242e-01
   1.0783398e+03   9.2894815e-01
   1.0789453e+03   9.3201979e-01
   1.0795508e+03   9.2826518e-01
   1.0801562e+03   9.3270276e-01
   1.0807617e+03   9.3509108e-01
   1.0813672e+03   9.3475006e-01
   1.0819727e+03   9.2963089e-01
   1.0825781e+03   9.3099545e-01
   1.0831836e+03   9.2962985e-01
   1.0837891e+03   9.2758151e-01
   1.0843945e+03   9.2621626e-01
   1.0850000e+03   9.2655751e-01
   1.0856055e+03   9.2792253e-01
   1.0862109e+03   9.2382701e-01
   1.0868164e+03   9.2758116e-01
   1.0874219e+03   9.2485054e-01
   1.0880273e+03   9.2689819e-01
   1.0886328e+03   9.2211958e-01
   1.0892383e+03   9.2450859e-01
   1.0898437e+03   9.2109570e-01
   1.0904492e+03   9.2382655e-01
   1.0910547e+03   9.2041342e-01
   1.0916602e+03   9.1973022e-01
   1.0922656e+03   9.1870657e-01
   1.0928711e+03   9.2109524e-01
   1.0934766e+03   9.1631686e-01
   1.0940820e+03   9.1665881e-01
   1.0946875e+03   9.1938931e-01
   1.0952930e+03   9.2177844e-01
   1.0958984e+03   9.1802429e-01
   1.0965039e+03   9.2314392e-01
   1.0971094e+03   9.1973033e-01
   1.0977148e+03   9.2075421e-01
   1.0983203e+03   9.2109593e-01
   1.0989258e+03   9.1665777e-01
   1.0995312e+03   9.1938896e-01
   1.1001367e+03   9.1870634e-01
   1.1007422e+03   9.1768246e-01
   1.1013477e+03   9.1631709e-01
   1.1019531e+03   9.1768119e-01
   1.1025586e+03   9.1904656e-01
   1.1031641e+03   9.1563309e-01
   1.1037695e+03   9.1085368e-01
   1.1043750e+03   9.0948808e-01
   1.1049805e+03   9.0300229e-01
   1.1055859e+03   8.9822301e-01
   1.1061914e+03   8.9173779e-01
   1.1067969e+03   8.8866513e-01
   1.1074023e+03   8.8217856e-01
   1.1080078e+03   8.7842328e-01
   1.1086133e+03   8.7091352e-01
   1.1092187e+03   8.6306195e-01
   1.1098242e+03   8.5589233e-01
   1.1104297e+03   8.5247832e-01
   1.1110352e+03   8.4462677e-01
   1.1116406e+03   8.4189562e-01
   1.1122461e+03   8.3131326e-01
   1.1128516e+03   8.2277945e-01
   1.1134570e+03   8.2004720e-01
   1.1140625e+03   8.1287952e-01
   1.1146680e+03   8.1014783e-01
   1.1152734e+03   8.0502736e-01
   1.1158789e+03   8.0093054e-01
   1.1164844e+03   7.9478620e-01
   1.1170898e+03   7.8761745e-01
   1.1176953e+03   7.8454517e-01
   1.1183008e+03   7.7942395e-01
   1.1189062e+03   7.7771637e-01
   1.1195117e+03   7.6884181e-01
   1.1201172e+03   7.6679363e-01
   1.1207227e+03   7.6679298e-01
   1.1213281e+03   7.5757694e-01
   1.1219336e+03   7.5348092e-01
   1.1225391e+03   7.4836006e-01
   1.1231445e+03   7.4597095e-01
   1.1237500e+03   7.4016791e-01
   1.1243555e+03   7.4289773e-01
   1.1249609e+03   7.3641282e-01
   1.1255664e+03   7.3743658e-01
   1.1261719e+03   7.3777752e-01
   1.1267773e+03   7.3095136e-01
   1.1273828e+03   7.2958495e-01
   1.1279883e+03   7.2958484e-01
   1.1285937e+03   7.2275837e-01
   1.1291992e+03   7.2309920e-01
   1.1298047e+03   7.1934529e-01
   1.1304102e+03   7.2036853e-01
   1.1310156e+03   7.1661377e-01
   1.1316211e+03   7.1627198e-01
   1.1322266e+03   7.1661334e-01
   1.1328320e+03   7.1627220e-01
   1.1334375e+03   7.1627209e-01
   1.1340430e+03   7.1183515e-01
   1.1346484e+03   7.0842175e-01
   1.1352539e+03   7.0944520e-01
   1.1358594e+03   7.0978635e-01
   1.1364648e+03   7.0671442e-01
   1.1370703e+03   7.0193644e-01
   1.1376758e+03   7.0398386e-01
   1.1382812e+03   7.0159508e-01
   1.1388867e+03   7.0227685e-01
   1.1394922e+03   6.9988775e-01
   1.1400977e+03   7.0022932e-01
   1.1407031e+03   6.9852189e-01
   1.1413086e+03   6.9442652e-01
   1.1419141e+03   6.9510882e-01
   1.1425195e+03   6.9681509e-01
   1.1431250e+03   6.9237783e-01
   1.1437305e+03   6.9647352e-01
   1.1443359e+03   6.9476672e-01
   1.1449414e+03   6.9476661e-01
   1.1455469e+03   6.9305981e-01
   1.1461523e+03   6.8725754e-01
   1.1467578e+03   6.8862214e-01
   1.1473633e+03   6.8623294e-01
   1.1479687e+03   6.8623283e-01
   1.1485742e+03   6.8623252e-01
   1.1491797e+03   6.8486740e-01
   1.1497852e+03   6.8589074e-01
   1.1503906e+03   6.8554959e-01
   1.1509961e+03   6.8589064e-01
   1.1516016e+03   6.8657314e-01
   1.1522070e+03   6.8247746e-01
   1.1528125e+03   6.8179433e-01
   1.1534180e+03   6.7940565e-01
   1.1540234e+03   6.8042973e-01
   1.1546289e+03   6.7906377e-01
   1.1552344e+03   6.8179412e-01
   1.1558398e+03   6.8315913e-01
   1.1564453e+03   6.8179391e-01
   1.1570508e+03   6.8076983e-01
   1.1576562e+03   6.7667415e-01
   1.1582617e+03   6.7735666e-01
   1.1588672e+03   6.7428485e-01
   1.1594727e+03   6.7667394e-01
   1.1600781e+03   6.8179349e-01
   1.1606836e+03   6.8008648e-01
   1.1612891e+03   6.7735614e-01
   1.1618945e+03   6.7872105e-01
   1.1625000e+03   6.8111077e-01
   1.1631055e+03   6.8247642e-01
   1.1637109e+03   6.8452415e-01
   1.1643164e+03   6.8213495e-01
   1.1649219e+03   6.8725418e-01
   1.1655273e+03   6.8213380e-01
   1.1661328e+03   6.8281652e-01
   1.1667383e+03   6.7940356e-01
   1.1673437e+03   6.8179244e-01
   1.1679492e+03   6.7735499e-01
   1.1685547e+03   6.7940262e-01
   1.1691602e+03   6.7837802e-01
   1.1697656e+03   6.8281536e-01
   1.1703711e+03   6.8144962e-01
   1.1709766e+03   6.8179118e-01
   1.1715820e+03   6.8076721e-01
   1.1721875e+03   6.8247369e-01
   1.1727930e+03   6.8383881e-01
   1.1733984e+03   6.8452163e-01
   1.1740039e+03   6.8417996e-01
   1.1746094e+03   6.8486299e-01
   1.1752148e+03   6.8076742e-01
   1.1758203e+03   6.8452132e-01
   1.1764258e+03   6.8452111e-01
   1.1770312e+03   6.8520393e-01
   1.1776367e+03   6.8588633e-01
   1.1782422e+03   6.8315557e-01
   1.1788477e+03   6.8349745e-01
   1.1794531e+03   6.8622853e-01
   1.1800586e+03   6.8554455e-01
   1.1806641e+03   6.8998169e-01
   1.1812695e+03   6.8827542e-01
   1.1818750e+03   6.8691062e-01
   1.1824805e+03   6.9066462e-01
   1.1830859e+03   6.8861752e-01
   1.1836914e+03   6.9168859e-01
   1.1842969e+03   6.8793396e-01
   1.1849023e+03   6.8759313e-01
   1.1855078e+03   6.8759313e-01
   1.1861133e+03   6.8895751e-01
   1.1867187e+03   6.8690999e-01
   1.1873242e+03   6.8656863e-01
   1.1879297e+03   6.8554487e-01
   1.1885352e+03   6.8383839e-01
   1.1891406e+03   6.8281390e-01
   1.1897461e+03   6.8622685e-01
   1.1903516e+03   6.8520341e-01
   1.1909570e+03   6.8383734e-01
   1.1915625e+03   6.8452079e-01
   1.1921680e+03   6.8827521e-01
   1.1927734e+03   6.8588602e-01
   1.1933789e+03   6.8554413e-01
   1.1939844e+03   6.8929887e-01
   1.1945898e+03   6.8725124e-01
   1.1951953e+03   6.8895730e-01
   1.1958008e+03   6.8793385e-01
   1.1964062e+03   6.9441872e-01
   1.1970117e+03   6.9202932e-01
   1.1976172e+03   6.8793417e-01
   1.1982227e+03   6.8827500e-01
   1.1988281e+03   6.9134713e-01
   1.1994336e+03   6.8998127e-01
   1.2000391e+03   6.9271172e-01
   1.2006445e+03   6.9134639e-01
   1.2012500e+03   6.9134702e-01
   1.2018555e+03   6.9066367e-01
   1.2024609e+03   6.9305339e-01
   1.2030664e+03   6.9271193e-01
   1.2036719e+03   6.9237046e-01
   1.2042773e+03   6.9202900e-01
   1.2048828e+03   6.9237068e-01
   1.2054883e+03   6.9168859e-01
   1.2060937e+03   6.9646687e-01
   1.2066992e+03   6.9612552e-01
   1.2073047e+03   6.9441851e-01
   1.2079102e+03   6.9646614e-01
   1.2085156e+03   6.9612573e-01
   1.2091211e+03   6.9510165e-01
   1.2097266e+03   6.9373643e-01
   1.2103320e+03   6.9578395e-01
   1.2109375e+03   6.9544217e-01
   1.2115430e+03   6.9714907e-01
   1.2121484e+03   6.9271245e-01
   1.2127539e+03   6.9919701e-01
   1.2133594e+03   6.9714875e-01
   1.2139648e+03   6.9680760e-01
   1.2145703e+03   6.9817240e-01
   1.2151758e+03   6.9919616e-01
   1.2157812e+03   6.9919585e-01
   1.2163867e+03   6.9987856e-01
   1.2169922e+03   6.9680655e-01
   1.2175977e+03   6.9475871e-01
   1.2182031e+03   6.9714791e-01
   1.2188086e+03   6.9714748e-01
   1.2194141e+03   6.9748874e-01
   1.2200195e+03   6.9714706e-01
   1.2206250e+03   7.0021908e-01
   1.2212305e+03   6.9987804e-01
   1.2218359e+03   7.0329099e-01
   1.2224414e+03   7.0056044e-01
   1.2230469e+03   7.0158493e-01
   1.2236523e+03   7.0465642e-01
   1.2242578e+03   7.0499704e-01
   1.2248633e+03   7.0602143e-01
   1.2254687e+03   7.0260859e-01
   1.2260742e+03   7.0465716e-01
   1.2266797e+03   7.1080067e-01
   1.2272852e+03   7.1250757e-01
   1.2278906e+03   7.1319061e-01
   1.2284961e+03   7.1865193e-01
   1.2291016e+03   7.1796974e-01
   1.2297070e+03   7.2308960e-01
   1.2303125e+03   7.2718603e-01
   1.2309180e+03   7.2684584e-01
   1.2315234e+03   7.2752792e-01
   1.2321289e+03   7.3298914e-01
   1.2327344e+03   7.3367219e-01
   1.2333398e+03   7.3469594e-01
   1.2339453e+03   7.3537952e-01
   1.2345508e+03   7.4015824e-01
   1.2351562e+03   7.4152336e-01
   1.2357617e+03   7.4493675e-01
   1.2363672e+03   7.4664388e-01
   1.2369727e+03   7.5142196e-01
   1.2375781e+03   7.5347001e-01
   1.2381836e+03   7.5415306e-01
   1.2387891e+03   7.5347012e-01
   1.2393945e+03   7.5551883e-01
   1.2400000e+03   7.5278848e-01
   1.2406055e+03   7.5824993e-01
   1.2412109e+03   7.5790868e-01
   1.2418164e+03   7.6063892e-01
   1.2424219e+03   7.6371128e-01
   1.2430273e+03   7.6371117e-01
   1.2436328e+03   7.6439335e-01
   1.2442383e+03   7.6507662e-01
   1.2448437e+03   7.6712468e-01
   1.2454492e+03   7.6644206e-01
   1.2460547e+03   7.7019704e-01
   1.2466602e+03   7.7122036e-01
   1.2472656e+03   7.7292771e-01
   1.2478711e+03   7.6951464e-01
   1.2484766e+03   7.7190406e-01
   1.2490820e+03   7.7565839e-01
   1.2496875e+03   7.7326951e-01
   1.2502930e+03   7.7429392e-01
   1.2508984e+03   7.7463496e-01
   1.2515039e+03   7.7702373e-01
   1.2521094e+03   7.7838918e-01
   1.2527148e+03   7.7326929e-01
   1.2533203e+03   7.8214350e-01
   1.2539258e+03   7.7770634e-01
   1.2545312e+03   7.7736498e-01
   1.2551367e+03   7.7770623e-01
   1.2557422e+03   7.7770612e-01
   1.2563477e+03   7.7668280e-01
   1.2569531e+03   7.7497599e-01
   1.2575586e+03   7.7531768e-01
   1.2581641e+03   7.7873086e-01
   1.2587695e+03   7.7941304e-01
   1.2593750e+03   7.7702449e-01
   1.2599805e+03   7.7600019e-01
   1.2605859e+03   7.8043757e-01
   1.2611914e+03   7.7702460e-01
   1.2617969e+03   7.8043680e-01
   1.2624023e+03   7.7634177e-01
   1.2630078e+03   7.7599997e-01
   1.2636133e+03   7.7429414e-01
   1.2642187e+03   7.7429349e-01
   1.2648242e+03   7.7463485e-01
   1.2654297e+03   7.7019780e-01
   1.2660352e+03   7.7156335e-01
   1.2666406e+03   7.7361098e-01
   1.2672461e+03   7.7804825e-01
   1.2678516e+03   7.7326973e-01
   1.2684570e+03   7.7156335e-01
   1.2690625e+03   7.7327006e-01
   1.2696680e+03   7.7463474e-01
   1.2702734e+03   7.7634133e-01
   1.2708789e+03   7.7702449e-01
   1.2714844e+03   7.7565937e-01
   1.2720898e+03   7.7668324e-01
   1.2726953e+03   7.7668346e-01
   1.2733008e+03   7.7497697e-01
   1.2739062e+03   7.7770732e-01
   1.2745117e+03   7.7429392e-01
   1.2751172e+03   7.7497643e-01
   1.2757227e+03   7.7497632e-01
   1.2763281e+03   7.7224619e-01
   1.2769336e+03   7.7053927e-01
   1.2775391e+03   7.7122221e-01
   1.2781445e+03   7.7053927e-01
   1.2787500e+03   7.7224619e-01
   1.2793555e+03   7.7565970e-01
   1.2799609e+03   7.7224673e-01
   1.2805664e+03   7.7122286e-01
   1.2811719e+03   7.7429447e-01
   1.2817773e+03   7.7190559e-01
   1.2823828e+03   7.6883376e-01
   1.2829883e+03   7.7292967e-01
   1.2835937e+03   7.6917524e-01
   1.2841992e+03   7.6951671e-01
   1.2848047e+03   7.7258842e-01
   1.2854102e+03   7.7258798e-01
   1.2860156e+03   7.7122297e-01
   1.2866211e+03   7.7156466e-01
   1.2872266e+03   7.7292989e-01
   1.2878320e+03   7.6985829e-01
   1.2884375e+03   7.7190559e-01
   1.2890430e+03   7.7361261e-01
   1.2896484e+03   7.7463626e-01
   1.2902539e+03   7.7566013e-01
   1.2908594e+03   7.7736640e-01
   1.2914648e+03   7.7531888e-01
   1.2920703e+03   7.7839081e-01
   1.2926758e+03   7.7907354e-01
   1.2932812e+03   7.7941512e-01
   1.2938867e+03   7.7804989e-01
   1.2944922e+03   7.7839179e-01
   1.2950977e+03   7.7770907e-01
   1.2957031e+03   7.7668487e-01
   1.2963086e+03   7.7839168e-01
   1.2969141e+03   7.7770874e-01
   1.2975195e+03   7.7907375e-01
   1.2981250e+03   7.7873272e-01
   1.2987305e+03   7.8146285e-01
   1.2993359e+03   7.7975681e-01
   1.2999414e+03   7.8316955e-01
   1.3005469e+03   7.8214525e-01
   1.3011523e+03   7.8351114e-01
   1.3017578e+03   7.8794830e-01
   1.3023633e+03   7.7975757e-01
   1.3029687e+03   7.8555953e-01
   1.3035742e+03   7.8829032e-01
   1.3041797e+03   7.8658394e-01
   1.3047852e+03   7.8282950e-01
   1.3053906e+03   7.8624291e-01
   1.3059961e+03   7.8078209e-01
   1.3066016e+03   7.8419517e-01
   1.3072070e+03   7.8555986e-01
   1.3078125e+03   7.8419484e-01
   1.3084180e+03   7.8009937e-01
   1.3090234e+03   7.8214667e-01
   1.3096289e+03   7.8112269e-01
   1.3102344e+03   7.8180542e-01
   1.3108398e+03   7.8044019e-01
   1.3114453e+03   7.8043975e-01
   1.3120508e+03   7.7736836e-01
   1.3126562e+03   7.7497926e-01
   1.3132617e+03   7.7736836e-01
   1.3138672e+03   7.7702722e-01
   1.3144727e+03   7.7736847e-01
   1.3150781e+03   7.7668531e-01
   1.3156836e+03   7.7668575e-01
   1.3162891e+03   7.7429697e-01
   1.3168945e+03   7.7395572e-01
   1.3175000e+03   7.7156597e-01
   1.3181055e+03   7.7463801e-01
   1.3187109e+03   7.7600346e-01
   1.3193164e+03   7.6951910e-01
   1.3199219e+03   7.6986024e-01
   1.3205273e+03   7.7293261e-01
   1.3211328e+03   7.7088422e-01
   1.3217383e+03   7.7088509e-01
   1.3223437e+03   7.7429828e-01
   1.3229492e+03   7.7703005e-01
   1.3235547e+03   7.7498089e-01
   1.3241602e+03   7.7702929e-01
   1.3247656e+03   7.7293337e-01
   1.3253711e+03   7.7190939e-01
   1.3259766e+03   7.7225119e-01
   1.3265820e+03   7.7190918e-01
   1.3271875e+03   7.6986165e-01
   1.3277930e+03   7.7054384e-01
   1.3283984e+03   7.6849653e-01
   1.3290039e+03   7.7293381e-01
   1.3296094e+03   7.6815549e-01
   1.3302148e+03   7.7498187e-01
   1.3308203e+03   7.7259255e-01
   1.3314258e+03   7.7054558e-01
   1.3320312e+03   7.6986285e-01
   1.3326367e+03   7.6918067e-01
   1.3332422e+03   7.7225228e-01
   1.3338477e+03   7.6849860e-01
   1.3344531e+03   7.6986394e-01
   1.3350586e+03   7.6883996e-01
   1.3356641e+03   7.7088813e-01
   1.3362695e+03   7.6884061e-01
   1.3368750e+03   7.6815799e-01
   1.3374805e+03   7.6576878e-01
   1.3380859e+03   7.6781685e-01
   1.3386914e+03   7.6269738e-01
   1.3392969e+03   7.6713390e-01
   1.3399023e+03   7.6474578e-01
   1.3405078e+03   7.6713434e-01
   1.3411133e+03   7.6747592e-01
   1.3417187e+03   7.6679352e-01
   1.3423242e+03   7.6645248e-01
   1.3429297e+03   7.6440496e-01
   1.3435352e+03   7.6747624e-01
   1.3441406e+03   7.7225467e-01
   1.3447461e+03   7.6747592e-01
   1.3453516e+03   7.7123102e-01
   1.3459570e+03   7.6884257e-01
   1.3465625e+03   7.7054927e-01
   1.3471680e+03   7.7089074e-01
   1.3477734e+03   7.7225587e-01
   1.3483789e+03   7.7191549e-01
   1.3489844e+03   7.6713640e-01
   1.3495898e+03   7.6781935e-01
   1.3501953e+03   7.7259800e-01
   1.3508008e+03   7.6645465e-01
   1.3514062e+03   7.6918523e-01
   1.3520117e+03   7.7054982e-01
   1.3526172e+03   7.6918480e-01
   1.3532227e+03   7.7020824e-01
   1.3538281e+03   7.6952627e-01
   1.3544336e+03   7.6679515e-01
   1.3550391e+03   7.7055025e-01
   1.3556445e+03   7.6611329e-01
   1.3562500e+03   7.7225641e-01
   1.3568555e+03   7.6918545e-01
   1.3574609e+03   7.6645509e-01
   1.3580664e+03   7.7020878e-01
   1.3586719e+03   7.7191570e-01
   1.3592773e+03   7.7464672e-01
   1.3598828e+03   7.7396388e-01
   1.3604883e+03   7.7771834e-01
   1.3610937e+03   7.7362263e-01
   1.3616992e+03   7.7396421e-01
   1.3623047e+03   7.7737741e-01
   1.3629102e+03   7.7464672e-01
   1.3635156e+03   7.7294045e-01
   1.3641211e+03   7.7498819e-01
   1.3647266e+03   7.7294012e-01
   1.3653320e+03   7.7601239e-01
   1.3659375e+03   7.7737785e-01
   1.3665430e+03   7.7771910e-01
   1.3671484e+03   7.7908477e-01
   1.3677539e+03   7.7567190e-01
   1.3683594e+03   7.8010897e-01
   1.3689648e+03   7.8147454e-01
   1.3695703e+03   7.7840205e-01
   1.3701758e+03   7.8010919e-01
   1.3707812e+03   7.8147377e-01
   1.3713867e+03   7.8181612e-01
   1.3719922e+03   7.7942646e-01
   1.3725977e+03   7.7669621e-01
   1.3732031e+03   7.8010941e-01
   1.3738086e+03   7.7874406e-01
   1.3744141e+03   7.7703746e-01
   1.3750195e+03   7.8147377e-01
   1.3756250e+03   7.7908521e-01
   1.3762305e+03   7.7737850e-01
   1.3768359e+03   7.7771921e-01
   1.3774414e+03   7.7908477e-01
   1.3780469e+03   7.7737796e-01
   1.3786523e+03   7.7498874e-01
   1.3792578e+03   7.7567157e-01
   1.3798633e+03   7.7532956e-01
   1.3804687e+03   7.7908423e-01
   1.3810742e+03   7.8113186e-01
   1.3816797e+03   7.7976652e-01
   1.3822852e+03   7.7942472e-01
   1.3828906e+03   7.8010777e-01
   1.3834961e+03   7.7669436e-01
   1.3841016e+03   7.8317950e-01
   1.3847070e+03   7.7669447e-01
   1.3853125e+03   7.8079017e-01
   1.3859180e+03   7.7771768e-01
   1.3865234e+03   7.7669370e-01
   1.3871289e+03   7.7737621e-01
   1.3877344e+03   7.7601065e-01
   1.3883398e+03   7.7601043e-01
   1.3889453e+03   7.7635223e-01
   1.3895508e+03   7.7601054e-01
   1.3901562e+03   7.7123211e-01
   1.3907617e+03   7.7259723e-01
   1.3913672e+03   7.6747700e-01
   1.3919727e+03   7.7123080e-01
   1.3925781e+03   7.6850001e-01
   1.3931836e+03   7.7020682e-01
   1.3937891e+03   7.6713445e-01
   1.3943945e+03   7.6918230e-01
   1.3950000e+03   7.6679330e-01
   1.3956055e+03   7.6679243e-01
   1.3962109e+03   7.6440289e-01
   1.3968164e+03   7.6747462e-01
   1.3974219e+03   7.6576802e-01
   1.3980273e+03   7.6474361e-01
   1.3986328e+03   7.6679135e-01
   1.3992383e+03   7.6474317e-01
   1.3998437e+03   7.6269522e-01
   1.4004492e+03   7.6303647e-01
   1.4010547e+03   7.6576639e-01
   1.4016602e+03   7.6610808e-01
   1.4022656e+03   7.6713184e-01
   1.4028711e+03   7.7054394e-01
   1.4034766e+03   7.6713217e-01
   1.4040820e+03   7.6508399e-01
   1.4046875e+03   7.6542525e-01
   1.4052930e+03   7.6371811e-01
   1.4058984e+03   7.6883800e-01
   1.4065039e+03   7.6201217e-01
   1.4071094e+03   7.6747244e-01
   1.4077148e+03   7.6337686e-01
   1.4083203e+03   7.6678950e-01
   1.4089258e+03   7.6235223e-01
   1.4095312e+03   7.6474220e-01
   1.4101367e+03   7.5996378e-01
   1.4107422e+03   7.5757402e-01
   1.4113477e+03   7.6132792e-01
   1.4119531e+03   7.6064574e-01
   1.4125586e+03   7.5962166e-01
   1.4131641e+03   7.5996248e-01
   1.4137695e+03   7.6030395e-01
   1.4143750e+03   7.5825642e-01
   1.4149805e+03   7.5962111e-01
   1.4155859e+03   7.5927964e-01
   1.4161914e+03   7.5927932e-01
   1.4167969e+03   7.5791485e-01
   1.4174023e+03   7.5962090e-01
   1.4180078e+03   7.5859660e-01
   1.4186133e+03   7.5893742e-01
   1.4192187e+03   7.5859573e-01
   1.4198242e+03   7.5723050e-01
   1.4204297e+03   7.5825415e-01
   1.4210352e+03   7.5791322e-01
   1.4216406e+03   7.6269142e-01
   1.4222461e+03   7.6064314e-01
   1.4228516e+03   7.5757100e-01
   1.4234570e+03   7.5961982e-01
   1.4240625e+03   7.5996085e-01
   1.4246680e+03   7.5961895e-01
   1.4252734e+03   7.5927770e-01
   1.4258789e+03   7.5893623e-01
   1.4264844e+03   7.5996042e-01
   1.4270898e+03   7.5927726e-01
   1.4276953e+03   7.5722942e-01
   1.4283008e+03   7.5757035e-01
   1.4289062e+03   7.6030113e-01
   1.4295117e+03   7.5449820e-01
   1.4301172e+03   7.5654605e-01
   1.4307227e+03   7.5518049e-01
   1.4313281e+03   7.5313243e-01
   1.4319336e+03   7.5449745e-01
   1.4325391e+03   7.5620436e-01
   1.4331445e+03   7.5415576e-01
   1.4337500e+03   7.5688589e-01
   1.4343555e+03   7.5688654e-01
   1.4349609e+03   7.5517930e-01
   1.4355664e+03   7.5722726e-01
   1.4361719e+03   7.5449691e-01
   1.4367773e+03   7.5756808e-01
   1.4373828e+03   7.5449615e-01
   1.4379883e+03   7.5244798e-01
   1.4385937e+03   7.5654324e-01
   1.4391992e+03   7.5381321e-01
   1.4398047e+03   7.5244712e-01
   1.4404102e+03   7.5313027e-01
   1.4410156e+03   7.5415425e-01
   1.4416211e+03   7.5688427e-01
   1.4422266e+03   7.5517725e-01
   1.4428320e+03   7.5381235e-01
   1.4434375e+03   7.5108178e-01
   1.4440430e+03   7.4937530e-01
   1.4446484e+03   7.5483611e-01
   1.4452539e+03   7.5005705e-01
   1.4458594e+03   7.4527897e-01
   1.4464648e+03   7.4698578e-01
   1.4470703e+03   7.5005781e-01
   1.4476758e+03   7.5244669e-01
   1.4482812e+03   7.4869237e-01
   1.4488867e+03   7.4664356e-01
   1.4494922e+03   7.5278762e-01
   1.4500977e+03   7.5005662e-01
   1.4507031e+03   7.4971537e-01
   1.4513086e+03   7.5381127e-01
   1.4519141e+03   7.5278697e-01
   1.4525195e+03   7.5210457e-01
   1.4531250e+03   7.5278697e-01
   1.4537305e+03   7.5278697e-01
   1.4543359e+03   7.5551656e-01
   1.4549414e+03   7.5107995e-01
   1.4555469e+03   7.5654118e-01
   1.4561523e+03   7.5483405e-01
   1.4567578e+03   7.5756462e-01
   1.4573633e+03   7.5551602e-01
   1.4579687e+03   7.5483308e-01
   1.4585742e+03   7.5312682e-01
   1.4591797e+03   7.5415014e-01
   1.4597852e+03   7.5312563e-01
   1.4603906e+03   7.5585587e-01
   1.4609961e+03   7.5653837e-01
   1.4616016e+03   7.5653859e-01
   1.4622070e+03   7.5483157e-01
   1.4628125e+03   7.5244216e-01
   1.4634180e+03   7.5244291e-01
   1.4640234e+03   7.5073514e-01
   1.4646289e+03   7.5312477e-01
   1.4652344e+03   7.5653686e-01
   1.4658398e+03   7.5244162e-01
   1.4664453e+03   7.5073438e-01
   1.4670508e+03   7.5551321e-01
   1.4676562e+03   7.5005199e-01
   1.4682617e+03   7.5483027e-01
   1.4688672e+03   7.4936905e-01
   1.4694727e+03   7.5141667e-01
   1.4700781e+03   7.5039259e-01
   1.4706836e+03   7.5312293e-01
   1.4712891e+03   7.4902694e-01
   1.4718945e+03   7.4766150e-01
   1.4725000e+03   7.4800275e-01
   1.4731055e+03   7.4493137e-01
   1.4737109e+03   7.5141624e-01
   1.4743164e+03   7.4732025e-01
   1.4749219e+03   7.5175739e-01
   1.4755273e+03   7.5141603e-01
   1.4761328e+03   7.5414669e-01
   1.4767383e+03   7.5756007e-01
   1.4773437e+03   7.5278190e-01
   1.4779492e+03   7.5892584e-01
   1.4785547e+03   7.6233922e-01
   1.4791602e+03   7.6268080e-01
   1.4797656e+03   7.6609408e-01
   1.4803711e+03   7.7292031e-01
   1.4809766e+03   7.7121460e-01
   1.4815820e+03   7.7804149e-01
   1.4821875e+03   7.8008987e-01
   1.4827930e+03   7.8520963e-01
   1.4833984e+03   7.8691677e-01
   1.4840039e+03   7.9476721e-01
   1.4846094e+03   7.9783946e-01
   1.4852148e+03   8.0193580e-01
   1.4858203e+03   8.0398331e-01
   1.4864258e+03   8.0808054e-01
   1.4870312e+03   8.0910430e-01
   1.4876367e+03   8.1627246e-01
   1.4882422e+03   8.1593132e-01
   1.4888477e+03   8.2173437e-01
   1.4894531e+03   8.2514767e-01
   1.4900586e+03   8.2651390e-01
   1.4906641e+03   8.3265766e-01
   1.4912695e+03   8.3299924e-01
   1.4918750e+03   8.3265799e-01
   1.4924805e+03   8.3811936e-01
   1.4930859e+03   8.4153310e-01
   1.4936914e+03   8.4289889e-01
   1.4942969e+03   8.4904322e-01
   1.4949023e+03   8.4836060e-01
   1.4955078e+03   8.5143288e-01
   1.4961133e+03   8.5245686e-01
   1.4967187e+03   8.5484663e-01
   1.4973242e+03   8.5655356e-01
   1.4979297e+03   8.5723697e-01
   1.4985352e+03   8.6269824e-01
   1.4991406e+03   8.5928549e-01
   1.4997461e+03   8.6167471e-01
   1.5003516e+03   8.6338164e-01
   1.5009570e+03   8.6577086e-01
   1.5015625e+03   8.6850121e-01
   1.5021680e+03   8.7293873e-01
   1.5027734e+03   8.7225657e-01
   1.5033789e+03   8.7498737e-01
   1.5039844e+03   8.7430453e-01
   1.5045898e+03   8.7259816e-01
   1.5051953e+03   8.7498783e-01
   1.5058008e+03   8.7771841e-01
   1.5064062e+03   8.7703590e-01
   1.5070117e+03   8.7976626e-01
   1.5076172e+03   8.8420367e-01
   1.5082227e+03   8.8249730e-01
   1.5088281e+03   8.8352151e-01
   1.5094336e+03   8.8659323e-01
   1.5100391e+03   8.8454537e-01
   1.5106445e+03   8.8522867e-01
   1.5112500e+03   8.8557015e-01
   1.5118555e+03   8.9000734e-01
   1.5124609e+03   8.9069053e-01
   1.5130664e+03   8.9000745e-01
   1.5136719e+03   8.9103212e-01
   1.5142773e+03   8.9205576e-01
   1.5148828e+03   8.9649341e-01
   1.5154883e+03   8.9683466e-01
   1.5160937e+03   8.9308066e-01
   1.5166992e+03   8.9649409e-01
   1.5173047e+03   8.9820035e-01
   1.5179102e+03   8.9581147e-01
   1.5185156e+03   8.9615261e-01
   1.5191211e+03   8.9854206e-01
   1.5197266e+03   8.9990718e-01
   1.5203320e+03   8.9751785e-01
   1.5209375e+03   9.0059014e-01
   1.5215430e+03   8.9820138e-01
   1.5221484e+03   8.9922491e-01
   1.5227539e+03   9.0229698e-01
   1.5233594e+03   9.0127265e-01
   1.5239648e+03   8.9717705e-01
   1.5245703e+03   8.9990798e-01
   1.5251758e+03   9.0741747e-01
   1.5257812e+03   9.0059037e-01
   1.5263867e+03   9.0673417e-01
   1.5269922e+03   9.0332119e-01
   1.5275977e+03   9.0605155e-01
   1.5282031e+03   9.0878271e-01
   1.5288086e+03   9.0571087e-01
   1.5294141e+03   9.0502779e-01
   1.5300195e+03   9.0639303e-01
   1.5306250e+03   9.0366324e-01
   1.5312305e+03   9.0400427e-01
   1.5318359e+03   9.0502871e-01
   1.5324414e+03   9.0502779e-01
   1.5330469e+03   9.0093162e-01
   1.5336523e+03   9.0059117e-01
   1.5342578e+03   9.0229766e-01
   1.5348633e+03   9.0468757e-01
   1.5354687e+03   9.0571167e-01
   1.5360742e+03   9.0673543e-01
   1.5366797e+03   9.0468711e-01
   1.5372852e+03   9.0605315e-01
   1.5378906e+03   9.0434586e-01
   1.5384961e+03   9.0195710e-01
   1.5391016e+03   9.0468757e-01
   1.5397070e+03   9.0810113e-01
   1.5403125e+03   9.0741839e-01
   1.5409180e+03   9.0707680e-01
   1.5415234e+03   9.0844203e-01
   1.5421289e+03   9.0844215e-01
   1.5427344e+03   9.0878374e-01
   1.5433398e+03   9.0775964e-01
   1.5439453e+03   9.1048977e-01
   1.5445508e+03   9.0946544e-01
   1.5451562e+03   9.0980693e-01
   1.5457617e+03   9.1014841e-01
   1.5463672e+03   9.0878260e-01
   1.5469727e+03   9.1117274e-01
   1.5475781e+03   9.1390344e-01
   1.5481836e+03   9.1253786e-01
   1.5487891e+03   9.1185524e-01
   1.5493945e+03   9.1151330e-01
   1.5500000e+03   9.0946602e-01
   1.5506055e+03   9.1117228e-01
   1.5512109e+03   9.1185559e-01
   1.5518164e+03   9.1390310e-01
   1.5524219e+03   9.1219684e-01
   1.5530273e+03   9.1219638e-01
   1.5536328e+03   9.1253786e-01
   1.5542383e+03   9.1049046e-01
   1.5548437e+03   9.0980738e-01
   1.5554492e+03   9.1287969e-01
   1.5560547e+03   9.1219718e-01
   1.5566602e+03   9.0980876e-01
   1.5572656e+03   9.1083241e-01
   1.5578711e+03   9.0878478e-01
   1.5584766e+03   9.0878478e-01
   1.5590820e+03   9.1015002e-01
   1.5596875e+03   9.1288038e-01
   1.5602930e+03   9.1014979e-01
   1.5608984e+03   9.1083321e-01
   1.5615039e+03   9.1185685e-01
   1.5621094e+03   9.1219799e-01
   1.5627148e+03   9.0810262e-01
   1.5633203e+03   9.0878547e-01
   1.5639258e+03   9.1288084e-01
   1.5645312e+03   9.0912683e-01
   1.5651367e+03   9.1492950e-01
   1.5657422e+03   9.0912683e-01
   1.5663477e+03   9.1015094e-01
   1.5669531e+03   9.0912718e-01
   1.5675586e+03   9.0605614e-01
   1.5681641e+03   9.0844513e-01
   1.5687695e+03   9.0776206e-01
   1.5693750e+03   9.1083436e-01
   1.5699805e+03   9.1117596e-01
   1.5705859e+03   9.0878662e-01
   1.5711914e+03   9.1083447e-01
   1.5717969e+03   9.0912741e-01
   1.5724023e+03   9.0981072e-01
   1.5730078e+03   9.1390632e-01
   1.5736133e+03   9.0981072e-01
   1.5742187e+03   9.1629532e-01
   1.5748242e+03   9.1254131e-01
   1.5754297e+03   9.1493065e-01
   1.5760352e+03   9.1493134e-01
   1.5766406e+03   9.1527294e-01
   1.5772461e+03   9.1493134e-01
   1.5778516e+03   9.1629624e-01
   1.5784570e+03   9.1697909e-01
   1.5790625e+03   9.1766148e-01
   1.5796680e+03   9.1595510e-01
   1.5802734e+03   9.1663749e-01
   1.5808789e+03   9.1288360e-01
   1.5814844e+03   9.1766217e-01
   1.5820898e+03   9.1629647e-01
   1.5826953e+03   9.1936878e-01
   1.5833008e+03   9.2209891e-01
   1.5839062e+03   9.2073436e-01
   1.5845117e+03   9.1971026e-01
   1.5851172e+03   9.2278222e-01
   1.5857227e+03   9.2073482e-01
   1.5863281e+03   9.2244120e-01
   1.5869336e+03   9.2448906e-01
   1.5875391e+03   9.2312359e-01
   1.5881445e+03   9.2448941e-01
   1.5887500e+03   9.2107631e-01
   1.5893555e+03   9.2824388e-01
   1.5899609e+03   9.2312417e-01
   1.5905664e+03   9.2585488e-01
   1.5911719e+03   9.2790297e-01
   1.5917773e+03   9.3063345e-01
   1.5923828e+03   9.3165779e-01
   1.5929883e+03   9.2960993e-01
   1.5935937e+03   9.3097551e-01
   1.5941992e+03   9.3268212e-01
   1.5948047e+03   9.3234052e-01
   1.5954102e+03   9.3199904e-01
   1.5960156e+03   9.3677761e-01
   1.5966211e+03   9.3541214e-01
   1.5972266e+03   9.3541237e-01
   1.5978320e+03   9.3097563e-01
   1.5984375e+03   9.3165837e-01
   1.5990430e+03   9.3268236e-01
   1.5996484e+03   9.3609569e-01
   1.6002539e+03   9.3541342e-01
   1.6008594e+03   9.3473045e-01
   1.6014648e+03   9.3199927e-01
   1.6020703e+03   9.3438873e-01
   1.6026758e+03   9.3404736e-01
   1.6032812e+03   9.2926867e-01
   1.6038867e+03   9.2312428e-01
   1.6044922e+03   9.2141767e-01
   1.6050977e+03   9.1766263e-01
   1.6057031e+03   9.1390724e-01
   1.6063086e+03   9.0844571e-01
   1.6069141e+03   9.0298303e-01
   1.6075195e+03   8.9888640e-01
   1.6081250e+03   8.8932860e-01
   1.6087305e+03   8.8352571e-01
   1.6093359e+03   8.7430827e-01
   1.6099414e+03   8.6884687e-01
   1.6105469e+03   8.5758171e-01
   1.6111523e+03   8.5689797e-01
   1.6117578e+03   8.4734021e-01
   1.6123633e+03   8.4085485e-01
   1.6129687e+03   8.2958929e-01
   1.6135742e+03   8.2856475e-01
   1.6141797e+03   8.1832418e-01
   1.6147852e+03   8.1456952e-01
   1.6153906e+03   8.0466979e-01
   1.6159961e+03   8.0671719e-01
   1.6166016e+03   7.9613551e-01
   1.6172070e+03   7.9169769e-01
   1.6178125e+03   7.8384594e-01
   1.6184180e+03   7.8179777e-01
   1.6190234e+03   7.7701860e-01
   1.6196289e+03   7.7258102e-01
   1.6202344e+03   7.6438804e-01
   1.6208398e+03   7.6268069e-01
   1.6214453e+03   7.5824290e-01
   1.6220508e+03   7.5380533e-01
   1.6226562e+03   7.4902618e-01
   1.6232617e+03   7.4458829e-01
   1.6238672e+03   7.4117481e-01
   1.6244727e+03   7.3742039e-01
   1.6250781e+03   7.3161739e-01
   1.6256836e+03   7.2649711e-01
   1.6262891e+03   7.2513115e-01
   1.6268945e+03   7.2001066e-01
   1.6275000e+03   7.1284267e-01
   1.6281055e+03   7.0703979e-01
   1.6287109e+03   7.1079346e-01
   1.6293164e+03   7.0635634e-01
   1.6299219e+03   7.0396620e-01
   1.6305273e+03   6.9987043e-01
   1.6311328e+03   6.9748125e-01
   1.6317383e+03   6.9713957e-01
   1.6323437e+03   6.9645686e-01
   1.6329492e+03   6.9440903e-01
   1.6335547e+03   6.9679811e-01
   1.6341602e+03   6.9406694e-01
   1.6347656e+03   6.9270214e-01
   1.6353711e+03   6.8860585e-01
   1.6359766e+03   6.8621625e-01
   1.6365820e+03   6.8450989e-01
   1.6371875e+03   6.7904891e-01
   1.6377930e+03   6.7324616e-01
   1.6383984e+03   6.7392845e-01
   1.6390039e+03   6.7222188e-01
   1.6396094e+03   6.7256324e-01
   1.6402148e+03   6.7153865e-01
   1.6408203e+03   6.6949093e-01
   1.6414258e+03   6.7119760e-01
   1.6420312e+03   6.7290365e-01
   1.6426367e+03   6.7153812e-01
   1.6432422e+03   6.6880780e-01
   1.6438477e+03   6.6949040e-01
   1.6444531e+03   6.6846634e-01
   1.6450586e+03   6.7051437e-01
   1.6456641e+03   6.6983176e-01
   1.6462695e+03   6.7324501e-01
   1.6468750e+03   6.7188000e-01
   1.6474805e+03   6.7222084e-01
   1.6480859e+03   6.7188000e-01
   1.6486914e+03   6.6914957e-01
   1.6492969e+03   6.7290386e-01
   1.6499023e+03   6.7324543e-01
   1.6505078e+03   6.7495138e-01
   1.6511133e+03   6.7392720e-01
   1.6517187e+03   6.7324512e-01
   1.6523242e+03   6.7153896e-01
   1.6529297e+03   6.7597597e-01
   1.6535352e+03   6.7870609e-01
   1.6541406e+03   6.7290355e-01
   1.6547461e+03   6.6812488e-01
   1.6553516e+03   6.7153802e-01
   1.6559570e+03   6.7085573e-01
   1.6565625e+03   6.7290345e-01
   1.6571680e+03   6.7153812e-01
   1.6577734e+03   6.7085500e-01
   1.6583789e+03   6.7051395e-01
   1.6589844e+03   6.6710029e-01
   1.6595898e+03   6.6744185e-01
   1.6601953e+03   6.6675893e-01
   1.6608008e+03   6.7017218e-01
   1.6614062e+03   6.7085489e-01
   1.6620117e+03   6.6641768e-01
   1.6626172e+03   6.6709997e-01
   1.6632227e+03   6.6607611e-01
   1.6638281e+03   6.6232161e-01
   1.6644336e+03   6.6197984e-01
   1.6650391e+03   6.5890837e-01
   1.6656445e+03   6.5993192e-01
   1.6662500e+03   6.5754274e-01
   1.6668555e+03   6.5856618e-01
   1.6674609e+03   6.5720180e-01
   1.6680664e+03   6.5890837e-01
   1.6686719e+03   6.5822514e-01
   1.6692773e+03   6.5856691e-01
   1.6698828e+03   6.5924952e-01
   1.6704883e+03   6.5788399e-01
   1.6710937e+03   6.5617700e-01
   1.6716992e+03   6.5617762e-01
   1.6723047e+03   6.5651877e-01
   1.6729102e+03   6.5071583e-01
   1.6735156e+03   6.5242261e-01
   1.6741211e+03   6.5071573e-01
   1.6747266e+03   6.5071563e-01
   1.6753320e+03   6.5208105e-01
   1.6759375e+03   6.5549450e-01
   1.6765430e+03   6.5617721e-01
   1.6771484e+03   6.5754274e-01
   1.6777539e+03   6.5959035e-01
   1.6783594e+03   6.5720076e-01
   1.6789648e+03   6.5208136e-01
   1.6795703e+03   6.5583554e-01
   1.6801758e+03   6.5651825e-01
   1.6807812e+03   6.5412918e-01
   1.6813867e+03   6.5617680e-01
   1.6819922e+03   6.5651753e-01
   1.6825977e+03   6.5685930e-01
   1.6832031e+03   6.5378720e-01
   1.6838086e+03   6.5651794e-01
   1.6844141e+03   6.5617617e-01
   1.6850195e+03   6.5549315e-01
   1.6856250e+03   6.5685909e-01
   1.6862305e+03   6.5583461e-01
   1.6868359e+03   6.5242168e-01
   1.6874414e+03   6.5685878e-01
   1.6880469e+03   6.5651722e-01
   1.6886523e+03   6.5890660e-01
   1.6892578e+03   6.5685951e-01
   1.6898633e+03   6.6095463e-01
   1.6904687e+03   6.5788357e-01
   1.6910742e+03   6.6095474e-01
   1.6916797e+03   6.6197922e-01
   1.6922852e+03   6.5993057e-01
   1.6928906e+03   6.6231954e-01
   1.6934961e+03   6.6027151e-01
   1.6941016e+03   6.5617597e-01
   1.6947070e+03   6.5788254e-01
   1.6953125e+03   6.6027140e-01
   1.6959180e+03   6.6129526e-01
   1.6965234e+03   6.5856442e-01
   1.6971289e+03   6.5958890e-01
   1.6977344e+03   6.6095359e-01
   1.6983398e+03   6.5651639e-01
   1.6989453e+03   6.6197787e-01
   1.6995508e+03   6.5890608e-01
   1.7001562e+03   6.6163579e-01
   1.7007617e+03   6.5958838e-01
   1.7013672e+03   6.6675518e-01
   1.7019727e+03   6.6300069e-01
   1.7025781e+03   6.6300162e-01
   1.7031836e+03   6.6539070e-01
   1.7037891e+03   6.6470851e-01
   1.7043945e+03   6.6163631e-01
   1.7050000e+03   6.6539038e-01
   1.7056055e+03   6.6197745e-01
   1.7062109e+03   6.6368361e-01
   1.7068164e+03   6.6641435e-01
   1.7074219e+03   6.6777925e-01
   1.7080273e+03   6.6675602e-01
   1.7086328e+03   6.6402527e-01
   1.7092383e+03   6.6880373e-01
   1.7098437e+03   6.6948644e-01
   1.7104492e+03   6.6880384e-01
   1.7110547e+03   6.6914488e-01
   1.7116602e+03   6.6812113e-01
   1.7122656e+03   6.6504955e-01
   1.7128711e+03   6.6709779e-01
   1.7134766e+03   6.6231922e-01
   1.7140820e+03   6.6368361e-01
   1.7146875e+03   6.6675570e-01
   1.7152930e+03   6.6641476e-01
   1.7158984e+03   6.6573174e-01
   1.7165039e+03   6.6470767e-01
   1.7171094e+03   6.6641445e-01
   1.7177148e+03   6.6129464e-01
   1.7183203e+03   6.6265975e-01
   1.7189258e+03   6.6709643e-01
   1.7195312e+03   6.6573164e-01
   1.7201367e+03   6.6470705e-01
   1.7207422e+03   6.6300142e-01
   1.7213477e+03   6.6743779e-01
   1.7219531e+03   6.6334215e-01
   1.7225586e+03   6.6163547e-01
   1.7231641e+03   6.5856390e-01
   1.7237695e+03   6.5924630e-01
   1.7243750e+03   6.6095276e-01
   1.7249805e+03   6.6095266e-01
