   0.0000000e+00  -2.3925732e+01
   6.0546875e-01  -2.3925732e+01
   1.2109375e+00  -2.3937538e+01
   1.8164062e+00  -2.3937538e+01
   2.4218750e+00  -2.3927527e+01
   3.0273437e+00  -2.3918347e+01
   3.6328125e+00  -2.3918347e+01
   4.2382812e+00  -2.3868717e+01
   4.8437500e+00  -2.3868717e+01
   5.4492187e+00  -2.3946857e+01
   6.0546875e+00  -2.3914991e+01
   6.6601562e+00  -2.3914991e+01
   7.2656250e+00  -2.3973772e+01
   7.8710937e+00  -2.3973772e+01
   8.4765625e+00  -2.4103927e+01
   9.0820312e+00  -2.4087692e+01
   9.6875000e+00  -2.4087692e+01
   1.0292969e+01  -2.4039839e+01
   1.0898437e+01  -2.4053880e+01
   1.1503906e+01  -2.4053880e+01
   1.2109375e+01  -2.4034337e+01
   1.2714844e+01  -2.4034337e+01
   1.3320312e+01  -2.4017089e+01
   1.3925781e+01  -2.3984388e+01
   1.4531250e+01  -2.3984388e+01
   1.5136719e+01  -2.3940984e+01
   1.5742187e+01  -2.3940984e+01
   1.6347656e+01  -2.4047347e+01
   1.6953125e+01  -2.3964785e+01
   1.7558594e+01  -2.3964785e+01
   1.8164062e+01  -2.4068653e+01
   1.8769531e+01  -2.4068653e+01
   1.9375000e+01  -2.4173298e+01
   1.9980469e+01  -2.4073323e+01
   2.0585937e+01  -2.4073323e+01
   2.1191406e+01  -2.4107879e+01
   2.1796875e+01  -2.4170939e+01
   2.2402344e+01  -2.4170939e+01
   2.3007812e+01  -2.4123998e+01
   2.3613281e+01  -2.4123998e+01
   2.4218750e+01  -2.4108312e+01
   2.4824219e+01  -2.4015130e+01
   2.5429687e+01  -2.4015130e+01
   2.6035156e+01  -2.4013475e+01
   2.6640625e+01  -2.4013475e+01
   2.7246094e+01  -2.4006116e+01
   2.7851562e+01  -2.4094057e+01
   2.8457031e+01  -2.4094057e+01
   2.9062500e+01  -2.4044265e+01
   2.9667969e+01  -2.4044265e+01
   3.0273437e+01  -2.4125890e+01
   3.0878906e+01  -2.4087224e+01
   3.1484375e+01  -2.4087224e+01
   3.2089844e+01  -2.4121321e+01
   3.2695312e+01  -2.4236578e+01
   3.3300781e+01  -2.4236578e+01
   3.3906250e+01  -2.4156334e+01
   3.4511719e+01  -2.4156334e+01
   3.5117187e+01  -2.4095621e+01
   3.5722656e+01  -2.4126423e+01
   3.6328125e+01  -2.4126423e+01
   3.6933594e+01  -2.4120988e+01
   3.7539062e+01  -2.4120988e+01
   3.8144531e+01  -2.4119616e+01
   3.8750000e+01  -2.4081969e+01
   3.9355469e+01  -2.4081969e+01
   3.9960937e+01  -2.4126586e+01
   4.0566406e+01  -2.4126586e+01
   4.1171875e+01  -2.4131581e+01
   4.1777344e+01  -2.4043614e+01
   4.2382812e+01  -2.4043614e+01
   4.2988281e+01  -2.4037090e+01
   4.3593750e+01  -2.4062421e+01
   4.4199219e+01  -2.4062421e+01
   4.4804687e+01  -2.4144885e+01
   4.5410156e+01  -2.4144885e+01
   4.6015625e+01  -2.4120777e+01
   4.6621094e+01  -2.4264345e+01
   4.7226562e+01  -2.4264345e+01
   4.7832031e+01  -2.4079733e+01
   4.8437500e+01  -2.4079733e+01
   4.9042969e+01  -2.4136202e+01
   4.9648437e+01  -2.4189840e+01
   5.0253906e+01  -2.4189840e+01
   5.0859375e+01  -2.4166508e+01
   5.1464844e+01  -2.4166508e+01
   5.2070312e+01  -2.4131765e+01
   5.2675781e+01  -2.4216706e+01
   5.3281250e+01  -2.4216706e+01
   5.3886719e+01  -2.4198829e+01
   5.4492187e+01  -2.4163078e+01
   5.5097656e+01  -2.4163078e+01
   5.5703125e+01  -2.4124534e+01
   5.6308594e+01  -2.4124534e+01
   5.6914062e+01  -2.4166455e+01
   5.7519531e+01  -2.4218018e+01
   5.8125000e+01  -2.4218018e+01
   5.8730469e+01  -2.4086754e+01
   5.9335937e+01  -2.4086754e+01
   5.9941406e+01  -2.4211908e+01
   6.0546875e+01  -2.4199625e+01
   6.1152344e+01  -2.4199625e+01
   6.1757812e+01  -2.4066441e+01
   6.2363281e+01  -2.4047941e+01
   6.2968750e+01  -2.4047941e+01
   6.3574219e+01  -2.3432385e+01
   6.4179687e+01  -2.3432385e+01
   6.4785156e+01  -2.4137448e+01
   6.5390625e+01  -2.4112163e+01
   6.5996094e+01  -2.4112163e+01
   6.6601562e+01  -2.4044931e+01
   6.7207031e+01  -2.4044931e+01
   6.7812500e+01  -2.4053297e+01
   6.8417969e+01  -2.4141183e+01
   6.9023437e+01  -2.4141183e+01
   6.9628906e+01  -2.4076584e+01
   7.0234375e+01  -2.4076584e+01
   7.0839844e+01  -2.4053240e+01
   7.1445312e+01  -2.3955636e+01
   7.2050781e+01  -2.3955636e+01
   7.2656250e+01  -2.3973825e+01
   7.3261719e+01  -2.4022608e+01
   7.3867187e+01  -2.4022608e+01
   7.4472656e+01  -2.4088915e+01
   7.5078125e+01  -2.4088915e+01
   7.5683594e+01  -2.4032613e+01
   7.6289062e+01  -2.3951550e+01
   7.6894531e+01  -2.3951550e+01
   7.7500000e+01  -2.3987884e+01
   7.8105469e+01  -2.3987884e+01
   7.8710937e+01  -2.3907896e+01
   7.9316406e+01  -2.3874558e+01
   7.9921875e+01  -2.3874558e+01
   8.0527344e+01  -2.3941848e+01
   8.1132812e+01  -2.3941848e+01
   8.1738281e+01  -2.3912333e+01
   8.2343750e+01  -2.3879505e+01
   8.2949219e+01  -2.3879505e+01
   8.3554687e+01  -2.3862462e+01
   8.4160156e+01  -2.3890056e+01
   8.4765625e+01  -2.3890056e+01
   8.5371094e+01  -2.3854129e+01
   8.5976562e+01  -2.3854129e+01
   8.6582031e+01  -2.3837690e+01
   8.7187500e+01  -2.3827943e+01
   8.7792969e+01  -2.3827943e+01
   8.8398437e+01  -2.3812228e+01
   8.9003906e+01  -2.3812228e+01
   8.9609375e+01  -2.3919809e+01
   9.0214844e+01  -2.3761216e+01
   9.0820312e+01  -2.3761216e+01
   9.1425781e+01  -2.3836723e+01
   9.2031250e+01  -2.3836723e+01
   9.2636719e+01  -2.3960020e+01
   9.3242187e+01  -2.3910699e+01
   9.3847656e+01  -2.3910699e+01
   9.4453125e+01  -2.3938747e+01
   9.5058594e+01  -2.3934299e+01
   9.5664062e+01  -2.3934299e+01
   9.6269531e+01  -2.3859104e+01
   9.6875000e+01  -2.3859104e+01
   9.7480469e+01  -2.4000861e+01
   9.8085937e+01  -2.4028462e+01
   9.8691406e+01  -2.4028462e+01
   9.9296875e+01  -2.4008941e+01
   9.9902344e+01  -2.4008941e+01
   1.0050781e+02  -2.3969863e+01
   1.0111328e+02  -2.3980083e+01
   1.0171875e+02  -2.3980083e+01
   1.0232422e+02  -2.3957237e+01
   1.0292969e+02  -2.3957237e+01
   1.0353516e+02  -2.3992710e+01
   1.0414062e+02  -2.3978180e+01
   1.0474609e+02  -2.3978180e+01
   1.0535156e+02  -2.4006202e+01
   1.0595703e+02  -2.3956191e+01
   1.0656250e+02  -2.3956191e+01
   1.0716797e+02  -2.3937271e+01
   1.0777344e+02  -2.3937271e+01
   1.0837891e+02  -2.3939944e+01
   1.0898437e+02  -2.3832193e+01
   1.0958984e+02  -2.3832193e+01
   1.1019531e+02  -2.3998108e+01
   1.1080078e+02  -2.3998108e+01
   1.1140625e+02  -2.3983810e+01
   1.1201172e+02  -2.3997232e+01
   1.1261719e+02  -2.3997232e+01
   1.1322266e+02  -2.4001830e+01
   1.1382812e+02  -2.3988634e+01
   1.1443359e+02  -2.3988634e+01
   1.1503906e+02  -2.3840740e+01
   1.1564453e+02  -2.3840740e+01
   1.1625000e+02  -2.3935373e+01
   1.1685547e+02  -2.3969838e+01
   1.1746094e+02  -2.3969838e+01
   1.1806641e+02  -2.3977567e+01
   1.1867187e+02  -2.3977567e+01
   1.1927734e+02  -2.3940674e+01
   1.1988281e+02  -2.3934288e+01
   1.2048828e+02  -2.3934288e+01
   1.2109375e+02  -2.3818151e+01
   1.2169922e+02  -2.3818151e+01
   1.2230469e+02  -2.3804846e+01
   1.2291016e+02  -2.3864023e+01
   1.2351562e+02  -2.3864023e+01
   1.2412109e+02  -2.3835587e+01
   1.2472656e+02  -2.3856840e+01
   1.2533203e+02  -2.3856840e+01
   1.2593750e+02  -2.3899918e+01
   1.2654297e+02  -2.3899918e+01
   1.2714844e+02  -2.3890540e+01
   1.2775391e+02  -2.3906016e+01
   1.2835937e+02  -2.3906016e+01
   1.2896484e+02  -2.3946865e+01
   1.2957031e+02  -2.3946865e+01
   1.3017578e+02  -2.3963474e+01
   1.3078125e+02  -2.4091211e+01
   1.3138672e+02  -2.4091211e+01
   1.3199219e+02  -2.4047969e+01
   1.3259766e+02  -2.4047969e+01
   1.3320312e+02  -2.3948507e+01
   1.3380859e+02  -2.3949172e+01
   1.3441406e+02  -2.3949172e+01
   1.3501953e+02  -2.3964596e+01
   1.3562500e+02  -2.4011511e+01
   1.3623047e+02  -2.4011511e+01
   1.3683594e+02  -2.4355918e+01
   1.3744141e+02  -2.4355918e+01
   1.3804687e+02  -2.4556867e+01
   1.3865234e+02  -2.4619084e+01
   1.3925781e+02  -2.4619084e+01
   1.3986328e+02  -2.4739276e+01
   1.4046875e+02  -2.4739276e+01
   1.4107422e+02  -2.4775998e+01
   1.4167969e+02  -2.4922146e+01
   1.4228516e+02  -2.4922146e+01
   1.4289062e+02  -2.4844836e+01
   1.4349609e+02  -2.4844836e+01
   1.4410156e+02  -2.4853989e+01
   1.4470703e+02  -2.4955811e+01
   1.4531250e+02  -2.4955811e+01
   1.4591797e+02  -2.5056339e+01
   1.4652344e+02  -2.5072870e+01
   1.4712891e+02  -2.5072870e+01
   1.4773437e+02  -2.4964166e+01
   1.4833984e+02  -2.4964166e+01
   1.4894531e+02  -2.4974908e+01
   1.4955078e+02  -2.5045934e+01
   1.5015625e+02  -2.5045934e+01
   1.5076172e+02  -2.5098004e+01
   1.5136719e+02  -2.5098004e+01
   1.5197266e+02  -2.5059106e+01
   1.5257812e+02  -2.5026996e+01
   1.5318359e+02  -2.5026996e+01
   1.5378906e+02  -2.4985225e+01
   1.5439453e+02  -2.4985225e+01
   1.5500000e+02  -2.4946964e+01
   1.5560547e+02  -2.4981052e+01
   1.5621094e+02  -2.4981052e+01
   1.5681641e+02  -2.4947897e+01
   1.5742187e+02  -2.4914774e+01
   1.5802734e+02  -2.4914774e+01
   1.5863281e+02  -2.4953245e+01
   1.5923828e+02  -2.4953245e+01
   1.5984375e+02  -2.4933820e+01
   1.6044922e+02  -2.4858765e+01
   1.6105469e+02  -2.4858765e+01
   1.6166016e+02  -2.4836533e+01
   1.6226562e+02  -2.4836533e+01
   1.6287109e+02  -2.4784268e+01
   1.6347656e+02  -2.4783543e+01
   1.6408203e+02  -2.4783543e+01
   1.6468750e+02  -2.4915599e+01
   1.6529297e+02  -2.4795002e+01
   1.6589844e+02  -2.4795002e+01
   1.6650391e+02  -2.4789193e+01
   1.6710937e+02  -2.4789193e+01
   1.6771484e+02  -2.4785950e+01
   1.6832031e+02  -2.4743086e+01
   1.6892578e+02  -2.4743086e+01
   1.6953125e+02  -2.4805490e+01
   1.7013672e+02  -2.4805490e+01
   1.7074219e+02  -2.4773358e+01
   1.7134766e+02  -2.4706311e+01
   1.7195312e+02  -2.4706311e+01
   1.7255859e+02  -2.4758948e+01
   1.7316406e+02  -2.4758948e+01
   1.7376953e+02  -2.4753890e+01
   1.7437500e+02  -2.4833964e+01
   1.7498047e+02  -2.4833964e+01
   1.7558594e+02  -2.4886013e+01
   1.7619141e+02  -2.4897882e+01
   1.7679687e+02  -2.4897882e+01
   1.7740234e+02  -2.4804874e+01
   1.7800781e+02  -2.4804874e+01
   1.7861328e+02  -2.4836603e+01
   1.7921875e+02  -2.4838877e+01
   1.7982422e+02  -2.4838877e+01
   1.8042969e+02  -2.4923512e+01
   1.8103516e+02  -2.4923512e+01
   1.8164062e+02  -2.4901922e+01
   1.8224609e+02  -2.4941287e+01
   1.8285156e+02  -2.4941287e+01
   1.8345703e+02  -2.4843591e+01
   1.8406250e+02  -2.4843591e+01
   1.8466797e+02  -2.4951967e+01
   1.8527344e+02  -2.4973100e+01
   1.8587891e+02  -2.4973100e+01
   1.8648437e+02  -2.4882598e+01
   1.8708984e+02  -2.4824382e+01
   1.8769531e+02  -2.4824382e+01
   1.8830078e+02  -2.4840472e+01
   1.8890625e+02  -2.4840472e+01
   1.8951172e+02  -2.4857512e+01
   1.9011719e+02  -2.4866332e+01
   1.9072266e+02  -2.4866332e+01
   1.9132812e+02  -2.4833214e+01
   1.9193359e+02  -2.4833214e+01
   1.9253906e+02  -2.4735133e+01
   1.9314453e+02  -2.4725112e+01
   1.9375000e+02  -2.4725112e+01
   1.9435547e+02  -2.4735567e+01
   1.9496094e+02  -2.4735567e+01
   1.9556641e+02  -2.4721886e+01
   1.9617187e+02  -2.4661006e+01
   1.9677734e+02  -2.4661006e+01
   1.9738281e+02  -2.4678898e+01
   1.9798828e+02  -2.4597107e+01
   1.9859375e+02  -2.4597107e+01
   1.9919922e+02  -2.4739742e+01
   1.9980469e+02  -2.4739742e+01
   2.0041016e+02  -2.4774687e+01
   2.0101562e+02  -2.4793615e+01
   2.0162109e+02  -2.4793615e+01
   2.0222656e+02  -2.4680105e+01
   2.0283203e+02  -2.4680105e+01
   2.0343750e+02  -2.4590614e+01
   2.0404297e+02  -2.4618214e+01
   2.0464844e+02  -2.4618214e+01
   2.0525391e+02  -2.4623126e+01
   2.0585937e+02  -2.4623126e+01
   2.0646484e+02  -2.4684098e+01
   2.0707031e+02  -2.4633837e+01
   2.0767578e+02  -2.4633837e+01
   2.0828125e+02  -2.4693286e+01
   2.0888672e+02  -2.4624662e+01
   2.0949219e+02  -2.4624662e+01
   2.1009766e+02  -2.4552331e+01
   2.1070312e+02  -2.4552331e+01
   2.1130859e+02  -2.4611709e+01
   2.1191406e+02  -2.4668316e+01
   2.1251953e+02  -2.4668316e+01
   2.1312500e+02  -2.4736396e+01
   2.1373047e+02  -2.4736396e+01
   2.1433594e+02  -2.4614202e+01
   2.1494141e+02  -2.4693298e+01
   2.1554687e+02  -2.4693298e+01
   2.1615234e+02  -2.4679128e+01
   2.1675781e+02  -2.4713369e+01
   2.1736328e+02  -2.4713369e+01
   2.1796875e+02  -2.4662822e+01
   2.1857422e+02  -2.4662822e+01
   2.1917969e+02  -2.4597112e+01
   2.1978516e+02  -2.4696912e+01
   2.2039062e+02  -2.4696912e+01
   2.2099609e+02  -2.4663338e+01
   2.2160156e+02  -2.4663338e+01
   2.2220703e+02  -2.4739885e+01
   2.2281250e+02  -2.4682891e+01
   2.2341797e+02  -2.4682891e+01
   2.2402344e+02  -2.4647878e+01
   2.2462891e+02  -2.4647878e+01
   2.2523437e+02  -2.4795407e+01
   2.2583984e+02  -2.4755365e+01
   2.2644531e+02  -2.4755365e+01
   2.2705078e+02  -2.4798455e+01
   2.2765625e+02  -2.4764800e+01
   2.2826172e+02  -2.4764800e+01
   2.2886719e+02  -2.4833416e+01
   2.2947266e+02  -2.4833416e+01
   2.3007812e+02  -2.4803027e+01
   2.3068359e+02  -2.4906930e+01
   2.3128906e+02  -2.4906930e+01
   2.3189453e+02  -2.4935617e+01
   2.3250000e+02  -2.4935617e+01
   2.3310547e+02  -2.4930586e+01
   2.3371094e+02  -2.4837206e+01
   2.3431641e+02  -2.4837206e+01
   2.3492187e+02  -2.4909908e+01
   2.3552734e+02  -2.4909908e+01
   2.3613281e+02  -2.4902549e+01
   2.3673828e+02  -2.4923927e+01
   2.3734375e+02  -2.4923927e+01
   2.3794922e+02  -2.4949874e+01
   2.3855469e+02  -2.4916643e+01
   2.3916016e+02  -2.4916643e+01
   2.3976562e+02  -2.4905894e+01
   2.4037109e+02  -2.4905894e+01
   2.4097656e+02  -2.4918059e+01
   2.4158203e+02  -2.4852909e+01
   2.4218750e+02  -2.4852909e+01
   2.4279297e+02  -2.4887457e+01
   2.4339844e+02  -2.4887457e+01
   2.4400391e+02  -2.4930824e+01
   2.4460937e+02  -2.4873290e+01
   2.4521484e+02  -2.4873290e+01
   2.4582031e+02  -2.5016073e+01
   2.4642578e+02  -2.5016073e+01
   2.4703125e+02  -2.5062745e+01
   2.4763672e+02  -2.4952927e+01
   2.4824219e+02  -2.4952927e+01
   2.4884766e+02  -2.5009367e+01
   2.4945312e+02  -2.4926155e+01
   2.5005859e+02  -2.4926155e+01
   2.5066406e+02  -2.4895012e+01
   2.5126953e+02  -2.4895012e+01
   2.5187500e+02  -2.4982775e+01
   2.5248047e+02  -2.4881856e+01
   2.5308594e+02  -2.4881856e+01
   2.5369141e+02  -2.4794388e+01
   2.5429687e+02  -2.4794388e+01
   2.5490234e+02  -2.4782526e+01
   2.5550781e+02  -2.4884830e+01
   2.5611328e+02  -2.4884830e+01
   2.5671875e+02  -2.4866585e+01
   2.5732422e+02  -2.4866585e+01
   2.5792969e+02  -2.4866485e+01
   2.5853516e+02  -2.4804403e+01
   2.5914062e+02  -2.4804403e+01
   2.5974609e+02  -2.4776359e+01
   2.6035156e+02  -2.4731897e+01
   2.6095703e+02  -2.4731897e+01
   2.6156250e+02  -2.4703525e+01
   2.6216797e+02  -2.4703525e+01
   2.6277344e+02  -2.4755308e+01
   2.6337891e+02  -2.4747235e+01
   2.6398437e+02  -2.4747235e+01
   2.6458984e+02  -2.4704116e+01
   2.6519531e+02  -2.4704116e+01
   2.6580078e+02  -2.4571175e+01
   2.6640625e+02  -2.4656701e+01
   2.6701172e+02  -2.4656701e+01
   2.6761719e+02  -2.4728825e+01
   2.6822266e+02  -2.4656751e+01
   2.6882812e+02  -2.4656751e+01
   2.6943359e+02  -2.4667728e+01
   2.7003906e+02  -2.4667728e+01
   2.7064453e+02  -2.4560837e+01
   2.7125000e+02  -2.4520574e+01
   2.7185547e+02  -2.4520574e+01
   2.7246094e+02  -2.4569797e+01
   2.7306641e+02  -2.4569797e+01
   2.7367187e+02  -2.4675853e+01
   2.7427734e+02  -2.4710069e+01
   2.7488281e+02  -2.4710069e+01
   2.7548828e+02  -2.4650997e+01
   2.7609375e+02  -2.4650997e+01
   2.7669922e+02  -2.4691660e+01
   2.7730469e+02  -2.4646872e+01
   2.7791016e+02  -2.4646872e+01
   2.7851562e+02  -2.4605260e+01
   2.7912109e+02  -2.4472934e+01
   2.7972656e+02  -2.4472934e+01
   2.8033203e+02  -2.4578505e+01
   2.8093750e+02  -2.4578505e+01
   2.8154297e+02  -2.4620586e+01
   2.8214844e+02  -2.4612948e+01
   2.8275391e+02  -2.4612948e+01
   2.8335937e+02  -2.4641902e+01
   2.8396484e+02  -2.4641902e+01
   2.8457031e+02  -2.4562643e+01
   2.8517578e+02  -2.4486329e+01
   2.8578125e+02  -2.4486329e+01
   2.8638672e+02  -2.4525061e+01
   2.8699219e+02  -2.4525061e+01
   2.8759766e+02  -2.4546877e+01
   2.8820312e+02  -2.4500558e+01
   2.8880859e+02  -2.4500558e+01
   2.8941406e+02  -2.4510807e+01
   2.9001953e+02  -2.4416422e+01
   2.9062500e+02  -2.4416422e+01
   2.9123047e+02  -2.4457258e+01
   2.9183594e+02  -2.4457258e+01
   2.9244141e+02  -2.4434892e+01
   2.9304687e+02  -2.4383086e+01
   2.9365234e+02  -2.4383086e+01
   2.9425781e+02  -2.4353995e+01
   2.9486328e+02  -2.4353995e+01
   2.9546875e+02  -2.4233805e+01
   2.9607422e+02  -2.4274948e+01
   2.9667969e+02  -2.4274948e+01
   2.9728516e+02  -2.4304658e+01
   2.9789062e+02  -2.4304658e+01
   2.9849609e+02  -2.4313399e+01
   2.9910156e+02  -2.4281196e+01
   2.9970703e+02  -2.4281196e+01
   3.0031250e+02  -2.4346819e+01
   3.0091797e+02  -2.4413438e+01
   3.0152344e+02  -2.4413438e+01
   3.0212891e+02  -2.4305237e+01
   3.0273437e+02  -2.4305237e+01
   3.0333984e+02  -2.4332902e+01
   3.0394531e+02  -2.4402754e+01
   3.0455078e+02  -2.4402754e+01
   3.0515625e+02  -2.4431755e+01
   3.0576172e+02  -2.4431755e+01
   3.0636719e+02  -2.4358518e+01
   3.0697266e+02  -2.4305034e+01
   3.0757812e+02  -2.4305034e+01
   3.0818359e+02  -2.4377357e+01
   3.0878906e+02  -2.4377357e+01
   3.0939453e+02  -2.4470854e+01
   3.1000000e+02  -2.4501166e+01
   3.1060547e+02  -2.4501166e+01
   3.1121094e+02  -2.4471407e+01
   3.1181641e+02  -2.4450160e+01
   3.1242187e+02  -2.4450160e+01
   3.1302734e+02  -2.4418799e+01
   3.1363281e+02  -2.4418799e+01
   3.1423828e+02  -2.4365995e+01
   3.1484375e+02  -2.4284171e+01
   3.1544922e+02  -2.4284171e+01
   3.1605469e+02  -2.4400362e+01
   3.1666016e+02  -2.4400362e+01
   3.1726562e+02  -2.4425339e+01
   3.1787109e+02  -2.4327906e+01
   3.1847656e+02  -2.4327906e+01
   3.1908203e+02  -2.4355364e+01
   3.1968750e+02  -2.4289546e+01
   3.2029297e+02  -2.4289546e+01
   3.2089844e+02  -2.4337924e+01
   3.2150391e+02  -2.4337924e+01
   3.2210937e+02  -2.4380869e+01
   3.2271484e+02  -2.4186385e+01
   3.2332031e+02  -2.4186385e+01
   3.2392578e+02  -2.4266067e+01
   3.2453125e+02  -2.4266067e+01
   3.2513672e+02  -2.4316748e+01
   3.2574219e+02  -2.4325514e+01
   3.2634766e+02  -2.4325514e+01
   3.2695312e+02  -2.4356870e+01
   3.2755859e+02  -2.4356870e+01
   3.2816406e+02  -2.4295960e+01
   3.2876953e+02  -2.4185386e+01
   3.2937500e+02  -2.4185386e+01
   3.2998047e+02  -2.4195484e+01
   3.3058594e+02  -2.4250726e+01
   3.3119141e+02  -2.4250726e+01
   3.3179687e+02  -2.4230847e+01
   3.3240234e+02  -2.4230847e+01
   3.3300781e+02  -2.4108068e+01
   3.3361328e+02  -2.4130824e+01
   3.3421875e+02  -2.4130824e+01
   3.3482422e+02  -2.4119130e+01
   3.3542969e+02  -2.4119130e+01
   3.3603516e+02  -2.4064845e+01
   3.3664062e+02  -2.4041709e+01
   3.3724609e+02  -2.4041709e+01
   3.3785156e+02  -2.3977695e+01
   3.3845703e+02  -2.3977695e+01
   3.3906250e+02  -2.3949058e+01
   3.3966797e+02  -2.4006541e+01
   3.4027344e+02  -2.4006541e+01
   3.4087891e+02  -2.4096149e+01
   3.4148437e+02  -2.4039406e+01
   3.4208984e+02  -2.4039406e+01
   3.4269531e+02  -2.4095463e+01
   3.4330078e+02  -2.4095463e+01
   3.4390625e+02  -2.4189748e+01
   3.4451172e+02  -2.4010333e+01
   3.4511719e+02  -2.4010333e+01
   3.4572266e+02  -2.4091059e+01
   3.4632812e+02  -2.4091059e+01
   3.4693359e+02  -2.4055069e+01
   3.4753906e+02  -2.3888942e+01
   3.4814453e+02  -2.3888942e+01
   3.4875000e+02  -2.3855662e+01
   3.4935547e+02  -2.3855662e+01
   3.4996094e+02  -2.3759290e+01
   3.5056641e+02  -2.3922132e+01
   3.5117187e+02  -2.3922132e+01
   3.5177734e+02  -2.3960309e+01
   3.5238281e+02  -2.4071108e+01
   3.5298828e+02  -2.4071108e+01
   3.5359375e+02  -2.3991379e+01
   3.5419922e+02  -2.3991379e+01
   3.5480469e+02  -2.4040592e+01
   3.5541016e+02  -2.3997636e+01
   3.5601562e+02  -2.3997636e+01
   3.5662109e+02  -2.3958268e+01
   3.5722656e+02  -2.3958268e+01
   3.5783203e+02  -2.3877001e+01
   3.5843750e+02  -2.3804215e+01
   3.5904297e+02  -2.3804215e+01
   3.5964844e+02  -2.3808289e+01
   3.6025391e+02  -2.3808289e+01
   3.6085937e+02  -2.3813060e+01
   3.6146484e+02  -2.3736718e+01
   3.6207031e+02  -2.3736718e+01
   3.6267578e+02  -2.3894228e+01
   3.6328125e+02  -2.3659833e+01
   3.6388672e+02  -2.3659833e+01
   3.6449219e+02  -2.3844925e+01
   3.6509766e+02  -2.3844925e+01
   3.6570312e+02  -2.3891377e+01
   3.6630859e+02  -2.3751601e+01
   3.6691406e+02  -2.3751601e+01
   3.6751953e+02  -2.3780440e+01
   3.6812500e+02  -2.3780440e+01
   3.6873047e+02  -2.3768467e+01
   3.6933594e+02  -2.3730906e+01
   3.6994141e+02  -2.3730906e+01
   3.7054687e+02  -2.3773280e+01
   3.7115234e+02  -2.3706858e+01
   3.7175781e+02  -2.3706858e+01
   3.7236328e+02  -2.3671018e+01
   3.7296875e+02  -2.3671018e+01
   3.7357422e+02  -2.3611954e+01
   3.7417969e+02  -2.3620289e+01
   3.7478516e+02  -2.3620289e+01
   3.7539062e+02  -2.3656675e+01
   3.7599609e+02  -2.3656675e+01
   3.7660156e+02  -2.3623535e+01
   3.7720703e+02  -2.3583458e+01
   3.7781250e+02  -2.3583458e+01
   3.7841797e+02  -2.3562943e+01
   3.7902344e+02  -2.3562943e+01
   3.7962891e+02  -2.3539097e+01
   3.8023437e+02  -2.3535915e+01
   3.8083984e+02  -2.3535915e+01
   3.8144531e+02  -2.3433546e+01
   3.8205078e+02  -2.3474514e+01
   3.8265625e+02  -2.3474514e+01
   3.8326172e+02  -2.3554727e+01
   3.8386719e+02  -2.3554727e+01
   3.8447266e+02  -2.3512890e+01
   3.8507812e+02  -2.3461560e+01
   3.8568359e+02  -2.3461560e+01
   3.8628906e+02  -2.3548301e+01
   3.8689453e+02  -2.3548301e+01
   3.8750000e+02  -2.3518411e+01
   3.8810547e+02  -2.3489558e+01
   3.8871094e+02  -2.3489558e+01
   3.8931641e+02  -2.3347207e+01
   3.8992187e+02  -2.3347207e+01
   3.9052734e+02  -2.3445179e+01
   3.9113281e+02  -2.3418605e+01
   3.9173828e+02  -2.3418605e+01
   3.9234375e+02  -2.3415436e+01
   3.9294922e+02  -2.3399068e+01
   3.9355469e+02  -2.3399068e+01
   3.9416016e+02  -2.3378440e+01
   3.9476562e+02  -2.3378440e+01
   3.9537109e+02  -2.3286829e+01
   3.9597656e+02  -2.3269842e+01
   3.9658203e+02  -2.3269842e+01
   3.9718750e+02  -2.3290546e+01
   3.9779297e+02  -2.3290546e+01
   3.9839844e+02  -2.3306426e+01
   3.9900391e+02  -2.3276591e+01
   3.9960937e+02  -2.3276591e+01
   4.0021484e+02  -2.3192013e+01
   4.0082031e+02  -2.3192013e+01
   4.0142578e+02  -2.3205158e+01
   4.0203125e+02  -2.3155168e+01
   4.0263672e+02  -2.3155168e+01
   4.0324219e+02  -2.3235808e+01
   4.0384766e+02  -2.3224702e+01
   4.0445312e+02  -2.3224702e+01
   4.0505859e+02  -2.3198051e+01
   4.0566406e+02  -2.3198051e+01
   4.0626953e+02  -2.3121439e+01
   4.0687500e+02  -2.3250836e+01
   4.0748047e+02  -2.3250836e+01
   4.0808594e+02  -2.3175437e+01
   4.0869141e+02  -2.3175437e+01
   4.0929687e+02  -2.3232550e+01
   4.0990234e+02  -2.3196770e+01
   4.1050781e+02  -2.3196770e+01
   4.1111328e+02  -2.3091826e+01
   4.1171875e+02  -2.3091826e+01
   4.1232422e+02  -2.3058694e+01
   4.1292969e+02  -2.3279663e+01
   4.1353516e+02  -2.3279663e+01
   4.1414062e+02  -2.3258299e+01
   4.1474609e+02  -2.3189538e+01
   4.1535156e+02  -2.3189538e+01
   4.1595703e+02  -2.3192233e+01
   4.1656250e+02  -2.3192233e+01
   4.1716797e+02  -2.3115339e+01
   4.1777344e+02  -2.3097900e+01
   4.1837891e+02  -2.3097900e+01
   4.1898437e+02  -2.3092172e+01
   4.1958984e+02  -2.3092172e+01
   4.2019531e+02  -2.3068321e+01
   4.2080078e+02  -2.3087171e+01
   4.2140625e+02  -2.3087171e+01
   4.2201172e+02  -2.3136142e+01
   4.2261719e+02  -2.2996845e+01
   4.2322266e+02  -2.2996845e+01
   4.2382812e+02  -2.3068903e+01
   4.2443359e+02  -2.3068903e+01
   4.2503906e+02  -2.2956875e+01
   4.2564453e+02  -2.2996422e+01
   4.2625000e+02  -2.2996422e+01
   4.2685547e+02  -2.2859274e+01
   4.2746094e+02  -2.2859274e+01
   4.2806641e+02  -2.3021976e+01
   4.2867187e+02  -2.2975513e+01
   4.2927734e+02  -2.2975513e+01
   4.2988281e+02  -2.3038076e+01
   4.3048828e+02  -2.3038076e+01
   4.3109375e+02  -2.3041484e+01
   4.3169922e+02  -2.3044448e+01
   4.3230469e+02  -2.3044448e+01
   4.3291016e+02  -2.3062865e+01
   4.3351562e+02  -2.3132005e+01
   4.3412109e+02  -2.3132005e+01
   4.3472656e+02  -2.3152227e+01
   4.3533203e+02  -2.3152227e+01
   4.3593750e+02  -2.3137630e+01
   4.3654297e+02  -2.3087322e+01
   4.3714844e+02  -2.3087322e+01
   4.3775391e+02  -2.2996788e+01
   4.3835937e+02  -2.2996788e+01
   4.3896484e+02  -2.3036658e+01
   4.3957031e+02  -2.2948078e+01
   4.4017578e+02  -2.2948078e+01
   4.4078125e+02  -2.2934574e+01
   4.4138672e+02  -2.2934574e+01
   4.4199219e+02  -2.2990746e+01
   4.4259766e+02  -2.2909431e+01
   4.4320312e+02  -2.2909431e+01
   4.4380859e+02  -2.2948203e+01
   4.4441406e+02  -2.2973158e+01
   4.4501953e+02  -2.2973158e+01
   4.4562500e+02  -2.2862525e+01
   4.4623047e+02  -2.2862525e+01
   4.4683594e+02  -2.2927641e+01
   4.4744141e+02  -2.2801765e+01
   4.4804687e+02  -2.2801765e+01
   4.4865234e+02  -2.2774354e+01
   4.4925781e+02  -2.2774354e+01
   4.4986328e+02  -2.2718279e+01
   4.5046875e+02  -2.2692374e+01
   4.5107422e+02  -2.2692374e+01
   4.5167969e+02  -2.2749189e+01
   4.5228516e+02  -2.2749189e+01
   4.5289062e+02  -2.2821818e+01
   4.5349609e+02  -2.2840862e+01
   4.5410156e+02  -2.2840862e+01
   4.5470703e+02  -2.2846110e+01
   4.5531250e+02  -2.2799674e+01
   4.5591797e+02  -2.2799674e+01
   4.5652344e+02  -2.2716172e+01
   4.5712891e+02  -2.2716172e+01
   4.5773437e+02  -2.2726194e+01
   4.5833984e+02  -2.2766065e+01
   4.5894531e+02  -2.2766065e+01
   4.5955078e+02  -2.2779383e+01
   4.6015625e+02  -2.2779383e+01
   4.6076172e+02  -2.2761817e+01
   4.6136719e+02  -2.2780602e+01
   4.6197266e+02  -2.2780602e+01
   4.6257812e+02  -2.2741182e+01
   4.6318359e+02  -2.2741182e+01
   4.6378906e+02  -2.2754843e+01
   4.6439453e+02  -2.2768081e+01
   4.6500000e+02  -2.2768081e+01
   4.6560547e+02  -2.2818386e+01
   4.6621094e+02  -2.2793832e+01
   4.6681641e+02  -2.2793832e+01
   4.6742187e+02  -2.2875948e+01
   4.6802734e+02  -2.2875948e+01
   4.6863281e+02  -2.2817809e+01
   4.6923828e+02  -2.2755511e+01
   4.6984375e+02  -2.2755511e+01
   4.7044922e+02  -2.2814332e+01
   4.7105469e+02  -2.2814332e+01
   4.7166016e+02  -2.2847844e+01
   4.7226562e+02  -2.2764085e+01
   4.7287109e+02  -2.2764085e+01
   4.7347656e+02  -2.2910576e+01
   4.7408203e+02  -2.2942919e+01
   4.7468750e+02  -2.2942919e+01
   4.7529297e+02  -2.2995626e+01
   4.7589844e+02  -2.2995626e+01
   4.7650391e+02  -2.2777315e+01
   4.7710937e+02  -2.2737726e+01
   4.7771484e+02  -2.2737726e+01
   4.7832031e+02  -2.2784571e+01
   4.7892578e+02  -2.2784571e+01
   4.7953125e+02  -2.2711412e+01
   4.8013672e+02  -2.2710151e+01
   4.8074219e+02  -2.2710151e+01
   4.8134766e+02  -2.2638151e+01
   4.8195312e+02  -2.2638151e+01
   4.8255859e+02  -2.2597492e+01
   4.8316406e+02  -2.2576162e+01
   4.8376953e+02  -2.2576162e+01
   4.8437500e+02  -2.2595459e+01
   4.8498047e+02  -2.2416966e+01
   4.8558594e+02  -2.2416966e+01
   4.8619141e+02  -2.2496046e+01
   4.8679687e+02  -2.2496046e+01
   4.8740234e+02  -2.2478050e+01
   4.8800781e+02  -2.2495420e+01
   4.8861328e+02  -2.2495420e+01
   4.8921875e+02  -2.2501387e+01
   4.8982422e+02  -2.2501387e+01
   4.9042969e+02  -2.2552535e+01
   4.9103516e+02  -2.2348654e+01
   4.9164062e+02  -2.2348654e+01
   4.9224609e+02  -2.2392325e+01
   4.9285156e+02  -2.2392325e+01
   4.9345703e+02  -2.2308857e+01
   4.9406250e+02  -2.2272014e+01
   4.9466797e+02  -2.2272014e+01
   4.9527344e+02  -2.2272428e+01
   4.9587891e+02  -2.2175384e+01
   4.9648437e+02  -2.2175384e+01
   4.9708984e+02  -2.2356928e+01
   4.9769531e+02  -2.2356928e+01
   4.9830078e+02  -2.2190966e+01
   4.9890625e+02  -2.2339230e+01
   4.9951172e+02  -2.2339230e+01
   5.0011719e+02  -2.2295363e+01
   5.0072266e+02  -2.2295363e+01
   5.0132812e+02  -2.2314924e+01
   5.0193359e+02  -2.2289808e+01
   5.0253906e+02  -2.2289808e+01
   5.0314453e+02  -2.2135270e+01
   5.0375000e+02  -2.2135270e+01
   5.0435547e+02  -2.2089832e+01
   5.0496094e+02  -2.2173107e+01
   5.0556641e+02  -2.2173107e+01
   5.0617187e+02  -2.2180682e+01
   5.0677734e+02  -2.2174412e+01
   5.0738281e+02  -2.2174412e+01
   5.0798828e+02  -2.2083872e+01
   5.0859375e+02  -2.2083872e+01
   5.0919922e+02  -2.2094148e+01
   5.0980469e+02  -2.1981621e+01
   5.1041016e+02  -2.1981621e+01
   5.1101562e+02  -2.1999942e+01
   5.1162109e+02  -2.1999942e+01
   5.1222656e+02  -2.1918290e+01
   5.1283203e+02  -2.1958433e+01
   5.1343750e+02  -2.1958433e+01
   5.1404297e+02  -2.1860450e+01
   5.1464844e+02  -2.1860450e+01
   5.1525391e+02  -2.2032640e+01
   5.1585937e+02  -2.2058246e+01
   5.1646484e+02  -2.2058246e+01
   5.1707031e+02  -2.2057952e+01
   5.1767578e+02  -2.1988278e+01
   5.1828125e+02  -2.1988278e+01
   5.1888672e+02  -2.1805220e+01
   5.1949219e+02  -2.1805220e+01
   5.2009766e+02  -2.1901064e+01
   5.2070312e+02  -2.1789295e+01
   5.2130859e+02  -2.1789295e+01
   5.2191406e+02  -2.1883160e+01
   5.2251953e+02  -2.1883160e+01
   5.2312500e+02  -2.1836241e+01
   5.2373047e+02  -2.1972118e+01
   5.2433594e+02  -2.1972118e+01
   5.2494141e+02  -2.1851500e+01
   5.2554687e+02  -2.1814959e+01
   5.2615234e+02  -2.1814959e+01
   5.2675781e+02  -2.1931729e+01
   5.2736328e+02  -2.1931729e+01
   5.2796875e+02  -2.1823375e+01
   5.2857422e+02  -2.1832255e+01
   5.2917969e+02  -2.1832255e+01
   5.2978516e+02  -2.1740522e+01
   5.3039062e+02  -2.1740522e+01
   5.3099609e+02  -2.1852008e+01
   5.3160156e+02  -2.1877395e+01
   5.3220703e+02  -2.1877395e+01
   5.3281250e+02  -2.1778838e+01
   5.3341797e+02  -2.1778838e+01
   5.3402344e+02  -2.1761903e+01
   5.3462891e+02  -2.1734801e+01
   5.3523437e+02  -2.1734801e+01
   5.3583984e+02  -2.1764142e+01
   5.3644531e+02  -2.1732523e+01
   5.3705078e+02  -2.1732523e+01
   5.3765625e+02  -2.1795291e+01
   5.3826172e+02  -2.1795291e+01
   5.3886719e+02  -2.1664336e+01
   5.3947266e+02  -2.1759097e+01
   5.4007812e+02  -2.1759097e+01
   5.4068359e+02  -2.1734563e+01
   5.4128906e+02  -2.1734563e+01
   5.4189453e+02  -2.1729039e+01
   5.4250000e+02  -2.1690932e+01
   5.4310547e+02  -2.1690932e+01
   5.4371094e+02  -2.1727037e+01
   5.4431641e+02  -2.1727037e+01
   5.4492187e+02  -2.1615351e+01
   5.4552734e+02  -2.1776841e+01
   5.4613281e+02  -2.1776841e+01
   5.4673828e+02  -2.1858137e+01
   5.4734375e+02  -2.1862254e+01
   5.4794922e+02  -2.1862254e+01
   5.4855469e+02  -2.1911738e+01
   5.4916016e+02  -2.1911738e+01
   5.4976562e+02  -2.1866300e+01
   5.5037109e+02  -2.1943677e+01
   5.5097656e+02  -2.1943677e+01
   5.5158203e+02  -2.1943333e+01
   5.5218750e+02  -2.1943333e+01
   5.5279297e+02  -2.1968422e+01
   5.5339844e+02  -2.1821801e+01
   5.5400391e+02  -2.1821801e+01
   5.5460937e+02  -2.1982627e+01
   5.5521484e+02  -2.1982627e+01
   5.5582031e+02  -2.1855636e+01
   5.5642578e+02  -2.1933608e+01
   5.5703125e+02  -2.1933608e+01
   5.5763672e+02  -2.1965358e+01
   5.5824219e+02  -2.2040643e+01
   5.5884766e+02  -2.2040643e+01
   5.5945312e+02  -2.1955095e+01
   5.6005859e+02  -2.1955095e+01
   5.6066406e+02  -2.2076483e+01
   5.6126953e+02  -2.2027859e+01
   5.6187500e+02  -2.2027859e+01
   5.6248047e+02  -2.1967854e+01
   5.6308594e+02  -2.1967854e+01
   5.6369141e+02  -2.2045269e+01
   5.6429687e+02  -2.1937114e+01
   5.6490234e+02  -2.1937114e+01
   5.6550781e+02  -2.1873858e+01
   5.6611328e+02  -2.1873858e+01
   5.6671875e+02  -2.1854359e+01
   5.6732422e+02  -2.1965702e+01
   5.6792969e+02  -2.1965702e+01
   5.6853516e+02  -2.2016247e+01
   5.6914062e+02  -2.2033611e+01
   5.6974609e+02  -2.2033611e+01
   5.7035156e+02  -2.2100228e+01
   5.7095703e+02  -2.2100228e+01
   5.7156250e+02  -2.2014759e+01
   5.7216797e+02  -2.1875201e+01
   5.7277344e+02  -2.1875201e+01
   5.7337891e+02  -2.1939675e+01
   5.7398437e+02  -2.1939675e+01
   5.7458984e+02  -2.1956854e+01
   5.7519531e+02  -2.1960947e+01
   5.7580078e+02  -2.1960947e+01
   5.7640625e+02  -2.2009085e+01
   5.7701172e+02  -2.1867404e+01
   5.7761719e+02  -2.1867404e+01
   5.7822266e+02  -2.1897572e+01
   5.7882812e+02  -2.1897572e+01
   5.7943359e+02  -2.1870576e+01
   5.8003906e+02  -2.1953895e+01
   5.8064453e+02  -2.1953895e+01
   5.8125000e+02  -2.1964583e+01
   5.8185547e+02  -2.1964583e+01
   5.8246094e+02  -2.1916195e+01
   5.8306641e+02  -2.1798414e+01
   5.8367187e+02  -2.1798414e+01
   5.8427734e+02  -2.1842106e+01
   5.8488281e+02  -2.1842106e+01
   5.8548828e+02  -2.1856313e+01
   5.8609375e+02  -2.1868019e+01
   5.8669922e+02  -2.1868019e+01
   5.8730469e+02  -2.1978232e+01
   5.8791016e+02  -2.2082446e+01
   5.8851562e+02  -2.2082446e+01
   5.8912109e+02  -2.2099141e+01
   5.8972656e+02  -2.2099141e+01
   5.9033203e+02  -2.2042555e+01
   5.9093750e+02  -2.2121522e+01
   5.9154297e+02  -2.2121522e+01
   5.9214844e+02  -2.2009160e+01
   5.9275391e+02  -2.2009160e+01
   5.9335937e+02  -2.2033737e+01
   5.9396484e+02  -2.1943182e+01
   5.9457031e+02  -2.1943182e+01
   5.9517578e+02  -2.1973993e+01
   5.9578125e+02  -2.1973993e+01
   5.9638672e+02  -2.1975592e+01
   5.9699219e+02  -2.2050601e+01
   5.9759766e+02  -2.2050601e+01
   5.9820312e+02  -2.1912286e+01
   5.9880859e+02  -2.1935116e+01
   5.9941406e+02  -2.1935116e+01
   6.0001953e+02  -2.1811930e+01
   6.0062500e+02  -2.1811930e+01
   6.0123047e+02  -2.1724209e+01
   6.0183594e+02  -2.1672520e+01
   6.0244141e+02  -2.1672520e+01
   6.0304687e+02  -2.1637792e+01
   6.0365234e+02  -2.1637792e+01
   6.0425781e+02  -2.1556348e+01
   6.0486328e+02  -2.1539676e+01
   6.0546875e+02  -2.1539676e+01
   6.0607422e+02  -2.1475159e+01
   6.0667969e+02  -2.1475159e+01
   6.0728516e+02  -2.1493572e+01
   6.0789062e+02  -2.1460406e+01
   6.0849609e+02  -2.1460406e+01
   6.0910156e+02  -2.1417507e+01
   6.0970703e+02  -2.1416468e+01
   6.1031250e+02  -2.1416468e+01
   6.1091797e+02  -2.1416907e+01
   6.1152344e+02  -2.1416907e+01
   6.1212891e+02  -2.1353124e+01
   6.1273437e+02  -2.1287175e+01
   6.1333984e+02  -2.1287175e+01
   6.1394531e+02  -2.1261883e+01
   6.1455078e+02  -2.1261883e+01
   6.1515625e+02  -2.1234535e+01
   6.1576172e+02  -2.1210723e+01
   6.1636719e+02  -2.1210723e+01
   6.1697266e+02  -2.1267767e+01
   6.1757812e+02  -2.1267767e+01
   6.1818359e+02  -2.1291888e+01
   6.1878906e+02  -2.1178161e+01
   6.1939453e+02  -2.1178161e+01
   6.2000000e+02  -2.1100578e+01
   6.2060547e+02  -2.1076692e+01
   6.2121094e+02  -2.1076692e+01
   6.2181641e+02  -2.1153288e+01
   6.2242187e+02  -2.1153288e+01
   6.2302734e+02  -2.1156681e+01
   6.2363281e+02  -2.1013826e+01
   6.2423828e+02  -2.1013826e+01
   6.2484375e+02  -2.1116050e+01
   6.2544922e+02  -2.1116050e+01
   6.2605469e+02  -2.1077748e+01
   6.2666016e+02  -2.1031836e+01
   6.2726562e+02  -2.1031836e+01
   6.2787109e+02  -2.1117465e+01
   6.2847656e+02  -2.1063856e+01
   6.2908203e+02  -2.1063856e+01
   6.2968750e+02  -2.1130207e+01
   6.3029297e+02  -2.1130207e+01
   6.3089844e+02  -2.1044088e+01
   6.3150391e+02  -2.1070189e+01
   6.3210937e+02  -2.1070189e+01
   6.3271484e+02  -2.1184277e+01
   6.3332031e+02  -2.1184277e+01
   6.3392578e+02  -2.1183176e+01
   6.3453125e+02  -2.1080014e+01
   6.3513672e+02  -2.1080014e+01
   6.3574219e+02  -2.1081172e+01
   6.3634766e+02  -2.1081172e+01
   6.3695312e+02  -2.1202924e+01
   6.3755859e+02  -2.1106630e+01
   6.3816406e+02  -2.1106630e+01
   6.3876953e+02  -2.1081217e+01
   6.3937500e+02  -2.1062450e+01
   6.3998047e+02  -2.1062450e+01
   6.4058594e+02  -2.1048406e+01
   6.4119141e+02  -2.1048406e+01
   6.4179687e+02  -2.0997277e+01
   6.4240234e+02  -2.0998452e+01
   6.4300781e+02  -2.0998452e+01
   6.4361328e+02  -2.1053432e+01
   6.4421875e+02  -2.1053432e+01
   6.4482422e+02  -2.1054478e+01
   6.4542969e+02  -2.1041593e+01
   6.4603516e+02  -2.1041593e+01
   6.4664062e+02  -2.1075434e+01
   6.4724609e+02  -2.1075434e+01
   6.4785156e+02  -2.0976948e+01
   6.4845703e+02  -2.1004292e+01
   6.4906250e+02  -2.1004292e+01
   6.4966797e+02  -2.0999324e+01
   6.5027344e+02  -2.0996020e+01
   6.5087891e+02  -2.0996020e+01
   6.5148437e+02  -2.0852666e+01
   6.5208984e+02  -2.0852666e+01
   6.5269531e+02  -2.0876721e+01
   6.5330078e+02  -2.0916723e+01
   6.5390625e+02  -2.0916723e+01
   6.5451172e+02  -2.0814182e+01
   6.5511719e+02  -2.0814182e+01
   6.5572266e+02  -2.0772793e+01
   6.5632812e+02  -2.0801992e+01
   6.5693359e+02  -2.0801992e+01
   6.5753906e+02  -2.0817130e+01
   6.5814453e+02  -2.0817130e+01
   6.5875000e+02  -2.0783183e+01
   6.5935547e+02  -2.0830403e+01
   6.5996094e+02  -2.0830403e+01
   6.6056641e+02  -2.0777498e+01
   6.6117187e+02  -2.0844466e+01
   6.6177734e+02  -2.0844466e+01
   6.6238281e+02  -2.0789550e+01
   6.6298828e+02  -2.0789550e+01
   6.6359375e+02  -2.0779218e+01
   6.6419922e+02  -2.0781707e+01
   6.6480469e+02  -2.0781707e+01
   6.6541016e+02  -2.0714589e+01
   6.6601562e+02  -2.0714589e+01
   6.6662109e+02  -2.0620783e+01
   6.6722656e+02  -2.0690342e+01
   6.6783203e+02  -2.0690342e+01
   6.6843750e+02  -2.0678796e+01
   6.6904297e+02  -2.0678796e+01
   6.6964844e+02  -2.0728868e+01
   6.7025391e+02  -2.0754749e+01
   6.7085937e+02  -2.0754749e+01
   6.7146484e+02  -2.0740569e+01
   6.7207031e+02  -2.0634271e+01
   6.7267578e+02  -2.0634271e+01
   6.7328125e+02  -2.0656114e+01
   6.7388672e+02  -2.0656114e+01
   6.7449219e+02  -2.0623527e+01
   6.7509766e+02  -2.0625065e+01
   6.7570312e+02  -2.0625065e+01
   6.7630859e+02  -2.0610590e+01
   6.7691406e+02  -2.0610590e+01
   6.7751953e+02  -2.0527289e+01
   6.7812500e+02  -2.0522350e+01
   6.7873047e+02  -2.0522350e+01
   6.7933594e+02  -2.0519226e+01
   6.7994141e+02  -2.0603405e+01
   6.8054687e+02  -2.0603405e+01
   6.8115234e+02  -2.0606439e+01
   6.8175781e+02  -2.0606439e+01
   6.8236328e+02  -2.0644096e+01
   6.8296875e+02  -2.0688155e+01
   6.8357422e+02  -2.0688155e+01
   6.8417969e+02  -2.0704922e+01
   6.8478516e+02  -2.0704922e+01
   6.8539062e+02  -2.0731034e+01
   6.8599609e+02  -2.0630835e+01
   6.8660156e+02  -2.0630835e+01
   6.8720703e+02  -2.0599218e+01
   6.8781250e+02  -2.0599218e+01
   6.8841797e+02  -2.0720859e+01
   6.8902344e+02  -2.0708432e+01
   6.8962891e+02  -2.0708432e+01
   6.9023437e+02  -2.0698683e+01
   6.9083984e+02  -2.0699477e+01
   6.9144531e+02  -2.0699477e+01
   6.9205078e+02  -2.0637733e+01
   6.9265625e+02  -2.0637733e+01
   6.9326172e+02  -2.0746379e+01
   6.9386719e+02  -2.0703350e+01
   6.9447266e+02  -2.0703350e+01
   6.9507812e+02  -2.0659604e+01
   6.9568359e+02  -2.0659604e+01
   6.9628906e+02  -2.0741959e+01
   6.9689453e+02  -2.0651312e+01
   6.9750000e+02  -2.0651312e+01
   6.9810547e+02  -2.0688210e+01
   6.9871094e+02  -2.0688210e+01
   6.9931641e+02  -2.0618077e+01
   6.9992187e+02  -2.0518620e+01
   7.0052734e+02  -2.0518620e+01
   7.0113281e+02  -2.0528286e+01
   7.0173828e+02  -2.0638732e+01
   7.0234375e+02  -2.0638732e+01
   7.0294922e+02  -2.0671533e+01
   7.0355469e+02  -2.0671533e+01
   7.0416016e+02  -2.0596880e+01
   7.0476562e+02  -2.0575465e+01
   7.0537109e+02  -2.0575465e+01
   7.0597656e+02  -2.0619523e+01
   7.0658203e+02  -2.0619523e+01
   7.0718750e+02  -2.0615646e+01
   7.0779297e+02  -2.0542350e+01
   7.0839844e+02  -2.0542350e+01
   7.0900391e+02  -2.0539044e+01
   7.0960937e+02  -2.0539044e+01
   7.1021484e+02  -2.0478279e+01
   7.1082031e+02  -2.0491888e+01
   7.1142578e+02  -2.0491888e+01
   7.1203125e+02  -2.0515742e+01
   7.1263672e+02  -2.0601959e+01
   7.1324219e+02  -2.0601959e+01
   7.1384766e+02  -2.0630612e+01
   7.1445312e+02  -2.0630612e+01
   7.1505859e+02  -2.0583024e+01
   7.1566406e+02  -2.0544234e+01
   7.1626953e+02  -2.0544234e+01
   7.1687500e+02  -2.0572245e+01
   7.1748047e+02  -2.0572245e+01
   7.1808594e+02  -2.0509766e+01
   7.1869141e+02  -2.0525632e+01
   7.1929687e+02  -2.0525632e+01
   7.1990234e+02  -2.0658585e+01
   7.2050781e+02  -2.0658585e+01
   7.2111328e+02  -2.0644439e+01
   7.2171875e+02  -2.0749808e+01
   7.2232422e+02  -2.0749808e+01
   7.2292969e+02  -2.0662413e+01
   7.2353516e+02  -2.0634853e+01
   7.2414062e+02  -2.0634853e+01
   7.2474609e+02  -2.0585165e+01
   7.2535156e+02  -2.0585165e+01
   7.2595703e+02  -2.0506939e+01
   7.2656250e+02  -2.0498400e+01
   7.2716797e+02  -2.0498400e+01
   7.2777344e+02  -2.0568503e+01
   7.2837891e+02  -2.0568503e+01
   7.2898437e+02  -2.0551057e+01
   7.2958984e+02  -2.0591951e+01
   7.3019531e+02  -2.0591951e+01
   7.3080078e+02  -2.0571004e+01
   7.3140625e+02  -2.0266644e+01
   7.3201172e+02  -2.0266644e+01
   7.3261719e+02  -1.9989359e+01
   7.3322266e+02  -1.9989359e+01
   7.3382812e+02  -1.9850045e+01
   7.3443359e+02  -1.9688379e+01
   7.3503906e+02  -1.9688379e+01
   7.3564453e+02  -1.9575988e+01
   7.3625000e+02  -1.9575988e+01
   7.3685547e+02  -1.9468872e+01
   7.3746094e+02  -1.9317894e+01
   7.3806641e+02  -1.9317894e+01
   7.3867187e+02  -1.9265466e+01
   7.3927734e+02  -1.9265466e+01
   7.3988281e+02  -1.9202513e+01
   7.4048828e+02  -1.9121778e+01
   7.4109375e+02  -1.9121778e+01
   7.4169922e+02  -1.9025995e+01
   7.4230469e+02  -1.8995346e+01
   7.4291016e+02  -1.8995346e+01
   7.4351562e+02  -1.8927606e+01
   7.4412109e+02  -1.8927606e+01
   7.4472656e+02  -1.8742416e+01
   7.4533203e+02  -1.8775085e+01
   7.4593750e+02  -1.8775085e+01
   7.4654297e+02  -1.8643939e+01
   7.4714844e+02  -1.8643939e+01
   7.4775391e+02  -1.8697214e+01
   7.4835937e+02  -1.8626687e+01
   7.4896484e+02  -1.8626687e+01
   7.4957031e+02  -1.8568140e+01
   7.5017578e+02  -1.8568140e+01
   7.5078125e+02  -1.8471684e+01
   7.5138672e+02  -1.8457476e+01
   7.5199219e+02  -1.8457476e+01
   7.5259766e+02  -1.8418056e+01
   7.5320312e+02  -1.8357094e+01
   7.5380859e+02  -1.8357094e+01
   7.5441406e+02  -1.8317381e+01
   7.5501953e+02  -1.8317381e+01
   7.5562500e+02  -1.8261885e+01
   7.5623047e+02  -1.8214621e+01
   7.5683594e+02  -1.8214621e+01
   7.5744141e+02  -1.8230482e+01
   7.5804687e+02  -1.8230482e+01
   7.5865234e+02  -1.8134150e+01
   7.5925781e+02  -1.8157495e+01
   7.5986328e+02  -1.8157495e+01
   7.6046875e+02  -1.8172371e+01
   7.6107422e+02  -1.8172371e+01
   7.6167969e+02  -1.8088131e+01
   7.6228516e+02  -1.8130502e+01
   7.6289062e+02  -1.8130502e+01
   7.6349609e+02  -1.8093157e+01
   7.6410156e+02  -1.8003045e+01
   7.6470703e+02  -1.8003045e+01
   7.6531250e+02  -1.7980216e+01
   7.6591797e+02  -1.7980216e+01
   7.6652344e+02  -1.8004366e+01
   7.6712891e+02  -1.7924898e+01
   7.6773437e+02  -1.7924898e+01
   7.6833984e+02  -1.7976499e+01
   7.6894531e+02  -1.7976499e+01
   7.6955078e+02  -1.7887510e+01
   7.7015625e+02  -1.7860665e+01
   7.7076172e+02  -1.7860665e+01
   7.7136719e+02  -1.7906924e+01
   7.7197266e+02  -1.7906924e+01
   7.7257812e+02  -1.7791929e+01
   7.7318359e+02  -1.7781255e+01
   7.7378906e+02  -1.7781255e+01
   7.7439453e+02  -1.7812916e+01
   7.7500000e+02  -1.7785555e+01
   7.7560547e+02  -1.7785555e+01
   7.7621094e+02  -1.7815487e+01
   7.7681641e+02  -1.7815487e+01
   7.7742187e+02  -1.7817709e+01
   7.7802734e+02  -1.7823643e+01
   7.7863281e+02  -1.7823643e+01
   7.7923828e+02  -1.7810347e+01
   7.7984375e+02  -1.7810347e+01
   7.8044922e+02  -1.7712766e+01
   7.8105469e+02  -1.7686911e+01
   7.8166016e+02  -1.7686911e+01
   7.8226562e+02  -1.7694049e+01
   7.8287109e+02  -1.7614018e+01
   7.8347656e+02  -1.7614018e+01
   7.8408203e+02  -1.7620995e+01
   7.8468750e+02  -1.7620995e+01
   7.8529297e+02  -1.7634575e+01
   7.8589844e+02  -1.7640058e+01
   7.8650391e+02  -1.7640058e+01
   7.8710937e+02  -1.7601273e+01
   7.8771484e+02  -1.7601273e+01
   7.8832031e+02  -1.7549647e+01
   7.8892578e+02  -1.7572592e+01
   7.8953125e+02  -1.7572592e+01
   7.9013672e+02  -1.7551247e+01
   7.9074219e+02  -1.7551247e+01
   7.9134766e+02  -1.7652021e+01
   7.9195312e+02  -1.7548964e+01
   7.9255859e+02  -1.7548964e+01
   7.9316406e+02  -1.7562151e+01
   7.9376953e+02  -1.7515847e+01
   7.9437500e+02  -1.7515847e+01
   7.9498047e+02  -1.7422772e+01
   7.9558594e+02  -1.7422772e+01
   7.9619141e+02  -1.7385282e+01
   7.9679687e+02  -1.7439247e+01
   7.9740234e+02  -1.7439247e+01
   7.9800781e+02  -1.7483842e+01
   7.9861328e+02  -1.7483842e+01
   7.9921875e+02  -1.7460428e+01
   7.9982422e+02  -1.7408172e+01
   8.0042969e+02  -1.7408172e+01
   8.0103516e+02  -1.7414624e+01
   8.0164062e+02  -1.7414624e+01
   8.0224609e+02  -1.7375634e+01
   8.0285156e+02  -1.7318956e+01
   8.0345703e+02  -1.7318956e+01
   8.0406250e+02  -1.7373191e+01
   8.0466797e+02  -1.7298388e+01
   8.0527344e+02  -1.7298388e+01
   8.0587891e+02  -1.7417272e+01
   8.0648437e+02  -1.7417272e+01
   8.0708984e+02  -1.7430835e+01
   8.0769531e+02  -1.7458398e+01
   8.0830078e+02  -1.7458398e+01
   8.0890625e+02  -1.7442346e+01
   8.0951172e+02  -1.7442346e+01
   8.1011719e+02  -1.7463004e+01
   8.1072266e+02  -1.7336846e+01
   8.1132812e+02  -1.7336846e+01
   8.1193359e+02  -1.7260913e+01
   8.1253906e+02  -1.7260913e+01
   8.1314453e+02  -1.7259938e+01
   8.1375000e+02  -1.7215913e+01
   8.1435547e+02  -1.7215913e+01
   8.1496094e+02  -1.7258589e+01
   8.1556641e+02  -1.7323312e+01
   8.1617187e+02  -1.7323312e+01
   8.1677734e+02  -1.7288764e+01
   8.1738281e+02  -1.7288764e+01
   8.1798828e+02  -1.7178816e+01
   8.1859375e+02  -1.7174302e+01
   8.1919922e+02  -1.7174302e+01
   8.1980469e+02  -1.7166597e+01
   8.2041016e+02  -1.7166597e+01
   8.2101562e+02  -1.7152275e+01
   8.2162109e+02  -1.7170454e+01
   8.2222656e+02  -1.7170454e+01
   8.2283203e+02  -1.7172813e+01
   8.2343750e+02  -1.7172813e+01
   8.2404297e+02  -1.7215211e+01
   8.2464844e+02  -1.7129627e+01
   8.2525391e+02  -1.7129627e+01
   8.2585937e+02  -1.7142178e+01
   8.2646484e+02  -1.7143423e+01
   8.2707031e+02  -1.7143423e+01
   8.2767578e+02  -1.7128989e+01
   8.2828125e+02  -1.7128989e+01
   8.2888672e+02  -1.7108070e+01
   8.2949219e+02  -1.7083513e+01
   8.3009766e+02  -1.7083513e+01
   8.3070312e+02  -1.7103029e+01
   8.3130859e+02  -1.7103029e+01
   8.3191406e+02  -1.7138501e+01
   8.3251953e+02  -1.7024698e+01
   8.3312500e+02  -1.7024698e+01
   8.3373047e+02  -1.7011517e+01
   8.3433594e+02  -1.7111973e+01
   8.3494141e+02  -1.7111973e+01
   8.3554687e+02  -1.7162030e+01
   8.3615234e+02  -1.7162030e+01
   8.3675781e+02  -1.7216861e+01
   8.3736328e+02  -1.7284816e+01
   8.3796875e+02  -1.7284816e+01
   8.3857422e+02  -1.7321621e+01
   8.3917969e+02  -1.7321621e+01
   8.3978516e+02  -1.7221658e+01
   8.4039062e+02  -1.7255495e+01
   8.4099609e+02  -1.7255495e+01
   8.4160156e+02  -1.7241027e+01
   8.4220703e+02  -1.7241027e+01
   8.4281250e+02  -1.7203941e+01
   8.4341797e+02  -1.7279967e+01
   8.4402344e+02  -1.7279967e+01
   8.4462891e+02  -1.7215275e+01
   8.4523437e+02  -1.7203600e+01
   8.4583984e+02  -1.7203600e+01
   8.4644531e+02  -1.7212533e+01
   8.4705078e+02  -1.7212533e+01
   8.4765625e+02  -1.7247739e+01
   8.4826172e+02  -1.7262195e+01
   8.4886719e+02  -1.7262195e+01
   8.4947266e+02  -1.7188876e+01
   8.5007812e+02  -1.7188876e+01
   8.5068359e+02  -1.7219521e+01
   8.5128906e+02  -1.7230774e+01
   8.5189453e+02  -1.7230774e+01
   8.5250000e+02  -1.7215516e+01
   8.5310547e+02  -1.7215516e+01
   8.5371094e+02  -1.7233256e+01
   8.5431641e+02  -1.7240764e+01
   8.5492187e+02  -1.7240764e+01
   8.5552734e+02  -1.6513518e+01
   8.5613281e+02  -1.6238635e+01
   8.5673828e+02  -1.6238635e+01
   8.5734375e+02  -1.5846391e+01
   8.5794922e+02  -1.5846391e+01
   8.5855469e+02  -1.5665120e+01
   8.5916016e+02  -1.5461361e+01
   8.5976562e+02  -1.5461361e+01
   8.6037109e+02  -1.5314243e+01
   8.6097656e+02  -1.5314243e+01
   8.6158203e+02  -1.5199357e+01
   8.6218750e+02  -1.5054632e+01
   8.6279297e+02  -1.5054632e+01
   8.6339844e+02  -1.4927888e+01
   8.6400391e+02  -1.4927888e+01
   8.6460937e+02  -1.4887310e+01
   8.6521484e+02  -1.4797928e+01
   8.6582031e+02  -1.4797928e+01
   8.6642578e+02  -1.4677416e+01
   8.6703125e+02  -1.4544772e+01
   8.6763672e+02  -1.4544772e+01
   8.6824219e+02  -1.4547115e+01
   8.6884766e+02  -1.4547115e+01
   8.6945312e+02  -1.4404822e+01
   8.7005859e+02  -1.4380049e+01
   8.7066406e+02  -1.4380049e+01
   8.7126953e+02  -1.4264511e+01
   8.7187500e+02  -1.4264511e+01
   8.7248047e+02  -1.4277192e+01
   8.7308594e+02  -1.4090206e+01
   8.7369141e+02  -1.4090206e+01
   8.7429687e+02  -1.3997254e+01
   8.7490234e+02  -1.3997254e+01
   8.7550781e+02  -1.3943480e+01
   8.7611328e+02  -1.3978322e+01
   8.7671875e+02  -1.3978322e+01
   8.7732422e+02  -1.3885483e+01
   8.7792969e+02  -1.3826179e+01
   8.7853516e+02  -1.3826179e+01
   8.7914062e+02  -1.3842771e+01
   8.7974609e+02  -1.3842771e+01
   8.8035156e+02  -1.3713619e+01
   8.8095703e+02  -1.3669277e+01
   8.8156250e+02  -1.3669277e+01
   8.8216797e+02  -1.3618121e+01
   8.8277344e+02  -1.3618121e+01
   8.8337891e+02  -1.3579408e+01
   8.8398437e+02  -1.3530664e+01
   8.8458984e+02  -1.3530664e+01
   8.8519531e+02  -1.3473581e+01
   8.8580078e+02  -1.3453196e+01
   8.8640625e+02  -1.3453196e+01
   8.8701172e+02  -1.3411283e+01
   8.8761719e+02  -1.3411283e+01
   8.8822266e+02  -1.3393553e+01
   8.8882812e+02  -1.3303881e+01
   8.8943359e+02  -1.3303881e+01
   8.9003906e+02  -1.3348059e+01
   8.9064453e+02  -1.3348059e+01
   8.9125000e+02  -1.3437666e+01
   8.9185547e+02  -1.3329398e+01
   8.9246094e+02  -1.3329398e+01
   8.9306641e+02  -1.3273228e+01
   8.9367187e+02  -1.3273228e+01
   8.9427734e+02  -1.3281361e+01
   8.9488281e+02  -1.3230970e+01
   8.9548828e+02  -1.3230970e+01
   8.9609375e+02  -1.3282533e+01
   8.9669922e+02  -1.3192720e+01
   8.9730469e+02  -1.3192720e+01
   8.9791016e+02  -1.3188857e+01
   8.9851562e+02  -1.3188857e+01
   8.9912109e+02  -1.3178182e+01
   8.9972656e+02  -1.3108707e+01
   9.0033203e+02  -1.3108707e+01
   9.0093750e+02  -1.3109087e+01
   9.0154297e+02  -1.3109087e+01
   9.0214844e+02  -1.3074427e+01
   9.0275391e+02  -1.3084863e+01
   9.0335937e+02  -1.3084863e+01
   9.0396484e+02  -1.3006666e+01
   9.0457031e+02  -1.3006666e+01
   9.0517578e+02  -1.3042907e+01
   9.0578125e+02  -1.3030669e+01
   9.0638672e+02  -1.3030669e+01
   9.0699219e+02  -1.3113304e+01
   9.0759766e+02  -1.3037323e+01
   9.0820312e+02  -1.3037323e+01
   9.0880859e+02  -1.3112151e+01
   9.0941406e+02  -1.3112151e+01
   9.1001953e+02  -1.3060073e+01
   9.1062500e+02  -1.2973954e+01
   9.1123047e+02  -1.2973954e+01
   9.1183594e+02  -1.2957182e+01
   9.1244141e+02  -1.2957182e+01
   9.1304687e+02  -1.2934958e+01
   9.1365234e+02  -1.2883956e+01
   9.1425781e+02  -1.2883956e+01
   9.1486328e+02  -1.2947569e+01
   9.1546875e+02  -1.2947569e+01
   9.1607422e+02  -1.2959313e+01
   9.1667969e+02  -1.3021188e+01
   9.1728516e+02  -1.3021188e+01
   9.1789062e+02  -1.2965354e+01
   9.1849609e+02  -1.2990034e+01
   9.1910156e+02  -1.2990034e+01
   9.1970703e+02  -1.2999802e+01
   9.2031250e+02  -1.2999802e+01
   9.2091797e+02  -1.3014841e+01
   9.2152344e+02  -1.2964519e+01
   9.2212891e+02  -1.2964519e+01
   9.2273437e+02  -1.3021172e+01
   9.2333984e+02  -1.3021172e+01
   9.2394531e+02  -1.3056339e+01
   9.2455078e+02  -1.3060877e+01
   9.2515625e+02  -1.3060877e+01
   9.2576172e+02  -1.3078341e+01
   9.2636719e+02  -1.3078341e+01
   9.2697266e+02  -1.3045771e+01
   9.2757812e+02  -1.3072681e+01
   9.2818359e+02  -1.3072681e+01
   9.2878906e+02  -1.2916464e+01
   9.2939453e+02  -1.2920994e+01
   9.3000000e+02  -1.2920994e+01
   9.3060547e+02  -1.2879596e+01
   9.3121094e+02  -1.2879596e+01
   9.3181641e+02  -1.2898688e+01
   9.3242187e+02  -1.2863403e+01
   9.3302734e+02  -1.2863403e+01
   9.3363281e+02  -1.2901947e+01
   9.3423828e+02  -1.2901947e+01
   9.3484375e+02  -1.2825945e+01
   9.3544922e+02  -1.2822845e+01
   9.3605469e+02  -1.2822845e+01
   9.3666016e+02  -1.2821782e+01
   9.3726562e+02  -1.2932318e+01
   9.3787109e+02  -1.2932318e+01
   9.3847656e+02  -1.2972832e+01
   9.3908203e+02  -1.2972832e+01
   9.3968750e+02  -1.2915609e+01
   9.4029297e+02  -1.2869886e+01
   9.4089844e+02  -1.2869886e+01
   9.4150391e+02  -1.2821318e+01
   9.4210937e+02  -1.2821318e+01
   9.4271484e+02  -1.2822907e+01
   9.4332031e+02  -1.2858835e+01
   9.4392578e+02  -1.2858835e+01
   9.4453125e+02  -1.2748367e+01
   9.4513672e+02  -1.2748367e+01
   9.4574219e+02  -1.2741930e+01
   9.4634766e+02  -1.2768134e+01
   9.4695312e+02  -1.2768134e+01
   9.4755859e+02  -1.2843401e+01
   9.4816406e+02  -1.2794767e+01
   9.4876953e+02  -1.2794767e+01
   9.4937500e+02  -1.2743632e+01
   9.4998047e+02  -1.2743632e+01
   9.5058594e+02  -1.2709547e+01
   9.5119141e+02  -1.2739669e+01
   9.5179687e+02  -1.2739669e+01
   9.5240234e+02  -1.2719466e+01
   9.5300781e+02  -1.2719466e+01
   9.5361328e+02  -1.2670395e+01
   9.5421875e+02  -1.2636326e+01
   9.5482422e+02  -1.2636326e+01
   9.5542969e+02  -1.2640552e+01
   9.5603516e+02  -1.2640552e+01
   9.5664062e+02  -1.2663133e+01
   9.5724609e+02  -1.2677107e+01
   9.5785156e+02  -1.2677107e+01
   9.5845703e+02  -1.2652107e+01
   9.5906250e+02  -1.2615797e+01
   9.5966797e+02  -1.2615797e+01
   9.6027344e+02  -1.2593200e+01
   9.6087891e+02  -1.2593200e+01
   9.6148437e+02  -1.2532230e+01
   9.6208984e+02  -1.2571421e+01
   9.6269531e+02  -1.2571421e+01
   9.6330078e+02  -1.2439176e+01
   9.6390625e+02  -1.2439176e+01
   9.6451172e+02  -1.2443119e+01
   9.6511719e+02  -1.2452018e+01
   9.6572266e+02  -1.2452018e+01
   9.6632812e+02  -1.2487110e+01
   9.6693359e+02  -1.2487110e+01
   9.6753906e+02  -1.2459239e+01
   9.6814453e+02  -1.2512916e+01
   9.6875000e+02  -1.2512916e+01
   9.6935547e+02  -1.2467485e+01
   9.6996094e+02  -1.2500471e+01
   9.7056641e+02  -1.2500471e+01
   9.7117187e+02  -1.2443820e+01
   9.7177734e+02  -1.2443820e+01
   9.7238281e+02  -1.2367629e+01
   9.7298828e+02  -1.2408570e+01
   9.7359375e+02  -1.2408570e+01
   9.7419922e+02  -1.2444729e+01
   9.7480469e+02  -1.2444729e+01
   9.7541016e+02  -1.2392299e+01
   9.7601562e+02  -1.2308821e+01
   9.7662109e+02  -1.2308821e+01
   9.7722656e+02  -1.2285871e+01
   9.7783203e+02  -1.2285871e+01
   9.7843750e+02  -1.2513968e+01
   9.7904297e+02  -1.2905446e+01
   9.7964844e+02  -1.2905446e+01
   9.8025391e+02  -1.3178512e+01
   9.8085937e+02  -1.3459059e+01
   9.8146484e+02  -1.3459059e+01
   9.8207031e+02  -1.3569222e+01
   9.8267578e+02  -1.3569222e+01
   9.8328125e+02  -1.3904753e+01
   9.8388672e+02  -1.4118586e+01
   9.8449219e+02  -1.4118586e+01
   9.8509766e+02  -1.4330025e+01
   9.8570312e+02  -1.4330025e+01
   9.8630859e+02  -1.4546395e+01
   9.8691406e+02  -1.4747921e+01
   9.8751953e+02  -1.4747921e+01
   9.8812500e+02  -1.4905690e+01
   9.8873047e+02  -1.5103466e+01
   9.8933594e+02  -1.5103466e+01
   9.8994141e+02  -1.5315148e+01
   9.9054687e+02  -1.5315148e+01
   9.9115234e+02  -1.5359134e+01
   9.9175781e+02  -1.5562489e+01
   9.9236328e+02  -1.5562489e+01
   9.9296875e+02  -1.5780137e+01
   9.9357422e+02  -1.5780137e+01
   9.9417969e+02  -1.5881684e+01
   9.9478516e+02  -1.5976201e+01
   9.9539062e+02  -1.5976201e+01
   9.9599609e+02  -1.6118436e+01
   9.9660156e+02  -1.6118436e+01
   9.9720703e+02  -1.6156617e+01
   9.9781250e+02  -1.6342637e+01
   9.9841797e+02  -1.6342637e+01
   9.9902344e+02  -1.6529609e+01
   9.9962891e+02  -1.6519033e+01
   1.0002344e+03  -1.6519033e+01
   1.0008398e+03  -1.6593637e+01
   1.0014453e+03  -1.6593637e+01
   1.0020508e+03  -1.6840359e+01
   1.0026562e+03  -1.6872496e+01
   1.0032617e+03  -1.6872496e+01
   1.0038672e+03  -1.6994280e+01
   1.0044727e+03  -1.6994280e+01
   1.0050781e+03  -1.7014941e+01
   1.0056836e+03  -1.7136236e+01
   1.0062891e+03  -1.7136236e+01
   1.0068945e+03  -1.7113380e+01
   1.0075000e+03  -1.7113380e+01
   1.0081055e+03  -1.7124274e+01
   1.0087109e+03  -1.7291196e+01
   1.0093164e+03  -1.7291196e+01
   1.0099219e+03  -1.7248032e+01
   1.0105273e+03  -1.7490776e+01
   1.0111328e+03  -1.7490776e+01
   1.0117383e+03  -1.7587419e+01
   1.0123437e+03  -1.7587419e+01
   1.0129492e+03  -1.7599448e+01
   1.0135547e+03  -1.7654159e+01
   1.0141602e+03  -1.7654159e+01
   1.0147656e+03  -1.7695536e+01
   1.0153711e+03  -1.7695536e+01
   1.0159766e+03  -1.7718614e+01
   1.0165820e+03  -1.7758802e+01
   1.0171875e+03  -1.7758802e+01
   1.0177930e+03  -1.7805683e+01
   1.0183984e+03  -1.7805683e+01
   1.0190039e+03  -1.7826126e+01
   1.0196094e+03  -1.7826649e+01
   1.0202148e+03  -1.7826649e+01
   1.0208203e+03  -1.7906888e+01
   1.0214258e+03  -1.7909066e+01
   1.0220312e+03  -1.7909066e+01
   1.0226367e+03  -1.7859437e+01
   1.0232422e+03  -1.7859437e+01
   1.0238477e+03  -1.8021409e+01
   1.0244531e+03  -1.8100339e+01
   1.0250586e+03  -1.8100339e+01
   1.0256641e+03  -1.8123459e+01
   1.0262695e+03  -1.8123459e+01
   1.0268750e+03  -1.8084209e+01
   1.0274805e+03  -1.8172702e+01
   1.0280859e+03  -1.8172702e+01
   1.0286914e+03  -1.8152532e+01
   1.0292969e+03  -1.8152532e+01
   1.0299023e+03  -1.8243258e+01
   1.0305078e+03  -1.8149366e+01
   1.0311133e+03  -1.8149366e+01
   1.0317187e+03  -1.8254533e+01
   1.0323242e+03  -1.8254158e+01
   1.0329297e+03  -1.8254158e+01
   1.0335352e+03  -1.8375261e+01
   1.0341406e+03  -1.8375261e+01
   1.0347461e+03  -1.8352967e+01
   1.0353516e+03  -1.8407181e+01
   1.0359570e+03  -1.8407181e+01
   1.0365625e+03  -1.8387284e+01
   1.0371680e+03  -1.8387284e+01
   1.0377734e+03  -1.8344536e+01
   1.0383789e+03  -1.8389521e+01
   1.0389844e+03  -1.8389521e+01
   1.0395898e+03  -1.8436534e+01
   1.0401953e+03  -1.8436534e+01
   1.0408008e+03  -1.8555323e+01
   1.0414062e+03  -1.8495654e+01
   1.0420117e+03  -1.8495654e+01
   1.0426172e+03  -1.8527239e+01
   1.0432227e+03  -1.8485813e+01
   1.0438281e+03  -1.8485813e+01
   1.0444336e+03  -1.8542911e+01
   1.0450391e+03  -1.8542911e+01
   1.0456445e+03  -1.8500718e+01
   1.0462500e+03  -1.8527672e+01
   1.0468555e+03  -1.8527672e+01
   1.0474609e+03  -1.8585722e+01
   1.0480664e+03  -1.8585722e+01
   1.0486719e+03  -1.8515137e+01
   1.0492773e+03  -1.8531130e+01
   1.0498828e+03  -1.8531130e+01
   1.0504883e+03  -1.8561319e+01
   1.0510937e+03  -1.8595107e+01
   1.0516992e+03  -1.8595107e+01
   1.0523047e+03  -1.8624147e+01
   1.0529102e+03  -1.8624147e+01
   1.0535156e+03  -1.8640702e+01
   1.0541211e+03  -1.8628808e+01
   1.0547266e+03  -1.8628808e+01
   1.0553320e+03  -1.8648474e+01
   1.0559375e+03  -1.8648474e+01
   1.0565430e+03  -1.8663658e+01
   1.0571484e+03  -1.8642022e+01
   1.0577539e+03  -1.8642022e+01
   1.0583594e+03  -1.8643798e+01
   1.0589648e+03  -1.8643798e+01
   1.0595703e+03  -1.8699121e+01
   1.0601758e+03  -1.8646378e+01
   1.0607812e+03  -1.8646378e+01
   1.0613867e+03  -1.8651158e+01
   1.0619922e+03  -1.8710853e+01
   1.0625977e+03  -1.8710853e+01
   1.0632031e+03  -1.8730259e+01
   1.0638086e+03  -1.8730259e+01
   1.0644141e+03  -1.8724935e+01
   1.0650195e+03  -1.8766001e+01
   1.0656250e+03  -1.8766001e+01
   1.0662305e+03  -1.8689294e+01
   1.0668359e+03  -1.8689294e+01
   1.0674414e+03  -1.8724062e+01
   1.0680469e+03  -1.8740615e+01
   1.0686523e+03  -1.8740615e+01
   1.0692578e+03  -1.8823219e+01
   1.0698633e+03  -1.8823219e+01
   1.0704687e+03  -1.8769043e+01
   1.0710742e+03  -1.8782280e+01
   1.0716797e+03  -1.8782280e+01
   1.0722852e+03  -1.8786900e+01
   1.0728906e+03  -1.8717336e+01
   1.0734961e+03  -1.8717336e+01
   1.0741016e+03  -1.8742243e+01
   1.0747070e+03  -1.8742243e+01
   1.0753125e+03  -1.8755715e+01
   1.0759180e+03  -1.8717542e+01
   1.0765234e+03  -1.8717542e+01
   1.0771289e+03  -1.8695623e+01
   1.0777344e+03  -1.8695623e+01
   1.0783398e+03  -1.8701272e+01
   1.0789453e+03  -1.8588933e+01
   1.0795508e+03  -1.8588933e+01
   1.0801562e+03  -1.8567274e+01
   1.0807617e+03  -1.8567274e+01
   1.0813672e+03  -1.8650069e+01
   1.0819727e+03  -1.8634081e+01
   1.0825781e+03  -1.8634081e+01
   1.0831836e+03  -1.8574063e+01
   1.0837891e+03  -1.8571439e+01
   1.0843945e+03  -1.8571439e+01
   1.0850000e+03  -1.8551993e+01
   1.0856055e+03  -1.8551993e+01
   1.0862109e+03  -1.8544079e+01
   1.0868164e+03  -1.8633409e+01
   1.0874219e+03  -1.8633409e+01
   1.0880273e+03  -1.8685093e+01
   1.0886328e+03  -1.8685093e+01
   1.0892383e+03  -1.8611456e+01
   1.0898437e+03  -1.8640298e+01
   1.0904492e+03  -1.8640298e+01
   1.0910547e+03  -1.8580555e+01
   1.0916602e+03  -1.8580555e+01
   1.0922656e+03  -1.8607912e+01
   1.0928711e+03  -1.8681704e+01
   1.0934766e+03  -1.8681704e+01
   1.0940820e+03  -1.8633898e+01
   1.0946875e+03  -1.8505661e+01
   1.0952930e+03  -1.8505661e+01
   1.0958984e+03  -1.8502995e+01
   1.0965039e+03  -1.8502995e+01
   1.0971094e+03  -1.8544315e+01
   1.0977148e+03  -1.8547083e+01
   1.0983203e+03  -1.8547083e+01
   1.0989258e+03  -1.8597507e+01
   1.0995312e+03  -1.8597507e+01
   1.1001367e+03  -1.7826353e+01
   1.1007422e+03  -1.6837653e+01
   1.1013477e+03  -1.6837653e+01
   1.1019531e+03  -1.6085230e+01
   1.1025586e+03  -1.5558059e+01
   1.1031641e+03  -1.5558059e+01
   1.1037695e+03  -1.5225188e+01
   1.1043750e+03  -1.5225188e+01
   1.1049805e+03  -1.5004801e+01
   1.1055859e+03  -1.4763370e+01
   1.1061914e+03  -1.4763370e+01
   1.1067969e+03  -1.4445236e+01
   1.1074023e+03  -1.4445236e+01
   1.1080078e+03  -1.4014347e+01
   1.1086133e+03  -1.3704081e+01
   1.1092187e+03  -1.3704081e+01
   1.1098242e+03  -1.3383994e+01
   1.1104297e+03  -1.3383994e+01
   1.1110352e+03  -1.3169261e+01
   1.1116406e+03  -1.2958636e+01
   1.1122461e+03  -1.2958636e+01
   1.1128516e+03  -1.2703990e+01
   1.1134570e+03  -1.2530805e+01
   1.1140625e+03  -1.2530805e+01
   1.1146680e+03  -1.2286965e+01
   1.1152734e+03  -1.2286965e+01
   1.1158789e+03  -1.2047138e+01
   1.1164844e+03  -1.1876467e+01
   1.1170898e+03  -1.1876467e+01
   1.1176953e+03  -1.1604615e+01
   1.1183008e+03  -1.1604615e+01
   1.1189062e+03  -1.1470723e+01
   1.1195117e+03  -1.1273985e+01
   1.1201172e+03  -1.1273985e+01
   1.1207227e+03  -1.1152987e+01
   1.1213281e+03  -1.1152987e+01
   1.1219336e+03  -1.0959598e+01
   1.1225391e+03  -1.0792201e+01
   1.1231445e+03  -1.0792201e+01
   1.1237500e+03  -1.0672924e+01
   1.1243555e+03  -1.0516464e+01
   1.1249609e+03  -1.0516464e+01
   1.1255664e+03  -1.0344140e+01
   1.1261719e+03  -1.0344140e+01
   1.1267773e+03  -1.0229715e+01
   1.1273828e+03  -1.0059819e+01
   1.1279883e+03  -1.0059819e+01
   1.1285937e+03  -9.9892808e+00
   1.1291992e+03  -9.9892808e+00
   1.1298047e+03  -9.7996486e+00
   1.1304102e+03  -9.7409492e+00
   1.1310156e+03  -9.7409492e+00
   1.1316211e+03  -9.6168202e+00
   1.1322266e+03  -9.6168202e+00
   1.1328320e+03  -9.5555661e+00
   1.1334375e+03  -9.4388646e+00
   1.1340430e+03  -9.4388646e+00
   1.1346484e+03  -9.3904386e+00
   1.1352539e+03  -9.2811099e+00
   1.1358594e+03  -9.2811099e+00
   1.1364648e+03  -9.1911139e+00
   1.1370703e+03  -9.1911139e+00
   1.1376758e+03  -9.0727478e+00
   1.1382812e+03  -9.0710020e+00
   1.1388867e+03  -9.0710020e+00
   1.1394922e+03  -9.0012536e+00
   1.1400977e+03  -9.0012536e+00
   1.1407031e+03  -8.9760870e+00
   1.1413086e+03  -8.8583028e+00
   1.1419141e+03  -8.8583028e+00
   1.1425195e+03  -8.7794099e+00
   1.1431250e+03  -8.7794099e+00
   1.1437305e+03  -8.7176753e+00
   1.1443359e+03  -8.6909372e+00
   1.1449414e+03  -8.6909372e+00
   1.1455469e+03  -8.6003107e+00
   1.1461523e+03  -8.4996931e+00
   1.1467578e+03  -8.4996931e+00
   1.1473633e+03  -8.4994416e+00
   1.1479687e+03  -8.4994416e+00
   1.1485742e+03  -8.4594999e+00
   1.1491797e+03  -8.4476421e+00
   1.1497852e+03  -8.4476421e+00
   1.1503906e+03  -8.3641956e+00
   1.1509961e+03  -8.3641956e+00
   1.1516016e+03  -8.3268953e+00
   1.1522070e+03  -8.2487346e+00
   1.1528125e+03  -8.2487346e+00
   1.1534180e+03  -8.1443983e+00
   1.1540234e+03  -8.1509381e+00
   1.1546289e+03  -8.1509381e+00
   1.1552344e+03  -8.0969800e+00
   1.1558398e+03  -8.0969800e+00
   1.1564453e+03  -7.9846324e+00
   1.1570508e+03  -8.0132713e+00
   1.1576562e+03  -8.0132713e+00
   1.1582617e+03  -7.8958819e+00
   1.1588672e+03  -7.8958819e+00
   1.1594727e+03  -7.8665315e+00
   1.1600781e+03  -7.8933809e+00
   1.1606836e+03  -7.8933809e+00
   1.1612891e+03  -7.8104361e+00
   1.1618945e+03  -7.8104361e+00
   1.1625000e+03  -7.7617329e+00
   1.1631055e+03  -7.8221711e+00
   1.1637109e+03  -7.8221711e+00
   1.1643164e+03  -7.8666318e+00
   1.1649219e+03  -7.8057790e+00
   1.1655273e+03  -7.8057790e+00
   1.1661328e+03  -7.7025233e+00
   1.1667383e+03  -7.7025233e+00
   1.1673437e+03  -7.7279964e+00
   1.1679492e+03  -7.6956278e+00
   1.1685547e+03  -7.6956278e+00
   1.1691602e+03  -7.6819052e+00
   1.1697656e+03  -7.6819052e+00
   1.1703711e+03  -7.6234062e+00
   1.1709766e+03  -7.5996474e+00
   1.1715820e+03  -7.5996474e+00
   1.1721875e+03  -7.5788428e+00
   1.1727930e+03  -7.5788428e+00
   1.1733984e+03  -7.6150972e+00
   1.1740039e+03  -7.5902122e+00
   1.1746094e+03  -7.5902122e+00
   1.1752148e+03  -7.5721342e+00
   1.1758203e+03  -7.6103002e+00
   1.1764258e+03  -7.6103002e+00
   1.1770312e+03  -7.4892075e+00
   1.1776367e+03  -7.4892075e+00
   1.1782422e+03  -7.4863035e+00
   1.1788477e+03  -7.4751901e+00
   1.1794531e+03  -7.4751901e+00
   1.1800586e+03  -7.4401151e+00
   1.1806641e+03  -7.4401151e+00
   1.1812695e+03  -7.4293025e+00
   1.1818750e+03  -7.4109177e+00
   1.1824805e+03  -7.4109177e+00
   1.1830859e+03  -7.3800008e+00
   1.1836914e+03  -7.3800008e+00
   1.1842969e+03  -7.3284562e+00
   1.1849023e+03  -7.3380846e+00
   1.1855078e+03  -7.3380846e+00
   1.1861133e+03  -7.2615248e+00
   1.1867187e+03  -7.2547273e+00
   1.1873242e+03  -7.2547273e+00
   1.1879297e+03  -7.2428777e+00
   1.1885352e+03  -7.2428777e+00
   1.1891406e+03  -7.2476546e+00
   1.1897461e+03  -7.1830772e+00
   1.1903516e+03  -7.1830772e+00
   1.1909570e+03  -7.2715594e+00
   1.1915625e+03  -7.2715594e+00
   1.1921680e+03  -7.2194228e+00
   1.1927734e+03  -7.1561672e+00
   1.1933789e+03  -7.1561672e+00
   1.1939844e+03  -7.1480966e+00
   1.1945898e+03  -7.1480966e+00
   1.1951953e+03  -7.1584213e+00
   1.1958008e+03  -7.1464811e+00
   1.1964062e+03  -7.1464811e+00
   1.1970117e+03  -7.1007379e+00
   1.1976172e+03  -7.1191244e+00
   1.1982227e+03  -7.1191244e+00
   1.1988281e+03  -7.1171167e+00
   1.1994336e+03  -7.1171167e+00
   1.2000391e+03  -7.1429065e+00
   1.2006445e+03  -7.0341975e+00
   1.2012500e+03  -7.0341975e+00
   1.2018555e+03  -7.0955239e+00
   1.2024609e+03  -7.0955239e+00
   1.2030664e+03  -7.0512906e+00
   1.2036719e+03  -7.0850617e+00
   1.2042773e+03  -7.0850617e+00
   1.2048828e+03  -7.0744752e+00
   1.2054883e+03  -6.9850241e+00
   1.2060937e+03  -6.9850241e+00
   1.2066992e+03  -6.9643841e+00
   1.2073047e+03  -6.9643841e+00
   1.2079102e+03  -6.9748149e+00
   1.2085156e+03  -6.9841010e+00
   1.2091211e+03  -6.9841010e+00
   1.2097266e+03  -6.9329299e+00
   1.2103320e+03  -6.9329299e+00
   1.2109375e+03  -6.9596976e+00
   1.2115430e+03  -6.9773875e+00
   1.2121484e+03  -6.9773875e+00
   1.2127539e+03  -6.8885760e+00
   1.2133594e+03  -6.8885760e+00
   1.2139648e+03  -6.9155802e+00
   1.2145703e+03  -6.9065658e+00
   1.2151758e+03  -6.9065658e+00
   1.2157812e+03  -6.9480884e+00
   1.2163867e+03  -6.8667733e+00
   1.2169922e+03  -6.8667733e+00
   1.2175977e+03  -6.9004476e+00
   1.2182031e+03  -6.9004476e+00
   1.2188086e+03  -6.9242249e+00
   1.2194141e+03  -6.8766275e+00
   1.2200195e+03  -6.8766275e+00
   1.2206250e+03  -6.7354312e+00
   1.2212305e+03  -6.7354312e+00
   1.2218359e+03  -6.6444642e+00
   1.2224414e+03  -6.6764299e+00
   1.2230469e+03  -6.6764299e+00
   1.2236523e+03  -6.7219423e+00
   1.2242578e+03  -6.7219423e+00
   1.2248633e+03  -6.7693433e+00
   1.2254687e+03  -6.8667151e+00
   1.2260742e+03  -6.8667151e+00
   1.2266797e+03  -6.9169691e+00
   1.2272852e+03  -6.9738999e+00
   1.2278906e+03  -6.9738999e+00
   1.2284961e+03  -6.9806891e+00
   1.2291016e+03  -6.9806891e+00
   1.2297070e+03  -7.0659464e+00
   1.2303125e+03  -7.1277980e+00
   1.2309180e+03  -7.1277980e+00
   1.2315234e+03  -7.2765381e+00
   1.2321289e+03  -7.2765381e+00
   1.2327344e+03  -7.3014897e+00
   1.2333398e+03  -7.3565786e+00
   1.2339453e+03  -7.3565786e+00
   1.2345508e+03  -7.3854442e+00
   1.2351562e+03  -7.3854442e+00
   1.2357617e+03  -7.4273152e+00
   1.2363672e+03  -7.5258046e+00
   1.2369727e+03  -7.5258046e+00
   1.2375781e+03  -7.5333054e+00
   1.2381836e+03  -7.6133171e+00
   1.2387891e+03  -7.6133171e+00
   1.2393945e+03  -7.6412129e+00
   1.2400000e+03  -7.6412129e+00
   1.2406055e+03  -7.7040822e+00
   1.2412109e+03  -7.6547929e+00
   1.2418164e+03  -7.6547929e+00
   1.2424219e+03  -7.7291774e+00
   1.2430273e+03  -7.7291774e+00
   1.2436328e+03  -7.7040578e+00
   1.2442383e+03  -7.7198666e+00
   1.2448437e+03  -7.7198666e+00
   1.2454492e+03  -7.6926889e+00
   1.2460547e+03  -7.6926889e+00
   1.2466602e+03  -7.7064239e+00
   1.2472656e+03  -7.7614870e+00
   1.2478711e+03  -7.7614870e+00
   1.2484766e+03  -7.7519123e+00
   1.2490820e+03  -7.7907270e+00
   1.2496875e+03  -7.7907270e+00
   1.2502930e+03  -7.8293541e+00
   1.2508984e+03  -7.8293541e+00
   1.2515039e+03  -7.8057939e+00
   1.2521094e+03  -7.8737225e+00
   1.2527148e+03  -7.8737225e+00
   1.2533203e+03  -7.8291320e+00
   1.2539258e+03  -7.8291320e+00
   1.2545312e+03  -7.9087927e+00
   1.2551367e+03  -7.8721632e+00
   1.2557422e+03  -7.8721632e+00
   1.2563477e+03  -7.8800906e+00
   1.2569531e+03  -7.9383525e+00
   1.2575586e+03  -7.9383525e+00
   1.2581641e+03  -7.9059374e+00
   1.2587695e+03  -7.9059374e+00
   1.2593750e+03  -7.9952999e+00
   1.2599805e+03  -7.9485036e+00
   1.2605859e+03  -7.9485036e+00
   1.2611914e+03  -7.9447748e+00
   1.2617969e+03  -7.9447748e+00
   1.2624023e+03  -8.0000365e+00
   1.2630078e+03  -7.9046903e+00
   1.2636133e+03  -7.9046903e+00
   1.2642187e+03  -7.9901136e+00
   1.2648242e+03  -7.9901136e+00
   1.2654297e+03  -7.9487692e+00
   1.2660352e+03  -8.0217055e+00
   1.2666406e+03  -8.0217055e+00
   1.2672461e+03  -8.0337864e+00
   1.2678516e+03  -7.9576758e+00
   1.2684570e+03  -7.9576758e+00
   1.2690625e+03  -8.0419599e+00
   1.2696680e+03  -8.0419599e+00
   1.2702734e+03  -8.1217843e+00
   1.2708789e+03  -8.0147715e+00
   1.2714844e+03  -8.0147715e+00
   1.2720898e+03  -8.0078477e+00
   1.2726953e+03  -8.0078477e+00
   1.2733008e+03  -8.0277405e+00
   1.2739062e+03  -8.0171971e+00
   1.2745117e+03  -8.0171971e+00
   1.2751172e+03  -8.0260025e+00
   1.2757227e+03  -8.0260025e+00
   1.2763281e+03  -8.0455788e+00
   1.2769336e+03  -8.0335268e+00
   1.2775391e+03  -8.0335268e+00
   1.2781445e+03  -8.0997395e+00
   1.2787500e+03  -8.0926121e+00
   1.2793555e+03  -8.0926121e+00
   1.2799609e+03  -8.1163548e+00
   1.2805664e+03  -8.1163548e+00
   1.2811719e+03  -8.0597539e+00
   1.2817773e+03  -8.0883647e+00
   1.2823828e+03  -8.0883647e+00
   1.2829883e+03  -8.0191782e+00
   1.2835937e+03  -8.0191782e+00
   1.2841992e+03  -8.0609180e+00
   1.2848047e+03  -8.1105303e+00
   1.2854102e+03  -8.1105303e+00
   1.2860156e+03  -8.1245999e+00
   1.2866211e+03  -8.1245999e+00
   1.2872266e+03  -8.1123024e+00
   1.2878320e+03  -8.1493863e+00
   1.2884375e+03  -8.1493863e+00
   1.2890430e+03  -8.0807244e+00
   1.2896484e+03  -8.0538784e+00
   1.2902539e+03  -8.0538784e+00
   1.2908594e+03  -8.1631125e+00
   1.2914648e+03  -8.1631125e+00
   1.2920703e+03  -8.1179967e+00
   1.2926758e+03  -8.0911002e+00
   1.2932812e+03  -8.0911002e+00
   1.2938867e+03  -8.0751469e+00
   1.2944922e+03  -8.0751469e+00
   1.2950977e+03  -8.1155042e+00
   1.2957031e+03  -8.0581980e+00
   1.2963086e+03  -8.0581980e+00
   1.2969141e+03  -8.1017764e+00
   1.2975195e+03  -8.1017764e+00
   1.2981250e+03  -8.1394309e+00
   1.2987305e+03  -8.1171638e+00
   1.2993359e+03  -8.1171638e+00
   1.2999414e+03  -8.1048955e+00
   1.3005469e+03  -8.1033674e+00
   1.3011523e+03  -8.1033674e+00
   1.3017578e+03  -8.1130287e+00
   1.3023633e+03  -8.1130287e+00
   1.3029687e+03  -8.0899719e+00
   1.3035742e+03  -8.1741701e+00
   1.3041797e+03  -8.1741701e+00
   1.3047852e+03  -8.1242888e+00
   1.3053906e+03  -8.1242888e+00
   1.3059961e+03  -8.1787889e+00
   1.3066016e+03  -8.2127864e+00
   1.3072070e+03  -8.2127864e+00
   1.3078125e+03  -8.1647471e+00
   1.3084180e+03  -8.2484166e+00
   1.3090234e+03  -8.2484166e+00
   1.3096289e+03  -8.2190605e+00
   1.3102344e+03  -8.2190605e+00
   1.3108398e+03  -8.2594109e+00
   1.3114453e+03  -8.2995051e+00
   1.3120508e+03  -8.2995051e+00
   1.3126562e+03  -8.2914425e+00
   1.3132617e+03  -8.2914425e+00
   1.3138672e+03  -8.2923752e+00
   1.3144727e+03  -8.3208023e+00
   1.3150781e+03  -8.3208023e+00
   1.3156836e+03  -8.3329625e+00
   1.3162891e+03  -8.3329625e+00
   1.3168945e+03  -8.3996831e+00
   1.3175000e+03  -8.4200510e+00
   1.3181055e+03  -8.4200510e+00
   1.3187109e+03  -8.2839562e+00
   1.3193164e+03  -8.3505539e+00
   1.3199219e+03  -8.3505539e+00
   1.3205273e+03  -8.3675574e+00
   1.3211328e+03  -8.3675574e+00
   1.3217383e+03  -8.3579482e+00
   1.3223437e+03  -8.3010554e+00
   1.3229492e+03  -8.3010554e+00
   1.3235547e+03  -8.3944029e+00
   1.3241602e+03  -8.3944029e+00
   1.3247656e+03  -8.3775281e+00
   1.3253711e+03  -8.3701580e+00
   1.3259766e+03  -8.3701580e+00
   1.3265820e+03  -8.3894455e+00
   1.3271875e+03  -8.3894455e+00
   1.3277930e+03  -8.3837749e+00
   1.3283984e+03  -8.4151272e+00
   1.3290039e+03  -8.4151272e+00
   1.3296094e+03  -8.3697038e+00
   1.3302148e+03  -8.3310453e+00
   1.3308203e+03  -8.3310453e+00
   1.3314258e+03  -8.3603949e+00
   1.3320312e+03  -8.3603949e+00
   1.3326367e+03  -8.3689662e+00
   1.3332422e+03  -8.3215831e+00
   1.3338477e+03  -8.3215831e+00
   1.3344531e+03  -8.4388878e+00
   1.3350586e+03  -8.4388878e+00
   1.3356641e+03  -8.3896821e+00
   1.3362695e+03  -8.4330750e+00
   1.3368750e+03  -8.4330750e+00
   1.3374805e+03  -8.3669146e+00
   1.3380859e+03  -8.3669146e+00
   1.3386914e+03  -8.4077417e+00
   1.3392969e+03  -8.3955724e+00
   1.3399023e+03  -8.3955724e+00
   1.3405078e+03  -8.4307670e+00
   1.3411133e+03  -8.3895648e+00
   1.3417187e+03  -8.3895648e+00
   1.3423242e+03  -8.4046472e+00
   1.3429297e+03  -8.4046472e+00
   1.3435352e+03  -8.4603899e+00
   1.3441406e+03  -8.4698544e+00
   1.3447461e+03  -8.4698544e+00
   1.3453516e+03  -8.4213519e+00
   1.3459570e+03  -8.4213519e+00
   1.3465625e+03  -8.4578059e+00
   1.3471680e+03  -8.4239969e+00
   1.3477734e+03  -8.4239969e+00
   1.3483789e+03  -8.4532826e+00
   1.3489844e+03  -8.4532826e+00
   1.3495898e+03  -8.4516193e+00
   1.3501953e+03  -8.4087647e+00
   1.3508008e+03  -8.4087647e+00
   1.3514062e+03  -8.4499560e+00
   1.3520117e+03  -8.4133731e+00
   1.3526172e+03  -8.4133731e+00
   1.3532227e+03  -8.4363742e+00
   1.3538281e+03  -8.4363742e+00
   1.3544336e+03  -8.4011061e+00
   1.3550391e+03  -8.4018363e+00
   1.3556445e+03  -8.4018363e+00
   1.3562500e+03  -8.4444876e+00
   1.3568555e+03  -8.4444876e+00
   1.3574609e+03  -8.4606462e+00
   1.3580664e+03  -8.4743581e+00
   1.3586719e+03  -8.4743581e+00
   1.3592773e+03  -8.4657168e+00
   1.3598828e+03  -8.5206054e+00
   1.3604883e+03  -8.5206054e+00
   1.3610937e+03  -8.5065066e+00
   1.3616992e+03  -8.5065066e+00
   1.3623047e+03  -8.4435180e+00
   1.3629102e+03  -8.4610395e+00
   1.3635156e+03  -8.4610395e+00
   1.3641211e+03  -8.4570878e+00
   1.3647266e+03  -8.4570878e+00
   1.3653320e+03  -8.4844799e+00
   1.3659375e+03  -8.4498265e+00
   1.3665430e+03  -8.4498265e+00
   1.3671484e+03  -8.4864802e+00
   1.3677539e+03  -8.4864802e+00
   1.3683594e+03  -8.5132288e+00
   1.3689648e+03  -8.5559858e+00
   1.3695703e+03  -8.5559858e+00
   1.3701758e+03  -8.5281801e+00
   1.3707812e+03  -8.5513275e+00
   1.3713867e+03  -8.5513275e+00
   1.3719922e+03  -8.5404939e+00
   1.3725977e+03  -8.5404939e+00
   1.3732031e+03  -8.5561716e+00
   1.3738086e+03  -8.5464298e+00
   1.3744141e+03  -8.5464298e+00
   1.3750195e+03  -8.5505116e+00
   1.3756250e+03  -8.5505116e+00
   1.3762305e+03  -8.5404451e+00
   1.3768359e+03  -8.5356282e+00
   1.3774414e+03  -8.5356282e+00
   1.3780469e+03  -8.5712780e+00
   1.3786523e+03  -8.5712780e+00
   1.3792578e+03  -8.5859257e+00
   1.3798633e+03  -8.5969188e+00
   1.3804687e+03  -8.5969188e+00
   1.3810742e+03  -8.5240693e+00
   1.3816797e+03  -8.5301956e+00
   1.3822852e+03  -8.5301956e+00
   1.3828906e+03  -8.5654714e+00
   1.3834961e+03  -8.5654714e+00
   1.3841016e+03  -8.5591251e+00
   1.3847070e+03  -8.5615190e+00
   1.3853125e+03  -8.5615190e+00
   1.3859180e+03  -8.5277896e+00
   1.3865234e+03  -8.5277896e+00
   1.3871289e+03  -8.5871105e+00
   1.3877344e+03  -8.5155887e+00
   1.3883398e+03  -8.5155887e+00
   1.3889453e+03  -8.5198365e+00
   1.3895508e+03  -8.5198365e+00
   1.3901562e+03  -8.5832875e+00
   1.3907617e+03  -8.5534603e+00
   1.3913672e+03  -8.5534603e+00
   1.3919727e+03  -8.5618269e+00
   1.3925781e+03  -8.5414739e+00
   1.3931836e+03  -8.5414739e+00
   1.3937891e+03  -8.5396639e+00
   1.3943945e+03  -8.5396639e+00
   1.3950000e+03  -8.5786046e+00
   1.3956055e+03  -8.6096057e+00
   1.3962109e+03  -8.6096057e+00
   1.3968164e+03  -8.5593381e+00
   1.3974219e+03  -8.5593381e+00
   1.3980273e+03  -8.5673114e+00
   1.3986328e+03  -8.5295121e+00
   1.3992383e+03  -8.5295121e+00
   1.3998437e+03  -8.5999024e+00
   1.4004492e+03  -8.5999024e+00
   1.4010547e+03  -8.5484067e+00
   1.4016602e+03  -8.5602787e+00
   1.4022656e+03  -8.5602787e+00
   1.4028711e+03  -8.5698546e+00
   1.4034766e+03  -8.5977748e+00
   1.4040820e+03  -8.5977748e+00
   1.4046875e+03  -8.5875901e+00
   1.4052930e+03  -8.5875901e+00
   1.4058984e+03  -8.5130906e+00
   1.4065039e+03  -8.5628538e+00
   1.4071094e+03  -8.5628538e+00
   1.4077148e+03  -8.5329178e+00
   1.4083203e+03  -8.5329178e+00
   1.4089258e+03  -8.5503002e+00
   1.4095312e+03  -8.5294810e+00
   1.4101367e+03  -8.5294810e+00
   1.4107422e+03  -8.5663790e+00
   1.4113477e+03  -8.5570182e+00
   1.4119531e+03  -8.5570182e+00
   1.4125586e+03  -8.5982639e+00
   1.4131641e+03  -8.5982639e+00
   1.4137695e+03  -8.5614033e+00
   1.4143750e+03  -8.5885655e+00
   1.4149805e+03  -8.5885655e+00
   1.4155859e+03  -8.5672098e+00
   1.4161914e+03  -8.5672098e+00
   1.4167969e+03  -8.5462164e+00
   1.4174023e+03  -8.5164792e+00
   1.4180078e+03  -8.5164792e+00
   1.4186133e+03  -8.5331139e+00
   1.4192187e+03  -8.5331139e+00
   1.4198242e+03  -8.5804651e+00
   1.4204297e+03  -8.5738913e+00
   1.4210352e+03  -8.5738913e+00
   1.4216406e+03  -8.5879185e+00
   1.4222461e+03  -8.5705228e+00
   1.4228516e+03  -8.5705228e+00
   1.4234570e+03  -8.6019704e+00
   1.4240625e+03  -8.6019704e+00
   1.4246680e+03  -8.5732050e+00
   1.4252734e+03  -8.5853780e+00
   1.4258789e+03  -8.5853780e+00
   1.4264844e+03  -8.5793759e+00
   1.4270898e+03  -8.5793759e+00
   1.4276953e+03  -8.5633117e+00
   1.4283008e+03  -8.5959268e+00
   1.4289062e+03  -8.5959268e+00
   1.4295117e+03  -8.6475439e+00
   1.4301172e+03  -8.6475439e+00
   1.4307227e+03  -8.6312188e+00
   1.4313281e+03  -8.6261740e+00
   1.4319336e+03  -8.6261740e+00
   1.4325391e+03  -8.6268997e+00
   1.4331445e+03  -8.6127373e+00
   1.4337500e+03  -8.6127373e+00
   1.4343555e+03  -8.6240022e+00
   1.4349609e+03  -8.6240022e+00
   1.4355664e+03  -8.6197490e+00
   1.4361719e+03  -8.6057651e+00
   1.4367773e+03  -8.6057651e+00
   1.4373828e+03  -8.6658244e+00
   1.4379883e+03  -8.6658244e+00
   1.4385937e+03  -8.6540432e+00
   1.4391992e+03  -8.6981202e+00
   1.4398047e+03  -8.6981202e+00
   1.4404102e+03  -8.7104300e+00
   1.4410156e+03  -8.7104300e+00
   1.4416211e+03  -8.7696714e+00
   1.4422266e+03  -8.6726732e+00
   1.4428320e+03  -8.6726732e+00
   1.4434375e+03  -8.6695849e+00
   1.4440430e+03  -8.7323091e+00
   1.4446484e+03  -8.7323091e+00
   1.4452539e+03  -8.7951450e+00
   1.4458594e+03  -8.7951450e+00
   1.4464648e+03  -8.7902406e+00
   1.4470703e+03  -8.7270070e+00
   1.4476758e+03  -8.7270070e+00
   1.4482812e+03  -8.6796563e+00
   1.4488867e+03  -8.6796563e+00
   1.4494922e+03  -8.6964373e+00
   1.4500977e+03  -8.7678906e+00
   1.4507031e+03  -8.7678906e+00
   1.4513086e+03  -8.7178417e+00
   1.4519141e+03  -8.7178417e+00
   1.4525195e+03  -8.7301716e+00
   1.4531250e+03  -8.7296560e+00
   1.4537305e+03  -8.7296560e+00
   1.4543359e+03  -8.7922644e+00
   1.4549414e+03  -8.8028094e+00
   1.4555469e+03  -8.8028094e+00
   1.4561523e+03  -8.8754730e+00
   1.4567578e+03  -8.8754730e+00
   1.4573633e+03  -8.8116049e+00
   1.4579687e+03  -8.8319624e+00
   1.4585742e+03  -8.8319624e+00
   1.4591797e+03  -8.8611779e+00
   1.4597852e+03  -8.8611779e+00
   1.4603906e+03  -8.8780738e+00
   1.4609961e+03  -8.8849956e+00
   1.4616016e+03  -8.8849956e+00
   1.4622070e+03  -8.8524163e+00
   1.4628125e+03  -8.9247045e+00
   1.4634180e+03  -8.9247045e+00
   1.4640234e+03  -8.8756080e+00
   1.4646289e+03  -8.8756080e+00
   1.4652344e+03  -8.9134780e+00
   1.4658398e+03  -8.8701065e+00
   1.4664453e+03  -8.8701065e+00
   1.4670508e+03  -8.8499261e+00
   1.4676562e+03  -8.8499261e+00
   1.4682617e+03  -8.9135418e+00
   1.4688672e+03  -8.9075487e+00
   1.4694727e+03  -8.9075487e+00
   1.4700781e+03  -8.9264111e+00
   1.4706836e+03  -8.9264111e+00
   1.4712891e+03  -8.9618718e+00
   1.4718945e+03  -9.1470521e+00
   1.4725000e+03  -9.1470521e+00
   1.4731055e+03  -1.0340995e+01
   1.4737109e+03  -1.1082416e+01
   1.4743164e+03  -1.1082416e+01
   1.4749219e+03  -1.1561974e+01
   1.4755273e+03  -1.1561974e+01
   1.4761328e+03  -1.1914168e+01
   1.4767383e+03  -1.2302277e+01
   1.4773437e+03  -1.2302277e+01
   1.4779492e+03  -1.2490790e+01
   1.4785547e+03  -1.2490790e+01
   1.4791602e+03  -1.2803240e+01
   1.4797656e+03  -1.3008402e+01
   1.4803711e+03  -1.3008402e+01
   1.4809766e+03  -1.3176208e+01
   1.4815820e+03  -1.3176208e+01
   1.4821875e+03  -1.3470140e+01
   1.4827930e+03  -1.3713283e+01
   1.4833984e+03  -1.3713283e+01
   1.4840039e+03  -1.3881685e+01
   1.4846094e+03  -1.4102192e+01
   1.4852148e+03  -1.4102192e+01
   1.4858203e+03  -1.4063587e+01
   1.4864258e+03  -1.4063587e+01
   1.4870312e+03  -1.4311637e+01
   1.4876367e+03  -1.4487410e+01
   1.4882422e+03  -1.4487410e+01
   1.4888477e+03  -1.4597227e+01
   1.4894531e+03  -1.4597227e+01
   1.4900586e+03  -1.4739388e+01
   1.4906641e+03  -1.4931042e+01
   1.4912695e+03  -1.4931042e+01
   1.4918750e+03  -1.5028786e+01
   1.4924805e+03  -1.5028786e+01
   1.4930859e+03  -1.4981661e+01
   1.4936914e+03  -1.5179546e+01
   1.4942969e+03  -1.5179546e+01
   1.4949023e+03  -1.5292025e+01
   1.4955078e+03  -1.5427980e+01
   1.4961133e+03  -1.5427980e+01
   1.4967187e+03  -1.5277812e+01
   1.4973242e+03  -1.5277812e+01
   1.4979297e+03  -1.5538708e+01
   1.4985352e+03  -1.5671797e+01
   1.4991406e+03  -1.5671797e+01
   1.4997461e+03  -1.5696129e+01
   1.5003516e+03  -1.5696129e+01
   1.5009570e+03  -1.4883878e+01
   1.5015625e+03  -1.5777897e+01
   1.5021680e+03  -1.5777897e+01
   1.5027734e+03  -1.5988913e+01
   1.5033789e+03  -1.5988913e+01
   1.5039844e+03  -1.6085295e+01
   1.5045898e+03  -1.6149239e+01
   1.5051953e+03  -1.6149239e+01
   1.5058008e+03  -1.6120018e+01
   1.5064062e+03  -1.5985859e+01
   1.5070117e+03  -1.5985859e+01
   1.5076172e+03  -1.6045541e+01
   1.5082227e+03  -1.6045541e+01
   1.5088281e+03  -1.6290631e+01
   1.5094336e+03  -1.6275687e+01
   1.5100391e+03  -1.6275687e+01
   1.5106445e+03  -1.6286669e+01
   1.5112500e+03  -1.6286669e+01
   1.5118555e+03  -1.6421709e+01
   1.5124609e+03  -1.6487538e+01
   1.5130664e+03  -1.6487538e+01
   1.5136719e+03  -1.6562922e+01
   1.5142773e+03  -1.6387295e+01
   1.5148828e+03  -1.6387295e+01
   1.5154883e+03  -1.6553360e+01
   1.5160937e+03  -1.6553360e+01
   1.5166992e+03  -1.6517932e+01
   1.5173047e+03  -1.6630488e+01
   1.5179102e+03  -1.6630488e+01
   1.5185156e+03  -1.6630283e+01
   1.5191211e+03  -1.6630283e+01
   1.5197266e+03  -1.6785990e+01
   1.5203320e+03  -1.6767592e+01
   1.5209375e+03  -1.6767592e+01
   1.5215430e+03  -1.6782920e+01
   1.5221484e+03  -1.6782920e+01
   1.5227539e+03  -1.6826892e+01
   1.5233594e+03  -1.6833835e+01
   1.5239648e+03  -1.6833835e+01
   1.5245703e+03  -1.6832002e+01
   1.5251758e+03  -1.6749105e+01
   1.5257812e+03  -1.6749105e+01
   1.5263867e+03  -1.6859442e+01
   1.5269922e+03  -1.6859442e+01
   1.5275977e+03  -1.6901857e+01
   1.5282031e+03  -1.6884314e+01
   1.5288086e+03  -1.6884314e+01
   1.5294141e+03  -1.6997813e+01
   1.5300195e+03  -1.6997813e+01
   1.5306250e+03  -1.6977370e+01
   1.5312305e+03  -1.6932545e+01
   1.5318359e+03  -1.6932545e+01
   1.5324414e+03  -1.6937115e+01
   1.5330469e+03  -1.6937115e+01
   1.5336523e+03  -1.6964333e+01
   1.5342578e+03  -1.6920168e+01
   1.5348633e+03  -1.6920168e+01
   1.5354687e+03  -1.6956468e+01
   1.5360742e+03  -1.6954964e+01
   1.5366797e+03  -1.6954964e+01
   1.5372852e+03  -1.6995621e+01
   1.5378906e+03  -1.6995621e+01
   1.5384961e+03  -1.7056780e+01
   1.5391016e+03  -1.6984828e+01
   1.5397070e+03  -1.6984828e+01
   1.5403125e+03  -1.6906281e+01
   1.5409180e+03  -1.6906281e+01
   1.5415234e+03  -1.7104712e+01
   1.5421289e+03  -1.7142411e+01
   1.5427344e+03  -1.7142411e+01
   1.5433398e+03  -1.7126391e+01
   1.5439453e+03  -1.7126391e+01
   1.5445508e+03  -1.7225036e+01
   1.5451562e+03  -1.7138760e+01
   1.5457617e+03  -1.7138760e+01
   1.5463672e+03  -1.7162431e+01
   1.5469727e+03  -1.7258293e+01
   1.5475781e+03  -1.7258293e+01
   1.5481836e+03  -1.7190398e+01
   1.5487891e+03  -1.7190398e+01
   1.5493945e+03  -1.7220862e+01
   1.5500000e+03  -1.7270641e+01
   1.5506055e+03  -1.7270641e+01
   1.5512109e+03  -1.7224855e+01
   1.5518164e+03  -1.7224855e+01
   1.5524219e+03  -1.7053162e+01
   1.5530273e+03  -1.7036417e+01
   1.5536328e+03  -1.7036417e+01
   1.5542383e+03  -1.7284431e+01
   1.5548437e+03  -1.7284431e+01
   1.5554492e+03  -1.7348429e+01
   1.5560547e+03  -1.7299747e+01
   1.5566602e+03  -1.7299747e+01
   1.5572656e+03  -1.7340237e+01
   1.5578711e+03  -1.7335907e+01
   1.5584766e+03  -1.7335907e+01
   1.5590820e+03  -1.7365433e+01
   1.5596875e+03  -1.7365433e+01
   1.5602930e+03  -1.7403550e+01
   1.5608984e+03  -1.7405603e+01
   1.5615039e+03  -1.7405603e+01
   1.5621094e+03  -1.7386237e+01
   1.5627148e+03  -1.7386237e+01
   1.5633203e+03  -1.7395103e+01
   1.5639258e+03  -1.7390044e+01
   1.5645312e+03  -1.7390044e+01
   1.5651367e+03  -1.7396670e+01
   1.5657422e+03  -1.7401728e+01
   1.5663477e+03  -1.7401728e+01
   1.5669531e+03  -1.7448110e+01
   1.5675586e+03  -1.7448110e+01
   1.5681641e+03  -1.7551801e+01
   1.5687695e+03  -1.7440028e+01
   1.5693750e+03  -1.7440028e+01
   1.5699805e+03  -1.7449237e+01
   1.5705859e+03  -1.7449237e+01
   1.5711914e+03  -1.7523979e+01
   1.5717969e+03  -1.7599544e+01
   1.5724023e+03  -1.7599544e+01
   1.5730078e+03  -1.7553455e+01
   1.5736133e+03  -1.7553455e+01
   1.5742187e+03  -1.7602171e+01
   1.5748242e+03  -1.7416113e+01
   1.5754297e+03  -1.7416113e+01
   1.5760352e+03  -1.7562821e+01
   1.5766406e+03  -1.7541682e+01
   1.5772461e+03  -1.7541682e+01
   1.5778516e+03  -1.7506370e+01
   1.5784570e+03  -1.7506370e+01
   1.5790625e+03  -1.7337452e+01
   1.5796680e+03  -1.7569897e+01
   1.5802734e+03  -1.7569897e+01
   1.5808789e+03  -1.7546581e+01
   1.5814844e+03  -1.7546581e+01
   1.5820898e+03  -1.7515361e+01
   1.5826953e+03  -1.7601748e+01
   1.5833008e+03  -1.7601748e+01
   1.5839062e+03  -1.7490123e+01
   1.5845117e+03  -1.7490123e+01
   1.5851172e+03  -1.7536910e+01
   1.5857227e+03  -1.7494392e+01
   1.5863281e+03  -1.7494392e+01
   1.5869336e+03  -1.7540949e+01
   1.5875391e+03  -1.7564869e+01
   1.5881445e+03  -1.7564869e+01
   1.5887500e+03  -1.7575362e+01
   1.5893555e+03  -1.7575362e+01
   1.5899609e+03  -1.7731829e+01
   1.5905664e+03  -1.7727311e+01
   1.5911719e+03  -1.7727311e+01
   1.5917773e+03  -1.7744012e+01
   1.5923828e+03  -1.7744012e+01
   1.5929883e+03  -1.7738770e+01
   1.5935937e+03  -1.7687706e+01
   1.5941992e+03  -1.7687706e+01
   1.5948047e+03  -1.7641792e+01
   1.5954102e+03  -1.7641792e+01
   1.5960156e+03  -1.7650604e+01
   1.5966211e+03  -1.7703216e+01
   1.5972266e+03  -1.7703216e+01
   1.5978320e+03  -1.7762264e+01
   1.5984375e+03  -1.7533022e+01
   1.5990430e+03  -1.7533022e+01
   1.5996484e+03  -1.6235081e+01
   1.6002539e+03  -1.6235081e+01
   1.6008594e+03  -1.5456297e+01
   1.6014648e+03  -1.4890185e+01
   1.6020703e+03  -1.4890185e+01
   1.6026758e+03  -1.4450304e+01
   1.6032812e+03  -1.4450304e+01
   1.6038867e+03  -1.4094668e+01
   1.6044922e+03  -1.3733688e+01
   1.6050977e+03  -1.3733688e+01
   1.6057031e+03  -1.3216431e+01
   1.6063086e+03  -1.3216431e+01
   1.6069141e+03  -1.2798501e+01
   1.6075195e+03  -1.2483362e+01
   1.6081250e+03  -1.2483362e+01
   1.6087305e+03  -1.2180865e+01
   1.6093359e+03  -1.1960787e+01
   1.6099414e+03  -1.1960787e+01
   1.6105469e+03  -1.1734575e+01
   1.6111523e+03  -1.1734575e+01
   1.6117578e+03  -1.1493671e+01
   1.6123633e+03  -1.1302945e+01
   1.6129687e+03  -1.1302945e+01
   1.6135742e+03  -1.0999523e+01
   1.6141797e+03  -1.0999523e+01
   1.6147852e+03  -1.0675916e+01
   1.6153906e+03  -1.0432575e+01
   1.6159961e+03  -1.0432575e+01
   1.6166016e+03  -1.0331143e+01
   1.6172070e+03  -1.0132780e+01
   1.6178125e+03  -1.0132780e+01
   1.6184180e+03  -1.0027296e+01
   1.6190234e+03  -1.0027296e+01
   1.6196289e+03  -9.8319315e+00
   1.6202344e+03  -9.7627360e+00
   1.6208398e+03  -9.7627360e+00
   1.6214453e+03  -9.5790006e+00
   1.6220508e+03  -9.5790006e+00
   1.6226562e+03  -9.4976660e+00
   1.6232617e+03  -9.2554530e+00
   1.6238672e+03  -9.2554530e+00
   1.6244727e+03  -9.2147959e+00
   1.6250781e+03  -9.2147959e+00
   1.6256836e+03  -9.0902686e+00
   1.6262891e+03  -8.9183974e+00
   1.6268945e+03  -8.9183974e+00
   1.6275000e+03  -8.7478212e+00
   1.6281055e+03  -8.6965401e+00
   1.6287109e+03  -8.6965401e+00
   1.6293164e+03  -8.5345594e+00
   1.6299219e+03  -8.5345594e+00
   1.6305273e+03  -8.4918772e+00
   1.6311328e+03  -8.5038701e+00
   1.6317383e+03  -8.5038701e+00
   1.6323437e+03  -8.4400661e+00
   1.6329492e+03  -8.4400661e+00
   1.6335547e+03  -8.3219091e+00
   1.6341602e+03  -8.2607006e+00
   1.6347656e+03  -8.2607006e+00
   1.6353711e+03  -8.2285046e+00
   1.6359766e+03  -8.2285046e+00
   1.6365820e+03  -8.1278090e+00
   1.6371875e+03  -8.0454869e+00
   1.6377930e+03  -8.0454869e+00
   1.6383984e+03  -7.9705902e+00
   1.6390039e+03  -7.9028039e+00
   1.6396094e+03  -7.9028039e+00
   1.6402148e+03  -7.8634179e+00
   1.6408203e+03  -7.8634179e+00
   1.6414258e+03  -7.8320955e+00
   1.6420312e+03  -7.7351967e+00
   1.6426367e+03  -7.7351967e+00
   1.6432422e+03  -7.7143261e+00
   1.6438477e+03  -7.7143261e+00
   1.6444531e+03  -7.7144188e+00
   1.6450586e+03  -7.4598675e+00
   1.6456641e+03  -7.4598675e+00
   1.6462695e+03  -7.4827939e+00
   1.6468750e+03  -7.4827939e+00
   1.6474805e+03  -7.3573556e+00
   1.6480859e+03  -7.2021769e+00
   1.6486914e+03  -7.2021769e+00
   1.6492969e+03  -7.1250658e+00
   1.6499023e+03  -7.0555694e+00
   1.6505078e+03  -7.0555694e+00
   1.6511133e+03  -7.0084378e+00
   1.6517187e+03  -7.0084378e+00
   1.6523242e+03  -6.9161942e+00
   1.6529297e+03  -6.8603899e+00
   1.6535352e+03  -6.8603899e+00
   1.6541406e+03  -6.7681352e+00
   1.6547461e+03  -6.7681352e+00
   1.6553516e+03  -6.6750591e+00
   1.6559570e+03  -6.6466309e+00
   1.6565625e+03  -6.6466309e+00
   1.6571680e+03  -6.6297163e+00
   1.6577734e+03  -6.6297163e+00
   1.6583789e+03  -6.6005214e+00
   1.6589844e+03  -6.5712039e+00
   1.6595898e+03  -6.5712039e+00
   1.6601953e+03  -6.4701436e+00
   1.6608008e+03  -6.4352584e+00
   1.6614062e+03  -6.4352584e+00
   1.6620117e+03  -6.4452626e+00
   1.6626172e+03  -6.4452626e+00
   1.6632227e+03  -6.4682139e+00
   1.6638281e+03  -6.3900533e+00
   1.6644336e+03  -6.3900533e+00
   1.6650391e+03  -6.4404029e+00
   1.6656445e+03  -6.4404029e+00
   1.6662500e+03  -6.4981634e+00
   1.6668555e+03  -6.4863548e+00
   1.6674609e+03  -6.4863548e+00
   1.6680664e+03  -6.4672381e+00
   1.6686719e+03  -6.4916701e+00
   1.6692773e+03  -6.4916701e+00
   1.6698828e+03  -6.4861236e+00
   1.6704883e+03  -6.4861236e+00
   1.6710937e+03  -6.5009794e+00
   1.6716992e+03  -6.5349541e+00
   1.6723047e+03  -6.5349541e+00
   1.6729102e+03  -6.4745855e+00
   1.6735156e+03  -6.4745855e+00
   1.6741211e+03  -6.4623127e+00
   1.6747266e+03  -6.3883115e+00
   1.6753320e+03  -6.3883115e+00
   1.6759375e+03  -6.4168741e+00
   1.6765430e+03  -6.4168741e+00
   1.6771484e+03  -6.4017288e+00
   1.6777539e+03  -6.4270678e+00
   1.6783594e+03  -6.4270678e+00
   1.6789648e+03  -6.3773084e+00
   1.6795703e+03  -6.3921976e+00
   1.6801758e+03  -6.3921976e+00
   1.6807812e+03  -6.3659430e+00
   1.6813867e+03  -6.3659430e+00
   1.6819922e+03  -6.3965824e+00
   1.6825977e+03  -6.3280624e+00
   1.6832031e+03  -6.3280624e+00
   1.6838086e+03  -6.3197004e+00
   1.6844141e+03  -6.3197004e+00
   1.6850195e+03  -6.2643148e+00
   1.6856250e+03  -6.3019961e+00
   1.6862305e+03  -6.3019961e+00
   1.6868359e+03  -6.3031834e+00
   1.6874414e+03  -6.3031834e+00
   1.6880469e+03  -6.2120902e+00
   1.6886523e+03  -6.1712196e+00
   1.6892578e+03  -6.1712196e+00
   1.6898633e+03  -6.2403803e+00
   1.6904687e+03  -6.2256610e+00
   1.6910742e+03  -6.2256610e+00
   1.6916797e+03  -6.2205333e+00
   1.6922852e+03  -6.2205333e+00
   1.6928906e+03  -6.2142260e+00
   1.6934961e+03  -6.1506068e+00
   1.6941016e+03  -6.1506068e+00
   1.6947070e+03  -6.1996802e+00
   1.6953125e+03  -6.1996802e+00
   1.6959180e+03  -6.2234451e+00
   1.6965234e+03  -6.2368799e+00
   1.6971289e+03  -6.2368799e+00
   1.6977344e+03  -6.2348391e+00
   1.6983398e+03  -6.2348391e+00
   1.6989453e+03  -6.2058488e+00
   1.6995508e+03  -6.1737007e+00
   1.7001562e+03  -6.1737007e+00
   1.7007617e+03  -6.1872024e+00
   1.7013672e+03  -6.1876670e+00
   1.7019727e+03  -6.1876670e+00
   1.7025781e+03  -6.1605619e+00
   1.7031836e+03  -6.1605619e+00
   1.7037891e+03  -6.0690054e+00
   1.7043945e+03  -6.1215657e+00
   1.7050000e+03  -6.1215657e+00
   1.7056055e+03  -6.1931641e+00
   1.7062109e+03  -6.1931641e+00
   1.7068164e+03  -6.2221732e+00
   1.7074219e+03  -6.1512079e+00
   1.7080273e+03  -6.1512079e+00
   1.7086328e+03  -6.1000746e+00
   1.7092383e+03  -6.1000746e+00
   1.7098437e+03  -6.0000677e+00
   1.7104492e+03  -5.9824232e+00
   1.7110547e+03  -5.9824232e+00
   1.7116602e+03  -5.9049548e+00
   1.7122656e+03  -5.8852742e+00
   1.7128711e+03  -5.8852742e+00
   1.7134766e+03  -5.9615361e+00
   1.7140820e+03  -5.9615361e+00
   1.7146875e+03  -5.9608894e+00
   1.7152930e+03  -5.9761700e+00
   1.7158984e+03  -5.9761700e+00
   1.7165039e+03  -5.9567977e+00
   1.7171094e+03  -5.9567977e+00
   1.7177148e+03  -5.9761821e+00
   1.7183203e+03  -5.9699021e+00
   1.7189258e+03  -5.9699021e+00
   1.7195312e+03  -5.8918863e+00
   1.7201367e+03  -5.8982261e+00
   1.7207422e+03  -5.8982261e+00
   1.7213477e+03  -5.8860279e+00
   1.7219531e+03  -5.8860279e+00
   1.7225586e+03  -5.9100041e+00
   1.7231641e+03  -5.8995778e+00
   1.7237695e+03  -5.8995778e+00
   1.7243750e+03  -5.9249403e+00
   1.7249805e+03  -5.9249403e+00
