   0.0000000e+00   1.3038035e+01
   6.0546875e-01   1.3038336e+01
   1.2109375e+00   1.3038487e+01
   1.8164062e+00   1.3038788e+01
   2.4218750e+00   1.3039240e+01
   3.0273437e+00   1.3038637e+01
   3.6328125e+00   1.3038487e+01
   4.2382812e+00   1.3038788e+01
   4.8437500e+00   1.3039240e+01
   5.4492187e+00   1.3038939e+01
   6.0546875e+00   1.3037734e+01
   6.6601562e+00   1.3038939e+01
   7.2656250e+00   1.3038487e+01
   7.8710937e+00   1.3038487e+01
   8.4765625e+00   1.3037884e+01
   9.0820312e+00   1.3038186e+01
   9.6875000e+00   1.3038035e+01
   1.0292969e+01   1.3038035e+01
   1.0898437e+01   1.3038637e+01
   1.1503906e+01   1.3038487e+01
   1.2109375e+01   1.3037734e+01
   1.2714844e+01   1.3037884e+01
   1.3320312e+01   1.3036830e+01
   1.3925781e+01   1.3039692e+01
   1.4531250e+01   1.3037884e+01
   1.5136719e+01   1.3037583e+01
   1.5742187e+01   1.3037884e+01
   1.6347656e+01   1.3036679e+01
   1.6953125e+01   1.3037282e+01
   1.7558594e+01   1.3038336e+01
   1.8164062e+01   1.3036980e+01
   1.8769531e+01   1.3037734e+01
   1.9375000e+01   1.3038637e+01
   1.9980469e+01   1.3037884e+01
   2.0585937e+01   1.3038487e+01
   2.1191406e+01   1.3038637e+01
   2.1796875e+01   1.3038336e+01
   2.2402344e+01   1.3038336e+01
   2.3007812e+01   1.3036980e+01
   2.3613281e+01   1.3038487e+01
   2.4218750e+01   1.3037432e+01
   2.4824219e+01   1.3037131e+01
   2.5429687e+01   1.3037282e+01
   2.6035156e+01   1.3037884e+01
   2.6640625e+01   1.3036378e+01
   2.7246094e+01   1.3036980e+01
   2.7851562e+01   1.3037131e+01
   2.8457031e+01   1.3037583e+01
   2.9062500e+01   1.3037131e+01
   2.9667969e+01   1.3037432e+01
   3.0273437e+01   1.3037734e+01
   3.0878906e+01   1.3036227e+01
   3.1484375e+01   1.3038035e+01
   3.2089844e+01   1.3037432e+01
   3.2695312e+01   1.3037432e+01
   3.3300781e+01   1.3038035e+01
   3.3906250e+01   1.3037282e+01
   3.4511719e+01   1.3038186e+01
   3.5117187e+01   1.3038336e+01
   3.5722656e+01   1.3038035e+01
   3.6328125e+01   1.3038487e+01
   3.6933594e+01   1.3037282e+01
   3.7539062e+01   1.3036830e+01
   3.8144531e+01   1.3037432e+01
   3.8750000e+01   1.3037282e+01
   3.9355469e+01   1.3036529e+01
   3.9960937e+01   1.3037131e+01
   4.0566406e+01   1.3038035e+01
   4.1171875e+01   1.3035625e+01
   4.1777344e+01   1.3036077e+01
   4.2382812e+01   1.3036679e+01
   4.2988281e+01   1.3036227e+01
   4.3593750e+01   1.3035926e+01
   4.4199219e+01   1.3036980e+01
   4.4804687e+01   1.3036227e+01
   4.5410156e+01   1.3036077e+01
   4.6015625e+01   1.3036227e+01
   4.6621094e+01   1.3036378e+01
   4.7226562e+01   1.3035323e+01
   4.7832031e+01   1.3036378e+01
   4.8437500e+01   1.3035474e+01
   4.9042969e+01   1.3036077e+01
   4.9648437e+01   1.3036529e+01
   5.0253906e+01   1.3035474e+01
   5.0859375e+01   1.3035926e+01
   5.1464844e+01   1.3034871e+01
   5.2070312e+01   1.3035625e+01
   5.2675781e+01   1.3035323e+01
   5.3281250e+01   1.3035474e+01
   5.3886719e+01   1.3035323e+01
   5.4492187e+01   1.3035474e+01
   5.5097656e+01   1.3034570e+01
   5.5703125e+01   1.3034420e+01
   5.6308594e+01   1.3035022e+01
   5.6914062e+01   1.3035022e+01
   5.7519531e+01   1.3035926e+01
   5.8125000e+01   1.3034118e+01
   5.8730469e+01   1.3034570e+01
   5.9335937e+01   1.3035323e+01
   5.9941406e+01   1.3034721e+01
   6.0546875e+01   1.3036077e+01
   6.1152344e+01   1.3035775e+01
   6.1757812e+01   1.3035926e+01
   6.2363281e+01   1.3034721e+01
   6.2968750e+01   1.3036830e+01
   6.3574219e+01   1.3035625e+01
   6.4179687e+01   1.3035022e+01
   6.4785156e+01   1.3035926e+01
   6.5390625e+01   1.3036227e+01
   6.5996094e+01   1.3035474e+01
   6.6601562e+01   1.3036077e+01
   6.7207031e+01   1.3035022e+01
   6.7812500e+01   1.3035173e+01
   6.8417969e+01   1.3036679e+01
   6.9023437e+01   1.3035775e+01
   6.9628906e+01   1.3036529e+01
   7.0234375e+01   1.3036227e+01
   7.0839844e+01   1.3035474e+01
   7.1445312e+01   1.3036378e+01
   7.2050781e+01   1.3036830e+01
   7.2656250e+01   1.3035474e+01
   7.3261719e+01   1.3036529e+01
   7.3867187e+01   1.3034871e+01
   7.4472656e+01   1.3034871e+01
   7.5078125e+01   1.3035625e+01
   7.5683594e+01   1.3034118e+01
   7.6289062e+01   1.3035173e+01
   7.6894531e+01   1.3033817e+01
   7.7500000e+01   1.3033666e+01
   7.8105469e+01   1.3034570e+01
   7.8710937e+01   1.3034721e+01
   7.9316406e+01   1.3034570e+01
   7.9921875e+01   1.3034570e+01
   8.0527344e+01   1.3033968e+01
   8.1132812e+01   1.3034871e+01
   8.1738281e+01   1.3034721e+01
   8.2343750e+01   1.3033817e+01
   8.2949219e+01   1.3034721e+01
   8.3554687e+01   1.3033968e+01
   8.4160156e+01   1.3033968e+01
   8.4765625e+01   1.3032913e+01
   8.5371094e+01   1.3033817e+01
   8.5976562e+01   1.3033365e+01
   8.6582031e+01   1.3033365e+01
   8.7187500e+01   1.3033516e+01
   8.7792969e+01   1.3033214e+01
   8.8398437e+01   1.3032009e+01
   8.9003906e+01   1.3033214e+01
   8.9609375e+01   1.3032612e+01
   9.0214844e+01   1.3033365e+01
   9.0820312e+01   1.3032160e+01
   9.1425781e+01   1.3032612e+01
   9.2031250e+01   1.3033365e+01
   9.2636719e+01   1.3033516e+01
   9.3242187e+01   1.3033214e+01
   9.3847656e+01   1.3032763e+01
   9.4453125e+01   1.3032913e+01
   9.5058594e+01   1.3033365e+01
   9.5664062e+01   1.3033214e+01
   9.6269531e+01   1.3033516e+01
   9.6875000e+01   1.3033516e+01
   9.7480469e+01   1.3032311e+01
   9.8085937e+01   1.3032009e+01
   9.8691406e+01   1.3031859e+01
   9.9296875e+01   1.3032763e+01
   9.9902344e+01   1.3032913e+01
   1.0050781e+02   1.3031859e+01
   1.0111328e+02   1.3031708e+01
   1.0171875e+02   1.3032311e+01
   1.0232422e+02   1.3031105e+01
   1.0292969e+02   1.3032461e+01
   1.0353516e+02   1.3031859e+01
   1.0414062e+02   1.3031407e+01
   1.0474609e+02   1.3031859e+01
   1.0535156e+02   1.3030955e+01
   1.0595703e+02   1.3030352e+01
   1.0656250e+02   1.3030654e+01
   1.0716797e+02   1.3030955e+01
   1.0777344e+02   1.3031708e+01
   1.0837891e+02   1.3032461e+01
   1.0898437e+02   1.3031256e+01
   1.0958984e+02   1.3032763e+01
   1.1019531e+02   1.3030654e+01
   1.1080078e+02   1.3031708e+01
   1.1140625e+02   1.3029750e+01
   1.1201172e+02   1.3030202e+01
   1.1261719e+02   1.3030352e+01
   1.1322266e+02   1.3030955e+01
   1.1382812e+02   1.3029448e+01
   1.1443359e+02   1.3030051e+01
   1.1503906e+02   1.3029147e+01
   1.1564453e+02   1.3029298e+01
   1.1625000e+02   1.3029448e+01
   1.1685547e+02   1.3028545e+01
   1.1746094e+02   1.3028846e+01
   1.1806641e+02   1.3028695e+01
   1.1867187e+02   1.3027942e+01
   1.1927734e+02   1.3028394e+01
   1.1988281e+02   1.3027490e+01
   1.2048828e+02   1.3027340e+01
   1.2109375e+02   1.3027340e+01
   1.2169922e+02   1.3027791e+01
   1.2230469e+02   1.3026888e+01
   1.2291016e+02   1.3026888e+01
   1.2351562e+02   1.3026888e+01
   1.2412109e+02   1.3026586e+01
   1.2472656e+02   1.3026737e+01
   1.2533203e+02   1.3026134e+01
   1.2593750e+02   1.3026285e+01
   1.2654297e+02   1.3026436e+01
   1.2714844e+02   1.3025833e+01
   1.2775391e+02   1.3026285e+01
   1.2835937e+02   1.3025080e+01
   1.2896484e+02   1.3025833e+01
   1.2957031e+02   1.3024929e+01
   1.3017578e+02   1.3024327e+01
   1.3078125e+02   1.3025532e+01
   1.3138672e+02   1.3025381e+01
   1.3199219e+02   1.3025381e+01
   1.3259766e+02   1.3024477e+01
   1.3320312e+02   1.3023574e+01
   1.3380859e+02   1.3024779e+01
   1.3441406e+02   1.3023423e+01
   1.3501953e+02   1.3023574e+01
   1.3562500e+02   1.3024176e+01
   1.3623047e+02   1.3022820e+01
   1.3683594e+02   1.3022971e+01
   1.3744141e+02   1.3023724e+01
   1.3804687e+02   1.3024477e+01
   1.3865234e+02   1.3023272e+01
   1.3925781e+02   1.3023122e+01
   1.3986328e+02   1.3023272e+01
   1.4046875e+02   1.3024477e+01
   1.4107422e+02   1.3022820e+01
   1.4167969e+02   1.3023875e+01
   1.4228516e+02   1.3024025e+01
   1.4289062e+02   1.3024176e+01
   1.4349609e+02   1.3023574e+01
   1.4410156e+02   1.3024025e+01
   1.4470703e+02   1.3023574e+01
   1.4531250e+02   1.3024176e+01
   1.4591797e+02   1.3024929e+01
   1.4652344e+02   1.3024327e+01
   1.4712891e+02   1.3024327e+01
   1.4773437e+02   1.3023574e+01
   1.4833984e+02   1.3023423e+01
   1.4894531e+02   1.3023724e+01
   1.4955078e+02   1.3023122e+01
   1.5015625e+02   1.3023574e+01
   1.5076172e+02   1.3024025e+01
   1.5136719e+02   1.3024477e+01
   1.5197266e+02   1.3024628e+01
   1.5257812e+02   1.3024779e+01
   1.5318359e+02   1.3023875e+01
   1.5378906e+02   1.3023423e+01
   1.5439453e+02   1.3024327e+01
   1.5500000e+02   1.3024327e+01
   1.5560547e+02   1.3023875e+01
   1.5621094e+02   1.3023122e+01
   1.5681641e+02   1.3023122e+01
   1.5742187e+02   1.3023574e+01
   1.5802734e+02   1.3022519e+01
   1.5863281e+02   1.3023423e+01
   1.5923828e+02   1.3022820e+01
   1.5984375e+02   1.3022971e+01
   1.6044922e+02   1.3022368e+01
   1.6105469e+02   1.3021916e+01
   1.6166016e+02   1.3023574e+01
   1.6226562e+02   1.3024176e+01
   1.6287109e+02   1.3022670e+01
   1.6347656e+02   1.3023875e+01
   1.6408203e+02   1.3024327e+01
   1.6468750e+02   1.3025833e+01
   1.6529297e+02   1.3024176e+01
   1.6589844e+02   1.3024628e+01
   1.6650391e+02   1.3024176e+01
   1.6710937e+02   1.3024477e+01
   1.6771484e+02   1.3024176e+01
   1.6832031e+02   1.3024779e+01
   1.6892578e+02   1.3024025e+01
   1.6953125e+02   1.3023724e+01
   1.7013672e+02   1.3023724e+01
   1.7074219e+02   1.3023122e+01
   1.7134766e+02   1.3024176e+01
   1.7195312e+02   1.3023574e+01
   1.7255859e+02   1.3023724e+01
   1.7316406e+02   1.3023122e+01
   1.7376953e+02   1.3022218e+01
   1.7437500e+02   1.3022519e+01
   1.7498047e+02   1.3023574e+01
   1.7558594e+02   1.3022519e+01
   1.7619141e+02   1.3022820e+01
   1.7679687e+02   1.3022820e+01
   1.7740234e+02   1.3021916e+01
   1.7800781e+02   1.3022971e+01
   1.7861328e+02   1.3023122e+01
   1.7921875e+02   1.3022670e+01
   1.7982422e+02   1.3022519e+01
   1.8042969e+02   1.3021615e+01
   1.8103516e+02   1.3022820e+01
   1.8164062e+02   1.3022368e+01
   1.8224609e+02   1.3022218e+01
   1.8285156e+02   1.3022820e+01
   1.8345703e+02   1.3022368e+01
   1.8406250e+02   1.3022820e+01
   1.8466797e+02   1.3021916e+01
   1.8527344e+02   1.3022218e+01
   1.8587891e+02   1.3022218e+01
   1.8648437e+02   1.3022670e+01
   1.8708984e+02   1.3022368e+01
   1.8769531e+02   1.3021766e+01
   1.8830078e+02   1.3023272e+01
   1.8890625e+02   1.3021615e+01
   1.8951172e+02   1.3022820e+01
   1.9011719e+02   1.3021916e+01
   1.9072266e+02   1.3022519e+01
   1.9132812e+02   1.3021615e+01
   1.9193359e+02   1.3023574e+01
   1.9253906e+02   1.3022820e+01
   1.9314453e+02   1.3021916e+01
   1.9375000e+02   1.3023272e+01
   1.9435547e+02   1.3022519e+01
   1.9496094e+02   1.3023423e+01
   1.9556641e+02   1.3023122e+01
   1.9617187e+02   1.3023122e+01
   1.9677734e+02   1.3023122e+01
   1.9738281e+02   1.3023423e+01
   1.9798828e+02   1.3022820e+01
   1.9859375e+02   1.3022971e+01
   1.9919922e+02   1.3022820e+01
   1.9980469e+02   1.3023272e+01
   2.0041016e+02   1.3022519e+01
   2.0101562e+02   1.3022820e+01
   2.0162109e+02   1.3023272e+01
   2.0222656e+02   1.3023272e+01
   2.0283203e+02   1.3022820e+01
   2.0343750e+02   1.3023875e+01
   2.0404297e+02   1.3023574e+01
   2.0464844e+02   1.3023574e+01
   2.0525391e+02   1.3024628e+01
   2.0585937e+02   1.3022368e+01
   2.0646484e+02   1.3023272e+01
   2.0707031e+02   1.3023574e+01
   2.0767578e+02   1.3024176e+01
   2.0828125e+02   1.3023574e+01
   2.0888672e+02   1.3024327e+01
   2.0949219e+02   1.3023724e+01
   2.1009766e+02   1.3024176e+01
   2.1070312e+02   1.3023122e+01
   2.1130859e+02   1.3024025e+01
   2.1191406e+02   1.3024025e+01
   2.1251953e+02   1.3023724e+01
   2.1312500e+02   1.3022971e+01
   2.1373047e+02   1.3022820e+01
   2.1433594e+02   1.3023423e+01
   2.1494141e+02   1.3023724e+01
   2.1554687e+02   1.3022971e+01
   2.1615234e+02   1.3023423e+01
   2.1675781e+02   1.3022820e+01
   2.1736328e+02   1.3022670e+01
   2.1796875e+02   1.3023272e+01
   2.1857422e+02   1.3022820e+01
   2.1917969e+02   1.3023272e+01
   2.1978516e+02   1.3022218e+01
   2.2039062e+02   1.3023423e+01
   2.2099609e+02   1.3020862e+01
   2.2160156e+02   1.3022067e+01
   2.2220703e+02   1.3022820e+01
   2.2281250e+02   1.3021916e+01
   2.2341797e+02   1.3022971e+01
   2.2402344e+02   1.3022067e+01
   2.2462891e+02   1.3022971e+01
   2.2523437e+02   1.3022971e+01
   2.2583984e+02   1.3022670e+01
   2.2644531e+02   1.3023875e+01
   2.2705078e+02   1.3022820e+01
   2.2765625e+02   1.3022067e+01
   2.2826172e+02   1.3023122e+01
   2.2886719e+02   1.3021916e+01
   2.2947266e+02   1.3022820e+01
   2.3007812e+02   1.3021916e+01
   2.3068359e+02   1.3022670e+01
   2.3128906e+02   1.3021314e+01
   2.3189453e+02   1.3022820e+01
   2.3250000e+02   1.3022067e+01
   2.3310547e+02   1.3022368e+01
   2.3371094e+02   1.3021916e+01
   2.3431641e+02   1.3021916e+01
   2.3492187e+02   1.3021013e+01
   2.3552734e+02   1.3021465e+01
   2.3613281e+02   1.3021465e+01
   2.3673828e+02   1.3021465e+01
   2.3734375e+02   1.3021163e+01
   2.3794922e+02   1.3021163e+01
   2.3855469e+02   1.3020561e+01
   2.3916016e+02   1.3021163e+01
   2.3976562e+02   1.3019808e+01
   2.4037109e+02   1.3021013e+01
   2.4097656e+02   1.3020862e+01
   2.4158203e+02   1.3021916e+01
   2.4218750e+02   1.3020561e+01
   2.4279297e+02   1.3021465e+01
   2.4339844e+02   1.3021314e+01
   2.4400391e+02   1.3020862e+01
   2.4460937e+02   1.3019506e+01
   2.4521484e+02   1.3019958e+01
   2.4582031e+02   1.3022067e+01
   2.4642578e+02   1.3020862e+01
   2.4703125e+02   1.3020109e+01
   2.4763672e+02   1.3020561e+01
   2.4824219e+02   1.3020109e+01
   2.4884766e+02   1.3020410e+01
   2.4945312e+02   1.3019808e+01
   2.5005859e+02   1.3019808e+01
   2.5066406e+02   1.3019356e+01
   2.5126953e+02   1.3020711e+01
   2.5187500e+02   1.3020561e+01
   2.5248047e+02   1.3020259e+01
   2.5308594e+02   1.3020259e+01
   2.5369141e+02   1.3019205e+01
   2.5429687e+02   1.3019356e+01
   2.5490234e+02   1.3019958e+01
   2.5550781e+02   1.3020561e+01
   2.5611328e+02   1.3019506e+01
   2.5671875e+02   1.3018301e+01
   2.5732422e+02   1.3019506e+01
   2.5792969e+02   1.3019205e+01
   2.5853516e+02   1.3019054e+01
   2.5914062e+02   1.3018301e+01
   2.5974609e+02   1.3019054e+01
   2.6035156e+02   1.3018602e+01
   2.6095703e+02   1.3017548e+01
   2.6156250e+02   1.3017849e+01
   2.6216797e+02   1.3018000e+01
   2.6277344e+02   1.3017548e+01
   2.6337891e+02   1.3017397e+01
   2.6398437e+02   1.3017548e+01
   2.6458984e+02   1.3017397e+01
   2.6519531e+02   1.3017247e+01
   2.6580078e+02   1.3017096e+01
   2.6640625e+02   1.3016343e+01
   2.6701172e+02   1.3016493e+01
   2.6761719e+02   1.3015590e+01
   2.6822266e+02   1.3017548e+01
   2.6882812e+02   1.3017548e+01
   2.6943359e+02   1.3016795e+01
   2.7003906e+02   1.3017699e+01
   2.7064453e+02   1.3016644e+01
   2.7125000e+02   1.3017096e+01
   2.7185547e+02   1.3017849e+01
   2.7246094e+02   1.3017548e+01
   2.7306641e+02   1.3017548e+01
   2.7367187e+02   1.3017247e+01
   2.7427734e+02   1.3017096e+01
   2.7488281e+02   1.3017849e+01
   2.7548828e+02   1.3016795e+01
   2.7609375e+02   1.3017096e+01
   2.7669922e+02   1.3017397e+01
   2.7730469e+02   1.3017397e+01
   2.7791016e+02   1.3016493e+01
   2.7851562e+02   1.3017096e+01
   2.7912109e+02   1.3016343e+01
   2.7972656e+02   1.3017397e+01
   2.8033203e+02   1.3016945e+01
   2.8093750e+02   1.3015891e+01
   2.8154297e+02   1.3016493e+01
   2.8214844e+02   1.3014686e+01
   2.8275391e+02   1.3014234e+01
   2.8335937e+02   1.3015740e+01
   2.8396484e+02   1.3015891e+01
   2.8457031e+02   1.3014686e+01
   2.8517578e+02   1.3014686e+01
   2.8578125e+02   1.3015740e+01
   2.8638672e+02   1.3014083e+01
   2.8699219e+02   1.3015288e+01
   2.8759766e+02   1.3015439e+01
   2.8820312e+02   1.3014234e+01
   2.8880859e+02   1.3013631e+01
   2.8941406e+02   1.3014535e+01
   2.9001953e+02   1.3014686e+01
   2.9062500e+02   1.3013933e+01
   2.9123047e+02   1.3014234e+01
   2.9183594e+02   1.3014083e+01
   2.9244141e+02   1.3014686e+01
   2.9304687e+02   1.3014385e+01
   2.9365234e+02   1.3014234e+01
   2.9425781e+02   1.3014987e+01
   2.9486328e+02   1.3015740e+01
   2.9546875e+02   1.3014083e+01
   2.9607422e+02   1.3016192e+01
   2.9667969e+02   1.3015740e+01
   2.9728516e+02   1.3016042e+01
   2.9789062e+02   1.3015740e+01
   2.9849609e+02   1.3016192e+01
   2.9910156e+02   1.3015891e+01
   2.9970703e+02   1.3015439e+01
   3.0031250e+02   1.3015590e+01
   3.0091797e+02   1.3015288e+01
   3.0152344e+02   1.3016042e+01
   3.0212891e+02   1.3015590e+01
   3.0273437e+02   1.3016343e+01
   3.0333984e+02   1.3016192e+01
   3.0394531e+02   1.3016343e+01
   3.0455078e+02   1.3016192e+01
   3.0515625e+02   1.3016795e+01
   3.0576172e+02   1.3017096e+01
   3.0636719e+02   1.3016644e+01
   3.0697266e+02   1.3016493e+01
   3.0757812e+02   1.3016042e+01
   3.0818359e+02   1.3016644e+01
   3.0878906e+02   1.3017397e+01
   3.0939453e+02   1.3016644e+01
   3.1000000e+02   1.3017247e+01
   3.1060547e+02   1.3017096e+01
   3.1121094e+02   1.3016042e+01
   3.1181641e+02   1.3016644e+01
   3.1242187e+02   1.3017849e+01
   3.1302734e+02   1.3016945e+01
   3.1363281e+02   1.3017849e+01
   3.1423828e+02   1.3016042e+01
   3.1484375e+02   1.3017096e+01
   3.1544922e+02   1.3018151e+01
   3.1605469e+02   1.3017699e+01
   3.1666016e+02   1.3018151e+01
   3.1726562e+02   1.3016945e+01
   3.1787109e+02   1.3016493e+01
   3.1847656e+02   1.3016644e+01
   3.1908203e+02   1.3016945e+01
   3.1968750e+02   1.3016343e+01
   3.2029297e+02   1.3015891e+01
   3.2089844e+02   1.3015439e+01
   3.2150391e+02   1.3017247e+01
   3.2210937e+02   1.3017699e+01
   3.2271484e+02   1.3016945e+01
   3.2332031e+02   1.3016644e+01
   3.2392578e+02   1.3015891e+01
   3.2453125e+02   1.3015740e+01
   3.2513672e+02   1.3015740e+01
   3.2574219e+02   1.3015740e+01
   3.2634766e+02   1.3017096e+01
   3.2695312e+02   1.3015891e+01
   3.2755859e+02   1.3016192e+01
   3.2816406e+02   1.3015288e+01
   3.2876953e+02   1.3016644e+01
   3.2937500e+02   1.3016644e+01
   3.2998047e+02   1.3016192e+01
   3.3058594e+02   1.3016042e+01
   3.3119141e+02   1.3016795e+01
   3.3179687e+02   1.3016042e+01
   3.3240234e+02   1.3016945e+01
   3.3300781e+02   1.3015590e+01
   3.3361328e+02   1.3016192e+01
   3.3421875e+02   1.3015439e+01
   3.3482422e+02   1.3016343e+01
   3.3542969e+02   1.3016192e+01
   3.3603516e+02   1.3015288e+01
   3.3664062e+02   1.3017548e+01
   3.3724609e+02   1.3016493e+01
   3.3785156e+02   1.3016795e+01
   3.3845703e+02   1.3017247e+01
   3.3906250e+02   1.3017548e+01
   3.3966797e+02   1.3018151e+01
   3.4027344e+02   1.3017849e+01
   3.4087891e+02   1.3018301e+01
   3.4148437e+02   1.3018151e+01
   3.4208984e+02   1.3018301e+01
   3.4269531e+02   1.3019356e+01
   3.4330078e+02   1.3018904e+01
   3.4390625e+02   1.3018753e+01
   3.4451172e+02   1.3019958e+01
   3.4511719e+02   1.3019506e+01
   3.4572266e+02   1.3019356e+01
   3.4632812e+02   1.3020109e+01
   3.4693359e+02   1.3018904e+01
   3.4753906e+02   1.3018904e+01
   3.4814453e+02   1.3019958e+01
   3.4875000e+02   1.3019506e+01
   3.4935547e+02   1.3019506e+01
   3.4996094e+02   1.3019054e+01
   3.5056641e+02   1.3019054e+01
   3.5117187e+02   1.3018602e+01
   3.5177734e+02   1.3019506e+01
   3.5238281e+02   1.3019054e+01
   3.5298828e+02   1.3018452e+01
   3.5359375e+02   1.3018904e+01
   3.5419922e+02   1.3018602e+01
   3.5480469e+02   1.3019657e+01
   3.5541016e+02   1.3019506e+01
   3.5601562e+02   1.3019356e+01
   3.5662109e+02   1.3019205e+01
   3.5722656e+02   1.3019808e+01
   3.5783203e+02   1.3018602e+01
   3.5843750e+02   1.3019356e+01
   3.5904297e+02   1.3018602e+01
   3.5964844e+02   1.3018452e+01
   3.6025391e+02   1.3018452e+01
   3.6085937e+02   1.3017849e+01
   3.6146484e+02   1.3017397e+01
   3.6207031e+02   1.3017849e+01
   3.6267578e+02   1.3018753e+01
   3.6328125e+02   1.3017397e+01
   3.6388672e+02   1.3017548e+01
   3.6449219e+02   1.3017849e+01
   3.6509766e+02   1.3018000e+01
   3.6570312e+02   1.3018301e+01
   3.6630859e+02   1.3018301e+01
   3.6691406e+02   1.3018602e+01
   3.6751953e+02   1.3018904e+01
   3.6812500e+02   1.3018602e+01
   3.6873047e+02   1.3018753e+01
   3.6933594e+02   1.3018301e+01
   3.6994141e+02   1.3017849e+01
   3.7054687e+02   1.3017548e+01
   3.7115234e+02   1.3016493e+01
   3.7175781e+02   1.3019054e+01
   3.7236328e+02   1.3017247e+01
   3.7296875e+02   1.3018000e+01
   3.7357422e+02   1.3018602e+01
   3.7417969e+02   1.3017247e+01
   3.7478516e+02   1.3017548e+01
   3.7539062e+02   1.3017247e+01
   3.7599609e+02   1.3017699e+01
   3.7660156e+02   1.3016945e+01
   3.7720703e+02   1.3018000e+01
   3.7781250e+02   1.3016945e+01
   3.7841797e+02   1.3017397e+01
   3.7902344e+02   1.3016042e+01
   3.7962891e+02   1.3017247e+01
   3.8023437e+02   1.3016795e+01
   3.8083984e+02   1.3016795e+01
   3.8144531e+02   1.3016192e+01
   3.8205078e+02   1.3017548e+01
   3.8265625e+02   1.3016343e+01
   3.8326172e+02   1.3016644e+01
   3.8386719e+02   1.3017096e+01
   3.8447266e+02   1.3016343e+01
   3.8507812e+02   1.3018151e+01
   3.8568359e+02   1.3016644e+01
   3.8628906e+02   1.3018151e+01
   3.8689453e+02   1.3017247e+01
   3.8750000e+02   1.3016493e+01
   3.8810547e+02   1.3018452e+01
   3.8871094e+02   1.3017247e+01
   3.8931641e+02   1.3017247e+01
   3.8992187e+02   1.3018151e+01
   3.9052734e+02   1.3017699e+01
   3.9113281e+02   1.3018904e+01
   3.9173828e+02   1.3018602e+01
   3.9234375e+02   1.3017548e+01
   3.9294922e+02   1.3017849e+01
   3.9355469e+02   1.3018301e+01
   3.9416016e+02   1.3018753e+01
   3.9476562e+02   1.3018000e+01
   3.9537109e+02   1.3019054e+01
   3.9597656e+02   1.3018000e+01
   3.9658203e+02   1.3018452e+01
   3.9718750e+02   1.3017397e+01
   3.9779297e+02   1.3018753e+01
   3.9839844e+02   1.3017849e+01
   3.9900391e+02   1.3018151e+01
   3.9960937e+02   1.3018602e+01
   4.0021484e+02   1.3017548e+01
   4.0082031e+02   1.3017849e+01
   4.0142578e+02   1.3016644e+01
   4.0203125e+02   1.3018602e+01
   4.0263672e+02   1.3017096e+01
   4.0324219e+02   1.3017849e+01
   4.0384766e+02   1.3018602e+01
   4.0445312e+02   1.3018000e+01
   4.0505859e+02   1.3017247e+01
   4.0566406e+02   1.3016192e+01
   4.0626953e+02   1.3016493e+01
   4.0687500e+02   1.3016192e+01
   4.0748047e+02   1.3017096e+01
   4.0808594e+02   1.3016493e+01
   4.0869141e+02   1.3016795e+01
   4.0929687e+02   1.3016644e+01
   4.0990234e+02   1.3016644e+01
   4.1050781e+02   1.3017699e+01
   4.1111328e+02   1.3016945e+01
   4.1171875e+02   1.3017397e+01
   4.1232422e+02   1.3017247e+01
   4.1292969e+02   1.3017849e+01
   4.1353516e+02   1.3016644e+01
   4.1414062e+02   1.3016343e+01
   4.1474609e+02   1.3017096e+01
   4.1535156e+02   1.3016493e+01
   4.1595703e+02   1.3016343e+01
   4.1656250e+02   1.3016644e+01
   4.1716797e+02   1.3016795e+01
   4.1777344e+02   1.3014987e+01
   4.1837891e+02   1.3015590e+01
   4.1898437e+02   1.3014987e+01
   4.1958984e+02   1.3014987e+01
   4.2019531e+02   1.3016945e+01
   4.2080078e+02   1.3015590e+01
   4.2140625e+02   1.3015439e+01
   4.2201172e+02   1.3015439e+01
   4.2261719e+02   1.3015288e+01
   4.2322266e+02   1.3015288e+01
   4.2382812e+02   1.3015740e+01
   4.2443359e+02   1.3016042e+01
   4.2503906e+02   1.3015288e+01
   4.2564453e+02   1.3014987e+01
   4.2625000e+02   1.3014987e+01
   4.2685547e+02   1.3015590e+01
   4.2746094e+02   1.3014083e+01
   4.2806641e+02   1.3014686e+01
   4.2867187e+02   1.3015590e+01
   4.2927734e+02   1.3014385e+01
   4.2988281e+02   1.3014234e+01
   4.3048828e+02   1.3013933e+01
   4.3109375e+02   1.3013933e+01
   4.3169922e+02   1.3012878e+01
   4.3230469e+02   1.3013179e+01
   4.3291016e+02   1.3012577e+01
   4.3351562e+02   1.3012125e+01
   4.3412109e+02   1.3011522e+01
   4.3472656e+02   1.3012728e+01
   4.3533203e+02   1.3013029e+01
   4.3593750e+02   1.3011221e+01
   4.3654297e+02   1.3011070e+01
   4.3714844e+02   1.3011221e+01
   4.3775391e+02   1.3010769e+01
   4.3835937e+02   1.3012276e+01
   4.3896484e+02   1.3012125e+01
   4.3957031e+02   1.3012426e+01
   4.4017578e+02   1.3011673e+01
   4.4078125e+02   1.3012426e+01
   4.4138672e+02   1.3012728e+01
   4.4199219e+02   1.3012878e+01
   4.4259766e+02   1.3012728e+01
   4.4320312e+02   1.3013631e+01
   4.4380859e+02   1.3013330e+01
   4.4441406e+02   1.3011974e+01
   4.4501953e+02   1.3012878e+01
   4.4562500e+02   1.3012577e+01
   4.4623047e+02   1.3012577e+01
   4.4683594e+02   1.3013330e+01
   4.4744141e+02   1.3013029e+01
   4.4804687e+02   1.3012276e+01
   4.4865234e+02   1.3012125e+01
   4.4925781e+02   1.3012577e+01
   4.4986328e+02   1.3012577e+01
   4.5046875e+02   1.3012577e+01
   4.5107422e+02   1.3012878e+01
   4.5167969e+02   1.3012276e+01
   4.5228516e+02   1.3012577e+01
   4.5289062e+02   1.3012426e+01
   4.5349609e+02   1.3012728e+01
   4.5410156e+02   1.3012878e+01
   4.5470703e+02   1.3012728e+01
   4.5531250e+02   1.3011974e+01
   4.5591797e+02   1.3011974e+01
   4.5652344e+02   1.3012426e+01
   4.5712891e+02   1.3012878e+01
   4.5773437e+02   1.3012426e+01
   4.5833984e+02   1.3011824e+01
   4.5894531e+02   1.3012577e+01
   4.5955078e+02   1.3010016e+01
   4.6015625e+02   1.3011221e+01
   4.6076172e+02   1.3011372e+01
   4.6136719e+02   1.3011522e+01
   4.6197266e+02   1.3011522e+01
   4.6257812e+02   1.3011673e+01
   4.6318359e+02   1.3011221e+01
   4.6378906e+02   1.3011070e+01
   4.6439453e+02   1.3010920e+01
   4.6500000e+02   1.3009865e+01
   4.6560547e+02   1.3010167e+01
   4.6621094e+02   1.3010920e+01
   4.6681641e+02   1.3010920e+01
   4.6742187e+02   1.3009865e+01
   4.6802734e+02   1.3010167e+01
   4.6863281e+02   1.3010016e+01
   4.6923828e+02   1.3009564e+01
   4.6984375e+02   1.3008359e+01
   4.7044922e+02   1.3009715e+01
   4.7105469e+02   1.3009413e+01
   4.7166016e+02   1.3009413e+01
   4.7226562e+02   1.3009413e+01
   4.7287109e+02   1.3008359e+01
   4.7347656e+02   1.3008962e+01
   4.7408203e+02   1.3008208e+01
   4.7468750e+02   1.3008811e+01
   4.7529297e+02   1.3008058e+01
   4.7589844e+02   1.3008510e+01
   4.7650391e+02   1.3008208e+01
   4.7710937e+02   1.3008962e+01
   4.7771484e+02   1.3007907e+01
   4.7832031e+02   1.3008359e+01
   4.7892578e+02   1.3007003e+01
   4.7953125e+02   1.3006702e+01
   4.8013672e+02   1.3007455e+01
   4.8074219e+02   1.3007305e+01
   4.8134766e+02   1.3007003e+01
   4.8195312e+02   1.3006551e+01
   4.8255859e+02   1.3006702e+01
   4.8316406e+02   1.3005798e+01
   4.8376953e+02   1.3006853e+01
   4.8437500e+02   1.3006853e+01
   4.8498047e+02   1.3005798e+01
   4.8558594e+02   1.3004894e+01
   4.8619141e+02   1.3005798e+01
   4.8679687e+02   1.3004141e+01
   4.8740234e+02   1.3005196e+01
   4.8800781e+02   1.3005497e+01
   4.8861328e+02   1.3005647e+01
   4.8921875e+02   1.3006099e+01
   4.8982422e+02   1.3005196e+01
   4.9042969e+02   1.3006401e+01
   4.9103516e+02   1.3006099e+01
   4.9164062e+02   1.3006551e+01
   4.9224609e+02   1.3007154e+01
   4.9285156e+02   1.3006551e+01
   4.9345703e+02   1.3006853e+01
   4.9406250e+02   1.3006551e+01
   4.9466797e+02   1.3006853e+01
   4.9527344e+02   1.3006401e+01
   4.9587891e+02   1.3006401e+01
   4.9648437e+02   1.3007154e+01
   4.9708984e+02   1.3007305e+01
   4.9769531e+02   1.3007003e+01
   4.9830078e+02   1.3008058e+01
   4.9890625e+02   1.3006853e+01
   4.9951172e+02   1.3007154e+01
   5.0011719e+02   1.3007907e+01
   5.0072266e+02   1.3007305e+01
   5.0132812e+02   1.3007003e+01
   5.0193359e+02   1.3007003e+01
   5.0253906e+02   1.3007455e+01
   5.0314453e+02   1.3006702e+01
   5.0375000e+02   1.3007907e+01
   5.0435547e+02   1.3006551e+01
   5.0496094e+02   1.3006401e+01
   5.0556641e+02   1.3006702e+01
   5.0617187e+02   1.3006702e+01
   5.0677734e+02   1.3006551e+01
   5.0738281e+02   1.3007455e+01
   5.0798828e+02   1.3007154e+01
   5.0859375e+02   1.3006551e+01
   5.0919922e+02   1.3007606e+01
   5.0980469e+02   1.3006853e+01
   5.1041016e+02   1.3005497e+01
   5.1101562e+02   1.3007154e+01
   5.1162109e+02   1.3006099e+01
   5.1222656e+02   1.3005647e+01
   5.1283203e+02   1.3005798e+01
   5.1343750e+02   1.3005798e+01
   5.1404297e+02   1.3005798e+01
   5.1464844e+02   1.3006250e+01
   5.1525391e+02   1.3007003e+01
   5.1585937e+02   1.3007305e+01
   5.1646484e+02   1.3007606e+01
   5.1707031e+02   1.3007003e+01
   5.1767578e+02   1.3008058e+01
   5.1828125e+02   1.3006702e+01
   5.1888672e+02   1.3006401e+01
   5.1949219e+02   1.3007003e+01
   5.2009766e+02   1.3007003e+01
   5.2070312e+02   1.3008359e+01
   5.2130859e+02   1.3007154e+01
   5.2191406e+02   1.3007756e+01
   5.2251953e+02   1.3006401e+01
   5.2312500e+02   1.3007003e+01
   5.2373047e+02   1.3005949e+01
   5.2433594e+02   1.3006551e+01
   5.2494141e+02   1.3005647e+01
   5.2554687e+02   1.3006401e+01
   5.2615234e+02   1.3007154e+01
   5.2675781e+02   1.3007003e+01
   5.2736328e+02   1.3005045e+01
   5.2796875e+02   1.3005045e+01
   5.2857422e+02   1.3004894e+01
   5.2917969e+02   1.3005647e+01
   5.2978516e+02   1.3006250e+01
   5.3039062e+02   1.3005045e+01
   5.3099609e+02   1.3005045e+01
   5.3160156e+02   1.3005497e+01
   5.3220703e+02   1.3005346e+01
   5.3281250e+02   1.3005949e+01
   5.3341797e+02   1.3005798e+01
   5.3402344e+02   1.3005949e+01
   5.3462891e+02   1.3004894e+01
   5.3523437e+02   1.3004894e+01
   5.3583984e+02   1.3004894e+01
   5.3644531e+02   1.3005196e+01
   5.3705078e+02   1.3003689e+01
   5.3765625e+02   1.3004593e+01
   5.3826172e+02   1.3004141e+01
   5.3886719e+02   1.3003840e+01
   5.3947266e+02   1.3003388e+01
   5.4007812e+02   1.3003087e+01
   5.4068359e+02   1.3003990e+01
   5.4128906e+02   1.3003388e+01
   5.4189453e+02   1.3002785e+01
   5.4250000e+02   1.3002785e+01
   5.4310547e+02   1.3002484e+01
   5.4371094e+02   1.3002484e+01
   5.4431641e+02   1.3002183e+01
   5.4492187e+02   1.3001882e+01
   5.4552734e+02   1.3002785e+01
   5.4613281e+02   1.3003388e+01
   5.4673828e+02   1.3003388e+01
   5.4734375e+02   1.3003539e+01
   5.4794922e+02   1.3002785e+01
   5.4855469e+02   1.3002936e+01
   5.4916016e+02   1.3003689e+01
   5.4976562e+02   1.3004292e+01
   5.5037109e+02   1.3002936e+01
   5.5097656e+02   1.3002785e+01
   5.5158203e+02   1.3003840e+01
   5.5218750e+02   1.3003237e+01
   5.5279297e+02   1.3002936e+01
   5.5339844e+02   1.3003388e+01
   5.5400391e+02   1.3003388e+01
   5.5460937e+02   1.3002635e+01
   5.5521484e+02   1.3004593e+01
   5.5582031e+02   1.3002936e+01
   5.5642578e+02   1.3003388e+01
   5.5703125e+02   1.3003237e+01
   5.5763672e+02   1.3002484e+01
   5.5824219e+02   1.3001580e+01
   5.5884766e+02   1.3003237e+01
   5.5945312e+02   1.3002032e+01
   5.6005859e+02   1.3002936e+01
   5.6066406e+02   1.3002484e+01
   5.6126953e+02   1.3003388e+01
   5.6187500e+02   1.3001731e+01
   5.6248047e+02   1.3002333e+01
   5.6308594e+02   1.3001731e+01
   5.6369141e+02   1.3001580e+01
   5.6429687e+02   1.3002635e+01
   5.6490234e+02   1.3002183e+01
   5.6550781e+02   1.3001430e+01
   5.6611328e+02   1.3001580e+01
   5.6671875e+02   1.3001430e+01
   5.6732422e+02   1.3000978e+01
   5.6792969e+02   1.3002333e+01
   5.6853516e+02   1.3000526e+01
   5.6914062e+02   1.3001128e+01
   5.6974609e+02   1.3001882e+01
   5.7035156e+02   1.3000827e+01
   5.7095703e+02   1.3000978e+01
   5.7156250e+02   1.3001882e+01
   5.7216797e+02   1.3001128e+01
   5.7277344e+02   1.3000978e+01
   5.7337891e+02   1.3001430e+01
   5.7398437e+02   1.3000224e+01
   5.7458984e+02   1.3000224e+01
   5.7519531e+02   1.3000074e+01
   5.7580078e+02   1.3000978e+01
   5.7640625e+02   1.3001128e+01
   5.7701172e+02   1.3001580e+01
   5.7761719e+02   1.3000526e+01
   5.7822266e+02   1.3000676e+01
   5.7882812e+02   1.3000224e+01
   5.7943359e+02   1.3001882e+01
   5.8003906e+02   1.3001279e+01
   5.8064453e+02   1.3002032e+01
   5.8125000e+02   1.3002635e+01
   5.8185547e+02   1.3001430e+01
   5.8246094e+02   1.3000827e+01
   5.8306641e+02   1.3001430e+01
   5.8367187e+02   1.3001731e+01
   5.8427734e+02   1.3000526e+01
   5.8488281e+02   1.3000827e+01
   5.8548828e+02   1.3000375e+01
   5.8609375e+02   1.3001430e+01
   5.8669922e+02   1.3000676e+01
   5.8730469e+02   1.3000375e+01
   5.8791016e+02   1.2999321e+01
   5.8851562e+02   1.2999170e+01
   5.8912109e+02   1.2999019e+01
   5.8972656e+02   1.2997664e+01
   5.9033203e+02   1.2998116e+01
   5.9093750e+02   1.2998266e+01
   5.9154297e+02   1.2996910e+01
   5.9214844e+02   1.2997965e+01
   5.9275391e+02   1.2997513e+01
   5.9335937e+02   1.2996760e+01
   5.9396484e+02   1.2997664e+01
   5.9457031e+02   1.2998116e+01
   5.9517578e+02   1.2997212e+01
   5.9578125e+02   1.2996308e+01
   5.9638672e+02   1.2997061e+01
   5.9699219e+02   1.2995705e+01
   5.9759766e+02   1.2995705e+01
   5.9820312e+02   1.2995253e+01
   5.9880859e+02   1.2995555e+01
   5.9941406e+02   1.2995103e+01
   6.0001953e+02   1.2995555e+01
   6.0062500e+02   1.2995705e+01
   6.0123047e+02   1.2993898e+01
   6.0183594e+02   1.2993898e+01
   6.0244141e+02   1.2993747e+01
   6.0304687e+02   1.2994199e+01
   6.0365234e+02   1.2994500e+01
   6.0425781e+02   1.2993446e+01
   6.0486328e+02   1.2993295e+01
   6.0546875e+02   1.2993596e+01
   6.0607422e+02   1.2994048e+01
   6.0667969e+02   1.2994802e+01
   6.0728516e+02   1.2994651e+01
   6.0789062e+02   1.2996157e+01
   6.0849609e+02   1.2995705e+01
   6.0910156e+02   1.2995856e+01
   6.0970703e+02   1.2996910e+01
   6.1031250e+02   1.2996157e+01
   6.1091797e+02   1.2996308e+01
   6.1152344e+02   1.2997513e+01
   6.1212891e+02   1.2997513e+01
   6.1273437e+02   1.2996459e+01
   6.1333984e+02   1.2996910e+01
   6.1394531e+02   1.2996459e+01
   6.1455078e+02   1.2996007e+01
   6.1515625e+02   1.2996157e+01
   6.1576172e+02   1.2995856e+01
   6.1636719e+02   1.2996007e+01
   6.1697266e+02   1.2995705e+01
   6.1757812e+02   1.2996157e+01
   6.1818359e+02   1.2996308e+01
   6.1878906e+02   1.2996157e+01
   6.1939453e+02   1.2996459e+01
   6.2000000e+02   1.2997664e+01
   6.2060547e+02   1.2997513e+01
   6.2121094e+02   1.2997212e+01
   6.2181641e+02   1.2996459e+01
   6.2242187e+02   1.2997212e+01
   6.2302734e+02   1.2997362e+01
   6.2363281e+02   1.2997212e+01
   6.2423828e+02   1.2996157e+01
   6.2484375e+02   1.2995856e+01
   6.2544922e+02   1.2996760e+01
   6.2605469e+02   1.2996308e+01
   6.2666016e+02   1.2996609e+01
   6.2726562e+02   1.2996308e+01
   6.2787109e+02   1.2995555e+01
   6.2847656e+02   1.2995705e+01
   6.2908203e+02   1.2996308e+01
   6.2968750e+02   1.2996007e+01
   6.3029297e+02   1.2995253e+01
   6.3089844e+02   1.2995555e+01
   6.3150391e+02   1.2994802e+01
   6.3210937e+02   1.2994802e+01
   6.3271484e+02   1.2995253e+01
   6.3332031e+02   1.2995253e+01
   6.3392578e+02   1.2994500e+01
   6.3453125e+02   1.2996157e+01
   6.3513672e+02   1.2993446e+01
   6.3574219e+02   1.2993295e+01
   6.3634766e+02   1.2994500e+01
   6.3695312e+02   1.2992994e+01
   6.3755859e+02   1.2992994e+01
   6.3816406e+02   1.2992090e+01
   6.3876953e+02   1.2993446e+01
   6.3937500e+02   1.2993145e+01
   6.3998047e+02   1.2992542e+01
   6.4058594e+02   1.2993145e+01
   6.4119141e+02   1.2992542e+01
   6.4179687e+02   1.2993898e+01
   6.4240234e+02   1.2992090e+01
   6.4300781e+02   1.2992994e+01
   6.4361328e+02   1.2991638e+01
   6.4421875e+02   1.2991638e+01
   6.4482422e+02   1.2993145e+01
   6.4542969e+02   1.2992241e+01
   6.4603516e+02   1.2991337e+01
   6.4664062e+02   1.2991939e+01
   6.4724609e+02   1.2991036e+01
   6.4785156e+02   1.2991638e+01
   6.4845703e+02   1.2991487e+01
   6.4906250e+02   1.2991186e+01
   6.4966797e+02   1.2990584e+01
   6.5027344e+02   1.2991036e+01
   6.5087891e+02   1.2990433e+01
   6.5148437e+02   1.2989981e+01
   6.5208984e+02   1.2990282e+01
   6.5269531e+02   1.2989830e+01
   6.5330078e+02   1.2989379e+01
   6.5390625e+02   1.2991036e+01
   6.5451172e+02   1.2990433e+01
   6.5511719e+02   1.2989981e+01
   6.5572266e+02   1.2990132e+01
   6.5632812e+02   1.2990132e+01
   6.5693359e+02   1.2989981e+01
   6.5753906e+02   1.2990734e+01
   6.5814453e+02   1.2991036e+01
   6.5875000e+02   1.2990132e+01
   6.5935547e+02   1.2990734e+01
   6.5996094e+02   1.2990132e+01
   6.6056641e+02   1.2989830e+01
   6.6117187e+02   1.2989379e+01
   6.6177734e+02   1.2989830e+01
   6.6238281e+02   1.2989529e+01
   6.6298828e+02   1.2990132e+01
   6.6359375e+02   1.2991186e+01
   6.6419922e+02   1.2991186e+01
   6.6480469e+02   1.2989981e+01
   6.6541016e+02   1.2990282e+01
   6.6601562e+02   1.2991487e+01
   6.6662109e+02   1.2990433e+01
   6.6722656e+02   1.2991186e+01
   6.6783203e+02   1.2990885e+01
   6.6843750e+02   1.2991939e+01
   6.6904297e+02   1.2992090e+01
   6.6964844e+02   1.2992391e+01
   6.7025391e+02   1.2993145e+01
   6.7085937e+02   1.2992090e+01
   6.7146484e+02   1.2991789e+01
   6.7207031e+02   1.2992693e+01
   6.7267578e+02   1.2992241e+01
   6.7328125e+02   1.2992542e+01
   6.7388672e+02   1.2993596e+01
   6.7449219e+02   1.2991638e+01
   6.7509766e+02   1.2992391e+01
   6.7570312e+02   1.2992391e+01
   6.7630859e+02   1.2991638e+01
   6.7691406e+02   1.2993145e+01
   6.7751953e+02   1.2991638e+01
   6.7812500e+02   1.2992241e+01
   6.7873047e+02   1.2992542e+01
   6.7933594e+02   1.2992994e+01
   6.7994141e+02   1.2992693e+01
   6.8054687e+02   1.2993295e+01
   6.8115234e+02   1.2993446e+01
   6.8175781e+02   1.2993295e+01
   6.8236328e+02   1.2992693e+01
   6.8296875e+02   1.2994350e+01
   6.8357422e+02   1.2993898e+01
   6.8417969e+02   1.2994048e+01
   6.8478516e+02   1.2993747e+01
   6.8539062e+02   1.2993596e+01
   6.8599609e+02   1.2993596e+01
   6.8660156e+02   1.2993747e+01
   6.8720703e+02   1.2994952e+01
   6.8781250e+02   1.2994048e+01
   6.8841797e+02   1.2993446e+01
   6.8902344e+02   1.2994199e+01
   6.8962891e+02   1.2994651e+01
   6.9023437e+02   1.2994952e+01
   6.9083984e+02   1.2995404e+01
   6.9144531e+02   1.2995856e+01
   6.9205078e+02   1.2995856e+01
   6.9265625e+02   1.2995856e+01
   6.9326172e+02   1.2995253e+01
   6.9386719e+02   1.2996157e+01
   6.9447266e+02   1.2996459e+01
   6.9507812e+02   1.2996609e+01
   6.9568359e+02   1.2995705e+01
   6.9628906e+02   1.2997362e+01
   6.9689453e+02   1.2997513e+01
   6.9750000e+02   1.2996910e+01
   6.9810547e+02   1.2996760e+01
   6.9871094e+02   1.2997664e+01
   6.9931641e+02   1.2997814e+01
   6.9992187e+02   1.2997362e+01
   7.0052734e+02   1.2997212e+01
   7.0113281e+02   1.2997061e+01
   7.0173828e+02   1.2997212e+01
   7.0234375e+02   1.2997362e+01
   7.0294922e+02   1.2997814e+01
   7.0355469e+02   1.2999019e+01
   7.0416016e+02   1.2997965e+01
   7.0476562e+02   1.2997513e+01
   7.0537109e+02   1.2997965e+01
   7.0597656e+02   1.2998266e+01
   7.0658203e+02   1.2998116e+01
   7.0718750e+02   1.2997814e+01
   7.0779297e+02   1.2997362e+01
   7.0839844e+02   1.2998266e+01
   7.0900391e+02   1.2997513e+01
   7.0960937e+02   1.2996760e+01
   7.1021484e+02   1.2998116e+01
   7.1082031e+02   1.2997513e+01
   7.1142578e+02   1.2997814e+01
   7.1203125e+02   1.2998116e+01
   7.1263672e+02   1.2998266e+01
   7.1324219e+02   1.2998869e+01
   7.1384766e+02   1.2997061e+01
   7.1445312e+02   1.2997965e+01
   7.1505859e+02   1.2998869e+01
   7.1566406e+02   1.2997664e+01
   7.1626953e+02   1.2998266e+01
   7.1687500e+02   1.2998567e+01
   7.1748047e+02   1.2999471e+01
   7.1808594e+02   1.2998417e+01
   7.1869141e+02   1.2999773e+01
   7.1929687e+02   1.2999321e+01
   7.1990234e+02   1.3000224e+01
   7.2050781e+02   1.2999773e+01
   7.2111328e+02   1.2999019e+01
   7.2171875e+02   1.2999019e+01
   7.2232422e+02   1.2998567e+01
   7.2292969e+02   1.2999170e+01
   7.2353516e+02   1.2998869e+01
   7.2414062e+02   1.2999019e+01
   7.2474609e+02   1.2999321e+01
   7.2535156e+02   1.2999321e+01
   7.2595703e+02   1.2999321e+01
   7.2656250e+02   1.2998718e+01
   7.2716797e+02   1.2998567e+01
   7.2777344e+02   1.2998869e+01
   7.2837891e+02   1.2999170e+01
   7.2898437e+02   1.2999019e+01
   7.2958984e+02   1.2998417e+01
   7.3019531e+02   1.2999321e+01
   7.3080078e+02   1.2999471e+01
   7.3140625e+02   1.2999471e+01
   7.3201172e+02   1.2999019e+01
   7.3261719e+02   1.2999170e+01
   7.3322266e+02   1.2999321e+01
   7.3382812e+02   1.2999019e+01
   7.3443359e+02   1.2999773e+01
   7.3503906e+02   1.2998869e+01
   7.3564453e+02   1.2998417e+01
   7.3625000e+02   1.2999471e+01
   7.3685547e+02   1.2998567e+01
   7.3746094e+02   1.2998869e+01
   7.3806641e+02   1.2999622e+01
   7.3867187e+02   1.2997664e+01
   7.3927734e+02   1.2998116e+01
   7.3988281e+02   1.2998869e+01
   7.4048828e+02   1.2998417e+01
   7.4109375e+02   1.2998266e+01
   7.4169922e+02   1.2998718e+01
   7.4230469e+02   1.2998266e+01
   7.4291016e+02   1.2997814e+01
   7.4351562e+02   1.2998116e+01
   7.4412109e+02   1.2998417e+01
   7.4472656e+02   1.2998567e+01
   7.4533203e+02   1.2997814e+01
   7.4593750e+02   1.2998718e+01
   7.4654297e+02   1.2998869e+01
   7.4714844e+02   1.2999773e+01
   7.4775391e+02   1.2999170e+01
   7.4835937e+02   1.2998266e+01
   7.4896484e+02   1.2999321e+01
   7.4957031e+02   1.2998567e+01
   7.5017578e+02   1.2998266e+01
   7.5078125e+02   1.2999019e+01
   7.5138672e+02   1.2999923e+01
   7.5199219e+02   1.2999471e+01
   7.5259766e+02   1.2999923e+01
   7.5320312e+02   1.3000224e+01
   7.5380859e+02   1.2999471e+01
   7.5441406e+02   1.2999170e+01
   7.5501953e+02   1.2999321e+01
   7.5562500e+02   1.2998869e+01
   7.5623047e+02   1.2999471e+01
   7.5683594e+02   1.2999773e+01
   7.5744141e+02   1.2999019e+01
   7.5804687e+02   1.2999622e+01
   7.5865234e+02   1.2999471e+01
   7.5925781e+02   1.3000676e+01
   7.5986328e+02   1.2999773e+01
   7.6046875e+02   1.2998718e+01
   7.6107422e+02   1.2998567e+01
   7.6167969e+02   1.2998567e+01
   7.6228516e+02   1.2999321e+01
   7.6289062e+02   1.2998567e+01
   7.6349609e+02   1.2999773e+01
   7.6410156e+02   1.2999321e+01
   7.6470703e+02   1.2999321e+01
   7.6531250e+02   1.2999923e+01
   7.6591797e+02   1.2998718e+01
   7.6652344e+02   1.2998869e+01
   7.6712891e+02   1.3000526e+01
   7.6773437e+02   1.3000224e+01
   7.6833984e+02   1.2999622e+01
   7.6894531e+02   1.2998718e+01
   7.6955078e+02   1.2999622e+01
   7.7015625e+02   1.2999321e+01
   7.7076172e+02   1.2998718e+01
   7.7136719e+02   1.2999923e+01
   7.7197266e+02   1.2997664e+01
   7.7257812e+02   1.2999622e+01
   7.7318359e+02   1.2998567e+01
   7.7378906e+02   1.2999321e+01
   7.7439453e+02   1.2999019e+01
   7.7500000e+02   1.2998869e+01
   7.7560547e+02   1.2999019e+01
   7.7621094e+02   1.2999019e+01
   7.7681641e+02   1.2999019e+01
   7.7742187e+02   1.2999170e+01
   7.7802734e+02   1.2999622e+01
   7.7863281e+02   1.2998718e+01
   7.7923828e+02   1.2999923e+01
   7.7984375e+02   1.2999471e+01
   7.8044922e+02   1.3000526e+01
   7.8105469e+02   1.2999019e+01
   7.8166016e+02   1.2999170e+01
   7.8226562e+02   1.2999019e+01
   7.8287109e+02   1.2998266e+01
   7.8347656e+02   1.2997664e+01
   7.8408203e+02   1.2997664e+01
   7.8468750e+02   1.2997513e+01
   7.8529297e+02   1.2997814e+01
   7.8589844e+02   1.2997513e+01
   7.8650391e+02   1.2997965e+01
   7.8710937e+02   1.2998417e+01
   7.8771484e+02   1.2996609e+01
   7.8832031e+02   1.2996609e+01
   7.8892578e+02   1.2994802e+01
   7.8953125e+02   1.2995705e+01
   7.9013672e+02   1.2996910e+01
   7.9074219e+02   1.2996760e+01
   7.9134766e+02   1.2995555e+01
   7.9195312e+02   1.2995856e+01
   7.9255859e+02   1.2996157e+01
   7.9316406e+02   1.2994802e+01
   7.9376953e+02   1.2995404e+01
   7.9437500e+02   1.2994350e+01
   7.9498047e+02   1.2994350e+01
   7.9558594e+02   1.2995253e+01
   7.9619141e+02   1.2994952e+01
   7.9679687e+02   1.2995103e+01
   7.9740234e+02   1.2994500e+01
   7.9800781e+02   1.2994952e+01
   7.9861328e+02   1.2994350e+01
   7.9921875e+02   1.2993747e+01
   7.9982422e+02   1.2993295e+01
   8.0042969e+02   1.2993747e+01
   8.0103516e+02   1.2993295e+01
   8.0164062e+02   1.2993596e+01
   8.0224609e+02   1.2993747e+01
   8.0285156e+02   1.2993747e+01
   8.0345703e+02   1.2993898e+01
   8.0406250e+02   1.2993145e+01
   8.0466797e+02   1.2992542e+01
   8.0527344e+02   1.2993596e+01
   8.0587891e+02   1.2992542e+01
   8.0648437e+02   1.2993295e+01
   8.0708984e+02   1.2992241e+01
   8.0769531e+02   1.2992391e+01
   8.0830078e+02   1.2992542e+01
   8.0890625e+02   1.2992391e+01
   8.0951172e+02   1.2992994e+01
   8.1011719e+02   1.2992391e+01
   8.1072266e+02   1.2991789e+01
   8.1132812e+02   1.2991036e+01
   8.1193359e+02   1.2992090e+01
   8.1253906e+02   1.2991487e+01
   8.1314453e+02   1.2991337e+01
   8.1375000e+02   1.2990885e+01
   8.1435547e+02   1.2989981e+01
   8.1496094e+02   1.2990584e+01
   8.1556641e+02   1.2990282e+01
   8.1617187e+02   1.2989529e+01
   8.1677734e+02   1.2988475e+01
   8.1738281e+02   1.2989379e+01
   8.1798828e+02   1.2988776e+01
   8.1859375e+02   1.2989228e+01
   8.1919922e+02   1.2988475e+01
   8.1980469e+02   1.2988173e+01
   8.2041016e+02   1.2988023e+01
   8.2101562e+02   1.2986818e+01
   8.2162109e+02   1.2988776e+01
   8.2222656e+02   1.2988324e+01
   8.2283203e+02   1.2987270e+01
   8.2343750e+02   1.2987420e+01
   8.2404297e+02   1.2987571e+01
   8.2464844e+02   1.2986667e+01
   8.2525391e+02   1.2986366e+01
   8.2585937e+02   1.2986818e+01
   8.2646484e+02   1.2987571e+01
   8.2707031e+02   1.2985914e+01
   8.2767578e+02   1.2986968e+01
   8.2828125e+02   1.2986516e+01
   8.2888672e+02   1.2985010e+01
   8.2949219e+02   1.2987270e+01
   8.3009766e+02   1.2985613e+01
   8.3070312e+02   1.2985613e+01
   8.3130859e+02   1.2985914e+01
   8.3191406e+02   1.2985462e+01
   8.3251953e+02   1.2984408e+01
   8.3312500e+02   1.2985010e+01
   8.3373047e+02   1.2985311e+01
   8.3433594e+02   1.2985763e+01
   8.3494141e+02   1.2985613e+01
   8.3554687e+02   1.2984859e+01
   8.3615234e+02   1.2985311e+01
   8.3675781e+02   1.2985010e+01
   8.3736328e+02   1.2984859e+01
   8.3796875e+02   1.2983654e+01
   8.3857422e+02   1.2983956e+01
   8.3917969e+02   1.2984106e+01
   8.3978516e+02   1.2983504e+01
   8.4039062e+02   1.2983805e+01
   8.4099609e+02   1.2984106e+01
   8.4160156e+02   1.2982449e+01
   8.4220703e+02   1.2983052e+01
   8.4281250e+02   1.2982600e+01
   8.4341797e+02   1.2981847e+01
   8.4402344e+02   1.2983202e+01
   8.4462891e+02   1.2983052e+01
   8.4523437e+02   1.2982449e+01
   8.4583984e+02   1.2981696e+01
   8.4644531e+02   1.2982600e+01
   8.4705078e+02   1.2981847e+01
   8.4765625e+02   1.2982751e+01
   8.4826172e+02   1.2982901e+01
   8.4886719e+02   1.2982600e+01
   8.4947266e+02   1.2981997e+01
   8.5007812e+02   1.2982600e+01
   8.5068359e+02   1.2981997e+01
   8.5128906e+02   1.2982600e+01
   8.5189453e+02   1.2981545e+01
   8.5250000e+02   1.2981997e+01
   8.5310547e+02   1.2981997e+01
   8.5371094e+02   1.2981244e+01
   8.5431641e+02   1.2980190e+01
   8.5492187e+02   1.2980642e+01
   8.5552734e+02   1.2979888e+01
   8.5613281e+02   1.2980039e+01
   8.5673828e+02   1.2978985e+01
   8.5734375e+02   1.2978533e+01
   8.5794922e+02   1.2979286e+01
   8.5855469e+02   1.2978683e+01
   8.5916016e+02   1.2978081e+01
   8.5976562e+02   1.2978382e+01
   8.6037109e+02   1.2977779e+01
   8.6097656e+02   1.2977629e+01
   8.6158203e+02   1.2978231e+01
   8.6218750e+02   1.2977478e+01
   8.6279297e+02   1.2976876e+01
   8.6339844e+02   1.2976725e+01
   8.6400391e+02   1.2976574e+01
   8.6460937e+02   1.2975821e+01
   8.6521484e+02   1.2976122e+01
   8.6582031e+02   1.2976424e+01
   8.6642578e+02   1.2976122e+01
   8.6703125e+02   1.2976876e+01
   8.6763672e+02   1.2975972e+01
   8.6824219e+02   1.2977026e+01
   8.6884766e+02   1.2976725e+01
   8.6945312e+02   1.2976273e+01
   8.7005859e+02   1.2975369e+01
   8.7066406e+02   1.2976876e+01
   8.7126953e+02   1.2976876e+01
   8.7187500e+02   1.2976574e+01
   8.7248047e+02   1.2976122e+01
   8.7308594e+02   1.2974917e+01
   8.7369141e+02   1.2974767e+01
   8.7429687e+02   1.2974465e+01
   8.7490234e+02   1.2973562e+01
   8.7550781e+02   1.2974917e+01
   8.7611328e+02   1.2974014e+01
   8.7671875e+02   1.2974616e+01
   8.7732422e+02   1.2973863e+01
   8.7792969e+02   1.2974014e+01
   8.7853516e+02   1.2973712e+01
   8.7914062e+02   1.2974014e+01
   8.7974609e+02   1.2973260e+01
   8.8035156e+02   1.2973562e+01
   8.8095703e+02   1.2973110e+01
   8.8156250e+02   1.2973863e+01
   8.8216797e+02   1.2972658e+01
   8.8277344e+02   1.2972507e+01
   8.8337891e+02   1.2972959e+01
   8.8398437e+02   1.2971754e+01
   8.8458984e+02   1.2971905e+01
   8.8519531e+02   1.2972507e+01
   8.8580078e+02   1.2972808e+01
   8.8640625e+02   1.2972357e+01
   8.8701172e+02   1.2971905e+01
   8.8761719e+02   1.2972055e+01
   8.8822266e+02   1.2972507e+01
   8.8882812e+02   1.2972658e+01
   8.8943359e+02   1.2973110e+01
   8.9003906e+02   1.2971905e+01
   8.9064453e+02   1.2972206e+01
   8.9125000e+02   1.2973110e+01
   8.9185547e+02   1.2972206e+01
   8.9246094e+02   1.2971905e+01
   8.9306641e+02   1.2971754e+01
   8.9367187e+02   1.2972055e+01
   8.9427734e+02   1.2971905e+01
   8.9488281e+02   1.2971754e+01
   8.9548828e+02   1.2971001e+01
   8.9609375e+02   1.2971302e+01
   8.9669922e+02   1.2971001e+01
   8.9730469e+02   1.2970700e+01
   8.9791016e+02   1.2971302e+01
   8.9851562e+02   1.2970700e+01
   8.9912109e+02   1.2970398e+01
   8.9972656e+02   1.2971001e+01
   9.0033203e+02   1.2970248e+01
   9.0093750e+02   1.2971302e+01
   9.0154297e+02   1.2970549e+01
   9.0214844e+02   1.2971453e+01
   9.0275391e+02   1.2971001e+01
   9.0335937e+02   1.2971302e+01
   9.0396484e+02   1.2970398e+01
   9.0457031e+02   1.2970398e+01
   9.0517578e+02   1.2970549e+01
   9.0578125e+02   1.2970850e+01
   9.0638672e+02   1.2971151e+01
   9.0699219e+02   1.2971302e+01
   9.0759766e+02   1.2971001e+01
   9.0820312e+02   1.2969796e+01
   9.0880859e+02   1.2970398e+01
   9.0941406e+02   1.2970850e+01
   9.1001953e+02   1.2969796e+01
   9.1062500e+02   1.2969344e+01
   9.1123047e+02   1.2970097e+01
   9.1183594e+02   1.2969494e+01
   9.1244141e+02   1.2969796e+01
   9.1304687e+02   1.2969796e+01
   9.1365234e+02   1.2969344e+01
   9.1425781e+02   1.2968741e+01
   9.1486328e+02   1.2968741e+01
   9.1546875e+02   1.2969796e+01
   9.1607422e+02   1.2967988e+01
   9.1667969e+02   1.2969494e+01
   9.1728516e+02   1.2969043e+01
   9.1789062e+02   1.2969043e+01
   9.1849609e+02   1.2968139e+01
   9.1910156e+02   1.2967837e+01
   9.1970703e+02   1.2967687e+01
   9.2031250e+02   1.2967084e+01
   9.2091797e+02   1.2967084e+01
   9.2152344e+02   1.2966180e+01
   9.2212891e+02   1.2967235e+01
   9.2273437e+02   1.2967235e+01
   9.2333984e+02   1.2967386e+01
   9.2394531e+02   1.2966482e+01
   9.2455078e+02   1.2965578e+01
   9.2515625e+02   1.2966632e+01
   9.2576172e+02   1.2966783e+01
   9.2636719e+02   1.2966934e+01
   9.2697266e+02   1.2966030e+01
   9.2757812e+02   1.2966331e+01
   9.2818359e+02   1.2966331e+01
   9.2878906e+02   1.2966331e+01
   9.2939453e+02   1.2964975e+01
   9.3000000e+02   1.2965879e+01
   9.3060547e+02   1.2965427e+01
   9.3121094e+02   1.2965879e+01
   9.3181641e+02   1.2965578e+01
   9.3242187e+02   1.2964674e+01
   9.3302734e+02   1.2965126e+01
   9.3363281e+02   1.2965427e+01
   9.3423828e+02   1.2963921e+01
   9.3484375e+02   1.2964222e+01
   9.3544922e+02   1.2964373e+01
   9.3605469e+02   1.2963770e+01
   9.3666016e+02   1.2963770e+01
   9.3726562e+02   1.2963318e+01
   9.3787109e+02   1.2964373e+01
   9.3847656e+02   1.2964071e+01
   9.3908203e+02   1.2964523e+01
   9.3968750e+02   1.2963770e+01
   9.4029297e+02   1.2962866e+01
   9.4089844e+02   1.2963318e+01
   9.4150391e+02   1.2963017e+01
   9.4210937e+02   1.2963770e+01
   9.4271484e+02   1.2963921e+01
   9.4332031e+02   1.2963469e+01
   9.4392578e+02   1.2962866e+01
   9.4453125e+02   1.2963620e+01
   9.4513672e+02   1.2962866e+01
   9.4574219e+02   1.2962113e+01
   9.4634766e+02   1.2961963e+01
   9.4695312e+02   1.2963469e+01
   9.4755859e+02   1.2963318e+01
   9.4816406e+02   1.2962565e+01
   9.4876953e+02   1.2963318e+01
   9.4937500e+02   1.2962866e+01
   9.4998047e+02   1.2963168e+01
   9.5058594e+02   1.2963469e+01
   9.5119141e+02   1.2962565e+01
   9.5179687e+02   1.2962866e+01
   9.5240234e+02   1.2961963e+01
   9.5300781e+02   1.2962565e+01
   9.5361328e+02   1.2962264e+01
   9.5421875e+02   1.2962264e+01
   9.5482422e+02   1.2962414e+01
   9.5542969e+02   1.2961661e+01
   9.5603516e+02   1.2963017e+01
   9.5664062e+02   1.2962716e+01
   9.5724609e+02   1.2961661e+01
   9.5785156e+02   1.2963318e+01
   9.5845703e+02   1.2962866e+01
   9.5906250e+02   1.2963318e+01
   9.5966797e+02   1.2963318e+01
   9.6027344e+02   1.2963318e+01
   9.6087891e+02   1.2963620e+01
   9.6148437e+02   1.2963017e+01
   9.6208984e+02   1.2963469e+01
   9.6269531e+02   1.2963318e+01
   9.6330078e+02   1.2963318e+01
   9.6390625e+02   1.2963620e+01
   9.6451172e+02   1.2963318e+01
   9.6511719e+02   1.2964071e+01
   9.6572266e+02   1.2964222e+01
   9.6632812e+02   1.2963620e+01
   9.6693359e+02   1.2962716e+01
   9.6753906e+02   1.2963921e+01
   9.6814453e+02   1.2963921e+01
   9.6875000e+02   1.2963469e+01
   9.6935547e+02   1.2963770e+01
   9.6996094e+02   1.2964222e+01
   9.7056641e+02   1.2963770e+01
   9.7117187e+02   1.2963318e+01
   9.7177734e+02   1.2963921e+01
   9.7238281e+02   1.2964222e+01
   9.7298828e+02   1.2964975e+01
   9.7359375e+02   1.2964071e+01
   9.7419922e+02   1.2964222e+01
   9.7480469e+02   1.2963620e+01
   9.7541016e+02   1.2964523e+01
   9.7601562e+02   1.2964222e+01
   9.7662109e+02   1.2964825e+01
   9.7722656e+02   1.2963921e+01
   9.7783203e+02   1.2964373e+01
   9.7843750e+02   1.2965277e+01
   9.7904297e+02   1.2964071e+01
   9.7964844e+02   1.2964373e+01
   9.8025391e+02   1.2965427e+01
   9.8085937e+02   1.2964975e+01
   9.8146484e+02   1.2965277e+01
   9.8207031e+02   1.2965879e+01
   9.8267578e+02   1.2965427e+01
   9.8328125e+02   1.2964523e+01
   9.8388672e+02   1.2965729e+01
   9.8449219e+02   1.2964975e+01
   9.8509766e+02   1.2964975e+01
   9.8570312e+02   1.2966482e+01
   9.8630859e+02   1.2965879e+01
   9.8691406e+02   1.2965729e+01
   9.8751953e+02   1.2965126e+01
   9.8812500e+02   1.2965729e+01
   9.8873047e+02   1.2965427e+01
   9.8933594e+02   1.2964373e+01
   9.8994141e+02   1.2965277e+01
   9.9054687e+02   1.2964825e+01
   9.9115234e+02   1.2966180e+01
   9.9175781e+02   1.2965126e+01
   9.9236328e+02   1.2963921e+01
   9.9296875e+02   1.2964373e+01
   9.9357422e+02   1.2963620e+01
   9.9417969e+02   1.2964975e+01
   9.9478516e+02   1.2963469e+01
   9.9539062e+02   1.2964825e+01
   9.9599609e+02   1.2965126e+01
   9.9660156e+02   1.2964222e+01
   9.9720703e+02   1.2964825e+01
   9.9781250e+02   1.2964674e+01
   9.9841797e+02   1.2964975e+01
   9.9902344e+02   1.2964222e+01
   9.9962891e+02   1.2964071e+01
   1.0002344e+03   1.2964975e+01
   1.0008398e+03   1.2966030e+01
   1.0014453e+03   1.2964975e+01
   1.0020508e+03   1.2964825e+01
   1.0026562e+03   1.2964825e+01
   1.0032617e+03   1.2965126e+01
   1.0038672e+03   1.2964674e+01
   1.0044727e+03   1.2965126e+01
   1.0050781e+03   1.2964523e+01
   1.0056836e+03   1.2965126e+01
   1.0062891e+03   1.2964373e+01
   1.0068945e+03   1.2965277e+01
   1.0075000e+03   1.2965578e+01
   1.0081055e+03   1.2965729e+01
   1.0087109e+03   1.2965277e+01
   1.0093164e+03   1.2965427e+01
   1.0099219e+03   1.2965126e+01
   1.0105273e+03   1.2964825e+01
   1.0111328e+03   1.2965126e+01
   1.0117383e+03   1.2964071e+01
   1.0123437e+03   1.2965879e+01
   1.0129492e+03   1.2965126e+01
   1.0135547e+03   1.2964674e+01
   1.0141602e+03   1.2963770e+01
   1.0147656e+03   1.2963921e+01
   1.0153711e+03   1.2964523e+01
   1.0159766e+03   1.2964222e+01
   1.0165820e+03   1.2964975e+01
   1.0171875e+03   1.2964825e+01
   1.0177930e+03   1.2964674e+01
   1.0183984e+03   1.2964674e+01
   1.0190039e+03   1.2966482e+01
   1.0196094e+03   1.2966030e+01
   1.0202148e+03   1.2965126e+01
   1.0208203e+03   1.2964975e+01
   1.0214258e+03   1.2963469e+01
   1.0220312e+03   1.2964674e+01
   1.0226367e+03   1.2964674e+01
   1.0232422e+03   1.2965126e+01
   1.0238477e+03   1.2964975e+01
   1.0244531e+03   1.2964825e+01
   1.0250586e+03   1.2963770e+01
   1.0256641e+03   1.2964222e+01
   1.0262695e+03   1.2963318e+01
   1.0268750e+03   1.2963168e+01
   1.0274805e+03   1.2963620e+01
   1.0280859e+03   1.2962264e+01
   1.0286914e+03   1.2962264e+01
   1.0292969e+03   1.2962565e+01
   1.0299023e+03   1.2961812e+01
   1.0305078e+03   1.2962414e+01
   1.0311133e+03   1.2960908e+01
   1.0317187e+03   1.2962414e+01
   1.0323242e+03   1.2961360e+01
   1.0329297e+03   1.2962264e+01
   1.0335352e+03   1.2961511e+01
   1.0341406e+03   1.2962113e+01
   1.0347461e+03   1.2961661e+01
   1.0353516e+03   1.2960757e+01
   1.0359570e+03   1.2961059e+01
   1.0365625e+03   1.2961059e+01
   1.0371680e+03   1.2961360e+01
   1.0377734e+03   1.2961812e+01
   1.0383789e+03   1.2961511e+01
   1.0389844e+03   1.2960607e+01
   1.0395898e+03   1.2961661e+01
   1.0401953e+03   1.2961209e+01
   1.0408008e+03   1.2961511e+01
   1.0414062e+03   1.2961209e+01
   1.0420117e+03   1.2960004e+01
   1.0426172e+03   1.2960757e+01
   1.0432227e+03   1.2961360e+01
   1.0438281e+03   1.2960757e+01
   1.0444336e+03   1.2959854e+01
   1.0450391e+03   1.2961209e+01
   1.0456445e+03   1.2959100e+01
   1.0462500e+03   1.2960155e+01
   1.0468555e+03   1.2958498e+01
   1.0474609e+03   1.2959703e+01
   1.0480664e+03   1.2960004e+01
   1.0486719e+03   1.2960757e+01
   1.0492773e+03   1.2960155e+01
   1.0498828e+03   1.2960306e+01
   1.0504883e+03   1.2959703e+01
   1.0510937e+03   1.2960757e+01
   1.0516992e+03   1.2960004e+01
   1.0523047e+03   1.2961511e+01
   1.0529102e+03   1.2961661e+01
   1.0535156e+03   1.2960607e+01
   1.0541211e+03   1.2961059e+01
   1.0547266e+03   1.2960908e+01
   1.0553320e+03   1.2961209e+01
   1.0559375e+03   1.2960757e+01
   1.0565430e+03   1.2960155e+01
   1.0571484e+03   1.2960456e+01
   1.0577539e+03   1.2960456e+01
   1.0583594e+03   1.2960155e+01
   1.0589648e+03   1.2960004e+01
   1.0595703e+03   1.2960004e+01
   1.0601758e+03   1.2959402e+01
   1.0607812e+03   1.2959100e+01
   1.0613867e+03   1.2959402e+01
   1.0619922e+03   1.2959251e+01
   1.0625977e+03   1.2958799e+01
   1.0632031e+03   1.2957594e+01
   1.0638086e+03   1.2957895e+01
   1.0644141e+03   1.2958347e+01
   1.0650195e+03   1.2958046e+01
   1.0656250e+03   1.2958046e+01
   1.0662305e+03   1.2957895e+01
   1.0668359e+03   1.2958046e+01
   1.0674414e+03   1.2957594e+01
   1.0680469e+03   1.2956238e+01
   1.0686523e+03   1.2957895e+01
   1.0692578e+03   1.2956690e+01
   1.0698633e+03   1.2957594e+01
   1.0704687e+03   1.2956389e+01
   1.0710742e+03   1.2956992e+01
   1.0716797e+03   1.2958046e+01
   1.0722852e+03   1.2957745e+01
   1.0728906e+03   1.2956841e+01
   1.0734961e+03   1.2956992e+01
   1.0741016e+03   1.2957895e+01
   1.0747070e+03   1.2955335e+01
   1.0753125e+03   1.2956088e+01
   1.0759180e+03   1.2956238e+01
   1.0765234e+03   1.2956389e+01
   1.0771289e+03   1.2955485e+01
   1.0777344e+03   1.2956690e+01
   1.0783398e+03   1.2957745e+01
   1.0789453e+03   1.2956841e+01
   1.0795508e+03   1.2957443e+01
   1.0801562e+03   1.2957142e+01
   1.0807617e+03   1.2955485e+01
   1.0813672e+03   1.2955937e+01
   1.0819727e+03   1.2957745e+01
   1.0825781e+03   1.2956540e+01
   1.0831836e+03   1.2956389e+01
   1.0837891e+03   1.2956238e+01
   1.0843945e+03   1.2956540e+01
   1.0850000e+03   1.2956389e+01
   1.0856055e+03   1.2955786e+01
   1.0862109e+03   1.2956992e+01
   1.0868164e+03   1.2955786e+01
   1.0874219e+03   1.2956238e+01
   1.0880273e+03   1.2955485e+01
   1.0886328e+03   1.2956238e+01
   1.0892383e+03   1.2955485e+01
   1.0898437e+03   1.2956540e+01
   1.0904492e+03   1.2956389e+01
   1.0910547e+03   1.2957142e+01
   1.0916602e+03   1.2956540e+01
   1.0922656e+03   1.2957142e+01
   1.0928711e+03   1.2955937e+01
   1.0934766e+03   1.2956992e+01
   1.0940820e+03   1.2957745e+01
   1.0946875e+03   1.2957142e+01
   1.0952930e+03   1.2956540e+01
   1.0958984e+03   1.2957745e+01
   1.0965039e+03   1.2956540e+01
   1.0971094e+03   1.2956690e+01
   1.0977148e+03   1.2956389e+01
   1.0983203e+03   1.2956841e+01
   1.0989258e+03   1.2956389e+01
   1.0995312e+03   1.2956690e+01
   1.1001367e+03   1.2956841e+01
   1.1007422e+03   1.2957142e+01
   1.1013477e+03   1.2957293e+01
   1.1019531e+03   1.2955485e+01
   1.1025586e+03   1.2955335e+01
   1.1031641e+03   1.2955636e+01
   1.1037695e+03   1.2955335e+01
   1.1043750e+03   1.2955184e+01
   1.1049805e+03   1.2955485e+01
   1.1055859e+03   1.2955335e+01
   1.1061914e+03   1.2956389e+01
   1.1067969e+03   1.2955937e+01
   1.1074023e+03   1.2955184e+01
   1.1080078e+03   1.2954883e+01
   1.1086133e+03   1.2955335e+01
   1.1092187e+03   1.2955184e+01
   1.1098242e+03   1.2953979e+01
   1.1104297e+03   1.2953527e+01
   1.1110352e+03   1.2953376e+01
   1.1116406e+03   1.2953075e+01
   1.1122461e+03   1.2953075e+01
   1.1128516e+03   1.2953527e+01
   1.1134570e+03   1.2951719e+01
   1.1140625e+03   1.2953075e+01
   1.1146680e+03   1.2952021e+01
   1.1152734e+03   1.2952021e+01
   1.1158789e+03   1.2951418e+01
   1.1164844e+03   1.2951719e+01
   1.1170898e+03   1.2951569e+01
   1.1176953e+03   1.2951569e+01
   1.1183008e+03   1.2950514e+01
   1.1189062e+03   1.2949460e+01
   1.1195117e+03   1.2950665e+01
   1.1201172e+03   1.2950665e+01
   1.1207227e+03   1.2949761e+01
   1.1213281e+03   1.2950815e+01
   1.1219336e+03   1.2951267e+01
   1.1225391e+03   1.2950665e+01
   1.1231445e+03   1.2951267e+01
   1.1237500e+03   1.2951418e+01
   1.1243555e+03   1.2949912e+01
   1.1249609e+03   1.2951267e+01
   1.1255664e+03   1.2950815e+01
   1.1261719e+03   1.2950213e+01
   1.1267773e+03   1.2951719e+01
   1.1273828e+03   1.2950364e+01
   1.1279883e+03   1.2950213e+01
   1.1285937e+03   1.2951267e+01
   1.1291992e+03   1.2950514e+01
   1.1298047e+03   1.2952021e+01
   1.1304102e+03   1.2950815e+01
   1.1310156e+03   1.2951117e+01
   1.1316211e+03   1.2950514e+01
   1.1322266e+03   1.2950514e+01
   1.1328320e+03   1.2950815e+01
   1.1334375e+03   1.2950665e+01
   1.1340430e+03   1.2951719e+01
   1.1346484e+03   1.2952021e+01
   1.1352539e+03   1.2951117e+01
   1.1358594e+03   1.2950815e+01
   1.1364648e+03   1.2951267e+01
   1.1370703e+03   1.2952774e+01
   1.1376758e+03   1.2951719e+01
   1.1382812e+03   1.2952774e+01
   1.1388867e+03   1.2951418e+01
   1.1394922e+03   1.2952021e+01
   1.1400977e+03   1.2952322e+01
   1.1407031e+03   1.2951418e+01
   1.1413086e+03   1.2952774e+01
   1.1419141e+03   1.2952171e+01
   1.1425195e+03   1.2951418e+01
   1.1431250e+03   1.2952021e+01
   1.1437305e+03   1.2951117e+01
   1.1443359e+03   1.2951117e+01
   1.1449414e+03   1.2950966e+01
   1.1455469e+03   1.2950966e+01
   1.1461523e+03   1.2952171e+01
   1.1467578e+03   1.2950966e+01
   1.1473633e+03   1.2951418e+01
   1.1479687e+03   1.2951267e+01
   1.1485742e+03   1.2950815e+01
   1.1491797e+03   1.2951267e+01
   1.1497852e+03   1.2950213e+01
   1.1503906e+03   1.2950514e+01
   1.1509961e+03   1.2950062e+01
   1.1516016e+03   1.2949761e+01
   1.1522070e+03   1.2950665e+01
   1.1528125e+03   1.2950062e+01
   1.1534180e+03   1.2951267e+01
   1.1540234e+03   1.2951267e+01
   1.1546289e+03   1.2950514e+01
   1.1552344e+03   1.2949761e+01
   1.1558398e+03   1.2949159e+01
   1.1564453e+03   1.2949460e+01
   1.1570508e+03   1.2949460e+01
   1.1576562e+03   1.2950364e+01
   1.1582617e+03   1.2950062e+01
   1.1588672e+03   1.2950665e+01
   1.1594727e+03   1.2950062e+01
   1.1600781e+03   1.2948857e+01
   1.1606836e+03   1.2948556e+01
   1.1612891e+03   1.2949309e+01
   1.1618945e+03   1.2948556e+01
   1.1625000e+03   1.2948857e+01
   1.1631055e+03   1.2949159e+01
   1.1637109e+03   1.2948556e+01
   1.1643164e+03   1.2949008e+01
   1.1649219e+03   1.2947351e+01
   1.1655273e+03   1.2947351e+01
   1.1661328e+03   1.2947351e+01
   1.1667383e+03   1.2948255e+01
   1.1673437e+03   1.2947351e+01
   1.1679492e+03   1.2947652e+01
   1.1685547e+03   1.2946899e+01
   1.1691602e+03   1.2946146e+01
   1.1697656e+03   1.2945694e+01
   1.1703711e+03   1.2945242e+01
   1.1709766e+03   1.2945543e+01
   1.1715820e+03   1.2945694e+01
   1.1721875e+03   1.2945242e+01
   1.1727930e+03   1.2944790e+01
   1.1733984e+03   1.2944941e+01
   1.1740039e+03   1.2944489e+01
   1.1746094e+03   1.2944941e+01
   1.1752148e+03   1.2945995e+01
   1.1758203e+03   1.2944489e+01
   1.1764258e+03   1.2944188e+01
   1.1770312e+03   1.2944338e+01
   1.1776367e+03   1.2943886e+01
   1.1782422e+03   1.2944037e+01
   1.1788477e+03   1.2944790e+01
   1.1794531e+03   1.2945091e+01
   1.1800586e+03   1.2943284e+01
   1.1806641e+03   1.2942531e+01
   1.1812695e+03   1.2943284e+01
   1.1818750e+03   1.2944188e+01
   1.1824805e+03   1.2942832e+01
   1.1830859e+03   1.2944338e+01
   1.1836914e+03   1.2942681e+01
   1.1842969e+03   1.2943133e+01
   1.1849023e+03   1.2943886e+01
   1.1855078e+03   1.2943886e+01
   1.1861133e+03   1.2942380e+01
   1.1867187e+03   1.2943284e+01
   1.1873242e+03   1.2943284e+01
   1.1879297e+03   1.2943736e+01
   1.1885352e+03   1.2944188e+01
   1.1891406e+03   1.2943585e+01
   1.1897461e+03   1.2942681e+01
   1.1903516e+03   1.2943585e+01
   1.1909570e+03   1.2942681e+01
   1.1915625e+03   1.2943736e+01
   1.1921680e+03   1.2942982e+01
   1.1927734e+03   1.2943434e+01
   1.1933789e+03   1.2942681e+01
   1.1939844e+03   1.2942380e+01
   1.1945898e+03   1.2943133e+01
   1.1951953e+03   1.2942079e+01
   1.1958008e+03   1.2942982e+01
   1.1964062e+03   1.2941627e+01
   1.1970117e+03   1.2941777e+01
   1.1976172e+03   1.2943434e+01
   1.1982227e+03   1.2942681e+01
   1.1988281e+03   1.2942531e+01
   1.1994336e+03   1.2941928e+01
   1.2000391e+03   1.2941325e+01
   1.2006445e+03   1.2941476e+01
   1.2012500e+03   1.2942380e+01
   1.2018555e+03   1.2941476e+01
   1.2024609e+03   1.2941777e+01
   1.2030664e+03   1.2941627e+01
   1.2036719e+03   1.2941476e+01
   1.2042773e+03   1.2941325e+01
   1.2048828e+03   1.2941777e+01
   1.2054883e+03   1.2942681e+01
   1.2060937e+03   1.2941627e+01
   1.2066992e+03   1.2941627e+01
   1.2073047e+03   1.2941325e+01
   1.2079102e+03   1.2940572e+01
   1.2085156e+03   1.2941928e+01
   1.2091211e+03   1.2941928e+01
   1.2097266e+03   1.2942229e+01
   1.2103320e+03   1.2941325e+01
   1.2109375e+03   1.2940723e+01
   1.2115430e+03   1.2940874e+01
   1.2121484e+03   1.2942380e+01
   1.2127539e+03   1.2940572e+01
   1.2133594e+03   1.2940422e+01
   1.2139648e+03   1.2940723e+01
   1.2145703e+03   1.2939819e+01
   1.2151758e+03   1.2939367e+01
   1.2157812e+03   1.2938915e+01
   1.2163867e+03   1.2938915e+01
   1.2169922e+03   1.2939217e+01
   1.2175977e+03   1.2939668e+01
   1.2182031e+03   1.2939217e+01
   1.2188086e+03   1.2938614e+01
   1.2194141e+03   1.2938463e+01
   1.2200195e+03   1.2938011e+01
   1.2206250e+03   1.2937710e+01
   1.2212305e+03   1.2938162e+01
   1.2218359e+03   1.2937258e+01
   1.2224414e+03   1.2937710e+01
   1.2230469e+03   1.2938313e+01
   1.2236523e+03   1.2937258e+01
   1.2242578e+03   1.2936204e+01
   1.2248633e+03   1.2936656e+01
   1.2254687e+03   1.2937710e+01
   1.2260742e+03   1.2938313e+01
   1.2266797e+03   1.2936957e+01
   1.2272852e+03   1.2937108e+01
   1.2278906e+03   1.2937560e+01
   1.2284961e+03   1.2936957e+01
   1.2291016e+03   1.2937710e+01
   1.2297070e+03   1.2936957e+01
   1.2303125e+03   1.2937108e+01
   1.2309180e+03   1.2938765e+01
   1.2315234e+03   1.2937861e+01
   1.2321289e+03   1.2937108e+01
   1.2327344e+03   1.2937560e+01
   1.2333398e+03   1.2937108e+01
   1.2339453e+03   1.2938313e+01
   1.2345508e+03   1.2937861e+01
   1.2351562e+03   1.2937409e+01
   1.2357617e+03   1.2937108e+01
   1.2363672e+03   1.2937560e+01
   1.2369727e+03   1.2936204e+01
   1.2375781e+03   1.2936053e+01
   1.2381836e+03   1.2936505e+01
   1.2387891e+03   1.2936204e+01
   1.2393945e+03   1.2936957e+01
   1.2400000e+03   1.2937710e+01
   1.2406055e+03   1.2937258e+01
   1.2412109e+03   1.2937409e+01
   1.2418164e+03   1.2936505e+01
   1.2424219e+03   1.2936656e+01
   1.2430273e+03   1.2936505e+01
   1.2436328e+03   1.2935752e+01
   1.2442383e+03   1.2936505e+01
   1.2448437e+03   1.2936354e+01
   1.2454492e+03   1.2936505e+01
   1.2460547e+03   1.2936505e+01
   1.2466602e+03   1.2935451e+01
   1.2472656e+03   1.2936204e+01
   1.2478711e+03   1.2936957e+01
   1.2484766e+03   1.2936806e+01
   1.2490820e+03   1.2935903e+01
   1.2496875e+03   1.2936806e+01
   1.2502930e+03   1.2937258e+01
   1.2508984e+03   1.2936806e+01
   1.2515039e+03   1.2935752e+01
   1.2521094e+03   1.2935752e+01
   1.2527148e+03   1.2936505e+01
   1.2533203e+03   1.2934848e+01
   1.2539258e+03   1.2935601e+01
   1.2545312e+03   1.2935601e+01
   1.2551367e+03   1.2935451e+01
   1.2557422e+03   1.2935300e+01
   1.2563477e+03   1.2936354e+01
   1.2569531e+03   1.2936354e+01
   1.2575586e+03   1.2936806e+01
   1.2581641e+03   1.2936204e+01
   1.2587695e+03   1.2935451e+01
   1.2593750e+03   1.2936806e+01
   1.2599805e+03   1.2936505e+01
   1.2605859e+03   1.2936053e+01
   1.2611914e+03   1.2936957e+01
   1.2617969e+03   1.2934999e+01
   1.2624023e+03   1.2936806e+01
   1.2630078e+03   1.2936204e+01
   1.2636133e+03   1.2937560e+01
   1.2642187e+03   1.2936656e+01
   1.2648242e+03   1.2936656e+01
   1.2654297e+03   1.2937560e+01
   1.2660352e+03   1.2937710e+01
   1.2666406e+03   1.2936957e+01
   1.2672461e+03   1.2936354e+01
   1.2678516e+03   1.2937108e+01
   1.2684570e+03   1.2937710e+01
   1.2690625e+03   1.2937560e+01
   1.2696680e+03   1.2936505e+01
   1.2702734e+03   1.2936204e+01
   1.2708789e+03   1.2936806e+01
   1.2714844e+03   1.2937258e+01
   1.2720898e+03   1.2936957e+01
   1.2726953e+03   1.2937258e+01
   1.2733008e+03   1.2937710e+01
   1.2739062e+03   1.2936957e+01
   1.2745117e+03   1.2937258e+01
   1.2751172e+03   1.2936957e+01
   1.2757227e+03   1.2936806e+01
   1.2763281e+03   1.2937861e+01
   1.2769336e+03   1.2937710e+01
   1.2775391e+03   1.2938011e+01
   1.2781445e+03   1.2937710e+01
   1.2787500e+03   1.2937861e+01
   1.2793555e+03   1.2937710e+01
   1.2799609e+03   1.2938614e+01
   1.2805664e+03   1.2938915e+01
   1.2811719e+03   1.2938011e+01
   1.2817773e+03   1.2938915e+01
   1.2823828e+03   1.2939518e+01
   1.2829883e+03   1.2938915e+01
   1.2835937e+03   1.2939668e+01
   1.2841992e+03   1.2939819e+01
   1.2848047e+03   1.2939066e+01
   1.2854102e+03   1.2938463e+01
   1.2860156e+03   1.2939066e+01
   1.2866211e+03   1.2939518e+01
   1.2872266e+03   1.2939217e+01
   1.2878320e+03   1.2940120e+01
   1.2884375e+03   1.2938915e+01
   1.2890430e+03   1.2939217e+01
   1.2896484e+03   1.2938614e+01
   1.2902539e+03   1.2938313e+01
   1.2908594e+03   1.2937560e+01
   1.2914648e+03   1.2938463e+01
   1.2920703e+03   1.2938011e+01
   1.2926758e+03   1.2938011e+01
   1.2932812e+03   1.2938313e+01
   1.2938867e+03   1.2938614e+01
   1.2944922e+03   1.2939367e+01
   1.2950977e+03   1.2939367e+01
   1.2957031e+03   1.2939217e+01
   1.2963086e+03   1.2939217e+01
   1.2969141e+03   1.2938915e+01
   1.2975195e+03   1.2938313e+01
   1.2981250e+03   1.2938765e+01
   1.2987305e+03   1.2937710e+01
   1.2993359e+03   1.2938765e+01
   1.2999414e+03   1.2937560e+01
   1.3005469e+03   1.2937258e+01
   1.3011523e+03   1.2937861e+01
   1.3017578e+03   1.2937108e+01
   1.3023633e+03   1.2939819e+01
   1.3029687e+03   1.2938162e+01
   1.3035742e+03   1.2938011e+01
   1.3041797e+03   1.2938614e+01
   1.3047852e+03   1.2939367e+01
   1.3053906e+03   1.2939066e+01
   1.3059961e+03   1.2940422e+01
   1.3066016e+03   1.2939668e+01
   1.3072070e+03   1.2938614e+01
   1.3078125e+03   1.2939217e+01
   1.3084180e+03   1.2940422e+01
   1.3090234e+03   1.2939217e+01
   1.3096289e+03   1.2939367e+01
   1.3102344e+03   1.2939367e+01
   1.3108398e+03   1.2939668e+01
   1.3114453e+03   1.2939066e+01
   1.3120508e+03   1.2940271e+01
   1.3126562e+03   1.2940874e+01
   1.3132617e+03   1.2940271e+01
   1.3138672e+03   1.2940572e+01
   1.3144727e+03   1.2940422e+01
   1.3150781e+03   1.2939819e+01
   1.3156836e+03   1.2940422e+01
   1.3162891e+03   1.2941476e+01
   1.3168945e+03   1.2941627e+01
   1.3175000e+03   1.2941325e+01
   1.3181055e+03   1.2941024e+01
   1.3187109e+03   1.2941024e+01
   1.3193164e+03   1.2943133e+01
   1.3199219e+03   1.2942832e+01
   1.3205273e+03   1.2942982e+01
   1.3211328e+03   1.2942681e+01
   1.3217383e+03   1.2943886e+01
   1.3223437e+03   1.2943284e+01
   1.3229492e+03   1.2944489e+01
   1.3235547e+03   1.2943133e+01
   1.3241602e+03   1.2943434e+01
   1.3247656e+03   1.2944037e+01
   1.3253711e+03   1.2944188e+01
   1.3259766e+03   1.2944790e+01
   1.3265820e+03   1.2943886e+01
   1.3271875e+03   1.2944790e+01
   1.3277930e+03   1.2944037e+01
   1.3283984e+03   1.2945242e+01
   1.3290039e+03   1.2944639e+01
   1.3296094e+03   1.2945694e+01
   1.3302148e+03   1.2944489e+01
   1.3308203e+03   1.2944790e+01
   1.3314258e+03   1.2946447e+01
   1.3320312e+03   1.2946447e+01
   1.3326367e+03   1.2947200e+01
   1.3332422e+03   1.2946296e+01
   1.3338477e+03   1.2948104e+01
   1.3344531e+03   1.2947953e+01
   1.3350586e+03   1.2948104e+01
   1.3356641e+03   1.2948104e+01
   1.3362695e+03   1.2949008e+01
   1.3368750e+03   1.2949159e+01
   1.3374805e+03   1.2949610e+01
   1.3380859e+03   1.2949460e+01
   1.3386914e+03   1.2950815e+01
   1.3392969e+03   1.2949159e+01
   1.3399023e+03   1.2951117e+01
   1.3405078e+03   1.2949761e+01
   1.3411133e+03   1.2950062e+01
   1.3417187e+03   1.2950514e+01
   1.3423242e+03   1.2950966e+01
   1.3429297e+03   1.2951870e+01
   1.3435352e+03   1.2950514e+01
   1.3441406e+03   1.2949610e+01
   1.3447461e+03   1.2950062e+01
   1.3453516e+03   1.2950213e+01
   1.3459570e+03   1.2951719e+01
   1.3465625e+03   1.2951569e+01
   1.3471680e+03   1.2951719e+01
   1.3477734e+03   1.2951267e+01
   1.3483789e+03   1.2952623e+01
   1.3489844e+03   1.2952623e+01
   1.3495898e+03   1.2952924e+01
   1.3501953e+03   1.2952322e+01
   1.3508008e+03   1.2953979e+01
   1.3514062e+03   1.2953527e+01
   1.3520117e+03   1.2952322e+01
   1.3526172e+03   1.2952924e+01
   1.3532227e+03   1.2952021e+01
   1.3538281e+03   1.2953075e+01
   1.3544336e+03   1.2952774e+01
   1.3550391e+03   1.2952924e+01
   1.3556445e+03   1.2953979e+01
   1.3562500e+03   1.2952021e+01
   1.3568555e+03   1.2953828e+01
   1.3574609e+03   1.2954581e+01
   1.3580664e+03   1.2952774e+01
   1.3586719e+03   1.2952924e+01
   1.3592773e+03   1.2953075e+01
   1.3598828e+03   1.2952924e+01
   1.3604883e+03   1.2952171e+01
   1.3610937e+03   1.2953075e+01
   1.3616992e+03   1.2953376e+01
   1.3623047e+03   1.2952774e+01
   1.3629102e+03   1.2953075e+01
   1.3635156e+03   1.2953828e+01
   1.3641211e+03   1.2953226e+01
   1.3647266e+03   1.2953376e+01
   1.3653320e+03   1.2953376e+01
   1.3659375e+03   1.2953376e+01
   1.3665430e+03   1.2953226e+01
   1.3671484e+03   1.2953527e+01
   1.3677539e+03   1.2954581e+01
   1.3683594e+03   1.2953678e+01
   1.3689648e+03   1.2953828e+01
   1.3695703e+03   1.2953527e+01
   1.3701758e+03   1.2953979e+01
   1.3707812e+03   1.2952774e+01
   1.3713867e+03   1.2954129e+01
   1.3719922e+03   1.2953979e+01
   1.3725977e+03   1.2954883e+01
   1.3732031e+03   1.2954280e+01
   1.3738086e+03   1.2954431e+01
   1.3744141e+03   1.2954732e+01
   1.3750195e+03   1.2952774e+01
   1.3756250e+03   1.2954129e+01
   1.3762305e+03   1.2954280e+01
   1.3768359e+03   1.2953376e+01
   1.3774414e+03   1.2953527e+01
   1.3780469e+03   1.2953527e+01
   1.3786523e+03   1.2953979e+01
   1.3792578e+03   1.2954129e+01
   1.3798633e+03   1.2953226e+01
   1.3804687e+03   1.2952774e+01
   1.3810742e+03   1.2952021e+01
   1.3816797e+03   1.2952171e+01
   1.3822852e+03   1.2951569e+01
   1.3828906e+03   1.2952021e+01
   1.3834961e+03   1.2952322e+01
   1.3841016e+03   1.2951267e+01
   1.3847070e+03   1.2952472e+01
   1.3853125e+03   1.2951569e+01
   1.3859180e+03   1.2951267e+01
   1.3865234e+03   1.2951418e+01
   1.3871289e+03   1.2951117e+01
   1.3877344e+03   1.2950966e+01
   1.3883398e+03   1.2950665e+01
   1.3889453e+03   1.2951267e+01
   1.3895508e+03   1.2950815e+01
   1.3901562e+03   1.2951719e+01
   1.3907617e+03   1.2951267e+01
   1.3913672e+03   1.2951569e+01
   1.3919727e+03   1.2949912e+01
   1.3925781e+03   1.2950062e+01
   1.3931836e+03   1.2950062e+01
   1.3937891e+03   1.2949912e+01
   1.3943945e+03   1.2949460e+01
   1.3950000e+03   1.2950213e+01
   1.3956055e+03   1.2949008e+01
   1.3962109e+03   1.2949008e+01
   1.3968164e+03   1.2948255e+01
   1.3974219e+03   1.2948556e+01
   1.3980273e+03   1.2948104e+01
   1.3986328e+03   1.2947502e+01
   1.3992383e+03   1.2947502e+01
   1.3998437e+03   1.2947803e+01
   1.4004492e+03   1.2947652e+01
   1.4010547e+03   1.2946296e+01
   1.4016602e+03   1.2946748e+01
   1.4022656e+03   1.2946296e+01
   1.4028711e+03   1.2944188e+01
   1.4034766e+03   1.2946748e+01
   1.4040820e+03   1.2946748e+01
   1.4046875e+03   1.2946598e+01
   1.4052930e+03   1.2946146e+01
   1.4058984e+03   1.2945393e+01
   1.4065039e+03   1.2947351e+01
   1.4071094e+03   1.2945242e+01
   1.4077148e+03   1.2946296e+01
   1.4083203e+03   1.2944941e+01
   1.4089258e+03   1.2945543e+01
   1.4095312e+03   1.2946146e+01
   1.4101367e+03   1.2947050e+01
   1.4107422e+03   1.2946748e+01
   1.4113477e+03   1.2945242e+01
   1.4119531e+03   1.2945995e+01
   1.4125586e+03   1.2945995e+01
   1.4131641e+03   1.2945242e+01
   1.4137695e+03   1.2945393e+01
   1.4143750e+03   1.2946296e+01
   1.4149805e+03   1.2945242e+01
   1.4155859e+03   1.2945091e+01
   1.4161914e+03   1.2944639e+01
   1.4167969e+03   1.2945995e+01
   1.4174023e+03   1.2944941e+01
   1.4180078e+03   1.2944639e+01
   1.4186133e+03   1.2943886e+01
   1.4192187e+03   1.2943434e+01
   1.4198242e+03   1.2943736e+01
   1.4204297e+03   1.2943133e+01
   1.4210352e+03   1.2943736e+01
   1.4216406e+03   1.2942531e+01
   1.4222461e+03   1.2942380e+01
   1.4228516e+03   1.2942531e+01
   1.4234570e+03   1.2943434e+01
   1.4240625e+03   1.2942982e+01
   1.4246680e+03   1.2942229e+01
   1.4252734e+03   1.2942380e+01
   1.4258789e+03   1.2942229e+01
   1.4264844e+03   1.2942380e+01
   1.4270898e+03   1.2941777e+01
   1.4276953e+03   1.2942229e+01
   1.4283008e+03   1.2941627e+01
   1.4289062e+03   1.2941476e+01
   1.4295117e+03   1.2941777e+01
   1.4301172e+03   1.2941325e+01
   1.4307227e+03   1.2941175e+01
   1.4313281e+03   1.2941325e+01
   1.4319336e+03   1.2940723e+01
   1.4325391e+03   1.2940874e+01
   1.4331445e+03   1.2940271e+01
   1.4337500e+03   1.2939217e+01
   1.4343555e+03   1.2940120e+01
   1.4349609e+03   1.2939518e+01
   1.4355664e+03   1.2939217e+01
   1.4361719e+03   1.2939970e+01
   1.4367773e+03   1.2938463e+01
   1.4373828e+03   1.2938915e+01
   1.4379883e+03   1.2938915e+01
   1.4385937e+03   1.2937409e+01
   1.4391992e+03   1.2938614e+01
   1.4398047e+03   1.2937710e+01
   1.4404102e+03   1.2938313e+01
   1.4410156e+03   1.2938162e+01
   1.4416211e+03   1.2936957e+01
   1.4422266e+03   1.2936656e+01
   1.4428320e+03   1.2937409e+01
   1.4434375e+03   1.2937861e+01
   1.4440430e+03   1.2938313e+01
   1.4446484e+03   1.2936957e+01
   1.4452539e+03   1.2936957e+01
   1.4458594e+03   1.2938313e+01
   1.4464648e+03   1.2938313e+01
   1.4470703e+03   1.2938011e+01
   1.4476758e+03   1.2937108e+01
   1.4482812e+03   1.2938011e+01
   1.4488867e+03   1.2937108e+01
   1.4494922e+03   1.2936505e+01
   1.4500977e+03   1.2936354e+01
   1.4507031e+03   1.2936505e+01
   1.4513086e+03   1.2935903e+01
   1.4519141e+03   1.2935601e+01
   1.4525195e+03   1.2936053e+01
   1.4531250e+03   1.2935601e+01
   1.4537305e+03   1.2935601e+01
   1.4543359e+03   1.2933794e+01
   1.4549414e+03   1.2935300e+01
   1.4555469e+03   1.2934547e+01
   1.4561523e+03   1.2934095e+01
   1.4567578e+03   1.2933643e+01
   1.4573633e+03   1.2933040e+01
   1.4579687e+03   1.2932739e+01
   1.4585742e+03   1.2933492e+01
   1.4591797e+03   1.2932438e+01
   1.4597852e+03   1.2931835e+01
   1.4603906e+03   1.2930932e+01
   1.4609961e+03   1.2930630e+01
   1.4616016e+03   1.2930932e+01
   1.4622070e+03   1.2930630e+01
   1.4628125e+03   1.2930781e+01
   1.4634180e+03   1.2931835e+01
   1.4640234e+03   1.2930480e+01
   1.4646289e+03   1.2930630e+01
   1.4652344e+03   1.2928521e+01
   1.4658398e+03   1.2930028e+01
   1.4664453e+03   1.2929425e+01
   1.4670508e+03   1.2929124e+01
   1.4676562e+03   1.2929877e+01
   1.4682617e+03   1.2928823e+01
   1.4688672e+03   1.2929576e+01
   1.4694727e+03   1.2928823e+01
   1.4700781e+03   1.2928823e+01
   1.4706836e+03   1.2928070e+01
   1.4712891e+03   1.2928521e+01
   1.4718945e+03   1.2928521e+01
   1.4725000e+03   1.2928371e+01
   1.4731055e+03   1.2929576e+01
   1.4737109e+03   1.2928220e+01
   1.4743164e+03   1.2928672e+01
   1.4749219e+03   1.2927919e+01
   1.4755273e+03   1.2927919e+01
   1.4761328e+03   1.2927618e+01
   1.4767383e+03   1.2927316e+01
   1.4773437e+03   1.2928521e+01
   1.4779492e+03   1.2927768e+01
   1.4785547e+03   1.2927467e+01
   1.4791602e+03   1.2927768e+01
   1.4797656e+03   1.2927316e+01
   1.4803711e+03   1.2925961e+01
   1.4809766e+03   1.2927467e+01
   1.4815820e+03   1.2927015e+01
   1.4821875e+03   1.2927316e+01
   1.4827930e+03   1.2926413e+01
   1.4833984e+03   1.2926864e+01
   1.4840039e+03   1.2925659e+01
   1.4846094e+03   1.2925659e+01
   1.4852148e+03   1.2925659e+01
   1.4858203e+03   1.2924756e+01
   1.4864258e+03   1.2925961e+01
   1.4870312e+03   1.2925509e+01
   1.4876367e+03   1.2924906e+01
   1.4882422e+03   1.2925207e+01
   1.4888477e+03   1.2925057e+01
   1.4894531e+03   1.2924605e+01
   1.4900586e+03   1.2925659e+01
   1.4906641e+03   1.2924605e+01
   1.4912695e+03   1.2924906e+01
   1.4918750e+03   1.2925057e+01
   1.4924805e+03   1.2924454e+01
   1.4930859e+03   1.2924605e+01
   1.4936914e+03   1.2925057e+01
   1.4942969e+03   1.2924756e+01
   1.4949023e+03   1.2924906e+01
   1.4955078e+03   1.2924906e+01
   1.4961133e+03   1.2924756e+01
   1.4967187e+03   1.2925057e+01
   1.4973242e+03   1.2925207e+01
   1.4979297e+03   1.2926111e+01
   1.4985352e+03   1.2925358e+01
   1.4991406e+03   1.2926563e+01
   1.4997461e+03   1.2926111e+01
   1.5003516e+03   1.2926262e+01
   1.5009570e+03   1.2925810e+01
   1.5015625e+03   1.2925057e+01
   1.5021680e+03   1.2924756e+01
   1.5027734e+03   1.2925509e+01
   1.5033789e+03   1.2925358e+01
   1.5039844e+03   1.2925207e+01
   1.5045898e+03   1.2925810e+01
   1.5051953e+03   1.2925961e+01
   1.5058008e+03   1.2925509e+01
   1.5064062e+03   1.2925810e+01
   1.5070117e+03   1.2925057e+01
   1.5076172e+03   1.2924605e+01
   1.5082227e+03   1.2925207e+01
   1.5088281e+03   1.2925358e+01
   1.5094336e+03   1.2924605e+01
   1.5100391e+03   1.2925057e+01
   1.5106445e+03   1.2925810e+01
   1.5112500e+03   1.2925961e+01
   1.5118555e+03   1.2925207e+01
   1.5124609e+03   1.2925810e+01
   1.5130664e+03   1.2925358e+01
   1.5136719e+03   1.2926111e+01
   1.5142773e+03   1.2925509e+01
   1.5148828e+03   1.2925358e+01
   1.5154883e+03   1.2925207e+01
   1.5160937e+03   1.2926563e+01
   1.5166992e+03   1.2926262e+01
   1.5173047e+03   1.2925509e+01
   1.5179102e+03   1.2926413e+01
   1.5185156e+03   1.2926111e+01
   1.5191211e+03   1.2925961e+01
   1.5197266e+03   1.2925509e+01
   1.5203320e+03   1.2925810e+01
   1.5209375e+03   1.2925810e+01
   1.5215430e+03   1.2926864e+01
   1.5221484e+03   1.2926111e+01
   1.5227539e+03   1.2925810e+01
   1.5233594e+03   1.2925509e+01
   1.5239648e+03   1.2926563e+01
   1.5245703e+03   1.2926563e+01
   1.5251758e+03   1.2925810e+01
   1.5257812e+03   1.2926111e+01
   1.5263867e+03   1.2925057e+01
   1.5269922e+03   1.2925961e+01
   1.5275977e+03   1.2925207e+01
   1.5282031e+03   1.2925509e+01
   1.5288086e+03   1.2926111e+01
   1.5294141e+03   1.2925659e+01
   1.5300195e+03   1.2925358e+01
   1.5306250e+03   1.2926864e+01
   1.5312305e+03   1.2926413e+01
   1.5318359e+03   1.2926864e+01
   1.5324414e+03   1.2925659e+01
   1.5330469e+03   1.2925961e+01
   1.5336523e+03   1.2927166e+01
   1.5342578e+03   1.2926714e+01
   1.5348633e+03   1.2927166e+01
   1.5354687e+03   1.2927166e+01
   1.5360742e+03   1.2926714e+01
   1.5366797e+03   1.2926563e+01
   1.5372852e+03   1.2927316e+01
   1.5378906e+03   1.2926714e+01
   1.5384961e+03   1.2927768e+01
   1.5391016e+03   1.2927166e+01
   1.5397070e+03   1.2927015e+01
   1.5403125e+03   1.2927015e+01
   1.5409180e+03   1.2926714e+01
   1.5415234e+03   1.2926413e+01
   1.5421289e+03   1.2926563e+01
   1.5427344e+03   1.2926864e+01
   1.5433398e+03   1.2926864e+01
   1.5439453e+03   1.2925810e+01
   1.5445508e+03   1.2925509e+01
   1.5451562e+03   1.2925659e+01
   1.5457617e+03   1.2925810e+01
   1.5463672e+03   1.2925358e+01
   1.5469727e+03   1.2926111e+01
   1.5475781e+03   1.2925810e+01
   1.5481836e+03   1.2925659e+01
   1.5487891e+03   1.2925810e+01
   1.5493945e+03   1.2925057e+01
   1.5500000e+03   1.2926262e+01
   1.5506055e+03   1.2925509e+01
   1.5512109e+03   1.2926262e+01
   1.5518164e+03   1.2925358e+01
   1.5524219e+03   1.2926111e+01
   1.5530273e+03   1.2925509e+01
   1.5536328e+03   1.2925659e+01
   1.5542383e+03   1.2926714e+01
   1.5548437e+03   1.2926262e+01
   1.5554492e+03   1.2926262e+01
   1.5560547e+03   1.2926563e+01
   1.5566602e+03   1.2928070e+01
   1.5572656e+03   1.2927467e+01
   1.5578711e+03   1.2928220e+01
   1.5584766e+03   1.2928220e+01
   1.5590820e+03   1.2927919e+01
   1.5596875e+03   1.2927166e+01
   1.5602930e+03   1.2927618e+01
   1.5608984e+03   1.2928521e+01
   1.5615039e+03   1.2927919e+01
   1.5621094e+03   1.2927618e+01
   1.5627148e+03   1.2928973e+01
   1.5633203e+03   1.2929124e+01
   1.5639258e+03   1.2927768e+01
   1.5645312e+03   1.2929124e+01
   1.5651367e+03   1.2928371e+01
   1.5657422e+03   1.2929124e+01
   1.5663477e+03   1.2929124e+01
   1.5669531e+03   1.2929576e+01
   1.5675586e+03   1.2931233e+01
   1.5681641e+03   1.2930480e+01
   1.5687695e+03   1.2930028e+01
   1.5693750e+03   1.2930028e+01
   1.5699805e+03   1.2930329e+01
   1.5705859e+03   1.2930630e+01
   1.5711914e+03   1.2930178e+01
   1.5717969e+03   1.2929877e+01
   1.5724023e+03   1.2930630e+01
   1.5730078e+03   1.2929576e+01
   1.5736133e+03   1.2930630e+01
   1.5742187e+03   1.2928823e+01
   1.5748242e+03   1.2930178e+01
   1.5754297e+03   1.2929877e+01
   1.5760352e+03   1.2930781e+01
   1.5766406e+03   1.2931082e+01
   1.5772461e+03   1.2930781e+01
   1.5778516e+03   1.2930028e+01
   1.5784570e+03   1.2930178e+01
   1.5790625e+03   1.2929727e+01
   1.5796680e+03   1.2930329e+01
   1.5802734e+03   1.2929877e+01
   1.5808789e+03   1.2931383e+01
   1.5814844e+03   1.2930630e+01
   1.5820898e+03   1.2930329e+01
   1.5826953e+03   1.2930329e+01
   1.5833008e+03   1.2929275e+01
   1.5839062e+03   1.2930480e+01
   1.5845117e+03   1.2930480e+01
   1.5851172e+03   1.2930028e+01
   1.5857227e+03   1.2931082e+01
   1.5863281e+03   1.2930480e+01
   1.5869336e+03   1.2930028e+01
   1.5875391e+03   1.2930028e+01
   1.5881445e+03   1.2930480e+01
   1.5887500e+03   1.2931233e+01
   1.5893555e+03   1.2929727e+01
   1.5899609e+03   1.2930781e+01
   1.5905664e+03   1.2930480e+01
   1.5911719e+03   1.2930329e+01
   1.5917773e+03   1.2929727e+01
   1.5923828e+03   1.2930028e+01
   1.5929883e+03   1.2930480e+01
   1.5935937e+03   1.2930630e+01
   1.5941992e+03   1.2930329e+01
   1.5948047e+03   1.2930028e+01
   1.5954102e+03   1.2929877e+01
   1.5960156e+03   1.2929124e+01
   1.5966211e+03   1.2929124e+01
   1.5972266e+03   1.2929425e+01
   1.5978320e+03   1.2930781e+01
   1.5984375e+03   1.2930781e+01
   1.5990430e+03   1.2930630e+01
   1.5996484e+03   1.2930178e+01
   1.6002539e+03   1.2930781e+01
   1.6008594e+03   1.2930480e+01
   1.6014648e+03   1.2930178e+01
   1.6020703e+03   1.2930028e+01
   1.6026758e+03   1.2930028e+01
   1.6032812e+03   1.2930630e+01
   1.6038867e+03   1.2930932e+01
   1.6044922e+03   1.2931233e+01
   1.6050977e+03   1.2931233e+01
   1.6057031e+03   1.2930781e+01
   1.6063086e+03   1.2931233e+01
   1.6069141e+03   1.2930178e+01
   1.6075195e+03   1.2929877e+01
   1.6081250e+03   1.2930480e+01
   1.6087305e+03   1.2930932e+01
   1.6093359e+03   1.2930178e+01
   1.6099414e+03   1.2930781e+01
   1.6105469e+03   1.2930630e+01
   1.6111523e+03   1.2929275e+01
   1.6117578e+03   1.2929877e+01
   1.6123633e+03   1.2930630e+01
   1.6129687e+03   1.2929877e+01
   1.6135742e+03   1.2929275e+01
   1.6141797e+03   1.2929727e+01
   1.6147852e+03   1.2930178e+01
   1.6153906e+03   1.2929877e+01
   1.6159961e+03   1.2928823e+01
   1.6166016e+03   1.2929576e+01
   1.6172070e+03   1.2929425e+01
   1.6178125e+03   1.2928823e+01
   1.6184180e+03   1.2928823e+01
   1.6190234e+03   1.2928672e+01
   1.6196289e+03   1.2928823e+01
   1.6202344e+03   1.2928371e+01
   1.6208398e+03   1.2927618e+01
   1.6214453e+03   1.2927467e+01
   1.6220508e+03   1.2927618e+01
   1.6226562e+03   1.2927467e+01
   1.6232617e+03   1.2927166e+01
   1.6238672e+03   1.2927316e+01
   1.6244727e+03   1.2928070e+01
   1.6250781e+03   1.2928220e+01
   1.6256836e+03   1.2928371e+01
   1.6262891e+03   1.2927618e+01
   1.6268945e+03   1.2927467e+01
   1.6275000e+03   1.2928220e+01
   1.6281055e+03   1.2928521e+01
   1.6287109e+03   1.2926714e+01
   1.6293164e+03   1.2927467e+01
   1.6299219e+03   1.2926563e+01
   1.6305273e+03   1.2927316e+01
   1.6311328e+03   1.2927768e+01
   1.6317383e+03   1.2927316e+01
   1.6323437e+03   1.2927316e+01
   1.6329492e+03   1.2927768e+01
   1.6335547e+03   1.2927166e+01
   1.6341602e+03   1.2926714e+01
   1.6347656e+03   1.2927618e+01
   1.6353711e+03   1.2927618e+01
   1.6359766e+03   1.2927467e+01
   1.6365820e+03   1.2928070e+01
   1.6371875e+03   1.2929124e+01
   1.6377930e+03   1.2929576e+01
   1.6383984e+03   1.2928973e+01
   1.6390039e+03   1.2929275e+01
   1.6396094e+03   1.2929275e+01
   1.6402148e+03   1.2928521e+01
   1.6408203e+03   1.2929124e+01
   1.6414258e+03   1.2928973e+01
   1.6420312e+03   1.2927919e+01
   1.6426367e+03   1.2927768e+01
   1.6432422e+03   1.2928521e+01
   1.6438477e+03   1.2928371e+01
   1.6444531e+03   1.2928371e+01
   1.6450586e+03   1.2928220e+01
   1.6456641e+03   1.2928371e+01
   1.6462695e+03   1.2927919e+01
   1.6468750e+03   1.2928521e+01
   1.6474805e+03   1.2927768e+01
   1.6480859e+03   1.2928521e+01
   1.6486914e+03   1.2929124e+01
   1.6492969e+03   1.2928220e+01
   1.6499023e+03   1.2928521e+01
   1.6505078e+03   1.2927316e+01
   1.6511133e+03   1.2927166e+01
   1.6517187e+03   1.2928070e+01
   1.6523242e+03   1.2928973e+01
   1.6529297e+03   1.2928070e+01
   1.6535352e+03   1.2927015e+01
   1.6541406e+03   1.2927768e+01
   1.6547461e+03   1.2928220e+01
   1.6553516e+03   1.2927618e+01
   1.6559570e+03   1.2928220e+01
   1.6565625e+03   1.2927618e+01
   1.6571680e+03   1.2927768e+01
   1.6577734e+03   1.2927166e+01
   1.6583789e+03   1.2927618e+01
   1.6589844e+03   1.2927467e+01
   1.6595898e+03   1.2927768e+01
   1.6601953e+03   1.2927467e+01
   1.6608008e+03   1.2927015e+01
   1.6614062e+03   1.2927015e+01
   1.6620117e+03   1.2927618e+01
   1.6626172e+03   1.2927015e+01
   1.6632227e+03   1.2927316e+01
   1.6638281e+03   1.2927919e+01
   1.6644336e+03   1.2927316e+01
   1.6650391e+03   1.2928371e+01
   1.6656445e+03   1.2927618e+01
   1.6662500e+03   1.2928070e+01
   1.6668555e+03   1.2927166e+01
   1.6674609e+03   1.2928672e+01
   1.6680664e+03   1.2928371e+01
   1.6686719e+03   1.2927618e+01
   1.6692773e+03   1.2928220e+01
   1.6698828e+03   1.2928070e+01
   1.6704883e+03   1.2927919e+01
   1.6710937e+03   1.2927618e+01
   1.6716992e+03   1.2928521e+01
   1.6723047e+03   1.2928220e+01
   1.6729102e+03   1.2928371e+01
   1.6735156e+03   1.2928371e+01
   1.6741211e+03   1.2928220e+01
   1.6747266e+03   1.2928070e+01
   1.6753320e+03   1.2928070e+01
   1.6759375e+03   1.2927919e+01
   1.6765430e+03   1.2927919e+01
   1.6771484e+03   1.2928070e+01
   1.6777539e+03   1.2927316e+01
   1.6783594e+03   1.2927166e+01
   1.6789648e+03   1.2928521e+01
   1.6795703e+03   1.2927467e+01
   1.6801758e+03   1.2927467e+01
   1.6807812e+03   1.2928070e+01
   1.6813867e+03   1.2927316e+01
   1.6819922e+03   1.2926413e+01
   1.6825977e+03   1.2927015e+01
   1.6832031e+03   1.2927166e+01
   1.6838086e+03   1.2927015e+01
   1.6844141e+03   1.2926413e+01
   1.6850195e+03   1.2925961e+01
   1.6856250e+03   1.2926714e+01
   1.6862305e+03   1.2926111e+01
   1.6868359e+03   1.2927015e+01
   1.6874414e+03   1.2926262e+01
   1.6880469e+03   1.2925961e+01
   1.6886523e+03   1.2925810e+01
   1.6892578e+03   1.2927316e+01
   1.6898633e+03   1.2925659e+01
   1.6904687e+03   1.2927316e+01
   1.6910742e+03   1.2925810e+01
   1.6916797e+03   1.2926413e+01
   1.6922852e+03   1.2925659e+01
   1.6928906e+03   1.2924906e+01
   1.6934961e+03   1.2925057e+01
   1.6941016e+03   1.2926111e+01
   1.6947070e+03   1.2925810e+01
   1.6953125e+03   1.2924906e+01
   1.6959180e+03   1.2924605e+01
   1.6965234e+03   1.2924605e+01
   1.6971289e+03   1.2925207e+01
   1.6977344e+03   1.2924153e+01
   1.6983398e+03   1.2924756e+01
   1.6989453e+03   1.2924454e+01
   1.6995508e+03   1.2925057e+01
   1.7001562e+03   1.2923400e+01
   1.7007617e+03   1.2924454e+01
   1.7013672e+03   1.2922044e+01
   1.7019727e+03   1.2922647e+01
   1.7025781e+03   1.2924002e+01
   1.7031836e+03   1.2923400e+01
   1.7037891e+03   1.2924153e+01
   1.7043945e+03   1.2924153e+01
   1.7050000e+03   1.2922948e+01
   1.7056055e+03   1.2923852e+01
   1.7062109e+03   1.2922948e+01
   1.7068164e+03   1.2922797e+01
   1.7074219e+03   1.2922044e+01
   1.7080273e+03   1.2923249e+01
   1.7086328e+03   1.2923400e+01
   1.7092383e+03   1.2922647e+01
   1.7098437e+03   1.2922647e+01
   1.7104492e+03   1.2922797e+01
   1.7110547e+03   1.2922345e+01
   1.7116602e+03   1.2922797e+01
   1.7122656e+03   1.2923701e+01
   1.7128711e+03   1.2923852e+01
   1.7134766e+03   1.2924454e+01
   1.7140820e+03   1.2922948e+01
   1.7146875e+03   1.2922797e+01
   1.7152930e+03   1.2923400e+01
   1.7158984e+03   1.2922948e+01
   1.7165039e+03   1.2922948e+01
   1.7171094e+03   1.2922948e+01
   1.7177148e+03   1.2923701e+01
   1.7183203e+03   1.2923249e+01
   1.7189258e+03   1.2921893e+01
   1.7195312e+03   1.2922797e+01
   1.7201367e+03   1.2922044e+01
   1.7207422e+03   1.2923701e+01
   1.7213477e+03   1.2921893e+01
   1.7219531e+03   1.2922797e+01
   1.7225586e+03   1.2922948e+01
   1.7231641e+03   1.2923852e+01
   1.7237695e+03   1.2923400e+01
   1.7243750e+03   1.2922948e+01
   1.7249805e+03   1.2922797e+01
