   0.0000000e+00   1.2083470e-01
   1.0000000e+01   1.2158927e-01
   2.0000000e+01   7.5385378e-02
   3.0000000e+01   1.4361719e-01
   4.0000000e+01   1.1775568e-01
   5.0000000e+01   1.0714552e-01
   6.0000000e+01   3.4704946e-02
   7.0000000e+01   6.0265094e-02
   8.0000000e+01   9.8331139e-02
   9.0000000e+01   1.3712972e-01
   1.0000000e+02   1.8310307e-01
   1.1000000e+02   9.6247377e-02
   1.2000000e+02   6.4397782e-02
   1.3000000e+02   1.0062067e-01
   1.4000000e+02   1.7254470e-01
   1.5000000e+02   1.7720050e-01
   1.6000000e+02   1.0563201e-01
   1.7000000e+02   1.2565402e-02
   1.8000000e+02  -3.3069393e-02
   1.9000000e+02  -7.6998026e-02
   2.0000000e+02  -1.0159378e-01
   2.1000000e+02  -1.1410789e-01
   2.2000000e+02  -1.1560181e-01
   2.3000000e+02  -9.5068491e-02
   2.4000000e+02  -6.6686849e-02
   2.5000000e+02  -4.3130997e-02
   2.6000000e+02  -2.4709202e-02
   2.7000000e+02   7.5768611e-03
   2.8000000e+02   1.9333814e-02
   2.9000000e+02   3.4842828e-02
   3.0000000e+02   2.5602071e-02
   3.1000000e+02   2.1635157e-02
   3.2000000e+02  -6.0044030e-03
   3.3000000e+02  -2.3985775e-02
   3.4000000e+02  -3.8789322e-02
   3.5000000e+02  -5.3132156e-02
   3.6000000e+02  -5.5556963e-02
   3.7000000e+02  -4.0640495e-02
   3.8000000e+02  -2.6324869e-02
   3.9000000e+02  -3.8240781e-02
   4.0000000e+02  -3.2666999e-02
   4.1000000e+02  -2.9353524e-02
   4.2000000e+02  -2.2722694e-02
   4.3000000e+02  -7.9512543e-03
   4.4000000e+02  -2.4237256e-02
   4.5000000e+02  -1.9717497e-02
   4.6000000e+02  -1.6252384e-02
   4.7000000e+02  -7.5098483e-03
   4.8000000e+02  -2.9888773e-03
   4.9000000e+02   1.5329565e-03
   5.0000000e+02   2.5874345e-03
   5.1000000e+02   5.1488045e-03
   5.2000000e+02   9.5197492e-03
   5.3000000e+02   1.3286702e-02
   5.4000000e+02   1.5696910e-02
   5.5000000e+02   1.1322699e-02
   5.6000000e+02   1.6898311e-02
   5.7000000e+02   1.7047347e-02
   5.8000000e+02   2.3075422e-02
   5.9000000e+02   2.6390261e-02
   6.0000000e+02   3.0007091e-02
   6.1000000e+02   3.4227000e-02
   6.2000000e+02   3.8297320e-02
   6.3000000e+02   3.4527910e-02
   6.4000000e+02   4.0557386e-02
   6.5000000e+02   4.0255650e-02
   6.6000000e+02   4.1461244e-02
   6.7000000e+02   3.9651761e-02
   6.8000000e+02   3.9651138e-02
   6.9000000e+02   4.6735321e-02
   7.0000000e+02   4.5378185e-02
   7.1000000e+02   4.6131184e-02
   7.2000000e+02   4.9145544e-02
   7.3000000e+02   5.1707449e-02
   7.4000000e+02   4.7787641e-02
   7.5000000e+02   5.3666048e-02
   7.6000000e+02   5.2308601e-02
   7.7000000e+02   5.5322656e-02
   7.8000000e+02   5.4417340e-02
   7.9000000e+02   5.6376633e-02
   8.0000000e+02   6.1501626e-02
   8.1000000e+02   5.8185001e-02
   8.2000000e+02   6.0446842e-02
   8.3000000e+02   6.0446700e-02
   8.4000000e+02   6.1351523e-02
   8.5000000e+02   6.4216024e-02
   8.6000000e+02   6.5270698e-02
   8.7000000e+02   6.6475577e-02
   8.8000000e+02   6.4062529e-02
   8.9000000e+02   6.4815534e-02
   9.0000000e+02   6.6171046e-02
   9.1000000e+02   6.5567392e-02
   9.2000000e+02   6.7526374e-02
   9.3000000e+02   6.7375308e-02
   9.4000000e+02   6.5113374e-02
   9.5000000e+02   6.6771296e-02
   9.6000000e+02   6.7976629e-02
   9.7000000e+02   6.9785110e-02
   9.8000000e+02   7.0538535e-02
   9.9000000e+02   6.6165854e-02
   1.0000000e+03   6.6014288e-02
   1.0100000e+03   6.6013572e-02
   1.0200000e+03   6.9932651e-02
   1.0300000e+03   6.9781190e-02
   1.0400000e+03   7.1438917e-02
   1.0500000e+03   7.1890854e-02
   1.0600000e+03   7.0081306e-02
   1.0700000e+03   7.0835086e-02
   1.0800000e+03   7.1739427e-02
   1.0900000e+03   7.2342068e-02
   1.1000000e+03   6.8874439e-02
   1.1100000e+03   7.2191002e-02
   1.1200000e+03   7.5507419e-02
   1.1300000e+03   7.4150169e-02
   1.1400000e+03   7.5355519e-02
   1.1500000e+03   7.2942903e-02
   1.1600000e+03   7.0832097e-02
   1.1700000e+03   7.1434700e-02
   1.1800000e+03   7.1283599e-02
   1.1900000e+03   7.2338424e-02
   1.2000000e+03   7.4147276e-02
   1.2100000e+03   7.7162306e-02
   1.2200000e+03   7.5051611e-02
   1.2300000e+03   7.4448287e-02
   1.2400000e+03   7.5352368e-02
   1.2500000e+03   7.7614019e-02
   1.2600000e+03   7.6257427e-02
   1.2700000e+03   7.6860353e-02
   1.2800000e+03   7.9573462e-02
   1.2900000e+03   7.6557820e-02
   1.3000000e+03   7.7008698e-02
   1.3100000e+03   7.7912085e-02
   1.3200000e+03   7.8815650e-02
   1.3300000e+03   7.9569021e-02
   1.3400000e+03   7.7005686e-02
   1.3500000e+03   7.8814850e-02
   1.3600000e+03   7.7910559e-02
   1.3700000e+03   7.5950727e-02
   1.3800000e+03   7.6402946e-02
   1.3900000e+03   7.6553867e-02
   1.4000000e+03   7.3538676e-02
   1.4100000e+03   7.5347552e-02
   1.4200000e+03   7.5196595e-02
   1.4300000e+03   7.5045710e-02
   1.4400000e+03   7.3990208e-02
   1.4500000e+03   7.5950220e-02
   1.4600000e+03   7.6402656e-02
   1.4700000e+03   7.7457977e-02
   1.4800000e+03   7.5649248e-02
   1.4900000e+03   7.3690139e-02
   1.5000000e+03   7.5499160e-02
   1.5100000e+03   7.4744557e-02
   1.5200000e+03   7.4442644e-02
   1.5300000e+03   7.3688223e-02
   1.5400000e+03   7.5195400e-02
   1.5500000e+03   7.5345777e-02
   1.5600000e+03   7.7003690e-02
   1.5700000e+03   7.6702720e-02
   1.5800000e+03   7.6099400e-02
   1.5900000e+03   7.5798212e-02
   1.6000000e+03   7.5346030e-02
   1.6100000e+03   7.1125292e-02
   1.6200000e+03   7.1426735e-02
   1.6300000e+03   7.4743290e-02
   1.6400000e+03   7.3235499e-02
   1.6500000e+03   7.3235319e-02
   1.6600000e+03   7.3235788e-02
   1.6700000e+03   7.6251119e-02
   1.6800000e+03   7.6100415e-02
   1.6900000e+03   7.4894392e-02
   1.7000000e+03   7.4140478e-02
   1.7100000e+03   7.3688513e-02
   1.7200000e+03   7.4291506e-02
   1.7300000e+03   7.6402003e-02
   1.7400000e+03   7.8964207e-02
   1.7500000e+03   7.7758185e-02
   1.7600000e+03   7.7003763e-02
   1.7700000e+03   7.6852189e-02
   1.7800000e+03   7.9413695e-02
   1.7900000e+03   7.8206659e-02
   1.8000000e+03   7.5643524e-02
   1.8100000e+03   7.5191127e-02
   1.8200000e+03   7.2477147e-02
   1.8300000e+03   7.2929832e-02
   1.8400000e+03   7.3231237e-02
   1.8500000e+03   7.4136066e-02
   1.8600000e+03   7.3231454e-02
   1.8700000e+03   7.8808849e-02
   1.8800000e+03   7.5944820e-02
   1.8900000e+03   7.4286117e-02
   1.9000000e+03   7.3683417e-02
   1.9100000e+03   7.3080715e-02
   1.9200000e+03   7.1875059e-02
   1.9300000e+03   7.2931277e-02
   1.9400000e+03   7.4138272e-02
   1.9500000e+03   7.1425618e-02
   1.9600000e+03   7.3084255e-02
   1.9700000e+03   7.3235391e-02
   1.9800000e+03   7.4592298e-02
   1.9900000e+03   7.3688007e-02
   2.0000000e+03   7.4290711e-02
   2.0100000e+03   7.5044697e-02
   2.0200000e+03   7.1576934e-02
   2.0300000e+03   7.1878196e-02
   2.0400000e+03   7.1275239e-02
   2.0500000e+03   7.3083929e-02
   2.0600000e+03   7.4591466e-02
   2.0700000e+03   7.6400299e-02
   2.0800000e+03   7.4742096e-02
   2.0900000e+03   7.7757531e-02
   2.1000000e+03   7.3235247e-02
   2.1100000e+03   7.2933587e-02
   2.1200000e+03   7.2933696e-02
   2.1300000e+03   7.5647473e-02
   2.1400000e+03   7.4592298e-02
   2.1500000e+03   7.4140116e-02
   2.1600000e+03   7.1125184e-02
   2.1700000e+03   7.4893885e-02
   2.1800000e+03   7.5496733e-02
   2.1900000e+03   7.4893849e-02
   2.2000000e+03   7.5044081e-02
   2.2100000e+03   7.6249596e-02
   2.2200000e+03   7.8962898e-02
   2.2300000e+03   7.5344582e-02
   2.2400000e+03   7.5796944e-02
   2.2500000e+03   7.7153522e-02
   2.2600000e+03   7.5043502e-02
   2.2700000e+03   7.4741988e-02
   2.2800000e+03   7.6099255e-02
   2.2900000e+03   7.5194748e-02
   2.3000000e+03   7.7606683e-02
   2.3100000e+03   7.8360705e-02
   2.3200000e+03   8.0018872e-02
   2.3300000e+03   7.9416061e-02
   2.3400000e+03   7.5647545e-02
   2.3500000e+03   7.9567237e-02
   2.3600000e+03   7.8059373e-02
   2.3700000e+03   7.6099364e-02
   2.3800000e+03   7.7455908e-02
   2.3900000e+03   7.9415297e-02
   2.4000000e+03   8.1375158e-02
   2.4100000e+03   7.7757676e-02
   2.4200000e+03   7.5948842e-02
   2.4300000e+03   7.8360705e-02
   2.4400000e+03   7.8812923e-02
   2.4500000e+03   7.8511226e-02
   2.4600000e+03   7.7154466e-02
   2.4700000e+03   8.0622083e-02
   2.4800000e+03   8.1978552e-02
   2.4900000e+03   8.3184427e-02
   2.5000000e+03   8.2732722e-02
   2.5100000e+03   8.2281271e-02
   2.5200000e+03   8.0473093e-02
   2.5300000e+03   8.4393048e-02
   2.5400000e+03   8.1981108e-02
   2.5500000e+03   8.2131993e-02
   2.5600000e+03   8.3639314e-02
   2.5700000e+03   8.5447453e-02
   2.5800000e+03   8.2280577e-02
   2.5900000e+03   8.0169756e-02
   2.6000000e+03   8.1526152e-02
   2.6100000e+03   8.1224200e-02
   2.6200000e+03   8.0922139e-02
   2.6300000e+03   8.0922321e-02
   2.6400000e+03   8.1072987e-02
   2.6500000e+03   8.0017269e-02
   2.6600000e+03   8.1977018e-02
   2.6700000e+03   7.9263320e-02
   2.6800000e+03   7.9413513e-02
   2.6900000e+03   8.0618985e-02
   2.7000000e+03   7.9110944e-02
   2.7100000e+03   7.9713716e-02
   2.7200000e+03   8.0919915e-02
   2.7300000e+03   7.9412458e-02
   2.7400000e+03   8.0015776e-02
   2.7500000e+03   8.0016395e-02
   2.7600000e+03   7.9564798e-02
   2.7700000e+03   7.9112836e-02
   2.7800000e+03   7.7304551e-02
   2.7900000e+03   7.5646567e-02
   2.8000000e+03   7.6400879e-02
   2.8100000e+03   7.8209712e-02
   2.8200000e+03   8.0622119e-02
   2.8300000e+03   8.0622666e-02
   2.8400000e+03   8.0020438e-02
   2.8500000e+03   8.1076342e-02
   2.8600000e+03   8.1377602e-02
   2.8700000e+03   7.9568620e-02
   2.8800000e+03   8.4694123e-02
   2.8900000e+03   8.1377055e-02
   2.9000000e+03   8.4241320e-02
   2.9100000e+03   8.4391583e-02
   2.9200000e+03   8.2280176e-02
   2.9300000e+03   8.0471271e-02
   2.9400000e+03   8.0621974e-02
   2.9500000e+03   8.0169101e-02
   2.9600000e+03   7.8963225e-02
   2.9700000e+03   7.9113309e-02
   2.9800000e+03   8.1222996e-02
   2.9900000e+03   7.8659856e-02
   3.0000000e+03   7.7605012e-02
   3.0100000e+03   7.8811104e-02
   3.0200000e+03   8.1071711e-02
   3.0300000e+03   7.8508972e-02
   3.0400000e+03   7.8358052e-02
   3.0500000e+03   8.0920571e-02
   3.0600000e+03   8.1674227e-02
   3.0700000e+03   8.1674592e-02
   3.0800000e+03   8.0769942e-02
   3.0900000e+03   8.1674482e-02
   3.1000000e+03   7.9112072e-02
   3.1100000e+03   8.1675395e-02
   3.1200000e+03   8.2429965e-02
   3.1300000e+03   8.3183622e-02
   3.1400000e+03   8.1977128e-02
   3.1500000e+03   8.1675395e-02
   3.1600000e+03   8.4388690e-02
   3.1700000e+03   8.0167352e-02
   3.1800000e+03   7.9865474e-02
   3.1900000e+03   8.0920680e-02
   3.2000000e+03   8.2427992e-02
   3.2100000e+03   7.9864491e-02
   3.2200000e+03   8.0768994e-02
   3.2300000e+03   7.9412276e-02
   3.2400000e+03   8.0467809e-02
   3.2500000e+03   8.1070580e-02
   3.2600000e+03   8.0015229e-02
   3.2700000e+03   7.5944493e-02
   3.2800000e+03   7.6396527e-02
   3.2900000e+03   7.7602579e-02
   3.3000000e+03   7.8506500e-02
   3.3100000e+03   8.0466242e-02
   3.3200000e+03   7.9411402e-02
   3.3300000e+03   8.0918967e-02
   3.3400000e+03   8.1672876e-02
   3.3500000e+03   8.4084687e-02
   3.3600000e+03   8.0767499e-02
   3.3700000e+03   7.9711896e-02
   3.3800000e+03   8.0766916e-02
   3.3900000e+03   7.8053014e-02
   3.4000000e+03   7.5038253e-02
   3.4100000e+03   7.6394787e-02
   3.4200000e+03   7.2022443e-02
   3.4300000e+03   7.3228167e-02
   3.4400000e+03   7.4132848e-02
   3.4500000e+03   7.4283549e-02
   3.4600000e+03   7.4132811e-02
   3.4700000e+03   7.3831372e-02
   3.4800000e+03   7.2474946e-02
   3.4900000e+03   7.2776061e-02
   3.5000000e+03   7.1720535e-02
   3.5100000e+03   7.1870948e-02
   3.5200000e+03   7.2172352e-02
   3.5300000e+03   7.3227589e-02
   3.5400000e+03   7.3679477e-02
   3.5500000e+03   7.4282320e-02
   3.5600000e+03   7.5487823e-02
   3.5700000e+03   7.3527619e-02
   3.5800000e+03   7.3678248e-02
   3.5900000e+03   7.5035103e-02
   3.6000000e+03   7.4130606e-02
   3.6100000e+03   7.3376665e-02
   3.6200000e+03   7.3828841e-02
   3.6300000e+03   7.3225458e-02
   3.6400000e+03   7.5034271e-02
   3.6500000e+03   7.5034053e-02
   3.6600000e+03   7.4430996e-02
   3.6700000e+03   7.7144702e-02
