   0.0000000e+00  -2.9067163e-03
   1.0000000e+01  -8.6693829e-03
   2.0000000e+01   6.9661105e-02
   3.0000000e+01   4.8482254e-02
   4.0000000e+01  -6.1355485e-02
   5.0000000e+01  -1.6650800e-01
   6.0000000e+01  -8.7433108e-02
   7.0000000e+01   3.9054512e-02
   8.0000000e+01   7.3625298e-02
   9.0000000e+01   5.1887784e-02
   1.0000000e+02  -1.4902487e-01
   1.1000000e+02  -2.6528497e-01
   1.2000000e+02  -2.4310303e-01
   1.3000000e+02  -2.8672258e-01
   1.4000000e+02  -5.3288110e-01
   1.5000000e+02  -1.0064626e+00
   1.6000000e+02  -1.5235968e+00
   1.7000000e+02  -1.9219109e+00
   1.8000000e+02  -2.1869760e+00
   1.9000000e+02  -2.3558420e+00
   2.0000000e+02  -2.4338033e+00
   2.1000000e+02  -2.4676723e+00
   2.2000000e+02  -2.4612284e+00
   2.3000000e+02  -2.4124593e+00
   2.4000000e+02  -2.3292198e+00
   2.5000000e+02  -2.3015989e+00
   2.6000000e+02  -2.2461217e+00
   2.7000000e+02  -2.2536113e+00
   2.8000000e+02  -2.3216365e+00
   2.9000000e+02  -2.3992911e+00
   3.0000000e+02  -2.5219833e+00
   3.1000000e+02  -2.6497923e+00
   3.2000000e+02  -2.8000717e+00
   3.3000000e+02  -2.9208613e+00
   3.4000000e+02  -3.0039438e+00
   3.5000000e+02  -3.0964835e+00
   3.6000000e+02  -3.1640074e+00
   3.7000000e+02  -3.2071407e+00
   3.8000000e+02  -3.2446306e+00
   3.9000000e+02  -3.2848961e+00
   4.0000000e+02  -3.3074281e+00
   4.1000000e+02  -3.3467666e+00
   4.2000000e+02  -3.3465149e+00
   4.3000000e+02  -3.3734664e+00
   4.4000000e+02  -3.3914131e+00
   4.5000000e+02  -3.3944609e+00
   4.6000000e+02  -3.4196773e+00
   4.7000000e+02  -3.4224254e+00
   4.8000000e+02  -3.4523728e+00
   4.9000000e+02  -3.4771630e+00
   5.0000000e+02  -3.4739020e+00
   5.1000000e+02  -3.4796734e+00
   5.2000000e+02  -3.4988573e+00
   5.3000000e+02  -3.5026995e+00
   5.4000000e+02  -3.5333599e+00
   5.5000000e+02  -3.5566729e+00
   5.6000000e+02  -3.5559498e+00
   5.7000000e+02  -3.5642773e+00
   5.8000000e+02  -3.5734492e+00
   5.9000000e+02  -3.5829880e+00
   6.0000000e+02  -3.5885067e+00
   6.1000000e+02  -3.5940572e+00
   6.2000000e+02  -3.5927716e+00
   6.3000000e+02  -3.6064334e+00
   6.4000000e+02  -3.5915356e+00
   6.5000000e+02  -3.6192173e+00
   6.6000000e+02  -3.6123260e+00
   6.7000000e+02  -3.6027959e+00
   6.8000000e+02  -3.6191299e+00
   6.9000000e+02  -3.6195022e+00
   7.0000000e+02  -3.6299383e+00
   7.1000000e+02  -3.6289539e+00
   7.2000000e+02  -3.6531338e+00
   7.3000000e+02  -3.6604349e+00
   7.4000000e+02  -3.6682364e+00
   7.5000000e+02  -3.6670574e+00
   7.6000000e+02  -3.6698100e+00
   7.7000000e+02  -3.6795996e+00
   7.8000000e+02  -3.6669978e+00
   7.9000000e+02  -3.6795127e+00
   8.0000000e+02  -3.6858296e+00
   8.1000000e+02  -3.6918540e+00
   8.2000000e+02  -3.6886531e+00
   8.3000000e+02  -3.6980507e+00
   8.4000000e+02  -3.6834199e+00
   8.5000000e+02  -3.6931297e+00
   8.6000000e+02  -3.6845606e+00
   8.7000000e+02  -3.6845924e+00
   8.8000000e+02  -3.7008530e+00
   8.9000000e+02  -3.7095339e+00
   9.0000000e+02  -3.7148843e+00
   9.1000000e+02  -3.7135152e+00
   9.2000000e+02  -3.7052578e+00
   9.3000000e+02  -3.7190076e+00
   9.4000000e+02  -3.7337947e+00
   9.5000000e+02  -3.7317018e+00
   9.6000000e+02  -3.7429280e+00
   9.7000000e+02  -3.7442227e+00
   9.8000000e+02  -3.7445936e+00
   9.9000000e+02  -3.7603922e+00
   1.0000000e+03  -3.7650443e+00
   1.0100000e+03  -3.7590711e+00
   1.0200000e+03  -3.7509857e+00
   1.0300000e+03  -3.7530518e+00
   1.0400000e+03  -3.7769520e+00
   1.0500000e+03  -3.7713014e+00
   1.0600000e+03  -3.7802156e+00
   1.0700000e+03  -3.7780024e+00
   1.0800000e+03  -3.7783464e+00
   1.0900000e+03  -3.7741112e+00
   1.1000000e+03  -3.7891406e+00
   1.1100000e+03  -3.7859767e+00
   1.1200000e+03  -3.7840276e+00
   1.1300000e+03  -3.7864646e+00
   1.1400000e+03  -3.7933176e+00
   1.1500000e+03  -3.7936865e+00
   1.1600000e+03  -3.7975459e+00
   1.1700000e+03  -3.7883074e+00
   1.1800000e+03  -3.7899726e+00
   1.1900000e+03  -3.8026749e+00
   1.2000000e+03  -3.7874060e+00
   1.2100000e+03  -3.8027245e+00
   1.2200000e+03  -3.7859926e+00
   1.2300000e+03  -3.7890890e+00
   1.2400000e+03  -3.7945957e+00
   1.2500000e+03  -3.8139312e+00
   1.2600000e+03  -3.8071188e+00
   1.2700000e+03  -3.8150840e+00
   1.2800000e+03  -3.8328965e+00
   1.2900000e+03  -3.8340548e+00
   1.3000000e+03  -3.8342767e+00
   1.3100000e+03  -3.8267532e+00
   1.3200000e+03  -3.8351498e+00
   1.3300000e+03  -3.8247618e+00
   1.3400000e+03  -3.8457598e+00
   1.3500000e+03  -3.8486244e+00
   1.3600000e+03  -3.8443304e+00
   1.3700000e+03  -3.8320250e+00
   1.3800000e+03  -3.8425674e+00
   1.3900000e+03  -3.8543338e+00
   1.4000000e+03  -3.8639382e+00
   1.4100000e+03  -3.8629645e+00
   1.4200000e+03  -3.8687752e+00
   1.4300000e+03  -3.8622235e+00
   1.4400000e+03  -3.8419222e+00
   1.4500000e+03  -3.8569256e+00
   1.4600000e+03  -3.8656059e+00
   1.4700000e+03  -3.8736603e+00
   1.4800000e+03  -3.8827647e+00
   1.4900000e+03  -3.8939126e+00
   1.5000000e+03  -3.8842531e+00
   1.5100000e+03  -3.8866707e+00
   1.5200000e+03  -3.8770591e+00
   1.5300000e+03  -3.8816228e+00
   1.5400000e+03  -3.8822276e+00
   1.5500000e+03  -3.8695972e+00
   1.5600000e+03  -3.8693577e+00
   1.5700000e+03  -3.8744819e+00
   1.5800000e+03  -3.8762059e+00
   1.5900000e+03  -3.8965911e+00
   1.6000000e+03  -3.8897747e+00
   1.6100000e+03  -3.8913196e+00
   1.6200000e+03  -3.9033489e+00
   1.6300000e+03  -3.8981430e+00
   1.6400000e+03  -3.9030491e+00
   1.6500000e+03  -3.9114246e+00
   1.6600000e+03  -3.8931426e+00
   1.6700000e+03  -3.8856096e+00
   1.6800000e+03  -3.8824753e+00
   1.6900000e+03  -3.8961647e+00
   1.7000000e+03  -3.8896960e+00
   1.7100000e+03  -3.8929826e+00
   1.7200000e+03  -3.8778227e+00
   1.7300000e+03  -3.8981883e+00
   1.7400000e+03  -3.8958611e+00
   1.7500000e+03  -3.9032044e+00
   1.7600000e+03  -3.9219775e+00
   1.7700000e+03  -3.9142827e+00
   1.7800000e+03  -3.9319811e+00
   1.7900000e+03  -3.9381375e+00
   1.8000000e+03  -3.9350402e+00
   1.8100000e+03  -3.9356731e+00
   1.8200000e+03  -3.9399069e+00
   1.8300000e+03  -3.9339948e+00
   1.8400000e+03  -3.9414393e+00
   1.8500000e+03  -3.9478797e+00
   1.8600000e+03  -3.9308705e+00
   1.8700000e+03  -3.9317466e+00
   1.8800000e+03  -3.9267764e+00
   1.8900000e+03  -3.9437054e+00
   1.9000000e+03  -3.9378750e+00
   1.9100000e+03  -3.9471930e+00
   1.9200000e+03  -3.9471148e+00
   1.9300000e+03  -3.9426165e+00
   1.9400000e+03  -3.9326249e+00
   1.9500000e+03  -3.9307324e+00
   1.9600000e+03  -3.9356902e+00
   1.9700000e+03  -3.9492118e+00
   1.9800000e+03  -3.9574440e+00
   1.9900000e+03  -3.9605584e+00
   2.0000000e+03  -3.9617357e+00
   2.0100000e+03  -3.9641705e+00
   2.0200000e+03  -3.9677905e+00
   2.0300000e+03  -3.9773564e+00
   2.0400000e+03  -3.9589831e+00
   2.0500000e+03  -3.9697941e+00
   2.0600000e+03  -3.9494369e+00
   2.0700000e+03  -3.9456285e+00
   2.0800000e+03  -3.9531065e+00
   2.0900000e+03  -3.9549829e+00
   2.1000000e+03  -3.9495414e+00
   2.1100000e+03  -3.9521260e+00
   2.1200000e+03  -3.9548113e+00
   2.1300000e+03  -3.9430724e+00
   2.1400000e+03  -3.9338290e+00
   2.1500000e+03  -3.9508215e+00
   2.1600000e+03  -3.9501019e+00
   2.1700000e+03  -3.9384127e+00
   2.1800000e+03  -3.9395556e+00
   2.1900000e+03  -3.9350749e+00
   2.2000000e+03  -3.9281012e+00
   2.2100000e+03  -3.9256578e+00
   2.2200000e+03  -3.9354711e+00
   2.2300000e+03  -3.9437411e+00
   2.2400000e+03  -3.9412742e+00
   2.2500000e+03  -3.9474295e+00
   2.2600000e+03  -3.9375269e+00
   2.2700000e+03  -3.9456953e+00
   2.2800000e+03  -3.9395513e+00
   2.2900000e+03  -3.9524949e+00
   2.3000000e+03  -3.9478956e+00
   2.3100000e+03  -3.9439242e+00
   2.3200000e+03  -3.9451252e+00
   2.3300000e+03  -3.9260485e+00
   2.3400000e+03  -3.9474299e+00
   2.3500000e+03  -3.9364007e+00
   2.3600000e+03  -3.9394252e+00
   2.3700000e+03  -3.9545414e+00
   2.3800000e+03  -3.9575303e+00
   2.3900000e+03  -3.9569893e+00
   2.4000000e+03  -3.9680578e+00
   2.4100000e+03  -3.9691026e+00
   2.4200000e+03  -3.9627506e+00
   2.4300000e+03  -3.9702077e+00
   2.4400000e+03  -3.9629883e+00
   2.4500000e+03  -3.9495606e+00
   2.4600000e+03  -3.9462064e+00
   2.4700000e+03  -3.9664187e+00
   2.4800000e+03  -3.9616400e+00
   2.4900000e+03  -3.9747715e+00
   2.5000000e+03  -3.9665889e+00
   2.5100000e+03  -3.9548977e+00
   2.5200000e+03  -3.9427046e+00
   2.5300000e+03  -3.9480026e+00
   2.5400000e+03  -3.9758139e+00
   2.5500000e+03  -3.9497868e+00
   2.5600000e+03  -3.9527967e+00
   2.5700000e+03  -3.9472409e+00
   2.5800000e+03  -3.9676177e+00
   2.5900000e+03  -3.9731623e+00
   2.6000000e+03  -3.9672449e+00
   2.6100000e+03  -3.9695879e+00
   2.6200000e+03  -3.9863007e+00
   2.6300000e+03  -3.9801349e+00
   2.6400000e+03  -3.9904110e+00
   2.6500000e+03  -3.9907377e+00
   2.6600000e+03  -3.9886840e+00
   2.6700000e+03  -3.9831269e+00
   2.6800000e+03  -3.9819456e+00
   2.6900000e+03  -3.9834446e+00
   2.7000000e+03  -3.9863626e+00
   2.7100000e+03  -3.9951291e+00
   2.7200000e+03  -3.9839682e+00
   2.7300000e+03  -3.9790442e+00
   2.7400000e+03  -3.9899692e+00
   2.7500000e+03  -3.9922557e+00
   2.7600000e+03  -3.9930521e+00
   2.7700000e+03  -3.9953192e+00
   2.7800000e+03  -3.9863508e+00
   2.7900000e+03  -3.9774232e+00
   2.8000000e+03  -3.9716336e+00
   2.8100000e+03  -3.9692619e+00
   2.8200000e+03  -3.9671563e+00
   2.8300000e+03  -3.9723092e+00
   2.8400000e+03  -3.9770327e+00
   2.8500000e+03  -3.9688606e+00
   2.8600000e+03  -3.9614334e+00
   2.8700000e+03  -3.9846596e+00
   2.8800000e+03  -3.9763687e+00
   2.8900000e+03  -3.9588700e+00
   2.9000000e+03  -3.9666251e+00
   2.9100000e+03  -3.9846612e+00
   2.9200000e+03  -3.9903161e+00
   2.9300000e+03  -3.9713485e+00
   2.9400000e+03  -3.9919869e+00
   2.9500000e+03  -4.0044889e+00
   2.9600000e+03  -3.9869050e+00
   2.9700000e+03  -3.9865345e+00
   2.9800000e+03  -3.9890871e+00
   2.9900000e+03  -3.9815430e+00
   3.0000000e+03  -3.9863979e+00
   3.0100000e+03  -3.9802496e+00
   3.0200000e+03  -4.0133992e+00
   3.0300000e+03  -3.9919497e+00
   3.0400000e+03  -4.0014149e+00
   3.0500000e+03  -3.9930281e+00
   3.0600000e+03  -3.9992382e+00
   3.0700000e+03  -3.9972496e+00
   3.0800000e+03  -3.9981950e+00
   3.0900000e+03  -4.0134181e+00
   3.1000000e+03  -4.0165259e+00
   3.1100000e+03  -4.0079389e+00
   3.1200000e+03  -4.0052198e+00
   3.1300000e+03  -3.9941527e+00
   3.1400000e+03  -3.9930847e+00
   3.1500000e+03  -3.9850013e+00
   3.1600000e+03  -3.9727492e+00
   3.1700000e+03  -3.9825455e+00
   3.1800000e+03  -3.9840261e+00
   3.1900000e+03  -3.9822837e+00
   3.2000000e+03  -3.9800303e+00
   3.2100000e+03  -3.9982326e+00
   3.2200000e+03  -3.9997771e+00
   3.2300000e+03  -3.9952088e+00
   3.2400000e+03  -3.9814483e+00
   3.2500000e+03  -3.9823790e+00
   3.2600000e+03  -3.9929329e+00
   3.2700000e+03  -3.9977271e+00
   3.2800000e+03  -4.0039031e+00
   3.2900000e+03  -3.9999291e+00
   3.3000000e+03  -4.0141977e+00
   3.3100000e+03  -4.0144617e+00
   3.3200000e+03  -4.0147821e+00
   3.3300000e+03  -4.0087865e+00
   3.3400000e+03  -4.0326786e+00
   3.3500000e+03  -4.0364937e+00
   3.3600000e+03  -4.0399174e+00
   3.3700000e+03  -4.0365648e+00
   3.3800000e+03  -4.0321834e+00
   3.3900000e+03  -4.0224968e+00
   3.4000000e+03  -4.0386788e+00
   3.4100000e+03  -4.0550098e+00
   3.4200000e+03  -4.0469181e+00
   3.4300000e+03  -4.0574101e+00
   3.4400000e+03  -4.0386321e+00
   3.4500000e+03  -4.0321186e+00
   3.4600000e+03  -4.0577800e+00
   3.4700000e+03  -4.0407505e+00
   3.4800000e+03  -4.0506651e+00
   3.4900000e+03  -4.0545964e+00
   3.5000000e+03  -4.0448611e+00
   3.5100000e+03  -4.0571706e+00
   3.5200000e+03  -4.0659764e+00
   3.5300000e+03  -4.0782826e+00
   3.5400000e+03  -4.0784627e+00
   3.5500000e+03  -4.0548166e+00
   3.5600000e+03  -4.0593850e+00
   3.5700000e+03  -4.0584541e+00
   3.5800000e+03  -4.0622681e+00
   3.5900000e+03  -4.0579238e+00
   3.6000000e+03  -4.0781042e+00
   3.6100000e+03  -4.0736377e+00
   3.6200000e+03  -4.0512935e+00
   3.6300000e+03  -4.0524678e+00
   3.6400000e+03  -4.0478857e+00
   3.6500000e+03  -4.0489497e+00
   3.6600000e+03  -4.0340201e+00
   3.6700000e+03  -4.0413191e+00
