   0.0000000e+00   2.9919995e-03
   1.0000000e+01   4.7224863e-04
   2.0000000e+01   1.4376705e-03
   3.0000000e+01   1.0139193e-02
   4.0000000e+01  -7.9696227e-03
   5.0000000e+01  -1.4202783e-02
   6.0000000e+01  -3.3119977e-02
   7.0000000e+01  -4.7934927e-02
   8.0000000e+01  -6.1775750e-02
   9.0000000e+01  -6.0118859e-02
   1.0000000e+02  -4.5598997e-02
   1.1000000e+02  -5.6675843e-02
   1.2000000e+02  -5.6967554e-02
   1.3000000e+02  -5.7492747e-02
   1.4000000e+02  -5.2007334e-02
   1.5000000e+02  -3.8380550e-02
   1.6000000e+02  -3.7261268e-02
   1.7000000e+02  -5.8831321e-02
   1.8000000e+02  -6.2857738e-02
   1.9000000e+02  -5.8376677e-02
   2.0000000e+02  -6.5768374e-02
   2.1000000e+02  -4.9766513e-02
   2.2000000e+02  -5.9550827e-02
   2.3000000e+02  -5.8827608e-02
   2.4000000e+02  -5.7980377e-02
   2.5000000e+02  -5.8439894e-02
   2.6000000e+02  -7.6032997e-02
   2.7000000e+02  -8.9069300e-02
   2.8000000e+02  -1.0276554e-01
   2.9000000e+02  -9.1552205e-02
   3.0000000e+02  -9.9570235e-02
   3.1000000e+02  -1.0411143e-01
   3.2000000e+02  -1.1832068e-01
   3.3000000e+02  -1.2718241e-01
   3.4000000e+02  -1.2065319e-01
   3.5000000e+02  -1.4278196e-01
   3.6000000e+02  -1.5014245e-01
   3.7000000e+02  -1.5309230e-01
   3.8000000e+02  -1.7033519e-01
   3.9000000e+02  -1.8687092e-01
   4.0000000e+02  -1.8409425e-01
   4.1000000e+02  -1.9645991e-01
   4.2000000e+02  -1.8671002e-01
   4.3000000e+02  -2.0502169e-01
   4.4000000e+02  -2.1157070e-01
   4.5000000e+02  -2.0835537e-01
   4.6000000e+02  -2.3512995e-01
   4.7000000e+02  -2.3115216e-01
   4.8000000e+02  -2.5036606e-01
   4.9000000e+02  -2.7717868e-01
   5.0000000e+02  -2.7786485e-01
   5.1000000e+02  -2.7064661e-01
   5.2000000e+02  -2.8955021e-01
   5.3000000e+02  -3.0821146e-01
   5.4000000e+02  -3.1794097e-01
   5.5000000e+02  -3.4768269e-01
   5.6000000e+02  -3.5530298e-01
   5.7000000e+02  -3.5828011e-01
   5.8000000e+02  -3.7136800e-01
   5.9000000e+02  -3.8088271e-01
   6.0000000e+02  -3.8685090e-01
   6.1000000e+02  -3.9470457e-01
   6.2000000e+02  -3.9828830e-01
   6.3000000e+02  -4.2952682e-01
   6.4000000e+02  -4.1814211e-01
   6.5000000e+02  -4.3810766e-01
   6.6000000e+02  -4.3841713e-01
   6.7000000e+02  -4.4883948e-01
   6.8000000e+02  -4.6629162e-01
   6.9000000e+02  -4.8450657e-01
   7.0000000e+02  -4.9097737e-01
   7.1000000e+02  -5.0019194e-01
   7.2000000e+02  -5.2153147e-01
   7.3000000e+02  -5.4318286e-01
   7.4000000e+02  -5.6626085e-01
   7.5000000e+02  -5.7342789e-01
   7.6000000e+02  -5.7385624e-01
   7.7000000e+02  -5.8246333e-01
   7.8000000e+02  -5.7638123e-01
   7.9000000e+02  -6.0902884e-01
   8.0000000e+02  -6.1254935e-01
   8.1000000e+02  -6.3802750e-01
   8.2000000e+02  -6.4340962e-01
   8.3000000e+02  -6.4652707e-01
   8.4000000e+02  -6.5719386e-01
   8.5000000e+02  -6.6549001e-01
   8.6000000e+02  -6.6829796e-01
   8.7000000e+02  -6.8316320e-01
   8.8000000e+02  -6.9150519e-01
   8.9000000e+02  -7.1268176e-01
   9.0000000e+02  -7.1894680e-01
   9.1000000e+02  -7.2499791e-01
   9.2000000e+02  -7.3089850e-01
   9.3000000e+02  -7.3279535e-01
   9.4000000e+02  -7.5844199e-01
   9.5000000e+02  -7.6956595e-01
   9.6000000e+02  -7.8679292e-01
   9.7000000e+02  -7.8854823e-01
   9.8000000e+02  -7.9633567e-01
   9.9000000e+02  -8.1951555e-01
   1.0000000e+03  -8.2624324e-01
   1.0100000e+03  -8.2306536e-01
   1.0200000e+03  -8.3446976e-01
   1.0300000e+03  -8.3583581e-01
   1.0400000e+03  -8.7057672e-01
   1.0500000e+03  -8.6795251e-01
   1.0600000e+03  -8.7731012e-01
   1.0700000e+03  -8.7510192e-01
   1.0800000e+03  -8.8912215e-01
   1.0900000e+03  -9.0089172e-01
   1.1000000e+03  -9.1913299e-01
   1.1100000e+03  -9.2687169e-01
   1.1200000e+03  -9.2284055e-01
   1.1300000e+03  -9.3292226e-01
   1.1400000e+03  -9.4833760e-01
   1.1500000e+03  -9.5890604e-01
   1.1600000e+03  -9.7063911e-01
   1.1700000e+03  -9.6976673e-01
   1.1800000e+03  -9.7050096e-01
   1.1900000e+03  -9.9059408e-01
   1.2000000e+03  -1.0006284e+00
   1.2100000e+03  -1.0191595e+00
   1.2200000e+03  -1.0003772e+00
   1.2300000e+03  -1.0081037e+00
   1.2400000e+03  -1.0177715e+00
   1.2500000e+03  -1.0481939e+00
   1.2600000e+03  -1.0509017e+00
   1.2700000e+03  -1.0753111e+00
   1.2800000e+03  -1.0705963e+00
   1.2900000e+03  -1.0905320e+00
   1.3000000e+03  -1.0963179e+00
   1.3100000e+03  -1.0971571e+00
   1.3200000e+03  -1.1120279e+00
   1.3300000e+03  -1.1137182e+00
   1.3400000e+03  -1.1274846e+00
   1.3500000e+03  -1.1296476e+00
   1.3600000e+03  -1.1432159e+00
   1.3700000e+03  -1.1527312e+00
   1.3800000e+03  -1.1498037e+00
   1.3900000e+03  -1.1691972e+00
   1.4000000e+03  -1.1838827e+00
   1.4100000e+03  -1.1891716e+00
   1.4200000e+03  -1.2058684e+00
   1.4300000e+03  -1.2046632e+00
   1.4400000e+03  -1.2013302e+00
   1.4500000e+03  -1.2163030e+00
   1.4600000e+03  -1.2254294e+00
   1.4700000e+03  -1.2441339e+00
   1.4800000e+03  -1.2613358e+00
   1.4900000e+03  -1.2682872e+00
   1.5000000e+03  -1.2683864e+00
   1.5100000e+03  -1.2710310e+00
   1.5200000e+03  -1.2820767e+00
   1.5300000e+03  -1.2891821e+00
   1.5400000e+03  -1.2918727e+00
   1.5500000e+03  -1.2901663e+00
   1.5600000e+03  -1.2941013e+00
   1.5700000e+03  -1.2899397e+00
   1.5800000e+03  -1.3167048e+00
   1.5900000e+03  -1.3275419e+00
   1.6000000e+03  -1.3321020e+00
   1.6100000e+03  -1.3348033e+00
   1.6200000e+03  -1.3519108e+00
   1.6300000e+03  -1.3597017e+00
   1.6400000e+03  -1.3789763e+00
   1.6500000e+03  -1.3836250e+00
   1.6600000e+03  -1.3725677e+00
   1.6700000e+03  -1.3815145e+00
   1.6800000e+03  -1.3739801e+00
   1.6900000e+03  -1.3774391e+00
   1.7000000e+03  -1.3953332e+00
   1.7100000e+03  -1.4041795e+00
   1.7200000e+03  -1.4082971e+00
   1.7300000e+03  -1.4235219e+00
   1.7400000e+03  -1.4228226e+00
   1.7500000e+03  -1.4292243e+00
   1.7600000e+03  -1.4463382e+00
   1.7700000e+03  -1.4483987e+00
   1.7800000e+03  -1.4625847e+00
   1.7900000e+03  -1.4763830e+00
   1.8000000e+03  -1.4788578e+00
   1.8100000e+03  -1.4855196e+00
   1.8200000e+03  -1.4874262e+00
   1.8300000e+03  -1.4859318e+00
   1.8400000e+03  -1.5156276e+00
   1.8500000e+03  -1.5097637e+00
   1.8600000e+03  -1.5011357e+00
   1.8700000e+03  -1.4994589e+00
   1.8800000e+03  -1.5118928e+00
   1.8900000e+03  -1.5271668e+00
   1.9000000e+03  -1.5215793e+00
   1.9100000e+03  -1.5227622e+00
   1.9200000e+03  -1.5377600e+00
   1.9300000e+03  -1.5474182e+00
   1.9400000e+03  -1.5413878e+00
   1.9500000e+03  -1.5515596e+00
   1.9600000e+03  -1.5572041e+00
   1.9700000e+03  -1.5702373e+00
   1.9800000e+03  -1.5888921e+00
   1.9900000e+03  -1.5920009e+00
   2.0000000e+03  -1.5971191e+00
   2.0100000e+03  -1.6011731e+00
   2.0200000e+03  -1.6168480e+00
   2.0300000e+03  -1.6203659e+00
   2.0400000e+03  -1.6177984e+00
   2.0500000e+03  -1.6346209e+00
   2.0600000e+03  -1.6326243e+00
   2.0700000e+03  -1.6244155e+00
   2.0800000e+03  -1.6184270e+00
   2.0900000e+03  -1.6386244e+00
   2.1000000e+03  -1.6413109e+00
   2.1100000e+03  -1.6496899e+00
   2.1200000e+03  -1.6488911e+00
   2.1300000e+03  -1.6473790e+00
   2.1400000e+03  -1.6476620e+00
   2.1500000e+03  -1.6708878e+00
   2.1600000e+03  -1.6710972e+00
   2.1700000e+03  -1.6673151e+00
   2.1800000e+03  -1.6742551e+00
   2.1900000e+03  -1.6686223e+00
   2.2000000e+03  -1.6716350e+00
   2.2100000e+03  -1.6698917e+00
   2.2200000e+03  -1.6636827e+00
   2.2300000e+03  -1.6823767e+00
   2.2400000e+03  -1.6896565e+00
   2.2500000e+03  -1.6895382e+00
   2.2600000e+03  -1.6961221e+00
   2.2700000e+03  -1.7040447e+00
   2.2800000e+03  -1.7088137e+00
   2.2900000e+03  -1.7177917e+00
   2.3000000e+03  -1.7189995e+00
   2.3100000e+03  -1.7185144e+00
   2.3200000e+03  -1.7171617e+00
   2.3300000e+03  -1.7127314e+00
   2.3400000e+03  -1.7326848e+00
   2.3500000e+03  -1.7237621e+00
   2.3600000e+03  -1.7395400e+00
   2.3700000e+03  -1.7490634e+00
   2.3800000e+03  -1.7680538e+00
   2.3900000e+03  -1.7621781e+00
   2.4000000e+03  -1.7725322e+00
   2.4100000e+03  -1.7747351e+00
   2.4200000e+03  -1.7837045e+00
   2.4300000e+03  -1.7869735e+00
   2.4400000e+03  -1.7925252e+00
   2.4500000e+03  -1.7805117e+00
   2.4600000e+03  -1.7750751e+00
   2.4700000e+03  -1.7968780e+00
   2.4800000e+03  -1.8057943e+00
   2.4900000e+03  -1.8119446e+00
   2.5000000e+03  -1.8111990e+00
   2.5100000e+03  -1.8090384e+00
   2.5200000e+03  -1.8096245e+00
   2.5300000e+03  -1.8125940e+00
   2.5400000e+03  -1.8322404e+00
   2.5500000e+03  -1.8157672e+00
   2.5600000e+03  -1.8197002e+00
   2.5700000e+03  -1.8199531e+00
   2.5800000e+03  -1.8447049e+00
   2.5900000e+03  -1.8497766e+00
   2.6000000e+03  -1.8508285e+00
   2.6100000e+03  -1.8568797e+00
   2.6200000e+03  -1.8744937e+00
   2.6300000e+03  -1.8669458e+00
   2.6400000e+03  -1.8760453e+00
   2.6500000e+03  -1.8972517e+00
   2.6600000e+03  -1.8993774e+00
   2.6700000e+03  -1.8866370e+00
   2.6800000e+03  -1.8831376e+00
   2.6900000e+03  -1.8895062e+00
   2.7000000e+03  -1.8968276e+00
   2.7100000e+03  -1.8976921e+00
   2.7200000e+03  -1.8981491e+00
   2.7300000e+03  -1.8999610e+00
   2.7400000e+03  -1.9080846e+00
   2.7500000e+03  -1.9073514e+00
   2.7600000e+03  -1.9113947e+00
   2.7700000e+03  -1.9192264e+00
   2.7800000e+03  -1.9160723e+00
   2.7900000e+03  -1.9210792e+00
   2.8000000e+03  -1.9094984e+00
   2.8100000e+03  -1.9184988e+00
   2.8200000e+03  -1.9052601e+00
   2.8300000e+03  -1.9162051e+00
   2.8400000e+03  -1.9311297e+00
   2.8500000e+03  -1.9213462e+00
   2.8600000e+03  -1.9169467e+00
   2.8700000e+03  -1.9406008e+00
   2.8800000e+03  -1.9353389e+00
   2.8900000e+03  -1.9294678e+00
   2.9000000e+03  -1.9358188e+00
   2.9100000e+03  -1.9477948e+00
   2.9200000e+03  -1.9529769e+00
   2.9300000e+03  -1.9479594e+00
   2.9400000e+03  -1.9632297e+00
   2.9500000e+03  -1.9680560e+00
   2.9600000e+03  -1.9539793e+00
   2.9700000e+03  -1.9498972e+00
   2.9800000e+03  -1.9503578e+00
   2.9900000e+03  -1.9495537e+00
   3.0000000e+03  -1.9534731e+00
   3.0100000e+03  -1.9464062e+00
   3.0200000e+03  -1.9653516e+00
   3.0300000e+03  -1.9536799e+00
   3.0400000e+03  -1.9501377e+00
   3.0500000e+03  -1.9494204e+00
   3.0600000e+03  -1.9637414e+00
   3.0700000e+03  -1.9564195e+00
   3.0800000e+03  -1.9520271e+00
   3.0900000e+03  -1.9741871e+00
   3.1000000e+03  -1.9814665e+00
   3.1100000e+03  -1.9752129e+00
   3.1200000e+03  -1.9530087e+00
   3.1300000e+03  -1.9523994e+00
   3.1400000e+03  -1.9425165e+00
   3.1500000e+03  -1.9265574e+00
   3.1600000e+03  -1.9305650e+00
   3.1700000e+03  -1.9364019e+00
   3.1800000e+03  -1.9283678e+00
   3.1900000e+03  -1.9324283e+00
   3.2000000e+03  -1.9348187e+00
   3.2100000e+03  -1.9353598e+00
   3.2200000e+03  -1.9403820e+00
   3.2300000e+03  -1.9332687e+00
   3.2400000e+03  -1.9415707e+00
   3.2500000e+03  -1.9369317e+00
   3.2600000e+03  -1.9412049e+00
   3.2700000e+03  -1.9383352e+00
   3.2800000e+03  -1.9384693e+00
   3.2900000e+03  -1.9493503e+00
   3.3000000e+03  -1.9566362e+00
   3.3100000e+03  -1.9587559e+00
   3.3200000e+03  -1.9583798e+00
   3.3300000e+03  -1.9535536e+00
   3.3400000e+03  -1.9665037e+00
   3.3500000e+03  -1.9652084e+00
   3.3600000e+03  -1.9728031e+00
   3.3700000e+03  -1.9736320e+00
   3.3800000e+03  -1.9806264e+00
   3.3900000e+03  -1.9709548e+00
   3.4000000e+03  -1.9722624e+00
   3.4100000e+03  -1.9855517e+00
   3.4200000e+03  -1.9809529e+00
   3.4300000e+03  -1.9837719e+00
   3.4400000e+03  -1.9782484e+00
   3.4500000e+03  -1.9722091e+00
   3.4600000e+03  -1.9820530e+00
   3.4700000e+03  -1.9692266e+00
   3.4800000e+03  -1.9742532e+00
   3.4900000e+03  -1.9821226e+00
   3.5000000e+03  -1.9756509e+00
   3.5100000e+03  -1.9816765e+00
   3.5200000e+03  -1.9937168e+00
   3.5300000e+03  -1.9983470e+00
   3.5400000e+03  -2.0036313e+00
   3.5500000e+03  -1.9832706e+00
   3.5600000e+03  -1.9878318e+00
   3.5700000e+03  -1.9889906e+00
   3.5800000e+03  -1.9883902e+00
   3.5900000e+03  -1.9928695e+00
   3.6000000e+03  -2.0102341e+00
   3.6100000e+03  -2.0043825e+00
   3.6200000e+03  -1.9888018e+00
   3.6300000e+03  -1.9851019e+00
   3.6400000e+03  -1.9777427e+00
   3.6500000e+03  -1.9818213e+00
   3.6600000e+03  -1.9722514e+00
   3.6700000e+03  -1.9744346e+00
