   0.0000000e+00   4.4128745e-04
   1.0000000e+01  -1.3837952e-03
   2.0000000e+01  -7.6001813e-03
   3.0000000e+01  -1.3492968e-02
   4.0000000e+01  -8.9001520e-03
   5.0000000e+01  -1.6060898e-02
   6.0000000e+01  -3.0578820e-02
   7.0000000e+01  -4.1920555e-02
   8.0000000e+01  -5.1824588e-02
   9.0000000e+01  -5.3179383e-02
   1.0000000e+02  -3.8194216e-02
   1.1000000e+02  -4.3017076e-02
   1.2000000e+02  -4.4467241e-02
   1.3000000e+02  -4.1285570e-02
   1.4000000e+02  -5.1553933e-02
   1.5000000e+02  -4.6034159e-02
   1.6000000e+02  -3.8195909e-02
   1.7000000e+02  -6.0000673e-02
   1.8000000e+02  -5.4528515e-02
   1.9000000e+02  -6.1399459e-02
   2.0000000e+02  -7.1804156e-02
   2.1000000e+02  -7.2944847e-02
   2.2000000e+02  -8.0182118e-02
   2.3000000e+02  -9.1738434e-02
   2.4000000e+02  -9.8073551e-02
   2.5000000e+02  -1.2564165e-01
   2.6000000e+02  -1.4486012e-01
   2.7000000e+02  -1.7689899e-01
   2.8000000e+02  -2.0635466e-01
   2.9000000e+02  -2.1483453e-01
   3.0000000e+02  -2.2633028e-01
   3.1000000e+02  -2.4037314e-01
   3.2000000e+02  -2.7891727e-01
   3.3000000e+02  -2.7735359e-01
   3.4000000e+02  -2.8912925e-01
   3.5000000e+02  -3.2122886e-01
   3.6000000e+02  -3.4295935e-01
   3.7000000e+02  -3.5610677e-01
   3.8000000e+02  -3.7613595e-01
   3.9000000e+02  -4.0936299e-01
   4.0000000e+02  -4.1516033e-01
   4.1000000e+02  -4.5348722e-01
   4.2000000e+02  -4.6621489e-01
   4.3000000e+02  -4.9565831e-01
   4.4000000e+02  -5.0869944e-01
   4.5000000e+02  -5.1707155e-01
   4.6000000e+02  -5.4408850e-01
   4.7000000e+02  -5.6259194e-01
   4.8000000e+02  -5.9827080e-01
   4.9000000e+02  -6.1628668e-01
   5.0000000e+02  -6.3806658e-01
   5.1000000e+02  -6.5217065e-01
   5.2000000e+02  -6.9055457e-01
   5.3000000e+02  -7.0690650e-01
   5.4000000e+02  -7.2915854e-01
   5.5000000e+02  -7.7096926e-01
   5.6000000e+02  -7.8624351e-01
   5.7000000e+02  -7.9988620e-01
   5.8000000e+02  -8.1715365e-01
   5.9000000e+02  -8.3849676e-01
   6.0000000e+02  -8.5605996e-01
   6.1000000e+02  -8.7782831e-01
   6.2000000e+02  -8.9694763e-01
   6.3000000e+02  -9.0872780e-01
   6.4000000e+02  -9.1727606e-01
   6.5000000e+02  -9.4629496e-01
   6.6000000e+02  -9.5564705e-01
   6.7000000e+02  -9.7001691e-01
   6.8000000e+02  -1.0018546e+00
   6.9000000e+02  -1.0070954e+00
   7.0000000e+02  -1.0240041e+00
   7.1000000e+02  -1.0353108e+00
   7.2000000e+02  -1.0636190e+00
   7.3000000e+02  -1.0933990e+00
   7.4000000e+02  -1.1123166e+00
   7.5000000e+02  -1.1234299e+00
   7.6000000e+02  -1.1386996e+00
   7.7000000e+02  -1.1463843e+00
   7.8000000e+02  -1.1544441e+00
   7.9000000e+02  -1.1845608e+00
   8.0000000e+02  -1.1827497e+00
   8.1000000e+02  -1.2170557e+00
   8.2000000e+02  -1.2270793e+00
   8.3000000e+02  -1.2399389e+00
   8.4000000e+02  -1.2543230e+00
   8.5000000e+02  -1.2533477e+00
   8.6000000e+02  -1.2610276e+00
   8.7000000e+02  -1.2761340e+00
   8.8000000e+02  -1.2974688e+00
   8.9000000e+02  -1.3177311e+00
   9.0000000e+02  -1.3256235e+00
   9.1000000e+02  -1.3305188e+00
   9.2000000e+02  -1.3387424e+00
   9.3000000e+02  -1.3473665e+00
   9.4000000e+02  -1.3721018e+00
   9.5000000e+02  -1.3813773e+00
   9.6000000e+02  -1.4011666e+00
   9.7000000e+02  -1.4261175e+00
   9.8000000e+02  -1.4141946e+00
   9.9000000e+02  -1.4406366e+00
   1.0000000e+03  -1.4515437e+00
   1.0100000e+03  -1.4634407e+00
   1.0200000e+03  -1.4660383e+00
   1.0300000e+03  -1.4718124e+00
   1.0400000e+03  -1.5000811e+00
   1.0500000e+03  -1.5088212e+00
   1.0600000e+03  -1.5265357e+00
   1.0700000e+03  -1.5178311e+00
   1.0800000e+03  -1.5413712e+00
   1.0900000e+03  -1.5403903e+00
   1.1000000e+03  -1.5697782e+00
   1.1100000e+03  -1.5770581e+00
   1.1200000e+03  -1.5876387e+00
   1.1300000e+03  -1.5886801e+00
   1.1400000e+03  -1.6080494e+00
   1.1500000e+03  -1.6028502e+00
   1.1600000e+03  -1.6250302e+00
   1.1700000e+03  -1.6042068e+00
   1.1800000e+03  -1.6230361e+00
   1.1900000e+03  -1.6491742e+00
   1.2000000e+03  -1.6534155e+00
   1.2100000e+03  -1.6647671e+00
   1.2200000e+03  -1.6763633e+00
   1.2300000e+03  -1.6669275e+00
   1.2400000e+03  -1.7000334e+00
   1.2500000e+03  -1.7112205e+00
   1.2600000e+03  -1.7199621e+00
   1.2700000e+03  -1.7429960e+00
   1.2800000e+03  -1.7354940e+00
   1.2900000e+03  -1.7445387e+00
   1.3000000e+03  -1.7644810e+00
   1.3100000e+03  -1.7609125e+00
   1.3200000e+03  -1.7683690e+00
   1.3300000e+03  -1.7760927e+00
   1.3400000e+03  -1.7945086e+00
   1.3500000e+03  -1.7945849e+00
   1.3600000e+03  -1.8097864e+00
   1.3700000e+03  -1.8265008e+00
   1.3800000e+03  -1.8096501e+00
   1.3900000e+03  -1.8343930e+00
   1.4000000e+03  -1.8479283e+00
   1.4100000e+03  -1.8506684e+00
   1.4200000e+03  -1.8687684e+00
   1.4300000e+03  -1.8664023e+00
   1.4400000e+03  -1.8642273e+00
   1.4500000e+03  -1.8757296e+00
   1.4600000e+03  -1.8885746e+00
   1.4700000e+03  -1.9056673e+00
   1.4800000e+03  -1.9161515e+00
   1.4900000e+03  -1.9210191e+00
   1.5000000e+03  -1.9250631e+00
   1.5100000e+03  -1.9323503e+00
   1.5200000e+03  -1.9399227e+00
   1.5300000e+03  -1.9442482e+00
   1.5400000e+03  -1.9597031e+00
   1.5500000e+03  -1.9561391e+00
   1.5600000e+03  -1.9468503e+00
   1.5700000e+03  -1.9624097e+00
   1.5800000e+03  -1.9745736e+00
   1.5900000e+03  -1.9768321e+00
   1.6000000e+03  -1.9950861e+00
   1.6100000e+03  -1.9929162e+00
   1.6200000e+03  -2.0028413e+00
   1.6300000e+03  -2.0236324e+00
   1.6400000e+03  -2.0287642e+00
   1.6500000e+03  -2.0466434e+00
   1.6600000e+03  -2.0372031e+00
   1.6700000e+03  -2.0415147e+00
   1.6800000e+03  -2.0423294e+00
   1.6900000e+03  -2.0469511e+00
   1.7000000e+03  -2.0609121e+00
   1.7100000e+03  -2.0511991e+00
   1.7200000e+03  -2.0622813e+00
   1.7300000e+03  -2.0819254e+00
   1.7400000e+03  -2.0775125e+00
   1.7500000e+03  -2.0878635e+00
   1.7600000e+03  -2.1033643e+00
   1.7700000e+03  -2.0910377e+00
   1.7800000e+03  -2.1061612e+00
   1.7900000e+03  -2.1290193e+00
   1.8000000e+03  -2.1194278e+00
   1.8100000e+03  -2.1247014e+00
   1.8200000e+03  -2.1382131e+00
   1.8300000e+03  -2.1350932e+00
   1.8400000e+03  -2.1571496e+00
   1.8500000e+03  -2.1621897e+00
   1.8600000e+03  -2.1440408e+00
   1.8700000e+03  -2.1435234e+00
   1.8800000e+03  -2.1469141e+00
   1.8900000e+03  -2.1675358e+00
   1.9000000e+03  -2.1633371e+00
   1.9100000e+03  -2.1686984e+00
   1.9200000e+03  -2.1718695e+00
   1.9300000e+03  -2.1794451e+00
   1.9400000e+03  -2.1813018e+00
   1.9500000e+03  -2.1903196e+00
   1.9600000e+03  -2.1994491e+00
   1.9700000e+03  -2.2145795e+00
   1.9800000e+03  -2.2241946e+00
   1.9900000e+03  -2.2273054e+00
   2.0000000e+03  -2.2384614e+00
   2.0100000e+03  -2.2401970e+00
   2.0200000e+03  -2.2563461e+00
   2.0300000e+03  -2.2545280e+00
   2.0400000e+03  -2.2533514e+00
   2.0500000e+03  -2.2778440e+00
   2.0600000e+03  -2.2614558e+00
   2.0700000e+03  -2.2657752e+00
   2.0800000e+03  -2.2609434e+00
   2.0900000e+03  -2.2704770e+00
   2.1000000e+03  -2.2747900e+00
   2.1100000e+03  -2.2820137e+00
   2.1200000e+03  -2.2932840e+00
   2.1300000e+03  -2.2899140e+00
   2.1400000e+03  -2.2885724e+00
   2.1500000e+03  -2.2934766e+00
   2.1600000e+03  -2.2987925e+00
   2.1700000e+03  -2.2970969e+00
   2.1800000e+03  -2.3026487e+00
   2.1900000e+03  -2.2909776e+00
   2.2000000e+03  -2.2939921e+00
   2.2100000e+03  -2.2992109e+00
   2.2200000e+03  -2.3090135e+00
   2.2300000e+03  -2.3191314e+00
   2.2400000e+03  -2.3175955e+00
   2.2500000e+03  -2.3260653e+00
   2.2600000e+03  -2.3215120e+00
   2.2700000e+03  -2.3308322e+00
   2.2800000e+03  -2.3444245e+00
   2.2900000e+03  -2.3464448e+00
   2.3000000e+03  -2.3546169e+00
   2.3100000e+03  -2.3518103e+00
   2.3200000e+03  -2.3460465e+00
   2.3300000e+03  -2.3474164e+00
   2.3400000e+03  -2.3550801e+00
   2.3500000e+03  -2.3498656e+00
   2.3600000e+03  -2.3463876e+00
   2.3700000e+03  -2.3800574e+00
   2.3800000e+03  -2.3760794e+00
   2.3900000e+03  -2.3959659e+00
   2.4000000e+03  -2.3937917e+00
   2.4100000e+03  -2.3969245e+00
   2.4200000e+03  -2.4033461e+00
   2.4300000e+03  -2.4068492e+00
   2.4400000e+03  -2.3970840e+00
   2.4500000e+03  -2.3924911e+00
   2.4600000e+03  -2.3896046e+00
   2.4700000e+03  -2.4102602e+00
   2.4800000e+03  -2.4087362e+00
   2.4900000e+03  -2.4213899e+00
   2.5000000e+03  -2.4173941e+00
   2.5100000e+03  -2.4152322e+00
   2.5200000e+03  -2.4209254e+00
   2.5300000e+03  -2.4155401e+00
   2.5400000e+03  -2.4407696e+00
   2.5500000e+03  -2.4231257e+00
   2.5600000e+03  -2.4279896e+00
   2.5700000e+03  -2.4303318e+00
   2.5800000e+03  -2.4574202e+00
   2.5900000e+03  -2.4592450e+00
   2.6000000e+03  -2.4612261e+00
   2.6100000e+03  -2.4754059e+00
   2.6200000e+03  -2.4856022e+00
   2.6300000e+03  -2.4826925e+00
   2.6400000e+03  -2.4973691e+00
   2.6500000e+03  -2.5093028e+00
   2.6600000e+03  -2.5007510e+00
   2.6700000e+03  -2.5012351e+00
   2.6800000e+03  -2.4995907e+00
   2.6900000e+03  -2.5057311e+00
   2.7000000e+03  -2.5065570e+00
   2.7100000e+03  -2.5039398e+00
   2.7200000e+03  -2.5034685e+00
   2.7300000e+03  -2.5127101e+00
   2.7400000e+03  -2.5145708e+00
   2.7500000e+03  -2.5126764e+00
   2.7600000e+03  -2.5248473e+00
   2.7700000e+03  -2.5285051e+00
   2.7800000e+03  -2.5248848e+00
   2.7900000e+03  -2.5213052e+00
   2.8000000e+03  -2.5118068e+00
   2.8100000e+03  -2.5215090e+00
   2.8200000e+03  -2.5163875e+00
   2.8300000e+03  -2.5194461e+00
   2.8400000e+03  -2.5336833e+00
   2.8500000e+03  -2.5413052e+00
   2.8600000e+03  -2.5338849e+00
   2.8700000e+03  -2.5478032e+00
   2.8800000e+03  -2.5439310e+00
   2.8900000e+03  -2.5382884e+00
   2.9000000e+03  -2.5574118e+00
   2.9100000e+03  -2.5596446e+00
   2.9200000e+03  -2.5560080e+00
   2.9300000e+03  -2.5491302e+00
   2.9400000e+03  -2.5613917e+00
   2.9500000e+03  -2.5736499e+00
   2.9600000e+03  -2.5665294e+00
   2.9700000e+03  -2.5608197e+00
   2.9800000e+03  -2.5786923e+00
   2.9900000e+03  -2.5746375e+00
   3.0000000e+03  -2.5688087e+00
   3.0100000e+03  -2.5796136e+00
   3.0200000e+03  -2.5934633e+00
   3.0300000e+03  -2.5748196e+00
   3.0400000e+03  -2.5835796e+00
   3.0500000e+03  -2.5821654e+00
   3.0600000e+03  -2.5869767e+00
   3.0700000e+03  -2.5877759e+00
   3.0800000e+03  -2.5926671e+00
   3.0900000e+03  -2.6162342e+00
   3.1000000e+03  -2.6328048e+00
   3.1100000e+03  -2.6256185e+00
   3.1200000e+03  -2.6189551e+00
   3.1300000e+03  -2.5976829e+00
   3.1400000e+03  -2.6019556e+00
   3.1500000e+03  -2.5964333e+00
   3.1600000e+03  -2.5899963e+00
   3.1700000e+03  -2.5907295e+00
   3.1800000e+03  -2.5961554e+00
   3.1900000e+03  -2.5918608e+00
   3.2000000e+03  -2.5958779e+00
   3.2100000e+03  -2.6022233e+00
   3.2200000e+03  -2.6188571e+00
   3.2300000e+03  -2.6029169e+00
   3.2400000e+03  -2.6151711e+00
   3.2500000e+03  -2.6026355e+00
   3.2600000e+03  -2.6171267e+00
   3.2700000e+03  -2.6045043e+00
   3.2800000e+03  -2.6122998e+00
   3.2900000e+03  -2.6101868e+00
   3.3000000e+03  -2.6221207e+00
   3.3100000e+03  -2.6182055e+00
   3.3200000e+03  -2.6296696e+00
   3.3300000e+03  -2.6350556e+00
   3.3400000e+03  -2.6333876e+00
   3.3500000e+03  -2.6330202e+00
   3.3600000e+03  -2.6459597e+00
   3.3700000e+03  -2.6602552e+00
   3.3800000e+03  -2.6621464e+00
   3.3900000e+03  -2.6468963e+00
   3.4000000e+03  -2.6542412e+00
   3.4100000e+03  -2.6519837e+00
   3.4200000e+03  -2.6578297e+00
   3.4300000e+03  -2.6664549e+00
   3.4400000e+03  -2.6655711e+00
   3.4500000e+03  -2.6551165e+00
   3.4600000e+03  -2.6665922e+00
   3.4700000e+03  -2.6518999e+00
   3.4800000e+03  -2.6655203e+00
   3.4900000e+03  -2.6652689e+00
   3.5000000e+03  -2.6550780e+00
   3.5100000e+03  -2.6631972e+00
   3.5200000e+03  -2.6784960e+00
   3.5300000e+03  -2.6840580e+00
   3.5400000e+03  -2.6751830e+00
   3.5500000e+03  -2.6731507e+00
   3.5600000e+03  -2.6758575e+00
   3.5700000e+03  -2.6784101e+00
   3.5800000e+03  -2.6789702e+00
   3.5900000e+03  -2.6716115e+00
   3.6000000e+03  -2.6920059e+00
   3.6100000e+03  -2.6822034e+00
   3.6200000e+03  -2.6738099e+00
   3.6300000e+03  -2.6782336e+00
   3.6400000e+03  -2.6750486e+00
   3.6500000e+03  -2.6705395e+00
   3.6600000e+03  -2.6644458e+00
   3.6700000e+03  -2.6715061e+00
