   0.0000000e+00  -1.5214868e-03
   1.0000000e+01  -4.0410553e-03
   2.0000000e+01  -8.4031004e-03
   3.0000000e+01  -8.6029300e-04
   4.0000000e+01  -1.5956730e-02
   5.0000000e+01  -1.3619208e-02
   6.0000000e+01  -4.2958403e-02
   7.0000000e+01  -6.4258178e-02
   8.0000000e+01  -6.4199812e-02
   9.0000000e+01  -6.5091055e-02
   1.0000000e+02  -4.6634453e-02
   1.1000000e+02  -6.3964658e-02
   1.2000000e+02  -6.2634887e-02
   1.3000000e+02  -6.5244780e-02
   1.4000000e+02  -6.8793608e-02
   1.5000000e+02  -5.6789118e-02
   1.6000000e+02  -4.5941244e-02
   1.7000000e+02  -6.1487238e-02
   1.8000000e+02  -6.6439909e-02
   1.9000000e+02  -6.4275548e-02
   2.0000000e+02  -7.1435080e-02
   2.1000000e+02  -6.4699824e-02
   2.2000000e+02  -5.7342324e-02
   2.3000000e+02  -5.5924254e-02
   2.4000000e+02  -4.4190265e-02
   2.5000000e+02  -6.2254025e-02
   2.6000000e+02  -6.7800603e-02
   2.7000000e+02  -8.9638202e-02
   2.8000000e+02  -1.0263847e-01
   2.9000000e+02  -9.0267778e-02
   3.0000000e+02  -8.7861253e-02
   3.1000000e+02  -8.5452795e-02
   3.2000000e+02  -1.0637844e-01
   3.3000000e+02  -1.0620520e-01
   3.4000000e+02  -9.8286726e-02
   3.5000000e+02  -1.1693867e-01
   3.6000000e+02  -1.1480087e-01
   3.7000000e+02  -1.0755795e-01
   3.8000000e+02  -1.2572546e-01
   3.9000000e+02  -1.4202766e-01
   4.0000000e+02  -1.3253342e-01
   4.1000000e+02  -1.5323714e-01
   4.2000000e+02  -1.4742646e-01
   4.3000000e+02  -1.5484829e-01
   4.4000000e+02  -1.6278647e-01
   4.5000000e+02  -1.6489961e-01
   4.6000000e+02  -1.6734689e-01
   4.7000000e+02  -1.6545455e-01
   4.8000000e+02  -1.8373929e-01
   4.9000000e+02  -2.0985338e-01
   5.0000000e+02  -1.9779790e-01
   5.1000000e+02  -1.8988570e-01
   5.2000000e+02  -2.1063991e-01
   5.3000000e+02  -2.2350679e-01
   5.4000000e+02  -2.4875689e-01
   5.5000000e+02  -2.6366726e-01
   5.6000000e+02  -2.7082308e-01
   5.7000000e+02  -2.7565321e-01
   5.8000000e+02  -2.8016703e-01
   5.9000000e+02  -2.8388827e-01
   6.0000000e+02  -2.8892880e-01
   6.1000000e+02  -2.9654956e-01
   6.2000000e+02  -3.0731493e-01
   6.3000000e+02  -3.1120950e-01
   6.4000000e+02  -3.1882496e-01
   6.5000000e+02  -3.2720286e-01
   6.6000000e+02  -3.2426864e-01
   6.7000000e+02  -3.3237231e-01
   6.8000000e+02  -3.5190667e-01
   6.9000000e+02  -3.6594797e-01
   7.0000000e+02  -3.6106452e-01
   7.1000000e+02  -3.8556950e-01
   7.2000000e+02  -3.9277151e-01
   7.3000000e+02  -4.2090672e-01
   7.4000000e+02  -4.3656589e-01
   7.5000000e+02  -4.3793885e-01
   7.6000000e+02  -4.4276962e-01
   7.7000000e+02  -4.5207026e-01
   7.8000000e+02  -4.4181847e-01
   7.9000000e+02  -4.6125216e-01
   8.0000000e+02  -4.7450405e-01
   8.1000000e+02  -5.0136770e-01
   8.2000000e+02  -5.0419985e-01
   8.3000000e+02  -5.0291397e-01
   8.4000000e+02  -5.2168908e-01
   8.5000000e+02  -5.1862906e-01
   8.6000000e+02  -5.2468062e-01
   8.7000000e+02  -5.3166418e-01
   8.8000000e+02  -5.3745547e-01
   8.9000000e+02  -5.5213923e-01
   9.0000000e+02  -5.6605019e-01
   9.1000000e+02  -5.6537975e-01
   9.2000000e+02  -5.7591384e-01
   9.3000000e+02  -5.8661635e-01
   9.4000000e+02  -5.9418208e-01
   9.5000000e+02  -6.1156075e-01
   9.6000000e+02  -6.3040642e-01
   9.7000000e+02  -6.2729467e-01
   9.8000000e+02  -6.2928680e-01
   9.9000000e+02  -6.6150008e-01
   1.0000000e+03  -6.5965150e-01
   1.0100000e+03  -6.6713496e-01
   1.0200000e+03  -6.5883788e-01
   1.0300000e+03  -6.7503592e-01
   1.0400000e+03  -6.9400986e-01
   1.0500000e+03  -6.9254502e-01
   1.0600000e+03  -7.0352291e-01
   1.0700000e+03  -7.0316928e-01
   1.0800000e+03  -7.1904059e-01
   1.0900000e+03  -7.2964879e-01
   1.1000000e+03  -7.3815183e-01
   1.1100000e+03  -7.3916749e-01
   1.1200000e+03  -7.5136111e-01
   1.1300000e+03  -7.6769851e-01
   1.1400000e+03  -7.7244893e-01
   1.1500000e+03  -7.7142627e-01
   1.1600000e+03  -7.8269310e-01
   1.1700000e+03  -7.6930506e-01
   1.1800000e+03  -7.9321675e-01
   1.1900000e+03  -7.9847146e-01
   1.2000000e+03  -8.0294068e-01
   1.2100000e+03  -8.2077204e-01
   1.2200000e+03  -8.0848407e-01
   1.2300000e+03  -8.1203664e-01
   1.2400000e+03  -8.3398688e-01
   1.2500000e+03  -8.5443530e-01
   1.2600000e+03  -8.4949342e-01
   1.2700000e+03  -8.6601596e-01
   1.2800000e+03  -8.7544173e-01
   1.2900000e+03  -8.8841882e-01
   1.3000000e+03  -9.0023009e-01
   1.3100000e+03  -8.9596950e-01
   1.3200000e+03  -9.0226018e-01
   1.3300000e+03  -9.0858611e-01
   1.3400000e+03  -9.2443535e-01
   1.3500000e+03  -9.2984306e-01
   1.3600000e+03  -9.3181785e-01
   1.3700000e+03  -9.4596694e-01
   1.3800000e+03  -9.4721267e-01
   1.3900000e+03  -9.6683332e-01
   1.4000000e+03  -9.7873359e-01
   1.4100000e+03  -9.8147122e-01
   1.4200000e+03  -9.9352754e-01
   1.4300000e+03  -9.8281823e-01
   1.4400000e+03  -9.9339507e-01
   1.4500000e+03  -1.0023369e+00
   1.4600000e+03  -1.0114610e+00
   1.4700000e+03  -1.0322472e+00
   1.4800000e+03  -1.0436492e+00
   1.4900000e+03  -1.0552354e+00
   1.5000000e+03  -1.0555665e+00
   1.5100000e+03  -1.0579786e+00
   1.5200000e+03  -1.0704125e+00
   1.5300000e+03  -1.0682429e+00
   1.5400000e+03  -1.0697736e+00
   1.5500000e+03  -1.0615764e+00
   1.5600000e+03  -1.0738564e+00
   1.5700000e+03  -1.0724778e+00
   1.5800000e+03  -1.0929765e+00
   1.5900000e+03  -1.0977831e+00
   1.6000000e+03  -1.1188026e+00
   1.6100000e+03  -1.0999422e+00
   1.6200000e+03  -1.1284054e+00
   1.6300000e+03  -1.1357306e+00
   1.6400000e+03  -1.1417850e+00
   1.6500000e+03  -1.1547790e+00
   1.6600000e+03  -1.1404786e+00
   1.6700000e+03  -1.1501187e+00
   1.6800000e+03  -1.1349354e+00
   1.6900000e+03  -1.1632011e+00
   1.7000000e+03  -1.1669479e+00
   1.7100000e+03  -1.1769510e+00
   1.7200000e+03  -1.1671566e+00
   1.7300000e+03  -1.1842321e+00
   1.7400000e+03  -1.1930389e+00
   1.7500000e+03  -1.2091769e+00
   1.7600000e+03  -1.2093608e+00
   1.7700000e+03  -1.2123482e+00
   1.7800000e+03  -1.2355731e+00
   1.7900000e+03  -1.2468173e+00
   1.8000000e+03  -1.2462771e+00
   1.8100000e+03  -1.2515460e+00
   1.8200000e+03  -1.2532202e+00
   1.8300000e+03  -1.2554361e+00
   1.8400000e+03  -1.2749218e+00
   1.8500000e+03  -1.2743925e+00
   1.8600000e+03  -1.2659987e+00
   1.8700000e+03  -1.2684960e+00
   1.8800000e+03  -1.2697968e+00
   1.8900000e+03  -1.2931823e+00
   1.9000000e+03  -1.2841181e+00
   1.9100000e+03  -1.2952713e+00
   1.9200000e+03  -1.2947296e+00
   1.9300000e+03  -1.3039214e+00
   1.9400000e+03  -1.3034577e+00
   1.9500000e+03  -1.3036560e+00
   1.9600000e+03  -1.3188060e+00
   1.9700000e+03  -1.3387922e+00
   1.9800000e+03  -1.3535000e+00
   1.9900000e+03  -1.3505790e+00
   2.0000000e+03  -1.3582466e+00
   2.0100000e+03  -1.3690243e+00
   2.0200000e+03  -1.3765789e+00
   2.0300000e+03  -1.3856613e+00
   2.0400000e+03  -1.3756739e+00
   2.0500000e+03  -1.3936513e+00
   2.0600000e+03  -1.3856261e+00
   2.0700000e+03  -1.3716222e+00
   2.0800000e+03  -1.3809401e+00
   2.0900000e+03  -1.3909289e+00
   2.1000000e+03  -1.3950060e+00
   2.1100000e+03  -1.3994405e+00
   2.1200000e+03  -1.4069901e+00
   2.1300000e+03  -1.4026957e+00
   2.1400000e+03  -1.3983407e+00
   2.1500000e+03  -1.4185455e+00
   2.1600000e+03  -1.4203782e+00
   2.1700000e+03  -1.4124229e+00
   2.1800000e+03  -1.4265498e+00
   2.1900000e+03  -1.4165126e+00
   2.2000000e+03  -1.4104804e+00
   2.2100000e+03  -1.4180134e+00
   2.2200000e+03  -1.4220096e+00
   2.2300000e+03  -1.4393072e+00
   2.2400000e+03  -1.4403237e+00
   2.2500000e+03  -1.4376546e+00
   2.2600000e+03  -1.4537447e+00
   2.2700000e+03  -1.4484465e+00
   2.2800000e+03  -1.4576204e+00
   2.2900000e+03  -1.4621897e+00
   2.3000000e+03  -1.4694268e+00
   2.3100000e+03  -1.4659270e+00
   2.3200000e+03  -1.4657342e+00
   2.3300000e+03  -1.4684943e+00
   2.3400000e+03  -1.4768468e+00
   2.3500000e+03  -1.4709413e+00
   2.3600000e+03  -1.4881063e+00
   2.3700000e+03  -1.5059760e+00
   2.3800000e+03  -1.4999144e+00
   2.3900000e+03  -1.5079553e+00
   2.4000000e+03  -1.5092618e+00
   2.4100000e+03  -1.5200450e+00
   2.4200000e+03  -1.5324906e+00
   2.4300000e+03  -1.5408610e+00
   2.4400000e+03  -1.5264661e+00
   2.4500000e+03  -1.5183986e+00
   2.4600000e+03  -1.5208487e+00
   2.4700000e+03  -1.5368475e+00
   2.4800000e+03  -1.5330057e+00
   2.4900000e+03  -1.5516779e+00
   2.5000000e+03  -1.5455984e+00
   2.5100000e+03  -1.5408873e+00
   2.5200000e+03  -1.5498224e+00
   2.5300000e+03  -1.5379481e+00
   2.5400000e+03  -1.5761427e+00
   2.5500000e+03  -1.5513249e+00
   2.5600000e+03  -1.5559525e+00
   2.5700000e+03  -1.5589884e+00
   2.5800000e+03  -1.5790947e+00
   2.5900000e+03  -1.5857884e+00
   2.6000000e+03  -1.5859123e+00
   2.6100000e+03  -1.5866274e+00
   2.6200000e+03  -1.5958868e+00
   2.6300000e+03  -1.6029527e+00
   2.6400000e+03  -1.6227187e+00
   2.6500000e+03  -1.6272196e+00
   2.6600000e+03  -1.6256337e+00
   2.6700000e+03  -1.6182315e+00
   2.6800000e+03  -1.6075432e+00
   2.6900000e+03  -1.6234193e+00
   2.7000000e+03  -1.6314345e+00
   2.7100000e+03  -1.6297474e+00
   2.7200000e+03  -1.6302042e+00
   2.7300000e+03  -1.6211145e+00
   2.7400000e+03  -1.6317871e+00
   2.7500000e+03  -1.6421872e+00
   2.7600000e+03  -1.6476209e+00
   2.7700000e+03  -1.6575379e+00
   2.7800000e+03  -1.6460348e+00
   2.7900000e+03  -1.6382835e+00
   2.8000000e+03  -1.6308811e+00
   2.8100000e+03  -1.6366316e+00
   2.8200000e+03  -1.6322106e+00
   2.8300000e+03  -1.6361942e+00
   2.8400000e+03  -1.6406770e+00
   2.8500000e+03  -1.6441171e+00
   2.8600000e+03  -1.6434298e+00
   2.8700000e+03  -1.6536244e+00
   2.8800000e+03  -1.6448850e+00
   2.8900000e+03  -1.6313617e+00
   2.9000000e+03  -1.6472203e+00
   2.9100000e+03  -1.6559454e+00
   2.9200000e+03  -1.6639092e+00
   2.9300000e+03  -1.6503114e+00
   2.9400000e+03  -1.6562993e+00
   2.9500000e+03  -1.6646031e+00
   2.9600000e+03  -1.6424130e+00
   2.9700000e+03  -1.6401877e+00
   2.9800000e+03  -1.6422717e+00
   2.9900000e+03  -1.6296390e+00
   3.0000000e+03  -1.6254393e+00
   3.0100000e+03  -1.6295077e+00
   3.0200000e+03  -1.6475192e+00
   3.0300000e+03  -1.6254142e+00
   3.0400000e+03  -1.6246564e+00
   3.0500000e+03  -1.6130383e+00
   3.0600000e+03  -1.6287461e+00
   3.0700000e+03  -1.6140048e+00
   3.0800000e+03  -1.6130929e+00
   3.0900000e+03  -1.6250400e+00
   3.1000000e+03  -1.6399708e+00
   3.1100000e+03  -1.6211947e+00
   3.1200000e+03  -1.6252070e+00
   3.1300000e+03  -1.6074348e+00
   3.1400000e+03  -1.6038175e+00
   3.1500000e+03  -1.5915747e+00
   3.1600000e+03  -1.5879273e+00
   3.1700000e+03  -1.5856447e+00
   3.1800000e+03  -1.5850350e+00
   3.1900000e+03  -1.5932689e+00
   3.2000000e+03  -1.5859174e+00
   3.2100000e+03  -1.5910969e+00
   3.2200000e+03  -1.6037711e+00
   3.2300000e+03  -1.5957326e+00
   3.2400000e+03  -1.6026401e+00
   3.2500000e+03  -1.5973069e+00
   3.2600000e+03  -1.5967080e+00
   3.2700000e+03  -1.5936074e+00
   3.2800000e+03  -1.5946692e+00
   3.2900000e+03  -1.5913986e+00
   3.3000000e+03  -1.6051760e+00
   3.3100000e+03  -1.5945387e+00
   3.3200000e+03  -1.6055273e+00
   3.3300000e+03  -1.5946727e+00
   3.3400000e+03  -1.6143442e+00
   3.3500000e+03  -1.6142091e+00
   3.3600000e+03  -1.6206413e+00
   3.3700000e+03  -1.6233255e+00
   3.3800000e+03  -1.6247509e+00
   3.3900000e+03  -1.6248240e+00
   3.4000000e+03  -1.6270589e+00
   3.4100000e+03  -1.6289786e+00
   3.4200000e+03  -1.6297160e+00
   3.4300000e+03  -1.6369408e+00
   3.4400000e+03  -1.6193585e+00
   3.4500000e+03  -1.6235265e+00
   3.4600000e+03  -1.6233937e+00
   3.4700000e+03  -1.6230964e+00
   3.4800000e+03  -1.6285852e+00
   3.4900000e+03  -1.6313492e+00
   3.5000000e+03  -1.6260394e+00
   3.5100000e+03  -1.6278881e+00
   3.5200000e+03  -1.6434032e+00
   3.5300000e+03  -1.6494234e+00
   3.5400000e+03  -1.6370784e+00
   3.5500000e+03  -1.6311051e+00
   3.5600000e+03  -1.6333454e+00
   3.5700000e+03  -1.6354314e+00
   3.5800000e+03  -1.6304245e+00
   3.5900000e+03  -1.6388451e+00
   3.6000000e+03  -1.6606104e+00
   3.6100000e+03  -1.6406125e+00
   3.6200000e+03  -1.6257333e+00
   3.6300000e+03  -1.6331677e+00
   3.6400000e+03  -1.6211724e+00
   3.6500000e+03  -1.6178276e+00
   3.6600000e+03  -1.6073335e+00
   3.6700000e+03  -1.6234320e+00
